Time	[76:0]	[76:1]	[76:2]	[76:4]	[76:8]	[76:70]	[76:71]	[78:0]	[78:1]	[78:2]	[79:2]	[79:3]	[79:4]	[79:8]	[79:9]	[79:10]	[79:11]	[79:12]	[79:13]	[79:14]	[79.0]	[79.1]	[79.2]	[79.3]	[79.4]	[79.5]	[79.6]	[79.8]
time	Hoogteverstelling - Referentie positie (mm)	Hoogteverstelling - AZ gemeten positie (mm)	Hoogteverstelling - BZ gemeten positie (mm)	Transfert Ingang - Gemeten positie (mm)	Transfert Uitgang - Gemeten positie (mm)	Aardgas - actueel debiet	Stappenschakelaar - gemeten pos	Laspos Ing - positie discreet	Laspos Uitg - positie discreet	Schaafverstelling - positie discreet	Stuikraam - Totale Stroommeting RMS-waarde (A)	Stuikraam - Stroomreferentie (A)	Stuikraam - Positie AZ (mm, pulsgever)	Stuikraam - Referentie Servo-ventiel (%)	Stuikraam - Trim door I-regelaar (%)	Stuikraam - Gemeten snelheid (mm/s, pulsgever)	Secundaire lasspanning	Stuikraam - Druk stuikcilinder voorkamer (=laszijde)  (bar)	Stuikraam - Druk stuikcilinder terugloopkamer  (bar)	Stuikraam - Netto voorwaartse kracht op stuikraam (kN)	Stuikraam - P1	Stuikraam - P2	Stuikraam - P3	Stuikraam - P4	Stuikraam - P5	Stuikraam - P6	Stuikraam - P7	Stuikraam - Openen stuikventielen	

Lasparameter.Ingang - Coil ID	0300432S
Lasparameter.Ingang - Dikte (um)	3980
Lasparameter.Ingang - Breedte (mm)	1094
Lasparameter.Ingang - Materiaal	0001
Lasparameter.Uitgang - Coil ID	0290396S
Lasparameter.Uitgang - Dikte (um)	4230
Lasparameter.Uitgang - Breedte (mm)	1096
Lasparameter.Uitgang - Materiaal	0001
Lasparameter.P2 (mm)	24.0
Lasparameter.P3 (mm)	34.0
Lasparameter.P4 (mm)	42.2
Lasparameter.P5 (mm)	51.0
Lasparameter.P6 (mm)	57.7
Lasparameter.P7 (mm)	62.2
Lasparameter.Vonksnelheid (mm/s)	1.20
Lasparameter.Lassnelheid (mm/s)	0.48
Lasparameter.Stroom Referentie (A)	0290
Lasparameter.Stroomtoename (µA/s2)	58.6
Lasparameter.Stuikstroomtijd (per)	0009
Lasparameter.Afkoeltijd Stuik (per)	0010
Lasparameter.Stuikdruk (bar)	0102
Lasparameter.Stuiksnelheid (%)	90.0

25.07.2015 06:31:52.245000	0.125	0.120091	0.118437	-0.0234375	-12.5352	-0.00379774	6	4	4	4	0.275932	290	0	0	0	0	0.388021	3.01877	120.613	-450.243	1	0	0	0	0	0	0	0
25.07.2015 06:31:52.345000	0.125	0.120091	0.118437	-0.0234375	-27.0273	-0.00488281	6	4	4	4	0.266574	290	0	0	0	0	0.387153	2.60311	120.563	-451.644	1	0	0	0	0	0	0	0
25.07.2015 06:31:52.445000	0.125	0.120091	0.118437	-0.0182292	-48.2292	-0.00470197	6	4	4	4	0.279989	290	0	0	0	0	0.387731	3.24809	120.555	-449.146	1	0	0	0	0	0	0	0
25.07.2015 06:31:52.545000	0.125	0.120091	0.118437	-0.015625	-83.5859	-0.00488281	6	4	4	4	0.285693	290	0	0	0	0	0.387449	5.0734	120.595	-442.308	1	0	0	0	0	0	0	0
25.07.2015 06:31:52.645000	0.125	0.120091	0.118437	-0.0130208	-114.206	-0.00470197	6	4	4	4	0.253431	290	0	0	0	0	0.388303	5.61901	120.61	-440.279	1	0	0	0	0	0	0	0
25.07.2015 06:31:52.745000	0.125	0.120091	0.118437	-0.015625	-148.012	-0.00488281	6	4	4	4	0.271029	290	0	0	0	0	0.388014	3.88202	120.535	-446.641	1	0	0	0	0	0	0	0
25.07.2015 06:31:52.845000	0.125	0.120091	0.118437	0	-185.664	-0.0036169	6	4	4	4	0.275456	290	0	0	0	0	0.385532	4.65609	120.526	-443.643	1	0	0	0	0	0	0	0
25.07.2015 06:31:52.945000	0.125	0.120091	0.118437	0	-234.402	-0.00379774	6	4	4	4	0.267269	290	0	0	0	0	0.383521	6.82388	120.602	-435.635	1	0	0	0	0	0	0	0
25.07.2015 06:31:53.045000	0.125	0.120091	0.118437	0.00260417	-269.482	-0.00325521	6	4	4	4	0.265709	290	0	0	0	0	0.381192	4.34248	120.524	-444.836	1	0	0	0	0	0	0	0
25.07.2015 06:31:53.145000	0.125	0.120091	0.118437	0.00390625	-308.246	-0.00379774	6	4	4	4	0.27094	290	0	0	0	0	0.378588	3.18217	120.438	-448.95	1	0	0	0	0	0	0	0
25.07.2015 06:31:53.245000	0.125	0.120091	0.118437	0.00260417	-353.763	-0.00470197	6	4	4	4	0.256669	290	0	0	0	0	0.375846	4.17096	120.446	-445.195	1	0	0	0	0	0	0	0
25.07.2015 06:31:53.345000	0.125	0.120091	0.118437	0	-404.918	-0.00542535	6	4	4	4	0.264676	290	0	0	0	0	0.374696	6.06952	120.483	-438.068	1	0	0	0	0	0	0	0
25.07.2015 06:31:53.445000	0.125	0.120091	0.118437	0	-444.81	-0.00470197	6	4	4	4	0.277503	290	0	0	0	0	0.372823	6.43458	120.503	-436.744	1	0	0	0	0	0	0	0
25.07.2015 06:31:53.545000	0.125	0.120091	0.118437	0	-484.414	-0.00596788	6	4	4	4	0.265227	290	0	0	0	0	0.372244	2.93387	120.344	-449.54	1	0	0	0	0	0	0	0
25.07.2015 06:31:53.645000	0.125	0.120091	0.118437	0.00520833	-534.974	-0.00651042	6	4	4	4	0.279663	290	0	0	0	0	0.371376	4.28486	120.354	-444.405	1	0	0	0	0	0	0	0
25.07.2015 06:31:53.745000	0.125	0.120091	0.118437	0.0078125	-575.711	-0.00488281	6	4	4	4	0.267995	290	0	0	0	0	0.371094	5.09714	120.365	-441.338	1	0	0	0	0	0	0	0
25.07.2015 06:31:53.845000	0.125	0.120091	0.118437	0.00520833	-603.508	-0.00470197	6	4	4	4	0.2574	290	0	0	0	0	0.370956	4.61354	120.317	-443.004	1	0	0	0	0	0	0	0
25.07.2015 06:31:53.945000	0.125	0.120091	0.118437	0.00390625	-626.094	-0.00488281	6	4	4	4	0.243298	290	0	0	0	0	0.371832	4.70345	120.316	-442.657	1	0	0	0	0	0	0	0
25.07.2015 06:31:54.045000	0.125	0.120091	0.118437	0.0104167	-648.911	-0.00434028	6	4	4	4	0.261976	290	0	0	0	0	0.374298	6.04981	120.328	-437.547	1	0	0	0	0	0	0	0
25.07.2015 06:31:54.145000	0.125	0.120091	0.118437	0.0078125	-660.496	-0.00434028	6	4	4	4	0.245808	290	0	0	0	0	0.375448	4.38795	120.259	-443.647	1	0	0	0	0	0	0	0
25.07.2015 06:31:54.245000	0.125	0.120091	0.118437	0.0078125	-667.328	-0.00470197	6	4	4	4	0.252876	290	0	0	0	0	0.378205	5.37638	120.264	-439.88	1	0	0	0	0	0	0	0
25.07.2015 06:31:54.345000	0.125	0.120091	0.118437	0.0117188	-671	-0.00434028	6	4	4	4	0.256321	290	0	0	0	0	0.378472	5.32688	120.249	-440.014	1	0	0	0	0	0	0	0
25.07.2015 06:31:54.445000	0.125	0.120091	0.118437	0.0078125	-671.781	-0.00506366	6	4	4	4	0.267639	290	0	0	0	0	0.379051	3.74071	120.174	-445.803	1	0	0	0	0	0	0	0
25.07.2015 06:31:54.545000	0.125	0.120091	0.118437	-0.0078125	-671.871	-0.00434028	6	4	4	4	0.25094	290	0	0	0	0	0.378762	2.74044	120.12	-449.422	1	0	0	0	0	0	0	0
25.07.2015 06:31:54.645000	0.125	0.120091	0.118437	0.135417	-671.875	-0.00434028	6	4	4	4	0.250254	290	0	0	0	0	0.379188	3.51164	120.114	-446.445	1	0	0	0	0	0	0	0
25.07.2015 06:31:54.745000	0.125	0.120091	0.118437	1.02344	-671.871	-0.00488281	6	4	4	4	0.22704	290	0	0	0	0	0.378928	5.96814	120.178	-437.287	1	0	0	0	0	0	0	0
25.07.2015 06:31:54.845000	0.125	0.120091	0.118437	8.6849	-671.867	-0.00397859	6	4	4	4	0.24704	290	0	0	0	0	0.380498	4.33314	120.117	-443.312	1	0	0	0	0	0	0	0
25.07.2015 06:31:54.945000	0.125	0.120091	0.118437	24.0977	-671.871	-0.00379774	6	4	4	4	0.252129	290	0	0	0	0	0.379333	4.48701	120.091	-442.618	1	0	0	0	0	0	0	0
25.07.2015 06:31:55.045000	0.125	0.120091	0.118437	43.1432	-671.875	-0.00434028	6	4	4	4	0.230508	290	0	0	0	0	0.378574	5.16406	120.088	-440.066	1	0	0	0	0	0	0	0
25.07.2015 06:31:55.145000	0.125	0.120091	0.118437	76.8633	-671.875	-0.00488281	6	4	4	4	0.238725	290	0	0	0	0	0.376895	4.72579	120.054	-441.56	1	0	0	0	0	0	0	0
25.07.2015 06:31:55.245000	0.125	0.120091	0.118437	105.966	-671.875	-0.0036169	6	4	4	4	0.239823	290	0	0	0	0	0.376548	4.26466	120.024	-443.221	1	0	0	0	0	0	0	0
25.07.2015 06:31:55.345000	0.125	0.120091	0.118437	139.121	-671.875	-0.00434028	6	4	4	4	0.24179	290	0	0	0	0	0.375116	4.99295	120.021	-440.42	1	0	0	0	0	0	0	0
25.07.2015 06:31:55.445000	0.125	0.120091	0.118437	183.255	-671.875	-0.00434028	6	4	4	4	0.237497	290	0	0	0	0	0.373539	4.46944	119.987	-442.292	1	0	0	0	0	0	0	0
25.07.2015 06:31:55.545000	0.125	0.120091	0.118437	236.711	-671.875	-0.00705295	6	4	4	4	0.249584	290	0	0	0	0	0.373872	4.78347	119.973	-441.038	1	0	0	0	0	0	0	0
25.07.2015 06:31:55.645000	0.125	0.120091	0.118437	279.448	-671.875	-0.00325521	6	4	4	4	0.237118	290	0	0	0	0	0.374262	4.83108	119.952	-440.775	1	0	0	0	0	0	0	0
25.07.2015 06:31:55.745000	0.125	0.120091	0.118437	321.914	-671.875	-0.00434028	6	4	4	4	0.246601	290	0	0	0	0	0.376678	4.47511	119.947	-442.119	1	0	0	0	0	0	0	0
25.07.2015 06:31:55.845000	0.125	0.120091	0.118437	376.065	-671.88	-0.00289352	6	4	4	4	0.218139	290	0	0	0	0	0.379094	4.83053	120.071	-441.232	1	0	0	0	0	0	0	0
25.07.2015 06:31:55.945000	0.125	0.120091	0.118437	424.367	-671.883	-0.0016276	6	4	4	4	0.265573	290	0	0	0	0	0.38138	4.53981	120.249	-443.028	1	0	0	0	0	0	0	0
25.07.2015 06:31:56.045000	0.125	0.120091	0.118437	463.195	-671.883	-0.00180845	6	4	4	4	0.232076	290	0	0	0	0	0.381988	4.50099	120.459	-443.98	1	0	0	0	0	0	0	0
25.07.2015 06:31:56.145000	0.125	0.120091	0.118437	491.625	-671.887	-0.00108507	6	4	4	4	0.24957	290	0	0	0	0	0.38397	3.87158	121.251	-449.422	1	0	0	0	0	0	0	0
25.07.2015 06:31:56.245000	0.125	0.120091	0.118437	513.026	-671.888	-0.00108507	6	4	4	4	0.236042	290	0	0	0	0	0.384288	4.09241	122.083	-451.764	1	0	0	0	0	0	0	0
25.07.2015 06:31:56.345000	0.125	0.120091	0.118437	528.164	-671.891	-0.0016276	6	4	4	4	0.223039	290	0	0	0	0	0.385417	4.85263	122.083	-448.853	1	0	0	0	0	0	0	0
25.07.2015 06:31:56.445000	0.125	0.120091	0.118437	544.552	-671.891	-0.00072338	6	4	4	4	0.222981	290	0	0	0	0	0.385446	4.41389	122.4	-451.744	1	0	0	0	0	0	0	0
25.07.2015 06:31:56.545000	0.125	0.120091	0.118437	560.004	-671.891	-0.00108507	6	4	4	4	0.23193	290	0	0	0	0	0.386589	4.1612	122.825	-454.341	1	0	0	0	0	0	0	0
25.07.2015 06:31:56.645000	0.125	0.120091	0.118437	581.987	-671.891	0	6	4	4	4	0.25318	290	0	0	0	0	0.387616	4.65725	123.067	-453.367	1	0	0	0	0	0	0	0
25.07.2015 06:31:56.745000	0.125	0.120091	0.118437	597.203	-671.891	-0.00108507	6	4	4	4	0.231819	290	0	0	0	0	0.388166	4.46046	123.302	-455.021	1	0	0	0	0	0	0	0
25.07.2015 06:31:56.845000	0.125	0.120091	0.118437	611.661	-671.891	-0.00108507	6	4	4	4	0.243346	290	0	0	0	0	0.388903	4.32057	123.543	-456.478	1	0	0	0	0	0	0	0
25.07.2015 06:31:56.945000	0.125	0.120091	0.118437	629.367	-671.891	-0.00217014	6	4	4	4	0.242243	290	0	0	0	0	0.389178	4.40327	123.775	-457.051	1	0	0	0	0	0	0	0
25.07.2015 06:31:57.045000	0.125	0.120091	0.118437	646.206	-671.891	-0.00253183	6	4	4	4	0.233677	290	0	0	0	0	0.389916	4.48109	124	-457.615	1	0	0	0	0	0	0	0
25.07.2015 06:31:57.145000	0.125	0.120091	0.118437	659.441	-671.891	-0.00379774	6	4	4	4	0.257406	290	0	0	0	0	0.389323	4.39711	124.227	-458.806	1	0	0	0	0	0	0	0
25.07.2015 06:31:57.245000	0.125	0.120091	0.118437	672.031	-671.891	-0.00325521	6	4	4	4	0.250523	290	0	0	0	0	0.389742	4.36641	124.279	-459.123	1	0	0	0	0	0	0	0
25.07.2015 06:31:57.345000	0.125	0.120091	0.118437	688.121	-671.898	-0.0016276	6	4	4	4	0.251624	290	0	0	0	0	0.389193	4.43916	124.481	-459.618	1	0	0	0	0	0	0	0
25.07.2015 06:31:57.445000	0.125	0.120091	0.118437	697.654	-671.896	-0.00217014	6	4	4	4	0.247336	290	0	0	0	0	0.389742	4.35633	125.062	-462.159	1	0	0	0	0	0	0	0
25.07.2015 06:31:57.545000	0.125	0.120091	0.118437	704.871	-671.898	-0.00108507	6	4	4	4	0.253861	290	0	0	0	0	0.389193	4.31251	125.087	-462.421	1	0	0	0	0	0	0	0
25.07.2015 06:31:57.645000	0.125	0.120091	0.118437	709.32	-671.898	0.00036169	6	4	4	4	0.25314	290	0	0	0	0	0.389453	4.28071	125.168	-462.851	1	0	0	0	0	0	0	0
25.07.2015 06:31:57.745000	0.125	0.120091	0.118437	710.688	-671.898	-0.00108507	6	4	4	4	0.264475	290	0	0	0	0	0.390075	4.38887	125.283	-462.881	1	0	0	0	0	0	0	0
25.07.2015 06:31:57.845000	0.125	0.120091	0.118437	711.107	-671.898	0	6	4	4	4	0.251541	290	0	0	0	0	0.390466	4.34394	125.488	-463.835	1	0	0	0	0	0	0	0
25.07.2015 06:31:57.945000	0.125	0.120091	0.118437	711.109	-671.898	-0.000542535	6	4	4	4	0.270972	290	0	0	0	0	0.390191	4.378	125.744	-464.685	1	0	0	0	0	0	0	0
25.07.2015 06:31:58.045000	0.125	0.120091	0.118437	711.109	-671.898	-0.00253183	6	4	4	4	0.260468	290	0	0	0	0	0.389612	4.72164	125.951	-464.163	1	0	0	0	0	0	0	0
25.07.2015 06:31:58.145000	0.125	0.120091	0.118437	711.109	-671.898	-0.00325521	6	4	4	4	0.256823	290	0	0	0	0	0.389887	4.99423	126.121	-463.77	1	0	0	0	0	0	0	0
25.07.2015 06:31:58.245000	0.125	0.120091	0.118437	711.109	-671.898	-0.00180845	6	4	4	4	0.263222	290	0	0	0	0	0.38873	4.19794	126.231	-467.239	1	0	0	0	0	0	0	0
25.07.2015 06:31:58.345000	0.125	0.120091	0.118437	711.109	-671.898	-0.00325521	6	4	4	4	0.239331	290	0	0	0	0	0.388426	4.37825	126.375	-467.1	1	0	0	0	0	0	0	0
25.07.2015 06:31:58.445000	0.125	0.120091	0.118437	711.109	-671.898	-0.0036169	6	4	4	4	0.245037	290	0	0	0	0	0.387008	4.61611	126.507	-466.697	1	0	0	0	0	0	0	0
25.07.2015 06:31:58.545000	0.125	0.120091	0.118437	711.109	-671.898	-0.00271267	6	4	4	4	0.244122	290	0	0	0	0	0.385185	4.31532	126.638	-468.351	1	0	0	0	0	0	0	0
25.07.2015 06:31:58.645000	0.125	0.120091	0.118437	711.109	-671.898	-0.0036169	6	4	4	4	0.253098	290	0	0	0	0	0.38206	4.46431	126.787	-468.348	1	0	0	0	0	0	0	0
25.07.2015 06:31:58.745000	0.125	0.120091	0.118437	711.109	-671.898	-0.00325521	6	4	4	4	0.269645	290	0	0	0	0	0.379398	4.54097	126.847	-468.287	1	0	0	0	0	0	0	0
25.07.2015 06:31:58.845000	0.125	0.120091	0.118437	711.109	-671.898	-0.00180845	6	4	4	4	0.253591	290	0	0	0	0	0.376722	4.52413	126.83	-468.284	1	0	0	0	0	0	0	0
25.07.2015 06:31:58.945000	0.125	0.120091	0.118437	711.109	-671.902	-0.00217014	6	4	4	4	0.257466	290	0	0	0	0	0.374957	4.44227	127.126	-469.731	1	0	0	0	0	0	0	0
25.07.2015 06:31:59.045000	0.125	0.120091	0.118437	711.109	-671.901	-0.00325521	6	4	4	4	0.248343	290	0	0	0	0	0.373828	4.46754	127.427	-470.788	1	0	0	0	0	0	0	0
25.07.2015 06:31:59.145000	0.125	0.120091	0.118437	711.109	-671.898	-0.00434028	6	4	4	4	0.27492	290	0	0	0	0	0.372078	4.50929	127.403	-470.535	1	0	0	0	0	0	0	0
25.07.2015 06:31:59.245000	0.125	0.120091	0.118437	711.109	-671.898	-0.00506366	6	4	4	4	0.283972	290	0	0	0	0	0.371658	4.46004	127.405	-470.732	1	0	0	0	0	0	0	0
25.07.2015 06:31:59.345000	0.125	0.120091	0.118437	711.109	-671.902	-0.00434028	6	4	4	4	0.282445	290	0	0	0	0	0.370226	4.57772	127.368	-470.138	1	0	0	0	0	0	0	0
25.07.2015 06:31:59.445000	0.125	0.120091	0.118437	711.115	-671.904	-0.00651042	6	4	4	4	0.261784	290	0	0	0	0	0.371253	3.91144	127.358	-472.651	1	0	0	0	0	0	0	0
25.07.2015 06:31:59.545000	0.125	0.120091	0.118437	711.125	-671.906	-0.00596788	6	4	4	4	0.2701	290	0	0	0	0	0.371253	4.26106	126.054	-466.321	1	0	0	0	0	0	0	0
25.07.2015 06:31:59.645000	0.125	0.120091	0.118437	711.125	-671.906	-0.00651042	6	4	4	4	0.28987	290	0	0	0	0	0.372381	4.6766	127.138	-468.88	1	0	0	0	0	0	0	0
25.07.2015 06:31:59.745000	0.125	0.120091	0.118437	711.125	-671.906	-0.00542535	6	4	4	4	0.26807	290	0	0	0	0	0.372425	5.85919	127.977	-467.566	1	0	0	0	0	0	0	0
25.07.2015 06:31:59.845000	0.125	0.120091	0.118437	711.133	-671.904	-0.00687211	6	4	4	4	0.263841	290	0	0	0	0	0.373105	4.57204	127.766	-471.685	1	0	0	0	0	0	0	0
25.07.2015 06:31:59.945000	0.125	0.120091	0.118437	711.137	-671.906	-0.00651042	6	4	4	4	0.260413	290	0	0	0	0	0.372859	4.63833	127.123	-468.968	1	0	0	0	0	0	0	0
25.07.2015 06:32:00.045000	0.125	0.120091	0.118437	711.133	-671.904	-0.00651042	6	4	4	4	0.273743	290	0	0	0	0	0.37338	5.23276	126.703	-465.085	1	0	0	0	0	0	0	0
25.07.2015 06:32:00.145000	0.125	0.120091	0.118437	711.133	-671.902	-0.00705295	6	4	4	4	0.255515	290	0	0	0	0	0.37283	4.8273	126.521	-465.941	1	0	0	0	0	0	0	0
25.07.2015 06:32:00.245000	0.125	0.120091	0.118437	711.13	-671.906	-0.00470197	6	4	4	4	0.261222	290	0	0	0	0	0.372381	4.81075	126.439	-465.692	1	0	0	0	0	0	0	0
25.07.2015 06:32:00.345000	0.125	0.120091	0.118437	711.133	-671.902	-0.00488281	6	4	4	4	0.262377	290	0	0	0	0	0.372396	4.84866	126.234	-464.76	1	0	0	0	0	0	0	0
25.07.2015 06:32:00.445000	0.125	0.120091	0.118437	711.133	-671.906	-0.00434028	6	4	4	4	0.2446	290	0	0	0	0	0.371369	5.1229	126.304	-463.979	1	0	0	0	0	0	0	0
25.07.2015 06:32:00.545000	0.125	0.120091	0.118437	711.133	-671.902	-0.00325521	6	4	4	4	0.251771	290	0	0	0	0	0.371658	4.8594	126.296	-464.957	1	0	0	0	0	0	0	0
25.07.2015 06:32:00.645000	0.125	0.120091	0.118437	711.133	-671.906	-0.00289352	6	4	4	4	0.265059	290	0	0	0	0	0.37037	4.77145	125.984	-464.1	1	0	0	0	0	0	0	0
25.07.2015 06:32:00.745000	0.125	0.120091	0.118437	711.133	-671.906	-0.00379774	6	4	4	4	0.277893	290	0	0	0	0	0.371238	4.26838	125.933	-465.828	1	0	0	0	0	0	0	0
25.07.2015 06:32:00.845000	0.125	0.120091	0.118437	711.133	-671.906	-0.00325521	6	4	4	4	0.269969	290	0	0	0	0	0.37037	6.28584	119.935	-435.141	1	0	0	0	0	0	0	0
25.07.2015 06:32:00.945000	0.125	0.120091	0.118437	711.109	-671.906	-0.00325521	6	4	4	4	0.278746	290	0.0716283	0	0	0.0352386	0.370949	69.3445	102.124	-125.508	1	0	0	0	0	0	0	0
25.07.2015 06:32:01.045000	0.125	0.120091	0.118437	708.654	-671.901	-0.0036169	6	4	4	4	0.285645	290	1.57632	0	0	24.2928	0.370819	112.824	82.8078	114.928	1	0	0	0	0	0	0	0
25.07.2015 06:32:01.145000	0.125	0.120091	0.118437	698.449	-671.898	-0.00325521	6	4	4	4	0.292497	290	4.80407	0	0	34.1765	0.371079	109.331	82.6571	102.13	1	0	0	0	0	0	0	0
25.07.2015 06:32:01.245000	0.125	0.120091	0.118437	683.674	-671.898	-0.00180845	6	4	4	4	0.295637	290	8.25019	0	0	34.9099	0.369922	110.004	83.7953	100.349	1	0	0	0	0	0	0	0
25.07.2015 06:32:01.345000	0.125	0.120091	0.118437	665.59	-671.902	-0.00108507	6	4	4	4	0.262943	290	11.7446	0	0	35.1379	0.36875	113.044	87.098	99.3406	1	0	0	0	0	0	0	0
25.07.2015 06:32:01.445000	0.125	0.120091	0.118437	631.898	-671.906	-0.00325521	6	4	4	4	0.264941	290	15.223	0	0	34.6894	0.368808	116.482	90.5833	99.1618	1	0	0	0	0	0	0	0
25.07.2015 06:32:01.545000	0.125	0.120091	0.118437	605.094	-671.906	-0.00325521	6	4	4	4	0.246388	290	18.6701	0	0	34.5969	0.368764	118.345	92.6345	98.4413	1	0	0	0	0	0	0	0
25.07.2015 06:32:01.645000	0.125	0.120091	0.118437	573.398	-671.909	-0.0036169	6	4	4	4	0.232995	290	22.0988	0	0	34.2887	0.369372	118.571	93.01	97.8673	1	0	0	0	0	0	0	0
25.07.2015 06:32:01.745000	0.125	0.120091	0.118437	529.598	-671.914	-0.00325521	6	4	4	4	0.228002	290	25.9394	41.5	0	47.1809	0.369083	112.745	83.425	112.259	1	0.94	0	0	0	0	0	0
25.07.2015 06:32:01.845000	0.125	0.120091	0.118437	482.18	-671.914	-0.00325521	6	4	4	4	0.241514	290	30.2217	50	0	31.217	0.370978	98.9001	80.5416	70.2911	1	1	0	0	0	0	0	0
25.07.2015 06:32:01.945000	0.125	0.120091	0.118437	443.793	-671.914	-0.00379774	6	4	4	4	0.232821	290	31.9099	45.5351	0	13.4265	0.372164	74.1796	49.9133	92.9108	1	1	0	0	0	0	0	0
25.07.2015 06:32:02.045000	0.125	0.120091	0.118437	407.159	-671.932	-0.00542535	6	4	4	4	0.242657	290	32.952	35.5502	0	9.55508	0.374711	56.8192	32.2416	94.1027	1	1	0	0	0	0	0	0
25.07.2015 06:32:02.145000	0.125	0.120091	0.118437	359.098	-671.941	-0.00434028	6	4	4	4	0.272659	290	33.7121	25.5503	0	7.21302	0.374436	50.0231	25.4327	94.1518	1	1	0	0	0	0	0	0
25.07.2015 06:32:02.245000	0.125	0.120091	0.118437	326.688	-671.935	-0.0036169	6	4	4	4	48.5066	290	34.1806	9.94043	0	5.2288	0.415061	46.0004	21.6503	93.2319	1	1	1	0	0	0	0	0
25.07.2015 06:32:02.345000	0.125	0.120091	0.118437	296.195	-671.934	-0.00434028	6	4	4	4	82.1199	290	34.3393	5.2328	0	4.36896	5.7765	44.5678	19.6432	95.4313	1	1	1	0	0	0	0	0
25.07.2015 06:32:02.445000	0.125	0.120091	0.118437	265.148	-671.938	-0.00578704	6	4	4	4	82.3801	290	34.4781	5.2328	0	1.59459	10.7691	44.0438	18.6992	97.0393	1	1	1	0	0	0	0	0
25.07.2015 06:32:02.545000	0.125	0.120091	0.118437	236.461	-671.945	-0.00813802	6	4	4	4	82.5723	290	34.6094	5.2328	0	1.5318	11.5474	43.0775	18.2185	95.1803	1	1	1	0	0	0	0	0
25.07.2015 06:32:02.645000	0.125	0.120091	0.118437	220.992	-671.945	-0.0108507	6	4	4	4	82.4691	290	34.7308	5.2328	0	1.29559	11.8058	43.7367	17.831	99.1875	1	1	1	0	0	0	0	0
25.07.2015 06:32:02.745000	0.125	0.120091	0.118437	203.828	-671.945	-0.0113932	6	4	4	4	82.6483	290	34.8626	5.2328	0	1.28654	11.8971	42.3339	17.3708	95.5785	1	1	1	0	0	0	0	0
25.07.2015 06:32:02.845000	0.125	0.120091	0.118437	181.732	-671.945	-0.00976563	6	4	4	4	82.4839	290	34.981	5.2328	0	1.25625	11.9163	41.7844	17.1034	94.4983	1	1	1	0	0	0	0	0
25.07.2015 06:32:02.945000	0.125	0.120091	0.118437	162.801	-671.945	-0.00651042	6	4	4	4	82.3632	290	35.1088	5.2328	0	1.24925	11.9256	41.6258	16.9413	94.5119	1	1	1	0	0	0	0	0
25.07.2015 06:32:03.045000	0.125	0.120091	0.118437	147.674	-671.945	-0.00434028	6	4	4	4	82.4402	290	35.2272	5.2328	0	1.21942	11.9291	42.8075	16.8111	99.535	1	1	1	0	0	0	0	0
25.07.2015 06:32:03.145000	0.125	0.120091	0.118437	137.754	-671.953	-0.00271267	6	4	4	4	82.4782	290	35.3521	5.2328	0	1.22267	11.9325	42.0067	16.6317	97.1555	1	1	1	0	0	0	0	0
25.07.2015 06:32:03.245000	0.125	0.120091	0.118437	130.576	-671.953	-0.00144676	6	4	4	4	82.3745	290	35.4694	5.2328	0	1.2375	11.9364	42.12	16.5751	97.8064	1	1	1	0	0	0	0	0
25.07.2015 06:32:03.345000	0.125	0.120091	0.118437	126.355	-671.953	-0.00108507	6	4	4	4	82.4459	290	35.5923	5.2328	0	1.23357	11.9349	41.7692	16.611	96.3256	1	1	1	0	0	0	0	0
25.07.2015 06:32:03.445000	0.125	0.120091	0.118437	125.664	-671.953	0.00072338	6	4	4	4	82.3819	290	35.7142	5.2328	0	1.2018	11.9434	41.8464	16.6153	96.6049	1	1	1	0	0	0	0	0
25.07.2015 06:32:03.545000	0.125	0.120091	0.118437	127.621	-671.965	0.00108507	6	4	4	4	82.2477	290	35.8291	5.2328	0	1.2018	11.9393	41.8512	16.4493	97.2588	1	1	1	0	0	0	0	0
25.07.2015 06:32:03.645000	0.125	0.120091	0.118437	127.901	-671.984	0.00180845	6	4	4	4	82.3328	290	35.9514	5.2328	0	1.20176	11.9392	41.6326	16.4436	96.4439	1	1	1	0	0	0	0	0
25.07.2015 06:32:03.745000	0.125	0.120091	0.118437	127.938	-671.984	0	6	4	4	4	82.385	290	36.0688	5.2328	0	1.20176	11.9388	41.9883	16.4455	97.7982	1	1	1	0	0	0	0	0
25.07.2015 06:32:03.845000	0.125	0.120091	0.118437	127.94	-671.987	-0.00108507	6	4	4	4	82.2722	290	36.1877	5.2328	0	1.18055	11.9509	41.6993	16.4406	96.7108	1	1	1	0	0	0	0	0
25.07.2015 06:32:03.945000	0.125	0.120091	0.118437	127.941	-671.984	0	6	4	4	4	82.2203	290	36.3066	5.2328	0	1.17896	11.954	41.7177	16.4256	96.8384	1	1	1	0	0	0	0	0
25.07.2015 06:32:04.045000	0.125	0.120091	0.118437	127.943	-671.984	0	6	4	4	4	82.2766	290	36.423	5.2328	0	1.17894	11.9492	41.5271	16.4253	96.1099	1	1	1	0	0	0	0	0
25.07.2015 06:32:04.145000	0.125	0.120091	0.118437	127.941	-671.992	0	6	4	4	4	82.2254	290	36.5474	5.2328	0	1.17894	11.9529	41.7654	16.437	96.9772	1	1	1	0	0	0	0	0
25.07.2015 06:32:04.245000	0.125	0.120091	0.118437	127.943	-671.992	-0.00253183	6	4	4	4	82.2934	290	36.6652	5.2328	0	1.20552	11.9513	41.7277	16.4406	96.8194	1	1	1	0	0	0	0	0
25.07.2015 06:32:04.345000	0.125	0.120091	0.118437	127.938	-671.992	-0.00379774	6	4	4	4	82.204	290	36.7851	5.2328	0	1.21345	11.9571	41.7977	16.4541	97.0356	1	1	1	0	0	0	0	0
25.07.2015 06:32:04.445000	0.125	0.120091	0.118437	127.943	-671.995	-0.00397859	6	4	4	4	82.2236	290	36.906	5.2328	0	1.20133	11.9586	41.6846	16.4398	96.6572	1	1	1	0	0	0	0	0
25.07.2015 06:32:04.545000	0.125	0.120091	0.118437	127.941	-672	-0.00217014	6	4	4	4	82.3868	290	37.0229	5.2328	0	1.19588	11.9576	41.8615	16.4506	97.2934	1	1	1	0	0	0	0	0
25.07.2015 06:32:04.645000	0.125	0.120091	0.118437	127.945	-672	-0.00144676	6	4	4	4	82.491	290	37.1462	5.2328	0	1.1925	11.9635	41.8563	16.4657	97.2153	1	1	1	0	0	0	0	0
25.07.2015 06:32:04.745000	0.125	0.120091	0.118437	127.941	-672	-0.00108507	6	4	4	4	82.4436	290	37.2636	5.2328	0	1.19024	11.9625	41.8387	16.4663	97.1457	1	1	1	0	0	0	0	0
25.07.2015 06:32:04.845000	0.125	0.120091	0.118437	127.945	-672	-0.00144676	6	4	4	4	82.4635	290	37.384	5.2328	0	1.19319	11.9627	41.8135	16.4658	97.051	1	1	1	0	0	0	0	0
25.07.2015 06:32:04.945000	0.125	0.120091	0.118437	127.941	-672	0	6	4	4	4	82.4432	290	37.5049	5.2328	0	1.19591	11.967	41.7203	16.4768	96.6521	1	1	1	0	0	0	0	0
25.07.2015 06:32:05.045000	0.125	0.120091	0.118437	127.945	-672	0.00072338	6	4	4	4	82.5652	290	37.6253	5.2328	0	1.20715	11.9564	41.5276	16.5069	95.7996	1	1	1	0	0	0	0	0
25.07.2015 06:32:05.145000	0.125	0.120091	0.118437	127.945	-672	0.000542535	6	4	4	4	82.8255	290	37.7481	5.2328	0	1.21934	11.9568	41.7992	16.5307	96.7484	1	1	1	0	0	0	0	0
25.07.2015 06:32:05.245000	0.125	0.120091	0.118437	127.945	-672	0.00108507	6	4	4	4	82.8146	290	37.866	5.2328	0	1.21438	11.96	41.7414	16.539	96.4951	1	1	1	0	0	0	0	0
25.07.2015 06:32:05.345000	0.125	0.120091	0.118437	127.945	-672.008	-0.0016276	6	4	4	4	83.9841	290	37.9914	5.2328	0	1.20753	11.9577	41.7544	16.5414	96.5355	1	1	1	0	0	0	0	0
25.07.2015 06:32:05.445000	0.125	0.120091	0.118437	127.943	-672.005	-0.00108507	6	4	4	4	273.626	290	38.1102	5.2328	0	1.20959	11.9345	41.8629	16.5337	96.9805	1	1	1	0	0	0	0	0
25.07.2015 06:32:05.545000	0.125	0.120091	0.118437	127.945	-672.008	-0.0016276	6	4	4	4	1772.19	290	38.2301	5.2328	0	1.2131	11.4207	41.952	16.3632	98.1982	1	1	1	0	0	0	0	0
25.07.2015 06:32:05.645000	0.125	0.120091	0.118437	127.94	-672.008	2.42802	6	4	4	4	855.401	290	38.351	5.2328	0	1.20658	10.3052	41.7699	16.5469	96.5583	1	1	1	0	0	0	0	0
25.07.2015 06:32:05.745000	0.125	0.120091	0.118437	127.945	-672.008	11.2777	6	4	4	4	595.624	290	38.4709	5.2328	0	1.19063	10.5172	41.6241	16.5351	96.073	1	1	1	0	0	0	0	0
25.07.2015 06:32:05.845000	0.125	0.120091	0.118437	127.943	-672.013	20.3498	6	4	4	4	706.345	290	38.5942	5.2328	0	1.19965	10.7177	41.9226	16.5107	97.2971	1	1	1	0	0	0	0	0
25.07.2015 06:32:05.945000	0.125	0.120091	0.118437	127.945	-672.016	24.503	6	4	4	4	524.814	290	38.7136	5.2328	0	1.22533	10.7606	42.1599	16.5297	98.1214	1	1	1	0	0	0	0	0
25.07.2015 06:32:06.045000	0.125	0.120091	0.118437	127.945	-672.016	27.2931	6	4	4	4	510.242	290	38.841	5.2328	0	1.22535	10.8398	41.9553	16.5305	97.3677	1	1	1	0	0	0	0	0
25.07.2015 06:32:06.145000	0.125	0.120091	0.118437	127.945	-672.016	28.1814	6	4	4	4	477.784	290	38.9588	5.2328	0	1.22543	10.8741	41.7838	16.5438	96.639	1	1	1	0	0	0	0	0
25.07.2015 06:32:06.245000	0.125	0.120091	0.118437	127.945	-672.016	28.5384	6	4	4	4	436.368	290	39.0862	5.2328	0	1.22238	10.8931	41.6047	16.5538	95.9148	1	1	1	0	0	0	0	0
25.07.2015 06:32:06.345000	0.125	0.120091	0.118437	127.945	-672.016	28.6898	6	4	4	4	561.92	290	39.2036	5.2328	0	1.20748	10.9223	41.6432	16.5446	96.0973	1	1	1	0	0	0	0	0
25.07.2015 06:32:06.445000	0.125	0.120091	0.118437	127.945	-672.016	28.775	6	4	4	4	509.588	290	39.3279	5.2328	0	1.20903	10.8405	41.523	16.5543	95.6002	1	1	1	0	0	0	0	0
25.07.2015 06:32:06.545000	0.125	0.120091	0.118437	127.945	-672.016	28.8249	6	4	4	4	391.96	290	39.4488	5.2328	0	1.2194	10.8483	41.7902	16.5567	96.614	1	1	1	0	0	0	0	0
25.07.2015 06:32:06.645000	0.125	0.120091	0.118437	127.945	-672.016	28.8477	6	4	4	4	552.189	290	39.5697	5.2328	0	1.2194	11.0242	41.7806	16.5554	96.5825	1	1	1	0	0	0	0	0
25.07.2015 06:32:06.745000	0.125	0.120091	0.118437	127.945	-672.016	28.865	6	4	4	4	440.733	290	39.6915	5.2328	0	1.2194	10.9594	41.9479	16.5696	97.1684	1	1	1	0	0	0	0	0
25.07.2015 06:32:06.845000	0.125	0.120091	0.118437	127.945	-672.016	28.8802	6	4	4	4	519.761	290	39.8104	5.2328	0	1.21904	10.8114	41.6912	16.5753	96.1639	1	1	1	0	0	0	0	0
25.07.2015 06:32:06.945000	0.125	0.120091	0.118437	127.941	-672.016	28.8688	6	4	4	4	504.14	290	39.9333	5.2328	0	1.20755	10.7812	41.7349	16.5842	96.2971	1	1	1	0	0	0	0	0
25.07.2015 06:32:07.045000	0.125	0.120091	0.118437	127.945	-672.016	28.7225	6	4	4	4	513.44	290	40.0517	5.2328	0	1.20755	10.7988	42.07	16.5927	97.5474	1	1	1	0	0	0	0	0
25.07.2015 06:32:07.145000	0.125	0.120091	0.118437	127.945	-672.016	28.2737	6	4	4	4	456.336	290	40.177	5.2328	0	1.21324	10.8324	41.917	16.5947	96.954	1	1	1	0	0	0	0	0
25.07.2015 06:32:07.245000	0.125	0.120091	0.118437	127.945	-672.016	27.8895	6	4	4	4	463.227	290	40.2969	5.2328	0	1.21336	10.863	41.7468	16.5936	96.3062	1	1	1	0	0	0	0	0
25.07.2015 06:32:07.345000	0.125	0.120091	0.118437	127.945	-672.016	27.6421	6	4	4	4	458.306	290	40.4212	5.2328	0	1.21901	10.8403	41.9576	16.5905	97.1256	1	1	1	0	0	0	0	0
25.07.2015 06:32:07.445000	0.125	0.120091	0.118437	127.945	-672.016	27.4436	6	4	4	4	447.256	290	40.5411	5.2328	0	1.21937	10.8508	41.7798	16.5956	96.4254	1	1	1	0	0	0	0	0
25.07.2015 06:32:07.545000	0.125	0.120091	0.118437	127.945	-672.016	27.2884	6	4	4	4	538.561	290	40.665	5.2328	0	1.21912	10.8671	41.7115	16.6023	96.1382	1	1	1	0	0	0	0	0
25.07.2015 06:32:07.645000	0.125	0.120091	0.118437	127.945	-672.016	27.13	6	4	4	4	392.989	290	40.7873	5.2328	0	1.21909	10.8347	41.6436	16.6124	95.8393	1	1	1	0	0	0	0	0
25.07.2015 06:32:07.745000	0.125	0.120091	0.118437	127.945	-672.016	27.041	6	4	4	4	474.403	290	40.9097	5.2328	0	1.2359	10.8862	41.8774	16.599	96.786	1	1	1	0	0	0	0	0
25.07.2015 06:32:07.845000	0.125	0.120091	0.118437	127.945	-672.016	26.9368	6	4	4	4	404.626	290	41.0336	5.2328	0	1.23798	10.873	41.7883	16.5842	96.5011	1	1	1	0	0	0	0	0
25.07.2015 06:32:07.945000	0.125	0.120091	0.118437	127.945	-672.016	26.9	6	4	4	4	420.273	290	41.1525	5.2328	0	1.22217	10.8642	41.7521	16.5882	96.3476	1	1	1	0	0	0	0	0
25.07.2015 06:32:08.045000	0.125	0.120091	0.118437	127.945	-672.016	26.8953	6	4	4	4	406.397	290	41.2778	5.2328	0	1.21938	10.9482	41.9268	16.5835	97.0344	1	1	1	0	0	0	0	0
25.07.2015 06:32:08.145000	0.125	0.120091	0.118437	127.945	-672.016	26.8815	6	4	4	4	488.555	290	41.3952	5.2328	0	1.21462	10.9661	42.0095	16.5848	97.3462	1	1	1	0	0	0	0	0
25.07.2015 06:32:08.245000	0.125	0.120091	0.118437	127.945	-672.016	26.8623	6	4	4	4	390.277	290	41.5191	5.2328	0	1.21343	10.9493	41.7602	16.6015	96.328	1	1	1	0	0	0	0	0
25.07.2015 06:32:08.345000	0.125	0.120091	0.118437	127.945	-672.016	26.8327	6	4	4	4	448.604	290	41.6374	5.2328	0	1.20906	11.0067	41.8801	16.6048	96.7741	1	1	1	0	0	0	0	0
25.07.2015 06:32:08.445000	0.125	0.120091	0.118437	127.945	-672.016	26.7835	6	4	4	4	391.02	290	41.7583	5.2328	0	1.20753	11.0215	41.6954	16.6307	95.9678	1	1	1	0	0	0	0	0
25.07.2015 06:32:08.545000	0.125	0.120091	0.118437	127.945	-672.016	26.7551	6	4	4	4	405.129	290	41.8812	5.2328	0	1.21579	10.9855	41.8135	16.6276	96.4315	1	1	1	0	0	0	0	0
25.07.2015 06:32:08.645000	0.125	0.120091	0.118437	127.945	-672.016	26.7285	6	4	4	4	444.378	290	42.0035	5.2328	0	1.21933	10.9367	41.7115	16.6218	96.0634	1	1	1	0	0	0	0	0
25.07.2015 06:32:08.745000	0.125	0.120091	0.118437	127.945	-672.016	26.7068	6	4	4	4	392.906	290	42.1269	5.2328	0	1.21935	10.921	42.024	16.6277	97.2375	1	1	1	0	0	0	0	0
25.07.2015 06:32:08.845000	0.125	0.120091	0.118437	127.945	-672.016	26.7032	6	4	4	4	249.955	290	42.2239	2.31848	0.0292952	1.21935	10.8399	41.7897	16.8223	95.5953	1	1	1	0.86	0	0	0	0
25.07.2015 06:32:08.945000	0.125	0.120091	0.118437	127.945	-672.016	26.6949	6	4	4	4	137.376	290	42.2736	2.21377	0.403786	1.21935	9.43828	42.2423	16.9944	96.6692	1	1	1	1	0	0	0	0
25.07.2015 06:32:09.045000	0.125	0.120091	0.118437	127.945	-672.016	26.6876	6	4	4	4	216.785	290	42.3393	2.5884	0.778412	1.11926	8.09749	42.5206	17.2622	96.7096	1	1	1	1	0	0	0	0
25.07.2015 06:32:09.145000	0.125	0.120091	0.118437	127.945	-672.016	26.6661	6	4	4	4	276.026	290	42.4035	2.72468	0.914689	0.71888	7.77763	42.7443	17.4734	96.7573	1	1	1	1	0	0	0	0
25.07.2015 06:32:09.245000	0.125	0.120091	0.118437	127.945	-672.016	26.6511	6	4	4	4	317.176	290	42.4661	2.6448	0.834816	0.71888	7.59886	42.9331	17.6469	96.8157	1	1	1	1	0	0	0	0
25.07.2015 06:32:09.345000	0.125	0.120091	0.118437	127.945	-672.016	26.6363	6	4	4	4	288.882	290	42.5383	2.66601	0.856024	0.71888	7.56341	43.0973	17.8038	96.8437	1	1	1	1	0	0	0	0
25.07.2015 06:32:09.445000	0.125	0.120091	0.118437	127.945	-672.016	26.6301	6	4	4	4	319.462	290	42.6039	2.54812	0.738134	0.695582	7.54272	43.233	17.934	96.8648	1	1	1	1	0	0	0	0
25.07.2015 06:32:09.545000	0.125	0.120091	0.118437	127.945	-672.016	26.6146	6	4	4	4	344.22	290	42.6646	2.44679	0.636801	0.672284	7.51672	43.3771	18.0604	96.9323	1	1	1	1	0	0	0	0
25.07.2015 06:32:09.645000	0.125	0.120091	0.118437	127.945	-672.016	26.6092	6	4	4	4	330.076	290	42.7288	2.28657	0.47658	0.672284	7.48103	43.4921	18.1843	96.8984	1	1	1	1	0	0	0	0
25.07.2015 06:32:09.745000	0.125	0.120091	0.118437	127.945	-672.016	26.5961	6	4	4	4	329.181	290	42.7905	2.19418	0.384193	0.672284	7.48145	43.6068	18.2996	96.8961	1	1	1	1	0	0	0	0
25.07.2015 06:32:09.845000	0.125	0.120091	0.118437	127.945	-672.016	26.5922	6	4	4	4	288.225	290	42.8477	2.12085	0.310865	0.646032	7.49725	43.714	18.3895	96.9625	1	1	1	1	0	0	0	0
25.07.2015 06:32:09.945000	0.125	0.120091	0.118437	127.945	-672.016	26.5923	6	4	4	4	310.59	290	42.9029	2.08683	0.276838	0.606654	7.52217	43.8079	18.4838	96.9608	1	1	1	1	0	0	0	0
25.07.2015 06:32:10.045000	0.125	0.120091	0.118437	127.945	-672.016	26.5925	6	4	4	4	276.585	290	42.9571	2.1068	0.296813	0.606654	7.52725	43.8976	18.5701	96.9742	1	1	1	1	0	0	0	0
25.07.2015 06:32:10.145000	0.125	0.120091	0.118437	127.945	-672.016	26.5929	6	4	4	4	288.814	290	43.0128	2.13376	0.323776	0.606654	7.54816	43.9695	18.6321	97.0118	1	1	1	1	0	0	0	0
25.07.2015 06:32:10.245000	0.125	0.120091	0.118437	127.945	-672.016	26.5965	6	4	4	4	315.654	290	43.0715	2.09309	0.283101	0.606654	7.54322	44.0339	18.6953	97.0164	1	1	1	1	0	0	0	0
25.07.2015 06:32:10.345000	0.125	0.120091	0.118437	127.945	-672.016	26.5945	6	4	4	4	279.929	290	43.1327	2.04419	0.234197	0.565308	7.52526	44.087	18.7476	97.0195	1	1	1	1	0	0	0	0
25.07.2015 06:32:10.445000	0.125	0.120091	0.118437	127.945	-672.016	26.5914	6	4	4	4	296.695	290	43.1894	2.03061	0.220623	0.565308	7.54124	44.1417	18.7942	97.0508	1	1	1	1	0	0	0	0
25.07.2015 06:32:10.545000	0.125	0.120091	0.118437	127.945	-672.016	26.5902	6	4	4	4	265.173	290	43.2456	2.02045	0.210465	0.565308	7.54468	44.1973	18.8449	97.0693	1	1	1	1	0	0	0	0
25.07.2015 06:32:10.645000	0.125	0.120091	0.118437	127.945	-672.016	26.5903	6	4	4	4	308.866	290	43.3008	2.02304	0.213051	0.565308	7.56452	44.2367	18.8834	97.0728	1	1	1	1	0	0	0	0
25.07.2015 06:32:10.745000	0.125	0.120091	0.118437	127.945	-672.016	26.5891	6	4	4	4	244.308	290	43.356	2.02022	0.210231	0.566923	7.55356	44.2672	18.9244	97.0323	1	1	1	1	0	0	0	0
25.07.2015 06:32:10.845000	0.125	0.120091	0.118437	127.945	-672.016	26.5871	6	4	4	4	259.454	290	43.4142	2.05711	0.247117	0.567913	7.58179	44.3064	18.9617	97.0398	1	1	1	1	0	0	0	0
25.07.2015 06:32:10.945000	0.125	0.120091	0.118437	127.945	-672.016	26.5847	6	4	4	4	262.455	290	43.4764	2.11731	0.307325	0.567913	7.58986	44.3214	18.9895	96.9907	1	1	1	1	0	0	0	0
25.07.2015 06:32:11.045000	0.125	0.120091	0.118437	127.945	-672.016	26.586	6	4	4	4	275.004	290	43.5371	2.17629	0.366298	0.567913	7.56837	44.3369	19.0109	96.9683	1	1	1	1	0	0	0	0
25.07.2015 06:32:11.145000	0.125	0.120091	0.118437	127.945	-672.016	26.5842	6	4	4	4	332.057	290	43.5993	2.22268	0.412692	0.586951	7.56212	44.345	19.0173	96.9746	1	1	1	1	0	0	0	0
25.07.2015 06:32:11.245000	0.125	0.120091	0.118437	127.945	-672.016	26.5813	6	4	4	4	321.896	290	43.6585	2.2182	0.408209	0.605243	7.5076	44.3435	19.0241	96.9431	1	1	1	1	0	0	0	0
25.07.2015 06:32:11.345000	0.125	0.120091	0.118437	127.945	-672.016	26.5831	6	4	4	4	245.007	290	43.7211	2.19222	0.382232	0.605243	7.52912	44.3541	19.0326	96.951	1	1	1	1	0	0	0	0
25.07.2015 06:32:11.445000	0.125	0.120091	0.118437	127.945	-672.016	26.5838	6	4	4	4	301.899	290	43.7863	2.20489	0.394898	0.605243	7.57542	44.3553	19.0317	96.959	1	1	1	1	0	0	0	0
25.07.2015 06:32:11.545000	0.125	0.120091	0.118437	127.945	-672.016	26.588	6	4	4	4	321.769	290	43.8465	2.20894	0.398949	0.611004	7.54084	44.3615	19.044	96.9356	1	1	1	1	0	0	0	0
25.07.2015 06:32:11.645000	0.125	0.120091	0.118437	127.945	-672.016	26.5896	6	4	4	4	259.292	290	43.9057	2.19559	0.385601	0.617245	7.52313	44.3647	19.0607	96.8839	1	1	1	1	0	0	0	0
25.07.2015 06:32:11.745000	0.125	0.120091	0.118437	127.945	-672.016	26.5891	6	4	4	4	279.448	290	43.9678	2.20315	0.393157	0.617245	7.5487	44.3651	19.0704	96.8484	1	1	1	1	0	0	0	0
25.07.2015 06:32:11.845000	0.125	0.120091	0.118437	127.945	-672.016	26.59	6	4	4	4	283.7	290	44.0365	2.22672	0.416735	0.617245	7.54178	44.3815	19.0578	96.9594	1	1	1	1	0	0	0	0
25.07.2015 06:32:11.945000	0.125	0.120091	0.118437	127.945	-672.016	26.5913	6	4	4	4	329.597	290	44.0947	2.23165	0.42166	0.618692	7.51618	44.375	19.0676	96.8968	1	1	1	1	0	0	0	0
25.07.2015 06:32:12.045000	0.125	0.120091	0.118437	127.945	-672.016	26.5893	6	4	4	4	228.182	290	44.1539	2.21705	0.407059	0.620324	7.52003	44.3818	19.0737	96.8998	1	1	1	1	0	0	0	0
25.07.2015 06:32:12.145000	0.125	0.120091	0.118437	127.945	-672.016	26.5913	6	4	4	4	292.31	290	44.22	2.25005	0.440066	0.620324	7.57758	44.3748	19.0681	96.8942	1	1	1	1	0	0	0	0
25.07.2015 06:32:12.245000	0.125	0.120091	0.118437	127.945	-672.016	26.5918	6	4	4	4	301.285	290	44.2842	2.27183	0.461845	0.620324	7.54989	44.3712	19.0714	96.868	1	1	1	1	0	0	0	0
25.07.2015 06:32:12.345000	0.125	0.120091	0.118437	127.945	-672.016	26.5999	6	4	4	4	243.629	290	44.3454	2.28556	0.475572	0.624319	7.53215	44.3699	19.0719	96.8608	1	1	1	1	0	0	0	0
25.07.2015 06:32:12.445000	0.125	0.120091	0.118437	127.945	-672.016	26.599	6	4	4	4	265.521	290	44.4061	2.33549	0.525506	0.628157	7.5645	44.3553	19.0667	96.8251	1	1	1	1	0	0	0	0
25.07.2015 06:32:12.545000	0.125	0.120091	0.118437	127.945	-672.016	26.5978	6	4	4	4	275.903	290	44.4782	2.39535	0.585361	0.628157	7.58449	44.3569	19.0516	96.8891	1	1	1	1	0	0	0	0
25.07.2015 06:32:12.645000	0.125	0.120091	0.118437	127.945	-672.016	26.5987	6	4	4	4	341.153	290	44.5394	2.43153	0.621541	0.628157	7.56588	44.3396	19.0351	96.8858	1	1	1	1	0	0	0	0
25.07.2015 06:32:12.745000	0.125	0.120091	0.118437	127.945	-672.016	26.5945	6	4	4	4	312.042	290	44.6021	2.41929	0.609306	0.6413	7.52193	44.3298	19.0238	96.8916	1	1	1	1	0	0	0	0
25.07.2015 06:32:12.845000	0.125	0.120091	0.118437	127.945	-672.016	26.5925	6	4	4	4	217.194	290	44.6692	2.40533	0.595343	0.647774	7.49708	44.3052	19.0267	96.7865	1	1	1	1	0	0	0	0
25.07.2015 06:32:12.945000	0.125	0.120091	0.118437	127.945	-672.016	26.5896	6	4	4	4	289.286	290	44.7354	2.44553	0.635543	0.647774	7.56083	44.3072	19.0176	96.8288	1	1	1	1	0	0	0	0
25.07.2015 06:32:13.045000	0.125	0.120091	0.118437	127.945	-672.016	26.5889	6	4	4	4	263.004	290	44.799	2.49252	0.682527	0.647774	7.58285	44.2915	19.0047	96.8183	1	1	1	1	0	0	0	0
25.07.2015 06:32:13.145000	0.125	0.120091	0.118437	127.945	-672.016	26.5875	6	4	4	4	260.988	290	44.8697	2.5449	0.734907	0.658627	7.58053	44.2824	18.9883	96.8461	1	1	1	1	0	0	0	0
25.07.2015 06:32:13.245000	0.125	0.120091	0.118437	127.945	-672.016	26.5907	6	4	4	4	340.88	290	44.9383	2.60127	0.791286	0.659833	7.58872	44.2557	18.9635	96.8386	1	1	1	1	0	0	0	0
25.07.2015 06:32:13.345000	0.125	0.120091	0.118437	127.949	-672.016	26.5913	6	4	4	4	301.48	290	45.005	2.59468	0.784695	0.659833	7.52901	44.2344	18.9569	96.7827	1	1	1	1	0	0	0	0
25.07.2015 06:32:13.445000	0.125	0.120091	0.118437	127.948	-672.016	26.5965	6	4	4	4	319.966	290	45.0811	2.56292	0.752929	0.669178	7.53192	44.2219	18.9373	96.8096	1	1	1	1	0	0	0	0
25.07.2015 06:32:13.545000	0.125	0.120091	0.118437	127.949	-672.016	26.5983	6	4	4	4	286.182	290	45.1452	2.53198	0.721987	0.690984	7.53075	44.2156	18.9391	96.7788	1	1	1	1	0	0	0	0
25.07.2015 06:32:13.645000	0.125	0.120091	0.118437	127.951	-672.016	26.5998	6	4	4	4	283.938	290	45.2179	2.51295	0.702963	0.690984	7.55841	44.2105	18.9298	96.7947	1	1	1	1	0	0	0	0
25.07.2015 06:32:13.745000	0.125	0.120091	0.118437	127.949	-672.016	26.6054	6	4	4	4	263.994	290	45.286	2.50053	0.690544	0.690984	7.57326	44.2118	18.9289	96.8031	1	1	1	1	0	0	0	0
25.07.2015 06:32:13.845000	0.125	0.120091	0.118437	127.951	-672.016	26.6175	6	4	4	4	227.656	290	45.3492	2.52665	0.716664	0.689675	7.58997	44.1974	18.9249	96.7634	1	1	1	1	0	0	0	0
25.07.2015 06:32:13.945000	0.125	0.120091	0.118437	127.945	-672.016	26.6243	6	4	4	4	244.217	290	45.4263	2.60415	0.794165	0.689087	7.58316	44.2011	18.9115	96.829	1	1	1	1	0	0	0	0
25.07.2015 06:32:14.045000	0.125	0.120091	0.118437	127.951	-672.016	26.628	6	4	4	4	302.058	290	45.4934	2.68043	0.870446	0.689087	7.55835	44.1814	18.8997	96.7986	1	1	1	1	0	0	0	0
25.07.2015 06:32:14.145000	0.125	0.120091	0.118437	127.945	-672.016	26.6341	6	4	4	4	251.081	290	45.5705	2.73185	0.921861	0.697595	7.53546	44.1551	18.8864	96.7486	1	1	1	1	0	0	0	0
25.07.2015 06:32:14.245000	0.125	0.120091	0.118437	127.948	-672.016	26.633	6	4	4	4	290.398	290	45.6417	2.80162	0.99163	0.723121	7.57941	44.1194	18.8541	96.736	1	1	1	1	0	0	0	0
25.07.2015 06:32:14.345000	0.125	0.120091	0.118437	127.949	-672.016	26.6314	6	4	4	4	295.844	290	45.7198	2.85916	1.04917	0.723121	7.58871	44.0817	18.8198	96.7225	1	1	1	1	0	0	0	0
25.07.2015 06:32:14.445000	0.125	0.120091	0.118437	127.953	-672.016	26.6254	6	4	4	4	294.588	290	45.7919	2.89799	1.088	0.723121	7.56542	44.0582	18.782	96.7774	1	1	1	1	0	0	0	0
25.07.2015 06:32:14.545000	0.125	0.120091	0.118437	127.945	-672.016	26.62	6	4	4	4	331.204	290	45.8725	2.8994	1.08941	0.752231	7.53752	44.0244	18.7526	96.7608	1	1	1	1	0	0	0	0
25.07.2015 06:32:14.645000	0.125	0.120091	0.118437	127.953	-672.016	26.6146	6	4	4	4	266.552	290	45.9401	2.87219	1.0622	0.753763	7.52167	43.9696	18.781	96.4422	1	1	1	1	0	0	0	0
25.07.2015 06:32:14.745000	0.125	0.120091	0.118437	127.953	-672.016	26.6102	6	4	4	4	238.428	290	46.0217	2.87911	1.06912	0.753763	7.54356	43.9388	18.7625	96.395	1	1	1	1	0	0	0	0
25.07.2015 06:32:14.845000	0.125	0.120091	0.118437	127.953	-672.016	26.6055	6	4	4	4	299.367	290	46.0913	2.9308	1.12081	0.748258	7.58764	43.9273	18.7326	96.4654	1	1	1	1	0	0	0	0
25.07.2015 06:32:14.945000	0.125	0.120091	0.118437	127.953	-672.016	26.6016	6	4	4	4	292.524	290	46.1749	2.96377	1.15378	0.744738	7.5538	43.89	18.7207	96.3684	1	1	1	1	0	0	0	0
25.07.2015 06:32:15.045000	0.125	0.120091	0.118437	127.953	-672.016	26.6001	6	4	4	4	255.491	290	46.2445	2.98052	1.17054	0.744738	7.55652	43.8677	18.6977	96.3712	1	1	1	1	0	0	0	0
25.07.2015 06:32:15.145000	0.125	0.120091	0.118437	127.953	-672.016	26.5978	6	4	4	4	273.718	290	46.3271	3.0153	1.20531	0.75115	7.58772	43.8387	18.6805	96.3259	1	1	1	1	0	0	0	0
25.07.2015 06:32:15.245000	0.125	0.120091	0.118437	127.953	-672.016	26.5925	6	4	4	4	260.619	290	46.4022	3.05755	1.24756	0.76306	7.59552	43.8176	18.6566	96.3364	1	1	1	1	0	0	0	0
25.07.2015 06:32:15.345000	0.125	0.120091	0.118437	127.953	-672.016	26.5896	6	4	4	4	274.834	290	46.4833	3.11257	1.30258	0.76306	7.60826	43.7862	18.6276	96.3273	1	1	1	1	0	0	0	0
25.07.2015 06:32:15.445000	0.125	0.120091	0.118437	127.953	-672.016	26.5925	6	4	4	4	254.074	290	46.5649	3.17381	1.36382	0.776281	7.60466	43.7536	18.6063	96.2838	1	1	1	1	0	0	0	0
25.07.2015 06:32:15.545000	0.125	0.120091	0.118437	127.953	-672.016	26.5967	6	4	4	4	276.715	290	46.645	3.24938	1.4394	0.810279	7.60586	43.7214	18.5748	96.2812	1	1	1	1	0	0	0	0
25.07.2015 06:32:15.645000	0.125	0.120091	0.118437	127.953	-672.016	26.6005	6	4	4	4	324.93	290	46.7305	3.29859	1.4886	0.810279	7.56796	43.6813	18.5424	96.2518	1	1	1	1	0	0	0	0
25.07.2015 06:32:15.745000	0.125	0.120091	0.118437	127.953	-672.016	26.6005	6	4	4	4	289.985	290	46.8176	3.29966	1.48968	0.818695	7.5419	43.6344	18.5046	96.2172	1	1	1	1	0	0	0	0
25.07.2015 06:32:15.845000	0.125	0.120091	0.118437	127.953	-672.016	26.5965	6	4	4	4	280.205	290	46.8971	3.29725	1.48726	0.837428	7.57896	43.6045	18.4747	96.2172	1	1	1	1	0	0	0	0
25.07.2015 06:32:15.945000	0.125	0.120091	0.118437	127.953	-672.016	26.5934	6	4	4	4	259.857	290	46.9827	3.3198	1.50981	0.837428	7.60221	43.5811	18.4469	96.234	1	1	1	1	0	0	0	0
25.07.2015 06:32:16.045000	0.125	0.120091	0.118437	127.953	-672.016	26.59	6	4	4	4	262.125	290	47.0697	3.37026	1.56027	0.838471	7.61531	43.5614	18.4201	96.2611	1	1	1	1	0	0	0	0
25.07.2015 06:32:16.145000	0.125	0.120091	0.118437	127.953	-672.016	26.5902	6	4	4	4	333.138	290	47.1523	3.41066	1.60067	0.840408	7.5969	43.5154	18.3998	96.162	1	1	1	1	0	0	0	0
25.07.2015 06:32:16.245000	0.125	0.120091	0.118437	127.953	-672.016	26.5918	6	4	4	4	262.602	290	47.2359	3.42093	1.61095	0.840408	7.56008	43.4877	18.3753	96.1604	1	1	1	1	0	0	0	0
25.07.2015 06:32:16.345000	0.125	0.120091	0.118437	127.953	-672.016	26.5902	6	4	4	4	360.987	290	47.3254	3.42376	1.61375	0.842788	7.56642	43.4693	18.3507	96.1776	1	1	1	1	0	0	0	0
25.07.2015 06:32:16.445000	0.125	0.120091	0.118437	127.953	-672.016	26.5951	6	4	4	4	289.314	290	47.411	3.37773	1.56773	0.846074	7.54748	43.464	18.3295	96.235	1	1	1	1	0	0	0	0
25.07.2015 06:32:16.545000	0.125	0.120091	0.118437	127.953	-672.016	26.5961	6	4	4	4	338.46	290	47.4916	3.32769	1.5177	0.846074	7.54129	43.4628	18.3267	96.236	1	1	1	1	0	0	0	0
25.07.2015 06:32:16.645000	0.125	0.120091	0.118437	127.953	-672.016	26.5994	6	4	4	4	276.754	290	47.5781	3.26417	1.45418	0.848948	7.51999	43.4527	18.3374	96.1625	1	1	1	1	0	0	0	0
25.07.2015 06:32:16.745000	0.125	0.120091	0.118437	127.953	-672.016	26.6086	6	4	4	4	230.453	290	47.6602	3.24038	1.4304	0.851821	7.582	43.4709	18.3485	96.1887	1	1	1	1	0	0	0	0
25.07.2015 06:32:16.845000	0.125	0.120091	0.118437	127.953	-672.016	26.6099	6	4	4	4	272.748	290	47.7373	3.27435	1.46436	0.851821	7.60758	43.4844	18.3598	96.1969	1	1	1	1	0	0	0	0
25.07.2015 06:32:16.945000	0.125	0.120091	0.118437	127.953	-672.016	26.6102	6	4	4	4	244.881	290	47.8248	3.32019	1.5102	0.836395	7.61725	43.4755	18.3552	96.1805	1	1	1	1	0	0	0	0
25.07.2015 06:32:17.045000	0.125	0.120091	0.118437	127.953	-672.016	26.6117	6	4	4	4	261.799	290	47.9074	3.38355	1.57356	0.818288	7.63015	43.463	18.3365	96.2043	1	1	1	1	0	0	0	0
25.07.2015 06:32:17.145000	0.125	0.120091	0.118437	127.953	-672.016	26.6092	6	4	4	4	298.371	290	47.9935	3.45587	1.64588	0.818288	7.61722	43.4438	18.3237	96.1798	1	1	1	1	0	0	0	0
25.07.2015 06:32:17.245000	0.125	0.120091	0.118437	127.953	-672.016	26.607	6	4	4	4	292.584	290	48.0785	3.50478	1.69479	0.840383	7.57462	43.4215	18.3074	96.1569	1	1	1	1	0	0	0	0
25.07.2015 06:32:17.345000	0.125	0.120091	0.118437	127.953	-672.016	26.6059	6	4	4	4	265.989	290	48.171	3.52953	1.71954	0.857743	7.57685	43.4037	18.2894	96.1576	1	1	1	1	0	0	0	0
25.07.2015 06:32:17.445000	0.125	0.120091	0.118437	127.953	-672.016	26.6026	6	4	4	4	304.658	290	48.2591	3.56271	1.75272	0.857743	7.5739	43.3708	18.2625	96.1345	1	1	1	1	0	0	0	0
25.07.2015 06:32:17.545000	0.125	0.120091	0.118437	127.953	-672.016	26.6016	6	4	4	4	281.674	290	48.3466	3.58071	1.77072	0.875724	7.56866	43.3438	18.2487	96.084	1	1	1	1	0	0	0	0
25.07.2015 06:32:17.645000	0.125	0.120091	0.118437	127.953	-672.016	26.6019	6	4	4	4	275.273	290	48.4357	3.60049	1.7905	0.882042	7.59586	43.3252	18.2308	96.0817	1	1	1	1	0	0	0	0
25.07.2015 06:32:17.745000	0.125	0.120091	0.118437	127.957	-672.016	26.6016	6	4	4	4	284.361	290	48.5242	3.61748	1.80749	0.882042	7.57885	43.3136	18.214	96.1013	1	1	1	1	0	0	0	0
25.07.2015 06:32:17.845000	0.125	0.120091	0.118437	127.953	-672.016	26.6012	6	4	4	4	329.728	290	48.6192	3.62623	1.81624	0.904272	7.55263	43.302	18.1847	96.1691	1	1	1	1	0	0	0	0
25.07.2015 06:32:17.945000	0.125	0.120091	0.118437	127.961	-672.016	26.6064	6	4	4	4	253.018	290	48.7063	3.61683	1.80684	0.904496	7.5603	43.2817	18.1809	96.106	1	1	1	1	0	0	0	0
25.07.2015 06:32:18.045000	0.125	0.120091	0.118437	127.956	-672.016	26.607	6	4	4	4	287.628	290	48.7963	3.63484	1.82485	0.903065	7.59902	43.2691	18.1676	96.1085	1	1	1	1	0	0	0	0
25.07.2015 06:32:18.145000	0.125	0.120091	0.118437	127.961	-672.016	26.6119	6	4	4	4	232.665	290	48.8838	3.66745	1.85746	0.897991	7.58669	43.2452	18.1647	96.0279	1	1	1	1	0	0	0	0
25.07.2015 06:32:18.245000	0.125	0.120091	0.118437	127.958	-672.016	26.6102	6	4	4	4	258.23	290	48.9764	3.74178	1.93179	0.897991	7.63565	43.2289	18.1354	96.0781	1	1	1	1	0	0	0	0
25.07.2015 06:32:18.345000	0.125	0.120091	0.118437	127.961	-672.016	26.6059	6	4	4	4	241.355	290	49.0714	3.82632	2.01633	0.910089	7.62685	43.2041	18.114	96.0651	1	1	1	1	0	0	0	0
25.07.2015 06:32:18.445000	0.125	0.120091	0.118437	127.958	-672.016	26.6034	6	4	4	4	306.747	290	49.1689	3.91279	2.1028	0.921255	7.63229	43.1621	18.0756	96.0513	1	1	1	1	0	0	0	0
25.07.2015 06:32:18.545000	0.125	0.120091	0.118437	127.961	-672.016	26.5978	6	4	4	4	255.724	290	49.2663	3.96484	2.15485	0.921255	7.60475	43.123	18.0333	96.0634	1	1	1	1	0	0	0	0
25.07.2015 06:32:18.645000	0.125	0.120091	0.118437	127.961	-672.016	26.594	6	4	4	4	299.07	290	49.3624	4.02031	2.21032	0.96151	7.60885	43.0619	18.0139	95.9038	1	1	1	1	0	0	0	0
25.07.2015 06:32:18.745000	0.125	0.120091	0.118437	127.961	-672.016	26.5923	6	4	4	4	281.6	290	49.4628	4.06052	2.25053	0.96408	7.57101	43.0116	17.979	95.8449	1	1	1	1	0	0	0	0
25.07.2015 06:32:18.845000	0.125	0.120091	0.118437	127.964	-672.018	26.5889	6	4	4	4	353.325	290	49.5623	4.07386	2.26387	0.979805	7.57616	42.9538	17.9507	95.7318	1	1	1	1	0	0	0	0
25.07.2015 06:32:18.945000	0.125	0.120091	0.118437	127.961	-672.016	26.5869	6	4	4	4	252.254	290	49.6628	4.04682	2.23683	0.999026	7.54861	42.9197	17.9195	95.7208	1	1	1	1	0	0	0	0
25.07.2015 06:32:19.045000	0.125	0.120091	0.118437	127.964	-672.016	26.586	6	4	4	4	323.643	290	49.7598	4.05052	2.24054	0.999026	7.58906	42.8998	17.8886	95.7629	1	1	1	1	0	0	0	0
25.07.2015 06:32:19.145000	0.125	0.120091	0.118437	127.961	-672.016	26.5869	6	4	4	4	289.344	290	49.8583	4.03078	2.22079	0.98447	7.56696	42.8716	17.8789	95.6921	1	1	1	1	0	0	0	0
25.07.2015 06:32:19.245000	0.125	0.120091	0.118437	127.964	-672.016	26.5896	6	4	4	4	240.017	290	49.9548	4.02749	2.2175	0.983204	7.58924	42.8652	17.8701	95.7014	1	1	1	1	0	0	0	0
25.07.2015 06:32:19.345000	0.125	0.120091	0.118437	127.961	-672.016	26.5923	6	4	4	4	311.002	290	50.0528	4.06257	2.25258	0.979052	7.6092	42.8553	17.864	95.6867	1	1	1	1	0	0	0	0
25.07.2015 06:32:19.445000	0.125	0.120091	0.118437	127.966	-672.016	26.5911	6	4	4	4	312.467	290	50.1503	4.06926	2.25927	0.971669	7.57679	42.8515	17.8479	95.7337	1	1	1	1	0	0	0	0
25.07.2015 06:32:19.545000	0.125	0.120091	0.118437	127.969	-672.016	26.5913	6	4	4	4	247.103	290	50.2497	4.05477	2.24479	0.971669	7.56215	42.8343	17.8544	95.6428	1	1	1	1	0	0	0	0
25.07.2015 06:32:19.645000	0.125	0.120091	0.118437	127.969	-672.016	26.5907	6	4	4	4	253.679	290	50.3482	4.07711	2.26713	0.981234	7.60949	42.8285	17.845	95.6566	1	1	1	1	0	0	0	0
25.07.2015 06:32:19.745000	0.125	0.120091	0.118437	127.969	-672.016	26.5929	6	4	4	4	269.648	290	50.4467	4.13541	2.32542	0.983193	7.64699	42.8249	17.8352	95.6806	1	1	1	1	0	0	0	0
25.07.2015 06:32:19.845000	0.125	0.120091	0.118437	127.969	-672.016	26.5998	6	4	4	4	332.968	290	50.5457	4.17932	2.36934	0.988542	7.60243	42.8175	17.8148	95.7306	1	1	1	1	0	0	0	0
25.07.2015 06:32:19.945000	0.125	0.120091	0.118437	127.969	-672.016	26.6021	6	4	4	4	319.84	290	50.6472	4.16861	2.35862	0.998926	7.55558	42.784	17.7959	95.6743	1	1	1	1	0	0	0	0
25.07.2015 06:32:20.045000	0.125	0.120091	0.118437	127.969	-672.016	26.6073	6	4	4	4	248.314	290	50.7467	4.14619	2.33621	0.998926	7.5623	42.7808	17.7891	95.6886	1	1	1	1	0	0	0	0
25.07.2015 06:32:20.145000	0.125	0.120091	0.118437	127.969	-672.016	26.6081	6	4	4	4	255.695	290	50.8481	4.16748	2.35749	1.01347	7.59881	42.7781	17.7914	95.6692	1	1	1	1	0	0	0	0
25.07.2015 06:32:20.245000	0.125	0.120091	0.118437	127.969	-672.016	26.6081	6	4	4	4	331.334	290	50.9481	4.1959	2.38591	1.01527	7.60512	42.7446	17.7751	95.6033	1	1	1	1	0	0	0	0
25.07.2015 06:32:20.345000	0.125	0.120091	0.118437	127.969	-672.016	26.6124	6	4	4	4	286.242	290.15	51.0506	4.195	2.38501	1.00869	7.5568	42.7464	17.7623	95.6591	1	1	1	1	0.91	0	0	0
25.07.2015 06:32:20.445000	0.125	0.120091	0.118437	127.969	-672.016	26.6084	6	4	4	4	285.175	291.221	51.1526	4.21	2.40001	0.998829	7.57075	42.7229	17.7532	95.604	1	1	1	1	1	0	0	0
25.07.2015 06:32:20.545000	0.125	0.120091	0.118437	127.969	-672.016	26.6086	6	4	4	4	262.174	293.464	51.2555	4.29358	2.4836	0.998829	7.56687	42.7321	17.7524	95.6425	1	1	1	1	1	0	0	0
25.07.2015 06:32:20.645000	0.125	0.120091	0.118437	127.969	-672.016	26.6066	6	4	4	4	323.086	296.877	51.3625	4.41614	2.60615	1.0274	7.59551	42.6945	17.7147	95.6428	1	1	1	1	1	0	0	0
25.07.2015 06:32:20.745000	0.125	0.120091	0.118437	127.973	-672.016	26.6059	6	4	4	4	346.574	301.461	51.4689	4.41622	2.60623	1.02798	7.5803	42.6373	17.675	95.5757	1	1	1	1	1	0	0	0
25.07.2015 06:32:20.845000	0.125	0.120091	0.118437	127.977	-672.016	26.6059	6	4	4	4	291.355	307.216	51.5739	4.35009	2.5401	1.0571	7.57613	42.6232	17.6686	95.5465	1	1	1	1	1	0	0	0
25.07.2015 06:32:20.945000	0.125	0.120091	0.118437	127.977	-672.016	26.6054	6	4	4	4	282.362	314.142	51.6763	4.42707	2.61708	1.07211	7.60185	42.6159	17.662	95.5434	1	1	1	1	1	0	0	0
25.07.2015 06:32:21.045000	0.125	0.120091	0.118437	127.977	-672.016	26.6066	6	4	4	4	328.701	322.239	51.7848	4.61234	2.80235	1.06793	7.60081	42.6017	17.6192	95.653	1	1	1	1	1	0	0	0
25.07.2015 06:32:21.145000	0.125	0.120091	0.118437	127.98	-672.016	26.607	6	4	4	4	289.055	331.506	51.8962	4.83513	3.02514	1.05864	7.57587	42.4494	17.5649	95.278	1	1	1	1	1	0	0	0
25.07.2015 06:32:21.245000	0.125	0.120091	0.118437	127.979	-672.016	26.6066	6	4	4	4	293.77	341.945	52.0191	5.19031	3.38032	1.07627	7.57315	42.2634	17.4623	94.9583	1	1	1	1	1	0	0	0
25.07.2015 06:32:21.345000	0.125	0.120091	0.118437	127.977	-672.016	26.6086	6	4	4	4	335.267	353.554	52.1444	5.68301	3.87303	1.16232	7.59931	42.3713	17.2947	96.0134	1	1	1	1	1	0	0	0
25.07.2015 06:32:21.445000	0.125	0.120091	0.118437	127.984	-672.016	26.6084	6	4	4	4	392.171	366.335	52.2847	6.11484	4.30485	1.2436	7.59688	41.5075	17.1066	93.4261	1	1	1	1	1	0	0	0
25.07.2015 06:32:21.545000	0.125	0.120091	0.118437	127.977	-672.016	26.6097	6	4	4	4	416.262	380.286	52.4344	6.40057	4.59059	1.38198	7.55084	41.4278	16.8577	94.0742	1	1	1	1	1	0	0	0
25.07.2015 06:32:21.645000	0.125	0.120091	0.118437	127.982	-672.016	26.6124	6	4	4	4	375.718	395.409	52.5901	6.66465	4.85466	1.4724	7.53834	41.1853	16.6264	94.0312	1	1	1	1	1	0	0	0
25.07.2015 06:32:21.745000	0.125	0.120091	0.118437	127.98	-672.016	26.6173	6	4	4	4	413.977	411.702	52.7498	6.96399	5.154	1.53004	7.54881	41.3596	16.3921	95.5956	1	1	1	1	1	0	0	0
25.07.2015 06:32:21.845000	0.125	0.120091	0.118437	127.982	-672.016	26.6218	6	4	4	4	395.881	429.166	52.9164	7.34327	5.53329	1.62586	7.58024	40.8534	16.167	94.5194	1	1	1	1	1	0	0	0
25.07.2015 06:32:21.945000	0.125	0.120091	0.118437	127.984	-672.016	26.6206	6	4	4	4	432.086	447.801	53.0945	7.82225	6.01226	1.69219	7.58475	41.2252	15.9222	96.88	1	1	1	1	1	0	0	0
25.07.2015 06:32:22.045000	0.125	0.120091	0.118437	127.982	-672.016	26.6225	6	4	4	4	372.477	467.606	53.2815	8.38533	6.57534	1.77184	7.5498	40.372	15.6689	94.5832	1	1	1	1	1	0	0	0
25.07.2015 06:32:22.145000	0.125	0.120091	0.118437	127.984	-672.016	26.6227	6	4	4	4	407.827	488.581	53.483	9.21807	7.40808	1.90553	7.58817	40.0306	15.3676	94.4296	1	1	1	1	1	0	0	0
25.07.2015 06:32:22.245000	0.125	0.120091	0.118437	127.984	-672.016	26.6236	6	4	4	4	442.251	510.727	53.7073	10.2232	8.4132	2.11813	7.56895	40.0696	15.0061	95.9632	1	1	1	1	1	0	0	0
25.07.2015 06:32:22.345000	0.125	0.120091	0.118437	127.98	-672.016	26.6222	6	4	4	4	571.296	534.045	53.9496	11.252	9.44199	2.32708	7.51918	39.281	14.6044	94.4818	1	1	1	1	1	0	0	0
25.07.2015 06:32:22.445000	0.125	0.120091	0.118437	127.982	-672.016	26.6189	6	4	4	4	493.839	558.534	54.2112	12.1135	10.3035	2.52477	7.48874	38.8686	14.2534	94.2467	1	1	1	1	1	0	0	0
25.07.2015 06:32:22.545000	0.125	0.120091	0.118437	127.984	-672.016	26.6151	6	4	4	4	516.354	584.194	54.4912	13.0709	11.2609	2.73543	7.50171	38.5387	13.9309	94.2184	1	1	1	1	1	0	0	0
25.07.2015 06:32:22.645000	0.125	0.120091	0.118437	127.982	-672.016	26.6121	6	4	4	4	531.468	611.025	54.7897	14.164	12.354	2.90974	7.48504	38.2349	13.6912	93.973	1	1	1	1	1	0	0	0
25.07.2015 06:32:22.745000	0.125	0.120091	0.118437	127.984	-672.016	26.6059	6	4	4	4	585.473	639.026	55.1095	15.3522	13.5422	3.1231	7.46539	37.9704	13.4461	93.8987	1	1	1	1	1	0	0	0
25.07.2015 06:32:22.845000	0.125	0.120091	0.118437	127.984	-672.016	26.6066	6	4	4	4	573.625	668.199	55.4523	16.5706	14.7606	3.39304	7.44983	37.71	13.226	93.7444	1	1	1	1	1	0	0	0
25.07.2015 06:32:22.945000	0.125	0.120091	0.118437	127.984	-672.016	26.6026	6	4	4	4	654.61	698.542	55.8228	17.896	16.086	3.66309	7.46612	37.5484	13.0674	93.733	1	1	1	1	1	0	0	0
25.07.2015 06:32:23.045000	0.125	0.120091	0.118437	127.984	-672.016	26.6016	6	4	4	4	619.458	730.057	56.2158	19.2264	17.4164	3.88484	7.42254	37.4722	13.0342	93.5682	1	1	1	1	1	0	0	0
25.07.2015 06:32:23.145000	0.125	0.120091	0.118437	127.984	-672.016	26.6021	6	4	4	4	678.669	762.739	56.6311	20.7235	18.9135	4.14523	7.44164	37.5226	13.1145	93.4537	1	1	1	1	1	0	0	0
25.07.2015 06:32:23.245000	0.125	0.120091	0.118437	127.984	-672.016	26.6026	6	4	4	4	691.704	796.597	57.0733	22.2767	20.4668	4.38344	7.41282	37.7343	13.3612	93.3196	1	1	1	1	1	0	0	0
25.07.2015 06:32:23.345000	0.125	0.120091	0.118437	127.984	-672.016	26.6059	6	4	4	4	766.528	759.19	57.5464	23.9503	19.1511	4.75035	7.45182	38.0005	13.611	93.3827	1	1	1	1	1	0.13	0	0.13
25.07.2015 06:32:23.445000	0.125	0.120091	0.118437	127.984	-672.016	26.6081	6	4	4	4	1119.33	290	58.4567	24.8045	0	26.8663	7.37856	58.5599	17.3036	157.962	1	1	1	1	1	1	0	1
25.07.2015 06:32:23.545000	0.125	0.120091	0.118437	127.984	-672.016	26.6102	6	4	4	4	2399.62	290	62.0968	24.8045	0	40.8098	6.62523	104.41	5.9621	376.939	1	1	1	1	1	1	0.87	1
25.07.2015 06:32:23.645000	0.125	0.120091	0.117032	127.992	-672.018	26.6102	6	4	4	4	52.2288	290	62.1774	24.8045	0	31.0926	4.68559	110.176	0.627094	419.44	1	1	1	1	1	1	1	1
25.07.2015 06:32:23.745000	0.125	0.120091	0.118437	127.953	-672.031	24.1846	6	4	4	4	6.88504	290	62.1774	16.619	0	31.0926	3.02937	127.764	0.585406	486.942	1	1	1	1	1	1	1	0.67
25.07.2015 06:32:23.845000	0.125	0.120091	0.118437	127.953	-672.029	19.4079	6	4	4	4	1.13486	290	62.1774	0	0	31.0926	1.95327	132.682	0.507767	506.07	1	1	1	1	1	1	1	0
25.07.2015 06:32:23.945000	0.125	0.120091	0.118437	127.953	-672.039	16.1583	6	4	4	4	0.218444	290	62.1774	0	0	31.0926	1.49699	133.088	0.571245	507.38	1	1	1	1	1	1	1	0
25.07.2015 06:32:24.045000	0.125	0.120091	0.118437	127.953	-672.039	13.2762	6	4	4	4	0.199187	290	62.1774	0	0	31.0926	1.1864	133.029	0.520218	507.349	1	1	1	1	1	1	1	0
25.07.2015 06:32:24.145000	0.125	0.120091	0.118437	127.953	-672.031	10.2121	6	4	4	4	0.204194	290	62.1774	0	0	31.0926	0.934144	132.914	0.502274	506.976	1	1	1	1	1	1	1	0
25.07.2015 06:32:24.245000	0.125	0.120091	0.118437	127.945	-672.026	8.40856	6	4	4	4	0.199325	290	62.1774	0	0	31.0926	0.789641	132.847	0.535173	506.594	1	1	1	1	1	1	1	0
25.07.2015 06:32:24.345000	0.125	0.120091	0.118437	127.918	-672.031	7.05892	6	4	4	4	0.203757	290	62.1774	0	0	31.0926	0.69537	132.782	0.514542	506.424	1	1	1	1	1	1	1	0
25.07.2015 06:32:24.445000	0.125	0.120091	0.118437	127.914	-672.036	5.95956	6	4	4	4	0.205805	290	62.1774	0	0	31.0926	0.614062	132.725	0.526322	506.162	1	1	1	1	1	1	1	0
25.07.2015 06:32:24.545000	0.125	0.120091	0.118437	127.914	-672.031	4.90668	6	4	4	4	0.199126	290	62.1774	0	0	6.8016	0.542159	132.675	0.518876	506.001	1	1	1	1	1	1	1	0
25.07.2015 06:32:24.645000	0.125	0.120091	0.118437	127.914	-672.029	4.26866	6	4	4	4	0.264865	290	62.1774	0	0	-0.0497023	0.497309	132.627	0.525346	505.789	1	1	1	1	1	1	1	0
25.07.2015 06:32:24.745000	0.125	0.120091	0.118437	127.922	-672.031	3.78581	6	4	4	4	0.264344	290	62.1774	0	0	-0.0497023	0.464178	132.583	0.526872	505.617	1	1	1	1	1	1	1	0
25.07.2015 06:32:24.845000	0.125	0.120091	0.118437	127.914	-672.029	3.27402	6	4	4	4	0.244608	290	62.1774	0	0	-0.0497023	0.433333	132.542	0.528947	505.451	1	1	1	1	1	1	1	0
25.07.2015 06:32:24.945000	0.125	0.120091	0.118437	127.922	-672.023	2.88086	6	4	4	4	0.257978	290	62.1774	0	0	-0.0497023	0.402315	132.501	0.530107	505.29	1	1	1	1	1	1	1	0
25.07.2015 06:32:25.045000	0.125	0.120091	0.118437	127.922	-672.029	1.50535	6	4	4	4	0.252154	290	62.1774	0	0	-0.0497023	0.380903	132.457	0.529496	505.124	1	1	1	1	1	1	1	0
25.07.2015 06:32:25.145000	0.125	0.120091	0.118437	127.918	-672.027	0.372721	6	4	4	4	0.268227	290	62.1774	0	0	-0.0497023	0.364236	132.416	0.529069	504.969	1	1	1	1	1	1	1	0
25.07.2015 06:32:25.245000	0.125	0.120091	0.118437	127.922	-672.023	0.137804	6	4	4	4	0.270155	290	62.1774	0	0	-0.0497023	0.34456	132.384	0.530656	504.839	1	1	1	1	1	1	1	0
25.07.2015 06:32:25.345000	0.125	0.120091	0.118437	127.922	-672.023	0.115017	6	4	4	4	0.255352	290	62.1774	0	0	-0.0497023	0.330093	132.345	0.529984	504.693	1	1	1	1	1	1	1	0
25.07.2015 06:32:25.445000	0.125	0.120091	0.118437	127.919	-672.023	0.100188	6	4	4	4	0.266478	290	62.1774	0	0	-0.0497023	0.317535	132.305	0.530045	504.541	1	1	1	1	1	1	1	0
25.07.2015 06:32:25.545000	0.125	0.120091	0.118437	127.922	-672.027	0.0873481	6	4	4	4	0.243597	290	62.1774	0	0	-0.0114315	0.307668	132.268	0.529313	504.403	1	1	1	1	1	1	1	0
25.07.2015 06:32:25.645000	0.125	0.120091	0.118437	127.922	-672.023	0.0708912	6	4	4	4	0.249925	290	62.1774	0	0	0	0.297483	132.233	0.530412	504.263	1	1	1	1	1	1	1	0
25.07.2015 06:32:25.745000	0.125	0.120091	0.118437	127.875	-672.023	0.0591363	6	4	4	4	0.255391	290	62.1774	0	0	0	0.300347	132.202	0.531022	504.14	1	1	1	1	1	1	1	0
25.07.2015 06:32:25.845000	0.125	0.120091	0.118437	127.875	-672.023	0.0488281	6	4	4	4	0.241435	290	62.1774	0	0	0	0.307986	132.166	0.531205	504.003	1	1	1	1	1	1	1	0
25.07.2015 06:32:25.945000	0.125	0.120091	0.118437	127.867	-672.016	0.0390625	6	4	4	4	0.238962	290	62.1774	0	0	0	0.315336	132.131	0.530839	503.872	1	1	1	1	1	1	1	0
25.07.2015 06:32:26.045000	0.125	0.120091	0.118437	127.859	-671.583	0.0292969	6	4	4	4	0.250069	290	62.1774	0	0	0	0.32309	132.099	0.532609	503.743	1	1	1	1	1	1	1	0
25.07.2015 06:32:26.145000	0.125	0.120091	0.118437	127.867	-667.738	0.023329	6	4	4	4	0.256475	290	62.1774	0	0	0	0.327199	132.062	0.528947	503.613	1	1	1	1	1	1	1	0
25.07.2015 06:32:26.245000	0.125	0.120091	0.118437	127.867	-651.766	0.0184462	6	4	4	4	0.243921	290	62.1774	0	0	0	0.332928	132.029	0.525407	503.503	1	1	1	1	1	1	1	0
25.07.2015 06:32:26.345000	0.125	0.120091	0.118437	127.867	-630.629	0.0130208	6	4	4	4	0.256307	290	62.1774	0	0	0	0.337616	132	0.530351	503.37	1	1	1	1	1	1	1	0
25.07.2015 06:32:26.445000	0.125	0.120091	0.118437	127.87	-600.492	0.0108507	6	4	4	4	0.265214	290	62.1774	0	0	0	0.341898	131.97	0.531798	503.249	1	1	1	1	1	1	1	0
25.07.2015 06:32:26.545000	0.125	0.120091	0.118437	127.875	-567.547	0.00759549	6	4	4	4	0.265251	290	62.1774	0	0	0	0.344387	131.943	0.531877	503.147	1	1	1	1	1	1	1	0
25.07.2015 06:32:26.645000	0.125	0.120091	0.118437	127.875	-534.742	0.00506366	6	4	4	4	0.28917	290	62.1774	0	0	0	0.347859	131.911	0.530656	503.028	1	1	1	1	1	1	1	0
25.07.2015 06:32:26.745000	0.125	0.120091	0.118437	127.875	-498.367	0.00271267	6	4	4	4	0.277256	290	62.1774	0	0	0	0.351476	131.885	0.532087	502.92	1	1	1	1	1	1	1	0
25.07.2015 06:32:26.845000	0.125	0.120091	0.118437	127.87	-446.26	0.00289352	6	4	4	4	0.277937	290	62.1774	0	0	0	0.353443	131.852	0.533158	502.795	1	1	1	1	1	1	1	0
25.07.2015 06:32:26.945000	0.125	0.120091	0.118437	127.867	-398.941	0.00271267	6	4	4	4	0.286355	290	62.1774	0	0	0	0.355635	131.821	0.533891	502.673	1	1	1	1	1	1	1	0
25.07.2015 06:32:27.045000	0.125	0.120091	0.118437	127.865	-356.641	0.00289352	6	4	4	4	0.291524	290	62.1774	0	0	0	0.357711	131.793	0.533586	502.566	1	1	1	1	1	1	1	0
25.07.2015 06:32:27.145000	0.125	0.120091	0.118437	127.863	-314.402	0.000542535	6	4	4	4	0.306579	290	62.1774	0	0	0	0.360352	131.763	0.535073	502.443	1	1	1	1	1	1	1	0
25.07.2015 06:32:27.245000	0.125	0.120091	0.118437	127.859	-256.284	0.00144676	6	4	4	4	0.294897	290	62.1774	0	0	0	0.361147	131.734	0.533036	502.344	1	1	1	1	1	1	1	0
25.07.2015 06:32:27.345000	0.125	0.120091	0.118437	127.859	-215.004	0.000542535	6	4	4	4	0.319863	290	62.1774	0	0	0	0.36263	131.704	0.533464	502.225	1	1	1	1	1	1	1	0
25.07.2015 06:32:27.445000	0.125	0.120091	0.118437	127.865	-173.753	0.00108507	6	4	4	4	0.29712	290	62.1774	0	0	0	0.363317	131.675	0.535356	502.109	1	1	1	1	1	1	1	0
25.07.2015 06:32:27.545000	0.125	0.120091	0.118437	127.867	-124.086	0.00108507	6	4	4	4	0.304906	290	62.1774	0	0	0	0.364439	131.65	0.537492	502.003	1	1	1	1	1	1	1	0
25.07.2015 06:32:27.645000	0.125	0.120091	0.118437	127.867	-74.7839	0.00108507	6	4	4	4	0.290116	290	62.1774	0	0	0	0.364511	131.618	0.53975	501.871	1	1	1	1	1	1	1	0
25.07.2015 06:32:27.745000	0.125	0.120091	0.118437	127.867	-33.6758	0.00108507	6	4	4	4	0.310054	290	62.1774	0	0	0	0.365885	131.588	0.538896	501.761	1	1	1	1	1	1	1	0
25.07.2015 06:32:27.845000	0.125	0.120091	0.118437	127.875	7.4401	0.00108507	6	4	4	4	0.294392	290	62.1774	0	0	0	0.365777	131.563	0.539079	501.665	1	1	1	1	1	1	1	0
25.07.2015 06:32:27.945000	0.125	0.120091	0.118437	127.875	56.3438	0.00108507	6	4	4	4	0.320164	290	62.1774	0	0	0	0.365994	131.529	0.53853	501.538	1	1	1	1	1	1	1	0
25.07.2015 06:32:28.045000	0.125	0.120091	0.118437	127.875	105.755	0.00036169	6	4	4	4	0.315256	290	62.1774	0	0	0	0.365488	131.502	0.537858	501.436	1	1	1	1	1	1	1	0
25.07.2015 06:32:28.145000	0.125	0.120091	0.118437	127.875	146.758	0.000542535	6	4	4	4	0.310191	290	62.1774	0	0	0	0.364764	131.476	0.539994	501.326	1	1	1	1	1	1	1	0
25.07.2015 06:32:28.245000	0.125	0.120091	0.118437	127.875	187.43	0.00108507	6	4	4	4	0.285023	290	62.1774	0	0	0	0.364149	131.447	0.539933	501.217	1	1	1	1	1	1	1	0
25.07.2015 06:32:28.345000	0.125	0.120091	0.118437	127.875	244.418	-0.00108507	6	4	4	4	0.301682	290	62.1774	0	0	0	0.36292	131.419	0.539323	501.112	1	1	1	1	1	1	1	0
25.07.2015 06:32:28.445000	0.125	0.120091	0.118437	127.875	285.193	-0.00072338	6	4	4	4	0.304041	290	62.1774	0	0	0	0.362413	131.396	0.539079	501.027	1	1	1	1	1	1	1	0
25.07.2015 06:32:28.545000	0.125	0.120091	0.118437	127.875	325.875	0.00271267	6	4	4	4	0.294482	290	62.1774	0	0	0	0.360858	131.371	0.540422	500.926	1	1	1	1	1	1	1	0
25.07.2015 06:32:28.645000	0.125	0.120091	0.118437	127.875	371.964	-0.00253183	6	4	4	4	0.289586	290	62.1774	0	0	0	0.359881	131.349	0.539689	500.842	1	1	1	1	1	1	1	0
25.07.2015 06:32:28.745000	0.125	0.120091	0.118437	127.875	423.605	-0.00325521	6	4	4	4	0.27101	290	62.1774	0	0	0	0.357856	131.32	0.539201	500.733	1	1	1	1	1	1	1	0
25.07.2015 06:32:28.845000	0.125	0.120091	0.118437	127.875	464.151	-0.0036169	6	4	4	4	0.277358	290	62.1774	0	0	0	0.356988	131.298	0.543657	500.631	1	1	1	1	1	1	1	0
25.07.2015 06:32:28.945000	0.125	0.120091	0.118437	127.875	504.652	-0.00379774	6	4	4	4	0.273475	290	62.1774	0	0	0	0.354673	131.269	0.543168	500.524	1	1	1	1	1	1	1	0
25.07.2015 06:32:29.045000	0.125	0.120091	0.118437	127.875	555.112	-0.00470197	6	4	4	4	0.270097	290	62.1774	0	0	0	0.353624	131.241	0.543718	500.414	1	1	1	1	1	1	1	0
25.07.2015 06:32:29.145000	0.125	0.120091	0.118437	127.875	593.305	-0.00434028	6	4	4	4	0.262243	290	62.1774	0	0	0	0.351671	131.216	0.543779	500.319	1	1	1	1	1	1	1	0
25.07.2015 06:32:29.245000	0.125	0.120091	0.118437	127.875	621.227	-0.00397859	6	4	4	4	0.280776	290	62.1774	0	0	0	0.35008	131.196	0.542131	500.246	1	1	1	1	1	1	1	0
25.07.2015 06:32:29.345000	0.125	0.120091	0.118437	127.875	644.094	-0.00488281	6	4	4	4	0.27329	290	62.1774	0	0	0	0.348163	131.173	0.542985	500.157	1	1	1	1	1	1	1	0
25.07.2015 06:32:29.445000	0.125	0.120091	0.118437	127.875	665.948	-0.00470197	6	4	4	4	0.272847	290	62.1774	0	0	0	0.345378	131.147	0.542192	500.061	1	1	1	1	1	1	1	0
25.07.2015 06:32:29.545000	0.125	0.120091	0.118437	127.875	673.516	-0.00434028	6	4	4	4	0.256642	290	62.1774	0	0	0	0.343967	131.126	0.541337	499.981	1	1	1	1	1	1	1	0
25.07.2015 06:32:29.645000	0.125	0.120091	0.118437	127.875	674.823	-0.00470197	6	4	4	4	0.262962	290	62.1774	0	0	0	0.341001	131.102	0.543046	499.884	1	1	1	1	1	1	1	0
25.07.2015 06:32:29.745000	0.125	0.120091	0.118437	127.875	674.992	-0.00651042	6	4	4	4	0.280948	290	62.1774	0	0	0	0.338614	131.077	0.54384	499.784	1	1	1	1	1	1	1	0
25.07.2015 06:32:29.845000	0.125	0.120091	0.118437	127.875	675	-0.00795718	6	4	4	4	0.261599	290	62.1774	0	0	0	0.335467	131.054	0.54268	499.704	1	1	1	1	1	1	1	0
25.07.2015 06:32:29.945000	0.125	0.120091	0.118437	127.875	675	-0.00705295	6	4	4	4	0.262632	290	62.1774	0	0	0	0.333876	131.036	0.541581	499.635	1	1	1	1	1	1	1	0
25.07.2015 06:32:30.045000	0.125	0.120091	0.118437	127.875	674.992	-0.00687211	6	4	4	4	0.264395	290	62.1774	0	0	0	0.330367	131.011	0.545366	499.526	1	1	1	1	1	1	1	0
25.07.2015 06:32:30.145000	0.125	0.120091	0.118437	127.867	675.008	-0.00705295	6	4	4	4	0.258993	290	62.1774	0	0	0	0.327908	130.984	0.544633	499.427	1	1	1	1	1	1	1	0
25.07.2015 06:32:30.245000	0.125	0.120091	0.118437	127.865	675.034	-0.00614873	6	4	4	4	0.263199	290	62.1774	0	0	0	0.325521	130.961	0.544267	499.339	1	1	1	1	1	1	1	0
25.07.2015 06:32:30.345000	0.125	0.120091	0.118437	127.867	675.023	-0.00705295	6	4	4	4	0.265697	290	62.1774	0	0	0	0.323568	130.941	0.544572	499.263	1	1	1	1	1	1	1	0
25.07.2015 06:32:30.445000	0.125	0.120091	0.118437	127.859	675.042	-0.00470197	6	4	4	4	0.276679	290	62.1774	0	0	0	0.321289	130.915	0.546037	499.157	1	1	1	1	1	1	1	0
25.07.2015 06:32:30.545000	0.125	0.120091	0.118437	127.863	675.027	-0.00651042	6	4	4	4	0.272045	290	62.1774	0	0	0	0.319191	130.891	0.54677	499.062	1	1	1	1	1	1	1	0
25.07.2015 06:32:30.645000	0.125	0.120091	0.118437	127.857	675.023	-0.00578704	6	4	4	4	0.269761	290	62.1774	0	0	0	0.318576	130.869	0.546709	498.977	1	1	1	1	1	1	1	0
25.07.2015 06:32:30.745000	0.125	0.120091	0.118437	127.859	675.023	-0.00542535	6	4	4	4	0.265157	290	62.1774	0	0	0	0.316732	130.845	0.545793	498.891	1	1	1	1	1	1	1	0
25.07.2015 06:32:30.845000	0.125	0.120091	0.118437	127.865	675.023	-0.00434028	6	4	4	4	0.281431	290	62.1774	0	0	0	0.315755	130.822	0.544267	498.808	1	1	1	1	1	1	1	0
25.07.2015 06:32:30.945000	0.125	0.120091	0.118437	127.863	675.016	-0.00379774	6	4	4	4	0.273495	290	62.1774	0	0	0	0.313802	130.799	0.546892	498.71	1	1	1	1	1	1	1	0
25.07.2015 06:32:31.045000	0.125	0.120091	0.118437	127.862	675.016	-0.00108507	6	4	4	4	0.262775	290	62.1774	0	0	0	0.314489	130.778	0.546831	498.628	1	1	1	1	1	1	1	0
25.07.2015 06:32:31.145000	0.125	0.120091	0.118437	127.867	675.016	-0.00325521	6	4	4	4	0.262412	290	62.1774	0	0	0	0.313079	130.754	0.547258	498.537	1	1	1	1	1	1	1	0
25.07.2015 06:32:31.245000	0.125	0.120091	0.118437	127.867	675.016	-0.00397859	6	4	4	4	0.279167	290	62.1774	0	0	0	0.313296	130.732	0.547197	498.451	1	1	1	1	1	1	1	0
25.07.2015 06:32:31.345000	0.125	0.120091	0.118437	127.867	675.016	-0.00379774	6	4	4	4	0.275306	290	62.1774	0	0	0	0.312862	130.708	0.546464	498.364	1	1	1	1	1	1	1	0
25.07.2015 06:32:31.445000	0.125	0.120091	0.118437	127.867	675.016	-0.00434028	6	4	4	4	0.281916	290	62.1774	0	0	0	0.313296	130.686	0.547075	498.277	1	1	1	1	1	1	1	0
25.07.2015 06:32:31.545000	0.125	0.120091	0.118437	127.867	675.016	-0.00488281	6	4	4	4	0.279637	290	62.1774	0	0	0	0.31373	130.663	0.546648	498.189	1	1	1	1	1	1	1	0
25.07.2015 06:32:31.645000	0.125	0.120091	0.118437	127.867	675.016	-0.00506366	6	4	4	4	0.279415	290	62.1774	0	0	0	0.313187	130.64	0.547014	498.101	1	1	1	1	1	1	1	0
25.07.2015 06:32:31.745000	0.125	0.120091	0.118437	127.867	675.016	-0.00325521	6	4	4	4	0.262318	290	62.1774	0	0	0	0.314128	130.618	0.547136	498.016	1	1	1	1	1	1	1	0
25.07.2015 06:32:31.845000	0.125	0.120091	0.118437	127.87	675.016	-0.00253183	6	4	4	4	0.275048	290	62.1774	0	0	0	0.313657	130.597	0.548906	497.927	1	1	1	1	1	1	1	0
25.07.2015 06:32:31.945000	0.125	0.120091	0.118437	127.867	675.02	-0.000542535	6	4	4	4	0.264896	290	62.1774	0	0	0	0.313874	130.578	0.549882	497.85	1	1	1	1	1	1	1	0
25.07.2015 06:32:32.045000	0.125	0.120091	0.118437	127.867	675.021	-0.00108507	6	4	4	4	0.244988	290	62.1774	0	0	0	0.31203	130.553	0.550676	497.752	1	1	1	1	1	1	1	0
25.07.2015 06:32:32.145000	0.125	0.120091	0.118437	127.867	675.023	-0.00325521	6	4	4	4	0.267413	290	62.1774	0	0	0	0.31203	130.532	0.550615	497.673	1	1	1	1	1	1	1	0
25.07.2015 06:32:32.245000	0.125	0.120091	0.118437	127.867	675.023	-0.00289352	6	4	4	4	0.259557	290	62.1774	0	0	0	0.310294	130.514	0.551836	497.599	1	1	1	1	1	1	1	0
25.07.2015 06:32:32.345000	0.125	0.120091	0.118437	127.867	675.023	-0.00325521	6	4	4	4	0.250797	290	62.1774	0	0	0	0.309028	130.491	0.552507	497.509	1	1	1	1	1	1	1	0
25.07.2015 06:32:32.445000	0.125	0.120091	0.118437	127.867	675.023	-0.00108507	6	4	4	4	0.251526	290	62.1774	0	0	0	0.307147	130.469	0.552324	497.427	1	1	1	1	1	1	1	0
25.07.2015 06:32:32.545000	0.125	0.120091	0.118437	127.867	675.023	-0.00434028	6	4	4	4	0.266347	290	62.1774	0	0	0	0.306134	130.445	0.550005	497.342	1	1	1	1	1	1	1	0
25.07.2015 06:32:32.645000	0.125	0.120091	0.118437	127.867	675.023	-0.00397859	6	4	4	4	0.271454	290	62.1774	0	0	0	0.304543	130.427	0.55031	497.273	1	1	1	1	1	1	1	0
25.07.2015 06:32:32.745000	0.125	0.120091	0.118437	127.867	675.023	-0.00434028	6	4	4	4	0.259528	290	62.1774	0	0	0	0.303277	130.407	0.552873	497.186	1	1	1	1	1	1	1	0
25.07.2015 06:32:32.845000	0.125	0.120091	0.118437	127.865	675.023	-0.00325521	6	4	4	4	0.249792	290	62.1774	0	0	0	0.302373	130.386	0.552995	497.104	1	1	1	1	1	1	1	0
25.07.2015 06:32:32.945000	0.125	0.120091	0.118437	127.867	675.023	-0.0016276	6	4	4	4	0.263976	290	62.1774	0	0	0	0.301468	130.361	0.552263	497.013	1	1	1	1	1	1	1	0
25.07.2015 06:32:33.045000	0.125	0.120091	0.118437	127.867	675.023	-0.00108507	6	4	4	4	0.254713	290	62.1774	0	0	0	0.301939	130.345	0.551714	496.953	1	1	1	1	1	1	1	0
25.07.2015 06:32:33.145000	0.125	0.120091	0.118437	127.867	675.023	-0.00108507	6	4	4	4	0.236899	290	62.1774	0	0	0	0.301071	130.324	0.551714	496.872	1	1	1	1	1	1	1	0
25.07.2015 06:32:33.245000	0.125	0.120091	0.118437	127.867	675.023	-0.00144676	6	4	4	4	0.276064	290	62.1774	0	0	0	0.302119	130.302	0.548906	496.798	1	1	1	1	1	1	1	0
25.07.2015 06:32:33.345000	0.125	0.120091	0.118437	127.867	675.023	-0.00108507	6	4	4	4	0.26039	290	62.1774	0	0	0	0.30183	130.283	0.548235	496.73	1	1	1	1	1	1	1	0
25.07.2015 06:32:33.445000	0.125	0.120091	0.118437	127.867	675.023	0.00036169	6	4	4	4	0.265978	290	62.1774	0	0	0	0.302915	130.262	0.546403	496.657	1	1	1	1	1	1	1	0
25.07.2015 06:32:33.545000	0.125	0.120091	0.118437	127.867	675.023	0.00108507	6	4	4	4	0.261455	290	62.1774	0	0	0	0.302698	130.244	0.54622	496.588	1	1	1	1	1	1	1	0
25.07.2015 06:32:33.645000	0.125	0.120091	0.118437	127.867	675.023	0.00108507	6	4	4	4	0.247379	290	62.1774	0	0	0	0.303385	130.224	0.546831	496.507	1	1	1	1	1	1	1	0
25.07.2015 06:32:33.745000	0.125	0.120091	0.118437	127.867	675.023	0	6	4	4	4	0.252486	290	62.1774	0	0	0	0.303458	130.203	0.545549	496.434	1	1	1	1	1	1	1	0
25.07.2015 06:32:33.845000	0.125	0.120091	0.118437	127.865	675.023	-0.00144676	6	4	4	4	0.272969	290	62.1774	0	0	0	0.303602	130.189	0.547563	496.37	1	1	1	1	1	1	1	0
25.07.2015 06:32:33.945000	0.125	0.120091	0.118437	127.867	675.023	-0.000542535	6	4	4	4	0.271693	290	62.1774	0	0	0	0.303747	130.165	0.547807	496.279	1	1	1	1	1	1	1	0
25.07.2015 06:32:34.045000	0.125	0.120091	0.118437	127.867	675.023	-0.00289352	6	4	4	4	0.264752	290	62.1774	0	0	0	0.303422	130.144	0.546464	496.202	1	1	1	1	1	1	1	0
25.07.2015 06:32:34.145000	0.125	0.120091	0.118437	127.867	675.023	-0.0016276	6	4	4	4	0.261169	290	62.1774	0	0	0	0.302915	130.126	0.546403	496.135	1	1	1	1	1	1	1	0
25.07.2015 06:32:34.245000	0.125	0.120091	0.118437	127.867	675.023	-0.00325521	6	4	4	4	0.242569	290	62.1774	0	0	0	0.30089	130.107	0.547563	496.056	1	1	1	1	1	1	1	0
25.07.2015 06:32:34.345000	0.125	0.120091	0.118437	127.867	675.023	-0.00434028	6	4	4	4	0.231956	290	62.1774	0	0	0	0.301505	130.08	0.549699	495.947	1	1	1	1	1	1	1	0
25.07.2015 06:32:34.445000	0.125	0.120091	0.118437	127.867	675.023	-0.00542535	6	4	4	4	0.259281	290	62.1774	0	0	0	0.300347	130.064	0.54854	495.889	1	1	1	1	1	1	1	0
25.07.2015 06:32:34.545000	0.125	0.120091	0.118437	127.871	675.023	-0.00434028	6	4	4	4	0.245732	290	62.1774	0	0	0	0.299949	130.048	0.548357	495.827	1	1	1	1	1	1	1	0
25.07.2015 06:32:34.645000	0.125	0.120091	0.118437	127.87	675.023	-0.00470197	6	4	4	4	0.237972	290	62.1774	0	0	0	0.298937	130.027	0.547563	495.749	1	1	1	1	1	1	1	0
25.07.2015 06:32:34.745000	0.125	0.120091	0.118437	127.867	675.023	-0.00488281	6	4	4	4	0.241396	290	62.1774	0	0	0	0.299117	130.006	0.548418	495.668	1	1	1	1	1	1	1	0
25.07.2015 06:32:34.845000	0.125	0.120091	0.118437	127.867	675.031	-0.00506366	6	4	4	4	0.249532	290	62.1774	0	0	0	0.298213	129.988	0.548662	495.597	1	1	1	1	1	1	1	0
25.07.2015 06:32:34.945000	0.125	0.120091	0.118437	127.867	675.023	-0.00434028	6	4	4	4	0.256368	290	62.1774	0	0	0	0.296875	129.971	0.551714	495.519	1	1	1	1	1	1	1	0
25.07.2015 06:32:35.045000	0.125	0.120091	0.118437	127.867	675.026	-0.00470197	6	4	4	4	0.248108	290	62.1774	0	0	0	0.296332	129.948	0.547441	495.45	1	1	1	1	1	1	1	0
25.07.2015 06:32:35.145000	0.125	0.120091	0.118437	127.867	675.027	-0.00434028	6	4	4	4	0.270218	290	62.1774	0	0	0	0.295645	129.929	0.549699	495.366	1	1	1	1	1	1	1	0
25.07.2015 06:32:35.245000	0.125	0.120091	0.118437	127.867	675.023	-0.00434028	6	4	4	4	0.258172	290	62.1774	0	0	0	0.295139	129.913	0.548967	495.309	1	1	1	1	1	1	1	0
25.07.2015 06:32:35.345000	0.125	0.120091	0.118437	127.867	675.027	-0.00488281	6	4	4	4	0.262011	290	62.1774	0	0	0	0.293945	129.893	0.550371	495.226	1	1	1	1	1	1	1	0
25.07.2015 06:32:35.445000	0.125	0.120091	0.118437	127.867	675.029	-0.00578704	6	4	4	4	0.263034	290	62.1774	0	0	0	0.294705	129.876	0.550188	495.162	1	1	1	1	1	1	1	0
25.07.2015 06:32:35.545000	0.125	0.120091	0.118437	127.867	675.031	-0.00651042	6	4	4	4	0.269204	290	62.1774	0	0	0	0.294162	129.856	0.550981	495.083	1	1	1	1	1	1	1	0
25.07.2015 06:32:35.645000	0.125	0.120091	0.118437	127.867	675.031	-0.00651042	6	4	4	4	0.264119	290	62.1774	0	0	0	0.294777	129.839	0.54799	495.031	1	1	1	1	1	1	1	0
25.07.2015 06:32:35.745000	0.125	0.120091	0.118437	127.867	675.031	-0.00651042	6	4	4	4	0.254277	290	62.1774	0	0	0	0.293764	129.819	0.55269	494.934	1	1	1	1	1	1	1	0
25.07.2015 06:32:35.845000	0.125	0.120091	0.118437	127.867	675.031	-0.00542535	6	4	4	4	0.264239	290	62.1774	0	0	0	0.295247	129.798	0.552141	494.858	1	1	1	1	1	1	1	0
25.07.2015 06:32:35.945000	0.125	0.120091	0.118437	127.871	675.031	-0.00434028	6	4	4	4	0.261039	290	62.1774	0	0	0	0.295356	129.781	0.551103	494.797	1	1	1	1	1	1	1	0
25.07.2015 06:32:36.045000	0.125	0.120091	0.118437	127.87	675.047	-0.0036169	6	4	4	4	0.268698	290	62.1774	0	0	0	0.295971	129.759	0.548845	494.721	1	1	1	1	1	1	1	0
25.07.2015 06:32:36.145000	0.125	0.120091	0.118437	127.867	675.023	-0.00325521	6	4	4	4	0.267447	290	62.1774	0	0	0	0.296766	129.745	0.551164	494.658	1	1	1	1	1	1	1	0
25.07.2015 06:32:36.245000	0.125	0.120091	0.118437	127.867	675.039	-0.00397859	6	4	4	4	0.239084	290	62.1774	0	0	0	0.298286	129.727	0.550432	494.59	1	1	1	1	1	1	1	0
25.07.2015 06:32:36.345000	0.125	0.120091	0.118437	127.867	675.035	-0.00325521	6	4	4	4	0.271847	290	62.1774	0	0	0	0.299588	129.709	0.550005	494.524	1	1	1	1	1	1	1	0
25.07.2015 06:32:36.445000	0.125	0.120091	0.118437	127.867	675.023	-0.00325521	6	4	4	4	0.249938	290	62.1774	0	0	0	0.300383	129.691	0.552568	494.447	1	1	1	1	1	1	1	0
25.07.2015 06:32:36.545000	0.125	0.120091	0.118437	127.867	675.023	-0.00325521	6	4	4	4	0.264497	290	62.1774	0	0	0	0.302807	129.672	0.549638	494.385	1	1	1	1	1	1	1	0
25.07.2015 06:32:36.645000	0.125	0.120091	0.118437	127.859	675.073	-0.0036169	6	4	4	4	0.267162	290	62.1774	0	0	0	0.304362	129.66	0.550066	494.335	1	1	1	1	1	1	1	0
25.07.2015 06:32:36.745000	0.125	0.120091	0.118437	127.852	675.09	-0.00434028	6	4	4	4	0.248822	290	62.1774	0	0	0	0.307509	129.636	0.551958	494.238	1	1	1	1	1	1	1	0
25.07.2015 06:32:36.845000	0.125	0.120091	0.118437	127.849	675.023	-0.00578704	6	4	4	4	0.252108	290	62.1774	0	0	0	0.308268	129.621	0.550127	494.188	1	1	1	1	1	1	1	0
25.07.2015 06:32:36.945000	0.125	0.120091	0.118437	127.852	675.094	-0.00488281	6	4	4	4	0.227041	290	62.1774	0	0	0	0.310221	129.602	0.551653	494.107	1	1	1	1	1	1	1	0
25.07.2015 06:32:37.045000	0.125	0.120091	0.118437	127.852	675.081	-0.00470197	6	4	4	4	0.249255	290	62.1774	0	0	0	0.311632	129.582	0.55269	494.028	1	1	1	1	1	1	1	0
25.07.2015 06:32:37.145000	0.125	0.120091	0.118437	127.852	675.047	-0.00488281	6	4	4	4	0.254479	290	62.1774	0	0	0	0.31318	129.563	0.554888	493.948	1	1	1	1	1	1	1	0
25.07.2015 06:32:37.245000	0.125	0.120091	0.118437	127.854	675.039	-0.00470197	6	4	4	4	0.249246	290	62.1774	0	0	0	0.313802	129.551	0.554826	493.902	1	1	1	1	1	1	1	0
25.07.2015 06:32:37.345000	0.125	0.120091	0.118437	127.852	675.023	-0.00434028	6	4	4	4	0.249188	290	62.1774	0	0	0	0.315762	129.529	0.553606	493.82	1	1	1	1	1	1	1	0
25.07.2015 06:32:37.445000	0.125	0.120091	0.118437	127.857	675.008	-0.00470197	6	4	4	4	0.248152	290	62.1774	0	0	0	0.317976	129.51	0.553183	493.748	1	1	1	1	1	1	1	0
25.07.2015 06:32:37.545000	0.125	0.120091	0.118437	127.859	674.996	-0.00434028	6	4	4	4	0.252441	290	62.1774	0	0	0	0.318757	129.492	0.552873	493.657	1	1	1	1	1	1	1	0
25.07.2015 06:32:37.645000	0.125	0.120091	0.118437	127.857	674.984	-0.00470197	6	4	4	4	0.238443	290	62.1774	0	0	0	0.320587	129.472	0.551653	493.608	1	1	1	1	1	1	1	0
25.07.2015 06:32:37.745000	0.125	0.120091	0.118437	127.859	674.988	-0.00488281	6	4	4	4	0.238536	290	62.1774	0	0	0	0.321701	129.45	0.551286	493.527	1	1	1	1	1	1	1	0
25.07.2015 06:32:37.845000	0.125	0.120091	0.118437	127.859	674.984	-0.00434028	6	4	4	4	0.231981	290	62.1774	0	0	0	0.323828	129.434	0.55092	493.469	1	1	1	1	1	1	1	0
25.07.2015 06:32:37.945000	0.125	0.120091	0.118437	127.859	674.984	-0.00434028	6	4	4	4	0.235748	290	62.1774	0	0	0	0.32445	129.414	0.551408	493.39	1	1	1	1	1	1	1	0
25.07.2015 06:32:38.045000	0.125	0.120091	0.118437	127.859	674.984	-0.00470197	6	4	4	4	0.231366	290	62.1774	0	0	0	0.326476	129.397	0.551714	493.322	1	1	1	1	1	1	1	0
25.07.2015 06:32:38.145000	0.125	0.120091	0.118437	127.859	674.984	-0.00434028	6	4	4	4	0.227407	290	62.1774	0	0	0	0.327677	129.379	0.556719	493.234	1	1	1	1	1	1	1	0
25.07.2015 06:32:38.245000	0.125	0.120091	0.118437	127.859	674.99	-0.00506366	6	4	4	4	0.226239	290	62.1774	0	0	0	0.32895	129.358	0.555376	493.158	1	1	1	1	1	1	1	0
25.07.2015 06:32:38.345000	0.125	0.120091	0.118437	127.852	674.988	-0.00488281	6	4	4	4	0.217955	290	62.1774	0	0	0	0.329702	129.344	0.555315	493.104	1	1	1	1	1	1	1	0
25.07.2015 06:32:38.445000	0.125	0.120091	0.118437	127.859	674.982	-0.00434028	6	4	4	4	0.217872	290	62.1774	0	0	0	0.330584	129.327	0.554765	493.042	1	1	1	1	1	1	1	0
25.07.2015 06:32:38.545000	0.125	0.120091	0.118437	127.852	674.977	0.000542535	6	4	4	4	0.240355	290	62.1774	0	0	0	0.332161	129.302	0.554155	492.949	1	1	1	1	1	1	1	0
25.07.2015 06:32:38.645000	0.125	0.120091	0.118437	127.857	674.971	-0.00036169	6	4	4	4	0.238085	290	62.1774	0	0	0	0.332755	129.289	0.553301	492.905	1	1	1	1	1	1	1	0
25.07.2015 06:32:38.745000	0.125	0.120091	0.118437	127.859	674.969	-0.0016276	6	4	4	4	0.231912	290	62.1774	0	0	0	0.334612	129.276	0.552886	492.855	1	1	1	1	1	1	1	0
