Time	[76:0]	[76:1]	[76:2]	[76:4]	[76:8]	[76:70]	[76:71]	[78:0]	[78:1]	[78:2]	[79:2]	[79:3]	[79:4]	[79:8]	[79:9]	[79:10]	[79:11]	[79:12]	[79:13]	[79:14]	[79.0]	[79.1]	[79.2]	[79.3]	[79.4]	[79.5]	[79.6]	[79.8]
time	Hoogteverstelling - Referentie positie (mm)	Hoogteverstelling - AZ gemeten positie (mm)	Hoogteverstelling - BZ gemeten positie (mm)	Transfert Ingang - Gemeten positie (mm)	Transfert Uitgang - Gemeten positie (mm)	Aardgas - actueel debiet	Stappenschakelaar - gemeten pos	Laspos Ing - positie discreet	Laspos Uitg - positie discreet	Schaafverstelling - positie discreet	Stuikraam - Totale Stroommeting RMS-waarde (A)	Stuikraam - Stroomreferentie (A)	Stuikraam - Positie AZ (mm, pulsgever)	Stuikraam - Referentie Servo-ventiel (%)	Stuikraam - Trim door I-regelaar (%)	Stuikraam - Gemeten snelheid (mm/s, pulsgever)	Secundaire lasspanning	Stuikraam - Druk stuikcilinder voorkamer (=laszijde)  (bar)	Stuikraam - Druk stuikcilinder terugloopkamer  (bar)	Stuikraam - Netto voorwaartse kracht op stuikraam (kN)	Stuikraam - P1	Stuikraam - P2	Stuikraam - P3	Stuikraam - P4	Stuikraam - P5	Stuikraam - P6	Stuikraam - P7	Stuikraam - Openen stuikventielen	

Lasparameter.Ingang - Coil ID	0303329S
Lasparameter.Ingang - Dikte (um)	3590
Lasparameter.Ingang - Breedte (mm)	1828
Lasparameter.Ingang - Materiaal	0002
Lasparameter.Uitgang - Coil ID	0303328S
Lasparameter.Uitgang - Dikte (um)	3580
Lasparameter.Uitgang - Breedte (mm)	1832
Lasparameter.Uitgang - Materiaal	0002
Lasparameter.P2 (mm)	31.5
Lasparameter.P3 (mm)	42.0
Lasparameter.P4 (mm)	50.2
Lasparameter.P5 (mm)	56.3
Lasparameter.P6 (mm)	61.9
Lasparameter.P7 (mm)	66.2
Lasparameter.Vonksnelheid (mm/s)	1.20
Lasparameter.Lassnelheid (mm/s)	0.48
Lasparameter.Stroom Referentie (A)	0314
Lasparameter.Stroomtoename (µA/s2)	57.0
Lasparameter.Stuikstroomtijd (per)	0008
Lasparameter.Afkoeltijd Stuik (per)	0077
Lasparameter.Stuikdruk (bar)	0110
Lasparameter.Stuiksnelheid (%)	90.0

31.07.2015 08:45:10.476000	-0.005	-0.00856605	0	0.015625	-667.977	0.00108507	8	3	3	3	0.423207	314	0	0	0	0	0.480845	4.0343	128.612	-476.983	1	0	0	0	0	0	0	0
31.07.2015 08:45:10.576000	-0.005	-0.00856605	0	0.015625	-667.973	0.0016276	8	3	3	3	0.443188	314	0	0	0	0	0.480584	4.25428	128.587	-476.044	1	0	0	0	0	0	0	0
31.07.2015 08:45:10.676000	-0.005	-0.00856605	0	0.015625	-667.969	0.00108507	8	3	3	3	0.430448	314	0	0	0	0	0.480411	5.42784	128.624	-471.692	1	0	0	0	0	0	0	0
31.07.2015 08:45:10.776000	-0.005	-0.00856605	0	0.015625	-667.973	0.00108507	8	3	3	3	0.397008	314	0	0	0	0	0.480324	5.74438	128.609	-470.423	1	0	0	0	0	0	0	0
31.07.2015 08:45:10.876000	-0.005	-0.00856605	0	0.0104167	-667.961	0.00217014	8	3	3	3	0.373999	314	0	0	0	0	0.480324	2.97586	128.482	-480.538	1	0	0	0	0	0	0	0
31.07.2015 08:45:10.976000	-0.005	-0.00856605	0	0.0117188	-667.973	-0.00108507	8	3	3	3	0.418604	314	0	0	0	0	0.479948	3.90075	128.485	-477.009	1	0	0	0	0	0	0	0
31.07.2015 08:45:11.076000	-0.005	-0.00856605	0	0.0208333	-667.964	0.00036169	8	3	3	3	0.425742	314	0	0	0	0	0.480122	6.3816	128.593	-467.923	1	0	0	0	0	0	0	0
31.07.2015 08:45:11.176000	-0.005	-0.00856605	0	0.0234375	-667.965	0.00108507	8	3	3	3	0.417602	314	0	0	0	0	0.480324	2.94339	128.428	-480.456	1	0	0	0	0	0	0	0
31.07.2015 08:45:11.276000	-0.005	-0.00856605	0	0.0234375	-667.969	0.00144676	8	3	3	3	0.413705	314	0	0	0	0	0.479109	5.49028	128.488	-470.932	1	0	0	0	0	0	0	0
31.07.2015 08:45:11.376000	-0.005	-0.00856605	0	0.0234375	-667.969	0.0016276	8	3	3	3	0.424429	314	0	0	0	0	0.477344	5.83697	128.492	-469.621	1	0	0	0	0	0	0	0
31.07.2015 08:45:11.476000	-0.005	-0.00856605	0	0.0234375	-667.969	0.00108507	8	3	3	3	0.423727	314	0	0	0	0	0.476476	4.79482	128.443	-473.424	1	0	0	0	0	0	0	0
31.07.2015 08:45:11.576000	-0.005	-0.00856605	0	0.0234375	-667.969	0.0016276	8	3	3	3	0.377237	314	0	0	0	0	0.477199	5.59075	128.437	-470.355	1	0	0	0	0	0	0	0
31.07.2015 08:45:11.676000	-0.005	-0.00856605	0	0.0234375	-667.964	0.00144676	8	3	3	3	0.403629	314	0	0	0	0	0.480613	5.16385	128.408	-471.876	1	0	0	0	0	0	0	0
31.07.2015 08:45:11.776000	-0.005	-0.00856605	0	0.0234375	-667.961	0.00108507	8	3	3	3	0.397058	314	0	0	0	0	0.485301	4.95102	128.381	-472.59	1	0	0	0	0	0	0	0
31.07.2015 08:45:11.876000	-0.005	-0.00856605	0	0.0104167	-667.961	0.00108507	8	3	3	3	0.387894	314	0	0	0	0	0.489699	2.7955	128.276	-480.44	1	0	0	0	0	0	0	0
31.07.2015 08:45:11.976000	-0.005	-0.00856605	0	0.09375	-667.969	0.00108507	8	3	3	3	0.394607	314	0	0	0	0	0.492766	3.29472	128.261	-478.472	1	0	0	0	0	0	0	0
31.07.2015 08:45:12.076000	-0.005	-0.00856605	0	0.369792	-667.969	0.00144676	8	3	3	3	0.371472	314	0	0	0	0	0.495023	4.83822	128.292	-472.681	1	0	0	0	0	0	0	0
31.07.2015 08:45:12.176000	-0.005	-0.00856605	0	1.33984	-667.969	0.00108507	8	3	3	3	0.395845	314	0	0	0	0	0.496933	4.75643	128.267	-472.899	1	0	0	0	0	0	0	0
31.07.2015 08:45:12.276000	-0.005	-0.00856605	0	13.4219	-667.966	0.00144676	8	3	3	3	0.381249	314	0	0	0	0	0.498727	4.19446	128.233	-474.917	1	0	0	0	0	0	0	0
31.07.2015 08:45:12.376000	-0.005	-0.00856605	0	36.6211	-667.969	0.00108507	8	3	3	3	0.400972	314	0	0	0	0	0.499797	5.06015	128.251	-471.673	1	0	0	0	0	0	0	0
31.07.2015 08:45:12.476000	-0.005	-0.00856605	0	57.7292	-667.969	0	8	3	3	3	0.394244	314	0	0	0	0	0.500622	4.95322	128.221	-471.968	1	0	0	0	0	0	0	0
31.07.2015 08:45:12.576000	-0.005	-0.00856605	0	82.9141	-667.969	-0.00108507	8	3	3	3	0.404993	314	0	0	0	0	0.502062	4.24061	128.184	-474.559	1	0	0	0	0	0	0	0
31.07.2015 08:45:12.676000	-0.005	-0.00856605	0	118.737	-667.969	-0.00108507	8	3	3	3	0.419402	314	0	0	0	0	0.502988	4.35597	128.165	-474.039	1	0	0	0	0	0	0	0
31.07.2015 08:45:12.776000	-0.005	-0.00856605	0	164.949	-667.969	-0.00325521	8	3	3	3	0.404571	314	0	0	0	0	0.503378	4.85842	128.159	-472.096	1	0	0	0	0	0	0	0
31.07.2015 08:45:12.876000	-0.005	-0.00856605	0	206.315	-667.969	-0.00144676	8	3	3	3	0.428515	314	0	0	0	0	0.503277	4.49757	128.126	-473.348	1	0	0	0	0	0	0	0
31.07.2015 08:45:12.976000	-0.005	-0.00856605	0	249.074	-667.969	-0.000542535	8	3	3	3	0.429724	314	0	0	0	0	0.503284	4.72524	128.111	-472.419	1	0	0	0	0	0	0	0
31.07.2015 08:45:13.076000	-0.005	-0.00856605	0	303.628	-667.969	0.00072338	8	3	3	3	0.40628	314	0	0	0	0	0.501259	4.5323	128.085	-473.057	1	0	0	0	0	0	0	0
31.07.2015 08:45:13.176000	-0.005	-0.00856605	0	352.605	-667.969	0.00217014	8	3	3	3	0.394691	314	0	0	0	0	0.497989	4.60414	128.068	-472.717	1	0	0	0	0	0	0	0
31.07.2015 08:45:13.276000	-0.005	-0.00856605	0	395.367	-667.969	0.00108507	8	3	3	3	0.37738	314	0	0	0	0	0.49571	4.55129	128.04	-472.814	1	0	0	0	0	0	0	0
31.07.2015 08:45:13.376000	-0.005	-0.00856605	0	436.496	-667.969	0.00108507	8	3	3	3	0.402354	314	0	0	0	0	0.494076	4.25636	128.016	-473.852	1	0	0	0	0	0	0	0
31.07.2015 08:45:13.476000	-0.005	-0.00856605	0	476.159	-667.969	0.00144676	8	3	3	3	0.404519	314	0	0	0	0	0.492867	4.39283	127.999	-473.262	1	0	0	0	0	0	0	0
31.07.2015 08:45:13.576000	-0.005	-0.00856605	0	493.418	-667.969	0.00108507	8	3	3	3	0.391104	314	0	0	0	0	0.490459	4.46944	127.976	-472.881	1	0	0	0	0	0	0	0
31.07.2015 08:45:13.676000	-0.005	-0.00856605	0	508.596	-667.969	0.00144676	8	3	3	3	0.430448	314	0	0	0	0	0.489034	4.48848	127.957	-472.737	1	0	0	0	0	0	0	0
31.07.2015 08:45:13.776000	-0.005	-0.00856605	0	527.539	-667.973	0.00108507	8	3	3	3	0.442127	314	0	0	0	0	0.486408	4.45503	127.937	-472.787	1	0	0	0	0	0	0	0
31.07.2015 08:45:13.876000	-0.005	-0.00856605	0	546.688	-667.969	0.00180845	8	3	3	3	0.425028	314	0	0	0	0	0.484093	4.43904	127.912	-472.755	1	0	0	0	0	0	0	0
31.07.2015 08:45:13.976000	-0.005	-0.00856605	0	562.422	-667.977	0.0016276	8	3	3	3	0.416483	314	0	0	0	0	0.482834	4.50447	127.891	-472.421	1	0	0	0	0	0	0	0
31.07.2015 08:45:14.076000	-0.005	-0.00856605	0	578.365	-667.977	0.00072338	8	3	3	3	0.382476	314	0	0	0	0	0.481966	4.45564	127.87	-472.529	1	0	0	0	0	0	0	0
31.07.2015 08:45:14.176000	-0.005	-0.00856605	0	596.543	-667.977	0	8	3	3	3	0.393233	314	0	0	0	0	0.481771	4.42531	127.849	-472.563	1	0	0	0	0	0	0	0
31.07.2015 08:45:14.276000	-0.005	-0.00856605	0	614.268	-667.977	-0.00072338	8	3	3	3	0.389648	314	0	0	0	0	0.481532	4.46541	127.826	-472.323	1	0	0	0	0	0	0	0
31.07.2015 08:45:14.376000	-0.005	-0.00856605	0	629.047	-667.98	-0.00108507	8	3	3	3	0.392647	314	0	0	0	0	0.483543	4.46199	127.804	-472.254	1	0	0	0	0	0	0	0
31.07.2015 08:45:14.476000	-0.005	-0.00856605	0	643.099	-667.977	-0.00108507	8	3	3	3	0.408739	314	0	0	0	0	0.484903	4.43263	127.787	-472.301	1	0	0	0	0	0	0	0
31.07.2015 08:45:14.576000	-0.005	-0.00856605	0	661.664	-667.98	0	8	3	3	3	0.308923	314	0	0	0	0	0.486632	4.43361	127.764	-472.206	1	0	0	0	0	0	0	0
31.07.2015 08:45:14.676000	-0.005	-0.00856605	0	673.677	-667.982	0.00108507	8	3	3	3	0.333539	314	0	0	0	0	0.48852	4.42885	127.742	-472.14	1	0	0	0	0	0	0	0
31.07.2015 08:45:14.776000	-0.005	-0.00856605	0	685.066	-667.984	0.00108507	8	3	3	3	0.405875	314	0	0	0	0	0.4915	4.41243	127.722	-472.128	1	0	0	0	0	0	0	0
31.07.2015 08:45:14.876000	-0.005	-0.00856605	0	695.328	-667.984	0.00325521	8	3	3	3	0.424124	314	0	0	0	0	0.49286	4.38173	127.704	-472.177	1	0	0	0	0	0	0	0
31.07.2015 08:45:14.976000	-0.005	-0.00856605	0	703.813	-667.984	0.00217014	8	3	3	3	0.399895	314	0	0	0	0	0.492672	4.34297	127.68	-472.233	1	0	0	0	0	0	0	0
31.07.2015 08:45:15.076000	-0.005	-0.00856605	0	706.042	-667.984	0.00397859	8	3	3	3	0.432442	314	0	0	0	0	0.49315	4.32923	127.659	-472.205	1	0	0	0	0	0	0	0
31.07.2015 08:45:15.176000	-0.005	-0.00856605	0	706.84	-667.984	0.00108507	8	3	3	3	0.402861	314	0	0	0	0	0.491334	4.41316	127.643	-471.822	1	0	0	0	0	0	0	0
31.07.2015 08:45:15.276000	-0.005	-0.00856605	0	707.164	-667.984	0.00180845	8	3	3	3	0.424678	314	0	0	0	0	0.488238	4.37123	127.699	-472.196	1	0	0	0	0	0	0	0
31.07.2015 08:45:15.376000	-0.005	-0.00856605	0	707.164	-667.984	0.000542535	8	3	3	3	0.404045	314	0	0	0	0	0.485735	4.50935	127.834	-472.184	1	0	0	0	0	0	0	0
31.07.2015 08:45:15.476000	-0.005	-0.00856605	0	707.164	-667.984	0.00108507	8	3	3	3	0.423324	314	0	0	0	0	0.484426	5.14255	128.025	-470.494	1	0	0	0	0	0	0	0
31.07.2015 08:45:15.576000	-0.005	-0.00856605	0	707.164	-667.984	0.00108507	8	3	3	3	0.418933	314	0	0	0	0	0.482979	4.33058	128.171	-474.161	1	0	0	0	0	0	0	0
31.07.2015 08:45:15.676000	-0.005	-0.00856605	0	707.164	-667.984	0.00108507	8	3	3	3	0.438393	314	0	0	0	0	0.483456	4.40394	128.394	-474.732	1	0	0	0	0	0	0	0
31.07.2015 08:45:15.776000	-0.005	-0.00856605	0	707.164	-667.984	0.00108507	8	3	3	3	0.41442	314	0	0	0	0	0.482118	4.66591	129.04	-476.202	1	0	0	0	0	0	0	0
31.07.2015 08:45:15.876000	-0.005	-0.00856605	0	707.164	-667.984	0.00108507	8	3	3	3	0.408666	314	0	0	0	0	0.480809	4.3946	129.183	-477.791	1	0	0	0	0	0	0	0
31.07.2015 08:45:15.976000	-0.005	-0.00856605	0	707.164	-667.984	0.00108507	8	3	3	3	0.387948	314	0	0	0	0	0.480324	4.39747	129.362	-478.464	1	0	0	0	0	0	0	0
31.07.2015 08:45:16.076000	-0.005	-0.00856605	0	707.167	-667.984	0.00072338	8	3	3	3	0.406424	314	0	0	0	0	0.479847	4.58675	129.578	-478.566	1	0	0	0	0	0	0	0
31.07.2015 08:45:16.176000	-0.005	-0.00856605	0	707.168	-667.984	-0.000542535	8	3	3	3	0.397816	314	0	0	0	0	0.478494	4.59499	129.691	-478.966	1	0	0	0	0	0	0	0
31.07.2015 08:45:16.276000	-0.005	-0.00856605	0	707.164	-667.984	-0.00108507	8	3	3	3	0.422809	314	0	0	0	0	0.477394	4.46022	129.753	-479.723	1	0	0	0	0	0	0	0
31.07.2015 08:45:16.376000	-0.005	-0.00856605	0	707.164	-667.984	-0.00108507	8	3	3	3	0.401952	314	0	0	0	0	0.47738	4.49165	129.85	-479.972	1	0	0	0	0	0	0	0
31.07.2015 08:45:16.476000	-0.005	-0.00856605	0	707.164	-667.984	-0.00036169	8	3	3	3	0.411958	314	0	0	0	0	0.477669	4.5367	129.979	-480.292	1	0	0	0	0	0	0	0
31.07.2015 08:45:16.576000	-0.005	-0.00856605	0	707.164	-667.984	0.00108507	8	3	3	3	0.409943	314	0	0	0	0	0.480071	4.4933	129.987	-480.491	1	0	0	0	0	0	0	0
31.07.2015 08:45:16.676000	-0.005	-0.00856605	0	707.164	-667.99	0.00144676	8	3	3	3	0.39816	314	0	0	0	0	0.483304	4.51515	130.131	-480.957	1	0	0	0	0	0	0	0
31.07.2015 08:45:16.776000	-0.005	-0.00856605	0	707.168	-667.992	0.00108507	8	3	3	3	0.42701	314	0	0	0	0	0.486871	4.27491	130.541	-483.448	1	0	0	0	0	0	0	0
31.07.2015 08:45:16.876000	-0.005	-0.00856605	0	707.18	-667.992	0.00144676	8	3	3	3	0.448602	314	0	0	0	0	0.489287	3.87304	130.513	-484.878	1	0	0	0	0	0	0	0
31.07.2015 08:45:16.976000	-0.005	-0.00856605	0	707.18	-668	-0.00217014	8	3	3	3	0.428928	314	0	0	0	0	0.491696	4.51173	128.299	-473.958	1	0	0	0	0	0	0	0
31.07.2015 08:45:17.076000	-0.005	-0.00856605	0	707.18	-667.995	0.00108507	8	3	3	3	0.412624	314	0	0	0	0	0.494112	4.86966	130.685	-481.724	1	0	0	0	0	0	0	0
31.07.2015 08:45:17.176000	-0.005	-0.00856605	0	707.176	-667.992	0.00108507	8	3	3	3	0.406962	314	0	0	0	0	0.496231	6.0575	131.092	-478.733	1	0	0	0	0	0	0	0
31.07.2015 08:45:17.276000	-0.005	-0.00856605	0	707.188	-667.99	0.00144676	8	3	3	3	0.422114	314	0	0	0	0	0.497729	4.73299	130.567	-481.795	1	0	0	0	0	0	0	0
31.07.2015 08:45:17.376000	-0.005	-0.00856605	0	707.188	-667.996	0.00217014	8	3	3	3	0.457208	314	0	0	0	0	0.498503	4.70724	129.91	-479.376	1	0	0	0	0	0	0	0
31.07.2015 08:45:17.476000	-0.005	-0.00856605	0	707.19	-667.995	0.00144676	8	3	3	3	0.462825	314	0	0	0	0	0.499371	5.22141	129.679	-476.523	1	0	0	0	0	0	0	0
31.07.2015 08:45:17.576000	-0.005	-0.00856605	0	707.188	-667.992	0.00108507	8	3	3	3	0.425418	314	0	0	0	0	0.500231	4.93649	129.659	-477.537	1	0	0	0	0	0	0	0
31.07.2015 08:45:17.676000	-0.005	-0.00856605	0	707.19	-667.992	0.00108507	8	3	3	3	0.39364	314	0	0	0	0	0.501107	4.83651	129.614	-477.75	1	0	0	0	0	0	0	0
31.07.2015 08:45:17.776000	-0.005	-0.00856605	0	707.188	-667.992	0.00108507	8	3	3	3	0.410389	314	0	0	0	0	0.501686	5.08377	129.515	-476.424	1	0	0	0	0	0	0	0
31.07.2015 08:45:17.876000	-0.005	-0.00856605	0	707.19	-667.992	0.00036169	8	3	3	3	0.429567	314	0	0	0	0	0.502315	5.05521	129.22	-475.403	1	0	0	0	0	0	0	0
31.07.2015 08:45:17.976000	-0.005	-0.00856605	0	707.188	-667.992	-0.00108507	8	3	3	3	0.431265	314	0	0	0	0	0.502025	4.82345	129.228	-476.318	1	0	0	0	0	0	0	0
31.07.2015 08:45:18.076000	-0.005	-0.00856605	0	707.188	-667.992	0.00036169	8	3	3	3	0.424527	314	0	0	0	0	0.502315	4.86361	129.111	-475.717	1	0	0	0	0	0	0	0
31.07.2015 08:45:18.176000	-0.005	-0.00856605	0	707.188	-667.992	0.00108507	8	3	3	3	0.439329	314	0	0	0	0	0.502409	4.3863	129.068	-477.381	1	0	0	0	0	0	0	0
31.07.2015 08:45:18.276000	-0.005	-0.00856605	0	707.188	-667.992	0.00144676	8	3	3	3	0.407048	314	0	0	0	0	0.501982	4.83425	127.49	-469.625	1	0	0	0	0	0	0	0
31.07.2015 08:45:18.376000	-0.005	-0.00856605	0	707.184	-667.992	0.00325521	8	3	3	3	0.440437	314	0.00845612	0	0	0	0.500919	29.2295	116.048	-332.41	1	0	0	0	0	0	0	0
31.07.2015 08:45:18.476000	-0.005	-0.00856605	0	706.867	-667.992	0.00144676	8	3	3	3	0.431859	314	0.973946	0	0	19.1106	0.500289	114.265	87.324	103.15	1	0	0	0	0	0	0	0
31.07.2015 08:45:18.576000	-0.005	-0.00856605	0	700.875	-667.988	0.00271267	8	3	3	3	0.405369	314	4.12659	0	0	33.9333	0.500579	110.782	84.6308	100.127	1	0	0	0	0	0	0	0
31.07.2015 08:45:18.676000	-0.005	-0.00856605	0	683.107	-667.987	0.00108507	8	3	3	3	0.414239	314	7.54535	0	0	34.6065	0.500051	111.956	85.8301	100.031	1	0	0	0	0	0	0	0
31.07.2015 08:45:18.776000	-0.005	-0.00856605	0	667.484	-667.992	0.00108507	8	3	3	3	0.410621	314	11.0208	0	0	34.9063	0.499855	115.293	89.2041	99.8884	1	0	0	0	0	0	0	0
31.07.2015 08:45:18.876000	-0.005	-0.00856605	0	645.94	-667.992	0.00144676	8	3	3	3	0.47014	314	14.5346	0	0	35.2192	0.500094	118.898	92.7755	100.017	1	0	0	0	0	0	0	0
31.07.2015 08:45:18.976000	-0.005	-0.00856605	0	608.695	-667.992	0.00271267	8	3	3	3	0.4392	314	18.0215	0	0	34.9121	0.500485	120.733	95.0743	98.2403	1	0	0	0	0	0	0	0
31.07.2015 08:45:19.076000	-0.005	-0.00856605	0	577.836	-668	0.00108507	8	3	3	3	0.436982	314	21.4646	0	0	34.5103	0.499566	120.837	95.5419	96.8501	1	0	0	0	0	0	0	0
31.07.2015 08:45:19.176000	-0.005	-0.00856605	0	544.047	-668	0.0016276	8	3	3	3	0.391551	314	24.8729	0	0	34.068	0.499761	120.704	95.1888	97.6911	1	0	0	0	0	0	0	0
31.07.2015 08:45:19.276000	-0.005	-0.00856605	0	505.745	-668	0.00108507	8	3	3	3	0.296511	314	28.2877	0	0	34.2852	0.499132	120.962	95.6357	96.9678	1	0	0	0	0	0	0	0
31.07.2015 08:45:19.376000	-0.005	-0.00856605	0	450.707	-668	0.00108507	8	3	3	3	0.355192	314	31.8512	27	0	40.9367	0.499132	119.175	90.4212	110.094	1	0.56	0	0	0	0	0	0
31.07.2015 08:45:19.476000	-0.005	-0.00856605	0	413.188	-668	0.00217014	8	3	3	3	0.33309	314	36.3305	50	0	38.565	0.49966	106.049	85.7214	77.8293	1	1	0	0	0	0	0	0
31.07.2015 08:45:19.576000	-0.005	-0.00856605	0	377.691	-668	0.0016276	8	3	3	3	0.339836	314	38.4903	48.404	0	15.7624	0.49966	82.2626	59.0782	88.7685	1	1	0	0	0	0	0	0
31.07.2015 08:45:19.676000	-0.005	-0.00856605	0	340.685	-668.013	0.00144676	8	3	3	3	0.333871	314	39.6358	39.3502	0	10.7914	0.500289	59.469	35.7057	90.9852	1	1	0	0	0	0	0	0
31.07.2015 08:45:19.776000	-0.005	-0.00856605	0	301.324	-668.023	0.0016276	8	3	3	3	0.35568	314	40.4874	29.3503	0	8.18806	0.500673	50.8496	26.7868	92.1317	1	1	0	0	0	0	0	0
31.07.2015 08:45:19.876000	-0.005	-0.00856605	0	272.185	-668.018	0.00144676	8	3	3	3	0.369549	314	41.0803	19.3502	0	6.09694	0.50183	46.3843	22.1448	92.808	1	1	0	0	0	0	0	0
31.07.2015 08:45:19.976000	-0.005	-0.00856605	0	247.645	-668.016	0.00108507	8	3	3	3	0.367329	314	41.4375	9.3957	0	4.16569	0.502503	43.9526	19.5837	93.3037	1	1	0	0	0	0	0	0
31.07.2015 08:45:20.076000	-0.005	-0.00856605	0	227.99	-668.018	-0.00072338	8	3	3	3	0.345754	314	41.5862	5.3053	0	3.25153	0.503704	43.2361	18.5545	94.5011	1	1	0	0	0	0	0	0
31.07.2015 08:45:20.176000	-0.005	-0.00856605	0	208.695	-668.016	-0.00108507	8	3	3	3	0.309582	314	41.7061	5.3053	0	1.63644	0.503906	43.4458	18.4261	95.7954	1	1	0	0	0	0	0	0
31.07.2015 08:45:20.276000	-0.005	-0.00856605	0	191.102	-668.023	-0.00108507	8	3	3	3	0.360162	314	41.8304	5.3053	0	1.53071	0.504724	43.0627	18.2763	94.9024	1	1	0	0	0	0	0	0
31.07.2015 08:45:20.376000	-0.005	-0.00856605	0	174.992	-668.023	-0.00108507	8	3	3	3	0.385998	314	41.9473	5.3053	0	1.19588	0.504919	42.9321	18.0963	95.0915	1	1	0	0	0	0	0	0
31.07.2015 08:45:20.476000	-0.005	-0.00856605	0	151.995	-668.023	0.00072338	8	3	3	3	53.4074	314	42.0717	5.3053	0	1.19587	0.561683	42.9564	17.9559	95.722	1	1	1	0	0	0	0	0
31.07.2015 08:45:20.576000	-0.005	-0.00856605	0	139.801	-668.023	0.0016276	8	3	3	3	93.8076	314	42.1896	5.3053	0	1.19582	5.75911	42.8794	17.901	95.6374	1	1	1	0	0	0	0	0
31.07.2015 08:45:20.676000	-0.005	-0.00856605	0	132.419	-668.029	0.00180845	8	3	3	3	93.8572	314	42.3119	5.3053	0	1.19775	10.1352	42.6281	17.8465	94.8837	1	1	1	0	0	0	0	0
31.07.2015 08:45:20.776000	-0.005	-0.00856605	0	128.813	-668.031	0.00325521	8	3	3	3	93.9252	314	42.4313	5.3053	0	1.21335	11.3871	42.5311	17.8136	94.6386	1	1	1	0	0	0	0	0
31.07.2015 08:45:20.876000	-0.005	-0.00856605	0	123.029	-668.034	0.00325521	8	3	3	3	93.8871	314	42.5517	5.3053	0	1.21334	11.6005	42.6898	17.9383	94.7687	1	1	1	0	0	0	0	0
31.07.2015 08:45:20.976000	-0.005	-0.00856605	0	123.453	-668.039	0.00325521	8	3	3	3	94.0164	314	42.6721	5.3053	0	1.21323	11.6715	42.7254	17.8712	95.162	1	1	1	0	0	0	0	0
31.07.2015 08:45:21.076000	-0.005	-0.00856605	0	125.531	-668.036	0.00397859	8	3	3	3	94.075	314	42.7855	5.3053	0	1.21323	11.6937	42.5462	17.754	94.9241	1	1	1	0	0	0	0	0
31.07.2015 08:45:21.176000	-0.005	-0.00856605	0	125.43	-668.039	0.0016276	8	3	3	3	94.1788	314	42.9059	5.3053	0	1.17557	11.7102	42.5911	17.8533	94.7161	1	1	1	0	0	0	0	0
31.07.2015 08:45:21.276000	-0.005	-0.00856605	0	125.622	-668.039	0	8	3	3	3	94.2429	314	43.0213	5.3053	0	1.17316	11.7121	42.4148	17.7582	94.4053	1	1	1	0	0	0	0	0
31.07.2015 08:45:21.376000	-0.005	-0.00856605	0	125.57	-668.039	0.000542535	8	3	3	3	94.3164	314	43.1362	5.3053	0	1.16856	11.7128	42.5817	17.7507	95.073	1	1	1	0	0	0	0	0
31.07.2015 08:45:21.476000	-0.005	-0.00856605	0	125.583	-668.042	0.00072338	8	3	3	3	94.3501	314	43.2595	5.3053	0	1.16748	11.7184	42.5823	17.7293	95.1571	1	1	1	0	0	0	0	0
31.07.2015 08:45:21.576000	-0.005	-0.00856605	0	125.586	-668.047	-0.00108507	8	3	3	3	94.3223	314	43.3754	5.3053	0	1.17969	11.7188	42.4726	17.7522	94.6495	1	1	1	0	0	0	0	0
31.07.2015 08:45:21.676000	-0.005	-0.00856605	0	125.586	-668.052	-0.00325521	8	3	3	3	94.3246	314	43.4958	5.3053	0	1.18468	11.7185	42.7187	17.7649	95.5427	1	1	1	0	0	0	0	0
31.07.2015 08:45:21.776000	-0.005	-0.00856605	0	125.586	-668.055	-0.00434028	8	3	3	3	94.2747	314	43.6172	5.3053	0	1.1916	11.7125	42.5744	17.7621	95.0013	1	1	1	0	0	0	0	0
31.07.2015 08:45:21.876000	-0.005	-0.00856605	0	125.589	-668.055	-0.00651042	8	3	3	3	94.2631	314	43.7326	5.3053	0	1.19566	11.7152	42.782	17.7831	95.7157	1	1	1	0	0	0	0	0
31.07.2015 08:45:21.976000	-0.005	-0.00856605	0	125.586	-668.055	-0.00596788	8	3	3	3	94.2035	314	43.8574	5.3053	0	1.20589	11.7178	42.4689	17.7986	94.4577	1	1	1	0	0	0	0	0
31.07.2015 08:45:22.076000	-0.005	-0.00856605	0	125.591	-668.055	-0.00397859	8	3	3	3	94.1046	314	43.9748	5.3053	0	1.21331	11.7205	42.6861	17.8213	95.2022	1	1	1	0	0	0	0	0
31.07.2015 08:45:22.176000	-0.005	-0.00856605	0	125.586	-668.055	-0.00271267	8	3	3	3	93.938	314	44.0962	5.3053	0	1.20459	11.7204	42.5101	17.8279	94.503	1	1	1	0	0	0	0	0
31.07.2015 08:45:22.276000	-0.005	-0.00856605	0	125.591	-668.057	-0.00072338	8	3	3	3	94.1127	314	44.219	5.3053	0	1.19587	11.7204	42.6704	17.8252	95.1275	1	1	1	0	0	0	0	0
31.07.2015 08:45:22.376000	-0.005	-0.00856605	0	125.59	-668.059	0.00108507	8	3	3	3	94.1961	314	44.3334	5.3053	0	1.19829	11.7294	42.5537	17.8282	94.6689	1	1	1	0	0	0	0	0
31.07.2015 08:45:22.476000	-0.005	-0.00856605	0	125.594	-668.06	0.00144676	8	3	3	3	94.2465	314	44.4573	5.3053	0	1.20149	11.7309	42.6239	17.8323	94.9218	1	1	1	0	0	0	0	0
31.07.2015 08:45:22.576000	-0.005	-0.00856605	0	125.586	-668.063	0.00108507	8	3	3	3	94.2075	314	44.5717	5.3053	0	1.19761	11.7262	42.6904	17.8342	95.1693	1	1	1	0	0	0	0	0
31.07.2015 08:45:22.676000	-0.005	-0.00856605	0	125.591	-668.063	0.00108507	8	3	3	3	94.32	314	44.6896	5.3053	0	1.19008	11.7266	42.4905	17.8433	94.5212	1	1	1	0	0	0	0	0
31.07.2015 08:45:22.776000	-0.005	-0.00856605	0	125.59	-668.066	0.00108507	8	3	3	3	94.3854	314	44.811	5.3053	0	1.18749	11.7219	42.7439	17.8503	95.3126	1	1	1	0	0	0	0	0
31.07.2015 08:45:22.876000	-0.005	-0.00856605	0	125.591	-668.065	0.00144676	8	3	3	3	94.3994	314	44.9264	5.3053	0	1.17885	11.7195	42.4149	17.8506	94.0517	1	1	1	0	0	0	0	0
31.07.2015 08:45:22.976000	-0.005	-0.00856605	0	125.59	-668.07	0.00217014	8	3	3	3	94.4062	314	45.0497	5.3053	0	1.17957	11.7294	42.8551	17.857	95.7841	1	1	1	0	0	0	0	0
31.07.2015 08:45:23.076000	-0.005	-0.00856605	0	125.591	-668.068	0.00614873	8	3	3	3	94.5266	314	45.1676	5.3053	0	1.18442	11.7275	42.8295	17.8567	95.8344	1	1	1	0	0	0	0	0
31.07.2015 08:45:23.176000	-0.005	-0.00856605	0	125.594	-668.07	0.00705295	8	3	3	3	94.4738	314	45.2885	5.3053	0	1.18626	11.7339	42.5529	17.8661	94.7057	1	1	1	0	0	0	0	0
31.07.2015 08:45:23.276000	-0.005	-0.00856605	0	125.589	-668.07	0.00687211	8	3	3	3	94.3208	314	45.4118	5.3053	0	1.2074	11.7307	42.5588	17.8752	94.6507	1	1	1	0	0	0	0	0
31.07.2015 08:45:23.376000	-0.005	-0.00856605	0	125.594	-668.07	0.00705295	8	3	3	3	94.2187	314	45.5317	5.3053	0	1.20829	11.729	42.8278	17.8881	95.4995	1	1	1	0	0	0	0	0
31.07.2015 08:45:23.476000	-0.005	-0.00856605	0	125.589	-668.07	0.00470197	8	3	3	3	94.4265	314	45.6556	5.3053	0	1.22523	11.7279	42.6162	17.9192	94.5598	1	1	1	0	0	0	0	0
31.07.2015 08:45:23.576000	-0.005	-0.00856605	0	125.594	-668.07	0.00596788	8	3	3	3	120.821	314	45.7725	5.3053	0	1.22523	11.7248	42.7192	17.9239	94.9361	1	1	1	0	0	0	0	0
31.07.2015 08:45:23.676000	-0.005	-0.00856605	0	125.591	-668.07	0.00470197	8	3	3	3	126.999	314	45.8948	5.3053	0	1.20211	11.5735	42.7373	17.9335	94.969	1	1	1	0	0	0	0	0
31.07.2015 08:45:23.776000	-0.005	-0.00856605	0	125.594	-668.07	0.00542535	8	3	3	3	207.979	314	46.0127	5.3053	0	1.20164	11.5655	42.8151	17.9402	95.241	1	1	1	0	0	0	0	0
31.07.2015 08:45:23.876000	-0.005	-0.00856605	0	125.594	-668.073	10.5957	8	3	3	3	257.75	314	46.1296	5.3053	0	1.18638	11.1469	42.8158	17.9288	95.2871	1	1	1	0	0	0	0	0
31.07.2015 08:45:23.976000	-0.005	-0.00856605	0	125.594	-668.07	19.1591	8	3	3	3	135.344	314	46.253	5.3053	0	1.1843	10.9085	42.7388	17.938	94.9573	1	1	1	0	0	0	0	0
31.07.2015 08:45:24.076000	-0.005	-0.00856605	0	125.591	-668.076	23.1771	8	3	3	3	263.4	314	46.3694	5.3053	0	1.19343	11.3728	42.747	17.9426	94.9709	1	1	1	0	0	0	0	0
31.07.2015 08:45:24.176000	-0.005	-0.00856605	0	125.594	-668.07	25.5311	8	3	3	3	258.356	314	46.4932	5.3053	0	1.19571	11.0677	42.7304	17.9526	94.8695	1	1	1	0	0	0	0	0
31.07.2015 08:45:24.276000	-0.005	-0.00856605	0	125.594	-668.073	27.2295	8	3	3	3	331.203	314	46.6116	5.3053	0	1.20432	10.9304	42.7553	17.9489	94.9791	1	1	1	0	0	0	0	0
31.07.2015 08:45:24.376000	-0.005	-0.00856605	0	125.594	-668.07	27.9552	8	3	3	3	369.971	314	46.731	5.3053	0	1.20735	10.8313	42.9644	17.9584	95.743	1	1	1	0	0	0	0	0
31.07.2015 08:45:24.476000	-0.005	-0.00856605	0	125.594	-668.076	28.2827	8	3	3	3	423.875	314	46.8524	5.3053	0	1.20343	10.6535	42.5432	17.9598	94.1251	1	1	1	0	0	0	0	0
31.07.2015 08:45:24.576000	-0.005	-0.00856605	0	125.594	-668.074	28.5509	8	3	3	3	414.948	314	46.9693	5.3053	0	1.2015	10.593	42.8612	17.9604	95.3401	1	1	1	0	0	0	0	0
31.07.2015 08:45:24.676000	-0.005	-0.00856605	0	125.594	-668.078	28.6599	8	3	3	3	303.654	314	47.0941	5.3053	0	1.19814	10.7021	42.7407	17.9744	94.8251	1	1	1	0	0	0	0	0
31.07.2015 08:45:24.776000	-0.005	-0.00856605	0	125.594	-668.074	28.7305	8	3	3	3	436.767	314	47.212	5.3053	0	1.19581	10.7736	42.8231	17.9807	95.1169	1	1	1	0	0	0	0	0
31.07.2015 08:45:24.876000	-0.005	-0.00856605	0	125.594	-668.078	28.7703	8	3	3	3	494.774	314	47.3314	5.3053	0	1.19575	10.6518	42.7451	18.0017	94.7374	1	1	1	0	0	0	0	0
31.07.2015 08:45:24.976000	-0.005	-0.00856605	0	125.594	-668.078	28.7934	8	3	3	3	354.956	314	47.4513	5.3053	0	1.19569	10.6366	42.9203	18.0345	95.2826	1	1	1	0	0	0	0	0
31.07.2015 08:45:25.076000	-0.005	-0.00856605	0	125.594	-668.078	28.8006	8	3	3	3	550.042	314	47.5687	5.3053	0	1.19826	10.6869	42.7592	18.0278	94.6918	1	1	1	0	0	0	0	0
31.07.2015 08:45:25.176000	-0.005	-0.00856605	0	125.59	-668.078	28.7093	8	3	3	3	461.079	314	47.693	5.3053	0	1.20152	10.6837	42.7432	18.0389	94.5876	1	1	1	0	0	0	0	0
31.07.2015 08:45:25.276000	-0.005	-0.00856605	0	125.594	-668.078	28.5576	8	3	3	3	630.462	314	47.8094	5.3053	0	1.20374	10.6598	42.75	18.0339	94.6327	1	1	1	0	0	0	0	0
31.07.2015 08:45:25.376000	-0.005	-0.00856605	0	125.594	-668.078	28.1386	8	3	3	3	524.17	314	47.9333	5.3053	0	1.20735	10.6495	42.8557	18.0501	94.9756	1	1	1	0	0	0	0	0
31.07.2015 08:45:25.476000	-0.005	-0.00856605	0	125.594	-668.078	27.8823	8	3	3	3	640.586	314	48.0536	5.3053	0	1.20735	10.6741	42.7505	18.0708	94.4934	1	1	1	0	0	0	0	0
31.07.2015 08:45:25.576000	-0.005	-0.00856605	0	125.594	-668.078	27.7355	8	3	3	3	631.678	314	48.176	5.3053	0	1.20735	10.6091	42.9444	18.0897	95.1639	1	1	1	0	0	0	0	0
31.07.2015 08:45:25.676000	-0.005	-0.00856605	0	125.594	-668.078	27.5828	8	3	3	3	684.212	314	48.2964	5.3053	0	1.20737	10.566	42.6334	18.0869	93.984	1	1	1	0	0	0	0	0
31.07.2015 08:45:25.776000	-0.005	-0.00856605	0	125.594	-668.078	27.436	8	3	3	3	638.945	314	48.4178	5.3053	0	1.20742	10.5613	42.6964	18.0975	94.1842	1	1	1	0	0	0	0	0
31.07.2015 08:45:25.876000	-0.005	-0.00856605	0	125.594	-668.078	27.3365	8	3	3	3	699.201	314	48.5406	5.3053	0	1.21151	10.5584	42.9001	18.0804	95.0295	1	1	1	0	0	0	0	0
31.07.2015 08:45:25.976000	-0.005	-0.00856605	0	125.594	-668.078	27.1566	8	3	3	3	679.671	314	48.6585	5.3053	0	1.22522	10.5886	42.5817	18.0652	93.8688	1	1	1	0	0	0	0	0
31.07.2015 08:45:26.076000	-0.005	-0.00856605	0	125.594	-668.078	27.0898	8	3	3	3	746.661	314	48.7844	5.3053	0	1.22306	10.5816	42.5783	18.0496	93.9155	1	1	1	0	0	0	0	0
31.07.2015 08:45:26.176000	-0.005	-0.00856605	0	125.594	-668.078	27.0215	8	3	3	3	866.72	314	48.8998	5.3053	0	1.21323	10.522	42.8351	18.053	94.8856	1	1	1	0	0	0	0	0
31.07.2015 08:45:26.276000	-0.005	-0.00856605	0	125.594	-668.078	26.9661	8	3	3	3	709.393	314	49.0251	5.3053	0	1.21324	10.5213	42.8463	18.0685	94.8692	1	1	1	0	0	0	0	0
31.07.2015 08:45:26.376000	-0.005	-0.00856605	0	125.594	-668.078	26.9238	8	3	3	3	778.811	314	49.147	5.3053	0	1.21325	10.5813	42.9696	18.0739	95.3207	1	1	1	0	0	0	0	0
31.07.2015 08:45:26.476000	-0.005	-0.00856605	0	125.594	-668.078	26.8714	8	3	3	3	806.539	314	49.2693	5.3053	0	1.21325	10.5545	42.7542	18.0839	94.4574	1	1	1	0	0	0	0	0
31.07.2015 08:45:26.576000	-0.005	-0.00856605	0	125.594	-668.078	26.8235	8	3	3	3	663.431	314	49.3927	5.3053	0	1.21322	10.5603	42.8053	18.0925	94.6203	1	1	1	0	0	0	0	0
31.07.2015 08:45:26.676000	-0.005	-0.00856605	0	125.594	-668.078	26.798	8	3	3	3	721.452	314	49.5116	5.3053	0	1.21382	10.6007	42.7953	18.0769	94.6418	1	1	1	0	0	0	0	0
31.07.2015 08:45:26.776000	-0.005	-0.00856605	0	125.594	-668.078	26.786	8	3	3	3	701.842	314	49.6354	5.3053	0	1.2252	10.5882	42.5223	18.0844	93.568	1	1	1	0	0	0	0	0
31.07.2015 08:45:26.876000	-0.005	-0.00856605	0	125.594	-668.078	26.7723	8	3	3	3	666.206	314	49.7528	5.3053	0	1.2252	10.5738	42.7849	18.107	94.4869	1	1	1	0	0	0	0	0
31.07.2015 08:45:26.976000	-0.005	-0.00856605	0	125.594	-668.078	26.7643	8	3	3	3	648.978	314	49.8777	5.3053	0	1.21323	10.6039	42.805	18.1071	94.5635	1	1	1	0	0	0	0	0
31.07.2015 08:45:27.076000	-0.005	-0.00856605	0	125.594	-668.078	26.7564	8	3	3	3	640.846	314	49.9951	5.3053	0	1.21323	10.6155	42.7536	18.1007	94.3913	1	1	1	0	0	0	0	0
31.07.2015 08:45:27.176000	-0.005	-0.00856605	0	125.594	-668.078	26.7513	8	3	3	3	618.94	314	50.1144	4.99727	0	1.1921	10.6191	42.5037	18.1068	93.4107	1	1	1	0.09	0	0	0	0
31.07.2015 08:45:27.276000	-0.005	-0.00856605	0	125.594	-668.078	26.7419	8	3	3	3	399.113	314	50.1925	1.94792	0.0650987	1.19001	10.4974	42.4052	18.2746	92.3913	1	1	1	1	0	0	0	0
31.07.2015 08:45:27.376000	-0.005	-0.00856605	0	125.594	-668.078	26.7432	8	3	3	3	280.137	314	50.2448	2.18291	0.300085	1.19001	9.51837	42.8167	18.5241	93.0113	1	1	1	1	0	0	0	0
31.07.2015 08:45:27.476000	-0.005	-0.00856605	0	125.594	-668.078	26.735	8	3	3	3	359.814	314	50.296	2.07937	0.196542	1.11576	9.38002	44.1308	18.7713	97.0966	1	1	1	1	0	0	0	0
31.07.2015 08:45:27.576000	-0.005	-0.00856605	0	125.594	-668.078	26.7323	8	3	3	3	388.816	314	50.3462	1.8958	0.0129808	0.659691	9.22691	44.2976	18.9913	96.8926	1	1	1	1	0	0	0	0
31.07.2015 08:45:27.676000	-0.005	-0.00856605	0	125.594	-668.078	26.7307	8	3	3	3	391.323	314	50.3905	1.68157	-0.201251	0.659691	9.16011	44.0056	19.1714	95.0852	1	1	1	1	0	0	0	0
31.07.2015 08:45:27.776000	-0.005	-0.00856605	0	125.594	-668.078	26.7285	8	3	3	3	306.265	314	50.4383	1.59338	-0.289446	0.659691	9.14728	44.124	19.3448	94.8746	1	1	1	1	0	0	0	0
31.07.2015 08:45:27.876000	-0.005	-0.00856605	0	125.594	-668.078	26.7307	8	3	3	3	298.358	314	50.4825	1.65997	-0.222849	0.659691	9.22241	44.3766	19.4997	95.2485	1	1	1	1	0	0	0	0
31.07.2015 08:45:27.976000	-0.005	-0.00856605	0	125.594	-668.078	26.7291	8	3	3	3	389.319	314	50.5263	1.57178	-0.311047	0.659691	9.27516	44.4949	19.6395	95.1665	1	1	1	1	0	0	0	0
31.07.2015 08:45:28.076000	-0.005	-0.00856605	0	125.594	-668.078	26.7303	8	3	3	3	399.561	314	50.5676	1.26548	-0.617347	0.533238	9.16283	44.5635	19.7541	94.99	1	1	1	1	0	0	0	0
31.07.2015 08:45:28.176000	-0.005	-0.00856605	0	125.594	-668.078	26.7307	8	3	3	3	343.764	314	50.6029	1.18343	-0.699392	0.448936	9.14012	44.5186	19.8597	94.4137	1	1	1	1	0	0	0	0
31.07.2015 08:45:28.276000	-0.005	-0.00856605	0	125.596	-668.078	26.726	8	3	3	3	404.098	314	50.6372	0.914119	-0.968704	0.448936	9.1467	44.7546	19.9533	94.9592	1	1	1	1	0	0	0	0
31.07.2015 08:45:28.376000	-0.005	-0.00856605	0	125.594	-668.078	26.7204	8	3	3	3	209.903	314	50.676	1.02978	-0.853049	0.448936	9.15584	44.8758	20.0279	95.1377	1	1	1	1	0	0	0	0
31.07.2015 08:45:28.476000	-0.005	-0.00856605	0	125.594	-668.078	26.7198	8	3	3	3	409.835	314	50.7069	1.02173	-0.861095	0.448936	9.25308	44.7708	20.1354	94.324	1	1	1	1	0	0	0	0
31.07.2015 08:45:28.576000	-0.005	-0.00856605	0	125.594	-668.078	26.7155	8	3	3	3	277.819	314	50.7367	0.85507	-1.02775	0.448936	9.1969	44.9977	20.212	94.8996	1	1	1	1	0	0	0	0
31.07.2015 08:45:28.676000	-0.005	-0.00856605	0	125.596	-668.078	26.7108	8	3	3	3	320.619	314	50.783	0.978347	-0.904476	0.448936	9.2082	45.3755	20.2637	96.1478	1	1	1	1	0	0	0	0
31.07.2015 08:45:28.776000	-0.005	-0.00856605	0	125.594	-668.078	26.7095	8	3	3	3	353.439	314	50.8133	0.928187	-0.954636	0.396739	9.20859	45.0702	20.3337	94.7108	1	1	1	1	0	0	0	0
31.07.2015 08:45:28.876000	-0.005	-0.00856605	0	125.596	-668.078	26.7086	8	3	3	3	297.658	314	50.8377	0.874248	-1.00858	0.352275	9.2025	44.9422	20.3986	93.9728	1	1	1	1	0	0	0	0
31.07.2015 08:45:28.976000	-0.005	-0.00856605	0	125.594	-668.078	26.7101	8	3	3	3	286.336	314	50.8859	0.859632	-1.02319	0.352275	9.19119	45.6134	20.4539	96.3305	1	1	1	1	0	0	0	0
31.07.2015 08:45:29.076000	-0.005	-0.00856605	0	125.599	-668.078	26.7075	8	3	3	3	326.341	314	50.9133	0.864295	-1.01853	0.352275	9.19077	45.4914	20.5026	95.6774	1	1	1	1	0	0	0	0
31.07.2015 08:45:29.176000	-0.005	-0.00856605	0	125.594	-668.078	26.7068	8	3	3	3	217.977	314	50.9431	0.886911	-0.995913	0.352275	9.25467	45.2425	20.5615	94.4983	1	1	1	1	0	0	0	0
31.07.2015 08:45:29.276000	-0.005	-0.00856605	0	125.599	-668.078	26.7043	8	3	3	3	367.146	314	50.9854	0.957325	-0.925498	0.352275	9.30237	45.6041	20.6054	95.7152	1	1	1	1	0	0	0	0
31.07.2015 08:45:29.376000	-0.005	-0.00856605	0	125.598	-668.078	26.7046	8	3	3	3	349.871	314	51.0212	0.956855	-0.925969	0.352275	9.18358	45.5387	20.653	95.2824	1	1	1	1	0	0	0	0
31.07.2015 08:45:29.476000	-0.005	-0.00856605	0	125.596	-668.078	26.705	8	3	3	3	274.939	314	51.0491	0.937186	-0.945638	0.349561	9.16551	45.1724	20.6906	93.736	1	1	1	1	0	0	0	0
31.07.2015 08:45:29.576000	-0.005	-0.00856605	0	125.598	-668.078	26.7068	8	3	3	3	299.814	314	51.0849	0.944826	-0.937997	0.342583	9.21214	45.6098	20.7271	95.2707	1	1	1	1	0	0	0	0
31.07.2015 08:45:29.676000	-0.005	-0.00856605	0	125.596	-668.078	26.709	8	3	3	3	338.428	314	51.1277	0.967968	-0.914856	0.342583	9.22309	46.2274	20.7591	97.5133	1	1	1	1	0	0	0	0
31.07.2015 08:45:29.776000	-0.005	-0.00856605	0	125.602	-668.078	26.7166	8	3	3	3	385.671	314	51.161	0.964692	-0.918131	0.342583	9.2081	45.6879	20.7903	95.3277	1	1	1	1	0	0	0	0
31.07.2015 08:45:29.876000	-0.005	-0.00856605	0	125.596	-668.078	26.7177	8	3	3	3	352.937	314	51.1909	0.884495	-0.998329	0.342583	9.1715	45.4627	20.8261	94.3287	1	1	1	1	0	0	0	0
31.07.2015 08:45:29.976000	-0.005	-0.00856605	0	125.602	-668.078	26.7177	8	3	3	3	283.407	314	51.2341	0.803351	-1.07947	0.342583	9.16591	45.9146	20.8563	95.9433	1	1	1	1	0	0	0	0
31.07.2015 08:45:30.076000	-0.005	-0.00856605	0	125.599	-668.078	26.7155	8	3	3	3	338.114	314	51.261	0.768707	-1.11412	0.342583	9.2559	45.6646	20.8757	94.9118	1	1	1	1	0	0	0	0
31.07.2015 08:45:30.176000	-0.005	-0.00856605	0	125.602	-668.078	26.7084	8	3	3	3	305.905	314	51.2839	0.731921	-1.1509	0.342583	9.28205	45.6415	20.9004	94.7288	1	1	1	1	0	0	0	0
31.07.2015 08:45:30.276000	-0.005	-0.00856605	0	125.602	-668.078	26.7065	8	3	3	3	289.199	314	51.3331	0.719671	-1.16315	0.341165	9.24475	45.9409	20.9239	95.7851	1	1	1	1	0	0	0	0
31.07.2015 08:45:30.376000	-0.005	-0.00856605	0	125.602	-668.078	26.6998	8	3	3	3	224.671	314	51.3535	0.741734	-1.14109	0.341151	9.27873	45.5751	20.9561	94.2609	1	1	1	1	0	0	0	0
31.07.2015 08:45:30.476000	-0.005	-0.00856605	0	125.604	-668.078	26.6974	8	3	3	3	350.403	314	51.3834	0.812836	-1.06999	0.341151	9.34531	45.8762	20.97	95.3607	1	1	1	1	0	0	0	0
31.07.2015 08:45:30.576000	-0.005	-0.00856605	0	125.602	-668.078	26.6933	8	3	3	3	350.88	314	51.4281	0.834194	-1.04863	0.341151	9.25094	45.894	20.9911	95.3481	1	1	1	1	0	0	0	0
31.07.2015 08:45:30.676000	-0.005	-0.00856605	0	125.607	-668.078	26.6927	8	3	3	3	232.877	314	51.4535	0.838857	-1.04397	0.341151	9.20217	45.8973	21.0124	95.2791	1	1	1	1	0	0	0	0
31.07.2015 08:45:30.776000	-0.005	-0.00856605	0	125.602	-668.078	26.6922	8	3	3	3	294.966	314	51.4828	0.917523	-0.965301	0.341151	9.28767	45.8745	21.0203	95.1618	1	1	1	1	0	0	0	0
31.07.2015 08:45:30.876000	-0.005	-0.00856605	0	125.604	-668.078	26.6909	8	3	3	3	300.392	314	51.5296	0.988619	-0.894205	0.341151	9.29216	45.9084	21.0386	95.2216	1	1	1	1	0	0	0	0
31.07.2015 08:45:30.976000	-0.005	-0.00856605	0	125.602	-668.078	26.6905	8	3	3	3	293.441	314	51.5599	1.04056	-0.842264	0.337374	9.22348	45.9949	21.0528	95.4981	1	1	1	1	0	0	0	0
31.07.2015 08:45:31.076000	-0.005	-0.00856605	0	125.609	-668.078	26.6895	8	3	3	3	352.562	314	51.5948	1.09039	-0.79243	0.334283	9.19537	45.9432	21.058	95.2805	1	1	1	1	0	0	0	0
31.07.2015 08:45:31.176000	-0.005	-0.00856605	0	125.609	-668.078	26.6943	8	3	3	3	330.401	314	51.6321	1.10099	-0.781838	0.334283	9.18416	45.2872	21.066	92.7384	1	1	1	1	0	0	0	0
31.07.2015 08:45:31.276000	-0.005	-0.00856605	0	125.607	-668.078	26.7003	8	3	3	3	285.154	314	51.6773	1.08174	-0.801084	0.334283	9.17771	45.8312	21.0795	94.7694	1	1	1	1	0	0	0	0
31.07.2015 08:45:31.376000	-0.005	-0.00856605	0	125.605	-668.078	26.7036	8	3	3	3	352.824	314	51.7107	1.08408	-0.798746	0.334283	9.1764	45.9653	21.0968	95.2165	1	1	1	1	0	0	0	0
31.07.2015 08:45:31.476000	-0.005	-0.00856605	0	125.609	-668.078	26.7079	8	3	3	3	384.317	314	51.7465	1.05055	-0.832271	0.334283	9.16335	46.0391	21.1017	95.4801	1	1	1	1	0	0	0	0
31.07.2015 08:45:31.576000	-0.005	-0.00856605	0	125.609	-668.078	26.7079	8	3	3	3	341.651	314	51.7813	0.9564	-0.926424	0.334283	9.14916	46.0528	21.1087	95.5061	1	1	1	1	0	0	0	0
31.07.2015 08:45:31.676000	-0.005	-0.00856605	0	125.609	-668.078	26.7068	8	3	3	3	254.957	314	51.8256	0.877734	-1.00509	0.369122	9.19311	45.8567	21.1247	94.6939	1	1	1	1	0	0	0	0
31.07.2015 08:45:31.776000	-0.005	-0.00856605	0	125.609	-668.078	26.7057	8	3	3	3	302.935	314	51.8524	0.876429	-1.00639	0.373428	9.27203	46.0077	21.1256	95.2684	1	1	1	1	0	0	0	0
31.07.2015 08:45:31.876000	-0.005	-0.00856605	0	125.609	-668.078	26.7093	8	3	3	3	272.192	314	51.8808	0.89302	-0.989803	0.373428	9.32431	45.8152	21.141	94.4729	1	1	1	1	0	0	0	0
31.07.2015 08:45:31.976000	-0.005	-0.00856605	0	125.609	-668.078	26.7101	8	3	3	3	263.856	314	51.9305	0.940354	-0.94247	0.373428	9.35156	45.9634	21.1474	95.0155	1	1	1	1	0	0	0	0
31.07.2015 08:45:32.076000	-0.005	-0.00856605	0	125.609	-668.078	26.7101	8	3	3	3	298.696	314	51.9634	1.01342	-0.869399	0.373428	9.30428	46.1642	21.1558	95.7521	1	1	1	1	0	0	0	0
31.07.2015 08:45:32.176000	-0.005	-0.00856605	0	125.609	-668.078	26.7063	8	3	3	3	297.961	314	51.9967	1.08842	-0.7944	0.373428	9.25611	46.0918	21.1527	95.4867	1	1	1	1	0	0	0	0
31.07.2015 08:45:32.276000	-0.005	-0.00856605	0	125.609	-668.078	26.7054	8	3	3	3	304.684	314	52.0315	1.156	-0.726824	0.373102	9.26745	45.7391	21.1616	94.1022	1	1	1	1	0	0	0	0
31.07.2015 08:45:32.376000	-0.005	-0.00856605	0	125.609	-668.078	26.7014	8	3	3	3	296.037	314	52.0798	1.21558	-0.667243	0.362549	9.22818	45.8119	21.1648	94.3689	1	1	1	1	0	0	0	0
31.07.2015 08:45:32.476000	-0.005	-0.00856605	0	125.609	-668.078	26.7003	8	3	3	3	315.608	314	52.119	1.2602	-0.622619	0.362549	9.20728	46.0793	21.1654	95.3904	1	1	1	1	0	0	0	0
31.07.2015 08:45:32.576000	-0.005	-0.00856605	0	125.609	-668.078	26.6998	8	3	3	3	327.932	314	52.1613	1.28551	-0.597315	0.362549	9.30537	46.0543	21.1585	95.3212	1	1	1	1	0	0	0	0
31.07.2015 08:45:32.676000	-0.005	-0.00856605	0	125.609	-668.078	26.6996	8	3	3	3	305.664	314	52.2041	1.30069	-0.58213	0.362549	9.28624	45.873	21.1623	94.6124	1	1	1	1	0	0	0	0
31.07.2015 08:45:32.776000	-0.005	-0.00856605	0	125.609	-668.078	26.6987	8	3	3	3	305.451	314	52.2429	1.32043	-0.562398	0.362549	9.22079	45.8567	21.1637	94.5446	1	1	1	1	0	0	0	0
31.07.2015 08:45:32.876000	-0.005	-0.00856605	0	125.612	-668.078	26.6999	8	3	3	3	314.31	314	52.2847	1.33269	-0.550135	0.36954	9.19058	45.9715	21.1561	95.0132	1	1	1	1	0	0	0	0
31.07.2015 08:45:32.976000	-0.005	-0.00856605	0	125.609	-668.078	26.703	8	3	3	3	368.127	314	52.3285	1.33581	-0.547012	0.420809	9.24654	45.7198	21.1495	94.0746	1	1	1	1	0	0	0	0
31.07.2015 08:45:33.076000	-0.005	-0.00856605	0	125.609	-668.078	26.7018	8	3	3	3	340.244	314	52.3772	1.29383	-0.588992	0.420809	9.23466	46.014	21.1536	95.1854	1	1	1	1	0	0	0	0
31.07.2015 08:45:33.176000	-0.005	-0.00856605	0	125.609	-668.078	26.6998	8	3	3	3	319.667	314	52.42	1.24165	-0.641182	0.420809	9.20608	45.4686	21.1447	93.1314	1	1	1	1	0	0	0	0
31.07.2015 08:45:33.276000	-0.005	-0.00856605	0	125.615	-668.078	26.6989	8	3	3	3	275.425	314	52.4598	1.21508	-0.667748	0.420809	9.25596	45.4212	21.157	92.8746	1	1	1	1	0	0	0	0
31.07.2015 08:45:33.376000	-0.005	-0.00856605	0	125.609	-668.078	26.7025	8	3	3	3	335.956	314	52.4996	1.21261	-0.670211	0.420809	9.24968	46.2509	21.1537	96.0922	1	1	1	1	0	0	0	0
31.07.2015 08:45:33.476000	-0.005	-0.00856605	0	125.615	-668.078	26.7039	8	3	3	3	362.95	314	52.5404	1.19839	-0.684432	0.42175	9.21518	46.4266	21.147	96.7905	1	1	1	1	0	0	0	0
31.07.2015 08:45:33.576000	-0.005	-0.00856605	0	125.613	-668.078	26.7063	8	3	3	3	262.735	314	52.5782	1.15634	-0.726484	0.42443	9.20822	45.7356	21.1577	94.1039	1	1	1	1	0	0	0	0
31.07.2015 08:45:33.676000	-0.005	-0.00856605	0	125.615	-668.078	26.7039	8	3	3	3	299.804	314	52.6269	1.15764	-0.725131	0.42443	9.29497	45.6212	21.1615	93.6071	1	1	1	1	0	0	0	0
31.07.2015 08:45:33.776000	-0.005	-0.00856605	0	125.617	-668.078	26.7057	8	3	3	3	298.763	314	52.6647	1.17284	-0.709973	0.42443	9.29988	46.2693	21.1589	96.1357	1	1	1	1	0	0	0	0
31.07.2015 08:45:33.876000	-0.005	-0.00856605	0	125.617	-668.078	26.7151	8	3	3	3	264.661	314	52.7025	1.21766	-0.665146	0.42443	9.30219	46.5101	21.1672	97.1443	1	1	1	1	0	0	0	0
31.07.2015 08:45:33.976000	-0.005	-0.00856605	0	125.621	-668.078	26.7215	8	3	3	3	289.441	314	52.7448	1.28768	-0.595145	0.42443	9.3087	45.9032	21.1586	94.7421	1	1	1	1	0	0	0	0
31.07.2015 08:45:34.076000	-0.005	-0.00856605	0	125.62	-668.078	26.7242	8	3	3	3	333.541	314	52.7871	1.35587	-0.526957	0.421645	9.28367	45.2655	21.1573	92.3058	1	1	1	1	0	0	0	0
31.07.2015 08:45:34.176000	-0.005	-0.00856605	0	125.625	-668.078	26.7274	8	3	3	3	307.289	314	52.8294	1.38838	-0.494443	0.411772	9.26952	45.3862	21.1487	92.8003	1	1	1	1	0	0	0	0
31.07.2015 08:45:34.276000	-0.005	-0.00856605	0	125.62	-668.078	26.7238	8	3	3	3	287.995	314	52.8756	1.40813	-0.47469	0.411772	9.25275	45.991	21.1463	95.1256	1	1	1	1	0	0	0	0
31.07.2015 08:45:34.376000	-0.005	-0.00856605	0	125.625	-668.078	26.7182	8	3	3	3	305.441	314	52.9229	1.43053	-0.452291	0.411772	9.22823	45.3208	21.1284	92.6281	1	1	1	1	0	0	0	0
31.07.2015 08:45:34.476000	-0.005	-0.00856605	0	125.622	-668.078	26.714	8	3	3	3	278.496	314	52.9696	1.46919	-0.413636	0.411772	9.25228	45.1941	21.128	92.1441	1	1	1	1	0	0	0	0
31.07.2015 08:45:34.576000	-0.005	-0.00856605	0	125.625	-668.078	26.7074	8	3	3	3	318.005	314	53.0164	1.53759	-0.345234	0.411772	9.24801	46.0864	21.1133	95.6171	1	1	1	1	0	0	0	0
31.07.2015 08:45:34.676000	-0.005	-0.00856605	0	125.625	-668.078	26.7065	8	3	3	3	309.042	314	53.0617	1.57418	-0.308639	0.442318	9.26374	46.2422	21.1115	96.2205	1	1	1	1	0	0	0	0
31.07.2015 08:45:34.776000	-0.005	-0.00856605	0	125.625	-668.078	26.7068	8	3	3	3	317.831	314	53.1079	1.5935	-0.289326	0.453051	9.23958	45.5273	21.099	93.5311	1	1	1	1	0	0	0	0
31.07.2015 08:45:34.876000	-0.005	-0.00856605	0	125.625	-668.078	26.7046	8	3	3	3	353.956	314	53.1572	1.60644	-0.276388	0.453051	9.23655	46.0278	21.0945	95.4647	1	1	1	1	0	0	0	0
31.07.2015 08:45:34.976000	-0.005	-0.00856605	0	125.625	-668.078	26.7036	8	3	3	3	309.861	314	53.2049	1.58447	-0.298357	0.453051	9.21654	46.017	21.0846	95.4612	1	1	1	1	0	0	0	0
31.07.2015 08:45:35.076000	-0.005	-0.00856605	0	125.625	-668.078	26.709	8	3	3	3	326.665	314	53.2517	1.55813	-0.324697	0.453051	9.22352	45.8137	21.0769	94.7122	1	1	1	1	0	0	0	0
31.07.2015 08:45:35.176000	-0.005	-0.00856605	0	125.625	-668.078	26.7112	8	3	3	3	296.84	314	53.2974	1.5495	-0.333321	0.462533	9.26259	45.9668	21.0684	95.331	1	1	1	1	0	0	0	0
31.07.2015 08:45:35.276000	-0.005	-0.00856605	0	125.625	-668.078	26.7144	8	3	3	3	298.43	314	53.3457	1.55652	-0.326304	0.472806	9.29438	46.1126	21.0731	95.8711	1	1	1	1	0	0	0	0
31.07.2015 08:45:35.376000	-0.005	-0.00856605	0	125.625	-668.078	26.7182	8	3	3	3	288.005	314	53.3939	1.57006	-0.312768	0.472806	9.32154	45.8252	21.0848	94.726	1	1	1	1	0	0	0	0
31.07.2015 08:45:35.476000	-0.005	-0.00856605	0	125.625	-668.078	26.7191	8	3	3	3	317.218	314	53.4412	1.60379	-0.279038	0.472806	9.36134	45.5713	21.0758	93.7881	1	1	1	1	0	0	0	0
31.07.2015 08:45:35.576000	-0.005	-0.00856605	0	125.625	-668.078	26.7198	8	3	3	3	353.44	314	53.4899	1.6135	-0.269326	0.472806	9.29651	45.5826	21.0708	93.8508	1	1	1	1	0	0	0	0
31.07.2015 08:45:35.676000	-0.005	-0.00856605	0	125.625	-668.078	26.7213	8	3	3	3	305.969	314	53.5392	1.59749	-0.285335	0.476571	9.23159	45.1129	21.067	92.0669	1	1	1	1	0	0	0	0
31.07.2015 08:45:35.776000	-0.005	-0.00856605	0	125.625	-668.078	26.7188	8	3	3	3	307.891	314	53.5869	1.57991	-0.302915	0.483879	9.22569	44.7689	21.0667	90.7507	1	1	1	1	0	0	0	0
31.07.2015 08:45:35.876000	-0.005	-0.00856605	0	125.625	-668.078	26.7188	8	3	3	3	295.11	314	53.6347	1.5814	-0.301419	0.483879	9.24237	45.8851	21.0624	95.041	1	1	1	1	0	0	0	0
31.07.2015 08:45:35.976000	-0.005	-0.00856605	0	125.625	-668.078	26.7166	8	3	3	3	360.314	314	53.6819	1.59513	-0.287691	0.483879	9.22587	46.051	21.0506	95.7217	1	1	1	1	0	0	0	0
31.07.2015 08:45:36.076000	-0.005	-0.00856605	0	125.625	-668.078	26.7173	8	3	3	3	297.535	314	53.7312	1.57113	-0.311694	0.483879	9.21163	46.1558	21.0542	96.1088	1	1	1	1	0	0	0	0
31.07.2015 08:45:36.176000	-0.005	-0.00856605	0	125.633	-668.078	26.7166	8	3	3	3	286.708	314	53.7794	1.5685	-0.314324	0.483401	9.19965	45.4826	21.0512	93.5427	1	1	1	1	0	0	0	0
31.07.2015 08:45:36.276000	-0.005	-0.00856605	0	125.633	-668.078	26.7188	8	3	3	3	279.613	314	53.8267	1.58616	-0.296662	0.481067	9.21889	45.6644	21.0448	94.2635	1	1	1	1	0	0	0	0
31.07.2015 08:45:36.376000	-0.005	-0.00856605	0	125.633	-668.078	26.7209	8	3	3	3	261.45	314	53.8749	1.6407	-0.242124	0.481067	9.27062	45.9276	21.0443	95.273	1	1	1	1	0	0	0	0
31.07.2015 08:45:36.476000	-0.005	-0.00856605	0	125.63	-668.078	26.718	8	3	3	3	250.74	314	53.9277	1.73625	-0.146573	0.481067	9.29999	45.7123	21.0432	94.453	1	1	1	1	0	0	0	0
31.07.2015 08:45:36.576000	-0.005	-0.00856605	0	125.633	-668.078	26.715	8	3	3	3	343.438	314	53.9809	1.84704	-0.0357864	0.481067	9.36375	46.0286	21.0218	95.7463	1	1	1	1	0	0	0	0
31.07.2015 08:45:36.676000	-0.005	-0.00856605	0	125.635	-668.078	26.7054	8	3	3	3	325.881	314	54.0341	1.90696	0.0241328	0.48935	9.26204	45.7338	21.015	94.6432	1	1	1	1	0	0	0	0
31.07.2015 08:45:36.776000	-0.005	-0.00856605	0	125.633	-668.078	26.6878	8	3	3	3	298.234	314	54.0873	1.92495	0.0421258	0.50963	9.26	44.8056	21.0081	91.116	1	1	1	1	0	0	0	0
31.07.2015 08:45:36.876000	-0.005	-0.00856605	0	125.635	-668.078	26.6808	8	3	3	3	358.499	314	54.142	1.93893	0.0561046	0.50963	9.29098	45.7388	20.993	94.7465	1	1	1	1	0	0	0	0
31.07.2015 08:45:36.976000	-0.005	-0.00856605	0	125.637	-668.078	26.6764	8	3	3	3	343.146	314	54.1973	1.91531	0.0324881	0.50963	9.28592	45.5566	20.9756	94.1155	1	1	1	1	0	0	0	0
31.07.2015 08:45:37.076000	-0.005	-0.00856605	0	125.638	-668.078	26.6764	8	3	3	3	381.215	314	54.251	1.8578	-0.0250246	0.50963	9.25492	45.7508	20.9585	94.9248	1	1	1	1	0	0	0	0
31.07.2015 08:45:37.176000	-0.005	-0.00856605	0	125.637	-668.078	26.6786	8	3	3	3	305.953	314	54.3037	1.78282	-0.100005	0.533357	9.24005	45.6282	20.9561	94.4642	1	1	1	1	0	0	0	0
31.07.2015 08:45:37.276000	-0.005	-0.00856605	0	125.641	-668.078	26.6786	8	3	3	3	309.3	314	54.3569	1.71829	-0.164534	0.543048	9.24107	45.6213	20.949	94.4652	1	1	1	1	0	0	0	0
31.07.2015 08:45:37.376000	-0.005	-0.00856605	0	125.641	-668.078	26.6802	8	3	3	3	292.194	314	54.4067	1.6782	-0.204626	0.543048	9.31384	45.6344	20.9491	94.5149	1	1	1	1	0	0	0	0
31.07.2015 08:45:37.476000	-0.005	-0.00856605	0	125.641	-668.078	26.6822	8	3	3	3	327.613	314	54.4544	1.67168	-0.21114	0.543048	9.298	45.5887	20.9585	94.3041	1	1	1	1	0	0	0	0
31.07.2015 08:45:37.576000	-0.005	-0.00856605	0	125.641	-668.078	26.6846	8	3	3	3	318.688	314	54.5027	1.65428	-0.22854	0.543048	9.26696	45.6075	20.9666	94.345	1	1	1	1	0	0	0	0
31.07.2015 08:45:37.676000	-0.005	-0.00856605	0	125.641	-668.078	26.6898	8	3	3	3	301.986	314	54.5529	1.64934	-0.233483	0.510903	9.27257	45.6071	20.9733	94.3179	1	1	1	1	0	0	0	0
31.07.2015 08:45:37.776000	-0.005	-0.00856605	0	125.641	-668.078	26.69	8	3	3	3	277.728	314	54.6027	1.64872	-0.234102	0.498402	9.25376	45.6171	20.9766	94.3436	1	1	1	1	0	0	0	0
31.07.2015 08:45:37.876000	-0.005	-0.00856605	0	125.641	-668.078	26.6909	8	3	3	3	277.763	314	54.6494	1.67919	-0.203638	0.498402	9.26935	45.4422	20.9856	93.6395	1	1	1	1	0	0	0	0
31.07.2015 08:45:37.976000	-0.005	-0.00856605	0	125.641	-668.078	26.6943	8	3	3	3	243.662	314	54.6987	1.75993	-0.12289	0.498402	9.29038	45.8108	20.9831	95.0604	1	1	1	1	0	0	0	0
31.07.2015 08:45:38.076000	-0.005	-0.00856605	0	125.641	-668.078	26.6942	8	3	3	3	314.913	314	54.7524	1.88296	0.000134825	0.498402	9.29264	45.8741	20.9743	95.3366	1	1	1	1	0	0	0	0
31.07.2015 08:45:38.176000	-0.005	-0.00856605	0	125.641	-668.078	26.6965	8	3	3	3	286.033	314	54.8071	1.97452	0.0916966	0.50685	9.25778	45.4429	20.9709	93.6984	1	1	1	1	0	0	0	0
31.07.2015 08:45:38.276000	-0.005	-0.00856605	0	125.641	-668.078	26.7032	8	3	3	3	358.382	314	54.8628	2.03793	0.15511	0.50858	9.25177	44.9023	20.9608	91.6671	1	1	1	1	0	0	0	0
31.07.2015 08:45:38.376000	-0.005	-0.00856605	0	125.641	-668.078	26.7079	8	3	3	3	291.729	314	54.923	2.04701	0.164184	0.50858	9.22078	45.334	20.9509	93.3579	1	1	1	1	0	0	0	0
31.07.2015 08:45:38.476000	-0.005	-0.00856605	0	125.641	-668.078	26.7137	8	3	3	3	336.134	314	54.9797	2.06645	0.183629	0.50858	9.23463	45.5056	20.9325	94.0856	1	1	1	1	0	0	0	0
31.07.2015 08:45:38.576000	-0.005	-0.00856605	0	125.641	-668.078	26.7188	8	3	3	3	355.524	314	55.0344	2.06473	0.181908	0.529736	9.24045	45.7533	20.9102	95.1193	1	1	1	1	0	0	0	0
31.07.2015 08:45:38.676000	-0.005	-0.00856605	0	125.641	-668.078	26.7227	8	3	3	3	354.277	314	55.0896	2.0112	0.128372	0.56147	9.2155	45.1498	20.896	92.8629	1	1	1	1	0	0	0	0
31.07.2015 08:45:38.776000	-0.005	-0.00856605	0	125.641	-668.078	26.7231	8	3	3	3	330.76	314	55.1453	1.95078	0.0679602	0.56147	9.27532	44.925	20.8925	92.0155	1	1	1	1	0	0	0	0
31.07.2015 08:45:38.876000	-0.005	-0.00856605	0	125.641	-668.078	26.7245	8	3	3	3	291.5	314	55.1986	1.89187	0.00904932	0.56147	9.26476	45.9391	20.896	95.8853	1	1	1	1	0	0	0	0
31.07.2015 08:45:38.976000	-0.005	-0.00856605	0	125.645	-668.078	26.728	8	3	3	3	305.407	314	55.2503	1.86581	-0.0170098	0.56147	9.29915	45.3237	20.8987	93.5184	1	1	1	1	0	0	0	0
31.07.2015 08:45:39.076000	-0.005	-0.00856605	0	125.643	-668.078	26.7263	8	3	3	3	298.34	314	55.302	1.86119	-0.0216339	0.543428	9.3168	46.119	20.8989	96.5626	1	1	1	1	0	0	0	0
31.07.2015 08:45:39.176000	-0.005	-0.00856605	0	125.648	-668.078	26.7231	8	3	3	3	290.252	314	55.3558	1.8679	-0.0149271	0.538339	9.32241	45.3622	20.9101	93.6222	1	1	1	1	0	0	0	0
31.07.2015 08:45:39.276000	-0.005	-0.00856605	0	125.643	-668.078	26.7256	8	3	3	3	310.426	314	55.4105	1.89525	0.0124292	0.538339	9.28894	45.0506	20.9142	92.4133	1	1	1	1	0	0	0	0
31.07.2015 08:45:39.376000	-0.005	-0.00856605	0	125.641	-668.078	26.7247	8	3	3	3	301.767	314	55.4657	1.92302	0.0401951	0.538339	9.26421	45.7134	20.9147	94.9492	1	1	1	1	0	0	0	0
31.07.2015 08:45:39.476000	-0.005	-0.00856605	0	125.646	-668.078	26.7242	8	3	3	3	252.376	314	55.5219	1.95655	0.0737227	0.539284	9.28063	45.8182	20.9245	95.313	1	1	1	1	0	0	0	0
31.07.2015 08:45:39.576000	-0.005	-0.00856605	0	125.645	-668.078	26.7242	8	3	3	3	326.096	314	55.5786	2.01767	0.134844	0.543064	9.30313	45.4723	20.92	94.0062	1	1	1	1	0	0	0	0
31.07.2015 08:45:39.676000	-0.005	-0.00856605	0	125.648	-668.078	26.7271	8	3	3	3	304.538	314	55.6348	2.07758	0.194755	0.543064	9.27308	45.5179	20.9094	94.2212	1	1	1	1	0	0	0	0
31.07.2015 08:45:39.776000	-0.005	-0.00856605	0	125.648	-668.078	26.7247	8	3	3	3	273.583	314	55.6915	2.127	0.244181	0.543064	9.27326	45.5151	20.9043	94.2298	1	1	1	1	0	0	0	0
31.07.2015 08:45:39.876000	-0.005	-0.00856605	0	125.648	-668.078	26.7224	8	3	3	3	308.538	314	55.7497	2.18137	0.298545	0.543064	9.25919	45.5372	20.8855	94.3864	1	1	1	1	0	0	0	0
31.07.2015 08:45:39.976000	-0.005	-0.00856605	0	125.648	-668.078	26.7215	8	3	3	3	331.758	314	55.8154	2.22089	0.338068	0.586654	9.24837	45.4259	20.8699	94.0202	1	1	1	1	0	0	0	0
31.07.2015 08:45:40.076000	-0.005	-0.00856605	0	125.648	-668.078	26.7213	8	3	3	3	365.351	314	55.8756	2.22254	0.339713	0.588002	9.2338	45.5133	20.8506	94.4285	1	1	1	1	0	0	0	0
31.07.2015 08:45:40.176000	-0.005	-0.00856605	0	125.648	-668.078	26.7225	8	3	3	3	256.598	314	55.9342	2.19875	0.315923	0.588002	9.233	45.5295	20.8465	94.5063	1	1	1	1	0	0	0	0
31.07.2015 08:45:40.276000	-0.005	-0.00856605	0	125.648	-668.078	26.7267	8	3	3	3	311.375	314	55.9934	2.23674	0.353914	0.588002	9.25203	45.5378	20.8345	94.5841	1	1	1	1	0	0	0	0
31.07.2015 08:45:40.376000	-0.005	-0.00856605	0	125.648	-668.078	26.7291	8	3	3	3	321.458	314	56.0536	2.25144	0.368612	0.602771	9.21929	45.3168	20.8383	93.7232	1	1	1	1	0	0	0	0
31.07.2015 08:45:40.476000	-0.005	-0.00856605	0	125.648	-668.078	26.7292	8	3	3	3	285.027	314	56.1213	2.26141	0.378589	0.605175	9.29478	45.9868	20.8302	96.3198	1	1	1	1	0	0	0	0
31.07.2015 08:45:40.576000	-0.005	-0.00856605	0	125.648	-668.078	26.7285	8	3	3	3	278.701	314	56.181	2.28846	0.405634	0.605175	9.29073	45.6536	20.8327	95.0344	1	1	1	1	0	0	0	0
31.07.2015 08:45:40.676000	-0.005	-0.00856605	0	125.648	-668.078	26.7256	8	3	3	3	367	314	56.2387	2.327	0.444172	0.605175	9.30324	45.4839	20.8173	94.4437	1	1	1	1	0	0	0	0
31.07.2015 08:45:40.776000	-0.005	-0.00856605	0	125.648	-668.078	26.7231	8	3	3	3	317.21	314.103	56.2999	2.34302	0.4602	0.612414	9.29337	44.0111	20.8073	88.8426	1	1	1	1	0.81	0	0	0
31.07.2015 08:45:40.876000	-0.005	-0.00856605	0	125.648	-668.078	26.7227	8	3	3	3	344.693	315.033	56.369	2.28152	0.398695	0.614113	9.26642	45.4026	20.8006	94.1959	1	1	1	1	1	0	0	0
31.07.2015 08:45:40.976000	-0.005	-0.00856605	0	125.648	-668.078	26.7225	8	3	3	3	319.043	317.102	56.4257	2.18825	0.30543	0.614113	9.33294	47.263	20.801	101.318	1	1	1	1	1	0	0	0
31.07.2015 08:45:41.076000	-0.005	-0.00856605	0	125.648	-668.078	26.7249	8	3	3	3	378.345	320.31	56.4829	2.09392	0.211101	0.614113	9.31514	45.2076	20.8084	93.4196	1	1	1	1	1	0	0	0
31.07.2015 08:45:41.176000	-0.005	-0.00856605	0	125.652	-668.078	26.722	8	3	3	3	325.632	324.658	56.5391	1.91241	0.0295823	0.603549	9.23915	45.6291	20.8235	94.976	1	1	1	1	1	0	0	0
31.07.2015 08:45:41.276000	-0.005	-0.00856605	0	125.651	-668.078	26.7224	8	3	3	3	272.876	330.146	56.5933	1.85175	-0.0310713	0.597861	9.2513	44.9402	20.8407	92.2721	1	1	1	1	1	0	0	0
31.07.2015 08:45:41.376000	-0.005	-0.00856605	0	125.648	-668.078	26.722	8	3	3	3	268.562	336.774	56.6446	2.03478	0.151952	0.597861	9.28042	46.1095	20.8548	96.6951	1	1	1	1	1	0	0	0
31.07.2015 08:45:41.476000	-0.005	-0.00856605	0	125.654	-668.078	26.7253	8	3	3	3	349.864	344.541	56.7087	2.4188	0.535976	0.597861	9.3023	47.1827	20.8352	100.879	1	1	1	1	1	0	0	0
31.07.2015 08:45:41.576000	-0.005	-0.00856605	0	125.648	-668.078	26.7236	8	3	3	3	380.768	353.449	56.7789	2.72506	0.842233	0.596531	9.24884	45.6939	20.8121	95.2674	1	1	1	1	1	0	0	0
31.07.2015 08:45:41.676000	-0.005	-0.00856605	0	125.654	-668.078	26.7227	8	3	3	3	358.546	363.494	56.8505	2.92126	1.03844	0.595032	9.22667	45.7297	20.7486	95.6479	1	1	1	1	1	0	0	0
31.07.2015 08:45:41.776000	-0.005	-0.00856605	0	125.652	-668.078	26.722	8	3	3	3	356.109	374.681	56.9311	3.15594	1.27312	0.595032	9.27062	46.0389	20.6676	97.1417	1	1	1	1	1	0	0	0
31.07.2015 08:45:41.876000	-0.005	-0.00856605	0	125.654	-668.078	26.7231	8	3	3	3	451.402	387.008	57.0186	3.38632	1.5035	0.66578	9.24261	44.6923	20.5559	92.4135	1	1	1	1	1	0	0	0
31.07.2015 08:45:41.976000	-0.005	-0.00856605	0	125.652	-668.078	26.7204	8	3	3	3	395.348	400.474	57.1047	3.5342	1.65138	0.797169	9.22349	45.1189	20.437	94.5021	1	1	1	1	1	0	0	0
31.07.2015 08:45:42.076000	-0.005	-0.00856605	0	125.656	-668.078	26.7188	8	3	3	3	416.4	415.081	57.1982	3.75979	1.87697	0.797169	9.2041	45.0518	20.3067	94.7442	1	1	1	1	1	0	0	0
31.07.2015 08:45:42.176000	-0.005	-0.00856605	0	125.652	-668.078	26.7188	8	3	3	3	486.675	430.825	57.2962	4.01184	2.12902	0.888528	9.2045	44.6515	20.1628	93.7624	1	1	1	1	1	0	0	0
31.07.2015 08:45:42.276000	-0.005	-0.00856605	0	125.654	-668.078	26.7159	8	3	3	3	480.635	447.711	57.3977	4.11811	2.23529	0.931521	9.17415	44.5242	20.0121	93.8517	1	1	1	1	1	0	0	0
31.07.2015 08:45:42.376000	-0.005	-0.00856605	0	125.652	-668.078	26.7133	8	3	3	3	476.572	465.737	57.4986	4.19111	2.30828	0.950744	9.16464	44.4804	19.8857	94.1681	1	1	1	1	1	0	0	0
31.07.2015 08:45:42.476000	-0.005	-0.00856605	0	125.656	-668.078	26.7119	8	3	3	3	447.543	484.901	57.6036	4.40405	2.52122	1.0151	9.17556	44.0996	19.7458	93.2455	1	1	1	1	1	0	0	0
31.07.2015 08:45:42.576000	-0.005	-0.00856605	0	125.656	-668.078	26.7133	8	3	3	3	503.474	505.207	57.712	4.79034	2.90752	1.0151	9.18772	43.4779	19.5756	91.5171	1	1	1	1	1	0	0	0
31.07.2015 08:45:42.676000	-0.005	-0.00856605	0	125.656	-668.078	26.718	8	3	3	3	475.874	526.65	57.8354	5.30816	3.42534	1.10363	9.19824	44.2008	19.3386	95.1922	1	1	1	1	1	0	0	0
31.07.2015 08:45:42.776000	-0.005	-0.00856605	0	125.656	-668.078	26.7198	8	3	3	3	529.956	549.232	57.9672	5.94363	4.0608	1.12719	9.23275	43.5956	19.023	94.0833	1	1	1	1	1	0	0	0
31.07.2015 08:45:42.876000	-0.005	-0.00856605	0	125.656	-668.078	26.7224	8	3	3	3	598.618	572.956	58.1159	6.60903	4.7262	1.32304	9.2258	43.0041	18.6399	93.2857	1	1	1	1	1	0	0	0
31.07.2015 08:45:42.976000	-0.005	-0.00856605	0	125.66	-668.078	26.7225	8	3	3	3	588.205	597.819	58.2776	7.19288	5.31006	1.4615	9.19075	42.5104	18.2202	93.0022	1	1	1	1	1	0	0	0
31.07.2015 08:45:43.076000	-0.005	-0.00856605	0	125.659	-668.078	26.7191	8	3	3	3	640.976	623.82	58.4572	7.69497	5.81215	1.61299	9.14978	42.1487	17.7872	93.2754	1	1	1	1	1	0	0	0
31.07.2015 08:45:43.176000	-0.005	-0.00856605	0	125.66	-668.078	26.7177	8	3	3	3	589.315	650.964	58.6427	8.23624	6.35341	1.78929	9.17161	41.505	17.3753	92.3878	1	1	1	1	1	0	0	0
31.07.2015 08:45:43.276000	-0.005	-0.00856605	0	125.661	-668.078	26.7162	8	3	3	3	596.4	679.245	58.8427	9.10614	7.22332	1.90732	9.26324	41.2861	16.9237	93.2789	1	1	1	1	1	0	0	0
31.07.2015 08:45:43.376000	-0.005	-0.00856605	0	125.664	-668.078	26.7155	8	3	3	3	697.168	708.668	59.064	10.177	8.29415	2.07713	9.22381	40.6603	16.4345	92.7557	1	1	1	1	1	0	0	0
31.07.2015 08:45:43.476000	-0.005	-0.00856605	0	125.661	-668.078	26.7151	8	3	3	3	769.15	739.228	59.3072	11.1105	9.22767	2.30478	9.17227	40.1207	15.9424	92.5738	1	1	1	1	1	0	0	0
31.07.2015 08:45:43.576000	-0.005	-0.00856605	0	125.664	-668.078	26.7144	8	3	3	3	740.81	770.931	59.5644	11.9192	10.0364	2.50877	9.08257	39.7016	15.4997	92.664	1	1	1	1	1	0	0	0
31.07.2015 08:45:43.676000	-0.005	-0.00856605	0	125.661	-668.078	26.7148	8	3	3	3	707.319	803.773	59.8385	12.8352	10.9524	2.66995	9.11162	39.2331	15.1252	92.3046	1	1	1	1	1	0	0	0
31.07.2015 08:45:43.776000	-0.005	-0.00856605	0	125.664	-668.078	26.7117	8	3	3	3	730.811	837.751	60.135	14.0871	12.2042	2.86703	9.17271	38.9329	14.7708	92.5117	1	1	1	1	1	0	0	0
31.07.2015 08:45:43.876000	-0.005	-0.00856605	0	125.664	-668.078	26.7115	8	3	3	3	868.926	872.878	60.4608	15.4817	13.5988	3.19734	9.1718	38.5725	14.4041	92.5313	1	1	1	1	1	0	0	0
31.07.2015 08:45:43.976000	-0.005	-0.00856605	0	125.664	-668.078	26.7139	8	3	3	3	899.1	909.138	60.8099	16.697	14.8142	3.45228	9.08239	38.2075	14.1038	92.2883	1	1	1	1	1	0	0	0
31.07.2015 08:45:44.076000	-0.005	-0.00856605	0	125.664	-668.078	26.7177	8	3	3	3	816.156	946.536	61.178	17.9105	16.0277	3.64705	9.1254	37.9725	13.9133	92.1179	1	1	1	1	1	0	0	0
31.07.2015 08:45:44.176000	-0.005	-0.00856605	0	125.664	-668.078	26.7236	8	3	3	3	873.469	985.076	61.5725	19.453	17.5702	3.89873	9.12359	37.8718	13.8098	92.1284	1	1	1	1	1	0	0	0
31.07.2015 08:45:44.276000	-0.005	-0.00856605	0	125.664	-668.078	26.7242	8	3	3	3	987.926	515.983	61.9978	20.8839	5.41155	4.22437	9.11976	38.5219	13.7612	95.3881	1	1	1	1	1	0.71	0	0.71
31.07.2015 08:45:44.376000	-0.005	-0.00856605	0	125.664	-668.078	26.7285	8	3	3	3	3708.59	314	65.1096	21.023	0	71.1037	8.68229	105.998	14.7702	348.414	1	1	1	1	1	1	0.51	1
31.07.2015 08:45:44.476000	-0.005	-0.00856605	0	125.698	-668.083	26.7336	8	3	3	3	692.395	314	66.2064	21.023	0	74.5569	6.22914	112.929	0.702414	429.865	1	1	1	1	1	1	1	1
31.07.2015 08:45:44.576000	-0.005	-0.00856605	0	125.664	-668.074	26.7068	8	3	3	3	11.8267	314	66.2064	21.023	0	74.5569	3.98869	126.336	0.720115	480.958	1	1	1	1	1	1	1	1
31.07.2015 08:45:44.676000	-0.005	-0.00856605	0	125.661	-668.089	23.525	8	3	3	3	2.21806	314	66.2064	21.023	0	74.5569	2.4647	139.953	0.620746	533.462	1	1	1	1	1	1	1	1
31.07.2015 08:45:44.776000	-0.005	-0.00856605	0	125.664	-668.09	19.8063	8	3	3	3	0.579717	314	66.2064	21.023	0	74.5569	1.72824	146.193	0.604389	557.43	1	1	1	1	1	1	1	1
31.07.2015 08:45:44.876000	-0.005	-0.00856605	0	125.664	-668.089	15.9697	8	3	3	3	0.320187	314	66.2064	21.023	0	74.5569	1.35333	147.784	0.598163	563.544	1	1	1	1	1	1	1	1
31.07.2015 08:45:44.976000	-0.005	-0.00856605	0	125.664	-668.074	13.1516	8	3	3	3	0.279726	314	66.2064	21.023	0	74.5569	1.084	148.734	0.5992	567.178	1	1	1	1	1	1	1	1
31.07.2015 08:45:45.076000	-0.005	-0.00856605	0	125.664	-668.089	10.8814	8	3	3	3	0.305917	314	66.2064	21.023	0	74.5569	0.866522	149.395	0.607318	569.679	1	1	1	1	1	1	1	1
31.07.2015 08:45:45.176000	-0.005	-0.00856605	0	125.664	-668.082	9.19542	8	3	3	3	0.291081	314	66.2064	21.023	0	74.5569	0.750723	149.285	0.596026	569.302	1	1	1	1	1	1	1	1
31.07.2015 08:45:45.276000	-0.005	-0.00856605	0	125.664	-668.081	7.36003	8	3	3	3	0.294401	314	66.2064	21.023	0	74.5569	0.666782	149.265	0.603412	569.197	1	1	1	1	1	1	1	1
31.07.2015 08:45:45.376000	-0.005	-0.00856605	0	125.664	-668.09	6.4974	8	3	3	3	0.284991	314	66.2064	21.023	0	38.0971	0.586632	149.224	0.607196	569.026	1	1	1	1	1	1	1	1
31.07.2015 08:45:45.476000	-0.005	-0.00856605	0	125.664	-668.091	5.59462	8	3	3	3	0.278791	314	66.2064	21.023	0	0.149087	0.527865	149.286	0.59212	569.319	1	1	1	1	1	1	1	1
31.07.2015 08:45:45.576000	-0.005	-0.00856605	0	125.664	-668.094	4.83073	8	3	3	3	0.297863	314	66.2064	21.023	0	0.149087	0.487066	149.346	0.583758	569.581	1	1	1	1	1	1	1	1
31.07.2015 08:45:45.676000	-0.005	-0.00856605	0	125.664	-668.094	4.10192	8	3	3	3	0.3672	314	66.2064	21.023	0	0.149087	0.45434	149.376	0.594134	569.656	1	1	1	1	1	1	1	1
31.07.2015 08:45:45.776000	-0.005	-0.00856605	0	125.664	-668.094	3.62739	8	3	3	3	0.351463	314	66.2064	21.023	0	0.149087	0.415451	149.383	0.604694	569.641	1	1	1	1	1	1	1	1
31.07.2015 08:45:45.876000	-0.005	-0.00856605	0	125.664	-668.094	3.23893	8	3	3	3	0.245959	314	66.2064	21.023	0	0.149087	0.393258	149.407	0.620136	569.675	1	1	1	1	1	1	1	1
31.07.2015 08:45:45.976000	-0.005	-0.00856605	0	125.664	-668.094	2.85862	8	3	3	3	0.276883	314	66.2064	5.88643	0	0.149087	0.373061	149.611	0.624714	570.44	1	1	1	1	1	1	1	0.28
31.07.2015 08:45:46.076000	-0.005	-0.00856605	0	125.664	-668.094	1.94915	8	3	3	3	0.29402	314	66.2064	0	0	0.149087	0.354051	149.914	0.634907	571.559	1	1	1	1	1	1	1	0
31.07.2015 08:45:46.176000	-0.005	-0.00856605	0	125.664	-668.094	0.50076	8	3	3	3	0.289992	314	66.2064	0	0	0.149087	0.335127	149.343	0.616962	569.442	1	1	1	1	1	1	1	0
31.07.2015 08:45:46.276000	-0.005	-0.00856605	0	125.659	-668.094	0.152271	8	3	3	3	0.306928	314	66.2064	0	0	0.149087	0.323293	149.241	0.61092	569.073	1	1	1	1	1	1	1	0
31.07.2015 08:45:46.376000	-0.005	-0.00856605	0	125.633	-668.082	0.124783	8	3	3	3	0.362832	314	66.2064	0	0	0.0775251	0.310677	149.194	0.637287	568.796	1	1	1	1	1	1	1	0
31.07.2015 08:45:46.476000	-0.005	-0.00856605	0	125.586	-668.096	0.110315	8	3	3	3	0.327003	314	66.2064	0	0	0	0.300839	149.065	0.654622	568.235	1	1	1	1	1	1	1	0
31.07.2015 08:45:46.576000	-0.005	-0.00856605	0	125.582	-668.098	0.0976563	8	3	3	3	0.282515	314	66.2064	0	0	0	0.289786	148.982	0.653279	567.922	1	1	1	1	1	1	1	0
31.07.2015 08:45:46.676000	-0.005	-0.00856605	0	125.57	-668.089	0.0817419	8	3	3	3	0.272197	314	66.2064	0	0	0	0.28287	148.893	0.628742	567.673	1	1	1	1	1	1	1	0
31.07.2015 08:45:46.776000	-0.005	-0.00856605	0	125.57	-668.094	0.0661892	8	3	3	3	0.290417	314	66.2064	0	0	0	0.275405	148.916	0.635884	567.736	1	1	1	1	1	1	1	0
31.07.2015 08:45:46.876000	-0.005	-0.00856605	0	125.57	-668.094	0.0564236	8	3	3	3	0.291073	314	66.2064	0	0	0	0.266898	149.012	0.640645	568.083	1	1	1	1	1	1	1	0
31.07.2015 08:45:46.976000	-0.005	-0.00856605	0	125.57	-668.094	0.046658	8	3	3	3	0.286551	314	66.2064	0	0	0	0.261748	148.714	0.646321	566.923	1	1	1	1	1	1	1	0
31.07.2015 08:45:47.076000	-0.005	-0.00856605	0	125.57	-668.091	0.0368924	8	3	3	3	0.291149	314	66.2064	0	0	0	0.255179	148.733	0.649495	566.98	1	1	1	1	1	1	1	0
31.07.2015 08:45:47.176000	-0.005	-0.00856605	0	125.57	-668.094	0.0309245	8	3	3	3	0.289846	314	66.2064	0	0	0	0.250434	148.772	0.651204	567.125	1	1	1	1	1	1	1	0
31.07.2015 08:45:47.276000	-0.005	-0.00856605	0	125.57	-668.094	0.0249566	8	3	3	3	0.28782	314	66.2064	0	0	0	0.243027	148.781	0.64864	567.168	1	1	1	1	1	1	1	0
31.07.2015 08:45:47.376000	-0.005	-0.00856605	0	125.57	-668.094	0.0200738	8	3	3	3	0.322799	314	66.2064	0	0	0	0.240654	148.666	0.649068	566.728	1	1	1	1	1	1	1	0
31.07.2015 08:45:47.476000	-0.005	-0.00856605	0	125.57	-668.094	0.0141059	8	3	3	3	0.315933	314	66.2064	0	0	0	0.235069	148.535	0.648701	566.227	1	1	1	1	1	1	1	0
31.07.2015 08:45:47.576000	-0.005	-0.00856605	0	125.57	-668.09	0.00976563	8	3	3	3	0.357933	314	66.2064	0	0	0	0.231481	148.542	0.646443	566.264	1	1	1	1	1	1	1	0
31.07.2015 08:45:47.676000	-0.005	-0.00856605	0	125.576	-668.094	0.00940394	8	3	3	3	0.332728	314	66.2064	0	0	0	0.227691	148.498	0.639424	566.122	1	1	1	1	1	1	1	0
31.07.2015 08:45:47.776000	-0.005	-0.00856605	0	125.57	-668.094	0.00651042	8	3	3	3	0.279549	314	66.2064	0	0	0	0.224392	148.495	0.645161	566.086	1	1	1	1	1	1	1	0
31.07.2015 08:45:47.876000	-0.005	-0.00856605	0	125.573	-668.094	0.0072338	8	3	3	3	0.274534	314	66.2064	0	0	0	0.221412	148.428	0.64742	565.82	1	1	1	1	1	1	1	0
31.07.2015 08:45:47.976000	-0.005	-0.00856605	0	125.57	-668.09	0.00488281	8	3	3	3	0.270656	314	66.2064	0	0	0	0.22066	148.451	0.651814	565.893	1	1	1	1	1	1	1	0
31.07.2015 08:45:48.076000	-0.005	-0.00856605	0	125.563	-668.089	0.0036169	8	3	3	3	0.291635	314	66.2064	0	0	0	0.236516	148.364	0.657369	565.539	1	1	1	1	1	1	1	0
31.07.2015 08:45:48.176000	-0.005	-0.00856605	0	125.559	-668.055	0.00271267	8	3	3	3	0.337233	314	66.2064	0	0	0	0.255671	148.306	0.663961	565.293	1	1	1	1	1	1	1	0
31.07.2015 08:45:48.276000	-0.005	-0.00856605	0	125.565	-667.5	0.00108507	8	3	3	3	0.31392	314	66.2064	0	0	0	0.273843	148.336	0.651753	565.454	1	1	1	1	1	1	1	0
31.07.2015 08:45:48.376000	-0.005	-0.00856605	0	125.582	-663.648	0.0016276	8	3	3	3	0.27215	314	66.2064	0	0	0	0.301794	148.298	0.663839	565.26	1	1	1	1	1	1	1	0
31.07.2015 08:45:48.476000	-0.005	-0.00856605	0	125.589	-640.104	0.00036169	8	3	3	3	0.249866	314	66.2064	0	0	0	0.327951	148.227	0.647664	565.05	1	1	1	1	1	1	1	0
31.07.2015 08:45:48.576000	-0.005	-0.00856605	0	125.594	-614.527	0.0016276	8	3	3	3	0.27246	314	66.2064	0	0	0	0.346991	148.196	0.660237	564.886	1	1	1	1	1	1	1	0
31.07.2015 08:45:48.676000	-0.005	-0.00856605	0	125.594	-590.885	0.00144676	8	3	3	3	0.278761	314	66.2064	0	0	0	0.362066	148.221	0.664083	564.965	1	1	1	1	1	1	1	0
31.07.2015 08:45:48.776000	-0.005	-0.00856605	0	125.594	-561.563	0.00217014	8	3	3	3	0.277781	314	66.2064	0	0	0	0.374682	148.184	0.662496	564.829	1	1	1	1	1	1	1	0
31.07.2015 08:45:48.876000	-0.005	-0.00856605	0	125.594	-512.216	0.00180845	8	3	3	3	0.286727	314	66.2064	0	0	0	0.382755	148.104	0.662496	564.525	1	1	1	1	1	1	1	0
31.07.2015 08:45:48.976000	-0.005	-0.00856605	0	125.594	-473.852	0.00108507	8	3	3	3	0.278642	314	66.2064	0	0	0	0.389699	148.123	0.662801	564.596	1	1	1	1	1	1	1	0
31.07.2015 08:45:49.076000	-0.005	-0.00856605	0	125.591	-432.388	0.00289352	8	3	3	3	0.285977	314	66.2064	0	0	0	0.396788	148.029	0.663411	564.233	1	1	1	1	1	1	1	0
31.07.2015 08:45:49.176000	-0.005	-0.00856605	0	125.586	-382.613	0.0016276	8	3	3	3	0.321374	314	66.2064	0	0	0	0.402749	147.868	0.662374	563.62	1	1	1	1	1	1	1	0
31.07.2015 08:45:49.276000	-0.005	-0.00856605	0	125.591	-332.68	0.00072338	8	3	3	3	0.332099	314	66.2064	0	0	0	0.40897	148.001	0.663717	564.124	1	1	1	1	1	1	1	0
31.07.2015 08:45:49.376000	-0.005	-0.00856605	0	125.59	-291.074	-0.00108507	8	3	3	3	0.298054	314	66.2064	0	0	0	0.416088	147.939	0.662374	563.891	1	1	1	1	1	1	1	0
31.07.2015 08:45:49.476000	-0.005	-0.00856605	0	125.586	-249.716	-0.00072338	8	3	3	3	0.293205	314	66.2064	0	0	0	0.424682	147.905	0.666707	563.747	1	1	1	1	1	1	1	0
31.07.2015 08:45:49.576000	-0.005	-0.00856605	0	125.586	-192.105	-0.00108507	8	3	3	3	0.285297	314	66.2064	0	0	0	0.432668	147.874	0.666524	563.629	1	1	1	1	1	1	1	0
31.07.2015 08:45:49.676000	-0.005	-0.00856605	0	125.594	-150.99	-0.00108507	8	3	3	3	0.295674	314	66.2064	0	0	0	0.439149	147.836	0.670797	563.467	1	1	1	1	1	1	1	0
31.07.2015 08:45:49.776000	-0.005	-0.00856605	0	125.594	-109.922	-0.000542535	8	3	3	3	0.315673	314	66.2064	0	0	0	0.447251	147.804	0.670675	563.344	1	1	1	1	1	1	1	0
31.07.2015 08:45:49.876000	-0.005	-0.00856605	0	125.594	-68.8906	0.00108507	8	3	3	3	0.325727	314	66.2064	0	0	0	0.453819	147.773	0.671285	563.221	1	1	1	1	1	1	1	0
31.07.2015 08:45:49.976000	-0.005	-0.00856605	0	125.594	-11.5156	0.0016276	8	3	3	3	0.334792	314	66.2064	0	0	0	0.458854	147.784	0.67275	563.258	1	1	1	1	1	1	1	0
31.07.2015 08:45:50.076000	-0.005	-0.00856605	0	125.594	29.3307	0.00397859	8	3	3	3	0.304255	314	66.2064	0	0	0	0.463223	147.784	0.674764	563.251	1	1	1	1	1	1	1	0
31.07.2015 08:45:50.176000	-0.005	-0.00856605	0	125.594	70.1758	0.00542535	8	3	3	3	0.275898	314	66.2064	0	0	0	0.467564	147.695	0.677633	562.9	1	1	1	1	1	1	1	0
31.07.2015 08:45:50.276000	-0.005	-0.00856605	0	125.594	116.648	0.00614873	8	3	3	3	0.272204	314	66.2064	0	0	0	0.470804	147.639	0.673666	562.701	1	1	1	1	1	1	1	0
31.07.2015 08:45:50.376000	-0.005	-0.00856605	0	125.594	167.988	0.00434028	8	3	3	3	0.284806	314	66.2064	0	0	0	0.472483	147.612	0.668722	562.615	1	1	1	1	1	1	1	0
31.07.2015 08:45:50.476000	-0.005	-0.00856605	0	125.594	208.69	0.0036169	8	3	3	3	0.280488	314	66.2064	0	0	0	0.47364	147.605	0.670125	562.585	1	1	1	1	1	1	1	0
31.07.2015 08:45:50.576000	-0.005	-0.00856605	0	125.594	249.469	0.00325521	8	3	3	3	0.295129	314	66.2064	0	0	0	0.475839	147.57	0.668783	562.457	1	1	1	1	1	1	1	0
31.07.2015 08:45:50.676000	-0.005	-0.00856605	0	125.594	300.875	0.00325521	8	3	3	3	0.282165	314	66.2064	0	0	0	0.479051	147.558	0.669088	562.41	1	1	1	1	1	1	1	0
31.07.2015 08:45:50.776000	-0.005	-0.00856605	0	125.594	347.16	0.00379774	8	3	3	3	0.305409	314	66.2064	0	0	0	0.481655	147.533	0.668294	562.315	1	1	1	1	1	1	1	0
31.07.2015 08:45:50.876000	-0.005	-0.00856605	0	125.596	387.589	0.0036169	8	3	3	3	0.296103	314	66.2064	0	0	0	0.482436	147.474	0.674032	562.068	1	1	1	1	1	1	1	0
31.07.2015 08:45:50.976000	-0.005	-0.00856605	0	125.594	428.156	0.0016276	8	3	3	3	0.32003	314	66.2064	0	0	0	0.480237	147.468	0.672567	562.049	1	1	1	1	1	1	1	0
31.07.2015 08:45:51.076000	-0.005	-0.00856605	0	125.594	485.318	0.00289352	8	3	3	3	0.3037	314	66.2064	0	0	0	0.478819	147.417	0.673421	561.851	1	1	1	1	1	1	1	0
31.07.2015 08:45:51.176000	-0.005	-0.00856605	0	125.594	525.922	0.00325521	8	3	3	3	0.290853	314	66.2064	0	0	0	0.477431	147.422	0.673788	561.87	1	1	1	1	1	1	1	0
31.07.2015 08:45:51.276000	-0.005	-0.00856605	0	125.594	565.104	0.00397859	8	3	3	3	0.292138	314	66.2064	0	0	0	0.47717	147.361	0.676168	561.626	1	1	1	1	1	1	1	0
31.07.2015 08:45:51.376000	-0.005	-0.00856605	0	125.594	598.102	0.00325521	8	3	3	3	0.271724	314	66.2064	0	0	0	0.475376	147.353	0.675375	561.6	1	1	1	1	1	1	1	0
31.07.2015 08:45:51.476000	-0.005	-0.00856605	0	125.594	634.906	0.0036169	8	3	3	3	0.29298	314	66.2064	0	0	0	0.472743	147.331	0.67452	561.518	1	1	1	1	1	1	1	0
31.07.2015 08:45:51.576000	-0.005	-0.00856605	0	125.594	655.289	0.00542535	8	3	3	3	0.309865	314	66.2064	0	0	0	0.470718	147.244	0.673055	561.191	1	1	1	1	1	1	1	0
31.07.2015 08:45:51.676000	-0.005	-0.00856605	0	125.599	668.63	0.00831887	8	3	3	3	0.345158	314	66.2064	0	0	0	0.468374	147.25	0.674276	561.21	1	1	1	1	1	1	1	0
31.07.2015 08:45:51.776000	-0.005	-0.00856605	0	125.602	675.313	0.00705295	8	3	3	3	0.349008	314	66.2064	0	0	0	0.467911	147.294	0.674581	561.376	1	1	1	1	1	1	1	0
31.07.2015 08:45:51.876000	-0.005	-0.00856605	0	125.602	676.706	0.0072338	8	3	3	3	0.317348	314	66.2064	0	0	0	0.466753	147.233	0.67568	561.14	1	1	1	1	1	1	1	0
31.07.2015 08:45:51.976000	-0.005	-0.00856605	0	125.609	676.844	0.00651042	8	3	3	3	0.296889	314	66.2064	0	0	0	0.466464	147.168	0.677084	560.886	1	1	1	1	1	1	1	0
31.07.2015 08:45:52.076000	-0.005	-0.00856605	0	125.609	676.841	0.00434028	8	3	3	3	0.278479	314	66.2064	0	0	0	0.465856	147.13	0.679891	560.726	1	1	1	1	1	1	1	0
31.07.2015 08:45:52.176000	-0.005	-0.00856605	0	125.609	676.828	0.00271267	8	3	3	3	0.266663	314	66.2064	0	0	0	0.465336	148.194	0.680013	564.803	1	1	1	1	1	1	1	0
31.07.2015 08:45:52.276000	-0.005	-0.00856605	0	125.602	676.815	0.00108507	8	3	3	3	0.271683	314	66.2064	0	0	0	0.46386	147.267	0.677938	561.261	1	1	1	1	1	1	1	0
31.07.2015 08:45:52.376000	-0.005	-0.00856605	0	125.57	676.844	0.00108507	8	3	3	3	0.280633	314	66.2064	0	0	0	0.463166	147.007	0.67513	560.275	1	1	1	1	1	1	1	0
31.07.2015 08:45:52.476000	-0.005	-0.00856605	0	125.568	676.852	0.00108507	8	3	3	3	0.279859	314	66.2064	0	0	0	0.46224	147.017	0.675192	560.315	1	1	1	1	1	1	1	0
31.07.2015 08:45:52.576000	-0.005	-0.00856605	0	125.574	676.848	0.00108507	8	3	3	3	0.271854	314	66.2064	0	0	0	0.46114	147.023	0.677938	560.325	1	1	1	1	1	1	1	0
31.07.2015 08:45:52.676000	-0.005	-0.00856605	0	125.57	676.846	0.00217014	8	3	3	3	0.289761	314	66.2064	0	0	0	0.460503	147.015	0.676351	560.303	1	1	1	1	1	1	1	0
31.07.2015 08:45:52.776000	-0.005	-0.00856605	0	125.574	676.852	0.00108507	8	3	3	3	0.296375	314	66.2064	0	0	0	0.459809	146.996	0.673849	560.239	1	1	1	1	1	1	1	0
31.07.2015 08:45:52.876000	-0.005	-0.00856605	0	125.578	676.844	0.00180845	8	3	3	3	0.296512	314	66.2064	0	0	0	0.460069	146.9	0.675008	559.865	1	1	1	1	1	1	1	0
31.07.2015 08:45:52.976000	-0.005	-0.00856605	0	125.578	676.844	0.0016276	8	3	3	3	0.315505	314	66.2064	0	0	0	0.459491	146.918	0.673177	559.941	1	1	1	1	1	1	1	0
31.07.2015 08:45:53.076000	-0.005	-0.00856605	0	125.578	676.839	0.00108507	8	3	3	3	0.318131	314	66.2064	0	0	0	0.459809	146.884	0.672872	559.814	1	1	1	1	1	1	1	0
31.07.2015 08:45:53.176000	-0.005	-0.00856605	0	125.582	676.84	0.00217014	8	3	3	3	0.321338	314	66.2064	0	0	0	0.459751	146.891	0.67684	559.823	1	1	1	1	1	1	1	0
31.07.2015 08:45:53.276000	-0.005	-0.00856605	0	125.581	676.844	0.00253183	8	3	3	3	0.310193	314	66.2064	0	0	0	0.46033	146.845	0.676656	559.648	1	1	1	1	1	1	1	0
31.07.2015 08:45:53.376000	-0.005	-0.00856605	0	125.578	676.84	0.00325521	8	3	3	3	0.27034	314	66.2064	0	0	0	0.461314	146.768	0.674764	559.363	1	1	1	1	1	1	1	0
31.07.2015 08:45:53.476000	-0.005	-0.00856605	0	125.581	676.836	0.0036169	8	3	3	3	0.302109	314	66.2064	0	0	0	0.46224	146.745	0.677145	559.266	1	1	1	1	1	1	1	0
31.07.2015 08:45:53.576000	-0.005	-0.00856605	0	125.586	676.844	0.00379774	8	3	3	3	0.316165	314	66.2064	0	0	0	0.463744	146.781	0.67745	559.401	1	1	1	1	1	1	1	0
31.07.2015 08:45:53.676000	-0.005	-0.00856605	0	125.586	676.841	0.00217014	8	3	3	3	0.305972	314	66.2064	0	0	0	0.46386	146.731	0.679952	559.199	1	1	1	1	1	1	1	0
31.07.2015 08:45:53.776000	-0.005	-0.00856605	0	125.586	676.836	-0.000542535	8	3	3	3	0.318015	314	66.2064	0	0	0	0.46467	146.719	0.67861	559.161	1	1	1	1	1	1	1	0
31.07.2015 08:45:53.876000	-0.005	-0.00856605	0	125.586	676.839	0.00217014	8	3	3	3	0.334395	314	66.2064	0	0	0	0.46331	146.677	0.681112	558.987	1	1	1	1	1	1	1	0
31.07.2015 08:45:53.976000	-0.005	-0.00856605	0	125.586	676.836	0.0016276	8	3	3	3	0.324924	314	66.2064	0	0	0	0.462442	146.619	0.679708	558.771	1	1	1	1	1	1	1	0
31.07.2015 08:45:54.076000	-0.005	-0.00856605	0	125.586	676.844	0.00108507	8	3	3	3	0.289672	314	66.2064	0	0	0	0.462847	146.621	0.680929	558.775	1	1	1	1	1	1	1	0
31.07.2015 08:45:54.176000	-0.005	-0.00856605	0	125.586	676.844	0.0016276	8	3	3	3	0.294842	314	66.2064	0	0	0	0.466956	146.686	0.680807	559.024	1	1	1	1	1	1	1	0
31.07.2015 08:45:54.276000	-0.005	-0.00856605	0	125.586	676.844	0.00144676	8	3	3	3	0.269155	314	66.2064	0	0	0	0.471094	146.565	0.684662	558.548	1	1	1	1	1	1	1	0
31.07.2015 08:45:54.376000	-0.005	-0.00856605	0	125.586	676.844	0.00108507	8	3	3	3	0.258087	314	66.2064	0	0	0	0.474277	146.545	0.685141	558.469	1	1	1	1	1	1	1	0
31.07.2015 08:45:54.476000	-0.005	-0.00856605	0	125.586	676.844	0.00144676	8	3	3	3	0.271234	314	66.2064	0	0	0	0.476881	146.504	0.684347	558.316	1	1	1	1	1	1	1	0
31.07.2015 08:45:54.576000	-0.005	-0.00856605	0	125.586	676.844	0.00108507	8	3	3	3	0.279058	314	66.2064	0	0	0	0.479369	146.508	0.67861	558.351	1	1	1	1	1	1	1	0
31.07.2015 08:45:54.676000	-0.005	-0.00856605	0	125.586	676.844	0.00180845	8	3	3	3	0.279285	314	66.2064	0	0	0	0.481684	146.451	0.676962	558.139	1	1	1	1	1	1	1	0
31.07.2015 08:45:54.776000	-0.005	-0.00856605	0	125.586	676.844	0.00108507	8	3	3	3	0.278864	314	66.2064	0	0	0	0.482726	146.444	0.679376	558.099	1	1	1	1	1	1	1	0
31.07.2015 08:45:54.876000	-0.005	-0.00856605	0	125.586	676.844	0.00144676	8	3	3	3	0.279992	314	66.2064	0	0	0	0.483941	146.548	0.680992	558.561	1	1	1	1	1	1	1	0
31.07.2015 08:45:54.976000	-0.005	-0.00856605	0	125.586	676.844	0.0016276	8	3	3	3	0.285398	314	66.2064	0	0	0	0.484346	146.375	0.680807	557.841	1	1	1	1	1	1	1	0
31.07.2015 08:45:55.076000	-0.005	-0.00856605	0	125.586	676.844	0.00108507	8	3	3	3	0.301071	314	66.2064	0	0	0	0.484954	146.386	0.681112	557.871	1	1	1	1	1	1	1	0
31.07.2015 08:45:55.176000	-0.005	-0.00856605	0	125.586	676.844	0.00108507	8	3	3	3	0.305698	314	66.2064	0	0	0	0.484375	146.358	0.680746	557.768	1	1	1	1	1	1	1	0
31.07.2015 08:45:55.276000	-0.005	-0.00856605	0	125.586	676.844	0.00144676	8	3	3	3	0.30259	314	66.2064	0	0	0	0.484664	146.34	0.678487	557.71	1	1	1	1	1	1	1	0
31.07.2015 08:45:55.376000	-0.005	-0.00856605	0	125.586	676.844	0.00217014	8	3	3	3	0.315272	314	66.2064	0	0	0	0.48384	146.361	0.678243	557.789	1	1	1	1	1	1	1	0
31.07.2015 08:45:55.476000	-0.005	-0.00856605	0	125.583	676.844	0.00108507	8	3	3	3	0.325569	314	66.2064	0	0	0	0.481301	146.303	0.677511	557.57	1	1	1	1	1	1	1	0
31.07.2015 08:45:55.576000	-0.005	-0.00856605	0	125.582	676.844	0.00108507	8	3	3	3	0.312351	314	66.2064	0	0	0	0.477127	146.251	0.675558	557.38	1	1	1	1	1	1	1	0
31.07.2015 08:45:55.676000	-0.005	-0.00856605	0	125.586	676.844	0.00217014	8	3	3	3	0.281954	314	66.2064	0	0	0	0.473365	146.232	0.67861	557.296	1	1	1	1	1	1	1	0
31.07.2015 08:45:55.776000	-0.005	-0.00856605	0	125.586	676.844	0.0016276	8	3	3	3	0.251625	314	66.2064	0	0	0	0.46956	146.251	0.677877	557.369	1	1	1	1	1	1	1	0
31.07.2015 08:45:55.876000	-0.005	-0.00856605	0	125.586	676.844	0.00108507	8	3	3	3	0.278465	314	66.2064	0	0	0	0.467224	146.193	0.679342	557.141	1	1	1	1	1	1	1	0
31.07.2015 08:45:55.976000	-0.005	-0.00856605	0	125.586	676.844	0.00108507	8	3	3	3	0.299413	314	66.2064	0	0	0	0.466146	146.177	0.681173	557.076	1	1	1	1	1	1	1	0
31.07.2015 08:45:56.076000	-0.005	-0.00856605	0	125.586	676.844	0.00289352	8	3	3	3	0.286676	314	66.2064	0	0	0	0.464185	146.131	0.683493	556.889	1	1	1	1	1	1	1	0
31.07.2015 08:45:56.176000	-0.005	-0.00856605	0	125.586	676.852	0.0016276	8	3	3	3	0.317128	314	66.2064	0	0	0	0.463151	146.124	0.683859	556.862	1	1	1	1	1	1	1	0
31.07.2015 08:45:56.276000	-0.005	-0.00856605	0	125.586	676.852	0.00108507	8	3	3	3	0.348164	314	66.2064	0	0	0	0.461683	146.093	0.683615	556.744	1	1	1	1	1	1	1	0
31.07.2015 08:45:56.376000	-0.005	-0.00856605	0	125.586	676.852	0.00217014	8	3	3	3	0.338895	314	66.2064	0	0	0	0.461516	146.052	0.68508	556.579	1	1	1	1	1	1	1	0
31.07.2015 08:45:56.476000	-0.005	-0.00856605	0	125.586	676.852	0.00325521	8	3	3	3	0.325996	314	66.2064	0	0	0	0.460959	146.04	0.683554	556.542	1	1	1	1	1	1	1	0
31.07.2015 08:45:56.576000	-0.005	-0.00856605	0	125.586	676.852	0.00325521	8	3	3	3	0.268433	314	66.2064	0	0	0	0.461082	146.014	0.682638	556.444	1	1	1	1	1	1	1	0
31.07.2015 08:45:56.676000	-0.005	-0.00856605	0	125.586	676.857	0.00325521	8	3	3	3	0.268479	314	66.2064	0	0	0	0.460793	146.011	0.683676	556.431	1	1	1	1	1	1	1	0
31.07.2015 08:45:56.776000	-0.005	-0.00856605	0	125.586	676.855	0.00271267	8	3	3	3	0.268041	314	66.2064	0	0	0	0.46067	145.977	0.68508	556.292	1	1	1	1	1	1	1	0
31.07.2015 08:45:56.876000	-0.005	-0.00856605	0	125.586	676.852	0.00108507	8	3	3	3	0.286202	314	66.2064	0	0	0	0.460894	146.019	0.685812	556.453	1	1	1	1	1	1	1	0
31.07.2015 08:45:56.976000	-0.005	-0.00856605	0	125.586	676.855	0.00108507	8	3	3	3	0.282023	314	66.2064	0	0	0	0.460525	145.939	0.681783	556.16	1	1	1	1	1	1	1	0
31.07.2015 08:45:57.076000	-0.005	-0.00856605	0	125.586	676.854	0.00108507	8	3	3	3	0.292204	314	66.2064	0	0	0	0.46106	145.996	0.680258	556.385	1	1	1	1	1	1	1	0
31.07.2015 08:45:57.176000	-0.005	-0.00856605	0	125.59	676.855	0.0016276	8	3	3	3	0.299807	314	66.2064	0	0	0	0.459867	145.906	0.678365	556.047	1	1	1	1	1	1	1	0
31.07.2015 08:45:57.276000	-0.005	-0.00856605	0	125.586	676.857	0.00108507	8	3	3	3	0.297019	314	66.2064	0	0	0	0.45753	145.727	0.679403	555.358	1	1	1	1	1	1	1	0
31.07.2015 08:45:57.376000	-0.005	-0.00856605	0	125.586	676.855	0.00108507	8	3	3	3	0.313711	314	66.2064	0	0	0	0.454348	145.842	0.680502	555.795	1	1	1	1	1	1	1	0
31.07.2015 08:45:57.476000	-0.005	-0.00856605	0	125.583	676.859	0.00144676	8	3	3	3	0.294926	314	66.2064	0	0	0	0.453458	145.829	0.680807	555.742	1	1	1	1	1	1	1	0
31.07.2015 08:45:57.576000	-0.005	-0.00856605	0	125.59	676.855	0.00108507	8	3	3	3	0.289505	314	66.2064	0	0	0	0.451722	145.817	0.681845	555.694	1	1	1	1	1	1	1	0
31.07.2015 08:45:57.676000	-0.005	-0.00856605	0	125.586	676.857	0.00036169	8	3	3	3	0.300989	314	66.2064	0	0	0	0.450854	145.75	0.682699	555.434	1	1	1	1	1	1	1	0
31.07.2015 08:45:57.776000	-0.005	-0.00856605	0	125.586	676.855	-0.00108507	8	3	3	3	0.299336	314	66.2064	0	0	0	0.44953	145.788	0.681295	555.585	1	1	1	1	1	1	1	0
31.07.2015 08:45:57.876000	-0.005	-0.00856605	0	125.586	676.857	-0.00144676	8	3	3	3	0.333748	314	66.2064	0	0	0	0.448394	145.732	0.680746	555.373	1	1	1	1	1	1	1	0
31.07.2015 08:45:57.976000	-0.005	-0.00856605	0	125.586	676.859	-0.00271267	8	3	3	3	0.332588	314	66.2064	0	0	0	0.44736	145.716	0.680868	555.31	1	1	1	1	1	1	1	0
31.07.2015 08:45:58.076000	-0.005	-0.00856605	0	125.586	676.859	-0.00144676	8	3	3	3	0.312997	314	66.2064	0	0	0	0.447049	145.703	0.681295	555.26	1	1	1	1	1	1	1	0
31.07.2015 08:45:58.176000	-0.005	-0.00856605	0	125.586	676.855	-0.0016276	8	3	3	3	0.302654	314	66.2064	0	0	0	0.447461	145.686	0.681906	555.193	1	1	1	1	1	1	1	0
31.07.2015 08:45:58.276000	-0.005	-0.00856605	0	125.583	676.859	0.00036169	8	3	3	3	0.271278	314	66.2064	0	0	0	0.44804	145.607	0.679952	554.897	1	1	1	1	1	1	1	0
31.07.2015 08:45:58.376000	-0.005	-0.00856605	0	125.586	676.852	-0.00108507	8	3	3	3	0.278705	314	66.2064	0	0	0	0.449486	145.642	0.678304	555.035	1	1	1	1	1	1	1	0
31.07.2015 08:45:58.476000	-0.005	-0.00856605	0	125.589	676.867	0.00036169	8	3	3	3	0.274608	314	66.2064	0	0	0	0.449219	145.598	0.681722	554.854	1	1	1	1	1	1	1	0
31.07.2015 08:45:58.576000	-0.005	-0.00856605	0	125.586	676.855	0.00108507	8	3	3	3	0.288062	314	66.2064	0	0	0	0.449797	145.559	0.683859	554.7	1	1	1	1	1	1	1	0
31.07.2015 08:45:58.676000	-0.005	-0.00856605	0	125.586	676.846	0.00217014	8	3	3	3	0.299146	314	66.2064	0	0	0	0.449486	145.663	0.684408	555.096	1	1	1	1	1	1	1	0
31.07.2015 08:45:58.776000	-0.005	-0.00856605	0	125.582	676.844	0.00108507	8	3	3	3	0.299537	314	66.2064	0	0	0	0.449942	145.523	0.684286	554.557	1	1	1	1	1	1	1	0
31.07.2015 08:45:58.876000	-0.005	-0.00856605	0	125.578	676.917	0.00144676	8	3	3	3	0.329939	314	66.2064	0	0	0	0.449653	145.522	0.685507	554.551	1	1	1	1	1	1	1	0
31.07.2015 08:45:58.976000	-0.005	-0.00856605	0	125.578	676.883	0.00108507	8	3	3	3	0.321984	314	66.2064	0	0	0	0.450231	145.468	0.684957	554.347	1	1	1	1	1	1	1	0
31.07.2015 08:45:59.076000	-0.005	-0.00856605	0	125.578	676.846	0.00144676	8	3	3	3	0.337429	314	66.2064	0	0	0	0.45021	145.534	0.689596	554.582	1	1	1	1	1	1	1	0
31.07.2015 08:45:59.176000	-0.005	-0.00856605	0	125.578	676.902	0.00108507	8	3	3	3	0.326254	314	66.2064	0	0	0	0.450253	145.437	0.686789	554.22	1	1	1	1	1	1	1	0
31.07.2015 08:45:59.276000	-0.005	-0.00856605	0	125.578	676.875	0.00144676	8	3	3	3	0.281093	314	66.2064	0	0	0	0.45021	145.399	0.690268	554.061	1	1	1	1	1	1	1	0
31.07.2015 08:45:59.376000	-0.005	-0.00856605	0	125.582	676.844	0.00108507	8	3	3	3	0.284351	314	66.2064	0	0	0	0.449964	145.396	0.689169	554.053	1	1	1	1	1	1	1	0
31.07.2015 08:45:59.476000	-0.005	-0.00856605	0	125.581	676.836	0.00180845	8	3	3	3	0.269778	314	66.2064	0	0	0	0.449407	145.355	0.689718	553.894	1	1	1	1	1	1	1	0
31.07.2015 08:45:59.576000	-0.005	-0.00856605	0	125.586	676.82	0.000542535	8	3	3	3	0.291108	314	66.2064	0	0	0	0.447381	145.347	0.692465	553.853	1	1	1	1	1	1	1	0
31.07.2015 08:45:59.676000	-0.005	-0.00856605	0	125.583	676.82	0.00108507	8	3	3	3	0.288309	314	66.2064	0	0	0	0.447049	145.33	0.690634	553.797	1	1	1	1	1	1	1	0
31.07.2015 08:45:59.776000	-0.005	-0.00856605	0	125.586	676.813	0.00108507	8	3	3	3	0.290445	314	66.2064	0	0	0	0.445645	145.307	0.685018	553.729	1	1	1	1	1	1	1	0
31.07.2015 08:45:59.876000	-0.005	-0.00856605	0	125.586	676.807	0.00108507	8	3	3	3	0.255982	314	66.2064	0	0	0	0.445334	145.284	0.681051	553.657	1	1	1	1	1	1	1	0
31.07.2015 08:45:59.976000	-0.005	-0.00856605	0	125.586	676.805	0.00325521	8	3	3	3	0.288551	314	66.2064	0	0	0	0.444177	145.25	0.681722	553.524	1	1	1	1	1	1	1	0
31.07.2015 08:46:00.076000	-0.005	-0.00856605	0	125.583	676.805	0.00144676	8	3	3	3	0.290863	314	66.2064	0	0	0	0.444155	145.23	0.688803	553.418	1	1	1	1	1	1	1	0
31.07.2015 08:46:00.176000	-0.005	-0.00856605	0	125.582	676.801	0.00108507	8	3	3	3	0.312639	314	66.2064	0	0	0	0.443576	145.253	0.69509	553.484	1	1	1	1	1	1	1	0
31.07.2015 08:46:00.276000	-0.005	-0.00856605	0	125.583	676.805	0.00144676	8	3	3	3	0.286935	314	66.2064	0	0	0	0.44333	145.189	0.699911	553.222	1	1	1	1	1	1	1	0
31.07.2015 08:46:00.376000	-0.005	-0.00856605	0	125.586	676.801	0.00108507	8	3	3	3	0.295656	314	66.2064	0	0	0	0.445139	145.167	0.708884	553.1	1	1	1	1	1	1	1	0
31.07.2015 08:46:00.476000	-0.005	-0.00856605	0	125.586	676.792	0.00144676	8	3	3	3	0.290997	314	66.2064	0	0	0	0.454492	145.137	0.717917	552.95	1	1	1	1	1	1	1	0
31.07.2015 08:46:00.576000	-0.005	-0.00856605	0	125.582	676.793	0.0016276	8	3	3	3	0.305059	314	66.2064	0	0	0	0.467556	145.166	0.724509	553.039	1	1	1	1	1	1	1	0
31.07.2015 08:46:00.676000	-0.005	-0.00856605	0	125.586	676.786	0.00108507	8	3	3	3	0.294868	314	66.2064	0	0	0	0.47521	145.135	0.733909	552.882	1	1	1	1	1	1	1	0
31.07.2015 08:46:00.776000	-0.005	-0.00856605	0	125.586	676.781	0.00108507	8	3	3	3	0.324394	314	66.2064	0	0	0	0.4824	145.119	0.740257	552.797	1	1	1	1	1	1	1	0
31.07.2015 08:46:00.876000	-0.005	-0.00856605	0	125.586	676.781	0.00144676	8	3	3	3	0.295641	314	66.2064	0	0	0	0.488585	145.077	0.74575	552.614	1	1	1	1	1	1	1	0
31.07.2015 08:46:00.976000	-0.005	-0.00856605	0	125.586	676.781	0.00217014	8	3	3	3	0.257376	314	66.2064	0	0	0	0.492389	145.012	0.749011	552.354	1	1	1	1	1	1	1	0
