Time	[76:0]	[76:1]	[76:2]	[76:4]	[76:8]	[76:70]	[76:71]	[78:0]	[78:1]	[78:2]	[79:2]	[79:3]	[79:4]	[79:8]	[79:9]	[79:10]	[79:11]	[79:12]	[79:13]	[79:14]	[79.0]	[79.1]	[79.2]	[79.3]	[79.4]	[79.5]	[79.6]	[79.8]
time	Hoogteverstelling - Referentie positie (mm)	Hoogteverstelling - AZ gemeten positie (mm)	Hoogteverstelling - BZ gemeten positie (mm)	Transfert Ingang - Gemeten positie (mm)	Transfert Uitgang - Gemeten positie (mm)	Aardgas - actueel debiet	Stappenschakelaar - gemeten pos	Laspos Ing - positie discreet	Laspos Uitg - positie discreet	Schaafverstelling - positie discreet	Stuikraam - Totale Stroommeting RMS-waarde (A)	Stuikraam - Stroomreferentie (A)	Stuikraam - Positie AZ (mm, pulsgever)	Stuikraam - Referentie Servo-ventiel (%)	Stuikraam - Trim door I-regelaar (%)	Stuikraam - Gemeten snelheid (mm/s, pulsgever)	Secundaire lasspanning	Stuikraam - Druk stuikcilinder voorkamer (=laszijde)  (bar)	Stuikraam - Druk stuikcilinder terugloopkamer  (bar)	Stuikraam - Netto voorwaartse kracht op stuikraam (kN)	Stuikraam - P1	Stuikraam - P2	Stuikraam - P3	Stuikraam - P4	Stuikraam - P5	Stuikraam - P6	Stuikraam - P7	Stuikraam - Openen stuikventielen	

Lasparameter.Ingang - Coil ID	0303279S
Lasparameter.Ingang - Dikte (um)	3560
Lasparameter.Ingang - Breedte (mm)	1331
Lasparameter.Ingang - Materiaal	0002
Lasparameter.Uitgang - Coil ID	0301942S
Lasparameter.Uitgang - Dikte (um)	4490
Lasparameter.Uitgang - Breedte (mm)	1303
Lasparameter.Uitgang - Materiaal	0001
Lasparameter.P2 (mm)	32.0
Lasparameter.P3 (mm)	42.0
Lasparameter.P4 (mm)	50.0
Lasparameter.P5 (mm)	56.2
Lasparameter.P6 (mm)	61.8
Lasparameter.P7 (mm)	66.0
Lasparameter.Vonksnelheid (mm/s)	1.20
Lasparameter.Lassnelheid (mm/s)	0.48
Lasparameter.Stroom Referentie (A)	0285
Lasparameter.Stroomtoename (µA/s2)	60.0
Lasparameter.Stuikstroomtijd (per)	0008
Lasparameter.Afkoeltijd Stuik (per)	0027
Lasparameter.Stuikdruk (bar)	0103
Lasparameter.Stuiksnelheid (%)	90.0

03.08.2015 00:11:09.762000	0.465	0.459049	0.458714	-0.046875	-667.977	-0.00325521	7	3	3	3	0.240608	285	0	0	0	0	0.343367	4.41188	129.417	-478.619	1	0	0	0	0	0	0	0
03.08.2015 00:11:09.862000	0.465	0.459049	0.458714	0	-667.973	-0.00271267	7	3	3	3	0.261092	285	0	0	0	0	0.342361	4.21094	129.401	-479.33	1	0	0	0	0	0	0	0
03.08.2015 00:11:09.962000	0.465	0.459049	0.458714	0	-667.971	-0.00180845	7	3	3	3	0.270805	285	0	0	0	0	0.337833	4.9498	129.41	-476.534	1	0	0	0	0	0	0	0
03.08.2015 00:11:10.062000	0.465	0.459049	0.458714	0.00390625	-667.969	-0.00108507	7	3	3	3	0.255303	285	0	0	0	0	0.334549	5.77856	129.423	-473.409	1	0	0	0	0	0	0	0
03.08.2015 00:11:10.162000	0.465	0.459049	0.458714	0.0104167	-667.969	-0.00144676	7	3	3	3	0.230991	285	0	0	0	0	0.333478	3.47801	129.339	-481.898	1	0	0	0	0	0	0	0
03.08.2015 00:11:10.262000	0.465	0.459049	0.458714	0.0117188	-667.969	-0.0016276	7	3	3	3	0.239539	285	0	0	0	0	0.332473	4.83077	129.369	-476.833	1	0	0	0	0	0	0	0
03.08.2015 00:11:10.362000	0.465	0.459049	0.458714	0.0104167	-667.969	-0.00072338	7	3	3	3	0.23949	285	0	0	0	0	0.331691	5.45787	129.39	-474.513	1	0	0	0	0	0	0	0
03.08.2015 00:11:10.462000	0.465	0.459049	0.458714	0.0195313	-667.961	0.00108507	7	3	3	3	0.251247	285	0	0	0	0	0.331503	4.94528	129.374	-476.415	1	0	0	0	0	0	0	0
03.08.2015 00:11:10.562000	0.465	0.459049	0.458714	0.00520833	-667.969	0.00072338	7	3	3	3	0.274566	285	0	0	0	0	0.332075	2.76418	129.252	-484.295	1	0	0	0	0	0	0	0
03.08.2015 00:11:10.662000	0.465	0.459049	0.458714	0.0195313	-667.969	0.000542535	7	3	3	3	0.262845	285	0	0	0	0	0.332227	4.36122	129.293	-478.338	1	0	0	0	0	0	0	0
03.08.2015 00:11:10.762000	0.465	0.459049	0.458714	0.0208333	-667.958	0.00036169	7	3	3	3	0.26807	285	0	0	0	0	0.332993	4.82247	129.322	-476.683	1	0	0	0	0	0	0	0
03.08.2015 00:11:10.862000	0.465	0.459049	0.458714	0.0195313	-667.961	-0.0016276	7	3	3	3	0.271475	285	0	0	0	0	0.332465	3.0419	129.246	-483.211	1	0	0	0	0	0	0	0
03.08.2015 00:11:10.962000	0.465	0.459049	0.458714	0.0234375	-667.969	-0.00108507	7	3	3	3	0.267135	285	0	0	0	0	0.334867	5.57268	129.298	-473.721	1	0	0	0	0	0	0	0
03.08.2015 00:11:11.062000	0.465	0.459049	0.458714	0.0234375	-667.969	-0.00325521	7	3	3	3	0.265812	285	0	0	0	0	0.336654	5.13938	129.291	-475.353	1	0	0	0	0	0	0	0
03.08.2015 00:11:11.162000	0.465	0.459049	0.458714	0.0234375	-667.964	-0.00253183	7	3	3	3	0.264906	285	0	0	0	0	0.339837	4.86557	129.267	-476.307	1	0	0	0	0	0	0	0
03.08.2015 00:11:11.262000	0.465	0.459049	0.458714	0.0234375	-667.969	-0.00325521	7	3	3	3	0.250719	285	0	0	0	0	0.341283	5.8161	129.278	-472.71	1	0	0	0	0	0	0	0
03.08.2015 00:11:11.362000	0.465	0.459049	0.458714	0.0234375	-667.961	-0.00289352	7	3	3	3	0.239047	285	0	0	0	0	0.341869	5.01962	129.25	-475.654	1	0	0	0	0	0	0	0
03.08.2015 00:11:11.462000	0.465	0.459049	0.458714	0.0234375	-667.961	-0.00271267	7	3	3	3	0.232281	285	0	0	0	0	0.343164	4.35578	129.213	-478.053	1	0	0	0	0	0	0	0
03.08.2015 00:11:11.562000	0.465	0.459049	0.458714	0.0104167	-667.966	-0.00108507	7	3	3	3	0.244589	285	0	0	0	0	0.344133	2.85708	129.15	-483.552	1	0	0	0	0	0	0	0
03.08.2015 00:11:11.662000	0.465	0.459049	0.458714	0.0664063	-667.965	-0.00271267	7	3	3	3	0.242487	285	0	0	0	0	0.346108	3.9494	129.156	-479.391	1	0	0	0	0	0	0	0
03.08.2015 00:11:11.762000	0.465	0.459049	0.458714	0.455729	-667.969	-0.00434028	7	3	3	3	0.249608	285	0	0	0	0	0.346593	4.78695	129.176	-476.259	1	0	0	0	0	0	0	0
03.08.2015 00:11:11.862000	0.465	0.459049	0.458714	2.73047	-667.965	-0.00434028	7	3	3	3	0.250374	285	0	0	0	0	0.348517	4.62349	129.16	-476.826	1	0	0	0	0	0	0	0
03.08.2015 00:11:11.962000	0.465	0.459049	0.458714	21.2734	-667.969	-0.00470197	7	3	3	3	0.246745	285	0	0	0	0	0.350058	4.80892	129.147	-476.065	1	0	0	0	0	0	0	0
03.08.2015 00:11:12.062000	0.465	0.459049	0.458714	43.5195	-667.969	-0.00488281	7	3	3	3	0.255181	285	0	0	0	0	0.353053	4.56502	129.13	-476.936	1	0	0	0	0	0	0	0
03.08.2015 00:11:12.162000	0.465	0.459049	0.458714	66.112	-667.966	-0.00434028	7	3	3	3	0.253013	285	0	0	0	0	0.354304	4.87802	129.124	-475.713	1	0	0	0	0	0	0	0
03.08.2015 00:11:12.262000	0.465	0.459049	0.458714	93.6602	-667.969	-0.00434028	7	3	3	3	0.259841	285	0	0	0	0	0.356959	4.39894	129.099	-477.451	1	0	0	0	0	0	0	0
03.08.2015 00:11:12.362000	0.465	0.459049	0.458714	136.852	-667.969	-0.00470197	7	3	3	3	0.274594	285	0	0	0	0	0.359266	4.11451	129.076	-478.454	1	0	0	0	0	0	0	0
03.08.2015 00:11:12.462000	0.465	0.459049	0.458714	180.387	-667.969	-0.00217014	7	3	3	3	0.257976	285	0	0	0	0	0.360966	5.19547	129.114	-474.459	1	0	0	0	0	0	0	0
03.08.2015 00:11:12.562000	0.465	0.459049	0.458714	221.268	-667.969	-0.00144676	7	3	3	3	0.247835	285	0	0	0	0	0.361538	4.53395	129.061	-476.789	1	0	0	0	0	0	0	0
03.08.2015 00:11:12.662000	0.465	0.459049	0.458714	262.973	-667.969	-0.00108507	7	3	3	3	0.242606	285	0	0	0	0	0.363375	4.49617	129.047	-476.879	1	0	0	0	0	0	0	0
03.08.2015 00:11:12.762000	0.465	0.459049	0.458714	323.398	-667.969	-0.00180845	7	3	3	3	0.234998	285	0	0	0	0	0.365683	4.76565	129.038	-475.816	1	0	0	0	0	0	0	0
03.08.2015 00:11:12.862000	0.465	0.459049	0.458714	366.953	-667.969	-0.00271267	7	3	3	3	0.253671	285	0	0	0	0	0.366992	4.53102	129.084	-476.887	1	0	0	0	0	0	0	0
03.08.2015 00:11:12.962000	0.465	0.459049	0.458714	408.37	-667.969	-0.00470197	7	3	3	3	0.263735	285	0	0	0	0	0.367578	4.42976	129.088	-477.292	1	0	0	0	0	0	0	0
03.08.2015 00:11:13.062000	0.465	0.459049	0.458714	446.547	-667.969	-0.00488281	7	3	3	3	0.266481	285	0	0	0	0	0.364974	4.2978	129.089	-477.778	1	0	0	0	0	0	0	0
03.08.2015 00:11:13.162000	0.465	0.459049	0.458714	471.201	-667.964	-0.0036169	7	3	3	3	0.261602	285	0	0	0	0	0.363223	4.43204	129.063	-477.186	1	0	0	0	0	0	0	0
03.08.2015 00:11:13.262000	0.465	0.459049	0.458714	485.254	-667.965	-0.00379774	7	3	3	3	0.259007	285	0	0	0	0	0.360677	4.52663	129.02	-476.661	1	0	0	0	0	0	0	0
03.08.2015 00:11:13.362000	0.465	0.459049	0.458714	501.273	-667.971	-0.00397859	7	3	3	3	0.245742	285	0	0	0	0	0.359693	4.49165	129.009	-476.753	1	0	0	0	0	0	0	0
03.08.2015 00:11:13.462000	0.465	0.459049	0.458714	524	-667.969	-0.000542535	7	3	3	3	0.263589	285	0	0	0	0	0.358073	4.50277	128.994	-476.654	1	0	0	0	0	0	0	0
03.08.2015 00:11:13.562000	0.465	0.459049	0.458714	539.513	-667.971	0.00072338	7	3	3	3	0.257619	285	0	0	0	0	0.356221	4.46889	128.98	-476.728	1	0	0	0	0	0	0	0
03.08.2015 00:11:13.662000	0.465	0.459049	0.458714	555.492	-667.977	-0.00108507	7	3	3	3	0.247008	285	0	0	0	0	0.354933	4.51442	128.97	-476.516	1	0	0	0	0	0	0	0
03.08.2015 00:11:13.762000	0.465	0.459049	0.458714	571.273	-667.969	-0.00108507	7	3	3	3	0.243662	285	0	0	0	0	0.351447	4.47151	128.96	-476.643	1	0	0	0	0	0	0	0
03.08.2015 00:11:13.862000	0.465	0.459049	0.458714	592.75	-667.977	0.000542535	7	3	3	3	0.237005	285	0	0	0	0	0.351563	4.46443	128.944	-476.609	1	0	0	0	0	0	0	0
03.08.2015 00:11:13.962000	0.465	0.459049	0.458714	607.406	-667.977	0.00144676	7	3	3	3	0.256583	285	0	0	0	0	0.349812	4.48848	128.937	-476.488	1	0	0	0	0	0	0	0
03.08.2015 00:11:14.062000	0.465	0.459049	0.458714	621.754	-667.977	0	7	3	3	3	0.262462	285	0	0	0	0	0.349682	4.48207	128.918	-476.44	1	0	0	0	0	0	0	0
03.08.2015 00:11:14.162000	0.465	0.459049	0.458714	637.966	-667.977	0.00072338	7	3	3	3	0.248892	285	0	0	0	0	0.348814	4.47871	128.905	-476.404	1	0	0	0	0	0	0	0
03.08.2015 00:11:14.262000	0.465	0.459049	0.458714	655.102	-667.977	0.000542535	7	3	3	3	0.249493	285	0	0	0	0	0.349928	4.45302	128.89	-476.444	1	0	0	0	0	0	0	0
03.08.2015 00:11:14.362000	0.465	0.459049	0.458714	667.729	-667.977	0.00072338	7	3	3	3	0.255189	285	0	0	0	0	0.348756	4.45509	128.877	-476.387	1	0	0	0	0	0	0	0
03.08.2015 00:11:14.462000	0.465	0.459049	0.458714	679.348	-667.977	0.000542535	7	3	3	3	0.269516	285	0	0	0	0	0.348423	4.45637	128.863	-476.329	1	0	0	0	0	0	0	0
03.08.2015 00:11:14.562000	0.465	0.459049	0.458714	692.159	-667.977	0.00144676	7	3	3	3	0.243337	285	0	0	0	0	0.347367	4.4264	128.849	-476.39	1	0	0	0	0	0	0	0
03.08.2015 00:11:14.662000	0.465	0.459049	0.458714	700.762	-667.984	0.00108507	7	3	3	3	0.250225	285	0	0	0	0	0.347164	4.39045	128.834	-476.469	1	0	0	0	0	0	0	0
03.08.2015 00:11:14.762000	0.465	0.459049	0.458714	705.216	-667.984	0.00072338	7	3	3	3	0.257822	285	0	0	0	0	0.346209	4.35023	128.82	-476.57	1	0	0	0	0	0	0	0
03.08.2015 00:11:14.862000	0.465	0.459049	0.458714	706.43	-667.984	0.000542535	7	3	3	3	0.269598	285	0	0	0	0	0.345428	4.40236	128.809	-476.327	1	0	0	0	0	0	0	0
03.08.2015 00:11:14.962000	0.465	0.459049	0.458714	707.107	-667.984	0.00144676	7	3	3	3	0.281733	285	0	0	0	0	0.344661	4.42201	128.795	-476.201	1	0	0	0	0	0	0	0
03.08.2015 00:11:15.062000	0.465	0.459049	0.458714	707.109	-667.984	0.00434028	7	3	3	3	0.271987	285	0	0	0	0	0.343547	4.41554	128.779	-476.163	1	0	0	0	0	0	0	0
03.08.2015 00:11:15.162000	0.465	0.459049	0.458714	707.109	-667.984	-0.00108507	7	3	3	3	0.249771	285	0	0	0	0	0.34307	4.86489	128.777	-474.435	1	0	0	0	0	0	0	0
03.08.2015 00:11:15.262000	0.465	0.459049	0.458714	707.109	-667.984	-0.000542535	7	3	3	3	0.258285	285	0	0	0	0	0.341334	4.7767	128.764	-474.724	1	0	0	0	0	0	0	0
03.08.2015 00:11:15.362000	0.465	0.459049	0.458714	707.109	-667.984	-0.00144676	7	3	3	3	0.262459	285	0	0	0	0	0.340943	4.4358	128.738	-475.93	1	0	0	0	0	0	0	0
03.08.2015 00:11:15.462000	0.465	0.459049	0.458714	707.109	-667.984	-0.00108507	7	3	3	3	0.265014	285	0	0	0	0	0.339453	4.52339	128.728	-475.553	1	0	0	0	0	0	0	0
03.08.2015 00:11:15.562000	0.465	0.459049	0.458714	707.109	-667.984	-0.00108507	7	3	3	3	0.274052	285	0	0	0	0	0.338585	4.54396	128.713	-475.42	1	0	0	0	0	0	0	0
03.08.2015 00:11:15.662000	0.465	0.459049	0.458714	707.109	-667.984	-0.00108507	7	3	3	3	0.246751	285	0	0	0	0	0.338252	4.35292	128.696	-476.086	1	0	0	0	0	0	0	0
03.08.2015 00:11:15.762000	0.465	0.459049	0.458714	707.109	-667.984	-0.00144676	7	3	3	3	0.259234	285	0	0	0	0	0.33708	4.54537	128.683	-475.299	1	0	0	0	0	0	0	0
03.08.2015 00:11:15.862000	0.465	0.459049	0.458714	707.109	-667.984	-0.00108507	7	3	3	3	0.27575	285	0	0	0	0	0.336372	4.62801	128.679	-474.967	1	0	0	0	0	0	0	0
03.08.2015 00:11:15.962000	0.465	0.459049	0.458714	707.109	-667.984	-0.00072338	7	3	3	3	0.251301	285	0	0	0	0	0.333941	4.50075	128.755	-475.744	1	0	0	0	0	0	0	0
03.08.2015 00:11:16.062000	0.465	0.459049	0.458714	707.109	-667.984	-0.0016276	7	3	3	3	0.237586	285	0	0	0	0	0.333232	4.51747	128.887	-476.186	1	0	0	0	0	0	0	0
03.08.2015 00:11:16.162000	0.465	0.459049	0.458714	707.115	-667.984	-0.00108507	7	3	3	3	0.248945	285	0	0	0	0	0.330613	4.52651	129.005	-476.603	1	0	0	0	0	0	0	0
03.08.2015 00:11:16.262000	0.465	0.459049	0.458714	707.117	-667.984	-0.0016276	7	3	3	3	0.239458	285	0	0	0	0	0.329369	4.52303	129.122	-477.066	1	0	0	0	0	0	0	0
03.08.2015 00:11:16.362000	0.465	0.459049	0.458714	707.117	-667.984	-0.00108507	7	3	3	3	0.235158	285	0	0	0	0	0.326765	4.54024	129.241	-477.454	1	0	0	0	0	0	0	0
03.08.2015 00:11:16.462000	0.465	0.459049	0.458714	707.117	-667.984	-0.00108507	7	3	3	3	0.253504	285	0	0	0	0	0.32594	4.46968	129.276	-477.86	1	0	0	0	0	0	0	0
03.08.2015 00:11:16.562000	0.465	0.459049	0.458714	707.128	-667.987	-0.00108507	7	3	3	3	0.24822	285	0	0	0	0	0.323047	4.02442	129.399	-480.034	1	0	0	0	0	0	0	0
03.08.2015 00:11:16.662000	0.465	0.459049	0.458714	707.133	-667.996	0.00108507	7	3	3	3	0.238906	285	0	0	0	0	0.321065	4.26978	128.953	-477.389	1	0	0	0	0	0	0	0
03.08.2015 00:11:16.762000	0.465	0.459049	0.458714	707.141	-667.992	0.00108507	7	3	3	3	0.252093	285	0	0	0	0	0.319343	4.68636	128.896	-475.573	1	0	0	0	0	0	0	0
03.08.2015 00:11:16.862000	0.465	0.459049	0.458714	707.137	-667.992	0.00108507	7	3	3	3	0.254472	285	0	0	0	0	0.317983	5.43425	130.458	-478.691	1	0	0	0	0	0	0	0
03.08.2015 00:11:16.962000	0.465	0.459049	0.458714	707.146	-667.982	0.00108507	7	3	3	3	0.248443	285	0	0	0	0	0.316247	5.44975	130.134	-477.391	1	0	0	0	0	0	0	0
03.08.2015 00:11:17.062000	0.465	0.459049	0.458714	707.141	-667.988	0.00108507	7	3	3	3	0.256517	285	0	0	0	0	0.313354	4.63198	129.394	-477.69	1	0	0	0	0	0	0	0
03.08.2015 00:11:17.162000	0.465	0.459049	0.458714	707.146	-667.99	0	7	3	3	3	0.251002	285	0	0	0	0	0.312688	4.86721	128.984	-475.217	1	0	0	0	0	0	0	0
03.08.2015 00:11:17.262000	0.465	0.459049	0.458714	707.141	-667.992	-0.000542535	7	3	3	3	0.2255	285	0	0	0	0	0.31046	5.27873	128.963	-473.564	1	0	0	0	0	0	0	0
03.08.2015 00:11:17.362000	0.465	0.459049	0.458714	707.141	-667.992	-0.00036169	7	3	3	3	0.235569	285	0	0	0	0	0.309693	4.77584	128.929	-475.358	1	0	0	0	0	0	0	0
03.08.2015 00:11:17.462000	0.465	0.459049	0.458714	707.145	-667.992	-0.00108507	7	3	3	3	0.259818	285	0	0	0	0	0.307624	4.91055	128.841	-474.505	1	0	0	0	0	0	0	0
03.08.2015 00:11:17.562000	0.465	0.459049	0.458714	707.143	-667.99	-0.00144676	7	3	3	3	0.241937	285	0	0	0	0	0.307234	5.19712	128.749	-473.055	1	0	0	0	0	0	0	0
03.08.2015 00:11:17.662000	0.465	0.459049	0.458714	707.145	-667.992	-0.00108507	7	3	3	3	0.249817	285	0	0	0	0	0.305165	4.90426	128.601	-473.612	1	0	0	0	0	0	0	0
03.08.2015 00:11:17.762000	0.465	0.459049	0.458714	707.143	-667.992	-0.00072338	7	3	3	3	0.2608	285	0	0	0	0	0.304673	4.87368	128.392	-472.926	1	0	0	0	0	0	0	0
03.08.2015 00:11:17.862000	0.465	0.459049	0.458714	707.145	-667.992	-0.0016276	7	3	3	3	0.257271	285	0	0	0	0	0.303342	4.69332	128.278	-473.182	1	0	0	0	0	0	0	0
03.08.2015 00:11:17.962000	0.465	0.459049	0.458714	707.146	-667.992	-0.00036169	7	3	3	3	0.27456	285	0	0	0	0	0.302937	4.52535	127.435	-470.596	1	0	0	0	0	0	0	0
03.08.2015 00:11:18.062000	0.465	0.459049	0.458714	707.137	-667.992	-0.00108507	7	3	3	3	0.254625	285	0	0	0	0	0.301649	19.431	116.208	-370.538	1	0	0	0	0	0	0	0
03.08.2015 00:11:18.162000	0.465	0.459049	0.458714	706.849	-667.992	-0.00144676	7	3	3	3	0.251902	285	0.581483	0	0	11.2629	0.300188	109.453	90.7491	71.612	1	0	0	0	0	0	0	0
03.08.2015 00:11:18.262000	0.465	0.459049	0.458714	699.258	-667.984	-0.0016276	7	3	3	3	0.243765	285	3.27501	0	0	32.8751	0.299479	111.896	84.2975	105.669	1	0	0	0	0	0	0	0
03.08.2015 00:11:18.362000	0.465	0.459049	0.458714	684.401	-667.984	-0.00144676	7	3	3	3	0.250964	285	6.76241	0	0	35.2185	0.297729	110.701	84.4121	100.656	1	0	0	0	0	0	0	0
03.08.2015 00:11:18.462000	0.465	0.459049	0.458714	668.746	-667.984	-0.00108507	7	3	3	3	0.254585	285	10.3329	0	0	35.9575	0.297352	113.192	87.0396	100.133	1	0	0	0	0	0	0	0
03.08.2015 00:11:18.562000	0.465	0.459049	0.458714	643.042	-667.99	-0.00144676	7	3	3	3	0.262892	285	13.9481	0	0	36.5599	0.295906	116.474	90.5441	99.2789	1	0	0	0	0	0	0	0
03.08.2015 00:11:18.662000	0.465	0.459049	0.458714	609.449	-667.992	-0.00108507	7	3	3	3	0.255256	285	17.5484	0	0	35.9564	0.295906	118.989	93.3067	98.3308	1	0	0	0	0	0	0	0
03.08.2015 00:11:18.762000	0.465	0.459049	0.458714	579.5	-667.992	-0.00144676	7	3	3	3	0.246851	285	21.0965	0	0	35.2192	0.293779	119.856	94.2474	98.0492	1	0	0	0	0	0	0	0
03.08.2015 00:11:18.862000	0.465	0.459049	0.458714	544.961	-667.996	-0.0016276	7	3	3	3	0.254014	285	24.6476	0	0	36.0541	0.292665	119.559	94.3164	96.6484	1	0	0	0	0	0	0	0
03.08.2015 00:11:18.962000	0.465	0.459049	0.458714	495.385	-667.992	-0.00072338	7	3	3	3	0.255269	285	28.1838	0	0	35.5325	0.291913	119.444	93.9643	97.5584	1	0	0	0	0	0	0	0
03.08.2015 00:11:19.062000	0.465	0.459049	0.458714	450.301	-667.996	-0.00488281	7	3	3	3	0.242301	285	31.798	17.5	0	39.033	0.290972	118.925	91.4788	105.087	1	0.43	0	0	0	0	0	0
03.08.2015 00:11:19.162000	0.465	0.459049	0.458714	412.602	-668	-0.00253183	7	3	3	3	0.23863	285	36.331	50	0	43.7187	0.289352	106.015	85.4286	78.8214	1	1	0	0	0	0	0	0
03.08.2015 00:11:19.262000	0.465	0.459049	0.458714	377.219	-667.996	-0.00108507	7	3	3	3	0.262839	285	38.8171	49.054	0	16.4376	0.2875	86.0223	62.7407	89.1406	1	1	0	0	0	0	0	0
03.08.2015 00:11:19.362000	0.465	0.459049	0.458714	335.378	-668.01	0.000723379	7	3	3	3	0.262077	285	40.0129	40.6501	0	11.7941	0.286458	61.2137	37.0188	92.6376	1	1	0	0	0	0	0	0
03.08.2015 00:11:19.462000	0.465	0.459049	0.458714	299.754	-668.02	-0.0016276	7	3	3	3	0.253976	285	40.9047	30.6503	0	8.90521	0.284071	51.3663	27.6728	90.7176	1	1	0	0	0	0	0	0
03.08.2015 00:11:19.562000	0.465	0.459049	0.458714	270.682	-668.016	-0.00144676	7	3	3	3	0.246679	285	41.524	20.6502	0	5.78199	0.282335	46.86	22.3718	93.7601	1	1	0	0	0	0	0	0
03.08.2015 00:11:19.662000	0.465	0.459049	0.458714	246.117	-668.016	-0.0016276	7	3	3	3	0.250615	285	41.918	10.6502	0	4.44895	0.278443	43.8832	19.8101	92.1709	1	1	0	0	0	0	0	0
03.08.2015 00:11:19.762000	0.465	0.459049	0.458714	224.221	-668.016	-0.00108507	7	3	3	3	45.8383	285	42.0916	5.15664	0	3.39861	0.410851	42.8092	18.5469	92.8954	1	1	1	0	0	0	0	0
03.08.2015 00:11:19.862000	0.465	0.459049	0.458714	206.613	-668.016	-0.00108507	7	3	3	3	85.2217	285	42.2055	5.15115	0	1.8156	5.0542	42.8472	18.1887	94.4123	1	1	1	0	0	0	0	0
03.08.2015 00:11:19.962000	0.465	0.459049	0.458714	188.656	-668.018	-0.00108507	7	3	3	3	85.4334	285	42.3234	5.15115	0	1.64668	10.2468	43.0544	18.0344	95.7968	1	1	1	0	0	0	0	0
03.08.2015 00:11:20.062000	0.465	0.459049	0.458714	168.801	-668.023	-0.0016276	7	3	3	3	85.7838	285	42.4457	5.15115	0	1.18998	11.5	42.614	17.8769	94.7131	1	1	1	0	0	0	0	0
03.08.2015 00:11:20.162000	0.465	0.459049	0.458714	149.245	-668.023	-0.00325521	7	3	3	3	86.039	285	42.5686	5.15115	0	1.18599	11.751	42.778	17.6978	96.0272	1	1	1	0	0	0	0	0
03.08.2015 00:11:20.262000	0.465	0.459049	0.458714	137.414	-668.023	-0.00379774	7	3	3	3	86.1275	285	42.684	5.15115	0	1.15674	11.8372	42.1815	17.6075	94.0891	1	1	1	0	0	0	0	0
03.08.2015 00:11:20.362000	0.465	0.459049	0.458714	131.721	-668.023	-0.00108507	7	3	3	3	86.1851	285	42.7954	5.15115	0	1.15729	11.8777	42.0588	17.493	94.0576	1	1	1	0	0	0	0	0
03.08.2015 00:11:20.462000	0.465	0.459049	0.458714	126.012	-668.031	-0.0016276	7	3	3	3	86.1647	285	42.9163	5.15115	0	1.18409	11.8891	42.319	17.4375	95.2663	1	1	1	0	0	0	0	0
03.08.2015 00:11:20.562000	0.465	0.459049	0.458714	123.172	-668.031	-0.00108507	7	3	3	3	86.0144	285	43.0267	5.15115	0	1.18409	11.8929	42.1047	17.4792	94.2864	1	1	1	0	0	0	0	0
03.08.2015 00:11:20.662000	0.465	0.459049	0.458714	125.633	-668.031	-0.0016276	7	3	3	3	86.1525	285	43.1381	5.15115	0	1.1562	11.8867	42.1404	17.4165	94.6629	1	1	1	0	0	0	0	0
03.08.2015 00:11:20.762000	0.465	0.459049	0.458714	126.302	-668.034	-0.00072338	7	3	3	3	86.217	285	43.2595	5.15115	0	1.15166	11.8905	42.2	17.3925	94.983	1	1	1	0	0	0	0	0
03.08.2015 00:11:20.862000	0.465	0.459049	0.458714	126.113	-668.039	0.00108507	7	3	3	3	86.1549	285	43.3724	5.15115	0	1.15525	11.8917	42.29	17.3499	95.4909	1	1	1	0	0	0	0	0
03.08.2015 00:11:20.962000	0.465	0.459049	0.458714	126.138	-668.039	0.00108507	7	3	3	3	85.9217	285	43.4888	5.15115	0	1.15672	11.8958	42.1845	17.3849	94.9527	1	1	1	0	0	0	0	0
03.08.2015 00:11:21.062000	0.465	0.459049	0.458714	126.141	-668.039	0.00108507	7	3	3	3	86.0352	285	43.6082	5.15115	0	1.1736	11.8968	42.159	17.3868	94.848	1	1	1	0	0	0	0	0
03.08.2015 00:11:21.162000	0.465	0.459049	0.458714	126.141	-668.044	-0.00036169	7	3	3	3	86.1791	285	43.7251	5.15115	0	1.1844	11.8996	42.1025	17.3807	94.6552	1	1	1	0	0	0	0	0
03.08.2015 00:11:21.262000	0.465	0.459049	0.458714	126.141	-668.055	0.00217014	7	3	3	3	86.3957	285	43.839	5.15115	0	1.17887	11.9146	42.1733	17.3823	94.9197	1	1	1	0	0	0	0	0
03.08.2015 00:11:21.362000	0.465	0.459049	0.458714	126.141	-668.052	-0.00072338	7	3	3	3	86.4761	285	43.9624	5.15115	0	1.17312	11.9272	42.1057	17.3992	94.5965	1	1	1	0	0	0	0	0
03.08.2015 00:11:21.462000	0.465	0.459049	0.458714	126.141	-668.055	0.00108507	7	3	3	3	86.6309	285	44.0778	5.15115	0	1.17313	11.9522	42.223	17.4214	94.9606	1	1	1	0	0	0	0	0
03.08.2015 00:11:21.562000	0.465	0.459049	0.458714	126.141	-668.055	0.00253183	7	3	3	3	86.6504	285	44.1982	5.15115	0	1.17314	11.9643	42.1772	17.4165	94.8036	1	1	1	0	0	0	0	0
03.08.2015 00:11:21.662000	0.465	0.459049	0.458714	126.141	-668.055	0.00271267	7	3	3	3	86.7588	285	44.3145	5.15115	0	1.17062	11.9747	42.1827	17.4256	94.79	1	1	1	0	0	0	0	0
03.08.2015 00:11:21.762000	0.465	0.459049	0.458714	126.141	-668.055	0.00289352	7	3	3	3	86.9287	285	44.4285	5.15115	0	1.16219	11.9834	42.3332	17.4208	95.3845	1	1	1	0	0	0	0	0
03.08.2015 00:11:21.862000	0.465	0.459049	0.458714	126.141	-668.055	0.00325521	7	3	3	3	87.0836	285	44.5448	5.15115	0	1.16219	11.9948	42.3735	17.424	95.5266	1	1	1	0	0	0	0	0
03.08.2015 00:11:21.962000	0.465	0.459049	0.458714	126.141	-668.055	0.00217014	7	3	3	3	87.0157	285	44.6612	5.15115	0	1.16223	11.9989	42.6456	17.449	96.4731	1	1	1	0	0	0	0	0
03.08.2015 00:11:22.062000	0.465	0.459049	0.458714	126.141	-668.055	0.00108507	7	3	3	3	86.9381	285	44.7727	5.15115	0	1.16223	11.9988	42.3327	17.4488	95.2754	1	1	1	0	0	0	0	0
03.08.2015 00:11:22.162000	0.465	0.459049	0.458714	126.141	-668.063	0.00144676	7	3	3	3	87.0685	285	44.8911	5.15115	0	1.157	11.9957	42.0155	17.451	94.0527	1	1	1	0	0	0	0	0
03.08.2015 00:11:22.262000	0.465	0.459049	0.458714	126.141	-668.063	0.000542535	7	3	3	3	87.2513	285	45.0099	5.15115	0	1.15667	12.0006	42.6803	17.4584	96.5696	1	1	1	0	0	0	0	0
03.08.2015 00:11:22.362000	0.465	0.459049	0.458714	126.141	-668.063	-0.00144676	7	3	3	3	87.2645	285	45.1248	5.15115	0	1.16115	12.0107	42.2488	17.4839	94.8197	1	1	1	0	0	0	0	0
03.08.2015 00:11:22.462000	0.465	0.459049	0.458714	126.141	-668.066	-0.0016276	7	3	3	3	87.2216	285	45.2487	5.15115	0	1.16227	12.0111	42.451	17.5055	95.5112	1	1	1	0	0	0	0	0
03.08.2015 00:11:22.562000	0.465	0.459049	0.458714	126.141	-668.068	-0.00397859	7	3	3	3	87.3386	285	45.3661	5.15115	0	1.18194	12.0167	42.1421	17.5274	94.2448	1	1	1	0	0	0	0	0
03.08.2015 00:11:22.662000	0.465	0.459049	0.458714	126.141	-668.07	-0.0016276	7	3	3	3	87.3556	285	45.487	5.15115	0	1.18997	12.0135	42.3865	17.5281	95.1782	1	1	1	0	0	0	0	0
03.08.2015 00:11:22.762000	0.465	0.459049	0.458714	126.141	-668.07	-0.00144676	7	3	3	3	87.2362	285	45.6103	5.15115	0	1.20951	12.009	42.097	17.5166	94.1134	1	1	1	0	0	0	0	0
03.08.2015 00:11:22.862000	0.465	0.459049	0.458714	126.141	-668.07	-0.00325521	7	3	3	3	87.3293	285	45.7247	5.15115	0	1.21913	12.0055	42.1851	17.5149	94.457	1	1	1	0	0	0	0	0
03.08.2015 00:11:22.962000	0.465	0.459049	0.458714	126.141	-668.07	-0.00289352	7	3	3	3	87.2681	285	45.8496	5.15115	0	1.20532	12.0013	42.4129	17.5268	95.2838	1	1	1	0	0	0	0	0
03.08.2015 00:11:23.062000	0.465	0.459049	0.458714	126.145	-668.07	-0.00325521	7	3	3	3	87.717	285	45.963	5.15115	0	1.19572	11.9984	42.3617	17.5339	95.0606	1	1	1	0	0	0	0	0
03.08.2015 00:11:23.162000	0.465	0.459049	0.458714	126.141	-668.07	-0.00289352	7	3	3	3	108.131	285	46.0784	5.15115	0	1.18063	11.9903	41.9352	17.5304	93.4413	1	1	1	0	0	0	0	0
03.08.2015 00:11:23.262000	0.465	0.459049	0.458714	126.145	-668.07	-0.00217014	7	3	3	3	131.687	285	46.1973	5.15115	0	1.16219	11.9309	42.0631	17.5142	93.9926	1	1	1	0	0	0	0	0
03.08.2015 00:11:23.362000	0.465	0.459049	0.458714	126.143	-668.07	-0.00180845	7	3	3	3	151.677	285	46.3102	5.15115	0	1.16055	11.8866	42.4122	17.5181	95.3144	1	1	1	0	0	0	0	0
03.08.2015 00:11:23.462000	0.465	0.459049	0.458714	126.145	-668.07	-0.00108507	7	3	3	3	215.673	285	46.4286	5.15115	0	1.15671	11.587	42.3032	17.5292	94.8545	1	1	1	0	0	0	0	0
03.08.2015 00:11:23.562000	0.465	0.459049	0.458714	126.143	-668.07	7.1072	7	3	3	3	198.588	285	46.549	5.15115	0	1.1637	11.2884	42.773	17.5385	96.303	1	1	1	0	0	0	0	0
03.08.2015 00:11:23.662000	0.465	0.459049	0.458714	126.141	-668.07	17.755	7	3	3	3	357.035	285	46.6653	5.15115	0	1.19001	11.1842	42.3568	17.5214	95.077	1	1	1	0	0	0	0	0
03.08.2015 00:11:23.762000	0.465	0.459049	0.458714	126.141	-668.073	22.1745	7	3	3	3	317.959	285	46.7877	5.15115	0	1.19	10.9282	42.2404	17.5149	94.9575	1	1	1	0	0	0	0	0
03.08.2015 00:11:23.862000	0.465	0.459049	0.458714	126.141	-668.07	26.3813	7	3	3	3	311.922	285	46.9051	5.15115	0	1.18993	10.9379	42.4434	17.5222	95.2336	1	1	1	0	0	0	0	0
03.08.2015 00:11:23.962000	0.465	0.459049	0.458714	126.143	-668.078	27.7539	7	3	3	3	223.027	285	47.0255	5.15115	0	1.18993	10.9463	42.0651	17.5365	93.8853	1	1	1	0	0	0	0	0
03.08.2015 00:11:24.062000	0.465	0.459049	0.458714	126.145	-668.074	28.2785	7	3	3	3	311.651	285	47.1469	5.15115	0	1.18999	11.0114	42.4533	17.5456	95.7545	1	1	1	0	0	0	0	0
03.08.2015 00:11:24.162000	0.465	0.459049	0.458714	126.146	-668.078	28.4154	7	3	3	3	464.053	285	47.2622	5.15115	0	1.18999	10.9184	42.4808	17.5419	95.486	1	1	1	0	0	0	0	0
03.08.2015 00:11:24.262000	0.465	0.459049	0.458714	126.141	-668.078	28.5308	7	3	3	3	464.513	285	47.3806	5.15115	0	1.17945	10.8139	42.5448	17.5456	95.7169	1	1	1	0	0	0	0	0
03.08.2015 00:11:24.362000	0.465	0.459049	0.458714	126.143	-668.078	28.5326	7	3	3	3	474.871	285	47.4965	5.15115	0	1.17866	10.7903	42.4851	17.5784	95.3628	1	1	1	0	0	0	0	0
03.08.2015 00:11:24.462000	0.465	0.459049	0.458714	126.145	-668.078	28.5303	7	3	3	3	464.575	285	47.6134	5.15115	0	1.17413	10.8053	42.4367	17.6056	95.0732	1	1	1	0	0	0	0	0
03.08.2015 00:11:24.562000	0.465	0.459049	0.458714	126.148	-668.078	28.5297	7	3	3	3	480.228	285	47.7333	5.15115	0	1.17307	10.7997	42.3958	17.6106	94.8977	1	1	1	0	0	0	0	0
03.08.2015 00:11:24.662000	0.465	0.459049	0.458714	126.145	-668.078	28.5357	7	3	3	3	785.604	285	47.8497	5.15115	0	1.1731	10.7688	42.3845	17.5824	94.9622	1	1	1	0	0	0	0	0
03.08.2015 00:11:24.762000	0.465	0.459049	0.458714	126.146	-668.078	28.537	7	3	3	3	562.416	285	47.9661	5.15115	0	1.17311	10.7059	42.6006	17.5802	95.7982	1	1	1	0	0	0	0	0
03.08.2015 00:11:24.862000	0.465	0.459049	0.458714	126.145	-668.078	28.4261	7	3	3	3	594.22	285	48.088	5.15115	0	1.18323	10.7725	42.3609	17.5814	94.8758	1	1	1	0	0	0	0	0
03.08.2015 00:11:24.962000	0.465	0.459049	0.458714	126.143	-668.078	28.0414	7	3	3	3	500.506	285	48.2054	5.15115	0	1.18997	10.7953	42.3715	17.6031	94.8332	1	1	1	0	0	0	0	0
03.08.2015 00:11:25.062000	0.465	0.459049	0.458714	126.148	-668.078	27.6774	7	3	3	3	656.638	285	48.3252	5.15115	0	1.18444	10.8284	42.5902	17.5894	95.7229	1	1	1	0	0	0	0	0
03.08.2015 00:11:25.162000	0.465	0.459049	0.458714	126.143	-668.078	27.3347	7	3	3	3	562.829	285	48.4451	5.15115	0	1.17869	10.8326	42.401	17.5896	94.9978	1	1	1	0	0	0	0	0
03.08.2015 00:11:25.262000	0.465	0.459049	0.458714	126.148	-668.078	27.1984	7	3	3	3	520.699	285	48.5605	5.15115	0	1.18563	10.88	42.4599	17.5802	95.2593	1	1	1	0	0	0	0	0
03.08.2015 00:11:25.362000	0.465	0.459049	0.458714	126.146	-668.078	26.8641	7	3	3	3	594.916	285	48.6829	5.15115	0	1.19563	10.8913	42.4352	17.5854	95.145	1	1	1	0	0	0	0	0
03.08.2015 00:11:25.462000	0.465	0.459049	0.458714	126.148	-668.078	26.7415	7	3	3	3	551.804	285	48.7998	5.15115	0	1.19384	10.8784	42.6146	17.6239	95.6846	1	1	1	0	0	0	0	0
03.08.2015 00:11:25.562000	0.465	0.459049	0.458714	126.143	-668.078	26.5502	7	3	3	3	458.688	285	48.9162	5.15115	0	1.19005	10.8991	42.5363	17.626	95.3766	1	1	1	0	0	0	0	0
03.08.2015 00:11:25.662000	0.465	0.459049	0.458714	126.148	-668.078	26.4567	7	3	3	3	563.292	285	49.0385	5.15115	0	1.1877	10.9202	42.2727	17.6113	94.4236	1	1	1	0	0	0	0	0
03.08.2015 00:11:25.762000	0.465	0.459049	0.458714	126.146	-668.078	26.4106	7	3	3	3	561.708	285	49.1549	5.15115	0	1.17884	10.9018	42.5822	17.6053	95.6315	1	1	1	0	0	0	0	0
03.08.2015 00:11:25.862000	0.465	0.459049	0.458714	126.148	-668.078	26.3878	7	3	3	3	470.87	285	49.2783	5.15115	0	1.18017	10.949	42.3948	17.6106	94.8938	1	1	1	0	0	0	0	0
03.08.2015 00:11:25.962000	0.465	0.459049	0.458714	126.146	-668.078	26.3618	7	3	3	3	480.665	285	49.3952	5.15115	0	1.18996	10.9709	42.3068	17.6142	94.543	1	1	1	0	0	0	0	0
03.08.2015 00:11:26.062000	0.465	0.459049	0.458714	126.148	-668.078	26.3504	7	3	3	3	450.817	285	49.5116	5.15115	0	1.19018	10.9567	42.3792	17.6062	94.851	1	1	1	0	0	0	0	0
03.08.2015 00:11:26.162000	0.465	0.459049	0.458714	126.148	-668.078	26.3364	7	3	3	3	476.416	285	49.6329	5.15115	0	1.1956	10.9431	42.6479	17.6039	95.8886	1	1	1	0	0	0	0	0
03.08.2015 00:11:26.262000	0.465	0.459049	0.458714	126.145	-668.078	26.3156	7	3	3	3	517.549	285	49.7474	5.15115	0	1.1956	10.9305	42.6443	17.5967	95.9022	1	1	1	0	0	0	0	0
03.08.2015 00:11:26.362000	0.465	0.459049	0.458714	126.148	-668.078	26.2934	7	3	3	3	441.776	285	49.8667	5.15115	0	1.18502	10.9358	42.3643	17.5995	94.8194	1	1	1	0	0	0	0	0
03.08.2015 00:11:26.462000	0.465	0.459049	0.458714	126.141	-668.078	26.2804	7	3	3	3	486.055	285	49.9866	4.29662	0	1.18435	10.9529	42.3529	17.6806	94.4654	1	1	1	0.25	0	0	0	0
03.08.2015 00:11:26.562000	0.465	0.459049	0.458714	126.148	-668.078	26.2764	7	3	3	3	141.755	285	50.0458	1.88296	0.14995	1.15073	10.6045	42.3201	17.7999	93.8832	1	1	1	1	0	0	0	0
03.08.2015 00:11:26.662000	0.465	0.459049	0.458714	126.145	-668.078	26.2722	7	3	3	3	187.616	285	50.0995	2.3036	0.570582	0.878704	9.17918	43.0277	18.0516	95.6283	1	1	1	1	0	0	0	0
03.08.2015 00:11:26.762000	0.465	0.459049	0.458714	126.146	-668.078	26.2721	7	3	3	3	272.5	285	50.1642	2.44008	0.707061	0.878704	8.77058	42.8941	18.2856	94.2212	1	1	1	1	0	0	0	0
03.08.2015 00:11:26.862000	0.465	0.459049	0.458714	126.148	-668.078	26.2695	7	3	3	3	313.2	285	50.2224	2.42349	0.690475	0.878704	8.53859	44.1534	18.4813	98.2936	1	1	1	1	0	0	0	0
03.08.2015 00:11:26.962000	0.465	0.459049	0.458714	126.148	-668.078	26.2645	7	3	3	3	311.936	285	50.2791	2.27278	0.53977	0.878704	8.41106	42.9864	18.6546	93.1614	1	1	1	1	0	0	0	0
03.08.2015 00:11:27.062000	0.465	0.459049	0.458714	126.148	-668.078	26.2522	7	3	3	3	339.484	285	50.3408	2.24325	0.510233	0.616447	8.39099	44.3223	18.7873	97.7687	1	1	1	1	0	0	0	0
03.08.2015 00:11:27.162000	0.465	0.459049	0.458714	126.143	-668.078	26.2442	7	3	3	3	295.482	285	50.3975	2.05248	0.319462	0.593642	8.33344	43.7521	18.9169	95.0889	1	1	1	1	0	0	0	0
03.08.2015 00:11:27.262000	0.465	0.459049	0.458714	126.148	-668.078	26.2419	7	3	3	3	298.752	285	50.4522	2.12326	0.390245	0.593642	8.34856	43.6114	19.0405	94.077	1	1	1	1	0	0	0	0
03.08.2015 00:11:27.362000	0.465	0.459049	0.458714	126.146	-668.078	26.2424	7	3	3	3	290.392	285	50.5054	2.04996	0.316949	0.593642	8.38614	44.6299	19.1632	97.507	1	1	1	1	0	0	0	0
03.08.2015 00:11:27.462000	0.465	0.459049	0.458714	126.148	-668.078	26.2337	7	3	3	3	346.902	285	50.5591	1.89242	0.159405	0.576549	8.38874	43.65	19.2984	93.2375	1	1	1	1	0	0	0	0
03.08.2015 00:11:27.562000	0.465	0.459049	0.458714	126.146	-668.078	26.2283	7	3	3	3	293.389	285	50.6109	1.87901	0.145996	0.553891	8.39591	44.7929	19.397	97.2359	1	1	1	1	0	0	0	0
03.08.2015 00:11:27.662000	0.465	0.459049	0.458714	126.148	-668.078	26.2207	7	3	3	3	317.329	285	50.6606	1.76851	0.0354971	0.553891	8.40401	43.9608	19.4645	93.7912	1	1	1	1	0	0	0	0
03.08.2015 00:11:27.762000	0.465	0.459049	0.458714	126.146	-668.078	26.2193	7	3	3	3	308.901	285	50.7089	1.70957	-0.0234444	0.553891	8.40101	44.2213	19.533	94.5264	1	1	1	1	0	0	0	0
03.08.2015 00:11:27.862000	0.465	0.459049	0.458714	126.148	-668.078	26.218	7	3	3	3	280.012	285	50.7601	1.6525	-0.0805101	0.553891	8.38249	44.9531	19.6089	97.0379	1	1	1	1	0	0	0	0
03.08.2015 00:11:27.962000	0.465	0.459049	0.458714	126.148	-668.078	26.2153	7	3	3	3	306.481	285	50.8088	1.6281	-0.104913	0.529366	8.41023	44.2399	19.6837	94.0209	1	1	1	1	0	0	0	0
03.08.2015 00:11:28.062000	0.465	0.459049	0.458714	126.148	-668.082	26.2126	7	3	3	3	276.726	285	50.8546	1.5853	-0.14772	0.499391	8.40672	44.8277	19.7418	96.0487	1	1	1	1	0	0	0	0
03.08.2015 00:11:28.162000	0.465	0.459049	0.458714	126.146	-668.081	26.2113	7	3	3	3	280.433	285	50.9014	1.55949	-0.173529	0.499391	8.42513	44.9221	19.7884	96.2317	1	1	1	1	0	0	0	0
03.08.2015 00:11:28.262000	0.465	0.459049	0.458714	126.145	-668.078	26.2061	7	3	3	3	320.789	285	50.9506	1.53346	-0.199555	0.499391	8.4277	44.3702	19.8342	93.9433	1	1	1	1	0	0	0	0
03.08.2015 00:11:28.362000	0.465	0.459049	0.458714	126.148	-668.078	26.2044	7	3	3	3	241.419	285	50.9974	1.5066	-0.22642	0.499391	8.4209	45.0955	19.8879	96.5149	1	1	1	1	0	0	0	0
03.08.2015 00:11:28.462000	0.465	0.459049	0.458714	126.148	-668.078	26.205	7	3	3	3	320.896	285	51.0421	1.51036	-0.222655	0.495051	8.47237	44.9372	19.925	95.7664	1	1	1	1	0	0	0	0
03.08.2015 00:11:28.562000	0.465	0.459049	0.458714	126.148	-668.078	26.2037	7	3	3	3	252.044	285	51.0874	1.50513	-0.227881	0.468385	8.41862	44.575	19.9688	94.2123	1	1	1	1	0	0	0	0
03.08.2015 00:11:28.662000	0.465	0.459049	0.458714	126.148	-668.078	26.2033	7	3	3	3	329.112	285	51.1352	1.49619	-0.236821	0.468385	8.3963	45.5633	19.9907	97.9124	1	1	1	1	0	0	0	0
03.08.2015 00:11:28.762000	0.465	0.459049	0.458714	126.148	-668.078	26.2033	7	3	3	3	282.414	285	51.1844	1.46956	-0.263452	0.468385	8.34614	45.1651	20.0248	96.2572	1	1	1	1	0	0	0	0
03.08.2015 00:11:28.862000	0.465	0.459049	0.458714	126.148	-668.078	26.2039	7	3	3	3	280.715	285	51.2312	1.4522	-0.280813	0.468385	8.36466	44.5278	20.0594	93.6846	1	1	1	1	0	0	0	0
03.08.2015 00:11:28.962000	0.465	0.459049	0.458714	126.148	-668.083	26.2015	7	3	3	3	247.945	285	51.2749	1.44695	-0.286067	0.468385	8.38918	44.8138	20.1008	94.6213	1	1	1	1	0	0	0	0
03.08.2015 00:11:29.062000	0.465	0.459049	0.458714	126.148	-668.082	26.2017	7	3	3	3	267.243	285	51.3207	1.4843	-0.248713	0.462612	8.41562	45.4129	20.1148	96.8615	1	1	1	1	0	0	0	0
03.08.2015 00:11:29.162000	0.465	0.459049	0.458714	126.148	-668.081	26.2019	7	3	3	3	300.346	285	51.3674	1.52332	-0.209698	0.460583	8.41967	45.077	20.131	95.5133	1	1	1	1	0	0	0	0
03.08.2015 00:11:29.262000	0.465	0.459049	0.458714	126.148	-668.078	26.2039	7	3	3	3	276.259	285	51.4142	1.53836	-0.194652	0.460583	8.39829	44.8319	20.1517	94.4953	1	1	1	1	0	0	0	0
03.08.2015 00:11:29.362000	0.465	0.459049	0.458714	126.148	-668.078	26.2106	7	3	3	3	286.242	285	51.4605	1.55327	-0.179749	0.460583	8.39847	45.4883	20.1745	96.9213	1	1	1	1	0	0	0	0
03.08.2015 00:11:29.462000	0.465	0.459049	0.458714	126.148	-668.082	26.2147	7	3	3	3	241.766	285	51.5082	1.55936	-0.173655	0.460583	8.37825	45.1599	20.1896	95.6063	1	1	1	1	0	0	0	0
03.08.2015 00:11:29.562000	0.465	0.459049	0.458714	126.148	-668.078	26.2214	7	3	3	3	316.97	285	51.5575	1.58782	-0.145195	0.467614	8.43193	44.9203	20.1985	94.6549	1	1	1	1	0	0	0	0
03.08.2015 00:11:29.662000	0.465	0.459049	0.458714	126.148	-668.082	26.2245	7	3	3	3	277.084	285	51.6052	1.59517	-0.137843	0.474644	8.39395	45.4132	20.1995	96.5383	1	1	1	1	0	0	0	0
03.08.2015 00:11:29.762000	0.465	0.459049	0.458714	126.148	-668.081	26.2269	7	3	3	3	301.977	285	51.653	1.60896	-0.124059	0.474644	8.418	44.9594	20.2114	94.7554	1	1	1	1	0	0	0	0
03.08.2015 00:11:29.862000	0.465	0.459049	0.458714	126.148	-668.082	26.2267	7	3	3	3	249.705	285	51.7012	1.61231	-0.120701	0.474644	8.37764	44.9723	20.2252	94.7517	1	1	1	1	0	0	0	0
03.08.2015 00:11:29.962000	0.465	0.459049	0.458714	126.148	-668.081	26.2265	7	3	3	3	281.216	285	51.7529	1.63706	-0.0959545	0.474644	8.37268	45.3018	20.2267	96.0076	1	1	1	1	0	0	0	0
03.08.2015 00:11:30.062000	0.465	0.459049	0.458714	126.148	-668.078	26.2261	7	3	3	3	243.098	285	51.8027	1.6691	-0.0639195	0.48149	8.36122	45.5074	20.2271	96.793	1	1	1	1	0	0	0	0
03.08.2015 00:11:30.162000	0.465	0.459049	0.458714	126.148	-668.083	26.2236	7	3	3	3	272.494	285	51.8519	1.71773	-0.0152861	0.490564	8.36082	44.7069	20.2278	93.7253	1	1	1	1	0	0	0	0
03.08.2015 00:11:30.262000	0.465	0.459049	0.458714	126.148	-668.082	26.2245	7	3	3	3	254.287	285	51.9037	1.76917	0.0361545	0.490564	8.36607	45.4117	20.2371	96.3885	1	1	1	1	0	0	0	0
03.08.2015 00:11:30.362000	0.465	0.459049	0.458714	126.148	-668.083	26.2265	7	3	3	3	305.202	285	51.9574	1.82459	0.0915774	0.490564	8.35684	45.394	20.2378	96.3182	1	1	1	1	0	0	0	0
03.08.2015 00:11:30.462000	0.465	0.459049	0.458714	126.148	-668.078	26.2332	7	3	3	3	308.137	285	52.0121	1.8467	0.113685	0.490564	8.34784	44.65	20.2382	93.4677	1	1	1	1	0	0	0	0
03.08.2015 00:11:30.562000	0.465	0.459049	0.458714	126.148	-668.081	26.2344	7	3	3	3	287.835	285	52.0638	1.83712	0.104102	0.51302	8.35467	45.3728	20.2193	96.3079	1	1	1	1	0	0	0	0
03.08.2015 00:11:30.662000	0.465	0.459049	0.458714	126.148	-668.082	26.2337	7	3	3	3	282.912	285	52.1166	1.82921	0.0961993	0.523587	8.35189	45.7691	20.2073	97.8708	1	1	1	1	0	0	0	0
03.08.2015 00:11:30.762000	0.465	0.459049	0.458714	126.148	-668.083	26.2326	7	3	3	3	266.951	285	52.1703	1.83056	0.0975479	0.523587	8.3759	44.3562	20.2127	92.4406	1	1	1	1	0	0	0	0
03.08.2015 00:11:30.862000	0.465	0.459049	0.458714	126.148	-668.082	26.2337	7	3	3	3	329.603	285	52.2235	1.82899	0.0959781	0.523587	8.36632	45.1266	20.2103	95.3997	1	1	1	1	0	0	0	0
03.08.2015 00:11:30.962000	0.465	0.459049	0.458714	126.148	-668.083	26.2312	7	3	3	3	278.481	285	52.2762	1.79387	0.0608535	0.523587	8.32158	45.7682	20.2116	97.8512	1	1	1	1	0	0	0	0
03.08.2015 00:11:31.062000	0.465	0.459049	0.458714	126.148	-668.082	26.2278	7	3	3	3	290.372	285	52.3285	1.77604	0.0430259	0.529072	8.34831	44.6755	20.2154	93.6528	1	1	1	1	0	0	0	0
03.08.2015 00:11:31.162000	0.465	0.459049	0.458714	126.148	-668.081	26.2272	7	3	3	3	300.632	285	52.3817	1.76659	0.0335711	0.529184	8.3427	45.702	20.2104	97.6023	1	1	1	1	0	0	0	0
03.08.2015 00:11:31.262000	0.465	0.459049	0.458714	126.145	-668.078	26.2294	7	3	3	3	224.835	285	52.4334	1.76124	0.0282292	0.529184	8.3482	45.2711	20.2224	95.9064	1	1	1	1	0	0	0	0
03.08.2015 00:11:31.362000	0.465	0.459049	0.458714	126.148	-668.081	26.2308	7	3	3	3	251.409	285	52.4856	1.79907	0.0660594	0.529184	8.40535	45.017	20.2134	94.9678	1	1	1	1	0	0	0	0
03.08.2015 00:11:31.462000	0.465	0.459049	0.458714	126.148	-668.082	26.2337	7	3	3	3	316.155	285	52.5409	1.85002	0.117006	0.528883	8.39844	45.3827	20.2209	96.3397	1	1	1	1	0	0	0	0
03.08.2015 00:11:31.562000	0.465	0.459049	0.458714	126.148	-668.081	26.2348	7	3	3	3	285.542	285	52.5936	1.8643	0.131283	0.528072	8.34057	44.9759	20.2484	94.6767	1	1	1	1	0	0	0	0
03.08.2015 00:11:31.662000	0.465	0.459049	0.458714	126.148	-668.086	26.2408	7	3	3	3	271.327	285	52.6458	1.87049	0.137478	0.528072	8.34357	44.275	20.2423	92.0162	1	1	1	1	0	0	0	0
03.08.2015 00:11:31.762000	0.465	0.459049	0.458714	126.148	-668.081	26.2395	7	3	3	3	251.931	285	52.7015	1.8873	0.154282	0.528072	8.37836	45.9008	20.2419	98.2427	1	1	1	1	0	0	0	0
03.08.2015 00:11:31.862000	0.465	0.459049	0.458714	126.148	-668.086	26.2381	7	3	3	3	308.327	285	52.7577	1.91887	0.185851	0.528072	8.45472	44.8145	20.2394	94.0931	1	1	1	1	0	0	0	0
03.08.2015 00:11:31.962000	0.465	0.459049	0.458714	126.148	-668.081	26.2381	7	3	3	3	260.386	285	52.8134	1.93443	0.201415	0.544707	8.39685	45.3511	20.234	96.1686	1	1	1	1	0	0	0	0
03.08.2015 00:11:32.062000	0.465	0.459049	0.458714	126.148	-668.086	26.2337	7	3	3	3	278.998	285	52.8672	1.96234	0.229322	0.550252	8.40412	45.2586	20.223	95.8566	1	1	1	1	0	0	0	0
03.08.2015 00:11:32.162000	0.465	0.459049	0.458714	126.148	-668.081	26.233	7	3	3	3	271.264	285	52.9274	1.99343	0.260411	0.550252	8.39833	44.5167	20.2139	93.0506	1	1	1	1	0	0	0	0
03.08.2015 00:11:32.262000	0.465	0.459049	0.458714	126.148	-668.078	26.2321	7	3	3	3	237.165	285	52.9875	2.03177	0.298758	0.550252	8.40357	45.96	20.2029	98.6189	1	1	1	1	0	0	0	0
03.08.2015 00:11:32.362000	0.465	0.459049	0.458714	126.148	-668.081	26.233	7	3	3	3	288.451	285	53.0438	2.09196	0.358946	0.557434	8.42636	44.4389	20.197	92.8174	1	1	1	1	0	0	0	0
03.08.2015 00:11:32.462000	0.465	0.459049	0.458714	126.148	-668.086	26.2343	7	3	3	3	334.137	285	53.1005	2.12357	0.390558	0.569151	8.39692	45.439	20.1743	96.7334	1	1	1	1	0	0	0	0
03.08.2015 00:11:32.562000	0.465	0.459049	0.458714	126.148	-668.081	26.233	7	3	3	3	308.126	285	53.1601	2.10316	0.370144	0.569151	8.3682	45.186	20.1577	95.8281	1	1	1	1	0	0	0	0
03.08.2015 00:11:32.662000	0.465	0.459049	0.458714	126.148	-668.082	26.2294	7	3	3	3	272.672	285	53.2193	2.07128	0.338263	0.569151	8.36227	44.7023	20.1457	94.0223	1	1	1	1	0	0	0	0
03.08.2015 00:11:32.762000	0.465	0.459049	0.458714	126.148	-668.083	26.224	7	3	3	3	277.402	285	53.281	2.06259	0.329576	0.571978	8.38408	45.5148	20.1458	97.1328	1	1	1	1	0	0	0	0
03.08.2015 00:11:32.862000	0.465	0.459049	0.458714	126.148	-668.078	26.2223	7	3	3	3	248.021	285	53.3387	2.07064	0.337624	0.587999	8.38896	44.3999	20.148	92.8557	1	1	1	1	0	0	0	0
03.08.2015 00:11:32.962000	0.465	0.459049	0.458714	126.148	-668.086	26.2258	7	3	3	3	258.883	285	53.3969	2.10214	0.369123	0.587999	8.41804	45.4971	20.1318	97.1183	1	1	1	1	0	0	0	0
03.08.2015 00:11:33.062000	0.465	0.459049	0.458714	126.145	-668.078	26.2261	7	3	3	3	253.593	285	53.4541	2.15283	0.419818	0.587999	8.43873	44.8611	20.1214	94.7234	1	1	1	1	0	0	0	0
03.08.2015 00:11:33.162000	0.465	0.459049	0.458714	126.148	-668.086	26.2301	7	3	3	3	263.425	285	53.5123	2.22772	0.494705	0.588127	8.42962	44.8213	20.1081	94.6217	1	1	1	1	0	0	0	0
03.08.2015 00:11:33.262000	0.465	0.459049	0.458714	126.145	-668.078	26.2326	7	3	3	3	288.792	285	53.5844	2.28553	0.552514	0.600778	8.42057	45.5705	20.0949	97.5409	1	1	1	1	0	0	0	0
03.08.2015 00:11:33.362000	0.465	0.459049	0.458714	126.148	-668.086	26.2348	7	3	3	3	306.424	285	53.6436	2.32499	0.59197	0.600778	8.41117	44.1353	20.0841	92.087	1	1	1	1	0	0	0	0
03.08.2015 00:11:33.462000	0.465	0.459049	0.458714	126.148	-668.082	26.2419	7	3	3	3	277.831	285	53.7023	2.34063	0.607612	0.600778	8.39301	45.7501	20.0625	98.3525	1	1	1	1	0	0	0	0
03.08.2015 00:11:33.562000	0.465	0.459049	0.458714	126.148	-668.083	26.2446	7	3	3	3	298.725	285	53.773	2.34971	0.616698	0.606008	8.38372	44.2349	20.0508	92.5958	1	1	1	1	0	0	0	0
03.08.2015 00:11:33.662000	0.465	0.459049	0.458714	126.148	-668.082	26.2391	7	3	3	3	266.569	285	53.8361	2.33466	0.601646	0.641007	8.35941	45.8648	20.0434	98.865	1	1	1	1	0	0	0	0
03.08.2015 00:11:33.762000	0.465	0.459049	0.458714	126.148	-668.078	26.2337	7	3	3	3	358.496	285	53.8983	2.3181	0.585087	0.641007	8.37511	44.2885	20.0554	92.7835	1	1	1	1	0	0	0	0
03.08.2015 00:11:33.862000	0.465	0.459049	0.458714	126.148	-668.082	26.2278	7	3	3	3	215.769	285	53.96	2.28173	0.548719	0.641007	8.36437	45.358	20.0583	96.8697	1	1	1	1	0	0	0	0
03.08.2015 00:11:33.962000	0.465	0.459049	0.458714	126.148	-668.083	26.2225	7	3	3	3	236.994	285	54.0276	2.31551	0.582497	0.638967	8.44097	44.8079	20.0471	94.804	1	1	1	1	0	0	0	0
03.08.2015 00:11:34.062000	0.465	0.459049	0.458714	126.148	-668.078	26.2218	7	3	3	3	284.796	285	54.0878	2.35668	0.62366	0.629676	8.42408	44.7147	20.0186	94.5563	1	1	1	1	0	0	0	0
03.08.2015 00:11:34.162000	0.465	0.459049	0.458714	126.146	-668.081	26.2196	7	3	3	3	298.139	285	54.1505	2.37856	0.645541	0.629676	8.38835	44.8336	20.0022	95.2893	1	1	1	1	0	0	0	0
03.08.2015 00:11:34.262000	0.465	0.459049	0.458714	126.148	-668.082	26.218	7	3	3	3	288.879	285	54.2172	2.39993	0.666915	0.629676	8.37641	44.7755	20.0071	94.836	1	1	1	1	0	0	0	0
03.08.2015 00:11:34.362000	0.465	0.459049	0.458714	126.148	-668.078	26.2182	7	3	3	3	260.719	285	54.2838	2.42161	0.688642	0.633843	8.42727	45.3395	19.9941	97.0407	1	1	1	1	0	0	0	0
03.08.2015 00:11:34.462000	0.465	0.459049	0.458714	126.148	-668.086	26.218	7	3	3	3	277.809	285	54.3485	2.46392	0.730912	0.642697	8.44889	43.9684	19.972	91.8776	1	1	1	1	0	0	0	0
03.08.2015 00:11:34.562000	0.465	0.459049	0.458714	126.148	-668.083	26.2193	7	3	3	3	268.28	285	54.4156	2.50134	0.76833	0.642697	8.42092	45.5289	19.954	97.923	1	1	1	1	0	0	0	0
03.08.2015 00:11:34.662000	0.465	0.459049	0.458714	126.148	-668.082	26.2196	7	3	3	3	322.147	285	54.4828	2.51619	0.783179	0.642697	8.39899	44.2677	19.9595	93.0714	1	1	1	1	0	0	0	0
03.08.2015 00:11:34.762000	0.465	0.459049	0.458714	126.148	-668.081	26.2214	7	3	3	3	262.656	285	54.5474	2.50818	0.775165	0.659601	8.3634	45.3634	19.9513	97.3214	1	1	1	1	0	0	0	0
03.08.2015 00:11:34.862000	0.465	0.459049	0.458714	126.148	-668.082	26.2229	7	3	3	3	291.606	285	54.6161	2.51385	0.780832	0.670408	8.40298	43.7728	19.9453	91.2305	1	1	1	1	0	0	0	0
03.08.2015 00:11:34.962000	0.465	0.459049	0.458714	126.148	-668.081	26.2247	7	3	3	3	290.754	285	54.6852	2.51353	0.780519	0.670408	8.41282	45.4173	19.9171	97.6353	1	1	1	1	0	0	0	0
03.08.2015 00:11:35.062000	0.465	0.459049	0.458714	126.148	-668.082	26.224	7	3	3	3	314.059	285	54.7479	2.50898	0.775967	0.670408	8.38848	44.2316	19.9047	93.1429	1	1	1	1	0	0	0	0
03.08.2015 00:11:35.162000	0.465	0.459049	0.458714	126.148	-668.086	26.2258	7	3	3	3	261.199	285	54.8185	2.49965	0.766633	0.673652	8.41256	45.2038	19.889	96.9251	1	1	1	1	0	0	0	0
03.08.2015 00:11:35.262000	0.465	0.459049	0.458714	126.148	-668.078	26.2267	7	3	3	3	316.498	285	54.8842	2.49852	0.765505	0.673934	8.41233	44.2567	19.8925	93.2859	1	1	1	1	0	0	0	0
03.08.2015 00:11:35.362000	0.465	0.459049	0.458714	126.148	-668.083	26.2258	7	3	3	3	254.471	285	54.9484	2.4792	0.746181	0.673934	8.39201	45.0163	19.895	96.1847	1	1	1	1	0	0	0	0
03.08.2015 00:11:35.462000	0.465	0.459049	0.458714	126.145	-668.082	26.224	7	3	3	3	270.828	285	55.018	2.49461	0.761592	0.67195	8.44638	44.5857	19.8729	94.6203	1	1	1	1	0	0	0	0
03.08.2015 00:11:35.562000	0.465	0.459049	0.458714	126.148	-668.078	26.2211	7	3	3	3	276.774	285	55.0827	2.51407	0.781054	0.661531	8.39789	44.5532	19.8726	94.4974	1	1	1	1	0	0	0	0
03.08.2015 00:11:35.662000	0.465	0.459049	0.458714	126.148	-668.086	26.2196	7	3	3	3	298.196	285	55.1473	2.53008	0.797068	0.661531	8.38709	44.5851	19.8665	94.6425	1	1	1	1	0	0	0	0
03.08.2015 00:11:35.762000	0.465	0.459049	0.458714	126.148	-668.083	26.2211	7	3	3	3	265.601	285	55.2175	2.53633	0.803313	0.661531	8.38652	45.0675	19.8643	96.4979	1	1	1	1	0	0	0	0
03.08.2015 00:11:35.862000	0.465	0.459049	0.458714	126.148	-668.086	26.2267	7	3	3	3	212.543	285	55.2841	2.56051	0.827493	0.663006	8.41696	44.4328	19.858	94.0917	1	1	1	1	0	0	0	0
03.08.2015 00:11:35.962000	0.465	0.459049	0.458714	126.148	-668.078	26.2276	7	3	3	3	276.631	285	55.3493	2.62538	0.892367	0.665043	8.47182	44.6467	19.8428	94.9692	1	1	1	1	0	0	0	0
03.08.2015 00:11:36.062000	0.465	0.459049	0.458714	126.148	-668.086	26.2316	7	3	3	3	272.72	285	55.4264	2.69613	0.963111	0.665043	8.47083	44.6083	19.8237	94.8954	1	1	1	1	0	0	0	0
03.08.2015 00:11:36.162000	0.465	0.459049	0.458714	126.148	-668.086	26.2348	7	3	3	3	305.272	285	55.4906	2.75553	1.02252	0.665043	8.44178	44.2669	19.8021	93.6708	1	1	1	1	0	0	0	0
03.08.2015 00:11:36.262000	0.465	0.459049	0.458714	126.148	-668.078	26.2337	7	3	3	3	353.541	285	55.5677	2.76642	1.0334	0.698078	8.38709	45.1633	19.7794	97.1898	1	1	1	1	0	0	0	0
03.08.2015 00:11:36.362000	0.465	0.459049	0.458714	126.148	-668.078	26.2337	7	3	3	3	265.735	285	55.6373	2.72144	0.988427	0.702583	8.36748	43.847	19.7695	92.1878	1	1	1	1	0	0	0	0
03.08.2015 00:11:36.462000	0.465	0.459049	0.458714	126.148	-668.086	26.2348	7	3	3	3	289.124	285	55.7074	2.70805	0.975036	0.702583	8.40046	45.3648	19.7513	98.0693	1	1	1	1	0	0	0	0
03.08.2015 00:11:36.562000	0.465	0.459049	0.458714	126.148	-668.081	26.2381	7	3	3	3	255.516	285	55.783	2.69799	0.964971	0.712722	8.38542	43.7101	19.7554	91.7178	1	1	1	1	0	0	0	0
03.08.2015 00:11:36.662000	0.465	0.459049	0.458714	126.148	-668.086	26.2381	7	3	3	3	278.031	285	55.8467	2.70779	0.974771	0.725113	8.40651	45.3194	19.7479	97.9082	1	1	1	1	0	0	0	0
03.08.2015 00:11:36.762000	0.465	0.459049	0.458714	126.148	-668.078	26.237	7	3	3	3	265.513	285	55.9273	2.73455	1.00153	0.725113	8.41976	43.8973	19.7483	92.4617	1	1	1	1	0	0	0	0
03.08.2015 00:11:36.862000	0.465	0.459049	0.458714	126.148	-668.086	26.2348	7	3	3	3	240.947	285	55.9924	2.76383	1.03081	0.725113	8.41574	44.8827	19.7398	96.267	1	1	1	1	0	0	0	0
03.08.2015 00:11:36.962000	0.465	0.459049	0.458714	126.148	-668.081	26.233	7	3	3	3	276.04	285	56.0705	2.82291	1.0899	0.711349	8.46013	44.3441	19.7205	94.2787	1	1	1	1	0	0	0	0
03.08.2015 00:11:37.062000	0.465	0.459049	0.458714	126.148	-668.078	26.2343	7	3	3	3	278.616	285	56.1402	2.87363	1.14062	0.710625	8.44459	44.599	19.6986	95.3385	1	1	1	1	0	0	0	0
03.08.2015 00:11:37.162000	0.465	0.459049	0.458714	126.148	-668.086	26.237	7	3	3	3	257.322	285.006	56.2213	2.91845	1.18543	0.710625	8.42833	44.6741	19.6953	95.6388	1	1	1	1	0.3	0	0	0
03.08.2015 00:11:37.262000	0.465	0.459049	0.458714	126.148	-668.078	26.2354	7	3	3	3	320.28	285.439	56.2899	3.04021	1.30719	0.733124	8.43394	43.973	19.6901	92.9746	1	1	1	1	1	0	0	0
03.08.2015 00:11:37.362000	0.465	0.459049	0.458714	126.148	-668.083	26.2352	7	3	3	3	263.706	287.005	56.3765	3.10103	1.36802	0.746913	8.41617	44.5567	19.6432	95.3885	1	1	1	1	1	0	0	0
03.08.2015 00:11:37.462000	0.465	0.459049	0.458714	126.148	-668.078	26.2294	7	3	3	3	249.455	289.77	56.4521	3.20001	1.467	0.746913	8.43365	44.3077	19.5972	94.6119	1	1	1	1	1	0	0	0
03.08.2015 00:11:37.562000	0.465	0.459049	0.458714	126.148	-668.081	26.2297	7	3	3	3	323.783	293.736	56.5361	3.377	1.64398	0.783805	8.49256	44.196	19.5343	94.4247	1	1	1	1	1	0	0	0
03.08.2015 00:11:37.662000	0.465	0.459049	0.458714	126.148	-668.078	26.2354	7	3	3	3	368.786	298.901	56.6277	3.46967	1.73665	0.812792	8.39714	43.8669	19.4693	93.4135	1	1	1	1	1	0	0	0
03.08.2015 00:11:37.762000	0.465	0.459049	0.458714	126.148	-668.083	26.2384	7	3	3	3	303.834	305.266	56.7127	3.406	1.67298	0.812792	8.37318	44.1627	19.412	94.7655	1	1	1	1	1	0	0	0
03.08.2015 00:11:37.862000	0.465	0.459049	0.458714	126.148	-668.082	26.2391	7	3	3	3	328.753	312.831	56.7963	3.38515	1.65213	0.858106	8.37063	44.3468	19.3655	95.6484	1	1	1	1	1	0	0	0
03.08.2015 00:11:37.962000	0.465	0.459049	0.458714	126.148	-668.078	26.2413	7	3	3	3	330.328	321.596	56.8818	3.40414	1.67112	0.875728	8.37543	43.8351	19.3288	93.8297	1	1	1	1	1	0	0	0
03.08.2015 00:11:38.062000	0.465	0.459049	0.458714	126.148	-668.082	26.2408	7	3	3	3	339.385	331.561	56.9729	3.43698	1.70396	0.875728	8.35749	44.0994	19.2962	94.9664	1	1	1	1	1	0	0	0
03.08.2015 00:11:38.162000	0.465	0.459049	0.458714	126.148	-668.078	26.2395	7	3	3	3	321.82	342.726	57.0569	3.51662	1.78361	0.858791	8.37179	44.132	19.255	95.2492	1	1	1	1	1	0	0	0
03.08.2015 00:11:38.262000	0.465	0.459049	0.458714	126.148	-668.082	26.2408	7	3	3	3	360.431	355.09	57.1465	3.70084	1.96782	0.854818	8.37454	44.2115	19.2114	95.7204	1	1	1	1	1	0	0	0
03.08.2015 00:11:38.362000	0.465	0.459049	0.458714	126.148	-668.081	26.2424	7	3	3	3	328.253	368.654	57.2415	3.94135	2.20834	0.864342	8.36429	43.8455	19.1447	94.5741	1	1	1	1	1	0	0	0
03.08.2015 00:11:38.462000	0.465	0.459049	0.458714	126.148	-668.082	26.2467	7	3	3	3	357.51	383.417	57.3454	4.33996	2.60695	0.928079	8.38961	43.5332	19.0173	93.8664	1	1	1	1	1	0	0	0
03.08.2015 00:11:38.562000	0.465	0.459049	0.458714	126.148	-668.078	26.2489	7	3	3	3	388.88	399.382	57.4559	4.84601	3.11299	0.928079	8.37416	43.8516	18.8292	95.8057	1	1	1	1	1	0	0	0
03.08.2015 00:11:38.662000	0.465	0.459049	0.458714	126.148	-668.086	26.2495	7	3	3	3	418.572	416.544	57.5847	5.33676	3.60374	1.12332	8.35338	43.2693	18.5989	94.4579	1	1	1	1	1	0	0	0
03.08.2015 00:11:38.762000	0.465	0.459049	0.458714	126.148	-668.078	26.2493	7	3	3	3	405.058	434.907	57.717	5.81509	4.08207	1.15738	8.34945	43.0882	18.3153	94.8503	1	1	1	1	1	0	0	0
03.08.2015 00:11:38.862000	0.465	0.459049	0.458714	126.148	-668.082	26.2505	7	3	3	3	486.918	454.469	57.8613	6.33346	4.60045	1.35178	8.35987	42.4635	17.9879	93.7122	1	1	1	1	1	0	0	0
03.08.2015 00:11:38.962000	0.465	0.459049	0.458714	126.148	-668.083	26.254	7	3	3	3	452.045	475.234	58.0159	6.80512	5.0721	1.41611	8.31797	42.2064	17.6337	94.084	1	1	1	1	1	0	0	0
03.08.2015 00:11:39.062000	0.465	0.459049	0.458714	126.148	-668.082	26.2533	7	3	3	3	525.501	497.198	58.1806	7.29615	5.56313	1.49797	8.30732	41.8237	17.2583	94.056	1	1	1	1	1	0	0	0
03.08.2015 00:11:39.162000	0.465	0.459049	0.458714	126.148	-668.081	26.2518	7	3	3	3	533.205	520.361	58.3612	7.78033	6.04731	1.69956	8.252	41.4248	16.9037	93.8865	1	1	1	1	1	0	0	0
03.08.2015 00:11:39.262000	0.465	0.459049	0.458714	126.148	-668.082	26.2495	7	3	3	3	513.384	544.723	58.5482	8.26452	6.53151	1.80119	8.19936	41.0981	16.565	93.9326	1	1	1	1	1	0	0	0
03.08.2015 00:11:39.362000	0.465	0.459049	0.458714	126.148	-668.081	26.2435	7	3	3	3	528.82	570.285	58.7437	8.86101	7.12799	1.89411	8.22396	40.7166	16.2188	93.7972	1	1	1	1	1	0	0	0
03.08.2015 00:11:39.462000	0.465	0.459049	0.458714	126.148	-668.078	26.2402	7	3	3	3	480.279	597.048	58.9536	9.67407	7.94106	1.9923	8.24627	40.296	15.8558	93.5766	1	1	1	1	1	0	0	0
03.08.2015 00:11:39.562000	0.465	0.459049	0.458714	126.148	-668.081	26.2373	7	3	3	3	593.343	625.009	59.1864	10.7469	9.01389	2.16836	8.29968	39.9935	15.4793	93.8599	1	1	1	1	1	0	0	0
03.08.2015 00:11:39.662000	0.465	0.459049	0.458714	126.148	-668.078	26.2381	7	3	3	3	633.146	654.17	59.4416	11.7853	10.0523	2.4478	8.24575	39.3612	15.0537	93.0688	1	1	1	1	1	0	0	0
03.08.2015 00:11:39.762000	0.465	0.459049	0.458714	126.148	-668.083	26.2334	7	3	3	3	632.316	684.533	59.7146	12.802	11.069	2.68369	8.20819	39.0624	14.6522	93.4614	1	1	1	1	1	0	0	0
03.08.2015 00:11:39.862000	0.465	0.459049	0.458714	126.148	-668.082	26.2326	7	3	3	3	647.566	716.093	60.0121	13.9211	12.188	2.87767	8.20159	38.6961	14.2989	93.4121	1	1	1	1	1	0	0	0
03.08.2015 00:11:39.962000	0.465	0.459049	0.458714	126.148	-668.083	26.2341	7	3	3	3	643.662	748.856	60.3299	15.1991	13.4661	3.10287	8.18614	38.3562	13.9937	93.2794	1	1	1	1	1	0	0	0
03.08.2015 00:11:40.062000	0.465	0.459049	0.458714	126.148	-668.078	26.2326	7	3	3	3	724.295	782.818	60.6742	16.5937	14.8607	3.40247	8.17005	38.043	13.7239	93.113	1	1	1	1	1	0	0	0
03.08.2015 00:11:40.162000	0.465	0.459049	0.458714	126.148	-668.083	26.2326	7	3	3	3	736.616	817.979	61.0467	18.0437	16.3107	3.64691	8.09378	37.7936	13.5322	92.8921	1	1	1	1	1	0	0	0
03.08.2015 00:11:40.262000	0.465	0.459049	0.458714	126.148	-668.082	26.2316	7	3	3	3	750.483	854.339	61.4412	19.5488	17.8158	3.94301	8.09106	37.7341	13.4487	92.984	1	1	1	1	1	0	0	0
03.08.2015 00:11:40.362000	0.465	0.459049	0.458714	126.148	-668.081	26.2334	7	3	3	3	882.8	571.55	61.8645	21.0695	9.12015	4.20757	8.07121	37.4606	13.4587	91.8987	1	1	1	1	1	0.52	0	0.52
03.08.2015 00:11:40.462000	0.465	0.459049	0.458714	126.148	-668.086	26.231	7	3	3	3	2424.12	285	64.3725	21.3799	0	55.5939	7.88516	90.131	16.515	281.861	1	1	1	1	1	1	0.36	1
03.08.2015 00:11:40.562000	0.465	0.459049	0.458714	126.156	-668.073	26.2301	7	3	3	3	1027.8	285	66.2612	21.3799	0	8.08604	6.17862	103.423	0.773949	393.023	1	1	1	1	1	1	1	1
03.08.2015 00:11:40.662000	0.465	0.459049	0.458714	126.125	-667.984	26.0086	7	3	3	3	14.268	285	66.2562	21.3799	0	7.54465	3.62121	117.087	0.6274	445.901	1	1	1	1	1	1	1	1
03.08.2015 00:11:40.762000	0.465	0.459049	0.458714	126.13	-668.06	21.9882	7	3	3	3	2.19752	285	66.2562	21.3799	0	7.54465	2.46195	132.788	0.500198	506.503	1	1	1	1	1	1	1	1
03.08.2015 00:11:40.862000	0.465	0.459049	0.458714	126.133	-668.082	17.0432	7	3	3	3	0.270354	285	66.2562	21.3799	0	7.54465	1.81218	143.781	0.5627	548.354	1	1	1	1	1	1	1	1
03.08.2015 00:11:40.962000	0.465	0.459049	0.458714	126.141	-668.099	14.0285	7	3	3	3	0.227033	285	66.2562	21.3799	0	7.54465	1.32977	148.018	0.520341	564.741	1	1	1	1	1	1	1	1
03.08.2015 00:11:41.062000	0.465	0.459049	0.458714	126.141	-668.098	11.4258	7	3	3	3	0.231658	285	66.2562	10.2623	0	7.54465	1.04444	149.338	0.544939	569.698	1	1	1	1	1	1	1	0.48
03.08.2015 00:11:41.162000	0.465	0.459049	0.458714	126.141	-668.107	8.9728	7	3	3	3	0.240074	285	66.2562	0	0	7.54465	0.877836	149.24	0.53975	569.344	1	1	1	1	1	1	1	0
03.08.2015 00:11:41.262000	0.465	0.459049	0.458714	126.141	-668.105	7.12945	7	3	3	3	0.239459	285	66.2562	0	0	7.54465	0.762124	149.274	0.555925	569.414	1	1	1	1	1	1	1	0
03.08.2015 00:11:41.362000	0.465	0.459049	0.458714	126.141	-668.104	6.09013	7	3	3	3	0.23923	285	66.2562	0	0	7.54465	0.654485	149.111	0.558977	568.775	1	1	1	1	1	1	1	0
03.08.2015 00:11:41.462000	0.465	0.459049	0.458714	126.141	-668.105	5.15679	7	3	3	3	0.240375	285	66.2562	0	0	7.54465	0.57853	148.955	0.554826	568.193	1	1	1	1	1	1	1	0
03.08.2015 00:11:41.562000	0.465	0.459049	0.458714	126.12	-668.099	4.27843	7	3	3	3	0.258351	285	66.2562	0	0	0.10219	0.525926	148.876	0.555681	567.888	1	1	1	1	1	1	1	0
03.08.2015 00:11:41.662000	0.465	0.459049	0.458714	126.109	-668.105	3.71582	7	3	3	3	0.232802	285	66.2562	0	0	-0.0496967	0.486198	148.817	0.555742	567.664	1	1	1	1	1	1	1	0
03.08.2015 00:11:41.762000	0.465	0.459049	0.458714	126.109	-668.109	3.36697	7	3	3	3	0.246903	285	66.2562	0	0	-0.0496967	0.439844	148.759	0.55562	567.442	1	1	1	1	1	1	1	0
03.08.2015 00:11:41.862000	0.465	0.459049	0.458714	126.109	-668.109	2.88737	7	3	3	3	0.239842	285	66.2562	0	0	-0.0496967	0.413021	148.711	0.556047	567.257	1	1	1	1	1	1	1	0
03.08.2015 00:11:41.962000	0.465	0.459049	0.458714	126.109	-668.109	1.61603	7	3	3	3	0.220893	285	66.2562	0	0	-0.0496967	0.389873	148.66	0.561419	567.038	1	1	1	1	1	1	1	0
03.08.2015 00:11:42.062000	0.465	0.459049	0.458714	126.109	-668.109	0.181207	7	3	3	3	0.241428	285	66.2562	0	0	-0.0496967	0.368056	148.611	0.561296	566.853	1	1	1	1	1	1	1	0
03.08.2015 00:11:42.162000	0.465	0.459049	0.458714	126.109	-668.109	0.141059	7	3	3	3	0.250437	285	66.2562	0	0	-0.0496967	0.347338	148.57	0.568133	566.669	1	1	1	1	1	1	1	0
03.08.2015 00:11:42.262000	0.465	0.459049	0.458714	126.109	-668.109	0.11556	7	3	3	3	0.245696	285	66.2562	0	0	-0.0496967	0.333478	148.528	0.570269	566.502	1	1	1	1	1	1	1	0
03.08.2015 00:11:42.362000	0.465	0.459049	0.458714	126.109	-668.109	0.099103	7	3	3	3	0.239555	285	66.2562	0	0	-0.0496967	0.322251	148.484	0.572893	566.32	1	1	1	1	1	1	1	0
03.08.2015 00:11:42.462000	0.465	0.459049	0.458714	126.109	-668.109	0.0846354	7	3	3	3	0.258971	285	66.2562	0	0	-0.0496967	0.311111	148.437	0.575152	566.134	1	1	1	1	1	1	1	0
03.08.2015 00:11:42.562000	0.465	0.459049	0.458714	126.109	-668.109	0.0737847	7	3	3	3	0.258088	285	66.2562	0	0	-0.0014909	0.302778	148.403	0.57741	565.995	1	1	1	1	1	1	1	0
03.08.2015 00:11:42.662000	0.465	0.459049	0.458714	126.109	-668.102	0.0564236	7	3	3	3	0.261029	285	66.2562	0	0	0	0.295573	148.365	0.578204	565.845	1	1	1	1	1	1	1	0
03.08.2015 00:11:42.762000	0.465	0.459049	0.458714	126.109	-668.104	0.0470197	7	3	3	3	0.238312	285	66.2562	0	0	0	0.289902	148.328	0.579852	565.697	1	1	1	1	1	1	1	0
03.08.2015 00:11:42.862000	0.465	0.459049	0.458714	126.109	-668.105	0.0390625	7	3	3	3	0.24617	285	66.2562	0	0	0	0.283218	148.288	0.573077	565.57	1	1	1	1	1	1	1	0
03.08.2015 00:11:42.962000	0.465	0.459049	0.458714	126.109	-668.102	0.0325521	7	3	3	3	0.249305	285	66.2562	0	0	0	0.277488	148.256	0.568682	565.465	1	1	1	1	1	1	1	0
03.08.2015 00:11:43.062000	0.465	0.459049	0.458714	126.109	-668.102	0.0249566	7	3	3	3	0.243533	285	66.2562	0	0	0	0.274884	148.219	0.565203	565.336	1	1	1	1	1	1	1	0
03.08.2015 00:11:43.162000	0.465	0.459049	0.458714	126.109	-668.104	0.0188079	7	3	3	3	0.249856	285	66.2562	0	0	0	0.272801	148.182	0.560198	565.215	1	1	1	1	1	1	1	0
03.08.2015 00:11:43.262000	0.465	0.459049	0.458714	126.109	-667.984	0.0135634	7	3	3	3	0.234936	285	66.2562	0	0	0	0.271644	148.147	0.56502	565.064	1	1	1	1	1	1	1	0
03.08.2015 00:11:43.362000	0.465	0.459049	0.458714	126.109	-667.148	0.00976563	7	3	3	3	0.234669	285	66.2562	0	0	0	0.267766	148.11	0.561419	564.932	1	1	1	1	1	1	1	0
03.08.2015 00:11:43.462000	0.465	0.459049	0.458714	126.109	-661.352	0.00705295	7	3	3	3	0.234183	285	66.2562	0	0	0	0.2682	148.077	0.561907	564.804	1	1	1	1	1	1	1	0
03.08.2015 00:11:43.562000	0.465	0.459049	0.458714	126.107	-642.258	0.00397859	7	3	3	3	0.230783	285	66.2562	0	0	0	0.267043	148.042	0.561419	564.673	1	1	1	1	1	1	1	0
03.08.2015 00:11:43.662000	0.465	0.459049	0.458714	126.109	-614.426	0.00488281	7	3	3	3	0.23617	285	66.2562	0	0	0	0.268837	148.009	0.567217	564.526	1	1	1	1	1	1	1	0
03.08.2015 00:11:43.762000	0.465	0.459049	0.458714	126.109	-583.784	0.00144676	7	3	3	3	0.233348	285	66.2562	0	0	0	0.270804	147.975	0.565935	564.4	1	1	1	1	1	1	1	0
03.08.2015 00:11:43.862000	0.465	0.459049	0.458714	126.109	-553.902	0.00325521	7	3	3	3	0.243057	285	66.2562	0	0	0	0.273524	147.943	0.567583	564.271	1	1	1	1	1	1	1	0
03.08.2015 00:11:43.962000	0.465	0.459049	0.458714	126.109	-519.052	0.00108507	7	3	3	3	0.287923	285	66.2562	0	0	0	0.275897	147.91	0.571184	564.13	1	1	1	1	1	1	1	0
03.08.2015 00:11:44.062000	0.465	0.459049	0.458714	126.109	-463.789	0.00108507	7	3	3	3	0.406027	285	66.2562	0	0	0	0.276968	147.879	0.571551	564.011	1	1	1	1	1	1	1	0
03.08.2015 00:11:44.162000	0.465	0.459049	0.458714	126.109	-421.378	0.00217014	7	3	3	3	0.389943	285	66.2562	0	0	0	0.278646	147.847	0.572405	563.884	1	1	1	1	1	1	1	0
03.08.2015 00:11:44.262000	0.465	0.459049	0.458714	126.105	-378.961	0.000542535	7	3	3	3	0.359372	285	66.2562	0	0	0	0.279398	147.814	0.568621	563.774	1	1	1	1	1	1	1	0
03.08.2015 00:11:44.362000	0.465	0.459049	0.458714	126.104	-330.724	0.00108507	7	3	3	3	0.390921	285	66.2562	0	0	0	0.281019	147.787	0.569659	563.662	1	1	1	1	1	1	1	0
03.08.2015 00:11:44.462000	0.465	0.459049	0.458714	126.105	-277.289	0.00108507	7	3	3	3	0.382958	285	66.2562	0	0	0	0.280295	147.756	0.568372	563.55	1	1	1	1	1	1	1	0
03.08.2015 00:11:44.562000	0.465	0.459049	0.458714	126.109	-235.391	0	7	3	3	3	0.37582	285	66.2562	0	0	0	0.281626	147.724	0.567766	563.43	1	1	1	1	1	1	1	0
03.08.2015 00:11:44.662000	0.465	0.459049	0.458714	126.105	-193.949	-0.000542535	7	3	3	3	0.40863	285	66.2562	0	0	0	0.281105	147.693	0.567949	563.313	1	1	1	1	1	1	1	0
03.08.2015 00:11:44.762000	0.465	0.459049	0.458714	126.107	-140.995	-0.00289352	7	3	3	3	0.382313	285	66.2562	0	0	0	0.281279	147.664	0.566424	563.207	1	1	1	1	1	1	1	0
03.08.2015 00:11:44.862000	0.465	0.459049	0.458714	126.109	-94.0469	-0.00271267	7	3	3	3	0.378466	285	66.2562	0	0	0	0.280657	147.631	0.56846	563.08	1	1	1	1	1	1	1	0
03.08.2015 00:11:44.962000	0.465	0.459049	0.458714	126.109	-52.4714	-0.00180845	7	3	3	3	0.40219	285	66.2562	0	0	0	0.281438	147.602	0.569297	562.962	1	1	1	1	1	1	1	0
03.08.2015 00:11:45.062000	0.465	0.459049	0.458714	126.109	-11.0781	-0.00108507	7	3	3	3	0.358447	285	66.2562	0	0	0	0.28104	147.578	0.57326	562.848	1	1	1	1	1	1	1	0
03.08.2015 00:11:45.162000	0.465	0.459049	0.458714	126.109	41.2344	-0.00108507	7	3	3	3	0.404611	285	66.2562	0	0	0	0.280715	147.547	0.572588	562.734	1	1	1	1	1	1	1	0
03.08.2015 00:11:45.262000	0.465	0.459049	0.458714	126.109	87.7227	-0.00108507	7	3	3	3	0.388303	285	66.2562	0	0	0	0.281496	147.516	0.573199	562.617	1	1	1	1	1	1	1	0
03.08.2015 00:11:45.362000	0.465	0.459049	0.458714	126.109	129.086	-0.00289352	7	3	3	3	0.413995	285	66.2562	0	0	0	0.281416	147.491	0.577288	562.503	1	1	1	1	1	1	1	0
03.08.2015 00:11:45.462000	0.465	0.459049	0.458714	126.109	170.113	-0.0016276	7	3	3	3	0.399245	285	66.2562	0	0	0	0.282241	147.465	0.574725	562.413	1	1	1	1	1	1	1	0
03.08.2015 00:11:45.562000	0.465	0.459049	0.458714	126.109	227.328	-0.00072338	7	3	3	3	0.375565	285	66.2562	0	0	0	0.281127	147.436	0.574114	562.305	1	1	1	1	1	1	1	0
03.08.2015 00:11:45.662000	0.465	0.459049	0.458714	126.109	268.109	-0.00108507	7	3	3	3	0.394799	285	66.2562	0	0	0	0.282487	147.408	0.573565	562.2	1	1	1	1	1	1	1	0
03.08.2015 00:11:45.762000	0.465	0.459049	0.458714	126.109	308.901	0.00036169	7	3	3	3	0.406122	285	66.2562	0	0	0	0.281995	147.382	0.574114	562.1	1	1	1	1	1	1	1	0
03.08.2015 00:11:45.862000	0.465	0.459049	0.458714	126.109	358.203	0.000542535	7	3	3	3	0.374428	285	66.2562	0	0	0	0.282574	147.356	0.574053	561.997	1	1	1	1	1	1	1	0
03.08.2015 00:11:45.962000	0.465	0.459049	0.458714	126.109	407.203	-0.00144676	7	3	3	3	0.365569	285	66.2562	0	0	0	0.281539	147.329	0.571795	561.903	1	1	1	1	1	1	1	0
03.08.2015 00:11:46.062000	0.465	0.459049	0.458714	126.109	447.945	-0.0016276	7	3	3	3	0.417474	285	66.2562	0	0	0	0.282675	147.3	0.572161	561.793	1	1	1	1	1	1	1	0
03.08.2015 00:11:46.162000	0.465	0.459049	0.458714	126.109	488.797	-0.00036169	7	3	3	3	0.369258	285	66.2562	0	0	0	0.282386	147.276	0.575274	561.687	1	1	1	1	1	1	1	0
03.08.2015 00:11:46.262000	0.465	0.459049	0.458714	126.109	545.984	-0.00108507	7	3	3	3	0.4063	285	66.2562	0	0	0	0.282183	147.25	0.577227	561.58	1	1	1	1	1	1	1	0
03.08.2015 00:11:46.362000	0.465	0.459049	0.458714	126.109	582.117	-0.00072338	7	3	3	3	0.414088	285	66.2562	0	0	0	0.28193	147.224	0.577166	561.481	1	1	1	1	1	1	1	0
03.08.2015 00:11:46.462000	0.465	0.459049	0.458714	126.109	612.215	-0.000542535	7	3	3	3	0.379213	285	66.2562	0	0	0	0.282017	147.196	0.576861	561.374	1	1	1	1	1	1	1	0
03.08.2015 00:11:46.562000	0.465	0.459049	0.458714	126.109	639.469	-0.00036169	7	3	3	3	0.396742	285	66.2562	0	0	0	0.28321	147.17	0.57625	561.278	1	1	1	1	1	1	1	0
03.08.2015 00:11:46.662000	0.465	0.459049	0.458714	126.109	662.555	0.00108507	7	3	3	3	0.398314	285	66.2562	0	0	0	0.282451	147.148	0.574908	561.198	1	1	1	1	1	1	1	0
03.08.2015 00:11:46.762000	0.465	0.459049	0.458714	126.109	672.081	0.00108507	7	3	3	3	0.411896	285	66.2562	0	0	0	0.284223	147.12	0.572222	561.102	1	1	1	1	1	1	1	0
03.08.2015 00:11:46.862000	0.465	0.459049	0.458714	126.109	675.445	0.00108507	7	3	3	3	0.401509	285	66.2562	0	0	0	0.285091	147.093	0.572588	560.996	1	1	1	1	1	1	1	0
03.08.2015 00:11:46.962000	0.465	0.459049	0.458714	126.109	676.591	0.00072338	7	3	3	3	0.409501	285	66.2562	0	0	0	0.289099	147.071	0.574541	560.905	1	1	1	1	1	1	1	0
03.08.2015 00:11:47.062000	0.465	0.459049	0.458714	126.109	676.727	0.00217014	7	3	3	3	0.392052	285	66.2562	0	0	0	0.291703	147.046	0.578997	560.791	1	1	1	1	1	1	1	0
03.08.2015 00:11:47.162000	0.465	0.459049	0.458714	126.109	676.727	0.00072338	7	3	3	3	0.40808	285	66.2562	0	0	0	0.297815	147.022	0.575579	560.715	1	1	1	1	1	1	1	0
03.08.2015 00:11:47.262000	0.465	0.459049	0.458714	126.109	676.727	0.00108507	7	3	3	3	0.423745	285	66.2562	0	0	0	0.308102	147	0.574236	560.634	1	1	1	1	1	1	1	0
03.08.2015 00:11:47.362000	0.465	0.459049	0.458714	126.109	676.721	0.00144676	7	3	3	3	0.421184	285	66.2562	0	0	0	0.319799	146.976	0.575396	560.539	1	1	1	1	1	1	1	0
03.08.2015 00:11:47.462000	0.465	0.459049	0.458714	126.109	676.734	0.00217014	7	3	3	3	0.380825	285	66.2562	0	0	0	0.33057	146.952	0.576434	560.443	1	1	1	1	1	1	1	0
03.08.2015 00:11:47.562000	0.465	0.459049	0.458714	126.109	676.74	0.00072338	7	3	3	3	0.413826	285	66.2562	0	0	0	0.341602	146.931	0.578814	560.352	1	1	1	1	1	1	1	0
03.08.2015 00:11:47.662000	0.465	0.459049	0.458714	126.109	676.711	0.00108507	7	3	3	3	0.399729	285	66.2562	0	0	0	0.3517	146.907	0.577776	560.265	1	1	1	1	1	1	1	0
03.08.2015 00:11:47.762000	0.465	0.459049	0.458714	126.109	676.732	0.00108507	7	3	3	3	0.377477	285	66.2562	0	0	0	0.35468	146.881	0.577715	560.167	1	1	1	1	1	1	1	0
03.08.2015 00:11:47.862000	0.465	0.459049	0.458714	126.109	676.703	0.000542535	7	3	3	3	0.423004	285	66.2562	0	0	0	0.35646	146.854	0.576678	560.067	1	1	1	1	1	1	1	0
03.08.2015 00:11:47.962000	0.465	0.459049	0.458714	126.107	676.745	0.00108507	7	3	3	3	0.410883	285	66.2562	0	0	0	0.354521	146.832	0.572771	559.999	1	1	1	1	1	1	1	0
03.08.2015 00:11:48.062000	0.465	0.459049	0.458714	126.102	676.727	0.000542535	7	3	3	3	0.389079	285	66.2562	0	0	0	0.353631	146.809	0.574664	559.9	1	1	1	1	1	1	1	0
03.08.2015 00:11:48.162000	0.465	0.459049	0.458714	126.107	676.721	0	7	3	3	3	0.420469	285	66.2562	0	0	0	0.351194	146.784	0.574786	559.806	1	1	1	1	1	1	1	0
03.08.2015 00:11:48.262000	0.465	0.459049	0.458714	126.109	676.734	-0.0016276	7	3	3	3	0.392646	285	66.2562	0	0	0	0.349479	146.763	0.57564	559.723	1	1	1	1	1	1	1	0
03.08.2015 00:11:48.362000	0.465	0.459049	0.458714	126.104	676.802	-0.00036169	7	3	3	3	0.398294	285	66.2562	0	0	0	0.346007	146.74	0.576922	559.63	1	1	1	1	1	1	1	0
03.08.2015 00:11:48.462000	0.465	0.459049	0.458714	126.109	676.746	0.000542535	7	3	3	3	0.392814	285	66.2562	0	0	0	0.344249	146.718	0.576739	559.545	1	1	1	1	1	1	1	0
03.08.2015 00:11:48.562000	0.465	0.459049	0.458714	126.107	676.75	-0.00397859	7	3	3	3	0.385963	285	66.2562	0	0	0	0.341066	146.697	0.577837	559.462	1	1	1	1	1	1	1	0
03.08.2015 00:11:48.662000	0.465	0.459049	0.458714	126.109	676.789	-0.00542535	7	3	3	3	0.396396	285	66.2562	0	0	0	0.340444	146.677	0.578814	559.382	1	1	1	1	1	1	1	0
03.08.2015 00:11:48.762000	0.465	0.459049	0.458714	126.109	676.766	-0.00434028	7	3	3	3	0.415669	285	66.2562	0	0	0	0.340111	146.653	0.580523	559.281	1	1	1	1	1	1	1	0
03.08.2015 00:11:48.862000	0.465	0.459049	0.458714	126.109	676.746	-0.00488281	7	3	3	3	0.376829	285	66.2562	0	0	0	0.33962	146.633	0.581133	559.204	1	1	1	1	1	1	1	0
03.08.2015 00:11:48.962000	0.465	0.459049	0.458714	126.109	676.734	-0.00470197	7	3	3	3	0.392922	285	66.2562	0	0	0	0.339243	146.61	0.579363	559.124	1	1	1	1	1	1	1	0
03.08.2015 00:11:49.062000	0.465	0.459049	0.458714	126.109	676.727	-0.00434028	7	3	3	3	0.417513	285	66.2562	0	0	0	0.339265	146.589	0.582232	559.032	1	1	1	1	1	1	1	0
03.08.2015 00:11:49.162000	0.465	0.459049	0.458714	126.109	676.706	-0.00506366	7	3	3	3	0.402517	285	66.2562	0	0	0	0.340668	146.566	0.58211	558.941	1	1	1	1	1	1	1	0
03.08.2015 00:11:49.262000	0.465	0.459049	0.458714	126.109	676.699	-0.00651042	7	3	3	3	0.384367	285	66.2562	0	0	0	0.340155	146.542	0.58272	558.848	1	1	1	1	1	1	1	0
03.08.2015 00:11:49.362000	0.465	0.459049	0.458714	126.109	676.701	-0.00434028	7	3	3	3	0.397624	285	66.2562	0	0	0	0.340567	146.52	0.581927	558.767	1	1	1	1	1	1	1	0
03.08.2015 00:11:49.462000	0.465	0.459049	0.458714	126.109	676.699	-0.00434028	7	3	3	3	0.396275	285	66.2562	0	0	0	0.339967	146.501	0.580035	558.702	1	1	1	1	1	1	1	0
03.08.2015 00:11:49.562000	0.465	0.459049	0.458714	126.109	676.685	-0.00397859	7	3	3	3	0.385355	285	66.2562	0	0	0	0.341291	146.479	0.578265	558.624	1	1	1	1	1	1	1	0
03.08.2015 00:11:49.662000	0.465	0.459049	0.458714	126.109	676.688	-0.00379774	7	3	3	3	0.403833	285	66.2562	0	0	0	0.340979	146.457	0.576617	558.547	1	1	1	1	1	1	1	0
03.08.2015 00:11:49.762000	0.465	0.459049	0.458714	126.109	676.695	-0.00325521	7	3	3	3	0.326826	285	66.2562	0	0	0	0.341891	146.435	0.580218	558.449	1	1	1	1	1	1	1	0
03.08.2015 00:11:49.862000	0.465	0.459049	0.458714	126.109	676.68	-0.00434028	7	3	3	3	0.285074	285	66.2562	0	0	0	0.341826	146.414	0.578936	558.372	1	1	1	1	1	1	1	0
03.08.2015 00:11:49.962000	0.465	0.459049	0.458714	126.109	676.695	-0.00397859	7	3	3	3	0.272635	285	66.2562	0	0	0	0.341623	146.391	0.580706	558.279	1	1	1	1	1	1	1	0
03.08.2015 00:11:50.062000	0.465	0.459049	0.458714	126.109	676.703	-0.00434028	7	3	3	3	0.26975	285	66.2562	0	0	0	0.340979	146.37	0.5815	558.194	1	1	1	1	1	1	1	0
03.08.2015 00:11:50.162000	0.465	0.459049	0.458714	126.109	676.693	-0.00470197	7	3	3	3	0.271762	285	66.2562	0	0	0	0.341146	146.347	0.581988	558.103	1	1	1	1	1	1	1	0
03.08.2015 00:11:50.262000	0.465	0.459049	0.458714	126.109	676.68	-0.00434028	7	3	3	3	0.272678	285	66.2562	0	0	0	0.341703	146.33	0.581378	558.042	1	1	1	1	1	1	1	0
03.08.2015 00:11:50.362000	0.465	0.459049	0.458714	126.109	676.68	-0.00470197	7	3	3	3	0.293418	285	66.2562	0	0	0	0.341457	146.306	0.581988	557.948	1	1	1	1	1	1	1	0
03.08.2015 00:11:50.462000	0.465	0.459049	0.458714	126.109	676.68	-0.00217014	7	3	3	3	0.251829	285	66.2562	0	0	0	0.342817	146.286	0.584368	557.862	1	1	1	1	1	1	1	0
03.08.2015 00:11:50.562000	0.465	0.459049	0.458714	126.109	676.68	-0.00108507	7	3	3	3	0.272986	285	66.2562	0	0	0	0.343027	146.265	0.583148	557.786	1	1	1	1	1	1	1	0
03.08.2015 00:11:50.662000	0.465	0.459049	0.458714	126.109	676.68	-0.00108507	7	3	3	3	0.273383	285	66.2562	0	0	0	0.343895	146.243	0.581866	557.708	1	1	1	1	1	1	1	0
03.08.2015 00:11:50.762000	0.465	0.459049	0.458714	126.109	676.674	-0.00108507	7	3	3	3	0.257022	285	66.2562	0	0	0	0.34443	146.224	0.581744	557.635	1	1	1	1	1	1	1	0
03.08.2015 00:11:50.862000	0.465	0.459049	0.458714	126.109	676.664	-0.00108507	7	3	3	3	0.276132	285	66.2562	0	0	0	0.345877	146.205	0.582232	557.561	1	1	1	1	1	1	1	0
03.08.2015 00:11:50.962000	0.465	0.459049	0.458714	126.109	676.669	-0.00144676	7	3	3	3	0.270868	285	66.2562	0	0	0	0.347157	146.185	0.581744	557.485	1	1	1	1	1	1	1	0
03.08.2015 00:11:51.062000	0.465	0.459049	0.458714	126.109	676.664	-0.00108507	7	3	3	3	0.277684	285	66.2562	0	0	0	0.348112	146.163	0.579913	557.407	1	1	1	1	1	1	1	0
03.08.2015 00:11:51.162000	0.465	0.459049	0.458714	126.109	676.664	-0.00325521	7	3	3	3	0.283006	285	66.2562	0	0	0	0.348604	146.148	0.581317	557.346	1	1	1	1	1	1	1	0
03.08.2015 00:11:51.262000	0.465	0.459049	0.458714	126.109	676.664	-0.00271267	7	3	3	3	0.285744	285	66.2562	0	0	0	0.349848	146.128	0.581927	557.266	1	1	1	1	1	1	1	0
03.08.2015 00:11:51.362000	0.465	0.459049	0.458714	126.109	676.667	-0.00289352	7	3	3	3	0.283396	285	66.2562	0	0	0	0.350506	146.108	0.579608	557.2	1	1	1	1	1	1	1	0
03.08.2015 00:11:51.462000	0.465	0.459049	0.458714	126.109	676.664	-0.00325521	7	3	3	3	0.296201	285	66.2562	0	0	0	0.349993	146.085	0.581317	557.104	1	1	1	1	1	1	1	0
03.08.2015 00:11:51.562000	0.465	0.459049	0.458714	126.109	676.664	-0.00144676	7	3	3	3	0.288371	285	66.2562	0	0	0	0.351642	146.066	0.58034	557.037	1	1	1	1	1	1	1	0
03.08.2015 00:11:51.662000	0.465	0.459049	0.458714	126.109	676.664	-0.00108507	7	3	3	3	0.296262	285	66.2562	0	0	0	0.353111	146.048	0.579424	556.97	1	1	1	1	1	1	1	0
03.08.2015 00:11:51.762000	0.465	0.459049	0.458714	126.109	676.664	-0.00036169	7	3	3	3	0.270112	285	66.2562	0	0	0	0.354847	146.026	0.580157	556.882	1	1	1	1	1	1	1	0
03.08.2015 00:11:51.862000	0.465	0.459049	0.458714	126.109	676.664	-0.00217014	7	3	3	3	0.27862	285	66.2562	0	0	0	0.355447	146.004	0.580462	556.798	1	1	1	1	1	1	1	0
03.08.2015 00:11:51.962000	0.465	0.459049	0.458714	126.109	676.651	0.00108507	7	3	3	3	0.291163	285	66.2562	0	0	0	0.356192	145.99	0.580584	556.743	1	1	1	1	1	1	1	0
03.08.2015 00:11:52.062000	0.465	0.459049	0.458714	126.109	676.66	0.00108507	7	3	3	3	0.280001	285	66.2562	0	0	0	0.35617	145.971	0.581317	556.667	1	1	1	1	1	1	1	0
03.08.2015 00:11:52.162000	0.465	0.459049	0.458714	126.109	676.667	0.00253183	7	3	3	3	0.272404	285	66.2562	0	0	0	0.355924	145.952	0.582415	556.591	1	1	1	1	1	1	1	0
03.08.2015 00:11:52.262000	0.465	0.459049	0.458714	126.109	676.672	0.00271267	7	3	3	3	0.273966	285	66.2562	0	0	0	0.356727	145.934	0.579608	556.532	1	1	1	1	1	1	1	0
03.08.2015 00:11:52.362000	0.465	0.459049	0.458714	126.109	676.677	0.00108507	7	3	3	3	0.25787	285	66.2562	0	0	0	0.357639	145.914	0.582049	556.447	1	1	1	1	1	1	1	0
03.08.2015 00:11:52.462000	0.465	0.459049	0.458714	126.109	676.676	0.000542535	7	3	3	3	0.262892	285	66.2562	0	0	0	0.35735	145.892	0.581256	556.367	1	1	1	1	1	1	1	0
03.08.2015 00:11:52.562000	0.465	0.459049	0.458714	126.109	676.674	0.00072338	7	3	3	3	0.257871	285	66.2562	0	0	0	0.356771	145.875	0.581195	556.301	1	1	1	1	1	1	1	0
03.08.2015 00:11:52.662000	0.465	0.459049	0.458714	126.113	676.68	0.00108507	7	3	3	3	0.258547	285	66.2562	0	0	0	0.358174	145.857	0.580523	556.233	1	1	1	1	1	1	1	0
03.08.2015 00:11:52.762000	0.465	0.459049	0.458714	126.109	676.69	0.00072338	7	3	3	3	0.244599	285	66.2562	0	0	0	0.358218	145.839	0.581866	556.159	1	1	1	1	1	1	1	0
03.08.2015 00:11:52.862000	0.465	0.459049	0.458714	126.109	676.68	0.000542535	7	3	3	3	0.248598	285	66.2562	0	0	0	0.359086	145.819	0.579913	556.093	1	1	1	1	1	1	1	0
03.08.2015 00:11:52.962000	0.465	0.459049	0.458714	126.109	676.68	0.00108507	7	3	3	3	0.264109	285	66.2562	0	0	0	0.357928	145.801	0.580767	556.018	1	1	1	1	1	1	1	0
03.08.2015 00:11:53.062000	0.465	0.459049	0.458714	126.109	676.68	0.00108507	7	3	3	3	0.260128	285	66.2562	0	0	0	0.358529	145.781	0.580828	555.944	1	1	1	1	1	1	1	0
03.08.2015 00:11:53.162000	0.465	0.459049	0.458714	126.112	676.68	0.00108507	7	3	3	3	0.262307	285	66.2562	0	0	0	0.358196	145.764	0.582781	555.868	1	1	1	1	1	1	1	0
03.08.2015 00:11:53.262000	0.465	0.459049	0.458714	126.113	676.68	0.00108507	7	3	3	3	0.254729	285	66.2562	0	0	0	0.357972	145.746	0.582049	555.805	1	1	1	1	1	1	1	0
03.08.2015 00:11:53.362000	0.465	0.459049	0.458714	126.112	676.69	0.00180845	7	3	3	3	0.255433	285	66.2562	0	0	0	0.357183	145.726	0.581866	555.728	1	1	1	1	1	1	1	0
03.08.2015 00:11:53.462000	0.465	0.459049	0.458714	126.109	676.703	0.000542535	7	3	3	3	0.268428	285	66.2562	0	0	0	0.357805	145.707	0.581988	555.656	1	1	1	1	1	1	1	0
03.08.2015 00:11:53.562000	0.465	0.459049	0.458714	126.109	676.703	0.00072338	7	3	3	3	0.275712	285	66.2562	0	0	0	0.358464	145.689	0.579669	555.594	1	1	1	1	1	1	1	0
03.08.2015 00:11:53.662000	0.465	0.459049	0.458714	126.109	676.703	0.00108507	7	3	3	3	0.271993	285	66.2562	0	0	0	0.358239	145.67	0.579791	555.523	1	1	1	1	1	1	1	0
03.08.2015 00:11:53.762000	0.465	0.459049	0.458714	126.109	676.706	0.00108507	7	3	3	3	0.261597	285	66.2562	0	0	0	0.359187	145.652	0.579913	555.453	1	1	1	1	1	1	1	0
03.08.2015 00:11:53.862000	0.465	0.459049	0.458714	126.109	676.727	0.00108507	7	3	3	3	0.266925	285	66.2562	0	0	0	0.35923	145.637	0.579424	555.396	1	1	1	1	1	1	1	0
03.08.2015 00:11:53.962000	0.465	0.459049	0.458714	126.104	676.719	0.00108507	7	3	3	3	0.268703	285	66.2562	0	0	0	0.357993	145.615	0.575152	555.329	1	1	1	1	1	1	1	0
03.08.2015 00:11:54.062000	0.465	0.459049	0.458714	126.102	676.738	-0.00108507	7	3	3	3	0.28306	285	66.2562	0	0	0	0.357885	145.603	0.577166	555.274	1	1	1	1	1	1	1	0
03.08.2015 00:11:54.162000	0.465	0.459049	0.458714	126.109	676.724	-0.00180845	7	3	3	3	0.283171	285	66.2562	0	0	0	0.359621	145.585	0.57741	555.205	1	1	1	1	1	1	1	0
03.08.2015 00:11:54.262000	0.465	0.459049	0.458714	126.109	676.719	-0.00108507	7	3	3	3	0.273511	285	66.2562	0	0	0	0.360778	145.564	0.580157	555.113	1	1	1	1	1	1	1	0
03.08.2015 00:11:54.362000	0.465	0.459049	0.458714	126.109	676.716	-0.00325521	7	3	3	3	0.260327	285	66.2562	0	0	0	0.362681	145.545	0.579485	555.046	1	1	1	1	1	1	1	0
03.08.2015 00:11:54.462000	0.465	0.459049	0.458714	126.105	676.727	-0.00488281	7	3	3	3	0.261896	285	66.2562	0	0	0	0.363238	145.527	0.575823	554.99	1	1	1	1	1	1	1	0
03.08.2015 00:11:54.562000	0.465	0.459049	0.458714	126.107	676.732	-0.00470197	7	3	3	3	0.27409	285	66.2562	0	0	0	0.364685	145.511	0.581378	554.906	1	1	1	1	1	1	1	0
03.08.2015 00:11:54.662000	0.465	0.459049	0.458714	126.105	676.781	-0.00488281	7	3	3	3	0.277896	285	66.2562	0	0	0	0.366131	145.496	0.58034	554.853	1	1	1	1	1	1	1	0
03.08.2015 00:11:54.762000	0.465	0.459049	0.458714	126.099	676.734	-0.00434028	7	3	3	3	0.262126	285	66.2562	0	0	0	0.366753	145.476	0.579608	554.78	1	1	1	1	1	1	1	0
03.08.2015 00:11:54.862000	0.465	0.459049	0.458714	126.102	676.746	-0.00488281	7	3	3	3	0.269907	285	66.2562	0	0	0	0.367867	145.458	0.575823	554.726	1	1	1	1	1	1	1	0
03.08.2015 00:11:54.962000	0.465	0.459049	0.458714	126.102	676.74	-0.00434028	7	3	3	3	0.274029	285	66.2562	0	0	0	0.368613	145.459	0.577332	554.727	1	1	1	1	1	1	1	0
03.08.2015 00:11:55.062000	0.465	0.459049	0.458714	126.094	676.758	-0.00271267	7	3	3	3	0.273356	285	66.2562	0	0	0	0.369481	145.428	0.581561	554.587	1	1	1	1	1	1	1	0
03.08.2015 00:11:55.162000	0.465	0.459049	0.458714	126.094	676.76	-0.00217014	7	3	3	3	0.280599	285	66.2562	0	0	0	0.368656	145.41	0.579974	554.524	1	1	1	1	1	1	1	0
03.08.2015 00:11:55.262000	0.465	0.459049	0.458714	126.098	676.742	-0.00108507	7	3	3	3	0.263052	285	66.2562	0	0	0	0.369481	145.389	0.582537	554.436	1	1	1	1	1	1	1	0
03.08.2015 00:11:55.362000	0.465	0.459049	0.458714	126.099	676.755	-0.00108507	7	3	3	3	0.251272	285	66.2562	0	0	0	0.369068	145.371	0.584185	554.363	1	1	1	1	1	1	1	0
03.08.2015 00:11:55.462000	0.465	0.459049	0.458714	126.094	676.746	-0.00108507	7	3	3	3	0.248177	285	66.2562	0	0	0	0.369379	145.351	0.583651	554.293	1	1	1	1	1	1	1	0
03.08.2015 00:11:55.562000	0.465	0.459049	0.458714	126.099	676.753	-0.00036169	7	3	3	3	0.253327	285	66.2562	0	0	0	0.369047	145.34	0.585968	554.237	1	1	1	1	1	1	1	0
03.08.2015 00:11:55.662000	0.465	0.459049	0.458714	126.102	676.746	0.00108507	7	3	3	3	0.237634	285	66.2562	0	0	0	0.370204	145.321	0.587664	554.155	1	1	1	1	1	1	1	0
03.08.2015 00:11:55.762000	0.465	0.459049	0.458714	126.104	676.742	0.00108507	7	3	3	3	0.249518	285	66.2562	0	0	0	0.37079	145.3	0.585772	554.075	1	1	1	1	1	1	1	0
03.08.2015 00:11:55.862000	0.465	0.459049	0.458714	126.105	676.742	0.00108507	7	3	3	3	0.238832	285	66.2562	0	0	0	0.370819	145.284	0.586871	554.017	1	1	1	1	1	1	1	0
03.08.2015 00:11:55.962000	0.465	0.459049	0.458714	126.107	676.742	0.00180845	7	3	3	3	0.254101	285	66.2562	0	0	0	0.37121	145.267	0.585894	553.954	1	1	1	1	1	1	1	0
03.08.2015 00:11:56.062000	0.465	0.459049	0.458714	126.109	676.75	0.00108507	7	3	3	3	0.237914	285	66.2562	0	0	0	0.371425	145.253	0.583667	553.911	1	1	1	1	1	1	1	0
