Time	[76:0]	[76:1]	[76:2]	[76:4]	[76:8]	[76:70]	[76:71]	[78:0]	[78:1]	[78:2]	[79:2]	[79:3]	[79:4]	[79:8]	[79:9]	[79:10]	[79:11]	[79:12]	[79:13]	[79:14]	[79.0]	[79.1]	[79.2]	[79.3]	[79.4]	[79.5]	[79.6]	[79.8]
time	Hoogteverstelling - Referentie positie (mm)	Hoogteverstelling - AZ gemeten positie (mm)	Hoogteverstelling - BZ gemeten positie (mm)	Transfert Ingang - Gemeten positie (mm)	Transfert Uitgang - Gemeten positie (mm)	Aardgas - actueel debiet	Stappenschakelaar - gemeten pos	Laspos Ing - positie discreet	Laspos Uitg - positie discreet	Schaafverstelling - positie discreet	Stuikraam - Totale Stroommeting RMS-waarde (A)	Stuikraam - Stroomreferentie (A)	Stuikraam - Positie AZ (mm, pulsgever)	Stuikraam - Referentie Servo-ventiel (%)	Stuikraam - Trim door I-regelaar (%)	Stuikraam - Gemeten snelheid (mm/s, pulsgever)	Secundaire lasspanning	Stuikraam - Druk stuikcilinder voorkamer (=laszijde)  (bar)	Stuikraam - Druk stuikcilinder terugloopkamer  (bar)	Stuikraam - Netto voorwaartse kracht op stuikraam (kN)	Stuikraam - P1	Stuikraam - P2	Stuikraam - P3	Stuikraam - P4	Stuikraam - P5	Stuikraam - P6	Stuikraam - P7	Stuikraam - Openen stuikventielen	

Lasparameter.Ingang - Coil ID	0310832S
Lasparameter.Ingang - Dikte (um)	3620
Lasparameter.Ingang - Breedte (mm)	1444
Lasparameter.Ingang - Materiaal	0001
Lasparameter.Uitgang - Coil ID	0310831S
Lasparameter.Uitgang - Dikte (um)	3630
Lasparameter.Uitgang - Breedte (mm)	1444
Lasparameter.Uitgang - Materiaal	0001
Lasparameter.P2 (mm)	32.0
Lasparameter.P3 (mm)	42.0
Lasparameter.P4 (mm)	50.1
Lasparameter.P5 (mm)	56.5
Lasparameter.P6 (mm)	62.2
Lasparameter.P7 (mm)	66.1
Lasparameter.Vonksnelheid (mm/s)	1.20
Lasparameter.Lassnelheid (mm/s)	0.48
Lasparameter.Stroom Referentie (A)	0351
Lasparameter.Stroomtoename (µA/s2)	48.5
Lasparameter.Stuikstroomtijd (per)	0008
Lasparameter.Afkoeltijd Stuik (per)	0010
Lasparameter.Stuikdruk (bar)	0105
Lasparameter.Stuiksnelheid (%)	90.0

31.07.2015 19:09:12.609000	0.00500011	-0.00428328	0	-0.0585938	-668	0	5	3	3	3	0.259568	351	0	0	0	0	0.359802	4.79879	129.202	-476.316	1	0	0	0	0	0	0	0
31.07.2015 19:09:12.709000	0.00500011	-0.00428328	0	-0.0507813	-668	0.00108507	5	3	3	3	0.24209	351	0	0	0	0	0.358948	4.70315	129.188	-476.628	1	0	0	0	0	0	0	0
31.07.2015 19:09:12.809000	0.00500011	-0.00428328	0	-0.0494792	-667.997	0.00108507	5	3	3	3	0.261882	351	0	0	0	0	0.359216	3.89441	129.148	-479.569	1	0	0	0	0	0	0	0
31.07.2015 19:09:12.909000	0.00500011	-0.00428328	0	0	-668	0.00271267	5	3	3	3	0.269252	351	0	0	0	0	0.357784	4.4062	129.157	-477.647	1	0	0	0	0	0	0	0
31.07.2015 19:09:13.009000	0.00500011	-0.00428328	0	0	-668	0.00217014	5	3	3	3	0.251144	351	0	0	0	0	0.357183	4.74776	129.155	-476.332	1	0	0	0	0	0	0	0
31.07.2015 19:09:13.109000	0.00500011	-0.00428328	0	0.00390625	-667.992	0.0016276	5	3	3	3	0.247371	351	0	0	0	0	0.356344	5.82348	129.182	-472.314	1	0	0	0	0	0	0	0
31.07.2015 19:09:13.209000	0.00500011	-0.00428328	0	0	-667.99	0.00072338	5	3	3	3	0.255949	351	0	0	0	0	0.356033	3.45958	129.105	-481.07	1	0	0	0	0	0	0	0
31.07.2015 19:09:13.309000	0.00500011	-0.00428328	0	0.00390625	-668	0.000542535	5	3	3	3	0.262007	351	0	0	0	0	0.355179	4.58547	129.117	-476.806	1	0	0	0	0	0	0	0
31.07.2015 19:09:13.409000	0.00500011	-0.00428328	0	0.0104167	-667.995	0.00036169	5	3	3	3	0.239016	351	0	0	0	0	0.354593	5.50652	129.142	-473.374	1	0	0	0	0	0	0	0
31.07.2015 19:09:13.509000	0.00500011	-0.00428328	0	0	-667.992	0.00108507	5	3	3	3	0.254096	351	0	0	0	0	0.354167	5.80029	129.138	-472.234	1	0	0	0	0	0	0	0
31.07.2015 19:09:13.609000	0.00500011	-0.00428328	0	0	-667.984	0.00108507	5	3	3	3	0.262065	351	0	0	0	0	0.353877	3.14603	129.032	-481.992	1	0	0	0	0	0	0	0
31.07.2015 19:09:13.709000	0.00500011	-0.00428328	0	0	-668	0	5	3	3	3	0.252637	351	0	0	0	0	0.354745	3.53093	129.004	-480.41	1	0	0	0	0	0	0	0
31.07.2015 19:09:13.809000	0.00500011	-0.00428328	0	0.015625	-667.987	0.00036169	5	3	3	3	0.255782	351	0	0	0	0	0.354167	8.12317	129.206	-463.601	1	0	0	0	0	0	0	0
31.07.2015 19:09:13.909000	0.00500011	-0.00428328	0	0.0117188	-667.984	0.0016276	5	3	3	3	0.250704	351	0	0	0	0	0.355187	4.21473	129.088	-478.117	1	0	0	0	0	0	0	0
31.07.2015 19:09:14.009000	0.00500011	-0.00428328	0	0.0104167	-667.99	0.00108507	5	3	3	3	0.254562	351	0	0	0	0	0.35549	3.5493	129.015	-480.384	1	0	0	0	0	0	0	0
31.07.2015 19:09:14.109000	0.00500011	-0.00428328	0	0.0117188	-667.984	0.0016276	5	3	3	3	0.248764	351	0	0	0	0	0.356756	6.28364	129.098	-470.231	1	0	0	0	0	0	0	0
31.07.2015 19:09:14.209000	0.00500011	-0.00428328	0	0.015625	-667.987	0.00289352	5	3	3	3	0.249328	351	0	0	0	0	0.357371	5.63646	129.068	-472.595	1	0	0	0	0	0	0	0
31.07.2015 19:09:14.309000	0.00500011	-0.00428328	0	0.015625	-667.984	0.00217014	5	3	3	3	0.24338	351	0	0	0	0	0.358073	4.10163	129.006	-478.235	1	0	0	0	0	0	0	0
31.07.2015 19:09:14.409000	0.00500011	-0.00428328	0	0.015625	-667.984	0.00289352	5	3	3	3	0.2661	351	0	0	0	0	0.358955	6.34132	129.057	-469.852	1	0	0	0	0	0	0	0
31.07.2015 19:09:14.509000	0.00500011	-0.00428328	0	0.0195313	-667.984	0.00434028	5	3	3	3	0.245392	351	0	0	0	0	0.359078	5.10648	129.018	-474.433	1	0	0	0	0	0	0	0
31.07.2015 19:09:14.609000	0.00500011	-0.00428328	0	0.0104167	-667.987	0.00180845	5	3	3	3	0.270435	351	0	0	0	0	0.360265	3.97839	128.948	-478.484	1	0	0	0	0	0	0	0
31.07.2015 19:09:14.709000	0.00500011	-0.00428328	0	0.0078125	-667.984	0.00108507	5	3	3	3	0.250882	351	0	0	0	0	0.360829	2.76003	128.881	-482.89	1	0	0	0	0	0	0	0
31.07.2015 19:09:14.809000	0.00500011	-0.00428328	0	0.195313	-667.984	0	5	3	3	3	0.245828	351	0	0	0	0	0.362276	4.5439	128.918	-476.203	1	0	0	0	0	0	0	0
31.07.2015 19:09:14.909000	0.00500011	-0.00428328	0	0.875	-667.984	0.00108507	5	3	3	3	0.264205	351	0	0	0	0	0.362413	4.59163	128.914	-476.007	1	0	0	0	0	0	0	0
31.07.2015 19:09:15.009000	0.00500011	-0.00428328	0	7.13802	-667.984	0.00036169	5	3	3	3	0.278248	351	0	0	0	0	0.363288	4.25752	128.895	-477.213	1	0	0	0	0	0	0	0
31.07.2015 19:09:15.109000	0.00500011	-0.00428328	0	22.6602	-667.984	0.000542535	5	3	3	3	0.295111	351	0	0	0	0	0.363288	5.18815	128.901	-473.672	1	0	0	0	0	0	0	0
31.07.2015 19:09:15.209000	0.00500011	-0.00428328	0	45.0938	-667.984	0.00072338	5	3	3	3	0.282939	351	0	0	0	0	0.363563	4.33729	128.874	-476.825	1	0	0	0	0	0	0	0
31.07.2015 19:09:15.309000	0.00500011	-0.00428328	0	75.3203	-667.984	0	5	3	3	3	0.274476	351	0	0	0	0	0.363137	4.90225	128.873	-474.66	1	0	0	0	0	0	0	0
31.07.2015 19:09:15.409000	0.00500011	-0.00428328	0	104.193	-667.987	0.00180845	5	3	3	3	0.295452	351	0	0	0	0	0.36284	4.50258	128.849	-476.099	1	0	0	0	0	0	0	0
31.07.2015 19:09:15.509000	0.00500011	-0.00428328	0	137.438	-667.988	0.0016276	5	3	3	3	0.270399	351	0	0	0	0	0.362565	3.9621	128.82	-478.056	1	0	0	0	0	0	0	0
31.07.2015 19:09:15.609000	0.00500011	-0.00428328	0	187.336	-667.987	0	5	3	3	3	0.286752	351	0	0	0	0	0.362247	5.23295	128.836	-473.251	1	0	0	0	0	0	0	0
31.07.2015 19:09:15.709000	0.00500011	-0.00428328	0	235.172	-667.988	0.00108507	5	3	3	3	0.307413	351	0	0	0	0	0.361849	4.52266	128.807	-475.858	1	0	0	0	0	0	0	0
31.07.2015 19:09:15.809000	0.00500011	-0.00428328	0	278	-667.992	0.00108507	5	3	3	3	0.275234	351	0	0	0	0	0.362131	4.40541	128.795	-476.264	1	0	0	0	0	0	0	0
31.07.2015 19:09:15.909000	0.00500011	-0.00428328	0	320.266	-667.992	0.000542535	5	3	3	3	0.267492	351	0	0	0	0	0.364764	4.77389	128.789	-474.83	1	0	0	0	0	0	0	0
31.07.2015 19:09:16.009000	0.00500011	-0.00428328	0	379.617	-667.984	0.00072338	5	3	3	3	0.268693	351	0	0	0	0	0.367658	4.51765	128.765	-475.719	1	0	0	0	0	0	0	0
31.07.2015 19:09:16.109000	0.00500011	-0.00428328	0	421.883	-667.992	0.00108507	5	3	3	3	0.269704	351	0	0	0	0	0.371846	4.45479	128.753	-475.914	1	0	0	0	0	0	0	0
31.07.2015 19:09:16.209000	0.00500011	-0.00428328	0	457.419	-667.992	0.00253183	5	3	3	3	0.271011	351	0	0	0	0	0.374168	4.35408	128.733	-476.222	1	0	0	0	0	0	0	0
31.07.2015 19:09:16.309000	0.00500011	-0.00428328	0	483.363	-667.992	0.000542535	5	3	3	3	0.259022	351	0	0	0	0	0.377033	4.30525	128.721	-476.363	1	0	0	0	0	0	0	0
31.07.2015 19:09:16.409000	0.00500011	-0.00428328	0	500.398	-667.992	-0.00072338	5	3	3	3	0.266702	351	0	0	0	0	0.377915	4.52528	128.711	-475.481	1	0	0	0	0	0	0	0
31.07.2015 19:09:16.509000	0.00500011	-0.00428328	0	516.398	-667.992	0.00108507	5	3	3	3	0.259654	351	0	0	0	0	0.380216	4.49141	128.699	-475.567	1	0	0	0	0	0	0	0
31.07.2015 19:09:16.609000	0.00500011	-0.00428328	0	532.401	-667.992	0.00072338	5	3	3	3	0.249347	351	0	0	0	0	0.380208	4.40394	128.681	-475.832	1	0	0	0	0	0	0	0
31.07.2015 19:09:16.709000	0.00500011	-0.00428328	0	551.031	-668	0.000542535	5	3	3	3	0.286079	351	0	0	0	0	0.37887	4.46138	128.67	-475.571	1	0	0	0	0	0	0	0
31.07.2015 19:09:16.809000	0.00500011	-0.00428328	0	570.047	-668	0.00036169	5	3	3	3	0.274382	351	0	0	0	0	0.375991	4.48213	128.654	-475.429	1	0	0	0	0	0	0	0
31.07.2015 19:09:16.909000	0.00500011	-0.00428328	0	585.727	-668	0.000542535	5	3	3	3	0.276357	351	0	0	0	0	0.373814	4.43507	128.641	-475.56	1	0	0	0	0	0	0	0
31.07.2015 19:09:17.009000	0.00500011	-0.00428328	0	600.326	-668	0.00072338	5	3	3	3	0.264806	351	0	0	0	0	0.371513	4.39839	128.628	-475.649	1	0	0	0	0	0	0	0
31.07.2015 19:09:17.109000	0.00500011	-0.00428328	0	621.051	-668	0.000542535	5	3	3	3	0.283389	351	0	0	0	0	0.369488	4.46632	128.614	-475.337	1	0	0	0	0	0	0	0
31.07.2015 19:09:17.209000	0.00500011	-0.00428328	0	635.383	-668	0.00108507	5	3	3	3	0.281048	351	0	0	0	0	0.368916	4.45839	128.6	-475.313	1	0	0	0	0	0	0	0
31.07.2015 19:09:17.309000	0.00500011	-0.00428328	0	648.945	-668	0.000542535	5	3	3	3	0.25869	351	0	0	0	0	0.367607	4.42579	128.587	-475.387	1	0	0	0	0	0	0	0
31.07.2015 19:09:17.409000	0.00500011	-0.00428328	0	663.526	-668	0.00072338	5	3	3	3	0.268881	351	0	0	0	0	0.367028	4.43544	128.572	-475.294	1	0	0	0	0	0	0	0
31.07.2015 19:09:17.509000	0.00500011	-0.00428328	0	678.656	-668	0.000542535	5	3	3	3	0.265957	351	0	0	0	0	0.365307	4.42921	128.561	-475.274	1	0	0	0	0	0	0	0
31.07.2015 19:09:17.609000	0.00500011	-0.00428328	0	689.185	-668	0.00072338	5	3	3	3	0.278186	351	0	0	0	0	0.36501	4.40925	128.545	-475.29	1	0	0	0	0	0	0	0
31.07.2015 19:09:17.709000	0.00500011	-0.00428328	0	697.996	-668	0.00108507	5	3	3	3	0.267592	351	0	0	0	0	0.363701	4.38777	128.533	-475.327	1	0	0	0	0	0	0	0
31.07.2015 19:09:17.809000	0.00500011	-0.00428328	0	704.344	-668	0.00108507	5	3	3	3	0.262521	351	0	0	0	0	0.362833	4.3545	128.519	-475.4	1	0	0	0	0	0	0	0
31.07.2015 19:09:17.909000	0.00500011	-0.00428328	0	706.438	-668	0	5	3	3	3	0.247512	351	0	0	0	0	0.361842	4.33216	128.503	-475.426	1	0	0	0	0	0	0	0
31.07.2015 19:09:18.009000	0.00500011	-0.00428328	0	707.081	-668	0.00072338	5	3	3	3	0.264323	351	0	0	0	0	0.361523	4.42549	128.491	-475.024	1	0	0	0	0	0	0	0
31.07.2015 19:09:18.109000	0.00500011	-0.00428328	0	707.156	-668	0.000542535	5	3	3	3	0.254825	351	0	0	0	0	0.360684	4.38807	128.479	-475.118	1	0	0	0	0	0	0	0
31.07.2015 19:09:18.209000	0.00500011	-0.00428328	0	707.148	-668.003	0.00108507	5	3	3	3	0.260594	351	0	0	0	0	0.360084	4.4579	128.468	-474.811	1	0	0	0	0	0	0	0
31.07.2015 19:09:18.309000	0.00500011	-0.00428328	0	707.148	-668.004	-0.00217014	5	3	3	3	0.243899	351	0	0	0	0	0.360402	5.10825	128.471	-472.33	1	0	0	0	0	0	0	0
31.07.2015 19:09:18.409000	0.00500011	-0.00428328	0	707.151	-668	0.00036169	5	3	3	3	0.24798	351	0	0	0	0	0.360098	4.56423	128.45	-474.333	1	0	0	0	0	0	0	0
31.07.2015 19:09:18.509000	0.00500011	-0.00428328	0	707.152	-668.004	0.00108507	5	3	3	3	0.255008	351	0	0	0	0	0.360966	4.28803	128.427	-475.302	1	0	0	0	0	0	0	0
31.07.2015 19:09:18.609000	0.00500011	-0.00428328	0	707.156	-668.008	0.00036169	5	3	3	3	0.233815	351	0	0	0	0	0.360677	4.65059	128.497	-474.183	1	0	0	0	0	0	0	0
31.07.2015 19:09:18.709000	0.00500011	-0.00428328	0	707.152	-668.008	0	5	3	3	3	0.241838	351	0	0	0	0	0.361408	4.47926	128.635	-475.366	1	0	0	0	0	0	0	0
31.07.2015 19:09:18.809000	0.00500011	-0.00428328	0	707.156	-668.008	0.00072338	5	3	3	3	0.233006	351	0	0	0	0	0.361111	4.4109	128.756	-476.093	1	0	0	0	0	0	0	0
31.07.2015 19:09:18.909000	0.00500011	-0.00428328	0	707.156	-668.008	0	5	3	3	3	0.23361	351	0	0	0	0	0.361097	4.52889	128.882	-476.122	1	0	0	0	0	0	0	0
31.07.2015 19:09:19.009000	0.00500011	-0.00428328	0	707.156	-668.008	0.00108507	5	3	3	3	0.250462	351	0	0	0	0	0.361133	4.59963	129.057	-476.522	1	0	0	0	0	0	0	0
31.07.2015 19:09:19.109000	0.00500011	-0.00428328	0	707.156	-668.008	0.000542535	5	3	3	3	0.258274	351	0	0	0	0	0.362413	4.49013	129.324	-477.963	1	0	0	0	0	0	0	0
31.07.2015 19:09:19.209000	0.00500011	-0.00428328	0	707.156	-668.008	0.00072338	5	3	3	3	0.26763	351	0	0	0	0	0.363006	4.43928	129.868	-480.243	1	0	0	0	0	0	0	0
31.07.2015 19:09:19.309000	0.00500011	-0.00428328	0	707.156	-668.012	0.000542535	5	3	3	3	0.262968	351	0	0	0	0	0.363571	4.52638	129.872	-479.922	1	0	0	0	0	0	0	0
31.07.2015 19:09:19.409000	0.00500011	-0.00428328	0	707.156	-668.01	-0.00072338	5	3	3	3	0.254997	351	0	0	0	0	0.364149	4.49617	129.932	-480.27	1	0	0	0	0	0	0	0
31.07.2015 19:09:19.509000	0.00500011	-0.00428328	0	707.16	-668.012	-0.00108507	5	3	3	3	0.272721	351	0	0	0	0	0.364012	4.49092	130.094	-480.909	1	0	0	0	0	0	0	0
31.07.2015 19:09:19.609000	0.00500011	-0.00428328	0	707.159	-668.013	0.00072338	5	3	3	3	0.26803	351	0	0	0	0	0.365162	4.34498	130.244	-482.043	1	0	0	0	0	0	0	0
31.07.2015 19:09:19.709000	0.00500011	-0.00428328	0	707.164	-668.016	0	5	3	3	3	0.257563	351	0	0	0	0	0.364735	3.79034	130.322	-484.463	1	0	0	0	0	0	0	0
31.07.2015 19:09:19.809000	0.00500011	-0.00428328	0	707.164	-668.016	0.00108507	5	3	3	3	0.266425	351	0	0	0	0	0.365893	4.54732	128.109	-473.092	1	0	0	0	0	0	0	0
31.07.2015 19:09:19.909000	0.00500011	-0.00428328	0	707.164	-668.016	0.000542535	5	3	3	3	0.263351	351	0	0	0	0	0.366182	5.98199	130.424	-476.465	1	0	0	0	0	0	0	0
31.07.2015 19:09:20.009000	0.00500011	-0.00428328	0	707.18	-668.01	0.00217014	5	3	3	3	0.285158	351	0	0	0	0	0.366746	5.07583	130.628	-480.713	1	0	0	0	0	0	0	0
31.07.2015 19:09:20.109000	0.00500011	-0.00428328	0	707.18	-668.008	0.00271267	5	3	3	3	0.26487	351	0	0	0	0	0.366623	4.77804	130.121	-479.913	1	0	0	0	0	0	0	0
31.07.2015 19:09:20.209000	0.00500011	-0.00428328	0	707.18	-668.01	0.00289352	5	3	3	3	0.26627	351	0	0	0	0	0.36747	5.04801	129.349	-475.924	1	0	0	0	0	0	0	0
31.07.2015 19:09:20.309000	0.00500011	-0.00428328	0	707.18	-668.016	0.00325521	5	3	3	3	0.269439	351	0	0	0	0	0.367195	5.07066	129.384	-475.972	1	0	0	0	0	0	0	0
31.07.2015 19:09:20.409000	0.00500011	-0.00428328	0	707.177	-668.016	0.00289352	5	3	3	3	0.271795	351	0	0	0	0	0.366602	4.88662	129.397	-476.727	1	0	0	0	0	0	0	0
31.07.2015 19:09:20.509000	0.00500011	-0.00428328	0	707.18	-668.016	0.00217014	5	3	3	3	0.269889	351	0	0	0	0	0.366913	4.92979	129.324	-476.243	1	0	0	0	0	0	0	0
31.07.2015 19:09:20.609000	0.00500011	-0.00428328	0	707.18	-668.016	0.0036169	5	3	3	3	0.269841	351	0	0	0	0	0.366587	5.17685	129.212	-474.905	1	0	0	0	0	0	0	0
31.07.2015 19:09:20.709000	0.00500011	-0.00428328	0	707.18	-668.016	0.00271267	5	3	3	3	0.282472	351	0	0	0	0	0.367043	4.89499	129.038	-475.317	1	0	0	0	0	0	0	0
31.07.2015 19:09:20.809000	0.00500011	-0.00428328	0	707.18	-668.016	0.00397859	5	3	3	3	0.256713	351	0	0	0	0	0.366175	4.82913	128.834	-474.786	1	0	0	0	0	0	0	0
31.07.2015 19:09:20.909000	0.00500011	-0.00428328	0	707.18	-668.016	0.00271267	5	3	3	3	0.260525	351	0	0	0	0	0.366753	4.69607	128.751	-474.981	1	0	0	0	0	0	0	0
31.07.2015 19:09:21.009000	0.00500011	-0.00428328	0	707.18	-668.016	0.00217014	5	3	3	3	0.251071	351	0	0	0	0	0.366768	4.54421	127.813	-471.973	1	0	0	0	0	0	0	0
31.07.2015 19:09:21.109000	0.00500011	-0.00428328	0	707.16	-668.016	0.00488281	5	3	3	3	0.265571	351	0	0	0	0	0.367318	9.63884	115.993	-407.21	1	0	0	0	0	0	0	0
31.07.2015 19:09:21.209000	0.00500011	-0.00428328	0	706.807	-668.016	0.00470197	5	3	3	3	0.260681	351	0.219859	0	0	4.06102	0.367072	86.2255	97.4016	-42.7911	1	0	0	0	0	0	0	0
31.07.2015 19:09:21.309000	0.00500011	-0.00428328	0	703.18	-668.016	0.00434028	5	3	3	3	0.269565	351	2.61145	0	0	33.3306	0.367752	111.604	83.2059	108.729	1	0	0	0	0	0	0	0
31.07.2015 19:09:21.409000	0.00500011	-0.00428328	0	688.612	-668.016	0.00434028	5	3	3	3	0.261835	351	6.05359	0	0	34.7414	0.367795	110.312	83.623	102.186	1	0	0	0	0	0	0	0
31.07.2015 19:09:21.509000	0.00500011	-0.00428328	0	663.637	-668.016	0.00434028	5	3	3	3	0.254671	351	9.55094	0	0	35.2249	0.368764	112.828	86.324	101.48	1	0	0	0	0	0	0	0
31.07.2015 19:09:21.609000	0.00500011	-0.00428328	0	641.227	-668.016	0.00397859	5	3	3	3	0.262419	351	13.0955	0	0	35.8255	0.369676	116.47	90.3805	99.8912	1	0	0	0	0	0	0	0
31.07.2015 19:09:21.709000	0.00500011	-0.00428328	0	615.785	-668.016	0.00271267	5	3	3	3	0.256361	351	16.6237	0	0	35.2275	0.369488	119.4	93.3857	99.6051	1	0	0	0	0	0	0	0
31.07.2015 19:09:21.809000	0.00500011	-0.00428328	0	581.044	-668.016	0.00325521	5	3	3	3	0.249327	351	20.1096	0	0	34.6451	0.369806	120.637	94.8088	98.8895	1	0	0	0	0	0	0	0
31.07.2015 19:09:21.909000	0.00500011	-0.00428328	0	536.762	-668.016	0.00217014	5	3	3	3	0.236918	351	23.5662	0	0	34.8699	0.369358	120.264	94.5604	98.4156	1	0	0	0	0	0	0	0
31.07.2015 19:09:22.009000	0.00500011	-0.00428328	0	498.112	-668.016	0.00289352	5	3	3	3	0.243187	351	27.0103	0	0	34.5973	0.370226	120.084	94.4531	98.1342	1	0	0	0	0	0	0	0
31.07.2015 19:09:22.109000	0.00500011	-0.00428328	0	458.727	-668.016	0.00325521	5	3	3	3	0.242205	351	30.4629	0	0	34.6032	0.369517	120.423	94.8521	97.9066	1	0.05	0	0	0	0	0	0
31.07.2015 19:09:22.209000	0.00500011	-0.00428328	0	416.63	-668.016	0.00144676	5	3	3	3	0.225569	351	34.3826	41.5	0	48.0954	0.370356	115.196	86.2078	110.99	1	1	0	0	0	0	0	0
31.07.2015 19:09:22.309000	0.00500011	-0.00428328	0	372.121	-668.023	0.00379774	5	3	3	3	0.245895	351	38.7952	49.985	0	32.9546	0.369965	102.525	83.3843	73.2853	1	1	0	0	0	0	0	0
31.07.2015 19:09:22.409000	0.00500011	-0.00428328	0	338.583	-668.026	0	5	3	3	3	0.25336	351	40.563	44.4501	0	12.7598	0.371079	76.2573	52.3284	91.6189	1	1	0	0	0	0	0	0
31.07.2015 19:09:22.509000	0.00500011	-0.00428328	0	307.57	-668.039	0.00217014	5	3	3	3	0.235675	351	41.5942	34.4502	0	9.64783	0.371137	57.5776	33.49	92.2263	1	1	0	0	0	0	0	0
31.07.2015 19:09:22.609000	0.00500011	-0.00428328	0	271.586	-668.042	0.00108507	5	3	3	3	45.0351	351	42.302	16.9877	0	7.04961	0.424002	50.5083	26.7774	90.8606	1	1	1	0	0	0	0	0
31.07.2015 19:09:22.709000	0.00500011	-0.00428328	0	241.734	-668.039	0.000542535	5	3	3	3	87.6106	351	42.5492	5.26568	0	4.32024	5.67124	48.1361	23.3232	95.0036	1	1	1	0	0	0	0	0
31.07.2015 19:09:22.809000	0.00500011	-0.00428328	0	222.534	-668.039	0.00072338	5	3	3	3	87.7379	351	42.691	5.26568	0	2.28207	10.0345	46.5959	22.015	94.1155	1	1	1	0	0	0	0	0
31.07.2015 19:09:22.909000	0.00500011	-0.00428328	0	208.297	-668.039	0.000542535	5	3	3	3	87.7417	351	42.8268	5.26568	0	1.68801	11.4904	45.8731	21.0378	95.0896	1	1	1	0	0	0	0	0
31.07.2015 19:09:23.009000	0.00500011	-0.00428328	0	182.857	-668.039	0.00036169	5	3	3	3	87.8959	351	42.9556	5.26568	0	1.42112	11.7084	45.3465	20.3511	95.7021	1	1	1	0	0	0	0	0
31.07.2015 19:09:23.109000	0.00500011	-0.00428328	0	166.434	-668.047	0	5	3	3	3	87.8734	351	43.0804	5.26568	0	1.30997	11.7893	44.6637	19.7853	95.2544	1	1	1	0	0	0	0	0
31.07.2015 19:09:23.209000	0.00500011	-0.00428328	0	151.661	-668.047	0.00072338	5	3	3	3	87.7563	351	43.2043	5.26568	0	1.26887	11.8161	44.2643	19.3103	95.5439	1	1	1	0	0	0	0	0
31.07.2015 19:09:23.309000	0.00500011	-0.00428328	0	138.508	-668.047	-0.000542535	5	3	3	3	87.9363	351	43.3257	5.26568	0	1.2547	11.8273	43.9278	19.0115	95.3995	1	1	1	0	0	0	0	0
31.07.2015 19:09:23.409000	0.00500011	-0.00428328	0	130.669	-668.049	-0.00144676	5	3	3	3	88.0079	351	43.447	5.26568	0	1.24973	11.8377	43.7643	18.7868	95.6339	1	1	1	0	0	0	0	0
31.07.2015 19:09:23.509000	0.00500011	-0.00428328	0	125.992	-668.055	-0.000542535	5	3	3	3	87.8792	351	43.5679	5.26568	0	1.2174	11.8447	43.5661	18.6319	95.4682	1	1	1	0	0	0	0	0
31.07.2015 19:09:23.609000	0.00500011	-0.00428328	0	123.919	-668.055	0.00036169	5	3	3	3	87.7827	351	43.6898	5.26568	0	1.20148	11.8451	43.2914	18.7056	94.134	1	1	1	0	0	0	0	0
31.07.2015 19:09:23.709000	0.00500011	-0.00428328	0	125.488	-668.055	0.000542535	5	3	3	3	87.7542	351	43.8126	5.26568	0	1.20506	11.8364	43.1797	18.5844	94.1707	1	1	1	0	0	0	0	0
31.07.2015 19:09:23.809000	0.00500011	-0.00428328	0	125.826	-668.055	0.00036169	5	3	3	3	87.8752	351	43.9295	5.26568	0	1.20734	11.8349	43.0876	18.4234	94.4343	1	1	1	0	0	0	0	0
31.07.2015 19:09:23.909000	0.00500011	-0.00428328	0	125.871	-668.055	0.00108507	5	3	3	3	87.7129	351	44.0489	5.26568	0	1.19291	11.8363	43.1172	18.2671	95.1462	1	1	1	0	0	0	0	0
31.07.2015 19:09:24.009000	0.00500011	-0.00428328	0	126.023	-668.063	0.00036169	5	3	3	3	87.8598	351	44.1683	5.26568	0	1.17847	11.8363	43.0831	18.2989	94.8938	1	1	1	0	0	0	0	0
31.07.2015 19:09:24.109000	0.00500011	-0.00428328	0	126.023	-668.063	0.00108507	5	3	3	3	87.8605	351	44.2877	5.26568	0	1.19419	11.8335	43.0742	18.244	95.07	1	1	1	0	0	0	0	0
31.07.2015 19:09:24.209000	0.00500011	-0.00428328	0	126.031	-668.068	0.00072338	5	3	3	3	87.7425	351	44.4091	5.26568	0	1.21339	11.8361	43.0488	18.1959	95.1567	1	1	1	0	0	0	0	0
31.07.2015 19:09:24.309000	0.00500011	-0.00428328	0	126.023	-668.07	0.000542535	5	3	3	3	87.7912	351	44.525	5.26568	0	1.20321	11.8331	43.071	18.1769	95.3147	1	1	1	0	0	0	0	0
31.07.2015 19:09:24.409000	0.00500011	-0.00428328	0	126.031	-668.07	0.00108507	5	3	3	3	87.7848	351	44.6458	5.26568	0	1.1843	11.8294	43.1264	18.1784	95.5212	1	1	1	0	0	0	0	0
31.07.2015 19:09:24.509000	0.00500011	-0.00428328	0	126.035	-668.07	0.00108507	5	3	3	3	87.7768	351	44.7617	5.26568	0	1.18174	11.8316	43.072	18.1907	95.2653	1	1	1	0	0	0	0	0
31.07.2015 19:09:24.609000	0.00500011	-0.00428328	0	126.036	-668.07	0.00036169	5	3	3	3	87.7093	351	44.8771	5.26568	0	1.17317	11.8301	43.0721	18.1874	95.2787	1	1	1	0	0	0	0	0
31.07.2015 19:09:24.709000	0.00500011	-0.00428328	0	126.039	-668.07	0.000542535	5	3	3	3	87.7934	351	44.999	5.26568	0	1.17553	11.8347	43.0009	18.1787	95.0394	1	1	1	0	0	0	0	0
31.07.2015 19:09:24.809000	0.00500011	-0.00428328	0	126.036	-668.073	0	5	3	3	3	87.8375	351	45.1169	5.26568	0	1.19001	11.8351	43.1487	18.1751	95.6189	1	1	1	0	0	0	0	0
31.07.2015 19:09:24.909000	0.00500011	-0.00428328	0	126.039	-668.078	0.000542535	5	3	3	3	87.7141	351	45.2363	5.26568	0	1.1914	11.8364	43.0909	18.1744	95.4	1	1	1	0	0	0	0	0
31.07.2015 19:09:25.009000	0.00500011	-0.00428328	0	126.039	-668.078	0.00180845	5	3	3	3	87.877	351	45.3576	5.26568	0	1.20736	11.832	43.1207	18.1754	95.5107	1	1	1	0	0	0	0	0
31.07.2015 19:09:25.109000	0.00500011	-0.00428328	0	126.039	-668.078	0.00379774	5	3	3	3	87.9274	351	45.4755	5.26568	0	1.20736	11.8445	43.0046	18.1779	95.0564	1	1	1	0	0	0	0	0
31.07.2015 19:09:25.209000	0.00500011	-0.00428328	0	126.039	-668.078	0.00289352	5	3	3	3	88.0255	351	45.5999	5.26568	0	1.19017	11.8479	43.0681	18.1779	95.2999	1	1	1	0	0	0	0	0
31.07.2015 19:09:25.309000	0.00500011	-0.00428328	0	126.039	-668.078	0.00271267	5	3	3	3	102.823	351	45.7173	5.26568	0	1.19	11.8374	43.1273	18.1736	95.5427	1	1	1	0	0	0	0	0
31.07.2015 19:09:25.409000	0.00500011	-0.00428328	0	126.039	-668.078	0.00108507	5	3	3	3	116.039	351	45.8376	5.26568	0	1.19519	11.8065	43.1092	18.1893	95.413	1	1	1	0	0	0	0	0
31.07.2015 19:09:25.509000	0.00500011	-0.00428328	0	126.039	-668.078	0.000542535	5	3	3	3	194.974	351	45.958	5.26568	0	1.19571	11.7464	43.1581	18.1726	95.6645	1	1	1	0	0	0	0	0
31.07.2015 19:09:25.609000	0.00500011	-0.00428328	0	126.039	-668.081	0.00180845	5	3	3	3	142.163	351	46.0754	5.26568	0	1.20556	11.5205	43.0963	18.188	95.3689	1	1	1	0	0	0	0	0
31.07.2015 19:09:25.709000	0.00500011	-0.00428328	0	126.039	-668.086	2.86675	5	3	3	3	328.955	351	46.1978	5.26568	0	1.2073	11.5783	43.1271	18.1755	95.5348	1	1	1	0	0	0	0	0
31.07.2015 19:09:25.809000	0.00500011	-0.00428328	0	126.039	-668.083	11.9531	5	3	3	3	396.944	351	46.3132	5.26568	0	1.19419	11.1636	43.1455	18.1828	95.5771	1	1	1	0	0	0	0	0
31.07.2015 19:09:25.909000	0.00500011	-0.00428328	0	126.039	-668.086	20.0364	5	3	3	3	453	351	46.4326	5.26568	0	1.19004	10.768	43.1821	18.1874	95.6998	1	1	1	0	0	0	0	0
31.07.2015 19:09:26.009000	0.00500011	-0.00428328	0	126.039	-668.086	24.43	5	3	3	3	394.712	351	46.5524	5.26568	0	1.18267	10.8608	43.1267	18.1854	95.4953	1	1	1	0	0	0	0	0
31.07.2015 19:09:26.109000	0.00500011	-0.00428328	0	126.039	-668.086	26.7524	5	3	3	3	645.927	351	46.6693	5.26568	0	1.1787	10.8423	43.1255	18.1667	95.5624	1	1	1	0	0	0	0	0
31.07.2015 19:09:26.209000	0.00500011	-0.00428328	0	126.039	-668.086	27.5271	5	3	3	3	363.406	351	46.7942	5.26568	0	1.18833	10.7771	43.179	18.2022	95.6311	1	1	1	0	0	0	0	0
31.07.2015 19:09:26.309000	0.00500011	-0.00428328	0	126.039	-668.086	28.0995	5	3	3	3	462.002	351	46.9111	5.26568	0	1.1956	10.798	43.1651	18.2047	95.5685	1	1	1	0	0	0	0	0
31.07.2015 19:09:26.409000	0.00500011	-0.00428328	0	126.042	-668.089	28.2972	5	3	3	3	386.689	351	47.0329	5.26568	0	1.20162	10.8327	43.1938	18.2325	95.5717	1	1	1	0	0	0	0	0
31.07.2015 19:09:26.509000	0.00500011	-0.00428328	0	126.039	-668.086	28.4538	5	3	3	3	197.761	351	47.1513	5.26568	0	1.20741	10.9287	43.1438	18.2479	95.3212	1	1	1	0	0	0	0	0
31.07.2015 19:09:26.609000	0.00500011	-0.00428328	0	126.042	-668.091	28.5945	5	3	3	3	456.993	351	47.2712	5.26568	0	1.20476	10.9499	43.1581	18.2586	95.335	1	1	1	0	0	0	0	0
31.07.2015 19:09:26.709000	0.00500011	-0.00428328	0	126.039	-668.094	28.6665	5	3	3	3	549.339	351	47.3936	5.26568	0	1.20138	10.8128	43.1488	18.2651	95.2747	1	1	1	0	0	0	0	0
31.07.2015 19:09:26.809000	0.00500011	-0.00428328	0	126.044	-668.094	28.69	5	3	3	3	531.105	351	47.511	5.26568	0	1.19931	10.7967	43.1639	18.2654	95.3312	1	1	1	0	0	0	0	0
31.07.2015 19:09:26.909000	0.00500011	-0.00428328	0	126.039	-668.094	28.6914	5	3	3	3	586.682	351	47.6338	5.26568	0	1.19564	10.8153	43.1756	18.2622	95.3885	1	1	1	0	0	0	0	0
31.07.2015 19:09:27.009000	0.00500011	-0.00428328	0	126.044	-668.094	28.6712	5	3	3	3	474.189	351	47.7507	5.26568	0	1.19567	10.8553	43.1642	18.2664	95.3287	1	1	1	0	0	0	0	0
31.07.2015 19:09:27.109000	0.00500011	-0.00428328	0	126.043	-668.094	28.4869	5	3	3	3	608.259	351	47.8681	5.26568	0	1.19574	10.8668	43.1786	18.257	95.4198	1	1	1	0	0	0	0	0
31.07.2015 19:09:27.209000	0.00500011	-0.00428328	0	126.044	-668.094	28.0357	5	3	3	3	611.837	351	47.991	5.26568	0	1.19571	10.8223	43.1695	18.2569	95.3852	1	1	1	0	0	0	0	0
31.07.2015 19:09:27.309000	0.00500011	-0.00428328	0	126.043	-668.094	27.7973	5	3	3	3	653.797	351	48.1069	5.26568	0	1.19563	10.8403	43.2201	18.261	95.5633	1	1	1	0	0	0	0	0
31.07.2015 19:09:27.409000	0.00500011	-0.00428328	0	126.042	-668.094	27.6212	5	3	3	3	627.699	351	48.2292	5.26568	0	1.19564	10.8309	43.1988	18.2652	95.4656	1	1	1	0	0	0	0	0
31.07.2015 19:09:27.509000	0.00500011	-0.00428328	0	126.047	-668.094	27.372	5	3	3	3	570.735	351	48.3471	5.26568	0	1.19573	10.8942	43.11	18.2709	95.1041	1	1	1	0	0	0	0	0
31.07.2015 19:09:27.609000	0.00500011	-0.00428328	0	126.042	-668.094	27.164	5	3	3	3	582.398	351	48.4665	5.26568	0	1.19556	10.8918	43.1218	18.2754	95.1319	1	1	1	0	0	0	0	0
31.07.2015 19:09:27.709000	0.00500011	-0.00428328	0	126.043	-668.094	27.0085	5	3	3	3	722.755	351	48.5889	5.26568	0	1.18995	10.887	43.2744	18.2754	95.7161	1	1	1	0	0	0	0	0
31.07.2015 19:09:27.809000	0.00500011	-0.00428328	0	126.042	-668.094	26.9184	5	3	3	3	515.141	351	48.7068	5.26568	0	1.18995	10.9277	43.2011	18.2933	95.367	1	1	1	0	0	0	0	0
31.07.2015 19:09:27.909000	0.00500011	-0.00428328	0	126.047	-668.094	26.8484	5	3	3	3	627.26	351	48.8306	5.26568	0	1.20672	10.9811	43.226	18.2837	95.499	1	1	1	0	0	0	0	0
31.07.2015 19:09:28.009000	0.00500011	-0.00428328	0	126.044	-668.094	26.7614	5	3	3	3	611.64	351	48.9465	5.26568	0	1.20724	10.99	43.1631	18.2907	95.2317	1	1	1	0	0	0	0	0
31.07.2015 19:09:28.109000	0.00500011	-0.00428328	0	126.047	-668.094	26.7182	5	3	3	3	643.114	351	49.0669	5.26568	0	1.19689	10.9827	43.2013	18.29	95.3806	1	1	1	0	0	0	0	0
31.07.2015 19:09:28.209000	0.00500011	-0.00428328	0	126.047	-668.094	26.6775	5	3	3	3	551.634	351	49.1897	5.26568	0	1.19562	10.9872	43.212	18.2999	95.3834	1	1	1	0	0	0	0	0
31.07.2015 19:09:28.309000	0.00500011	-0.00428328	0	126.047	-668.094	26.6536	5	3	3	3	611.585	351	49.3086	5.26568	0	1.21567	11.0051	43.2368	18.3159	95.417	1	1	1	0	0	0	0	0
31.07.2015 19:09:28.409000	0.00500011	-0.00428328	0	126.047	-668.094	26.6016	5	3	3	3	579.739	351	49.4335	5.26568	0	1.21921	11.0184	43.1951	18.309	95.2838	1	1	1	0	0	0	0	0
31.07.2015 19:09:28.509000	0.00500011	-0.00428328	0	126.043	-668.094	26.5809	5	3	3	3	585.478	351	49.5489	5.26568	0	1.20116	11.0185	43.1621	18.3064	95.1674	1	1	1	0	0	0	0	0
31.07.2015 19:09:28.609000	0.00500011	-0.00428328	0	126.047	-668.094	26.5516	5	3	3	3	563.691	351	49.6703	5.26568	0	1.19576	10.9906	43.1892	18.3066	95.2705	1	1	1	0	0	0	0	0
31.07.2015 19:09:28.709000	0.00500011	-0.00428328	0	126.043	-668.094	26.5424	5	3	3	3	588.623	351	49.7886	5.26568	0	1.18808	11.0103	43.2194	18.2969	95.4231	1	1	1	0	0	0	0	0
31.07.2015 19:09:28.809000	0.00500011	-0.00428328	0	126.047	-668.094	26.535	5	3	3	3	589.212	351	49.9045	5.26568	0	1.1843	11.0253	43.2054	18.3108	95.3165	1	1	1	0	0	0	0	0
31.07.2015 19:09:28.909000	0.00500011	-0.00428328	0	126.047	-668.094	26.5294	5	3	3	3	487.524	351	50.0294	5.26568	0	1.19458	11.063	43.1667	18.3045	95.1924	1	1	1	0	0	0	0	0
31.07.2015 19:09:29.009000	0.00500011	-0.00428328	0	126.047	-668.094	26.514	5	3	3	3	248.24	351	50.1284	2.65233	0.0195377	1.20144	11.0307	43.2499	18.4825	94.8293	1	1	1	0.77	0	0	0	0
31.07.2015 19:09:29.109000	0.00500011	-0.00428328	0	126.047	-668.094	26.5077	5	3	3	3	167.854	351	50.1766	2.34311	0.496764	1.20144	9.49868	43.7607	18.5783	96.4182	1	1	1	1	0	0	0	0
31.07.2015 19:09:29.209000	0.00500011	-0.00428328	0	126.047	-668.094	26.501	5	3	3	3	300.395	351	50.2408	2.67729	0.830939	1.13387	7.52902	43.932	18.8321	96.1027	1	1	1	1	0	0	0	0
31.07.2015 19:09:29.309000	0.00500011	-0.00428328	0	126.047	-668.094	26.4909	5	3	3	3	389.862	351	50.3074	2.63393	0.787577	0.718788	6.98692	43.9448	19.0359	95.3712	1	1	1	1	0	0	0	0
31.07.2015 19:09:29.409000	0.00500011	-0.00428328	0	126.047	-668.094	26.4768	5	3	3	3	386.729	351	50.3671	2.48195	0.635598	0.718788	6.75862	44.2941	19.2212	95.9992	1	1	1	1	0	0	0	0
31.07.2015 19:09:29.509000	0.00500011	-0.00428328	0	126.047	-668.098	26.4703	5	3	3	3	383.184	351	50.4263	2.38708	0.540734	0.718788	6.65395	44.5868	19.3688	96.5547	1	1	1	1	0	0	0	0
31.07.2015 19:09:29.609000	0.00500011	-0.00428328	0	126.049	-668.094	26.4659	5	3	3	3	365.257	351	50.489	2.37275	0.526405	0.70847	6.661	44.39	19.5066	95.2733	1	1	1	1	0	0	0	0
31.07.2015 19:09:29.709000	0.00500011	-0.00428328	0	126.055	-668.094	26.4632	5	3	3	3	395.557	351	50.5492	2.26474	0.41839	0.615599	6.63905	44.7244	19.6167	96.1326	1	1	1	1	0	0	0	0
31.07.2015 19:09:29.809000	0.00500011	-0.00428328	0	126.047	-668.094	26.4605	5	3	3	3	369.926	351	50.6049	2.14456	0.298214	0.615599	6.64816	44.882	19.7309	96.2988	1	1	1	1	0	0	0	0
31.07.2015 19:09:29.909000	0.00500011	-0.00428328	0	126.055	-668.102	26.4556	5	3	3	3	342.553	351	50.6616	2.15005	0.303699	0.615599	6.66007	44.9942	19.8361	96.3254	1	1	1	1	0	0	0	0
31.07.2015 19:09:30.009000	0.00500011	-0.00428328	0	126.049	-668.099	26.4569	5	3	3	3	403.998	351	50.7163	2.05938	0.213027	0.615599	6.65833	44.8741	19.9221	95.5364	1	1	1	1	0	0	0	0
31.07.2015 19:09:30.109000	0.00500011	-0.00428328	0	126.055	-668.098	26.4556	5	3	3	3	319.261	351	50.77	2.031	0.184655	0.579303	6.66098	45.15	20.0112	96.2513	1	1	1	1	0	0	0	0
31.07.2015 19:09:30.209000	0.00500011	-0.00428328	0	126.049	-668.094	26.4572	5	3	3	3	345.902	351	50.8258	2.13561	0.289264	0.561426	6.69978	45.247	20.0709	96.3946	1	1	1	1	0	0	0	0
31.07.2015 19:09:30.309000	0.00500011	-0.00428328	0	126.051	-668.098	26.4572	5	3	3	3	356.153	351	50.8835	2.10214	0.255794	0.561426	6.71205	45.2367	20.1346	96.1109	1	1	1	1	0	0	0	0
31.07.2015 19:09:30.409000	0.00500011	-0.00428328	0	126.052	-668.099	26.4572	5	3	3	3	373.126	351	50.9407	2.0358	0.189448	0.561426	6.70508	45.3609	20.1924	96.3651	1	1	1	1	0	0	0	0
31.07.2015 19:09:30.509000	0.00500011	-0.00428328	0	126.055	-668.098	26.4562	5	3	3	3	373.253	351	50.9959	2.01436	0.168008	0.560633	6.68022	45.2973	20.2458	95.9171	1	1	1	1	0	0	0	0
31.07.2015 19:09:30.609000	0.00500011	-0.00428328	0	126.052	-668.099	26.458	5	3	3	3	352.006	351	51.0501	1.97695	0.130602	0.557652	6.66717	45.4154	20.2955	96.1793	1	1	1	1	0	0	0	0
31.07.2015 19:09:30.709000	0.00500011	-0.00428328	0	126.047	-668.098	26.4551	5	3	3	3	327.77	351	51.1023	1.95341	0.107058	0.557652	6.68559	45.4142	20.3397	96.005	1	1	1	1	0	0	0	0
31.07.2015 19:09:30.809000	0.00500011	-0.00428328	0	126.055	-668.099	26.4583	5	3	3	3	313.18	351	51.1555	1.96308	0.116734	0.557652	6.70016	45.4203	20.3768	95.8863	1	1	1	1	0	0	0	0
31.07.2015 19:09:30.909000	0.00500011	-0.00428328	0	126.051	-668.094	26.4616	5	3	3	3	313.088	351	51.2113	2.01423	0.167879	0.557652	6.69455	45.4748	20.4104	95.9667	1	1	1	1	0	0	0	0
31.07.2015 19:09:31.009000	0.00500011	-0.00428328	0	126.055	-668.099	26.4587	5	3	3	3	320.917	351	51.267	2.08672	0.240367	0.550379	6.69102	45.5258	20.4315	96.0713	1	1	1	1	0	0	0	0
31.07.2015 19:09:31.109000	0.00500011	-0.00428328	0	126.051	-668.102	26.4556	5	3	3	3	327.794	351	51.3222	2.1607	0.314478	0.546632	6.69659	45.6169	20.4527	96.3553	1	1	1	1	0	0	0	0
31.07.2015 19:09:31.209000	0.00500011	-0.00428328	0	126.055	-668.096	26.4497	5	3	3	3	353.76	351	51.3868	2.2213	0.374968	0.546632	6.71492	45.5688	20.464	96.1109	1	1	1	1	0	0	0	0
31.07.2015 19:09:31.309000	0.00500011	-0.00428328	0	126.055	-668.098	26.4502	5	3	3	3	358.846	351	51.447	2.25625	0.409904	0.546632	6.68689	45.5331	20.4896	95.8772	1	1	1	1	0	0	0	0
31.07.2015 19:09:31.409000	0.00500011	-0.00428328	0	126.055	-668.099	26.4439	5	3	3	3	378.147	351	51.5067	2.27507	0.428725	0.569175	6.64915	45.4997	20.5049	95.7	1	1	1	1	0	0	0	0
31.07.2015 19:09:31.509000	0.00500011	-0.00428328	0	126.055	-668.102	26.4421	5	3	3	3	381.048	351	51.5649	2.25835	0.412002	0.593597	6.67169	45.4742	20.5087	95.5878	1	1	1	1	0	0	0	0
31.07.2015 19:09:31.609000	0.00500011	-0.00428328	0	126.055	-668.102	26.441	5	3	3	3	338.79	351	51.6266	2.21999	0.373646	0.593597	6.67282	45.5892	20.5093	96.0258	1	1	1	1	0	0	0	0
31.07.2015 19:09:31.709000	0.00500011	-0.00428328	0	126.055	-668.102	26.4426	5	3	3	3	356.288	351	51.6918	2.20262	0.356269	0.593597	6.66746	45.57	20.5214	95.9061	1	1	1	1	0	0	0	0
31.07.2015 19:09:31.809000	0.00500011	-0.00428328	0	126.055	-668.102	26.4417	5	3	3	3	269.619	351	51.7515	2.21086	0.364508	0.600008	6.69167	45.5487	20.5409	95.7498	1	1	1	1	0	0	0	0
31.07.2015 19:09:31.909000	0.00500011	-0.00428328	0	126.055	-668.102	26.4464	5	3	3	3	369.658	351	51.8106	2.26686	0.420512	0.609626	6.73899	45.5329	20.5438	95.6783	1	1	1	1	0	0	0	0
31.07.2015 19:09:32.009000	0.00500011	-0.00428328	0	126.055	-668.102	26.4464	5	3	3	3	359.207	351	51.8713	2.29786	0.451512	0.609626	6.70178	45.5382	20.5463	95.6888	1	1	1	1	0	0	0	0
31.07.2015 19:09:32.109000	0.00500011	-0.00428328	0	126.055	-668.102	26.448	5	3	3	3	308.25	351	51.938	2.31754	0.471195	0.609626	6.67508	45.5677	20.5529	95.7767	1	1	1	1	0	0	0	0
31.07.2015 19:09:32.209000	0.00500011	-0.00428328	0	126.055	-668.102	26.4482	5	3	3	3	360.022	351	51.9997	2.36063	0.514279	0.613742	6.70695	45.5884	20.5474	95.8772	1	1	1	1	0	0	0	0
31.07.2015 19:09:32.309000	0.00500011	-0.00428328	0	126.055	-668.102	26.454	5	3	3	3	362.984	351	52.0604	2.39383	0.547479	0.620181	6.69952	45.6085	20.5339	96.0057	1	1	1	1	0	0	0	0
31.07.2015 19:09:32.409000	0.00500011	-0.00428328	0	126.055	-668.102	26.4576	5	3	3	3	300.844	351	52.1215	2.41184	0.565493	0.620181	6.7162	45.4223	20.5335	95.2943	1	1	1	1	0	0	0	0
31.07.2015 19:09:32.509000	0.00500011	-0.00428328	0	126.055	-668.098	26.4594	5	3	3	3	342.587	351	52.1922	2.46336	0.617008	0.620181	6.73069	45.4407	20.5211	95.4119	1	1	1	1	0	0	0	0
31.07.2015 19:09:32.609000	0.00500011	-0.00428328	0	126.055	-668.099	26.4544	5	3	3	3	357.2	351	52.2543	2.5087	0.662354	0.630823	6.70515	45.5782	20.5131	95.969	1	1	1	1	0	0	0	0
31.07.2015 19:09:32.709000	0.00500011	-0.00428328	0	126.055	-668.102	26.4491	5	3	3	3	354.801	351	52.3145	2.52372	0.677372	0.641046	6.64913	45.5067	20.5009	95.7421	1	1	1	1	0	0	0	0
31.07.2015 19:09:32.809000	0.00500011	-0.00428328	0	126.055	-668.102	26.4453	5	3	3	3	342.861	351	52.3872	2.53087	0.684522	0.641046	6.66392	45.3562	20.4967	95.1821	1	1	1	1	0	0	0	0
31.07.2015 19:09:32.909000	0.00500011	-0.00428328	0	126.059	-668.098	26.441	5	3	3	3	315.191	351	52.4513	2.54732	0.700972	0.641046	6.69093	45.5119	20.4937	95.7898	1	1	1	1	0	0	0	0
31.07.2015 19:09:33.009000	0.00500011	-0.00428328	0	126.057	-668.102	26.4431	5	3	3	3	301.188	351	52.512	2.60122	0.754867	0.64799	6.72729	45.4806	20.4914	95.6785	1	1	1	1	0	0	0	0
31.07.2015 19:09:33.109000	0.00500011	-0.00428328	0	126.055	-668.098	26.4437	5	3	3	3	365.509	351	52.5881	2.67741	0.831066	0.65111	6.73358	45.3625	20.4755	95.2873	1	1	1	1	0	0	0	0
31.07.2015 19:09:33.209000	0.00500011	-0.00428328	0	126.063	-668.102	26.4482	5	3	3	3	327.039	351	52.6543	2.72883	0.882481	0.65111	6.6934	45.5163	20.4518	95.9671	1	1	1	1	0	0	0	0
31.07.2015 19:09:33.309000	0.00500011	-0.00428328	0	126.059	-668.102	26.4502	5	3	3	3	351.577	351	52.7254	2.77393	0.927583	0.658036	6.66734	45.4571	20.4316	95.8178	1	1	1	1	0	0	0	0
31.07.2015 19:09:33.409000	0.00500011	-0.00428328	0	126.063	-668.102	26.4525	5	3	3	3	327.39	351	52.7995	2.81105	0.964697	0.700584	6.67153	45.2833	20.414	95.2198	1	1	1	1	0	0	0	0
31.07.2015 19:09:33.509000	0.00500011	-0.00428328	0	126.063	-668.102	26.4524	5	3	3	3	342.977	351	52.8706	2.85369	1.00734	0.700584	6.71472	45.4233	20.3895	95.8496	1	1	1	1	0	0	0	0
31.07.2015 19:09:33.609000	0.00500011	-0.00428328	0	126.063	-668.102	26.4547	5	3	3	3	329.493	351	52.9468	2.89077	1.04442	0.700584	6.73788	45.3516	20.366	95.6647	1	1	1	1	0	0	0	0
31.07.2015 19:09:33.709000	0.00500011	-0.00428328	0	126.063	-668.102	26.4529	5	3	3	3	350.167	351	53.0204	2.93057	1.08422	0.733648	6.76074	45.2792	20.3383	95.4934	1	1	1	1	0	0	0	0
31.07.2015 19:09:33.809000	0.00500011	-0.00428328	0	126.063	-668.102	26.4525	5	3	3	3	341.265	351	53.097	2.96372	1.11737	0.742437	6.74038	45.3075	20.314	95.6949	1	1	1	1	0	0	0	0
31.07.2015 19:09:33.909000	0.00500011	-0.00428328	0	126.066	-668.102	26.4486	5	3	3	3	427.404	351	53.1711	2.98073	1.13438	0.742437	6.73885	45.2508	20.2745	95.6294	1	1	1	1	0	0	0	0
31.07.2015 19:09:34.009000	0.00500011	-0.00428328	0	126.068	-668.102	26.4497	5	3	3	3	400.22	351	53.2487	2.92269	1.07634	0.749207	6.64447	45.2217	20.2665	95.5486	1	1	1	1	0	0	0	0
31.07.2015 19:09:34.109000	0.00500011	-0.00428328	0	126.07	-668.102	26.4486	5	3	3	3	320.855	351	53.3218	2.84521	0.998865	0.755977	6.64025	45.1859	20.2645	95.4193	1	1	1	1	0	0	0	0
31.07.2015 19:09:34.209000	0.00500011	-0.00428328	0	126.07	-668.099	26.4493	5	3	3	3	299.445	351	53.3969	2.82998	0.98363	0.755977	6.71231	45.141	20.2559	95.2801	1	1	1	1	0	0	0	0
31.07.2015 19:09:34.309000	0.00500011	-0.00428328	0	126.07	-668.102	26.4469	5	3	3	3	283.368	351	53.4675	2.86676	1.02041	0.753531	6.7486	45.2655	20.2539	95.7648	1	1	1	1	0	0	0	0
31.07.2015 19:09:34.409000	0.00500011	-0.00428328	0	126.07	-668.102	26.4464	5	3	3	3	309.92	351	53.5442	2.95498	1.10864	0.731518	6.77163	45.1433	20.2398	95.3506	1	1	1	1	0	0	0	0
31.07.2015 19:09:34.509000	0.00500011	-0.00428328	0	126.07	-668.098	26.4491	5	3	3	3	377.005	351	53.6193	3.0474	1.20105	0.731518	6.7441	45.2102	20.2264	95.6577	1	1	1	1	0	0	0	0
31.07.2015 19:09:34.609000	0.00500011	-0.00428328	0	126.07	-668.099	26.45	5	3	3	3	339.232	351	53.6974	3.09177	1.24543	0.731518	6.69954	45.1363	20.2256	95.378	1	1	1	1	0	0	0	0
31.07.2015 19:09:34.709000	0.00500011	-0.00428328	0	126.07	-668.102	26.4551	5	3	3	3	285.626	351	53.7764	3.13971	1.29336	0.765017	6.70947	45.1227	20.2009	95.4205	1	1	1	1	0	0	0	0
31.07.2015 19:09:34.809000	0.00500011	-0.00428328	0	126.07	-668.102	26.4562	5	3	3	3	356.912	351	53.8526	3.22278	1.37644	0.770022	6.72185	45.177	20.1625	95.7757	1	1	1	1	0	0	0	0
31.07.2015 19:09:34.909000	0.00500011	-0.00428328	0	126.07	-668.098	26.4627	5	3	3	3	352.216	351	53.9391	3.28238	1.43603	0.770022	6.7176	44.9906	20.1266	95.1994	1	1	1	1	0	0	0	0
31.07.2015 19:09:35.009000	0.00500011	-0.00428328	0	126.07	-668.099	26.4609	5	3	3	3	412.367	351	54.0202	3.30416	1.45781	0.804664	6.71236	45.0272	20.086	95.4948	1	1	1	1	0	0	0	0
31.07.2015 19:09:35.109000	0.00500011	-0.00428328	0	126.07	-668.098	26.4627	5	3	3	3	360.101	351	54.0978	3.2649	1.41855	0.81279	6.64744	44.8839	20.0715	95.0017	1	1	1	1	0	0	0	0
31.07.2015 19:09:35.209000	0.00500011	-0.00428328	0	126.07	-668.102	26.4598	5	3	3	3	370.372	351	54.1833	3.22751	1.38116	0.81279	6.69977	44.9516	20.0549	95.3245	1	1	1	1	0	0	0	0
31.07.2015 19:09:35.309000	0.00500011	-0.00428328	0	126.07	-668.102	26.4572	5	3	3	3	318.642	351	54.2579	3.20456	1.35821	0.807126	6.69865	44.921	20.0434	95.2515	1	1	1	1	0	0	0	0
31.07.2015 19:09:35.409000	0.00500011	-0.00428328	0	126.073	-668.099	26.4587	5	3	3	3	342.569	351	54.342	3.20639	1.36004	0.804924	6.71765	44.8677	20.0475	95.0314	1	1	1	1	0	0	0	0
31.07.2015 19:09:35.509000	0.00500011	-0.00428328	0	126.074	-668.094	26.46	5	3	3	3	298.317	351	54.4231	3.22759	1.38124	0.804924	6.73764	44.9406	20.0535	95.2875	1	1	1	1	0	0	0	0
31.07.2015 19:09:35.609000	0.00500011	-0.00428328	0	126.078	-668.102	26.4572	5	3	3	3	298.198	351	54.4982	3.28909	1.44274	0.803327	6.75724	44.7898	20.0402	94.7613	1	1	1	1	0	0	0	0
31.07.2015 19:09:35.709000	0.00500011	-0.00428328	0	126.078	-668.102	26.4513	5	3	3	3	374.562	351	54.5862	3.36219	1.51584	0.802348	6.73754	44.9639	20.0165	95.5184	1	1	1	1	0	0	0	0
31.07.2015 19:09:35.809000	0.00500011	-0.00428328	0	126.078	-668.102	26.4493	5	3	3	3	331.682	351	54.6678	3.40963	1.56328	0.802348	6.711	44.8255	19.9958	95.0676	1	1	1	1	0	0	0	0
31.07.2015 19:09:35.909000	0.00500011	-0.00428328	0	126.078	-668.098	26.4437	5	3	3	3	342.934	351	54.7494	3.45387	1.60752	0.818875	6.69223	44.8362	19.964	95.2308	1	1	1	1	0	0	0	0
31.07.2015 19:09:36.009000	0.00500011	-0.00428328	0	126.078	-668.102	26.4417	5	3	3	3	349.986	351	54.8394	3.49498	1.64863	0.829004	6.71305	44.7744	19.9376	95.095	1	1	1	1	0	0	0	0
31.07.2015 19:09:36.109000	0.00500011	-0.00428328	0	126.078	-668.098	26.4431	5	3	3	3	357.352	351	54.925	3.52565	1.6793	0.829004	6.71122	44.7723	19.9051	95.2114	1	1	1	1	0	0	0	0
31.07.2015 19:09:36.209000	0.00500011	-0.00428328	0	126.078	-668.099	26.4406	5	3	3	3	317.465	351	55.0115	3.53611	1.68976	0.857206	6.66795	44.7238	19.8839	95.1071	1	1	1	1	0	0	0	0
31.07.2015 19:09:36.309000	0.00500011	-0.00428328	0	126.078	-668.102	26.4448	5	3	3	3	368.807	351	55.0936	3.56251	1.71616	0.866607	6.68311	44.7135	19.8481	95.2046	1	1	1	1	0	0	0	0
31.07.2015 19:09:36.409000	0.00500011	-0.00428328	0	126.078	-668.099	26.4421	5	3	3	3	307.814	351	55.1851	3.57838	1.73203	0.866607	6.64564	44.6969	19.8381	95.1793	1	1	1	1	0	0	0	0
31.07.2015 19:09:36.509000	0.00500011	-0.00428328	0	126.082	-668.098	26.4437	5	3	3	3	301.09	351	55.2712	3.63971	1.79336	0.863958	6.72982	44.6362	19.809	95.0585	1	1	1	1	0	0	0	0
31.07.2015 19:09:36.609000	0.00500011	-0.00428328	0	126.078	-668.102	26.4439	5	3	3	3	341.76	351	55.3587	3.71785	1.8715	0.863563	6.71987	44.6356	19.7731	95.1936	1	1	1	1	0	0	0	0
31.07.2015 19:09:36.709000	0.00500011	-0.00428328	0	126.086	-668.102	26.4404	5	3	3	3	325.737	351	55.4488	3.78532	1.93897	0.8658	6.74816	44.5673	19.7276	95.1062	1	1	1	1	0	0	0	0
31.07.2015 19:09:36.809000	0.00500011	-0.00428328	0	126.083	-668.094	26.4464	5	3	3	3	377.961	351	55.5398	3.83891	1.99256	0.891524	6.71108	44.5346	19.6982	95.0938	1	1	1	1	0	0	0	0
31.07.2015 19:09:36.909000	0.00500011	-0.00428328	0	126.086	-668.102	26.4459	5	3	3	3	331.091	351	55.6348	3.86454	2.01819	0.891524	6.70606	44.6243	19.6691	95.5483	1	1	1	1	0	0	0	0
31.07.2015 19:09:37.009000	0.00500011	-0.00428328	0	126.086	-668.102	26.4518	5	3	3	3	343.915	351	55.7283	3.89212	2.04577	0.907924	6.72714	44.3388	19.6265	94.6185	1	1	1	1	0	0	0	0
31.07.2015 19:09:37.109000	0.00500011	-0.00428328	0	126.086	-668.102	26.4534	5	3	3	3	323.879	351	55.8238	3.92856	2.08221	0.931524	6.74021	44.324	19.5842	94.7239	1	1	1	1	0	0	0	0
31.07.2015 19:09:37.209000	0.00500011	-0.00428328	0	126.086	-668.096	26.4558	5	3	3	3	404.379	351	55.9178	3.96924	2.12289	0.931524	6.71471	44.3425	19.5442	94.948	1	1	1	1	0	0	0	0
31.07.2015 19:09:37.309000	0.00500011	-0.00428328	0	126.094	-668.098	26.4572	5	3	3	3	388.251	351	56.0143	3.93687	2.09052	0.948659	6.65447	44.2761	19.5202	94.7851	1	1	1	1	0	0	0	0
31.07.2015 19:09:37.409000	0.00500011	-0.00428328	0	126.089	-668.096	26.4609	5	3	3	3	340.571	351	56.1074	3.88856	2.04221	0.952943	6.70591	44.306	19.5033	94.9643	1	1	1	1	0	0	0	0
31.07.2015 19:09:37.509000	0.00500011	-0.00428328	0	126.086	-668.098	26.4627	5	3	3	3	345.326	351	56.2019	3.86548	2.01913	0.951697	6.72441	44.2695	19.4927	94.8657	1	1	1	1	0	0	0	0
31.07.2015 19:09:37.609000	0.00500011	-0.00428328	0	126.089	-668.099	26.4656	5	3	3	3	321.386	351	56.2929	3.85925	2.0129	0.945616	6.72484	44.2988	19.4807	95.0235	1	1	1	1	0	0	0	0
31.07.2015 19:09:37.709000	0.00500011	-0.00428328	0	126.09	-668.094	26.4665	5	3	3	3	301.011	351	56.3869	3.89023	2.04388	0.945616	6.74096	44.2603	19.4748	94.8989	1	1	1	1	0	0	0	0
31.07.2015 19:09:37.809000	0.00500011	-0.00428328	0	126.094	-668.099	26.4667	5	3	3	3	333.708	351	56.4819	3.94309	2.09674	0.938544	6.74193	44.2333	19.4571	94.8631	1	1	1	1	0	0	0	0
31.07.2015 19:09:37.909000	0.00500011	-0.00428328	0	126.094	-668.098	26.4659	5	3	3	3	363.324	351.15	56.5784	4.06793	2.22159	0.931472	6.75469	44.2653	19.4362	95.0658	1	1	1	1	0.97	0	0	0
31.07.2015 19:09:38.009000	0.00500011	-0.00428328	0	126.094	-668.102	26.4605	5	3	3	3	332.918	352.095	56.6774	4.18276	2.33641	0.931472	6.72543	44.1956	19.3918	94.9688	1	1	1	1	1	0	0	0
31.07.2015 19:09:38.109000	0.00500011	-0.00428328	0	126.094	-668.102	26.4605	5	3	3	3	349.841	354.011	56.7799	4.34807	2.50172	0.981521	6.75155	44.1456	19.3427	94.9655	1	1	1	1	1	0	0	0
31.07.2015 19:09:38.209000	0.00500011	-0.00428328	0	126.094	-668.099	26.4572	5	3	3	3	409.435	356.897	56.8858	4.48232	2.63597	0.983068	6.75213	44.0703	19.2694	94.9578	1	1	1	1	1	0	0	0
31.07.2015 19:09:38.309000	0.00500011	-0.00428328	0	126.094	-668.098	26.4567	5	3	3	3	330.752	360.753	56.9942	4.43998	2.59363	1.03343	6.71939	44.0078	19.2211	94.9031	1	1	1	1	1	0	0	0
31.07.2015 19:09:38.409000	0.00500011	-0.00428328	0	126.094	-668.099	26.4572	5	3	3	3	325.917	365.578	57.0992	4.52858	2.68223	1.06302	6.75349	43.929	19.1612	94.8307	1	1	1	1	1	0	0	0
31.07.2015 19:09:38.509000	0.00500011	-0.00428328	0	126.094	-668.098	26.4589	5	3	3	3	376.925	371.374	57.2096	4.74022	2.89387	1.07278	6.75208	43.8865	19.101	94.8987	1	1	1	1	1	0	0	0
31.07.2015 19:09:38.609000	0.00500011	-0.00428328	0	126.094	-668.099	26.4601	5	3	3	3	445.288	378.14	57.3216	4.90577	3.05942	1.09091	6.75841	43.8473	19.0222	95.0503	1	1	1	1	1	0	0	0
31.07.2015 19:09:38.709000	0.00500011	-0.00428328	0	126.094	-668.102	26.461	5	3	3	3	364.153	385.876	57.4419	4.91496	3.06861	1.10086	6.72178	43.6025	18.9521	94.3815	1	1	1	1	1	0	0	0
31.07.2015 19:09:38.809000	0.00500011	-0.00428328	0	126.094	-668.099	26.4627	5	3	3	3	343.787	394.582	57.5553	5.01114	3.16479	1.14616	6.73363	43.5872	18.8816	94.593	1	1	1	1	1	0	0	0
31.07.2015 19:09:38.909000	0.00500011	-0.00428328	0	126.094	-668.102	26.4632	5	3	3	3	406.728	404.258	57.6772	5.28925	3.4429	1.15113	6.76738	43.5503	18.7898	94.8033	1	1	1	1	1	0	0	0
31.07.2015 19:09:39.009000	0.00500011	-0.00428328	0	126.094	-668.096	26.4663	5	3	3	3	395.938	414.903	57.8031	5.58312	3.73677	1.19586	6.74622	43.4042	18.6816	94.6577	1	1	1	1	1	0	0	0
31.07.2015 19:09:39.109000	0.00500011	-0.00428328	0	126.094	-668.102	26.4616	5	3	3	3	464.177	426.519	57.9359	5.92282	4.07647	1.22383	6.7275	43.2196	18.5291	94.535	1	1	1	1	1	0	0	0
31.07.2015 19:09:39.209000	0.00500011	-0.00428328	0	126.094	-668.099	26.4616	5	3	3	3	512.937	439.105	58.0741	6.09191	4.24556	1.32303	6.69678	43.1249	18.3621	94.8117	1	1	1	1	1	0	0	0
31.07.2015 19:09:39.309000	0.00500011	-0.00428328	0	126.098	-668.094	26.4605	5	3	3	3	436.238	452.661	58.2134	6.09529	4.24894	1.35573	6.65556	42.9355	18.2413	94.5493	1	1	1	1	1	0	0	0
31.07.2015 19:09:39.409000	0.00500011	-0.00428328	0	126.099	-668.096	26.4605	5	3	3	3	437.569	467.187	58.3547	6.28431	4.43796	1.39735	6.67772	42.8548	18.1248	94.6862	1	1	1	1	1	0	0	0
31.07.2015 19:09:39.509000	0.00500011	-0.00428328	0	126.102	-668.102	26.4589	5	3	3	3	437.229	482.683	58.5034	6.63663	4.79028	1.41985	6.69151	42.6889	17.986	94.5822	1	1	1	1	1	0	0	0
31.07.2015 19:09:39.609000	0.00500011	-0.00428328	0	126.102	-668.096	26.4594	5	3	3	3	429.394	499.15	58.6621	7.14827	5.30192	1.4496	6.70007	42.3964	17.8105	94.1345	1	1	1	1	1	0	0	0
31.07.2015 19:09:39.709000	0.00500011	-0.00428328	0	126.102	-668.102	26.4594	5	3	3	3	519.486	516.586	58.8307	7.82177	5.97542	1.58414	6.75083	42.1813	17.533	94.3736	1	1	1	1	1	0	0	0
31.07.2015 19:09:39.809000	0.00500011	-0.00428328	0	126.102	-668.099	26.4612	5	3	3	3	561.996	534.992	59.0197	8.4258	6.57945	1.76003	6.69172	41.8362	17.2015	94.3212	1	1	1	1	1	0	0	0
31.07.2015 19:09:39.909000	0.00500011	-0.00428328	0	126.102	-668.098	26.461	5	3	3	3	579.014	554.369	59.2172	8.88051	7.03416	1.89474	6.60116	41.4415	16.8689	94.0835	1	1	1	1	1	0	0	0
31.07.2015 19:09:40.009000	0.00500011	-0.00428328	0	126.109	-668.096	26.4612	5	3	3	3	467.517	574.716	59.4226	9.33476	7.48842	1.99205	6.58724	41.1911	16.5847	94.2128	1	1	1	1	1	0	0	0
31.07.2015 19:09:40.109000	0.00500011	-0.00428328	0	126.105	-668.094	26.4627	5	3	3	3	610.046	596.032	59.638	10.0857	8.23939	2.06304	6.66476	40.8264	16.2407	94.1338	1	1	1	1	1	0	0	0
31.07.2015 19:09:40.209000	0.00500011	-0.00428328	0	126.107	-668.099	26.4648	5	3	3	3	559.458	618.318	59.8718	10.8093	8.96294	2.22679	6.58573	40.4727	15.94	93.9307	1	1	1	1	1	0	0	0
31.07.2015 19:09:40.309000	0.00500011	-0.00428328	0	126.109	-668.094	26.4676	5	3	3	3	604.86	641.576	60.121	11.5989	9.75253	2.43723	6.56607	40.1679	15.612	94.0195	1	1	1	1	1	0	0	0
31.07.2015 19:09:40.409000	0.00500011	-0.00428328	0	126.109	-668.096	26.4695	5	3	3	3	585.2	665.803	60.3861	12.4526	10.6062	2.58834	6.57708	39.7336	15.3098	93.514	1	1	1	1	1	0	0	0
31.07.2015 19:09:40.509000	0.00500011	-0.00428328	0	126.109	-668.094	26.4697	5	3	3	3	616.673	690.999	60.6717	13.5108	11.6644	2.76751	6.63597	39.4963	14.9869	93.8414	1	1	1	1	1	0	0	0
31.07.2015 19:09:40.609000	0.00500011	-0.00428328	0	126.109	-668.099	26.4688	5	3	3	3	710.842	717.167	60.9796	14.6304	12.784	3.0071	6.60939	39.1516	14.691	93.6547	1	1	1	1	1	0	0	0
31.07.2015 19:09:40.709000	0.00500011	-0.00428328	0	126.109	-668.098	26.4654	5	3	3	3	723.914	744.304	61.3089	15.6038	13.7574	3.26965	6.53628	38.8529	14.4105	93.585	1	1	1	1	1	0	0	0
31.07.2015 19:09:40.809000	0.00500011	-0.00428328	0	126.109	-668.096	26.4616	5	3	3	3	698.669	772.41	61.6551	16.5854	14.739	3.4016	6.54885	38.5825	14.1926	93.3841	1	1	1	1	1	0	0	0
31.07.2015 19:09:40.909000	0.00500011	-0.00428328	0	126.109	-668.098	26.4621	5	3	3	3	789.383	801.486	62.0197	17.648	15.8016	3.62661	6.5634	38.3923	14.0098	93.3558	1	1	1	1	1	0	0	0
31.07.2015 19:09:41.009000	0.00500011	-0.00428328	0	126.112	-668.096	26.4601	5	3	3	3	868.163	402.37	62.4843	18.4803	1.8002	9.30732	6.49197	45.8316	14.0215	121.795	1	1	1	1	1	0.89	0	0.89
31.07.2015 19:09:41.109000	0.00500011	-0.00428328	0	126.109	-668.102	26.4659	5	3	3	3	2065.51	351	65.8533	18.5135	0	85.3395	6.05595	107.343	11.4372	367.206	1	1	1	1	1	1	0.76	1
31.07.2015 19:09:41.209000	0.00500011	-0.00428328	0	126.146	-668.107	26.2464	5	3	3	3	52.1277	351	66.1587	18.5135	0	82.8203	4.45935	108.149	0.71102	411.359	1	1	1	1	1	1	1	1
31.07.2015 19:09:41.309000	0.00500011	-0.00428328	0	126.078	-668.117	24.1222	5	3	3	3	3.76174	351	66.1567	13.1446	0	82.8203	2.77065	121.647	0.699728	463.083	1	1	1	1	1	1	1	0.71
31.07.2015 19:09:41.409000	0.00500011	-0.00428328	0	126.018	-668.115	20.0242	5	3	3	3	0.677359	351	66.1567	0	0	82.8203	1.89408	126.366	0.593219	481.56	1	1	1	1	1	1	1	0
31.07.2015 19:09:41.509000	0.00500011	-0.00428328	0	126.031	-668.125	15.7633	5	3	3	3	0.400233	351	66.1567	0	0	82.8203	1.44073	126.899	0.607135	483.545	1	1	1	1	1	1	1	0
31.07.2015 19:09:41.609000	0.00500011	-0.00428328	0	126.026	-668.117	12.6338	5	3	3	3	0.397934	351	66.1567	0	0	82.8203	1.16074	126.125	0.601398	480.605	1	1	1	1	1	1	1	0
31.07.2015 19:09:41.709000	0.00500011	-0.00428328	0	126.008	-668.109	10.74	5	3	3	3	0.400676	351	66.201	0	0	82.8203	0.899826	126.088	0.592801	480.423	1	1	1	1	1	1	1	0
31.07.2015 19:09:41.809000	0.00500011	-0.00428328	0	125.966	-668.117	8.56481	5	3	3	3	0.401988	351	66.2064	0	0	82.8203	0.779319	126.171	0.590472	480.835	1	1	1	1	1	1	1	0
31.07.2015 19:09:41.909000	0.00500011	-0.00428328	0	125.957	-668.113	6.97428	5	3	3	3	0.402406	351	66.2064	0	0	82.8203	0.683652	126.288	0.587848	481.279	1	1	1	1	1	1	1	0
31.07.2015 19:09:42.009000	0.00500011	-0.00428328	0	125.966	-668.117	5.99103	5	3	3	3	0.400693	351	66.2064	0	0	82.8203	0.603675	126.42	0.592059	481.769	1	1	1	1	1	1	1	0
31.07.2015 19:09:42.109000	0.00500011	-0.00428328	0	125.969	-668.117	5.25174	5	3	3	3	0.26983	351	66.2064	0	0	23.1897	0.536545	126.543	0.596332	482.224	1	1	1	1	1	1	1	0
31.07.2015 19:09:42.209000	0.00500011	-0.00428328	0	125.969	-668.115	4.43757	5	3	3	3	0.249125	351	66.2064	0	0	0	0.49456	126.666	0.594989	482.7	1	1	1	1	1	1	1	0
31.07.2015 19:09:42.309000	0.00500011	-0.00428328	0	125.969	-668.117	3.8189	5	3	3	3	0.269677	351	66.2064	0	0	0	0.458912	126.793	0.59505	483.188	1	1	1	1	1	1	1	0
31.07.2015 19:09:42.409000	0.00500011	-0.00428328	0	125.971	-668.115	3.41435	5	3	3	3	0.243732	351	66.2064	0	0	0	0.421238	126.914	0.593524	483.655	1	1	1	1	1	1	1	0
31.07.2015 19:09:42.509000	0.00500011	-0.00428328	0	125.973	-668.109	3.14236	5	3	3	3	0.267736	351	66.2064	0	0	0	0.394907	127.02	0.596759	484.049	1	1	1	1	1	1	1	0
31.07.2015 19:09:42.609000	0.00500011	-0.00428328	0	125.974	-668.109	2.19293	5	3	3	3	0.261643	351	66.2064	0	0	0	0.374884	127.108	0.597736	484.382	1	1	1	1	1	1	1	0
31.07.2015 19:09:42.709000	0.00500011	-0.00428328	0	125.977	-668.109	0.625	5	3	3	3	0.271711	351	66.2064	0	0	0	0.356771	127.203	0.594928	484.757	1	1	1	1	1	1	1	0
31.07.2015 19:09:42.809000	0.00500011	-0.00428328	0	125.977	-668.109	0.162037	5	3	3	3	0.276121	351	66.2064	0	0	0	0.337095	127.292	0.593402	485.105	1	1	1	1	1	1	1	0
31.07.2015 19:09:42.909000	0.00500011	-0.00428328	0	125.977	-668.109	0.141602	5	3	3	3	0.254093	351	66.2064	0	0	0	0.322049	127.369	0.596271	485.387	1	1	1	1	1	1	1	0
31.07.2015 19:09:43.009000	0.00500011	-0.00428328	0	125.977	-668.109	0.117549	5	3	3	3	0.272561	351	66.2064	0	0	0	0.311285	127.442	0.594928	485.673	1	1	1	1	1	1	1	0
31.07.2015 19:09:43.109000	0.00500011	-0.00428328	0	125.977	-668.109	0.102539	5	3	3	3	0.258354	351	66.2064	0	0	0	0.299016	127.503	0.594867	485.906	1	1	1	1	1	1	1	0
31.07.2015 19:09:43.209000	0.00500011	-0.00428328	0	125.977	-668.109	0.0893374	5	3	3	3	0.237165	351	66.2064	0	0	0	0.28805	127.56	0.595111	486.123	1	1	1	1	1	1	1	0
31.07.2015 19:09:43.309000	0.00500011	-0.00428328	0	125.977	-668.109	0.0764974	5	3	3	3	0.248623	351	66.2064	0	0	0	0.278385	127.639	0.602191	486.398	1	1	1	1	1	1	1	0
31.07.2015 19:09:43.409000	0.00500011	-0.00428328	0	125.977	-668.109	0.0636574	5	3	3	3	0.257173	351	66.2064	0	0	0	0.272541	127.728	0.619709	486.672	1	1	1	1	1	1	1	0
31.07.2015 19:09:43.509000	0.00500011	-0.00428328	0	125.973	-668.078	0.0553385	5	3	3	3	0.283849	351	66.2064	0	0	0	0.263686	127.729	0.614582	486.694	1	1	1	1	1	1	1	0
31.07.2015 19:09:43.609000	0.00500011	-0.00428328	0	125.977	-667.013	0.0441262	5	3	3	3	0.298167	351	66.2064	0	0	0	0.258941	128.195	0.606647	488.512	1	1	1	1	1	1	1	0
31.07.2015 19:09:43.709000	0.00500011	-0.00428328	0	125.984	-660.645	0.0347222	5	3	3	3	0.263852	351	66.2064	0	0	0	0.25298	127.764	0.600482	486.883	1	1	1	1	1	1	1	0
31.07.2015 19:09:43.809000	0.00500011	-0.00428328	0	125.984	-641.773	0.0292969	5	3	3	3	0.251116	351	66.2064	0	0	0	0.249826	127.899	0.602435	487.393	1	1	1	1	1	1	1	0
31.07.2015 19:09:43.909000	0.00500011	-0.00428328	0	125.984	-619.668	0.0238715	5	3	3	3	0.245427	351	66.2064	0	0	0	0.243866	127.889	0.601764	487.359	1	1	1	1	1	1	1	0
31.07.2015 19:09:44.009000	0.00500011	-0.00428328	0	125.987	-583.938	0.0180845	5	3	3	3	0.251629	351	66.2064	0	0	0	0.239612	127.919	0.602008	487.47	1	1	1	1	1	1	1	0
31.07.2015 19:09:44.109000	0.00500011	-0.00428328	0	125.984	-553.238	0.0124783	5	3	3	3	0.280183	351	66.2064	0	0	0	0.236834	127.924	0.597308	487.507	1	1	1	1	1	1	1	0
31.07.2015 19:09:44.209000	0.00500011	-0.00428328	0	125.987	-519.24	0.0101273	5	3	3	3	0.301765	351	66.2064	0	0	0	0.232841	127.967	0.601459	487.657	1	1	1	1	1	1	1	0
31.07.2015 19:09:44.309000	0.00500011	-0.00428328	0	125.984	-472.648	0.00759549	5	3	3	3	0.27813	351	66.2064	0	0	0	0.230237	127.908	0.598285	487.442	1	1	1	1	1	1	1	0
31.07.2015 19:09:44.409000	0.00500011	-0.00428328	0	125.984	-423.232	0.00470197	5	3	3	3	0.272393	351	66.2064	0	0	0	0.225579	127.855	0.598529	487.241	1	1	1	1	1	1	1	0
31.07.2015 19:09:44.509000	0.00500011	-0.00428328	0	125.984	-381.488	0.00325521	5	3	3	3	0.280026	351	66.2064	0	0	0	0.225521	127.965	0.598834	487.66	1	1	1	1	1	1	1	0
31.07.2015 19:09:44.609000	0.00500011	-0.00428328	0	125.984	-338.919	0.00180845	5	3	3	3	0.252618	351	66.2064	0	0	0	0.221644	127.841	0.601703	487.176	1	1	1	1	1	1	1	0
31.07.2015 19:09:44.709000	0.00500011	-0.00428328	0	125.984	-289.023	0.00325521	5	3	3	3	0.261373	351	66.2064	0	0	0	0.220023	127.837	0.603046	487.153	1	1	1	1	1	1	1	0
31.07.2015 19:09:44.809000	0.00500011	-0.00428328	0	125.984	-239.292	0.00289352	5	3	3	3	0.266612	351	66.2064	0	0	0	0.215856	127.814	0.603412	487.063	1	1	1	1	1	1	1	0
31.07.2015 19:09:44.909000	0.00500011	-0.00428328	0	125.988	-198.395	0.00108507	5	3	3	3	0.278845	351	66.2064	0	0	0	0.215972	127.792	0.603534	486.979	1	1	1	1	1	1	1	0
31.07.2015 19:09:45.009000	0.00500011	-0.00428328	0	125.987	-156.891	0.0036169	5	3	3	3	0.28851	351	66.2064	0	0	0	0.212703	127.757	0.604816	486.839	1	1	1	1	1	1	1	0
31.07.2015 19:09:45.109000	0.00500011	-0.00428328	0	125.988	-99.5625	0.000542535	5	3	3	3	0.280663	351	66.2064	0	0	0	0.210388	127.797	0.605426	486.991	1	1	1	1	1	1	1	0
31.07.2015 19:09:45.209000	0.00500011	-0.00428328	0	125.987	-58.7682	0.00217014	5	3	3	3	0.265503	351	66.2064	0	0	0	0.208767	127.705	0.606159	486.634	1	1	1	1	1	1	1	0
31.07.2015 19:09:45.309000	0.00500011	-0.00428328	0	125.992	-17.8867	0.00325521	5	3	3	3	0.261447	351	66.2064	0	0	0	0.207841	127.699	0.604083	486.619	1	1	1	1	1	1	1	0
31.07.2015 19:09:45.409000	0.00500011	-0.00428328	0	125.992	28.1042	0.00325521	5	3	3	3	0.293885	351	66.2064	0	0	0	0.207118	127.645	0.603595	486.415	1	1	1	1	1	1	1	0
31.07.2015 19:09:45.509000	0.00500011	-0.00428328	0	125.992	79.4219	0.00325521	5	3	3	3	0.280608	351	66.2064	0	0	0	0.202488	127.485	0.606769	485.792	1	1	1	1	1	1	1	0
31.07.2015 19:09:45.609000	0.00500011	-0.00428328	0	125.992	120.383	0.00325521	5	3	3	3	0.248847	351	66.2064	0	0	0	0.204514	127.543	0.605121	486.02	1	1	1	1	1	1	1	0
31.07.2015 19:09:45.709000	0.00500011	-0.00428328	0	125.992	160.871	0.00271267	5	3	3	3	0.272723	351	66.2064	0	0	0	0.201331	127.533	0.621113	485.918	1	1	1	1	1	1	1	0
31.07.2015 19:09:45.809000	0.00500011	-0.00428328	0	125.992	211.943	0.00325521	5	3	3	3	0.290522	351	66.2064	0	0	0	0.201244	128.094	0.62215	488.063	1	1	1	1	1	1	1	0
31.07.2015 19:09:45.909000	0.00500011	-0.00428328	0	125.992	257.926	0.00325521	5	3	3	3	0.303753	351	66.2064	0	0	0	0.19783	127.525	0.618671	485.901	1	1	1	1	1	1	1	0
31.07.2015 19:09:46.009000	0.00500011	-0.00428328	0	125.992	298.271	0.00289352	5	3	3	3	0.292443	351	66.2064	0	0	0	0.19974	127.504	0.611225	485.846	1	1	1	1	1	1	1	0
31.07.2015 19:09:46.109000	0.00500011	-0.00428328	0	125.992	338.602	0.00325521	5	3	3	3	0.280398	351	66.2064	0	0	0	0.198061	127.449	0.607746	485.65	1	1	1	1	1	1	1	0
31.07.2015 19:09:46.209000	0.00500011	-0.00428328	0	125.992	395.073	0.00253183	5	3	3	3	0.260668	351	66.2064	0	0	0	0.194792	127.449	0.608966	485.646	1	1	1	1	1	1	1	0
31.07.2015 19:09:46.309000	0.00500011	-0.00428328	0	125.992	435.367	0.000542535	5	3	3	3	0.266183	351	66.2064	0	0	0	0.196644	127.561	0.604327	486.092	1	1	1	1	1	1	1	0
31.07.2015 19:09:46.409000	0.00500011	-0.00428328	0	125.997	475.758	0.00108507	5	3	3	3	0.282207	351	66.2064	0	0	0	0.19375	127.115	0.607135	484.374	1	1	1	1	1	1	1	0
31.07.2015 19:09:46.509000	0.00500011	-0.00428328	0	125.992	524.262	0.00108507	5	3	3	3	0.262546	351	66.2064	0	0	0	0.196007	127.38	0.601764	485.407	1	1	1	1	1	1	1	0
31.07.2015 19:09:46.609000	0.00500011	-0.00428328	0	125.995	570.198	0.00108507	5	3	3	3	0.298097	351	66.2064	0	0	0	0.190509	127.27	0.604205	484.978	1	1	1	1	1	1	1	0
31.07.2015 19:09:46.709000	0.00500011	-0.00428328	0	125.992	601.785	0.00108507	5	3	3	3	0.268434	351	66.2064	0	0	0	0.194387	127.245	0.604694	484.88	1	1	1	1	1	1	1	0
31.07.2015 19:09:46.809000	0.00500011	-0.00428328	0	125.992	628.268	0.00072338	5	3	3	3	0.253008	351	66.2064	0	0	0	0.19048	127.219	0.606647	484.775	1	1	1	1	1	1	1	0
31.07.2015 19:09:46.909000	0.00500011	-0.00428328	0	125.996	652.898	0.000542535	5	3	3	3	0.270765	351	66.2064	0	0	0	0.191985	127.193	0.605731	484.676	1	1	1	1	1	1	1	0
31.07.2015 19:09:47.009000	0.00500011	-0.00428328	0	126	669.406	0.00072338	5	3	3	3	0.280384	351	66.2064	0	0	0	0.188455	127.17	0.607074	484.584	1	1	1	1	1	1	1	0
31.07.2015 19:09:47.109000	0.00500011	-0.00428328	0	126	674.906	0.00325521	5	3	3	3	0.287502	351	66.2064	0	0	0	0.190654	127.142	0.608539	484.47	1	1	1	1	1	1	1	0
31.07.2015 19:09:47.209000	0.00500011	-0.00428328	0	126	676.375	0.00325521	5	3	3	3	0.263378	351	66.2064	0	0	0	0.189728	127.12	0.611164	484.378	1	1	1	1	1	1	1	0
31.07.2015 19:09:47.309000	0.00500011	-0.00428328	0	126	676.781	0.00108507	5	3	3	3	0.289384	351	66.2064	0	0	0	0.186834	127.093	0.612262	484.268	1	1	1	1	1	1	1	0
31.07.2015 19:09:47.409000	0.00500011	-0.00428328	0	125.997	676.797	0.00108507	5	3	3	3	0.281816	351	66.2064	0	0	0	0.189062	127.069	0.613483	484.172	1	1	1	1	1	1	1	0
31.07.2015 19:09:47.509000	0.00500011	-0.00428328	0	126	676.797	0.00108507	5	3	3	3	0.285188	351	66.2064	0	0	0	0.187616	127.203	0.611713	484.691	1	1	1	1	1	1	1	0
31.07.2015 19:09:47.609000	0.00500011	-0.00428328	0	125.982	676.789	0.00108507	5	3	3	3	0.270771	351	66.2064	0	0	0	0.18912	127.036	0.613422	484.046	1	1	1	1	1	1	1	0
31.07.2015 19:09:47.709000	0.00500011	-0.00428328	0	125.91	676.824	0.000542535	5	3	3	3	0.2793	351	66.2064	0	0	0	0.183507	126.985	0.611225	483.858	1	1	1	1	1	1	1	0
31.07.2015 19:09:47.809000	0.00500011	-0.00428328	0	125.901	676.828	0.00036169	5	3	3	3	0.27916	351	66.2064	0	0	0	0.188339	126.979	0.610004	483.843	1	1	1	1	1	1	1	0
31.07.2015 19:09:47.909000	0.00500011	-0.00428328	0	125.887	676.82	0.0016276	5	3	3	3	0.253253	351	66.2064	0	0	0	0.18533	126.954	0.609394	483.747	1	1	1	1	1	1	1	0
31.07.2015 19:09:48.009000	0.00500011	-0.00428328	0	125.854	676.813	0.00072338	5	3	3	3	0.242403	351	66.2064	0	0	0	0.186603	126.925	0.62508	483.578	1	1	1	1	1	1	1	0
31.07.2015 19:09:48.109000	0.00500011	-0.00428328	0	125.875	676.797	0.000542535	5	3	3	3	0.294038	351	66.2064	0	0	0	0.182552	126.897	0.633686	483.438	1	1	1	1	1	1	1	0
31.07.2015 19:09:48.209000	0.00500011	-0.00428328	0	125.875	676.797	0.00108507	5	3	3	3	0.310136	351	66.2064	0	0	0	0.185475	126.876	0.626362	483.385	1	1	1	1	1	1	1	0
31.07.2015 19:09:48.309000	0.00500011	-0.00428328	0	125.875	676.809	0.00108507	5	3	3	3	0.305696	351	66.2064	0	0	0	0.183623	126.849	0.618854	483.311	1	1	1	1	1	1	1	0
31.07.2015 19:09:48.409000	0.00500011	-0.00428328	0	125.875	676.781	0.00108507	5	3	3	3	0.26615	351	66.2064	0	0	0	0.182755	126.698	0.616047	482.742	1	1	1	1	1	1	1	0
31.07.2015 19:09:48.509000	0.00500011	-0.00428328	0	125.887	676.789	0.00325521	5	3	3	3	0.253046	351	66.2064	0	0	0	0.184144	126.704	0.611591	482.784	1	1	1	1	1	1	1	0
31.07.2015 19:09:48.609000	0.00500011	-0.00428328	0	125.865	676.828	0.00325521	5	3	3	3	0.28126	351	66.2064	0	0	0	0.182581	126.754	0.612201	482.972	1	1	1	1	1	1	1	0
31.07.2015 19:09:48.709000	0.00500011	-0.00428328	0	125.828	676.891	0.0016276	5	3	3	3	0.273729	351	66.2064	0	0	0	0.184896	126.903	0.615558	483.528	1	1	1	1	1	1	1	0
31.07.2015 19:09:48.809000	0.00500011	-0.00428328	0	125.833	676.805	0.00072338	5	3	3	3	0.283287	351	66.2064	0	0	0	0.17934	126.733	0.613483	482.888	1	1	1	1	1	1	1	0
31.07.2015 19:09:48.909000	0.00500011	-0.00428328	0	125.844	676.852	0.000542535	5	3	3	3	0.278032	351	66.2064	0	0	0	0.184549	126.717	0.612629	482.829	1	1	1	1	1	1	1	0
31.07.2015 19:09:49.009000	0.00500011	-0.00428328	0	125.841	676.828	-0.00072338	5	3	3	3	0.283424	351	66.2064	0	0	0	0.181308	126.693	0.609394	482.748	1	1	1	1	1	1	1	0
31.07.2015 19:09:49.109000	0.00500011	-0.00428328	0	125.844	676.801	0.00108507	5	3	3	3	0.259243	351	66.2064	0	0	0	0.183796	126.671	0.617145	482.637	1	1	1	1	1	1	1	0
31.07.2015 19:09:49.209000	0.00500011	-0.00428328	0	125.844	676.784	0.00072338	5	3	3	3	0.270712	351	66.2064	0	0	0	0.179311	126.643	0.618122	482.522	1	1	1	1	1	1	1	0
31.07.2015 19:09:49.309000	0.00500011	-0.00428328	0	125.844	676.773	0.00108507	5	3	3	3	0.254354	351	66.2064	0	0	0	0.182957	126.585	0.619648	482.296	1	1	1	1	1	1	1	0
31.07.2015 19:09:49.409000	0.00500011	-0.00428328	0	125.844	676.766	0.00072338	5	3	3	3	0.26114	351	66.2064	0	0	0	0.181626	126.6	0.620136	482.352	1	1	1	1	1	1	1	0
31.07.2015 19:09:49.509000	0.00500011	-0.00428328	0	125.844	676.766	0	5	3	3	3	0.258293	351	66.2064	0	0	0	0.180816	126.31	0.622456	481.231	1	1	1	1	1	1	1	0
31.07.2015 19:09:49.609000	0.00500011	-0.00428328	0	125.844	676.742	0.00072338	5	3	3	3	0.261997	351	66.2064	0	0	0	0.180295	126.456	0.618	481.807	1	1	1	1	1	1	1	0
31.07.2015 19:09:49.709000	0.00500011	-0.00428328	0	125.844	676.742	0.000542535	5	3	3	3	0.284137	351	66.2064	0	0	0	0.180642	126.711	0.621296	482.773	1	1	1	1	1	1	1	0
31.07.2015 19:09:49.809000	0.00500011	-0.00428328	0	125.844	676.742	0.00108507	5	3	3	3	0.287991	351	66.2064	0	0	0	0.182031	126.471	0.619465	481.861	1	1	1	1	1	1	1	0
31.07.2015 19:09:49.909000	0.00500011	-0.00428328	0	125.844	676.742	0.00108507	5	3	3	3	0.301944	351	66.2064	0	0	0	0.177575	126.465	0.625568	481.816	1	1	1	1	1	1	1	0
31.07.2015 19:09:50.009000	0.00500011	-0.00428328	0	125.844	676.745	0.00072338	5	3	3	3	0.276407	351	66.2064	0	0	0	0.1818	126.55	0.625141	482.141	1	1	1	1	1	1	1	0
31.07.2015 19:09:50.109000	0.00500011	-0.00428328	0	125.844	676.742	0.00108507	5	3	3	3	0.265009	351	66.2064	0	0	0	0.17827	126.454	0.627888	481.764	1	1	1	1	1	1	1	0
31.07.2015 19:09:50.209000	0.00500011	-0.00428328	0	125.844	676.737	0.00072338	5	3	3	3	0.262897	351	66.2064	0	0	0	0.180903	126.437	0.627155	481.7	1	1	1	1	1	1	1	0
31.07.2015 19:09:50.309000	0.00500011	-0.00428328	0	125.844	676.738	0.00108507	5	3	3	3	0.243129	351	66.2064	0	0	0	0.176447	126.396	0.628254	481.541	1	1	1	1	1	1	1	0
31.07.2015 19:09:50.409000	0.00500011	-0.00428328	0	125.844	676.74	0.00072338	5	3	3	3	0.269172	351	66.2064	0	0	0	0.181771	126.529	0.626972	482.052	1	1	1	1	1	1	1	0
31.07.2015 19:09:50.509000	0.00500011	-0.00428328	0	125.844	676.742	0.00217014	5	3	3	3	0.280669	351	66.2064	0	0	0	0.178704	126.395	0.623371	481.555	1	1	1	1	1	1	1	0
31.07.2015 19:09:50.609000	0.00500011	-0.00428328	0	125.844	676.727	0.00253183	5	3	3	3	0.291336	351	66.2064	0	0	0	0.178617	126.427	0.622272	481.68	1	1	1	1	1	1	1	0
31.07.2015 19:09:50.709000	0.00500011	-0.00428328	0	125.844	676.727	0.00271267	5	3	3	3	0.277533	351	66.2064	0	0	0	0.178154	126.377	0.624653	481.48	1	1	1	1	1	1	1	0
31.07.2015 19:09:50.809000	0.00500011	-0.00428328	0	125.844	676.727	0.00325521	5	3	3	3	0.264049	351	66.2064	0	0	0	0.17908	126.37	0.629109	481.435	1	1	1	1	1	1	1	0
31.07.2015 19:09:50.909000	0.00500011	-0.00428328	0	125.844	676.727	0.00596788	5	3	3	3	0.264812	351	66.2064	0	0	0	0.18099	126.335	0.633992	481.283	1	1	1	1	1	1	1	0
31.07.2015 19:09:51.009000	0.00500011	-0.00428328	0	125.844	676.727	0.00578704	5	3	3	3	0.281929	351	66.2064	0	0	0	0.176591	126.292	0.642109	481.088	1	1	1	1	1	1	1	0
31.07.2015 19:09:51.109000	0.00500011	-0.00428328	0	125.844	676.727	0.00651042	5	3	3	3	0.306013	351	66.2064	0	0	0	0.17989	126.287	0.643696	481.061	1	1	1	1	1	1	1	0
31.07.2015 19:09:51.209000	0.00500011	-0.00428328	0	125.844	676.727	0.00542535	5	3	3	3	0.315239	351	66.2064	0	0	0	0.176997	126.252	0.640889	480.94	1	1	1	1	1	1	1	0
31.07.2015 19:09:51.309000	0.00500011	-0.00428328	0	125.844	676.719	0.00542535	5	3	3	3	0.314656	351	66.2064	0	0	0	0.180006	126.237	0.643086	480.873	1	1	1	1	1	1	1	0
31.07.2015 19:09:51.409000	0.00500011	-0.00428328	0	125.846	676.727	0.00253183	5	3	3	3	0.278989	351	66.2064	0	0	0	0.175318	126.264	0.648274	480.957	1	1	1	1	1	1	1	0
31.07.2015 19:09:51.509000	0.00500011	-0.00428328	0	125.844	676.719	0.00271267	5	3	3	3	0.271555	351	66.2064	0	0	0	0.180006	126.194	0.648579	480.687	1	1	1	1	1	1	1	0
31.07.2015 19:09:51.609000	0.00500011	-0.00428328	0	125.844	676.716	0.00289352	5	3	3	3	0.254312	351	66.2064	0	0	0	0.176244	126.166	0.65041	480.572	1	1	1	1	1	1	1	0
31.07.2015 19:09:51.709000	0.00500011	-0.00428328	0	125.844	676.711	0.00271267	5	3	3	3	0.25686	351	66.2064	0	0	0	0.177922	126.145	0.652425	480.485	1	1	1	1	1	1	1	0
31.07.2015 19:09:51.809000	0.00500011	-0.00428328	0	125.844	676.706	0.00217014	5	3	3	3	0.276989	351	66.2064	0	0	0	0.176534	126.146	0.653645	480.485	1	1	1	1	1	1	1	0
31.07.2015 19:09:51.909000	0.00500011	-0.00428328	0	125.844	676.707	0.00325521	5	3	3	3	0.287489	351	66.2064	0	0	0	0.178791	125.999	0.65824	479.873	1	1	1	1	1	1	1	0
31.07.2015 19:09:52.009000	0.00500011	-0.00428328	0	125.844	676.703	0.00253183	5	3	3	3	0.298986	351	66.2064	0	0	0	0.17908	126.075	0.663773	480.175	1	1	1	1	1	1	1	0
31.07.2015 19:09:52.109000	0.00500011	-0.00428328	0	125.844	676.703	0.00271267	5	3	3	3	0.286348	351	66.2064	0	0	0	0.175781	126.052	0.661824	480.093	1	1	1	1	1	1	1	0
31.07.2015 19:09:52.209000	0.00500011	-0.00428328	0	125.844	676.703	0.00470197	5	3	3	3	0.273372	351	66.2064	0	0	0	0.178038	126.042	0.662164	480.023	1	1	1	1	1	1	1	0
31.07.2015 19:09:52.309000	0.00500011	-0.00428328	0	125.844	676.703	0.00434028	5	3	3	3	0.295592	351	66.2064	0	0	0	0.176418	126.028	0.664815	479.981	1	1	1	1	1	1	1	0
31.07.2015 19:09:52.409000	0.00500011	-0.00428328	0	125.846	676.719	0.00325521	5	3	3	3	0.269008	351	66.2064	0	0	0	0.179622	125.986	0.669632	479.833	1	1	1	1	1	1	1	0
31.07.2015 19:09:52.509000	0.00500011	-0.00428328	0	125.848	676.734	0.00325521	5	3	3	3	0.268068	351	66.2064	0	0	0	0.174081	125.938	0.676778	479.621	1	1	1	1	1	1	1	0
31.07.2015 19:09:52.609000	0.00500011	-0.00428328	0	125.844	676.727	0.00217014	5	3	3	3	0.271154	351	66.2064	0	0	0	0.179543	125.995	0.677938	479.819	1	1	1	1	1	1	1	0
31.07.2015 19:09:52.709000	0.00500011	-0.00428328	0	125.844	676.727	0.00325521	5	3	3	3	0.266449	351	66.2064	0	0	0	0.176396	126	0.677938	479.832	1	1	1	1	1	1	1	0
31.07.2015 19:09:52.809000	0.00500011	-0.00428328	0	125.844	676.729	0.00289352	5	3	3	3	0.264307	351	66.2064	0	0	0	0.178168	125.932	0.67861	479.569	1	1	1	1	1	1	1	0
31.07.2015 19:09:52.909000	0.00500011	-0.00428328	0	125.844	676.73	0.00217014	5	3	3	3	0.267905	351	66.2064	0	0	0	0.174841	125.9	0.685995	479.419	1	1	1	1	1	1	1	0
31.07.2015 19:09:53.009000	0.00500011	-0.00428328	0	125.844	676.732	0.00289352	5	3	3	3	0.292608	351	66.2064	0	0	0	0.178747	125.878	0.680441	479.356	1	1	1	1	1	1	1	0
31.07.2015 19:09:53.109000	0.00500011	-0.00428328	0	125.844	676.73	0.00108507	5	3	3	3	0.312628	351	66.2064	0	0	0	0.176939	125.858	0.682638	479.271	1	1	1	1	1	1	1	0
31.07.2015 19:09:53.209000	0.00500011	-0.00428328	0	125.844	676.734	0.00072338	5	3	3	3	0.29762	351	66.2064	0	0	0	0.175781	125.857	0.690329	479.24	1	1	1	1	1	1	1	0
31.07.2015 19:09:53.309000	0.00500011	-0.00428328	0	125.844	676.734	0.00271267	5	3	3	3	0.287143	351	66.2064	0	0	0	0.176179	125.834	0.693258	479.141	1	1	1	1	1	1	1	0
31.07.2015 19:09:53.409000	0.00500011	-0.00428328	0	125.844	676.74	0.00289352	5	3	3	3	0.294628	351	66.2064	0	0	0	0.177011	125.936	0.693991	479.525	1	1	1	1	1	1	1	0
31.07.2015 19:09:53.509000	0.00500011	-0.00428328	0	125.848	676.742	0.00271267	5	3	3	3	0.281901	351	66.2064	0	0	0	0.178313	125.507	0.693564	477.887	1	1	1	1	1	1	1	0
31.07.2015 19:09:53.609000	0.00500011	-0.00428328	0	125.844	676.745	0.00289352	5	3	3	3	0.284035	351	66.2064	0	0	0	0.173792	125.753	0.697592	478.81	1	1	1	1	1	1	1	0
31.07.2015 19:09:53.709000	0.00500011	-0.00428328	0	125.844	676.742	0.00325521	5	3	3	3	0.28053	351	66.2064	0	0	0	0.177879	125.705	0.699179	478.622	1	1	1	1	1	1	1	0
31.07.2015 19:09:53.809000	0.00500011	-0.00428328	0	125.846	676.747	0.00289352	5	3	3	3	0.267014	351	66.2064	0	0	0	0.175637	125.772	0.710593	478.835	1	1	1	1	1	1	1	0
31.07.2015 19:09:53.909000	0.00500011	-0.00428328	0	125.844	676.75	0.00325521	5	3	3	3	0.275117	351	66.2064	0	0	0	0.178313	125.693	0.712424	478.525	1	1	1	1	1	1	1	0
31.07.2015 19:09:54.009000	0.00500011	-0.00428328	0	125.844	676.766	0.00325521	5	3	3	3	0.282304	351	66.2064	0	0	0	0.173177	125.696	0.720115	478.507	1	1	1	1	1	1	1	0
31.07.2015 19:09:54.109000	0.00500011	-0.00428328	0	125.844	676.766	0.00325521	5	3	3	3	0.285819	351	66.2064	0	0	0	0.178458	125.663	0.716941	478.392	1	1	1	1	1	1	1	0
31.07.2015 19:09:54.209000	0.00500011	-0.00428328	0	125.833	676.766	0.00180845	5	3	3	3	0.26559	351	66.2064	0	0	0	0.174949	125.664	0.717734	478.395	1	1	1	1	1	1	1	0
31.07.2015 19:09:54.309000	0.00500011	-0.00428328	0	125.816	676.781	0.00108507	5	3	3	3	0.245799	351	66.2064	0	0	0	0.176505	125.637	0.725791	478.26	1	1	1	1	1	1	1	0
31.07.2015 19:09:54.409000	0.00500011	-0.00428328	0	125.82	676.768	0.00036169	5	3	3	3	0.255746	351	66.2064	0	0	0	0.175347	125.712	0.739586	478.496	1	1	1	1	1	1	1	0
31.07.2015 19:09:54.509000	0.00500011	-0.00428328	0	125.82	676.789	0.00108507	5	3	3	3	0.296052	351	66.2064	0	0	0	0.176215	125.595	0.737266	478.055	1	1	1	1	1	1	1	0
31.07.2015 19:09:54.609000	0.00500011	-0.00428328	0	125.82	676.771	0.00072338	5	3	3	3	0.315668	351	66.2064	0	0	0	0.177192	125.554	0.733604	477.913	1	1	1	1	1	1	1	0
31.07.2015 19:09:54.709000	0.00500011	-0.00428328	0	125.82	676.77	0.000542535	5	3	3	3	0.304024	351	66.2064	0	0	0	0.173105	125.568	0.730491	477.978	1	1	1	1	1	1	1	0
31.07.2015 19:09:54.809000	0.00500011	-0.00428328	0	125.818	676.792	0.00036169	5	3	3	3	0.310725	351	66.2064	0	0	0	0.177047	125.538	0.725669	477.88	1	1	1	1	1	1	1	0
31.07.2015 19:09:54.909000	0.00500011	-0.00428328	0	125.816	676.809	0.000542535	5	3	3	3	0.299556	351	66.2064	0	0	0	0.174732	125.519	0.7275	477.8	1	1	1	1	1	1	1	0
31.07.2015 19:09:55.009000	0.00500011	-0.00428328	0	125.82	676.781	0.00072338	5	3	3	3	0.284235	351	66.2064	0	0	0	0.176794	125.478	0.721763	477.665	1	1	1	1	1	1	1	0
31.07.2015 19:09:55.109000	0.00500011	-0.00428328	0	125.824	676.805	0.00108507	5	3	3	3	0.252054	351	66.2064	0	0	0	0.172743	125.476	0.724631	477.65	1	1	1	1	1	1	1	0
31.07.2015 19:09:55.209000	0.00500011	-0.00428328	0	125.82	676.802	0.00108507	5	3	3	3	0.253346	351	66.2064	0	0	0	0.177083	125.764	0.723777	478.755	1	1	1	1	1	1	1	0
31.07.2015 19:09:55.309000	0.00500011	-0.00428328	0	125.828	676.809	0	5	3	3	3	0.260137	351	66.2064	0	0	0	0.175203	125.38	0.721213	477.293	1	1	1	1	1	1	1	0
31.07.2015 19:09:55.409000	0.00500011	-0.00428328	0	125.828	676.807	0.00072338	5	3	3	3	0.275719	351	66.2064	0	0	0	0.174986	125.37	0.721274	477.256	1	1	1	1	1	1	1	0
31.07.2015 19:09:55.509000	0.00500011	-0.00428328	0	125.828	676.809	0.0016276	5	3	3	3	0.289891	351	66.2064	0	0	0	0.175528	125.349	0.721458	477.174	1	1	1	1	1	1	1	0
31.07.2015 19:09:55.609000	0.00500011	-0.00428328	0	125.828	676.797	0.00036169	5	3	3	3	0.28261	351	66.2064	0	0	0	0.174986	125.329	0.719077	477.108	1	1	1	1	1	1	1	0
31.07.2015 19:09:55.709000	0.00500011	-0.00428328	0	125.828	676.789	0.000542535	5	3	3	3	0.303989	351	66.2064	0	0	0	0.176794	125.309	0.71572	477.044	1	1	1	1	1	1	1	0
31.07.2015 19:09:55.809000	0.00500011	-0.00428328	0	125.831	676.781	0.00108507	5	3	3	3	0.283573	351	66.2064	0	0	0	0.172454	125.297	0.716819	476.992	1	1	1	1	1	1	1	0
31.07.2015 19:09:55.909000	0.00500011	-0.00428328	0	125.828	676.781	0.00108507	5	3	3	3	0.276653	351	66.2064	0	0	0	0.177156	125.274	0.713706	476.918	1	1	1	1	1	1	1	0
31.07.2015 19:09:56.009000	0.00500011	-0.00428328	0	125.828	676.781	0.00144676	5	3	3	3	0.27772	351	66.2064	0	0	0	0.174588	125.258	0.716575	476.846	1	1	1	1	1	1	1	0
31.07.2015 19:09:56.109000	0.00500011	-0.00428328	0	125.832	676.781	-0.000542535	5	3	3	3	0.260301	351	66.2064	0	0	0	0.176975	125.245	0.716819	476.793	1	1	1	1	1	1	1	0
31.07.2015 19:09:56.209000	0.00500011	-0.00428328	0	125.836	676.792	0.00108507	5	3	3	3	0.264251	351	66.2064	0	0	0	0.171947	125.223	0.718589	476.704	1	1	1	1	1	1	1	0
31.07.2015 19:09:56.309000	0.00500011	-0.00428328	0	125.836	676.781	0.00108507	5	3	3	3	0.26592	351	66.2064	0	0	0	0.177962	125.209	0.717916	476.652	1	1	1	1	1	1	1	0
