Time	[76:0]	[76:1]	[76:2]	[76:4]	[76:8]	[76:70]	[76:71]	[78:0]	[78:1]	[78:2]	[79:2]	[79:3]	[79:4]	[79:8]	[79:9]	[79:10]	[79:11]	[79:12]	[79:13]	[79:14]	[79.0]	[79.1]	[79.2]	[79.3]	[79.4]	[79.5]	[79.6]	[79.8]
time	Hoogteverstelling - Referentie positie (mm)	Hoogteverstelling - AZ gemeten positie (mm)	Hoogteverstelling - BZ gemeten positie (mm)	Transfert Ingang - Gemeten positie (mm)	Transfert Uitgang - Gemeten positie (mm)	Aardgas - actueel debiet	Stappenschakelaar - gemeten pos	Laspos Ing - positie discreet	Laspos Uitg - positie discreet	Schaafverstelling - positie discreet	Stuikraam - Totale Stroommeting RMS-waarde (A)	Stuikraam - Stroomreferentie (A)	Stuikraam - Positie AZ (mm, pulsgever)	Stuikraam - Referentie Servo-ventiel (%)	Stuikraam - Trim door I-regelaar (%)	Stuikraam - Gemeten snelheid (mm/s, pulsgever)	Secundaire lasspanning	Stuikraam - Druk stuikcilinder voorkamer (=laszijde)  (bar)	Stuikraam - Druk stuikcilinder terugloopkamer  (bar)	Stuikraam - Netto voorwaartse kracht op stuikraam (kN)	Stuikraam - P1	Stuikraam - P2	Stuikraam - P3	Stuikraam - P4	Stuikraam - P5	Stuikraam - P6	Stuikraam - P7	Stuikraam - Openen stuikventielen	

Lasparameter.Ingang - Coil ID	0313222S
Lasparameter.Ingang - Dikte (um)	3880
Lasparameter.Ingang - Breedte (mm)	1282
Lasparameter.Ingang - Materiaal	0001
Lasparameter.Uitgang - Coil ID	0758013S
Lasparameter.Uitgang - Dikte (um)	4040
Lasparameter.Uitgang - Breedte (mm)	1270
Lasparameter.Uitgang - Materiaal	0001
Lasparameter.P2 (mm)	24.0
Lasparameter.P3 (mm)	34.0
Lasparameter.P4 (mm)	42.2
Lasparameter.P5 (mm)	51.2
Lasparameter.P6 (mm)	58.0
Lasparameter.P7 (mm)	62.2
Lasparameter.Vonksnelheid (mm/s)	1.20
Lasparameter.Lassnelheid (mm/s)	0.48
Lasparameter.Stroom Referentie (A)	0349
Lasparameter.Stroomtoename (µA/s2)	48.4
Lasparameter.Stuikstroomtijd (per)	0008
Lasparameter.Afkoeltijd Stuik (per)	0010
Lasparameter.Stuikdruk (bar)	0104
Lasparameter.Stuiksnelheid (%)	90.0

04.08.2015 10:13:38.262000	0.0799999	0.0814627	0.0846905	-0.0546875	-671.949	-0.00434028	5	4	4	4	0.292146	349	0	0	0	0	0.316725	3.08805	129.417	-483.687	1	0	0	0	0	0	0	0
04.08.2015 10:13:38.362000	0.0799999	0.0814627	0.0846905	-0.046875	-671.938	-0.00434028	5	4	4	4	0.253164	349	0	0	0	0	0.315741	5.36918	129.47	-475.157	1	0	0	0	0	0	0	0
04.08.2015 10:13:38.462000	0.0799999	0.0814627	0.0846905	-0.0520833	-671.943	-0.0036169	5	4	4	4	0.2652	349	0	0	0	0	0.314381	4.14771	129.444	-479.733	1	0	0	0	0	0	0	0
04.08.2015 10:13:38.562000	0.0799999	0.0814627	0.0846905	-0.0507813	-671.945	-0.00325521	5	4	4	4	0.264659	349	0	0	0	0	0.313281	3.91056	129.413	-480.526	1	0	0	0	0	0	0	0
04.08.2015 10:13:38.662000	0.0799999	0.0814627	0.0846905	0	-671.943	-0.00325521	5	4	4	4	0.281867	349	0	0	0	0	0.310214	4.68032	129.417	-477.592	1	0	0	0	0	0	0	0
04.08.2015 10:13:38.762000	0.0799999	0.0814627	0.0846905	0	-671.938	-0.00271267	5	4	4	4	0.269707	349	0	0	0	0	0.303617	5.0665	129.418	-476.115	1	0	0	0	0	0	0	0
04.08.2015 10:13:38.862000	0.0799999	0.0814627	0.0846905	0.00520833	-671.932	-0.0036169	5	4	4	4	0.283719	349	0	0	0	0	0.299117	5.29807	129.423	-475.265	1	0	0	0	0	0	0	0
04.08.2015 10:13:38.962000	0.0799999	0.0814627	0.0846905	0.0078125	-671.934	-0.00271267	5	4	4	4	0.301823	349	0	0	0	0	0.291811	3.34642	129.333	-482.398	1	0	0	0	0	0	0	0
04.08.2015 10:13:39.062000	0.0799999	0.0814627	0.0846905	0.00520833	-671.938	-0.0036169	5	4	4	4	0.292843	349	0	0	0	0	0.288448	5.46867	129.385	-474.45	1	0	0	0	0	0	0	0
04.08.2015 10:13:39.162000	0.0799999	0.0814627	0.0846905	0.00390625	-671.918	-0.00325521	5	4	4	4	0.275168	349	0	0	0	0	0.283637	5.31236	129.367	-474.982	1	0	0	0	0	0	0	0
04.08.2015 10:13:39.262000	0.0799999	0.0814627	0.0846905	0.0078125	-671.93	-0.00325521	5	4	4	4	0.270133	349	0	0	0	0	0.280237	4.72121	129.36	-477.218	1	0	0	0	0	0	0	0
04.08.2015 10:13:39.362000	0.0799999	0.0814627	0.0846905	-0.00390625	-671.93	-0.00325521	5	4	4	4	0.287676	349	0	0	0	0	0.276584	2.65468	129.23	-484.631	1	0	0	0	0	0	0	0
04.08.2015 10:13:39.462000	0.0799999	0.0814627	0.0846905	0.015625	-671.93	-0.00072338	5	4	4	4	0.280103	349	0	0	0	0	0.273727	4.48317	129.271	-477.788	1	0	0	0	0	0	0	0
04.08.2015 10:13:39.562000	0.0799999	0.0814627	0.0846905	0.0195313	-671.922	-0.00108507	5	4	4	4	0.285215	349	0	0	0	0	0.270544	5.14396	129.321	-475.45	1	0	0	0	0	0	0	0
04.08.2015 10:13:39.662000	0.0799999	0.0814627	0.0846905	0.015625	-671.93	-0.00144676	5	4	4	4	0.302048	349	0	0	0	0	0.266602	3.51482	129.247	-481.402	1	0	0	0	0	0	0	0
04.08.2015 10:13:39.762000	0.0799999	0.0814627	0.0846905	0.015625	-671.93	-0.00108507	5	4	4	4	0.26551	349	0	0	0	0	0.268519	6.06085	129.308	-471.89	1	0	0	0	0	0	0	0
04.08.2015 10:13:39.862000	0.0799999	0.0814627	0.0846905	0.015625	-671.93	-0.00253183	5	4	4	4	0.273741	349	0	0	0	0	0.270218	5.69488	129.286	-473.207	1	0	0	0	0	0	0	0
04.08.2015 10:13:39.962000	0.0799999	0.0814627	0.0846905	0.015625	-671.926	-0.00379774	5	4	4	4	0.290393	349	0	0	0	0	0.273872	4.53597	129.247	-477.495	1	0	0	0	0	0	0	0
04.08.2015 10:13:40.062000	0.0799999	0.0814627	0.0846905	0.0182292	-671.927	-0.00470197	5	4	4	4	0.284442	349	0	0	0	0	0.275029	5.73449	129.256	-472.937	1	0	0	0	0	0	0	0
04.08.2015 10:13:40.162000	0.0799999	0.0814627	0.0846905	0.015625	-671.922	-0.00542535	5	4	4	4	0.303589	349	0	0	0	0	0.278248	5.60515	129.235	-473.354	1	0	0	0	0	0	0	0
04.08.2015 10:13:40.262000	0.0799999	0.0814627	0.0846905	0.015625	-671.924	-0.00687211	5	4	4	4	0.282819	349	0	0	0	0	0.278646	4.0351	129.172	-479.126	1	0	0	0	0	0	0	0
04.08.2015 10:13:40.362000	0.0799999	0.0814627	0.0846905	0.0078125	-671.93	-0.00705295	5	4	4	4	0.278525	349	0	0	0	0	0.281503	2.7336	129.108	-483.861	1	0	0	0	0	0	0	0
04.08.2015 10:13:40.462000	0.0799999	0.0814627	0.0846905	0.203125	-671.93	-0.00868056	5	4	4	4	0.296957	349	0	0	0	0	0.281937	3.68523	129.107	-480.215	1	0	0	0	0	0	0	0
04.08.2015 10:13:40.562000	0.0799999	0.0814627	0.0846905	0.804688	-671.93	-0.00759549	5	4	4	4	0.283756	349	0	0	0	0	0.282661	4.7756	129.125	-476.108	1	0	0	0	0	0	0	0
04.08.2015 10:13:40.662000	0.0799999	0.0814627	0.0846905	6.58333	-671.93	-0.0072338	5	4	4	4	0.253263	349	0	0	0	0	0.284071	4.5923	129.108	-476.744	1	0	0	0	0	0	0	0
04.08.2015 10:13:40.762000	0.0799999	0.0814627	0.0846905	21.9727	-671.93	-0.00705295	5	4	4	4	0.281281	349	0	0	0	0	0.286169	4.97531	129.102	-475.255	1	0	0	0	0	0	0	0
04.08.2015 10:13:40.862000	0.0799999	0.0814627	0.0846905	47.513	-671.93	-0.00687211	5	4	4	4	0.288129	349	0	0	0	0	0.288339	4.33869	129.074	-477.588	1	0	0	0	0	0	0	0
04.08.2015 10:13:40.962000	0.0799999	0.0814627	0.0846905	74.2813	-671.93	-0.00651042	5	4	4	4	0.292291	349	0	0	0	0	0.289533	4.91	129.073	-475.394	1	0	0	0	0	0	0	0
04.08.2015 10:13:41.062000	0.0799999	0.0814627	0.0846905	103.023	-671.93	-0.00651042	5	4	4	4	0.282407	349	0	0	0	0	0.29192	4.55019	129.048	-476.679	1	0	0	0	0	0	0	0
04.08.2015 10:13:41.162000	0.0799999	0.0814627	0.0846905	136.77	-671.93	-0.00596788	5	4	4	4	0.278047	349	0	0	0	0	0.292607	3.97534	129.018	-478.763	1	0	0	0	0	0	0	0
04.08.2015 10:13:41.262000	0.0799999	0.0814627	0.0846905	191.956	-671.93	-0.00651042	5	4	4	4	0.280041	349	0	0	0	0	0.29456	5.11972	129.03	-474.429	1	0	0	0	0	0	0	0
04.08.2015 10:13:41.362000	0.0799999	0.0814627	0.0846905	234.734	-671.93	-0.00705295	5	4	4	4	0.27736	349	0	0	0	0	0.294343	4.65712	129.006	-476.106	1	0	0	0	0	0	0	0
04.08.2015 10:13:41.462000	0.0799999	0.0814627	0.0846905	277.677	-671.93	-0.00470197	5	4	4	4	0.27354	349	0	0	0	0	0.295718	4.37342	128.986	-477.118	1	0	0	0	0	0	0	0
04.08.2015 10:13:41.562000	0.0799999	0.0814627	0.0846905	328.992	-671.93	-0.00651042	5	4	4	4	0.278568	349	0	0	0	0	0.296622	4.72604	128.978	-475.734	1	0	0	0	0	0	0	0
04.08.2015 10:13:41.662000	0.0799999	0.0814627	0.0846905	380.188	-671.93	-0.0072338	5	4	4	4	0.30725	349	0	0	0	0	0.299081	4.52852	128.956	-476.408	1	0	0	0	0	0	0	0
04.08.2015 10:13:41.762000	0.0799999	0.0814627	0.0846905	422.348	-671.93	-0.00542535	5	4	4	4	0.306327	349	0	0	0	0	0.300781	4.43385	128.941	-476.714	1	0	0	0	0	0	0	0
04.08.2015 10:13:41.862000	0.0799999	0.0814627	0.0846905	457.888	-671.93	-0.00542535	5	4	4	4	0.273015	349	0	0	0	0	0.303639	4.30018	128.92	-477.146	1	0	0	0	0	0	0	0
04.08.2015 10:13:41.962000	0.0799999	0.0814627	0.0846905	483.691	-671.934	-0.00542535	5	4	4	4	0.301506	349	0	0	0	0	0.305664	4.33717	128.907	-476.953	1	0	0	0	0	0	0	0
04.08.2015 10:13:42.062000	0.0799999	0.0814627	0.0846905	500.742	-671.93	-0.0036169	5	4	4	4	0.291485	349	0	0	0	0	0.30646	4.53914	128.896	-476.139	1	0	0	0	0	0	0	0
04.08.2015 10:13:42.162000	0.0799999	0.0814627	0.0846905	516.777	-671.93	-0.00108507	5	4	4	4	0.26939	349	0	0	0	0	0.308087	4.49995	128.877	-476.215	1	0	0	0	0	0	0	0
04.08.2015 10:13:42.262000	0.0799999	0.0814627	0.0846905	532.635	-671.938	-0.00144676	5	4	4	4	0.278028	349	0	0	0	0	0.308666	4.42787	128.864	-476.44	1	0	0	0	0	0	0	0
04.08.2015 10:13:42.362000	0.0799999	0.0814627	0.0846905	554.43	-671.938	-0.0016276	5	4	4	4	0.273053	349	0	0	0	0	0.3108	4.49373	128.846	-476.121	1	0	0	0	0	0	0	0
04.08.2015 10:13:42.462000	0.0799999	0.0814627	0.0846905	570.297	-671.938	-0.00325521	5	4	4	4	0.26766	349	0	0	0	0	0.3108	4.52907	128.832	-475.93	1	0	0	0	0	0	0	0
04.08.2015 10:13:42.562000	0.0799999	0.0814627	0.0846905	585.922	-671.938	-0.00271267	5	4	4	4	0.282039	349	0	0	0	0	0.312066	4.4922	128.816	-476.01	1	0	0	0	0	0	0	0
04.08.2015 10:13:42.662000	0.0799999	0.0814627	0.0846905	602.755	-671.94	-0.00397859	5	4	4	4	0.274877	349	0	0	0	0	0.312138	4.45576	128.803	-476.1	1	0	0	0	0	0	0	0
04.08.2015 10:13:42.762000	0.0799999	0.0814627	0.0846905	621.402	-671.941	-0.00108507	5	4	4	4	0.271657	349	0	0	0	0	0.313043	4.50203	128.788	-475.866	1	0	0	0	0	0	0	0
04.08.2015 10:13:42.862000	0.0799999	0.0814627	0.0846905	635.833	-671.938	-0.00144676	5	4	4	4	0.275305	349	0	0	0	0	0.312898	4.48268	128.775	-475.889	1	0	0	0	0	0	0	0
04.08.2015 10:13:42.962000	0.0799999	0.0814627	0.0846905	649.785	-671.941	-0.00108507	5	4	4	4	0.28708	349	0	0	0	0	0.31373	4.4344	128.758	-476.01	1	0	0	0	0	0	0	0
04.08.2015 10:13:43.062000	0.0799999	0.0814627	0.0846905	666.125	-671.945	-0.00289352	5	4	4	4	0.282561	349	0	0	0	0	0.314489	4.43452	128.741	-475.946	1	0	0	0	0	0	0	0
04.08.2015 10:13:43.162000	0.0799999	0.0814627	0.0846905	679.672	-671.945	-0.00379774	5	4	4	4	0.273461	349	0	0	0	0	0.314923	4.4435	128.726	-475.852	1	0	0	0	0	0	0	0
04.08.2015 10:13:43.262000	0.0799999	0.0814627	0.0846905	690.646	-671.945	-0.00434028	5	4	4	4	0.282867	349	0	0	0	0	0.315936	4.43336	128.712	-475.837	1	0	0	0	0	0	0	0
04.08.2015 10:13:43.362000	0.0799999	0.0814627	0.0846905	699.969	-671.945	-0.00434028	5	4	4	4	0.287514	349	0	0	0	0	0.316732	4.40077	128.696	-475.901	1	0	0	0	0	0	0	0
04.08.2015 10:13:43.462000	0.0799999	0.0814627	0.0846905	708.208	-671.945	-0.00397859	5	4	4	4	0.291547	349	0	0	0	0	0.318793	4.36769	128.681	-475.972	1	0	0	0	0	0	0	0
04.08.2015 10:13:43.562000	0.0799999	0.0814627	0.0846905	710.176	-671.945	-0.00434028	5	4	4	4	0.30999	349	0	0	0	0	0.319661	4.33265	128.663	-476.038	1	0	0	0	0	0	0	0
04.08.2015 10:13:43.662000	0.0799999	0.0814627	0.0846905	710.938	-671.945	-0.00434028	5	4	4	4	0.295973	349	0	0	0	0	0.321687	4.42872	128.65	-475.618	1	0	0	0	0	0	0	0
04.08.2015 10:13:43.762000	0.0799999	0.0814627	0.0846905	711.148	-671.945	-0.00488281	5	4	4	4	0.26021	349	0	0	0	0	0.323206	4.37562	128.636	-475.766	1	0	0	0	0	0	0	0
04.08.2015 10:13:43.862000	0.0799999	0.0814627	0.0846905	711.148	-671.945	-0.00470197	5	4	4	4	0.280772	349	0	0	0	0	0.325123	4.472	128.624	-475.353	1	0	0	0	0	0	0	0
04.08.2015 10:13:43.962000	0.0799999	0.0814627	0.0846905	711.148	-671.945	-0.00488281	5	4	4	4	0.296128	349	0	0	0	0	0.326534	5.15622	128.627	-472.744	1	0	0	0	0	0	0	0
04.08.2015 10:13:44.062000	0.0799999	0.0814627	0.0846905	711.148	-671.945	-0.00434028	5	4	4	4	0.296081	349	0	0	0	0	0.328197	4.53316	128.6	-475.026	1	0	0	0	0	0	0	0
04.08.2015 10:13:44.162000	0.0799999	0.0814627	0.0846905	711.148	-671.945	-0.00434028	5	4	4	4	0.286426	349	0	0	0	0	0.330801	4.19117	128.579	-476.255	1	0	0	0	0	0	0	0
04.08.2015 10:13:44.262000	0.0799999	0.0814627	0.0846905	711.148	-671.951	-0.00397859	5	4	4	4	0.280919	349	0	0	0	0	0.32968	4.6689	128.576	-474.416	1	0	0	0	0	0	0	0
04.08.2015 10:13:44.362000	0.0799999	0.0814627	0.0846905	711.148	-671.945	-0.00325521	5	4	4	4	0.297042	349	0	0	0	0	0.327329	4.46852	128.555	-475.103	1	0	0	0	0	0	0	0
04.08.2015 10:13:44.462000	0.0799999	0.0814627	0.0846905	711.148	-671.948	-0.00180845	5	4	4	4	0.31428	349	0	0	0	0	0.322519	4.34779	128.535	-475.487	1	0	0	0	0	0	0	0
04.08.2015 10:13:44.562000	0.0799999	0.0814627	0.0846905	711.148	-671.953	-0.0016276	5	4	4	4	0.304215	349	0	0	0	0	0.320638	4.54933	128.522	-474.667	1	0	0	0	0	0	0	0
04.08.2015 10:13:44.662000	0.0799999	0.0814627	0.0846905	711.148	-671.953	-0.00144676	5	4	4	4	0.313058	349	0	0	0	0	0.317455	4.62978	128.519	-474.347	1	0	0	0	0	0	0	0
04.08.2015 10:13:44.762000	0.0799999	0.0814627	0.0846905	711.152	-671.953	-0.00108507	5	4	4	4	0.303885	349	0	0	0	0	0.316117	4.48427	128.615	-475.273	1	0	0	0	0	0	0	0
04.08.2015 10:13:44.862000	0.0799999	0.0814627	0.0846905	711.148	-671.951	-0.00108507	5	4	4	4	0.277367	349	0	0	0	0	0.313657	4.45277	128.752	-475.916	1	0	0	0	0	0	0	0
04.08.2015 10:13:44.962000	0.0799999	0.0814627	0.0846905	711.148	-671.953	-0.00217014	5	4	4	4	0.27825	349	0	0	0	0	0.312645	4.55464	128.88	-476.015	1	0	0	0	0	0	0	0
04.08.2015 10:13:45.062000	0.0799999	0.0814627	0.0846905	711.148	-671.953	-0.00289352	5	4	4	4	0.300735	349	0	0	0	0	0.311379	4.53169	129.003	-476.575	1	0	0	0	0	0	0	0
04.08.2015 10:13:45.162000	0.0799999	0.0814627	0.0846905	711.148	-671.953	-0.00379774	5	4	4	4	0.272209	349	0	0	0	0	0.310366	4.51936	129.101	-476.997	1	0	0	0	0	0	0	0
04.08.2015 10:13:45.262000	0.0799999	0.0814627	0.0846905	711.151	-671.953	-0.00434028	5	4	4	4	0.300359	349	0	0	0	0	0.310185	4.36177	129.16	-477.828	1	0	0	0	0	0	0	0
04.08.2015 10:13:45.362000	0.0799999	0.0814627	0.0846905	711.164	-671.953	-0.00813802	5	4	4	4	0.290176	349	0	0	0	0	0.308666	3.84619	129.455	-480.931	1	0	0	0	0	0	0	0
04.08.2015 10:13:45.462000	0.0799999	0.0814627	0.0846905	711.164	-671.953	-0.00614873	5	4	4	4	0.292565	349	0	0	0	0	0.308992	4.60079	128.027	-472.575	1	0	0	0	0	0	0	0
04.08.2015 10:13:45.562000	0.0799999	0.0814627	0.0846905	711.164	-671.953	-0.00434028	5	4	4	4	0.291067	349	0	0	0	0	0.307617	5.79864	129.968	-475.419	1	0	0	0	0	0	0	0
04.08.2015 10:13:45.662000	0.0799999	0.0814627	0.0846905	711.174	-671.951	-0.0036169	5	4	4	4	0.27537	349	0	0	0	0	0.308413	5.11985	129.996	-478.124	1	0	0	0	0	0	0	0
04.08.2015 10:13:45.762000	0.0799999	0.0814627	0.0846905	711.176	-671.953	-0.00488281	5	4	4	4	0.299484	349	0	0	0	0	0.307436	4.5674	129.502	-478.348	1	0	0	0	0	0	0	0
04.08.2015 10:13:45.862000	0.0799999	0.0814627	0.0846905	711.174	-671.953	-0.00434028	5	4	4	4	0.304665	349	0	0	0	0	0.308304	5.0126	128.95	-474.53	1	0	0	0	0	0	0	0
04.08.2015 10:13:45.962000	0.0799999	0.0814627	0.0846905	711.172	-671.953	-0.00434028	5	4	4	4	0.306781	349	0	0	0	0	0.307907	5.05405	128.776	-473.706	1	0	0	0	0	0	0	0
04.08.2015 10:13:46.062000	0.0799999	0.0814627	0.0846905	711.177	-671.953	-0.00470197	5	4	4	4	0.302593	349	0	0	0	0	0.308124	4.86605	128.652	-473.953	1	0	0	0	0	0	0	0
04.08.2015 10:13:46.162000	0.0799999	0.0814627	0.0846905	711.172	-671.953	-0.00488281	5	4	4	4	0.308586	349	0	0	0	0	0.307617	4.78726	128.651	-474.25	1	0	0	0	0	0	0	0
04.08.2015 10:13:46.262000	0.0799999	0.0814627	0.0846905	711.177	-671.953	-0.00434028	5	4	4	4	0.295887	349	0	0	0	0	0.307509	5.1691	128.609	-472.627	1	0	0	0	0	0	0	0
04.08.2015 10:13:46.362000	0.0799999	0.0814627	0.0846905	711.18	-671.953	-0.00542535	5	4	4	4	0.290999	349	0	0	0	0	0.306894	4.89187	128.493	-473.246	1	0	0	0	0	0	0	0
04.08.2015 10:13:46.462000	0.0799999	0.0814627	0.0846905	711.18	-671.953	-0.00470197	5	4	4	4	0.268729	349	0	0	0	0	0.305845	4.77505	128.24	-472.721	1	0	0	0	0	0	0	0
04.08.2015 10:13:46.562000	0.0799999	0.0814627	0.0846905	711.18	-671.953	-0.00488281	5	4	4	4	0.295198	349	0	0	0	0	0.305302	4.57161	128.143	-473.13	1	0	0	0	0	0	0	0
04.08.2015 10:13:46.662000	0.0799999	0.0814627	0.0846905	711.18	-671.953	-0.00470197	5	4	4	4	0.28856	349	0	0	0	0	0.303458	4.61855	126.769	-467.691	1	0	0	0	0	0	0	0
04.08.2015 10:13:46.762000	0.0799999	0.0814627	0.0846905	711.152	-671.953	-0.00488281	5	4	4	4	0.288828	349	0	0	0	0	0.303639	10.4303	115.148	-400.944	1	0	0	0	0	0	0	0
04.08.2015 10:13:46.862000	0.0799999	0.0814627	0.0846905	710.794	-671.953	-0.00397859	5	4	4	4	0.303292	349	0.269601	0	0	5.95023	0.302517	90.1393	95.3512	-19.9555	1	0	0	0	0	0	0	0
04.08.2015 10:13:46.962000	0.0799999	0.0814627	0.0846905	707.168	-671.953	-0.00379774	5	4	4	4	0.256597	349	2.82235	0	0	33.6682	0.302915	111.291	83.4417	106.631	1	0	0	0	0	0	0	0
04.08.2015 10:13:47.062000	0.0799999	0.0814627	0.0846905	690.419	-671.953	-0.00506366	5	4	4	4	0.295601	349	6.24012	0	0	34.5915	0.301505	110.195	83.9637	100.435	1	0	0	0	0	0	0	0
04.08.2015 10:13:47.162000	0.0799999	0.0814627	0.0846905	667.789	-671.953	-0.00325521	5	4	4	4	0.293391	349	9.71509	0	0	35.4804	0.301541	112.718	86.2482	101.348	1	0	0	0	0	0	0	0
04.08.2015 10:13:47.262000	0.0799999	0.0814627	0.0846905	646.188	-671.953	-0.00289352	5	4	4	4	0.316325	349	13.2234	0	0	34.9113	0.299913	116.633	90.5056	100.037	1	0	0	0	0	0	0	0
04.08.2015 10:13:47.362000	0.0799999	0.0814627	0.0846905	620.641	-671.953	-0.00325521	5	4	4	4	0.293365	349	16.6964	0	0	34.5994	0.29919	119.564	93.6539	99.205	1	0	0	0	0	0	0	0
04.08.2015 10:13:47.462000	0.0799999	0.0814627	0.0846905	585.883	-671.953	-0.00144676	5	4	4	4	0.304933	349	20.137	0	0	34.5939	0.297924	120.462	94.6649	98.7718	1	0	0	0	0	0	0	0
04.08.2015 10:13:47.562000	0.0799999	0.0814627	0.0846905	541.691	-671.953	-0.0016276	5	4	4	4	0.315249	349	23.5861	13	0	35.6717	0.296441	119.853	92.7971	103.593	1	0.38	0	0	0	0	0	0
04.08.2015 10:13:47.662000	0.0799999	0.0814627	0.0846905	503.448	-671.956	-0.00253183	5	4	4	4	0.281975	349	27.9788	50	0	46.3004	0.295718	106.366	83.9797	85.7138	1	1	0	0	0	0	0	0
04.08.2015 10:13:47.762000	0.0799999	0.0814627	0.0846905	464.035	-671.957	0	5	4	4	4	0.282426	349	30.7211	49.259	0	17.5141	0.293728	88.5603	65.4736	88.3944	1	1	0	0	0	0	0	0
04.08.2015 10:13:47.862000	0.0799999	0.0814627	0.0846905	416.44	-671.977	-0.00144676	5	4	4	4	0.295316	349	31.9447	41.1501	0	11.5746	0.293186	62.8109	38.14	94.46	1	1	0	0	0	0	0	0
04.08.2015 10:13:47.962000	0.0799999	0.0814627	0.0846905	375.98	-671.984	-0.00108507	5	4	4	4	0.270844	349	32.8381	31.1503	0	8.46028	0.291522	52.4866	27.66	95.0562	1	1	0	0	0	0	0	0
04.08.2015 10:13:48.062000	0.0799999	0.0814627	0.0846905	342.284	-671.982	-0.00144676	5	4	4	4	0.258667	349	33.4778	21.1502	0	6.15545	0.291703	47.561	22.7257	95.0896	1	1	0	0	0	0	0	0
04.08.2015 10:13:48.162000	0.0799999	0.0814627	0.0846905	311.203	-671.977	-0.00108507	5	4	4	4	0.287841	349	33.8737	11.1502	0	4.39728	0.290473	44.6116	19.7477	95.199	1	1	0	0	0	0	0	0
04.08.2015 10:13:48.262000	0.0799999	0.0814627	0.0846905	270.979	-671.977	-0.00072338	5	4	4	4	61.2423	349	34.0608	5.29753	0	2.95541	0.558702	43.6637	18.3336	96.984	1	1	1	0	0	0	0	0
04.08.2015 10:13:48.362000	0.0799999	0.0814627	0.0846905	244.191	-671.984	0	5	4	4	4	88.6067	349	34.1772	5.28179	0	2.07294	6.80527	43.4111	18.0278	97.1877	1	1	1	0	0	0	0	0
04.08.2015 10:13:48.462000	0.0799999	0.0814627	0.0846905	224.932	-671.984	0.00072338	5	4	4	4	89.0204	349	34.304	5.28179	0	1.62362	10.5658	43.1404	17.7631	97.1644	1	1	1	0	0	0	0	0
04.08.2015 10:13:48.562000	0.0799999	0.0814627	0.0846905	206.973	-671.984	0.000542535	5	4	4	4	88.686	349	34.4249	5.28179	0	1.22516	11.5805	42.8683	17.5206	97.0513	1	1	1	0	0	0	0	0
04.08.2015 10:13:48.662000	0.0799999	0.0814627	0.0846905	184.911	-671.984	-0.00108507	5	4	4	4	88.3544	349	34.5408	5.28179	0	1.21195	11.775	42.7006	17.3586	97.0295	1	1	1	0	0	0	0	0
04.08.2015 10:13:48.762000	0.0799999	0.0814627	0.0846905	168.543	-671.984	-0.00108507	5	4	4	4	89.28	349	34.6616	5.28179	0	1.19579	11.8398	42.5986	17.2384	97.0992	1	1	1	0	0	0	0	0
04.08.2015 10:13:48.862000	0.0799999	0.0814627	0.0846905	153.299	-671.987	-0.00108507	5	4	4	4	89.64	349	34.7765	5.28179	0	1.19374	11.8439	42.4841	17.1488	97.0115	1	1	1	0	0	0	0	0
04.08.2015 10:13:48.962000	0.0799999	0.0814627	0.0846905	139.324	-671.992	-0.0016276	5	4	4	4	88.8587	349	34.8979	5.28179	0	1.19008	11.8493	42.4079	17.0805	96.9734	1	1	1	0	0	0	0	0
04.08.2015 10:13:49.062000	0.0799999	0.0814627	0.0846905	130.385	-671.997	-0.00108507	5	4	4	4	88.9495	349	35.0168	5.28179	0	1.19004	11.8652	42.3612	17.0246	97.0085	1	1	1	0	0	0	0	0
04.08.2015 10:13:49.162000	0.0799999	0.0814627	0.0846905	124.984	-672	0.00108507	5	4	4	4	89.1014	349	35.1317	5.28179	0	1.18995	11.8751	42.2864	17.0479	96.6332	1	1	1	0	0	0	0	0
04.08.2015 10:13:49.262000	0.0799999	0.0814627	0.0846905	123.82	-672	0.00072338	5	4	4	4	89.2485	349	35.2565	5.28179	0	1.18996	11.8798	42.1549	17.1317	95.8085	1	1	1	0	0	0	0	0
04.08.2015 10:13:49.362000	0.0799999	0.0814627	0.0846905	125.273	-672	0.000542535	5	4	4	4	89.138	349	35.372	5.28179	0	1.19004	11.8747	42.1092	17.0784	95.8451	1	1	1	0	0	0	0	0
04.08.2015 10:13:49.462000	0.0799999	0.0814627	0.0846905	125.378	-672.005	0.00072338	5	4	4	4	88.5748	349	35.4913	5.28179	0	1.18957	11.8707	42.1201	16.9408	96.3906	1	1	1	0	0	0	0	0
04.08.2015 10:13:49.562000	0.0799999	0.0814627	0.0846905	125.598	-672.004	0.0016276	5	4	4	4	89.3768	349	35.6122	5.28179	0	1.18424	11.8884	42.109	16.9496	96.346	1	1	1	0	0	0	0	0
04.08.2015 10:13:49.662000	0.0799999	0.0814627	0.0846905	125.654	-672.013	-0.00108507	5	4	4	4	89.8624	349	35.7256	5.28179	0	1.18424	11.8698	42.1155	16.9268	96.4425	1	1	1	0	0	0	0	0
04.08.2015 10:13:49.762000	0.0799999	0.0814627	0.0846905	125.629	-672.016	-0.00488281	5	4	4	4	89.9301	349	35.8485	5.28179	0	1.19009	11.8507	42.1566	16.8795	96.7809	1	1	1	0	0	0	0	0
04.08.2015 10:13:49.862000	0.0799999	0.0814627	0.0846905	125.635	-672.016	-0.00470197	5	4	4	4	89.9304	349	35.9629	5.28179	0	1.19009	11.8377	42.1933	16.8584	97.0022	1	1	1	0	0	0	0	0
04.08.2015 10:13:49.962000	0.0799999	0.0814627	0.0846905	125.637	-672.016	-0.00542535	5	4	4	4	89.8315	349	36.0788	5.28179	0	1.18007	11.8408	42.2	16.8807	96.9424	1	1	1	0	0	0	0	0
04.08.2015 10:13:50.062000	0.0799999	0.0814627	0.0846905	125.638	-672.016	-0.0036169	5	4	4	4	89.5059	349	36.2016	5.28179	0	1.17884	11.8414	42.2328	16.9038	96.9798	1	1	1	0	0	0	0	0
04.08.2015 10:13:50.162000	0.0799999	0.0814627	0.0846905	125.633	-672.016	-0.0016276	5	4	4	4	89.9653	349	36.3161	5.28179	0	1.17032	11.8353	42.2492	16.9414	96.8984	1	1	1	0	0	0	0	0
04.08.2015 10:13:50.262000	0.0799999	0.0814627	0.0846905	125.638	-672.023	-0.00108507	5	4	4	4	89.8725	349	36.4404	5.28179	0	1.16763	11.8258	42.2462	16.9729	96.7664	1	1	1	0	0	0	0	0
04.08.2015 10:13:50.362000	0.0799999	0.0814627	0.0846905	125.633	-672.023	-0.00108507	5	4	4	4	90.2565	349	36.5603	5.28179	0	1.19547	11.8119	42.2482	16.9821	96.7388	1	1	1	0	0	0	0	0
04.08.2015 10:13:50.462000	0.0799999	0.0814627	0.0846905	125.641	-672.023	-0.00397859	5	4	4	4	90.2929	349	36.6782	5.28179	0	1.2074	11.8061	42.2476	16.9767	96.7573	1	1	1	0	0	0	0	0
04.08.2015 10:13:50.562000	0.0799999	0.0814627	0.0846905	125.637	-672.023	-0.00488281	5	4	4	4	89.6108	349	36.8015	5.28179	0	1.20366	11.8043	42.252	16.973	96.7884	1	1	1	0	0	0	0	0
04.08.2015 10:13:50.662000	0.0799999	0.0814627	0.0846905	125.641	-672.023	-0.00614873	5	4	4	4	89.0626	349	36.9174	5.28179	0	1.20147	11.8243	42.2419	16.9808	96.7197	1	1	1	0	0	0	0	0
04.08.2015 10:13:50.762000	0.0799999	0.0814627	0.0846905	125.641	-672.023	-0.00759549	5	4	4	4	89.1121	349	37.0423	5.28179	0	1.2083	11.8594	42.253	16.9843	96.7489	1	1	1	0	0	0	0	0
04.08.2015 10:13:50.862000	0.0799999	0.0814627	0.0846905	125.641	-672.023	-0.00578704	5	4	4	4	89.179	349	37.1587	5.28179	0	1.21325	11.8646	42.2576	16.9816	96.7767	1	1	1	0	0	0	0	0
04.08.2015 10:13:50.962000	0.0799999	0.0814627	0.0846905	125.641	-672.031	-0.00596788	5	4	4	4	89.6184	349	37.2776	5.28179	0	1.19701	11.8628	42.2682	16.99	96.7851	1	1	1	0	0	0	0	0
04.08.2015 10:13:51.062000	0.0799999	0.0814627	0.0846905	125.641	-672.031	-0.00542535	5	4	4	4	90.3582	349	37.4004	5.28179	0	1.1787	11.8473	42.2622	17.0028	96.7129	1	1	1	0	0	0	0	0
04.08.2015 10:13:51.162000	0.0799999	0.0814627	0.0846905	125.641	-672.031	-0.00705295	5	4	4	4	89.6376	349	37.5153	5.28179	0	1.18536	11.822	42.2798	17.0078	96.7615	1	1	1	0	0	0	0	0
04.08.2015 10:13:51.262000	0.0799999	0.0814627	0.0846905	125.641	-672.031	-0.00651042	5	4	4	4	89.265	349	37.6412	5.28179	0	1.19578	11.8353	42.2846	17.0276	96.7042	1	1	1	0	0	0	0	0
04.08.2015 10:13:51.362000	0.0799999	0.0814627	0.0846905	125.641	-672.031	-0.00596788	5	4	4	4	89.2812	349	37.7571	5.28179	0	1.19959	11.8491	42.3005	17.0422	96.7091	1	1	1	0	0	0	0	0
04.08.2015 10:13:51.462000	0.0799999	0.0814627	0.0846905	125.641	-672.034	-0.00904225	5	4	4	4	89.145	349	37.8779	5.28179	0	1.20734	11.8475	42.3082	17.0509	96.7052	1	1	1	0	0	0	0	0
04.08.2015 10:13:51.562000	0.0799999	0.0814627	0.0846905	125.641	-672.039	-0.00651042	5	4	4	4	89.6138	349	37.9993	5.28179	0	1.20582	11.8509	42.3138	17.0436	96.7547	1	1	1	0	0	0	0	0
04.08.2015 10:13:51.662000	0.0799999	0.0814627	0.0846905	125.641	-672.039	-0.00651042	5	4	4	4	89.68	349	38.1157	5.28179	0	1.20149	11.8335	42.3231	17.0406	96.8017	1	1	1	0	0	0	0	0
04.08.2015 10:13:51.762000	0.0799999	0.0814627	0.0846905	125.641	-672.039	-0.00759549	5	4	4	4	89.5516	349	38.2386	5.28179	0	1.19808	11.8226	42.3236	17.0533	96.7549	1	1	1	0	0	0	0	0
04.08.2015 10:13:51.862000	0.0799999	0.0814627	0.0846905	125.641	-672.039	-0.010489	5	4	4	4	89.5094	349	38.353	5.28179	0	1.17879	11.8204	42.335	17.0612	96.7685	1	1	1	0	0	0	0	0
04.08.2015 10:13:51.962000	0.0799999	0.0814627	0.0846905	125.641	-672.039	-0.0108507	5	4	4	4	90.5147	349	38.4739	5.28179	0	1.17998	11.8229	42.3372	17.0654	96.7608	1	1	1	0	0	0	0	0
04.08.2015 10:13:52.062000	0.0799999	0.0814627	0.0846905	125.641	-672.039	-0.00940394	5	4	4	4	142.073	349	38.5962	5.28179	0	1.19574	11.8219	42.3402	17.063	96.7816	1	1	1	0	0	0	0	0
04.08.2015 10:13:52.162000	0.0799999	0.0814627	0.0846905	125.641	-672.039	-0.00651042	5	4	4	4	211.406	349	38.7136	5.28179	0	1.19644	11.582	42.3457	17.0649	96.7951	1	1	1	0	0	0	0	0
04.08.2015 10:13:52.262000	0.0799999	0.0814627	0.0846905	125.641	-672.039	-0.00506366	5	4	4	4	386.684	349	38.84	5.28179	0	1.21905	11.1651	42.3579	17.0666	96.8356	1	1	1	0	0	0	0	0
04.08.2015 10:13:52.362000	0.0799999	0.0814627	0.0846905	125.641	-672.039	-0.00596788	5	4	4	4	647.67	349	38.9563	5.28179	0	1.21905	10.8719	42.3769	17.0561	96.9484	1	1	1	0	0	0	0	0
04.08.2015 10:13:52.462000	0.0799999	0.0814627	0.0846905	125.641	-672.039	-0.00542535	5	4	4	4	404.239	349	39.0817	5.28179	0	1.21919	10.7606	42.3779	17.0885	96.8283	1	1	1	0	0	0	0	0
04.08.2015 10:13:52.562000	0.0799999	0.0814627	0.0846905	125.641	-672.039	-0.00596788	5	4	4	4	755.231	349	39.1996	5.28179	0	1.21919	10.7048	42.4058	17.0595	97.0459	1	1	1	0	0	0	0	0
04.08.2015 10:13:52.662000	0.0799999	0.0814627	0.0846905	125.641	-672.039	-0.00614873	5	4	4	4	634.679	349	39.3215	5.28179	0	1.2081	10.7737	42.4023	17.0799	96.9543	1	1	1	0	0	0	0	0
04.08.2015 10:13:52.762000	0.0799999	0.0814627	0.0846905	125.641	-672.043	-0.00705295	5	4	4	4	867.57	349	39.4428	5.28179	0	1.20727	10.7242	42.4252	17.0745	97.0627	1	1	1	0	0	0	0	0
04.08.2015 10:13:52.862000	0.0799999	0.0814627	0.0846905	125.641	-672.039	-0.0072338	5	4	4	4	439.314	349	39.5612	5.28179	0	1.19742	10.6775	42.4114	17.1065	96.8872	1	1	1	0	0	0	0	0
04.08.2015 10:13:52.962000	0.0799999	0.0814627	0.0846905	125.641	-672.047	-0.00705295	5	4	4	4	975.862	349	39.6826	5.28179	0	1.19568	10.7266	42.4322	17.0716	97.1006	1	1	1	0	0	0	0	0
04.08.2015 10:13:53.062000	0.0799999	0.0814627	0.0846905	125.643	-672.042	-0.00542535	5	4	4	4	740.282	349	39.8	5.28179	0	1.19133	10.5559	42.4235	17.1	96.9587	1	1	1	0	0	0	0	0
04.08.2015 10:13:53.162000	0.0799999	0.0814627	0.0846905	125.641	-672.047	-0.00488281	5	4	4	4	800.453	349	39.9194	5.28179	0	1.18996	10.6353	42.4381	17.0903	97.0517	1	1	1	0	0	0	0	0
04.08.2015 10:13:53.262000	0.0799999	0.0814627	0.0846905	125.643	-672.047	-0.00506366	5	4	4	4	1256.67	349	40.0392	5.28179	0	1.19003	10.5473	42.4577	17.0665	97.2179	1	1	1	0	0	0	0	0
04.08.2015 10:13:53.362000	0.0799999	0.0814627	0.0846905	125.641	-672.047	-0.00488281	5	4	4	4	438.22	349	40.1606	5.28179	0	1.19006	10.5866	42.4249	17.1328	96.8381	1	1	1	0	0	0	0	0
04.08.2015 10:13:53.462000	0.0799999	0.0814627	0.0846905	125.643	-672.047	-0.00542535	5	4	4	4	402.796	349	40.284	5.28179	0	1.21259	10.8458	42.4213	17.1308	96.8323	1	1	1	0	0	0	0	0
04.08.2015 10:13:53.562000	0.0799999	0.0814627	0.0846905	125.648	-672.047	-0.00759549	5	4	4	4	740.392	349	40.4033	5.28179	0	1.22527	10.8389	42.4304	17.1089	96.951	1	1	1	0	0	0	0	0
04.08.2015 10:13:53.662000	0.0799999	0.0814627	0.0846905	125.643	-672.049	-0.00687211	5	4	4	4	658.534	349	40.5277	5.28179	0	1.21806	10.7485	42.4204	17.1154	96.8877	1	1	1	0	0	0	0	0
04.08.2015 10:13:53.762000	0.0799999	0.0814627	0.0846905	125.645	-672.047	-0.00379774	5	4	4	4	736.731	349	40.6461	5.28179	0	1.21306	10.7869	42.424	17.1175	96.8938	1	1	1	0	0	0	0	0
04.08.2015 10:13:53.862000	0.0799999	0.0814627	0.0846905	125.643	-672.047	-0.00470197	5	4	4	4	478.544	349	40.7704	5.28179	0	1.21983	10.8469	42.4061	17.1407	96.7365	1	1	1	0	0	0	0	0
04.08.2015 10:13:53.962000	0.0799999	0.0814627	0.0846905	125.648	-672.047	-0.00488281	5	4	4	4	568.905	349	40.8893	5.28179	0	1.22515	10.9104	42.3898	17.1641	96.5843	1	1	1	0	0	0	0	0
04.08.2015 10:13:54.062000	0.0799999	0.0814627	0.0846905	125.646	-672.052	-0.00325521	5	4	4	4	524.228	349	41.0122	5.28179	0	1.21627	10.9462	42.3794	17.1626	96.5502	1	1	1	0	0	0	0	0
04.08.2015 10:13:54.162000	0.0799999	0.0814627	0.0846905	125.648	-672.047	-0.00434028	5	4	4	4	615.046	349	41.1336	5.28179	0	1.20739	10.9161	42.3831	17.1761	96.5124	1	1	1	0	0	0	0	0
04.08.2015 10:13:54.262000	0.0799999	0.0814627	0.0846905	125.648	-672.052	-0.00470197	5	4	4	4	566.084	349	41.2524	5.28179	0	1.20734	10.9227	42.3872	17.1731	96.5397	1	1	1	0	0	0	0	0
04.08.2015 10:13:54.362000	0.0799999	0.0814627	0.0846905	125.648	-672.051	-0.00488281	5	4	4	4	666.879	349	41.3773	5.28179	0	1.20729	10.9041	42.3804	17.1875	96.4588	1	1	1	0	0	0	0	0
04.08.2015 10:13:54.462000	0.0799999	0.0814627	0.0846905	125.648	-672.052	-0.00542535	5	4	4	4	345.122	349	41.4922	5.28179	0	1.20514	10.9252	42.3858	17.1935	96.4565	1	1	1	0	0	0	0	0
04.08.2015 10:13:54.562000	0.0799999	0.0814627	0.0846905	125.648	-672.055	-0.00379774	5	4	4	4	656.712	349	41.6151	5.28179	0	1.20147	10.9433	42.3811	17.1818	96.4829	1	1	1	0	0	0	0	0
04.08.2015 10:13:54.662000	0.0799999	0.0814627	0.0846905	125.648	-672.052	-0.00470197	5	4	4	4	564.582	349	41.7339	5.28179	0	1.20329	10.904	42.3903	17.1871	96.4981	1	1	1	0	0	0	0	0
04.08.2015 10:13:54.762000	0.0799999	0.0814627	0.0846905	125.648	-672.051	-0.00488281	5	4	4	4	559.409	349	41.8548	5.28179	0	1.20733	10.9492	42.3875	17.1798	96.5149	1	1	1	0	0	0	0	0
04.08.2015 10:13:54.862000	0.0799999	0.0814627	0.0846905	125.648	-672.052	-0.00397859	5	4	4	4	452.645	349	41.9797	5.28179	0	1.21053	10.9658	42.3849	17.1938	96.4518	1	1	1	0	0	0	0	0
04.08.2015 10:13:54.962000	0.0799999	0.0814627	0.0846905	125.648	-672.055	-0.00651042	5	4	4	4	580.735	349	42.0975	5.14487	0	1.21919	10.9741	42.3919	17.1938	96.4782	1	1	1	0.04	0	0	0	0
04.08.2015 10:13:55.062000	0.0799999	0.0814627	0.0846905	125.648	-672.055	-0.00687211	5	4	4	4	235.156	349	42.1826	1.96662	0.10796	1.21919	10.8416	42.5177	17.3711	96.2815	1	1	1	1	0	0	0	0
04.08.2015 10:13:55.162000	0.0799999	0.0814627	0.0846905	125.648	-672.055	-0.00651042	5	4	4	4	75.9945	349	42.2413	2.74288	0.88422	1.13384	8.39987	42.8712	17.5817	96.8288	1	1	1	1	0	0	0	0
04.08.2015 10:13:55.262000	0.0799999	0.0814627	0.0846905	125.648	-672.055	-0.00868056	5	4	4	4	187.6	349	42.309	3.34449	1.48583	0.812789	7.43438	43.1016	17.808	96.8442	1	1	1	1	0	0	0	0
04.08.2015 10:13:55.362000	0.0799999	0.0814627	0.0846905	125.648	-672.055	-0.00868056	5	4	4	4	301.942	349	42.398	3.64055	1.7819	0.812789	7.00872	43.2292	17.9562	96.7654	1	1	1	1	0	0	0	0
04.08.2015 10:13:55.462000	0.0799999	0.0814627	0.0846905	125.648	-672.055	-0.00831887	5	4	4	4	429.217	349	42.4816	3.60174	1.74309	0.816191	6.71856	43.3293	18.0421	96.8199	1	1	1	1	0	0	0	0
04.08.2015 10:13:55.562000	0.0799999	0.0814627	0.0846905	125.648	-672.055	-0.00922309	5	4	4	4	430.785	349	42.5611	3.32806	1.46941	0.828987	6.5026	43.4393	18.1414	96.8608	1	1	1	1	0	0	0	0
04.08.2015 10:13:55.662000	0.0799999	0.0814627	0.0846905	125.648	-672.055	-0.00904225	5	4	4	4	470.566	349	42.6427	3.0008	1.14215	0.828987	6.49415	43.5631	18.2508	96.9157	1	1	1	1	0	0	0	0
04.08.2015 10:13:55.762000	0.0799999	0.0814627	0.0846905	125.652	-672.055	-0.00705295	5	4	4	4	476.846	349	42.7069	2.61891	0.760255	0.828987	6.4694	43.7104	18.3762	96.9996	1	1	1	1	0	0	0	0
04.08.2015 10:13:55.862000	0.0799999	0.0814627	0.0846905	125.648	-672.055	-0.00687211	5	4	4	4	405.755	349	42.7681	2.36239	0.50373	0.74927	6.42901	43.8525	18.5144	97.0146	1	1	1	1	0	0	0	0
04.08.2015 10:13:55.962000	0.0799999	0.0814627	0.0846905	125.648	-672.055	-0.00651042	5	4	4	4	379.157	349	42.8278	2.21706	0.358402	0.72934	6.45923	43.9963	18.637	97.0957	1	1	1	1	0	0	0	0
04.08.2015 10:13:56.062000	0.0799999	0.0814627	0.0846905	125.648	-672.055	-0.00651042	5	4	4	4	377.306	349	42.884	2.15644	0.297785	0.72934	6.47688	44.1182	18.74	97.1681	1	1	1	1	0	0	0	0
04.08.2015 10:13:56.162000	0.0799999	0.0814627	0.0846905	125.648	-672.055	-0.00651042	5	4	4	4	366.849	349	42.9392	2.11507	0.256415	0.72934	6.49774	44.24	18.8457	97.2298	1	1	1	1	0	0	0	0
04.08.2015 10:13:56.262000	0.0799999	0.0814627	0.0846905	125.651	-672.055	-0.00651042	5	4	4	4	340.174	349	42.9939	2.07918	0.220527	0.670946	6.48754	44.3479	18.9455	97.2607	1	1	1	1	0	0	0	0
04.08.2015 10:13:56.362000	0.0799999	0.0814627	0.0846905	125.652	-672.055	-0.00651042	5	4	4	4	376.831	349	43.0466	2.07897	0.220316	0.557592	6.51934	44.4223	19.0351	97.2025	1	1	1	1	0	0	0	0
04.08.2015 10:13:56.462000	0.0799999	0.0814627	0.0846905	125.656	-672.055	-0.00687211	5	4	4	4	332.195	349	43.1003	2.04415	0.18549	0.557592	6.51821	44.5031	19.1103	97.224	1	1	1	1	0	0	0	0
04.08.2015 10:13:56.562000	0.0799999	0.0814627	0.0846905	125.656	-672.055	-0.00596788	5	4	4	4	345.695	349	43.1571	2.0539	0.195248	0.557592	6.55132	44.5789	19.1797	97.2487	1	1	1	1	0	0	0	0
04.08.2015 10:13:56.662000	0.0799999	0.0814627	0.0846905	125.659	-672.055	-0.00687211	5	4	4	4	320.423	349	43.2118	2.04245	0.183794	0.557592	6.57627	44.6311	19.2401	97.217	1	1	1	1	0	0	0	0
04.08.2015 10:13:56.762000	0.0799999	0.0814627	0.0846905	125.656	-672.055	-0.00651042	5	4	4	4	337.936	349	43.266	2.06027	0.201613	0.550659	6.60538	44.6806	19.2947	97.1973	1	1	1	1	0	0	0	0
04.08.2015 10:13:56.862000	0.0799999	0.0814627	0.0846905	125.656	-672.055	-0.00687211	5	4	4	4	366.435	349	43.3242	2.07936	0.220701	0.549033	6.59258	44.7367	19.3361	97.2537	1	1	1	1	0	0	0	0
04.08.2015 10:13:56.962000	0.0799999	0.0814627	0.0846905	125.656	-672.055	-0.00705295	5	4	4	4	345.306	349	43.3849	2.08735	0.228694	0.549033	6.56549	44.7757	19.3766	97.248	1	1	1	1	0	0	0	0
04.08.2015 10:13:57.062000	0.0799999	0.0814627	0.0846905	125.661	-672.055	-0.00687211	5	4	4	4	354.899	349	43.4396	2.08748	0.22882	0.549033	6.52768	44.7986	19.414	97.1927	1	1	1	1	0	0	0	0
04.08.2015 10:13:57.162000	0.0799999	0.0814627	0.0846905	125.664	-672.055	-0.00596788	5	4	4	4	351.608	349	43.4963	2.08197	0.223312	0.557894	6.50959	44.8338	19.4512	97.1849	1	1	1	1	0	0	0	0
04.08.2015 10:13:57.262000	0.0799999	0.0814627	0.0846905	125.664	-672.055	-0.00434028	5	4	4	4	344.013	349	43.5535	2.07438	0.215722	0.569171	6.52144	44.8579	19.4782	97.1737	1	1	1	1	0	0	0	0
04.08.2015 10:13:57.362000	0.0799999	0.0814627	0.0846905	125.664	-672.055	-0.00434028	5	4	4	4	330.715	349	43.6097	2.07587	0.217212	0.569171	6.56278	44.8752	19.5034	97.1436	1	1	1	1	0	0	0	0
04.08.2015 10:13:57.462000	0.0799999	0.0814627	0.0846905	125.664	-672.055	-0.00542535	5	4	4	4	321.241	349	43.6644	2.09122	0.23256	0.569171	6.56561	44.9008	19.5309	97.1363	1	1	1	1	0	0	0	0
04.08.2015 10:13:57.562000	0.0799999	0.0814627	0.0846905	125.664	-672.055	-0.00705295	5	4	4	4	300.507	349	43.7266	2.13752	0.278866	0.569745	6.57671	44.9132	19.5568	97.0844	1	1	1	1	0	0	0	0
04.08.2015 10:13:57.662000	0.0799999	0.0814627	0.0846905	125.664	-672.055	-0.00542535	5	4	4	4	343.109	349	43.7873	2.21115	0.352496	0.574396	6.60336	44.9217	19.5696	97.0681	1	1	1	1	0	0	0	0
04.08.2015 10:13:57.762000	0.0799999	0.0814627	0.0846905	125.664	-672.055	-0.00488281	5	4	4	4	331.575	349	43.8455	2.27262	0.413962	0.574396	6.5661	44.9317	19.5822	97.0583	1	1	1	1	0	0	0	0
04.08.2015 10:13:57.862000	0.0799999	0.0814627	0.0846905	125.664	-672.055	-0.00542535	5	4	4	4	302.336	349	43.9042	2.33005	0.471397	0.574396	6.58364	44.9288	19.5862	97.0316	1	1	1	1	0	0	0	0
04.08.2015 10:13:57.962000	0.0799999	0.0814627	0.0846905	125.664	-672.055	-0.00651042	5	4	4	4	373.275	349	43.9728	2.40157	0.542911	0.581681	6.60655	44.9108	19.5755	97.0036	1	1	1	1	0	0	0	0
04.08.2015 10:13:58.062000	0.0799999	0.0814627	0.0846905	125.664	-672.055	-0.00578704	5	4	4	4	389.58	349	44.0385	2.4323	0.573642	0.626434	6.54761	44.9027	19.562	97.0246	1	1	1	1	0	0	0	0
04.08.2015 10:13:58.162000	0.0799999	0.0814627	0.0846905	125.664	-672.055	-0.00488281	5	4	4	4	405.541	349	44.1007	2.40869	0.550037	0.626434	6.47477	44.8922	19.5515	97.0246	1	1	1	1	0	0	0	0
04.08.2015 10:13:58.262000	0.0799999	0.0814627	0.0846905	125.664	-672.055	-0.00506366	5	4	4	4	330.603	349	44.1653	2.34555	0.486894	0.626434	6.47804	44.8743	19.5572	96.934	1	1	1	1	0	0	0	0
04.08.2015 10:13:58.362000	0.0799999	0.0814627	0.0846905	125.664	-672.055	-0.00434028	5	4	4	4	333.74	349	44.2305	2.31152	0.452862	0.627408	6.5682	44.8904	19.5618	96.9784	1	1	1	1	0	0	0	0
04.08.2015 10:13:58.462000	0.0799999	0.0814627	0.0846905	125.664	-672.055	-0.00542535	5	4	4	4	309.366	349	44.2897	2.31201	0.453352	0.631302	6.60493	44.8873	19.5714	96.9295	1	1	1	1	0	0	0	0
04.08.2015 10:13:58.562000	0.0799999	0.0814627	0.0846905	125.664	-672.055	-0.00705295	5	4	4	4	321.344	349	44.3499	2.35412	0.495468	0.631302	6.60674	44.8932	19.5686	96.9627	1	1	1	1	0	0	0	0
04.08.2015 10:13:58.662000	0.0799999	0.0814627	0.0846905	125.664	-672.055	-0.00759549	5	4	4	4	323.272	349	44.412	2.41238	0.553721	0.631302	6.61675	44.8936	19.5737	96.9449	1	1	1	1	0	0	0	0
04.08.2015 10:13:58.762000	0.0799999	0.0814627	0.0846905	125.668	-672.055	-0.00705295	5	4	4	4	344.113	349	44.4807	2.47055	0.611893	0.630195	6.60139	44.87	19.5782	96.8372	1	1	1	1	0	0	0	0
04.08.2015 10:13:58.862000	0.0799999	0.0814627	0.0846905	125.664	-672.055	-0.00976563	5	4	4	4	334.54	349	44.5429	2.5134	0.654745	0.62649	6.60145	44.8591	19.5759	96.8043	1	1	1	1	0	0	0	0
04.08.2015 10:13:58.962000	0.0799999	0.0814627	0.0846905	125.664	-672.055	-0.0119358	5	4	4	4	322.484	349	44.6055	2.56009	0.701437	0.62649	6.59605	44.8378	19.5558	96.7998	1	1	1	1	0	0	0	0
04.08.2015 10:13:59.062000	0.0799999	0.0814627	0.0846905	125.672	-672.055	-0.0108507	5	4	4	4	334.102	349	44.6777	2.61286	0.754203	0.62649	6.58582	44.8148	19.5376	96.7811	1	1	1	1	0	0	0	0
04.08.2015 10:13:59.162000	0.0799999	0.0814627	0.0846905	125.664	-672.055	-0.00922309	5	4	4	4	344.54	349	44.7443	2.66626	0.807604	0.650724	6.60297	44.7951	19.5127	96.8012	1	1	1	1	0	0	0	0
04.08.2015 10:13:59.262000	0.0799999	0.0814627	0.0846905	125.669	-672.055	-0.00614873	5	4	4	4	357.503	349	44.814	2.70198	0.843323	0.672215	6.59143	44.7591	19.4927	96.7402	1	1	1	1	0	0	0	0
04.08.2015 10:13:59.362000	0.0799999	0.0814627	0.0846905	125.668	-672.055	-0.00488281	5	4	4	4	362.199	349	44.8861	2.71647	0.857817	0.672215	6.58247	44.7411	19.4639	96.7811	1	1	1	1	0	0	0	0
04.08.2015 10:13:59.462000	0.0799999	0.0814627	0.0846905	125.672	-672.055	-0.00542535	5	4	4	4	360.056	349	44.9522	2.71056	0.851906	0.672558	6.5681	44.706	19.4413	96.7332	1	1	1	1	0	0	0	0
04.08.2015 10:13:59.562000	0.0799999	0.0814627	0.0846905	125.672	-672.055	-0.00434028	5	4	4	4	291.642	349	45.0303	2.71343	0.854777	0.706589	6.61328	44.6936	19.4275	96.739	1	1	1	1	0	0	0	0
04.08.2015 10:13:59.662000	0.0799999	0.0814627	0.0846905	125.672	-672.055	-0.00434028	5	4	4	4	367.111	349	45.094	2.74776	0.889105	0.706589	6.60391	44.6742	19.4048	96.7517	1	1	1	1	0	0	0	0
04.08.2015 10:13:59.762000	0.0799999	0.0814627	0.0846905	125.672	-672.055	-0.00705295	5	4	4	4	352.803	349	45.1721	2.75974	0.901079	0.706589	6.57849	44.6551	19.3883	96.7414	1	1	1	1	0	0	0	0
04.08.2015 10:13:59.862000	0.0799999	0.0814627	0.0846905	125.672	-672.055	-0.00687211	5	4	4	4	319.295	349	45.2402	2.77468	0.916028	0.7076	6.60109	44.6444	19.3724	96.7694	1	1	1	1	0	0	0	0
04.08.2015 10:13:59.962000	0.0799999	0.0814627	0.0846905	125.676	-672.055	-0.00434028	5	4	4	4	314.832	349	45.3119	2.81629	0.95778	0.70861	6.61019	44.6209	19.3569	96.7166	1	1	1	1	0	0	0	0
04.08.2015 10:14:00.062000	0.0799999	0.0814627	0.0846905	125.672	-672.055	-0.00506366	5	4	4	4	340.827	349	45.3885	2.86993	1.01138	0.70861	6.61555	44.6077	19.3363	96.762	1	1	1	1	0	0	0	0
04.08.2015 10:14:00.162000	0.0799999	0.0814627	0.0846905	125.676	-672.055	-0.0016276	5	4	4	4	363.151	349	45.4616	2.91754	1.05889	0.712729	6.61144	44.5932	19.3069	96.8159	1	1	1	1	0	0	0	0
04.08.2015 10:14:00.262000	0.0799999	0.0814627	0.0846905	125.674	-672.055	-0.00108507	5	4	4	4	334.822	349	45.5392	2.93854	1.07988	0.738032	6.58317	44.5593	19.2935	96.7276	1	1	1	1	0	0	0	0
04.08.2015 10:14:00.362000	0.0799999	0.0814627	0.0846905	125.68	-672.055	-0.00108507	5	4	4	4	320.392	349	45.6158	2.96596	1.10731	0.738032	6.59204	44.5241	19.2674	96.7028	1	1	1	1	0	0	0	0
04.08.2015 10:14:00.462000	0.0799999	0.0814627	0.0846905	125.68	-672.055	-0.00144676	5	4	4	4	347.237	349	45.6894	3.00965	1.151	0.738032	6.6149	44.5033	19.2403	96.7267	1	1	1	1	0	0	0	0
04.08.2015 10:14:00.562000	0.0799999	0.0814627	0.0846905	125.68	-672.055	-0.0016276	5	4	4	4	334.763	349	45.769	3.03896	1.1803	0.76229	6.64015	44.4741	19.2203	96.6918	1	1	1	1	0	0	0	0
04.08.2015 10:14:00.662000	0.0799999	0.0814627	0.0846905	125.68	-672.055	-0.00072338	5	4	4	4	284.901	349	45.8411	3.08075	1.22209	0.765288	6.66067	44.4468	19.1978	96.6734	1	1	1	1	0	0	0	0
04.08.2015 10:14:00.762000	0.0799999	0.0814627	0.0846905	125.68	-672.055	-0.00379774	5	4	4	4	324.675	349	45.9247	3.16322	1.30457	0.765288	6.68466	44.4151	19.1678	96.6671	1	1	1	1	0	0	0	0
04.08.2015 10:14:00.862000	0.0799999	0.0814627	0.0846905	125.68	-672.055	-0.00470197	5	4	4	4	340.228	349	46.0013	3.24537	1.38672	0.777216	6.68112	44.3661	19.1327	96.6138	1	1	1	1	0	0	0	0
04.08.2015 10:14:00.962000	0.0799999	0.0814627	0.0846905	125.68	-672.055	-0.00488281	5	4	4	4	344.766	349	46.0839	3.31109	1.45244	0.782088	6.65761	44.3296	19.091	96.6334	1	1	1	1	0	0	0	0
04.08.2015 10:14:01.062000	0.0799999	0.0814627	0.0846905	125.68	-672.055	-0.00470197	5	4	4	4	342.08	349	46.1674	3.36017	1.50151	0.782088	6.62813	44.2725	19.049	96.5759	1	1	1	1	0	0	0	0
04.08.2015 10:14:01.162000	0.0799999	0.0814627	0.0846905	125.68	-672.055	-0.00488281	5	4	4	4	389.849	349	46.2465	3.38623	1.52757	0.804092	6.58645	44.2271	18.9992	96.5925	1	1	1	1	0	0	0	0
04.08.2015 10:14:01.262000	0.0799999	0.0814627	0.0846905	125.68	-672.055	-0.00470197	5	4	4	4	312.304	349	46.3341	3.38355	1.5249	0.815427	6.58338	44.1884	18.9698	96.557	1	1	1	1	0	0	0	0
04.08.2015 10:14:01.362000	0.0799999	0.0814627	0.0846905	125.68	-672.055	-0.00434028	5	4	4	4	310.478	349	46.4191	3.41674	1.55808	0.815427	6.61114	44.1462	18.9359	96.525	1	1	1	1	0	0	0	0
04.08.2015 10:14:01.462000	0.0799999	0.0814627	0.0846905	125.68	-672.055	-0.00434028	5	4	4	4	319.699	349	46.5022	3.46764	1.60898	0.835075	6.59593	44.105	18.9099	96.467	1	1	1	1	0	0	0	0
04.08.2015 10:14:01.562000	0.0799999	0.0814627	0.0846905	125.68	-672.055	-0.00434028	5	4	4	4	303.005	349	46.5882	3.53832	1.67966	0.8431	6.66176	44.0689	18.8775	96.4528	1	1	1	1	0	0	0	0
04.08.2015 10:14:01.662000	0.0799999	0.0814627	0.0846905	125.68	-672.055	-0.00614873	5	4	4	4	343.943	349	46.6798	3.61995	1.76129	0.8431	6.66074	44.0203	18.8319	96.4413	1	1	1	1	0	0	0	0
04.08.2015 10:14:01.762000	0.0799999	0.0814627	0.0846905	125.68	-672.055	-0.00813802	5	4	4	4	316.161	349	46.7708	3.68983	1.83117	0.884161	6.63362	43.9631	18.7918	96.3759	1	1	1	1	0	0	0	0
04.08.2015 10:14:01.862000	0.0799999	0.0814627	0.0846905	125.68	-672.055	-0.0101273	5	4	4	4	373.513	349	46.8593	3.75921	1.90055	0.888222	6.63323	43.9203	18.7447	96.3925	1	1	1	1	0	0	0	0
04.08.2015 10:14:01.962000	0.0799999	0.0814627	0.0846905	125.68	-672.055	-0.0113932	5	4	4	4	358.256	349	46.9524	3.78641	1.92775	0.894133	6.6075	43.8643	18.7042	96.3329	1	1	1	1	0	0	0	0
04.08.2015 10:14:02.062000	0.0799999	0.0814627	0.0846905	125.68	-672.055	-0.0108507	5	4	4	4	339.125	349	47.0424	3.79407	1.93541	0.917774	6.59825	43.8188	18.677	96.263	1	1	1	1	0	0	0	0
04.08.2015 10:14:02.162000	0.0799999	0.0814627	0.0846905	125.68	-672.055	-0.0108507	5	4	4	4	352.958	349	47.1359	3.80343	1.94477	0.917774	6.62	43.7891	18.6426	96.2808	1	1	1	1	0	0	0	0
04.08.2015 10:14:02.262000	0.0799999	0.0814627	0.0846905	125.682	-672.055	-0.00868056	5	4	4	4	331.472	349	47.2284	3.81537	1.95671	0.914628	6.63862	43.759	18.6132	96.2784	1	1	1	1	0	0	0	0
04.08.2015 10:14:02.362000	0.0799999	0.0814627	0.0846905	125.688	-672.055	-0.00651042	5	4	4	4	339.248	349	47.319	3.83531	1.97665	0.91108	6.63648	43.7252	18.5896	96.2392	1	1	1	1	0	0	0	0
04.08.2015 10:14:02.462000	0.0799999	0.0814627	0.0846905	125.682	-672.055	-0.0072338	5	4	4	4	304.567	349	47.412	3.86076	2.0021	0.91108	6.6115	43.6955	18.5662	96.2153	1	1	1	1	0	0	0	0
04.08.2015 10:14:02.562000	0.0799999	0.0814627	0.0846905	125.688	-672.055	-0.00705295	5	4	4	4	320.654	349	47.5045	3.91912	2.06047	0.916137	6.62736	43.6657	18.5348	96.2212	1	1	1	1	0	0	0	0
04.08.2015 10:14:02.662000	0.0799999	0.0814627	0.0846905	125.688	-672.055	-0.00651042	5	4	4	4	341.686	349	47.599	3.9862	2.12754	0.917733	6.62917	43.638	18.4995	96.2501	1	1	1	1	0	0	0	0
04.08.2015 10:14:02.762000	0.0799999	0.0814627	0.0846905	125.688	-672.055	-0.00759549	5	4	4	4	361.527	349	47.6935	4.03701	2.17836	0.923948	6.60466	43.5999	18.4664	96.231	1	1	1	1	0	0	0	0
04.08.2015 10:14:02.862000	0.0799999	0.0814627	0.0846905	125.688	-672.055	-0.00651042	5	4	4	4	353.867	349	47.791	4.05856	2.1999	0.956575	6.60806	43.5597	18.4364	96.1924	1	1	1	1	0	0	0	0
04.08.2015 10:14:02.962000	0.0799999	0.0814627	0.0846905	125.688	-672.055	-0.00705295	5	4	4	4	331.155	349	47.8885	4.06497	2.20631	0.956575	6.62988	43.5216	18.4125	96.1375	1	1	1	1	0	0	0	0
04.08.2015 10:14:03.062000	0.0799999	0.0814627	0.0846905	125.688	-672.055	-0.00687211	5	4	4	4	330.184	349	47.9865	4.09123	2.23258	0.968042	6.64669	43.5007	18.3885	96.1494	1	1	1	1	0	0	0	0
04.08.2015 10:14:03.162000	0.0799999	0.0814627	0.0846905	125.688	-672.055	-0.00651042	5	4	4	4	344.094	349	48.085	4.12934	2.27069	0.975373	6.67324	43.4722	18.3586	96.1548	1	1	1	1	0	0	0	0
04.08.2015 10:14:03.262000	0.0799999	0.0814627	0.0846905	125.69	-672.055	-0.00687211	5	4	4	4	374.184	349	48.1835	4.15653	2.29787	0.975645	6.69254	43.4285	18.3522	96.012	1	1	1	1	0	0	0	0
04.08.2015 10:14:03.362000	0.0799999	0.0814627	0.0846905	125.688	-672.055	-0.00651042	5	4	4	4	338.168	349	48.2835	4.15955	2.3009	0.979256	6.63441	43.3824	18.354	95.8286	1	1	1	1	0	0	0	0
04.08.2015 10:14:03.462000	0.0799999	0.0814627	0.0846905	125.693	-672.055	-0.0072338	5	4	4	4	342.285	349	48.3829	4.16951	2.31085	0.979256	6.6585	43.3548	18.3231	95.8412	1	1	1	1	0	0	0	0
04.08.2015 10:14:03.562000	0.0799999	0.0814627	0.0846905	125.691	-672.055	-0.00651042	5	4	4	4	367.763	349	48.4819	4.17466	2.31601	0.988176	6.61141	43.3326	18.3018	95.8379	1	1	1	1	0	0	0	0
04.08.2015 10:14:03.662000	0.0799999	0.0814627	0.0846905	125.695	-672.055	-0.00506366	5	4	4	4	395.197	349	48.5814	4.15216	2.29351	0.994906	6.60716	43.3169	18.2827	95.851	1	1	1	1	0	0	0	0
04.08.2015 10:14:03.762000	0.0799999	0.0814627	0.0846905	125.695	-672.055	-0.00705295	5	4	4	4	290.702	349	48.6794	4.1059	2.24724	0.995222	6.60979	43.2969	18.2827	95.7743	1	1	1	1	0	0	0	0
04.08.2015 10:14:03.862000	0.0799999	0.0814627	0.0846905	125.69	-672.055	-0.00578704	5	4	4	4	288.249	349	48.7759	4.12671	2.26805	0.998865	6.64937	43.2998	18.2748	95.8157	1	1	1	1	0	0	0	0
04.08.2015 10:14:03.962000	0.0799999	0.0814627	0.0846905	125.695	-672.055	-0.00488281	5	4	4	4	331.817	349	48.8739	4.19985	2.3412	0.998865	6.69424	43.2916	18.2622	95.8325	1	1	1	1	0	0	0	0
04.08.2015 10:14:04.062000	0.0799999	0.0814627	0.0846905	125.695	-672.055	-0.00578704	5	4	4	4	340.754	349	48.9769	4.26876	2.4101	0.99219	6.63767	43.2603	18.2405	95.7958	1	1	1	1	0	0	0	0
04.08.2015 10:14:04.162000	0.0799999	0.0814627	0.0846905	125.695	-672.055	-0.00596788	5	4	4	4	355.028	349	49.0793	4.32279	2.46413	0.986946	6.63271	43.2331	18.2133	95.7958	1	1	1	1	0	0	0	0
04.08.2015 10:14:04.262000	0.0799999	0.0814627	0.0846905	125.695	-672.055	-0.00578704	5	4	4	4	342.579	349	49.1838	4.3563	2.49764	0.992663	6.67274	43.2051	18.1862	95.7926	1	1	1	1	0	0	0	0
04.08.2015 10:14:04.362000	0.0799999	0.0814627	0.0846905	125.695	-672.055	-0.00488281	5	4	4	4	348.107	349	49.2853	4.38185	2.52319	1.02778	6.69786	43.1794	18.1595	95.7961	1	1	1	1	0	0	0	0
04.08.2015 10:14:04.462000	0.0799999	0.0814627	0.0846905	125.695	-672.055	-0.00325521	5	4	4	4	389.81	349	49.3892	4.38919	2.53053	1.02778	6.68202	43.1487	18.1304	95.79	1	1	1	1	0	0	0	0
04.08.2015 10:14:04.562000	0.0799999	0.0814627	0.0846905	125.695	-672.055	-0.0016276	5	4	4	4	348.694	349	49.4917	4.35975	2.5011	1.02772	6.61797	43.1297	18.1219	95.7498	1	1	1	1	0	0	0	0
04.08.2015 10:14:04.662000	0.0799999	0.0814627	0.0846905	125.695	-672.055	-0.00108507	5	4	4	4	340.895	349	49.5942	4.34178	2.48312	1.02769	6.64016	43.1263	18.1139	95.7676	1	1	1	1	0	0	0	0
04.08.2015 10:14:04.762000	0.0799999	0.0814627	0.0846905	125.695	-672.055	-0.00217014	5	4	4	4	289.444	349	49.6956	4.35136	2.4927	1.02769	6.64685	43.1235	18.1167	95.7461	1	1	1	1	0	0	0	0
04.08.2015 10:14:04.862000	0.0799999	0.0814627	0.0846905	125.695	-672.055	-0.0036169	5	4	4	4	346.086	349	49.7991	4.40192	2.54327	1.02768	6.65267	43.1169	18.1039	95.7694	1	1	1	1	0	0	0	0
04.08.2015 10:14:04.962000	0.0799999	0.0814627	0.0846905	125.695	-672.055	-0.00488281	5	4	4	4	353.152	349	49.9021	4.44499	2.58634	1.02768	6.63894	43.103	18.0874	95.7797	1	1	1	1	0	0	0	0
04.08.2015 10:14:05.062000	0.0799999	0.0814627	0.0846905	125.695	-672.055	-0.00434028	5	4	4	4	339.398	349	50.007	4.47006	2.61141	1.03949	6.61855	43.0789	18.0695	95.7559	1	1	1	1	0	0	0	0
04.08.2015 10:14:05.162000	0.0799999	0.0814627	0.0846905	125.695	-672.055	-0.00434028	5	4	4	4	333.195	349	50.11	4.50051	2.64186	1.04066	6.63599	43.0528	18.0464	95.7444	1	1	1	1	0	0	0	0
04.08.2015 10:14:05.262000	0.0799999	0.0814627	0.0846905	125.695	-672.052	-0.00470197	5	4	4	4	332.198	349	50.2179	4.53659	2.67794	1.04063	6.63857	43.0309	18.025	95.7426	1	1	1	1	0	0	0	0
04.08.2015 10:14:05.362000	0.0799999	0.0814627	0.0846905	125.695	-672.055	-0.00596788	5	4	4	4	349.113	349	50.3259	4.56875	2.7101	1.04061	6.64019	43.0052	18.0043	95.7232	1	1	1	1	0	0	0	0
04.08.2015 10:14:05.462000	0.0799999	0.0814627	0.0846905	125.695	-672.052	-0.00542535	5	4	4	4	376.852	349	50.4308	4.59	2.73135	1.04571	6.66657	42.9839	17.9818	95.7281	1	1	1	1	0	0	0	0
04.08.2015 10:14:05.562000	0.0799999	0.0814627	0.0846905	125.695	-672.055	-0.00434028	5	4	4	4	362.016	349	50.5382	4.58242	2.72376	1.06744	6.61316	42.9666	17.9666	95.7201	1	1	1	1	0	0	0	0
04.08.2015 10:14:05.662000	0.0799999	0.0814627	0.0846905	125.701	-672.055	-0.00397859	5	4	4	4	377.392	349	50.6422	4.5505	2.69185	1.06744	6.61427	42.9618	17.962	95.7192	1	1	1	1	0	0	0	0
04.08.2015 10:14:05.762000	0.0799999	0.0814627	0.0846905	125.699	-672.055	-0.00325521	5	4	4	4	320.943	349	50.7501	4.51992	2.66126	1.0674	6.6227	42.9584	17.9664	95.6895	1	1	1	1	0	0	0	0
04.08.2015 10:14:05.862000	0.0799999	0.0814627	0.0846905	125.703	-672.055	-0.000723379	5	4	4	4	313.577	349	50.8536	4.52403	2.66537	1.06739	6.64473	42.9629	17.969	95.6965	1	1	1	1	0	0	0	0
04.08.2015 10:14:05.962000	0.0799999	0.0814627	0.0846905	125.703	-672.055	-0.00434028	5	4	4	4	332.346	349	50.9621	4.56213	2.70347	1.06275	6.66003	42.9612	17.9637	95.7103	1	1	1	1	0	0	0	0
04.08.2015 10:14:06.062000	0.0799999	0.0814627	0.0846905	125.703	-672.055	-0.0036169	5	4	4	4	319.838	349	51.07	4.60551	2.74685	1.05829	6.64351	42.9428	17.9567	95.6671	1	1	1	1	0	0	0	0
04.08.2015 10:14:06.162000	0.0799999	0.0814627	0.0846905	125.703	-672.055	-0.00488281	5	4	4	4	339.408	349.052	51.1779	4.67914	2.82049	1.0609	6.6519	42.9204	17.9619	95.5612	1	1	1	1	0.68	0	0	0
04.08.2015 10:14:06.262000	0.0799999	0.0814627	0.0846905	125.703	-672.055	-0.00470197	5	4	4	4	353.895	349.72	51.2879	4.81474	2.95608	1.07206	6.63832	42.8698	17.942	95.4434	1	1	1	1	1	0	0	0
04.08.2015 10:14:06.362000	0.0799999	0.0814627	0.0846905	125.703	-672.055	-0.00488281	5	4	4	4	341.818	351.35	51.4008	4.89962	3.04097	1.07275	6.61683	42.8066	17.8955	95.3796	1	1	1	1	1	0	0	0
04.08.2015 10:14:06.462000	0.0799999	0.0814627	0.0846905	125.703	-672.055	-0.00470197	5	4	4	4	309.445	353.949	51.5202	5.04457	3.18592	1.14083	6.64173	42.7526	17.8486	95.3525	1	1	1	1	1	0	0	0
04.08.2015 10:14:06.562000	0.0799999	0.0814627	0.0846905	125.703	-672.055	-0.00488281	5	4	4	4	368.01	357.515	51.6361	5.26594	3.40729	1.14083	6.64095	42.6633	17.7742	95.2957	1	1	1	1	1	0	0	0
04.08.2015 10:14:06.662000	0.0799999	0.0814627	0.0846905	125.703	-672.055	-0.00506366	5	4	4	4	385.12	362.049	51.7639	5.42793	3.56927	1.19794	6.59562	42.5485	17.6691	95.2586	1	1	1	1	1	0	0	0
04.08.2015 10:14:06.762000	0.0799999	0.0814627	0.0846905	125.703	-672.055	-0.00488281	5	4	4	4	346.401	367.551	51.8877	5.53199	3.67333	1.20158	6.61722	42.431	17.5644	95.2093	1	1	1	1	1	0	0	0
04.08.2015 10:14:06.862000	0.0799999	0.0814627	0.0846905	125.703	-672.055	-0.00289352	5	4	4	4	402.745	374.021	52.0206	5.65799	3.79933	1.28186	6.65514	42.3313	17.467	95.2006	1	1	1	1	1	0	0	0
04.08.2015 10:14:06.962000	0.0799999	0.0814627	0.0846905	125.703	-672.055	-0.00434028	5	4	4	4	376.703	381.458	52.1499	5.74391	3.88525	1.28368	6.59909	42.2398	17.3858	95.1609	1	1	1	1	1	0	0	0
04.08.2015 10:14:07.062000	0.0799999	0.0814627	0.0846905	125.703	-672.055	-0.00397859	5	4	4	4	359.228	389.863	52.2812	5.89593	4.03727	1.30217	6.61653	42.1472	17.3055	95.1137	1	1	1	1	1	0	0	0
04.08.2015 10:14:07.162000	0.0799999	0.0814627	0.0846905	125.703	-672.055	-0.00542535	5	4	4	4	409.218	399.236	52.4205	6.1517	4.29305	1.31694	6.67434	42.0341	17.1911	95.1188	1	1	1	1	1	0	0	0
04.08.2015 10:14:07.262000	0.0799999	0.0814627	0.0846905	125.703	-672.055	-0.00578704	5	4	4	4	388.205	409.578	52.5662	6.3896	4.53095	1.35897	6.66257	41.8936	17.0702	95.0436	1	1	1	1	1	0	0	0
04.08.2015 10:14:07.362000	0.0799999	0.0814627	0.0846905	125.703	-672.055	-0.00434028	5	4	4	4	388.382	420.887	52.716	6.70349	4.84484	1.44251	6.63746	41.7464	16.9136	95.0798	1	1	1	1	1	0	0	0
04.08.2015 10:14:07.462000	0.0799999	0.0814627	0.0846905	125.703	-672.052	-0.00470197	5	4	4	4	441.545	433.163	52.8746	7.09221	5.23355	1.50204	6.58936	41.5577	16.737	95.0333	1	1	1	1	1	0	0	0
04.08.2015 10:14:07.562000	0.0799999	0.0814627	0.0846905	125.703	-672.055	-0.00488281	5	4	4	4	425.442	446.407	53.0423	7.45903	5.60038	1.59425	6.57328	41.3349	16.5371	94.9456	1	1	1	1	1	0	0	0
04.08.2015 10:14:07.662000	0.0799999	0.0814627	0.0846905	125.703	-672.055	-0.00397859	5	4	4	4	481.008	460.619	53.2159	7.83271	5.97405	1.67398	6.54915	41.106	16.3074	94.9487	1	1	1	1	1	0	0	0
04.08.2015 10:14:07.762000	0.0799999	0.0814627	0.0846905	125.703	-672.055	-0.00217014	5	4	4	4	460.616	475.798	53.3984	8.1987	6.34004	1.74735	6.56406	40.8828	16.0927	94.9164	1	1	1	1	1	0	0	0
04.08.2015 10:14:07.862000	0.0799999	0.0814627	0.0846905	125.708	-672.055	-0.00325521	5	4	4	4	439.758	491.945	53.5894	8.60966	6.751	1.81501	6.6001	40.6312	15.9102	94.6519	1	1	1	1	1	0	0	0
04.08.2015 10:14:07.962000	0.0799999	0.0814627	0.0846905	125.703	-672.055	-0.0016276	5	4	4	4	485.824	509.058	53.7884	9.14186	7.2832	1.93683	6.63514	40.3776	15.6721	94.5923	1	1	1	1	1	0	0	0
04.08.2015 10:14:08.062000	0.0799999	0.0814627	0.0846905	125.708	-672.055	-0.00253183	5	4	4	4	471.949	527.138	54.0013	9.75963	7.90098	2.0555	6.59979	40.0964	15.4156	94.4981	1	1	1	1	1	0	0	0
04.08.2015 10:14:08.162000	0.0799999	0.0814627	0.0846905	125.707	-672.055	-0.00379774	5	4	4	4	538.351	546.188	54.2246	10.471	8.61232	2.15983	6.54452	39.8133	15.1279	94.5154	1	1	1	1	1	0	0	0
04.08.2015 10:14:08.262000	0.0799999	0.0814627	0.0846905	125.711	-672.055	-0.00144676	5	4	4	4	527.321	566.204	54.4664	11.1363	9.27768	2.31366	6.48032	39.5026	14.8544	94.3731	1	1	1	1	1	0	0	0
04.08.2015 10:14:08.362000	0.0799999	0.0814627	0.0846905	125.711	-672.055	-0.0016276	5	4	4	4	549.945	587.19	54.7205	11.8715	10.0128	2.46425	6.42435	39.2209	14.5854	94.3242	1	1	1	1	1	0	0	0
04.08.2015 10:14:08.462000	0.0799999	0.0814627	0.0846905	125.711	-672.055	0.00072338	5	4	4	4	562.638	609.142	54.9887	12.6817	10.823	2.6422	6.4378	38.9641	14.3318	94.3123	1	1	1	1	1	0	0	0
04.08.2015 10:14:08.562000	0.0799999	0.0814627	0.0846905	125.711	-672.055	0.00217014	5	4	4	4	580.518	632.063	55.2722	13.5789	11.7202	2.75031	6.50162	38.6989	14.0939	94.2076	1	1	1	1	1	0	0	0
04.08.2015 10:14:08.662000	0.0799999	0.0814627	0.0846905	125.711	-672.055	-0.00072338	5	4	4	4	634.544	655.95	55.5741	14.4857	12.627	2.97729	6.44945	38.4494	13.8992	93.9978	1	1	1	1	1	0	0	0
04.08.2015 10:14:08.762000	0.0799999	0.0814627	0.0846905	125.711	-672.055	-0.0016276	5	4	4	4	628.881	680.804	55.8994	15.4046	13.546	3.21571	6.47573	38.2485	13.7183	93.9213	1	1	1	1	1	0	0	0
04.08.2015 10:14:08.862000	0.0799999	0.0814627	0.0846905	125.711	-672.055	-0.00144676	5	4	4	4	670.315	706.628	56.2382	16.4058	14.5471	3.34593	6.44219	38.1195	13.5991	93.8837	1	1	1	1	1	0	0	0
04.08.2015 10:14:08.962000	0.0799999	0.0814627	0.0846905	125.711	-672.055	-0.0016276	5	4	4	4	794.664	733.42	56.5973	17.2973	15.4387	3.55349	6.27457	38.0173	13.5009	93.8685	1	1	1	1	1	0	0	0
04.08.2015 10:14:09.062000	0.0799999	0.0814627	0.0846905	125.716	-672.055	-0.00108507	5	4	4	4	628.427	761.178	56.9748	18.0664	16.2077	3.74767	6.13749	37.8913	13.4407	93.6164	1	1	1	1	1	0	0	0
04.08.2015 10:14:09.162000	0.0799999	0.0814627	0.0846905	125.715	-672.055	-0.0016276	5	4	4	4	715.205	789.904	57.3663	19.1743	17.3156	3.8661	6.38056	37.8204	13.38	93.5773	1	1	1	1	1	0	0	0
04.08.2015 10:14:09.262000	0.0799999	0.0814627	0.0846905	125.716	-672.055	-0.00325521	5	4	4	4	767.304	805.037	57.7777	20.4118	17.9722	4.13757	6.41042	37.8148	13.3936	93.5037	1	1	1	1	1	0.03	0	0.03
04.08.2015 10:14:09.362000	0.0799999	0.0814627	0.0846905	125.719	-672.055	-0.00434028	5	4	4	4	1042.98	349	58.4781	21.2255	0	21.0019	6.40009	53.1878	15.9005	142.766	1	1	1	1	1	1	0	1
04.08.2015 10:14:09.462000	0.0799999	0.0814627	0.0846905	125.727	-672.052	-0.00506366	5	4	4	4	1701.3	349	62.0276	21.2255	0	76.3983	5.92888	105.918	7.50212	376.813	1	1	1	1	1	1	0.84	1
04.08.2015 10:14:09.562000	0.0799999	0.0814627	0.0846905	125.723	-672.047	-0.00434028	5	4	4	4	27.5214	349	62.1774	21.2255	0	73.984	3.82627	109.598	0.634602	417.199	1	1	1	1	1	1	1	1
04.08.2015 10:14:09.662000	0.0799999	0.0814627	0.0846905	125.615	-672.065	-0.00614873	5	4	4	4	3.17631	349	62.1774	11.8863	0	73.984	2.62705	124.169	0.530351	473.388	1	1	1	1	1	1	1	0.56
04.08.2015 10:14:09.762000	0.0799999	0.0814627	0.0846905	125.625	-672.07	-0.00705295	5	4	4	4	1.16705	349	62.1774	0	0	73.984	1.8923	127.595	0.477554	486.708	1	1	1	1	1	1	1	0
04.08.2015 10:14:09.862000	0.0799999	0.0814627	0.0846905	125.625	-672.073	-0.0072338	5	4	4	4	1.18944	349	62.1774	0	0	73.984	1.39738	127.637	0.502701	486.77	1	1	1	1	1	1	1	0
04.08.2015 10:14:09.962000	0.0799999	0.0814627	0.0846905	125.625	-672.063	-0.00705295	5	4	4	4	1.19404	349	62.1774	0	0	73.984	1.07104	127.735	0.491409	487.187	1	1	1	1	1	1	1	0
04.08.2015 10:14:10.062000	0.0799999	0.0814627	0.0846905	125.628	-672.068	-0.00687211	5	4	4	4	1.21037	349	62.1774	0	0	73.984	0.902488	127.665	0.476272	486.982	1	1	1	1	1	1	1	0
04.08.2015 10:14:10.162000	0.0799999	0.0814627	0.0846905	125.602	-672.07	-0.00488281	5	4	4	4	1.21002	349	62.1774	0	0	73.984	0.775955	127.625	0.481033	486.808	1	1	1	1	1	1	1	0
04.08.2015 10:14:10.262000	0.0799999	0.0814627	0.0846905	125.573	-672.068	-0.00434028	5	4	4	4	0.566776	349	62.1774	0	0	73.984	0.657429	127.617	0.48384	486.767	1	1	1	1	1	1	1	0
04.08.2015 10:14:10.362000	0.0799999	0.0814627	0.0846905	125.543	-672.074	-0.00434028	5	4	4	4	0.408278	349	62.1774	0	0	73.984	0.586314	127.615	0.482437	486.764	1	1	1	1	1	1	1	0
04.08.2015 10:14:10.462000	0.0799999	0.0814627	0.0846905	125.529	-672.07	-0.00434028	5	4	4	4	0.384215	349	62.1774	0	0	13.4394	0.535019	127.623	0.482927	486.798	1	1	1	1	1	1	1	0
04.08.2015 10:14:10.562000	0.0799999	0.0814627	0.0846905	125.523	-672.07	-0.00434028	5	4	4	4	0.399528	349	62.1774	0	0	0.149094	0.487522	127.622	0.487866	486.778	1	1	1	1	1	1	1	0
04.08.2015 10:14:10.662000	0.0799999	0.0814627	0.0846905	125.523	-672.07	-0.00470197	5	4	4	4	0.360476	349	62.1774	0	0	0.149094	0.445855	127.64	0.493973	486.817	1	1	1	1	1	1	1	0
04.08.2015 10:14:10.762000	0.0799999	0.0814627	0.0846905	125.523	-672.07	-0.00488281	5	4	4	4	0.375027	349	62.1774	0	0	0.149094	0.418229	127.65	0.499405	486.835	1	1	1	1	1	1	1	0
04.08.2015 10:14:10.862000	0.0799999	0.0814627	0.0846905	125.523	-672.07	-0.00542535	5	4	4	4	0.366384	349	62.1774	0	0	0.149094	0.396123	127.667	0.506729	486.87	1	1	1	1	1	1	1	0
04.08.2015 10:14:10.962000	0.0799999	0.0814627	0.0846905	125.523	-672.07	-0.00488281	5	4	4	4	0.380852	349	62.1774	0	0	0.149094	0.373611	127.686	0.510086	486.931	1	1	1	1	1	1	1	0
04.08.2015 10:14:11.062000	0.0799999	0.0814627	0.0846905	125.523	-672.07	-0.00506366	5	4	4	4	0.374288	349	62.1774	0	0	0.149094	0.352662	127.696	0.511856	486.961	1	1	1	1	1	1	1	0
04.08.2015 10:14:11.162000	0.0799999	0.0814627	0.0846905	125.523	-672.07	-0.00488281	5	4	4	4	0.377033	349	62.1774	0	0	0.149094	0.338223	127.713	0.507706	487.042	1	1	1	1	1	1	1	0
04.08.2015 10:14:11.262000	0.0799999	0.0814627	0.0846905	125.523	-672.07	-0.00470197	5	4	4	4	0.395633	349	62.1774	0	0	0.149094	0.325839	127.729	0.496048	487.148	1	1	1	1	1	1	1	0
04.08.2015 10:14:11.362000	0.0799999	0.0814627	0.0846905	125.523	-672.07	-0.00488281	5	4	4	4	0.403253	349	62.1774	0	0	0.149094	0.311921	127.74	0.493606	487.199	1	1	1	1	1	1	1	0
04.08.2015 10:14:11.462000	0.0799999	0.0814627	0.0846905	125.523	-672.07	-0.00506366	5	4	4	4	0.397469	349	62.1774	0	0	0.0268369	0.300637	127.753	0.496902	487.236	1	1	1	1	1	1	1	0
04.08.2015 10:14:11.562000	0.0799999	0.0814627	0.0846905	125.523	-672.07	-0.00651042	5	4	4	4	0.384883	349	62.1774	0	0	0	0.293576	127.757	0.498672	487.248	1	1	1	1	1	1	1	0
04.08.2015 10:14:11.662000	0.0799999	0.0814627	0.0846905	125.523	-672.07	-0.00651042	5	4	4	4	0.379178	349	62.1774	0	0	0	0.286053	127.763	0.497085	487.275	1	1	1	1	1	1	1	0
04.08.2015 10:14:11.762000	0.0799999	0.0814627	0.0846905	125.508	-672.07	-0.00705295	5	4	4	4	0.389501	349	62.1774	0	0	0	0.280816	127.775	0.495071	487.33	1	1	1	1	1	1	1	0
04.08.2015 10:14:11.862000	0.0799999	0.0814627	0.0846905	125.453	-672.044	-0.00687211	5	4	4	4	0.383722	349	62.1774	0	0	0	0.275839	127.784	0.495499	487.363	1	1	1	1	1	1	1	0
04.08.2015 10:14:11.962000	0.0799999	0.0814627	0.0846905	125.453	-671.703	-0.00705295	5	4	4	4	0.378657	349	62.1774	0	0	0	0.273351	127.795	0.497269	487.399	1	1	1	1	1	1	1	0
04.08.2015 10:14:12.062000	0.0799999	0.0814627	0.0846905	125.529	-668.648	-0.00687211	5	4	4	4	0.386223	349	62.1774	0	0	0	0.26901	127.809	0.496536	487.454	1	1	1	1	1	1	1	0
04.08.2015 10:14:12.162000	0.0799999	0.0814627	0.0846905	125.613	-649.465	-0.00976563	5	4	4	4	0.358577	349	62.1774	0	0	0	0.266088	127.82	0.493973	487.506	1	1	1	1	1	1	1	0
04.08.2015 10:14:12.262000	0.0799999	0.0814627	0.0846905	125.609	-621.961	-0.00651042	5	4	4	4	0.362636	349	62.1774	0	0	0	0.262963	127.813	0.496719	487.468	1	1	1	1	1	1	1	0
04.08.2015 10:14:12.362000	0.0799999	0.0814627	0.0846905	125.609	-599.086	-0.00813802	5	4	4	4	0.365992	349	62.1774	0	0	0	0.260214	127.795	0.498428	487.393	1	1	1	1	1	1	1	0
04.08.2015 10:14:12.462000	0.0799999	0.0814627	0.0846905	125.609	-570.07	-0.00904225	5	4	4	4	0.402581	349	62.1774	0	0	0	0.257552	127.779	0.49733	487.335	1	1	1	1	1	1	1	0
04.08.2015 10:14:12.562000	0.0799999	0.0814627	0.0846905	125.617	-521.68	-0.0113932	5	4	4	4	0.405666	349	62.1774	0	0	0	0.25463	127.761	0.494217	487.281	1	1	1	1	1	1	1	0
04.08.2015 10:14:12.662000	0.0799999	0.0814627	0.0846905	125.617	-482.742	-0.0108507	5	4	4	4	0.408116	349	62.1774	0	0	0	0.253762	127.737	0.494278	487.187	1	1	1	1	1	1	1	0
04.08.2015 10:14:12.762000	0.0799999	0.0814627	0.0846905	125.613	-441.543	-0.0108507	5	4	4	4	0.404461	349	62.1774	0	0	0	0.251215	127.712	0.493118	487.097	1	1	1	1	1	1	1	0
04.08.2015 10:14:12.862000	0.0799999	0.0814627	0.0846905	125.612	-393.896	-0.010489	5	4	4	4	0.386509	349	62.1774	0	0	0	0.250694	127.689	0.494156	487.004	1	1	1	1	1	1	1	0
04.08.2015 10:14:12.962000	0.0799999	0.0814627	0.0846905	125.609	-341.223	-0.0108507	5	4	4	4	0.40575	349	62.1774	0	0	0	0.248322	127.659	0.492691	486.894	1	1	1	1	1	1	1	0
04.08.2015 10:14:13.062000	0.0799999	0.0814627	0.0846905	125.609	-299.242	-0.00687211	5	4	4	4	0.423494	349	62.1774	0	0	0	0.248958	127.627	0.494217	486.765	1	1	1	1	1	1	1	0
04.08.2015 10:14:13.162000	0.0799999	0.0814627	0.0846905	125.609	-257.434	-0.00705295	5	4	4	4	0.416366	349	62.1774	0	0	0	0.246296	127.599	0.496292	486.65	1	1	1	1	1	1	1	0
04.08.2015 10:14:13.262000	0.0799999	0.0814627	0.0846905	125.609	-210.617	-0.00687211	5	4	4	4	0.403096	349	62.1774	0	0	0	0.24566	127.571	0.495315	486.549	1	1	1	1	1	1	1	0
04.08.2015 10:14:13.362000	0.0799999	0.0814627	0.0846905	125.609	-158.051	-0.00705295	5	4	4	4	0.397534	349	62.1774	0	0	0	0.244184	127.543	0.500443	486.421	1	1	1	1	1	1	1	0
04.08.2015 10:14:13.462000	0.0799999	0.0814627	0.0846905	125.609	-116.938	-0.00687211	5	4	4	4	0.383525	349	62.1774	0	0	0	0.243432	127.512	0.501907	486.297	1	1	1	1	1	1	1	0
04.08.2015 10:14:13.562000	0.0799999	0.0814627	0.0846905	125.609	-75.6953	-0.00651042	5	4	4	4	0.392876	349	62.1774	0	0	0	0.242361	127.485	0.503555	486.188	1	1	1	1	1	1	1	0
04.08.2015 10:14:13.662000	0.0799999	0.0814627	0.0846905	125.609	-23.4844	-0.0072338	5	4	4	4	0.39548	349	62.1774	0	0	0	0.240509	127.456	0.507889	486.06	1	1	1	1	1	1	1	0
04.08.2015 10:14:13.762000	0.0799999	0.0814627	0.0846905	125.613	23.0039	-0.00542535	5	4	4	4	0.391689	349	62.1774	0	0	0	0.240856	127.434	0.514115	485.951	1	1	1	1	1	1	1	0
04.08.2015 10:14:13.862000	0.0799999	0.0814627	0.0846905	125.612	63.9401	-0.00253183	5	4	4	4	0.382207	349	62.1774	0	0	0	0.238889	127.405	0.515091	485.837	1	1	1	1	1	1	1	0
04.08.2015 10:14:13.962000	0.0799999	0.0814627	0.0846905	125.609	105.113	-0.00434028	5	4	4	4	0.388968	349	62.1774	0	0	0	0.239554	127.388	0.514359	485.774	1	1	1	1	1	1	1	0
04.08.2015 10:14:14.062000	0.0799999	0.0814627	0.0846905	125.615	162.305	-0.00397859	5	4	4	4	0.427593	349	62.1774	0	0	0	0.237182	127.361	0.509598	485.69	1	1	1	1	1	1	1	0
04.08.2015 10:14:14.162000	0.0799999	0.0814627	0.0846905	125.617	203.039	-0.00379774	5	4	4	4	0.388511	349	62.1774	0	0	0	0.238802	127.336	0.50148	485.623	1	1	1	1	1	1	1	0
04.08.2015 10:14:14.262000	0.0799999	0.0814627	0.0846905	125.617	243.987	-0.00506366	5	4	4	4	0.409393	349	62.1774	0	0	0	0.236256	127.308	0.500626	485.52	1	1	1	1	1	1	1	0
04.08.2015 10:14:14.362000	0.0799999	0.0814627	0.0846905	125.621	293.035	-0.00651042	5	4	4	4	0.423883	349	62.1774	0	0	0	0.23669	127.285	0.499344	485.437	1	1	1	1	1	1	1	0
04.08.2015 10:14:14.462000	0.0799999	0.0814627	0.0846905	125.62	341.742	-0.00434028	5	4	4	4	0.407861	349	62.1774	0	0	0	0.235475	127.257	0.496048	485.344	1	1	1	1	1	1	1	0
04.08.2015 10:14:14.562000	0.0799999	0.0814627	0.0846905	125.621	382.371	-0.00488281	5	4	4	4	0.377784	349	62.1774	0	0	0	0.235677	127.231	0.501907	485.221	1	1	1	1	1	1	1	0
04.08.2015 10:14:14.662000	0.0799999	0.0814627	0.0846905	125.62	423.128	-0.00651042	5	4	4	4	0.381937	349	62.1774	0	0	0	0.234983	127.204	0.505448	485.105	1	1	1	1	1	1	1	0
04.08.2015 10:14:14.762000	0.0799999	0.0814627	0.0846905	125.625	471.766	-0.00651042	5	4	4	4	0.392873	349	62.1774	0	0	0	0.234057	127.185	0.504044	485.035	1	1	1	1	1	1	1	0
04.08.2015 10:14:14.862000	0.0799999	0.0814627	0.0846905	125.625	520.443	-0.00542535	5	4	4	4	0.389933	349	62.1774	0	0	0	0.234925	127.154	0.501724	484.928	1	1	1	1	1	1	1	0
04.08.2015 10:14:14.962000	0.0799999	0.0814627	0.0846905	125.625	560.434	-0.00434028	5	4	4	4	0.396438	349	62.1774	0	0	0	0.23342	127.132	0.503189	484.835	1	1	1	1	1	1	1	0
04.08.2015 10:14:15.062000	0.0799999	0.0814627	0.0846905	125.622	592.969	-0.00506366	5	4	4	4	0.412529	349	62.1774	0	0	0	0.234288	127.108	0.505875	484.733	1	1	1	1	1	1	1	0
04.08.2015 10:14:15.162000	0.0799999	0.0814627	0.0846905	125.617	630.793	-0.00542535	5	4	4	4	0.400748	349	62.1774	0	0	0	0.232841	127.083	0.500626	484.657	1	1	1	1	1	1	1	0
04.08.2015 10:14:15.262000	0.0799999	0.0814627	0.0846905	125.617	651.042	-0.00651042	5	4	4	4	0.405344	349	62.1774	0	0	0	0.234404	127.055	0.497757	484.563	1	1	1	1	1	1	1	0
04.08.2015 10:14:15.362000	0.0799999	0.0814627	0.0846905	125.621	665.563	-0.00596788	5	4	4	4	0.398486	349	62.1774	0	0	0	0.232812	127.035	0.499527	484.478	1	1	1	1	1	1	1	0
04.08.2015 10:14:15.462000	0.0799999	0.0814627	0.0846905	125.62	672.25	-0.00651042	5	4	4	4	0.399885	349	62.1774	0	0	0	0.233218	127.015	0.502152	484.394	1	1	1	1	1	1	1	0
04.08.2015 10:14:15.562000	0.0799999	0.0814627	0.0846905	125.625	674.629	-0.00705295	5	4	4	4	0.395619	349	62.1774	0	0	0	0.232639	126.987	0.502213	484.285	1	1	1	1	1	1	1	0
04.08.2015 10:14:15.662000	0.0799999	0.0814627	0.0846905	125.625	674.948	-0.00687211	5	4	4	4	0.397434	349	62.1774	0	0	0	0.233218	126.96	0.500748	484.188	1	1	1	1	1	1	1	0
04.08.2015 10:14:15.762000	0.0799999	0.0814627	0.0846905	125.625	675	-0.00434028	5	4	4	4	0.370337	349	62.1774	0	0	0	0.232726	126.936	0.499893	484.097	1	1	1	1	1	1	1	0
04.08.2015 10:14:15.862000	0.0799999	0.0814627	0.0846905	125.622	675	-0.00542535	5	4	4	4	0.39632	349	62.1774	0	0	0	0.231163	126.915	0.504593	483.999	1	1	1	1	1	1	1	0
04.08.2015 10:14:15.962000	0.0799999	0.0814627	0.0846905	125.586	674.977	-0.00596788	5	4	4	4	0.385224	349	62.1774	0	0	0	0.232668	126.896	0.511124	483.903	1	1	1	1	1	1	1	0
04.08.2015 10:14:16.062000	0.0799999	0.0814627	0.0846905	125.513	675.018	-0.00470197	5	4	4	4	0.385855	349	62.1774	0	0	0	0.231105	126.873	0.509964	483.819	1	1	1	1	1	1	1	0
04.08.2015 10:14:16.162000	0.0799999	0.0814627	0.0846905	125.5	675.051	-0.00488281	5	4	4	4	0.393272	349	62.1774	0	0	0	0.232118	126.847	0.511185	483.714	1	1	1	1	1	1	1	0
04.08.2015 10:14:16.262000	0.0799999	0.0814627	0.0846905	125.477	675.018	-0.00434028	5	4	4	4	0.407209	349	62.1774	0	0	0	0.230382	126.829	0.518204	483.618	1	1	1	1	1	1	1	0
04.08.2015 10:14:16.362000	0.0799999	0.0814627	0.0846905	125.477	675.02	-0.00434028	5	4	4	4	0.398103	349	62.1774	0	0	0	0.232292	126.811	0.524918	483.523	1	1	1	1	1	1	1	0
04.08.2015 10:14:16.462000	0.0799999	0.0814627	0.0846905	125.484	675	-0.00470197	5	4	4	4	0.388402	349	62.1774	0	0	0	0.230208	126.791	0.513443	483.492	1	1	1	1	1	1	1	0
04.08.2015 10:14:16.562000	0.0799999	0.0814627	0.0846905	125.484	674.988	-0.00434028	5	4	4	4	0.401342	349	62.1774	0	0	0	0.231568	126.769	0.50502	483.44	1	1	1	1	1	1	1	0
04.08.2015 10:14:16.662000	0.0799999	0.0814627	0.0846905	125.484	675.003	-0.00253183	5	4	4	4	0.392997	349	62.1774	0	0	0	0.230758	126.746	0.502518	483.36	1	1	1	1	1	1	1	0
04.08.2015 10:14:16.762000	0.0799999	0.0814627	0.0846905	125.484	674.98	-0.00108507	5	4	4	4	0.396966	349	62.1774	0	0	0	0.231337	126.724	0.500565	483.283	1	1	1	1	1	1	1	0
04.08.2015 10:14:16.862000	0.0799999	0.0814627	0.0846905	125.487	674.984	-0.00144676	5	4	4	4	0.392605	349	62.1774	0	0	0	0.23099	126.704	0.507706	483.182	1	1	1	1	1	1	1	0
04.08.2015 10:14:16.962000	0.0799999	0.0814627	0.0846905	125.52	675.02	-0.0016276	5	4	4	4	0.387732	349	62.1774	0	0	0	0.230527	126.681	0.507584	483.094	1	1	1	1	1	1	1	0
04.08.2015 10:14:17.062000	0.0799999	0.0814627	0.0846905	125.523	675.044	-0.00144676	5	4	4	4	0.381729	349	62.1774	0	0	0	0.231279	126.658	0.505325	483.014	1	1	1	1	1	1	1	0
04.08.2015 10:14:17.162000	0.0799999	0.0814627	0.0846905	125.523	674.98	-0.000542535	5	4	4	4	0.385551	349	62.1774	0	0	0	0.230237	126.634	0.506241	482.917	1	1	1	1	1	1	1	0
04.08.2015 10:14:17.262000	0.0799999	0.0814627	0.0846905	125.523	675.013	-0.00108507	5	4	4	4	0.387654	349	62.1774	0	0	0	0.231684	126.614	0.504593	482.847	1	1	1	1	1	1	1	0
04.08.2015 10:14:17.362000	0.0799999	0.0814627	0.0846905	125.523	675.047	-0.00325521	5	4	4	4	0.383698	349	62.1774	0	0	0	0.229543	126.595	0.504532	482.775	1	1	1	1	1	1	1	0
04.08.2015 10:14:17.462000	0.0799999	0.0814627	0.0846905	125.529	675.021	-0.00470197	5	4	4	4	0.400302	349	62.1774	0	0	0	0.231742	126.571	0.502274	482.693	1	1	1	1	1	1	1	0
04.08.2015 10:14:17.562000	0.0799999	0.0814627	0.0846905	125.531	675	-0.00488281	5	4	4	4	0.404397	349	62.1774	0	0	0	0.229687	126.55	0.507157	482.591	1	1	1	1	1	1	1	0
04.08.2015 10:14:17.662000	0.0799999	0.0814627	0.0846905	125.531	674.984	-0.00506366	5	4	4	4	0.390897	349	62.1774	0	0	0	0.231076	126.527	0.506546	482.505	1	1	1	1	1	1	1	0
04.08.2015 10:14:17.762000	0.0799999	0.0814627	0.0846905	125.531	674.98	-0.00434028	5	4	4	4	0.393163	349	62.1774	0	0	0	0.229687	126.505	0.510636	482.409	1	1	1	1	1	1	1	0
04.08.2015 10:14:17.862000	0.0799999	0.0814627	0.0846905	125.531	674.961	-0.00470197	5	4	4	4	0.415358	349	62.1774	0	0	0	0.23125	126.486	0.5038	482.36	1	1	1	1	1	1	1	0
04.08.2015 10:14:17.962000	0.0799999	0.0814627	0.0846905	125.531	674.949	-0.00434028	5	4	4	4	0.405004	349	62.1774	0	0	0	0.22989	126.461	0.505753	482.256	1	1	1	1	1	1	1	0
04.08.2015 10:14:18.062000	0.0799999	0.0814627	0.0846905	125.534	674.953	-0.00397859	5	4	4	4	0.388466	349	62.1774	0	0	0	0.230179	126.437	0.501419	482.184	1	1	1	1	1	1	1	0
04.08.2015 10:14:18.162000	0.0799999	0.0814627	0.0846905	125.531	674.945	-0.00325521	5	4	4	4	0.388426	349	62.1774	0	0	0	0.230758	126.419	0.504471	482.101	1	1	1	1	1	1	1	0
04.08.2015 10:14:18.262000	0.0799999	0.0814627	0.0846905	125.534	674.945	-0.00651042	5	4	4	4	0.401414	349	62.1774	0	0	0	0.230179	126.397	0.504349	482.017	1	1	1	1	1	1	1	0
04.08.2015 10:14:18.362000	0.0799999	0.0814627	0.0846905	125.535	674.945	-0.00705295	5	4	4	4	0.397376	349	62.1774	0	0	0	0.230556	126.374	0.505814	481.922	1	1	1	1	1	1	1	0
04.08.2015 10:14:18.462000	0.0799999	0.0814627	0.0846905	125.531	674.948	-0.00651042	5	4	4	4	0.386361	349	62.1774	0	0	0	0.22934	126.353	0.507218	481.837	1	1	1	1	1	1	1	0
04.08.2015 10:14:18.562000	0.0799999	0.0814627	0.0846905	125.535	674.945	-0.00705295	5	4	4	4	0.4086	349	62.1774	0	0	0	0.231019	126.333	0.507645	481.76	1	1	1	1	1	1	1	0
04.08.2015 10:14:18.662000	0.0799999	0.0814627	0.0846905	125.534	674.945	-0.00651042	5	4	4	4	0.399058	349	62.1774	0	0	0	0.229456	126.311	0.512711	481.655	1	1	1	1	1	1	1	0
04.08.2015 10:14:18.762000	0.0799999	0.0814627	0.0846905	125.531	674.953	-0.00705295	5	4	4	4	0.3805	349	62.1774	0	0	0	0.230382	126.289	0.509354	481.585	1	1	1	1	1	1	1	0
04.08.2015 10:14:18.862000	0.0799999	0.0814627	0.0846905	125.534	674.945	-0.00651042	5	4	4	4	0.366424	349	62.1774	0	0	0	0.228819	126.271	0.51326	481.501	1	1	1	1	1	1	1	0
04.08.2015 10:14:18.962000	0.0799999	0.0814627	0.0846905	125.531	674.938	-0.00434028	5	4	4	4	0.372127	349	62.1774	0	0	0	0.230874	126.248	0.516373	481.402	1	1	1	1	1	1	1	0
04.08.2015 10:14:19.062000	0.0799999	0.0814627	0.0846905	125.531	674.93	-0.00470197	5	4	4	4	0.355383	349	62.1774	0	0	0	0.228848	126.224	0.515824	481.313	1	1	1	1	1	1	1	0
04.08.2015 10:14:19.162000	0.0799999	0.0814627	0.0846905	125.531	674.938	-0.00488281	5	4	4	4	0.384728	349	62.1774	0	0	0	0.229369	126.205	0.523331	481.211	1	1	1	1	1	1	1	0
04.08.2015 10:14:19.262000	0.0799999	0.0814627	0.0846905	125.536	674.924	-0.00434028	5	4	4	4	0.411306	349	62.1774	0	0	0	0.229601	126.188	0.525468	481.137	1	1	1	1	1	1	1	0
04.08.2015 10:14:19.362000	0.0799999	0.0814627	0.0846905	125.535	674.922	-0.00434028	5	4	4	4	0.391908	349	62.1774	0	0	0	0.229601	126.172	0.528703	481.062	1	1	1	1	1	1	1	0
04.08.2015 10:14:19.462000	0.0799999	0.0814627	0.0846905	125.536	674.927	-0.00506366	5	4	4	4	0.39881	349	62.1774	0	0	0	0.229716	126.154	0.521867	481.021	1	1	1	1	1	1	1	0
04.08.2015 10:14:19.562000	0.0799999	0.0814627	0.0846905	125.535	674.922	-0.00325521	5	4	4	4	0.422903	349	62.1774	0	0	0	0.228328	126.136	0.509354	480.999	1	1	1	1	1	1	1	0
04.08.2015 10:14:19.662000	0.0799999	0.0814627	0.0846905	125.539	674.922	-0.00506366	5	4	4	4	0.41125	349	62.1774	0	0	0	0.230237	126.12	0.506424	480.948	1	1	1	1	1	1	1	0
04.08.2015 10:14:19.762000	0.0799999	0.0814627	0.0846905	125.535	674.922	-0.00488281	5	4	4	4	0.398935	349	62.1774	0	0	0	0.228009	126.093	0.504715	480.853	1	1	1	1	1	1	1	0
04.08.2015 10:14:19.862000	0.0799999	0.0814627	0.0846905	125.539	674.922	-0.00470197	5	4	4	4	0.410958	349	62.1774	0	0	0	0.229919	126.073	0.509537	480.756	1	1	1	1	1	1	1	0
04.08.2015 10:14:19.962000	0.0799999	0.0814627	0.0846905	125.539	674.922	-0.00488281	5	4	4	4	0.404202	349	62.1774	0	0	0	0.228241	126.057	0.512284	480.686	1	1	1	1	1	1	1	0
04.08.2015 10:14:20.062000	0.0799999	0.0814627	0.0846905	125.536	674.922	-0.00506366	5	4	4	4	0.395064	349	62.1774	0	0	0	0.229803	126.039	0.511063	480.62	1	1	1	1	1	1	1	0
04.08.2015 10:14:20.162000	0.0799999	0.0814627	0.0846905	125.539	674.914	-0.00542535	5	4	4	4	0.383089	349	62.1774	0	0	0	0.228733	126.014	0.507645	480.54	1	1	1	1	1	1	1	0
04.08.2015 10:14:20.262000	0.0799999	0.0814627	0.0846905	125.536	674.911	-0.0036169	5	4	4	4	0.380307	349	62.1774	0	0	0	0.228848	125.991	0.509903	480.442	1	1	1	1	1	1	1	0
04.08.2015 10:14:20.362000	0.0799999	0.0814627	0.0846905	125.539	674.906	-0.00488281	5	4	4	4	0.388552	349	62.1774	0	0	0	0.229774	125.979	0.509049	480.399	1	1	1	1	1	1	1	0
04.08.2015 10:14:20.462000	0.0799999	0.0814627	0.0846905	125.536	674.906	-0.00506366	5	4	4	4	0.380867	349	62.1774	0	0	0	0.228791	125.959	0.509537	480.322	1	1	1	1	1	1	1	0
04.08.2015 10:14:20.562000	0.0799999	0.0814627	0.0846905	125.539	674.91	-0.00488281	5	4	4	4	0.389783	349	62.1774	0	0	0	0.229919	125.939	0.511795	480.236	1	1	1	1	1	1	1	0
04.08.2015 10:14:20.662000	0.0799999	0.0814627	0.0846905	125.539	674.919	-0.00506366	5	4	4	4	0.391047	349	62.1774	0	0	0	0.228241	125.921	0.504898	480.193	1	1	1	1	1	1	1	0
04.08.2015 10:14:20.762000	0.0799999	0.0814627	0.0846905	125.531	674.922	-0.00488281	5	4	4	4	0.390973	349	62.1774	0	0	0	0.230382	125.899	0.509171	480.092	1	1	1	1	1	1	1	0
04.08.2015 10:14:20.862000	0.0799999	0.0814627	0.0846905	125.531	674.93	-0.00506366	5	4	4	4	0.395413	349	62.1774	0	0	0	0.228241	125.879	0.512406	480.005	1	1	1	1	1	1	1	0
04.08.2015 10:14:20.962000	0.0799999	0.0814627	0.0846905	125.531	674.922	-0.00434028	5	4	4	4	0.410576	349	62.1774	0	0	0	0.229485	125.86	0.509659	479.94	1	1	1	1	1	1	1	0
04.08.2015 10:14:21.062000	0.0799999	0.0814627	0.0846905	125.536	674.924	-0.00614873	5	4	4	4	0.395418	349	62.1774	0	0	0	0.228385	125.841	0.513814	479.849	1	1	1	1	1	1	1	0
04.08.2015 10:14:21.162000	0.0799999	0.0814627	0.0846905	125.535	674.922	-0.00488281	5	4	4	4	0.403663	349	62.1774	0	0	0	0.229948	125.821	0.511324	479.784	1	1	1	1	1	1	1	0
04.08.2015 10:14:21.262000	0.0799999	0.0814627	0.0846905	125.529	674.945	-0.00434028	5	4	4	4	0.39545	349	62.1774	0	0	0	0.228132	125.799	0.510658	479.704	1	1	1	1	1	1	1	0
04.08.2015 10:14:21.362000	0.0799999	0.0814627	0.0846905	125.531	674.945	-0.00488281	5	4	4	4	0.389257	349	62.1774	0	0	0	0.229051	125.787	0.509537	479.664	1	1	1	1	1	1	1	0
04.08.2015 10:14:21.462000	0.0799999	0.0814627	0.0846905	125.534	674.94	-0.00470197	5	4	4	4	0.405494	349	62.1774	0	0	0	0.229926	125.768	0.507706	479.597	1	1	1	1	1	1	1	0
04.08.2015 10:14:21.562000	0.0799999	0.0814627	0.0846905	125.539	674.945	-0.00434028	5	4	4	4	0.404285	349	62.1774	0	0	0	0.229565	125.749	0.508316	479.52	1	1	1	1	1	1	1	0
04.08.2015 10:14:21.662000	0.0799999	0.0814627	0.0846905	125.539	674.945	-0.00253183	5	4	4	4	0.403365	349	62.1774	0	0	0	0.230085	125.728	0.508133	479.441	1	1	1	1	1	1	1	0
04.08.2015 10:14:21.762000	0.0799999	0.0814627	0.0846905	125.539	674.945	-0.00108507	5	4	4	4	0.383714	349	62.1774	0	0	0	0.229246	125.709	0.50618	479.377	1	1	1	1	1	1	1	0
04.08.2015 10:14:21.862000	0.0799999	0.0814627	0.0846905	125.539	674.948	0	5	4	4	4	0.390895	349	62.1774	0	0	0	0.231467	125.69	0.515824	479.268	1	1	1	1	1	1	1	0
04.08.2015 10:14:21.962000	0.0799999	0.0814627	0.0846905	125.539	674.961	0.00108507	5	4	4	4	0.383662	349	62.1774	0	0	0	0.22997	125.67	0.512345	479.205	1	1	1	1	1	1	1	0
04.08.2015 10:14:22.062000	0.0799999	0.0814627	0.0846905	125.539	674.953	-0.00072338	5	4	4	4	0.362537	349	62.1774	0	0	0	0.231416	125.65	0.511673	479.131	1	1	1	1	1	1	1	0
04.08.2015 10:14:22.162000	0.0799999	0.0814627	0.0846905	125.539	674.961	-0.0016276	5	4	4	4	0.401189	349	62.1774	0	0	0	0.23044	125.634	0.513627	479.062	1	1	1	1	1	1	1	0
04.08.2015 10:14:22.262000	0.0799999	0.0814627	0.0846905	125.534	674.966	-0.00397859	5	4	4	4	0.387657	349	62.1774	0	0	0	0.23201	125.616	0.515519	478.986	1	1	1	1	1	1	1	0
04.08.2015 10:14:22.362000	0.0799999	0.0814627	0.0846905	125.535	674.977	-0.00651042	5	4	4	4	0.375987	349	62.1774	0	0	0	0.231084	125.598	0.516739	478.913	1	1	1	1	1	1	1	0
04.08.2015 10:14:22.462000	0.0799999	0.0814627	0.0846905	125.508	674.961	-0.00651042	5	4	4	4	0.371047	349	62.1774	0	0	0	0.23159	125.585	0.522111	478.842	1	1	1	1	1	1	1	0
04.08.2015 10:14:22.562000	0.0799999	0.0814627	0.0846905	125.449	674.996	-0.00759549	5	4	4	4	0.35416	349	62.1774	0	0	0	0.231453	125.566	0.525651	478.754	1	1	1	1	1	1	1	0
04.08.2015 10:14:22.662000	0.0799999	0.0814627	0.0846905	125.445	674.979	-0.00651042	5	4	4	4	0.371212	349	62.1774	0	0	0	0.2318	125.549	0.529923	478.673	1	1	1	1	1	1	1	0
04.08.2015 10:14:22.762000	0.0799999	0.0814627	0.0846905	125.441	674.984	-0.00651042	5	4	4	4	0.384084	349	62.1774	0	0	0	0.231453	125.529	0.530412	478.595	1	1	1	1	1	1	1	0
04.08.2015 10:14:22.862000	0.0799999	0.0814627	0.0846905	125.445	674.974	-0.00687211	5	4	4	4	0.392323	349	62.1774	0	0	0	0.230707	125.51	0.536454	478.5	1	1	1	1	1	1	1	0
04.08.2015 10:14:22.962000	0.0799999	0.0814627	0.0846905	125.445	674.984	-0.00651042	5	4	4	4	0.38897	349	62.1774	0	0	0	0.231047	125.494	0.535539	478.442	1	1	1	1	1	1	1	0
04.08.2015 10:14:23.062000	0.0799999	0.0814627	0.0846905	125.443	674.974	-0.00687211	5	4	4	4	0.374401	349	62.1774	0	0	0	0.22712	125.479	0.533525	478.39	1	1	1	1	1	1	1	0
04.08.2015 10:14:23.162000	0.0799999	0.0814627	0.0846905	125.434	675.035	-0.00651042	5	4	4	4	0.358578	349	62.1774	0	0	0	0.227062	125.467	0.538469	478.328	1	1	1	1	1	1	1	0
04.08.2015 10:14:23.262000	0.0799999	0.0814627	0.0846905	125.43	675.008	-0.00651042	5	4	4	4	0.376804	349	62.1774	0	0	0	0.224971	125.448	0.541887	478.241	1	1	1	1	1	1	1	0
04.08.2015 10:14:23.362000	0.0799999	0.0814627	0.0846905	125.434	674.992	-0.00651042	5	4	4	4	0.383641	349	62.1774	0	0	0	0.225579	125.431	0.540422	478.182	1	1	1	1	1	1	1	0
04.08.2015 10:14:23.462000	0.0799999	0.0814627	0.0846905	125.43	674.997	-0.00687211	5	4	4	4	0.361222	349	62.1774	0	0	0	0.223495	125.418	0.5309	478.169	1	1	1	1	1	1	1	0
04.08.2015 10:14:23.562000	0.0799999	0.0814627	0.0846905	125.43	675	-0.00705295	5	4	4	4	0.40854	349	62.1774	0	0	0	0.225289	125.401	0.521134	478.141	1	1	1	1	1	1	1	0
04.08.2015 10:14:23.662000	0.0799999	0.0814627	0.0846905	125.43	675	-0.00651042	5	4	4	4	0.378222	349	62.1774	0	0	0	0.225651	125.384	0.520768	478.077	1	1	1	1	1	1	1	0
04.08.2015 10:14:23.762000	0.0799999	0.0814627	0.0846905	125.43	675	-0.00705295	5	4	4	4	0.406882	349	62.1774	0	0	0	0.226736	125.367	0.519486	478.017	1	1	1	1	1	1	1	0
04.08.2015 10:14:23.862000	0.0799999	0.0814627	0.0846905	125.43	675	-0.00651042	5	4	4	4	0.391618	349	62.1774	0	0	0	0.226678	125.347	0.519486	477.939	1	1	1	1	1	1	1	0
04.08.2015 10:14:23.962000	0.0799999	0.0814627	0.0846905	125.43	674.996	-0.00434028	5	4	4	4	0.384321	349	62.1774	0	0	0	0.226577	125.333	0.52028	477.884	1	1	1	1	1	1	1	0
04.08.2015 10:14:24.062000	0.0799999	0.0814627	0.0846905	125.43	675	-0.00434028	5	4	4	4	0.422591	349	62.1774	0	0	0	0.228704	125.314	0.521012	477.807	1	1	1	1	1	1	1	0
04.08.2015 10:14:24.162000	0.0799999	0.0814627	0.0846905	125.43	674.992	-0.00325521	5	4	4	4	0.41023	349	62.1774	0	0	0	0.227525	125.294	0.520035	477.735	1	1	1	1	1	1	1	0
04.08.2015 10:14:24.262000	0.0799999	0.0814627	0.0846905	125.43	674.995	-0.00434028	5	4	4	4	0.398851	349	62.1774	0	0	0	0.228588	125.275	0.517777	477.671	1	1	1	1	1	1	1	0
04.08.2015 10:14:24.362000	0.0799999	0.0814627	0.0846905	125.43	675	-0.00379774	5	4	4	4	0.369018	349	62.1774	0	0	0	0.227771	125.26	0.517899	477.613	1	1	1	1	1	1	1	0
04.08.2015 10:14:24.462000	0.0799999	0.0814627	0.0846905	125.43	675	-0.0036169	5	4	4	4	0.397619	349	62.1774	0	0	0	0.231178	125.245	0.523515	477.533	1	1	1	1	1	1	1	0
04.08.2015 10:14:24.562000	0.0799999	0.0814627	0.0846905	125.43	674.992	-0.00325521	5	4	4	4	0.422652	349	62.1774	0	0	0	0.231098	125.224	0.521622	477.46	1	1	1	1	1	1	1	0
04.08.2015 10:14:24.662000	0.0799999	0.0814627	0.0846905	125.43	674.992	-0.00379774	5	4	4	4	0.408786	349	62.1774	0	0	0	0.234543	125.208	0.518597	477.411	1	1	1	1	1	1	1	0
