Time	[76:0]	[76:1]	[76:2]	[76:4]	[76:8]	[76:70]	[76:71]	[78:0]	[78:1]	[78:2]	[79:2]	[79:3]	[79:4]	[79:8]	[79:9]	[79:10]	[79:11]	[79:12]	[79:13]	[79:14]	[79.0]	[79.1]	[79.2]	[79.3]	[79.4]	[79.5]	[79.6]	[79.8]
time	Hoogteverstelling - Referentie positie (mm)	Hoogteverstelling - AZ gemeten positie (mm)	Hoogteverstelling - BZ gemeten positie (mm)	Transfert Ingang - Gemeten positie (mm)	Transfert Uitgang - Gemeten positie (mm)	Aardgas - actueel debiet	Stappenschakelaar - gemeten pos	Laspos Ing - positie discreet	Laspos Uitg - positie discreet	Schaafverstelling - positie discreet	Stuikraam - Totale Stroommeting RMS-waarde (A)	Stuikraam - Stroomreferentie (A)	Stuikraam - Positie AZ (mm, pulsgever)	Stuikraam - Referentie Servo-ventiel (%)	Stuikraam - Trim door I-regelaar (%)	Stuikraam - Gemeten snelheid (mm/s, pulsgever)	Secundaire lasspanning	Stuikraam - Druk stuikcilinder voorkamer (=laszijde)  (bar)	Stuikraam - Druk stuikcilinder terugloopkamer  (bar)	Stuikraam - Netto voorwaartse kracht op stuikraam (kN)	Stuikraam - P1	Stuikraam - P2	Stuikraam - P3	Stuikraam - P4	Stuikraam - P5	Stuikraam - P6	Stuikraam - P7	Stuikraam - Openen stuikventielen	

Lasparameter.Ingang - Coil ID	0320230S
Lasparameter.Ingang - Dikte (um)	3760
Lasparameter.Ingang - Breedte (mm)	1498
Lasparameter.Ingang - Materiaal	0001
Lasparameter.Uitgang - Coil ID	0320231S
Lasparameter.Uitgang - Dikte (um)	3700
Lasparameter.Uitgang - Breedte (mm)	1498
Lasparameter.Uitgang - Materiaal	0001
Lasparameter.P2 (mm)	24.0
Lasparameter.P3 (mm)	34.0
Lasparameter.P4 (mm)	42.2
Lasparameter.P5 (mm)	51.3
Lasparameter.P6 (mm)	58.2
Lasparameter.P7 (mm)	62.2
Lasparameter.Vonksnelheid (mm/s)	1.20
Lasparameter.Lassnelheid (mm/s)	0.48
Lasparameter.Stroom Referentie (A)	0374
Lasparameter.Stroomtoename (µA/s2)	44.9
Lasparameter.Stuikstroomtijd (per)	0008
Lasparameter.Afkoeltijd Stuik (per)	0010
Lasparameter.Stuikdruk (bar)	0106
Lasparameter.Stuiksnelheid (%)	90.0

11.08.2015 10:56:44.612000	-0.03	-0.0342517	-0.0382462	0	-11.3672	0.00108507	5	4	4	4	0.230222	374	0	0	0	0	0.307205	2.60103	125.151	-469.22	1	0	0	0	0	0	0	0
11.08.2015 10:56:44.712000	-0.03	-0.0342517	-0.0382462	0	-29.5039	0.00108507	5	4	4	4	0.225082	374	0	0	0	0	0.3068	4.01032	125.187	-463.96	1	0	0	0	0	0	0	0
11.08.2015 10:56:44.812000	-0.03	-0.0342517	-0.0382462	0	-50.9583	0.00036169	5	4	4	4	0.220223	374	0	0	0	0	0.307407	4.66274	125.178	-461.428	1	0	0	0	0	0	0	0
11.08.2015 10:56:44.912000	-0.03	-0.0342517	-0.0382462	0	-75.1016	0.00108507	5	4	4	4	0.240906	374	0	0	0	0	0.306655	5.19431	125.181	-459.403	1	0	0	0	0	0	0	0
11.08.2015 10:56:45.012000	-0.03	-0.0342517	-0.0382462	0	-113.271	0.00180845	5	4	4	4	0.249801	374	0	0	0	0	0.307031	4.77706	125.18	-460.999	1	0	0	0	0	0	0	0
11.08.2015 10:56:45.112000	-0.03	-0.0342517	-0.0382462	0	-152.16	0.00271267	5	4	4	4	0.261113	374	0	0	0	0	0.305353	4.37886	125.13	-462.332	1	0	0	0	0	0	0	0
11.08.2015 10:56:45.212000	-0.03	-0.0342517	-0.0382462	0	-190.552	0.00325521	5	4	4	4	0.234859	374	0	0	0	0	0.304572	6.97952	125.21	-452.679	1	0	0	0	0	0	0	0
11.08.2015 10:56:45.312000	-0.03	-0.0342517	-0.0382462	0	-230.691	0.00596788	5	4	4	4	0.229261	374	0	0	0	0	0.303125	3.82458	125.108	-464.369	1	0	0	0	0	0	0	0
11.08.2015 10:56:45.412000	-0.03	-0.0342517	-0.0382462	0.00260417	-281.521	0.00289352	5	4	4	4	0.231595	374	0	0	0	0	0.301186	5.37315	125.119	-458.485	1	0	0	0	0	0	0	0
11.08.2015 10:56:45.512000	-0.03	-0.0342517	-0.0382462	0	-327.078	0.000542535	5	4	4	4	0.233372	374	0	0	0	0	0.299913	3.8092	125.03	-464.131	1	0	0	0	0	0	0	0
11.08.2015 10:56:45.612000	-0.03	-0.0342517	-0.0382462	0	-366.979	0.00470197	5	4	4	4	0.244781	374	0	0	0	0	0.299016	5.87951	125.091	-456.436	1	0	0	0	0	0	0	0
11.08.2015 10:56:45.712000	-0.03	-0.0342517	-0.0382462	0	-407.387	0.00542535	5	4	4	4	0.243254	374	0	0	0	0	0.298264	6.75057	125.114	-453.191	1	0	0	0	0	0	0	0
11.08.2015 10:56:45.812000	-0.03	-0.0342517	-0.0382462	-0.00520833	-463.583	0.00434028	5	4	4	4	0.250905	374	0	0	0	0	0.296528	2.89926	124.988	-467.452	1	0	0	0	0	0	0	0
11.08.2015 10:56:45.912000	-0.03	-0.0342517	-0.0382462	0	-503.57	0.00488281	5	4	4	4	0.24497	374	0	0	0	0	0.296817	4.88534	125.004	-459.91	1	0	0	0	0	0	0	0
11.08.2015 10:56:46.012000	-0.03	-0.0342517	-0.0382462	0.00260417	-543.414	0.00434028	5	4	4	4	0.238545	374	0	0	0	0	0.295573	7.72124	125.113	-449.47	1	0	0	0	0	0	0	0
11.08.2015 10:56:46.112000	-0.03	-0.0342517	-0.0382462	0	-583.703	0.00325521	5	4	4	4	0.241399	374	0	0	0	0	0.296036	4.04273	124.986	-463.067	1	0	0	0	0	0	0	0
11.08.2015 10:56:46.212000	-0.03	-0.0342517	-0.0382462	-0.0104167	-614.107	0.00434028	5	4	4	4	0.245498	374	0	0	0	0	0.294618	4.99295	124.997	-459.47	1	0	0	0	0	0	0	0
11.08.2015 10:56:46.312000	-0.03	-0.0342517	-0.0382462	0	-633.605	0.00488281	5	4	4	4	0.250756	374	0	0	0	0	0.29537	4.84787	124.96	-459.886	1	0	0	0	0	0	0	0
11.08.2015 10:56:46.412000	-0.03	-0.0342517	-0.0382462	0	-648.354	0.00434028	5	4	4	4	0.244833	374	0	0	0	0	0.295023	5.72076	124.949	-456.503	1	0	0	0	0	0	0	0
11.08.2015 10:56:46.512000	-0.03	-0.0342517	-0.0382462	0	-662.094	0.00271267	5	4	4	4	0.243505	374	0	0	0	0	0.296991	4.7767	124.896	-459.914	1	0	0	0	0	0	0	0
11.08.2015 10:56:46.612000	-0.03	-0.0342517	-0.0382462	-0.00520833	-666.458	0.00325521	5	4	4	4	0.243985	374	0	0	0	0	0.300116	5.73205	124.903	-456.281	1	0	0	0	0	0	0	0
11.08.2015 10:56:46.712000	-0.03	-0.0342517	-0.0382462	-0.015625	-667.828	0.00271267	5	4	4	4	0.235676	374	0	0	0	0	0.303125	5.12497	124.874	-458.495	1	0	0	0	0	0	0	0
11.08.2015 10:56:46.812000	-0.03	-0.0342517	-0.0382462	-0.00520833	-668.969	0.00289352	5	4	4	4	0.24026	374	0	0	0	0	0.305729	3.6306	124.78	-463.855	1	0	0	0	0	0	0	0
11.08.2015 10:56:46.912000	-0.03	-0.0342517	-0.0382462	-0.0117188	-669.957	0.00217014	5	4	4	4	0.251328	374	0	0	0	0	0.305498	2.89206	124.722	-466.463	1	0	0	0	0	0	0	0
11.08.2015 10:56:47.012000	-0.03	-0.0342517	-0.0382462	0.0286458	-670.016	0.00253183	5	4	4	4	0.24374	374	0	0	0	0	0.306973	5.48247	124.789	-456.802	1	0	0	0	0	0	0	0
11.08.2015 10:56:47.112000	-0.03	-0.0342517	-0.0382462	0.320313	-670.023	0.00217014	5	4	4	4	0.244393	374	0	0	0	0	0.306915	5.5324	124.771	-456.539	1	0	0	0	0	0	0	0
11.08.2015 10:56:47.212000	-0.03	-0.0342517	-0.0382462	3.52083	-670.023	0.00289352	5	4	4	4	0.253047	374	0	0	0	0	0.30816	3.59423	124.692	-463.66	1	0	0	0	0	0	0	0
11.08.2015 10:56:47.312000	-0.03	-0.0342517	-0.0382462	18.5781	-670.039	0.00271267	5	4	4	4	0.248402	374	0	0	0	0	0.308565	5.63598	124.727	-455.977	1	0	0	0	0	0	0	0
11.08.2015 10:56:47.412000	-0.03	-0.0342517	-0.0382462	36.4036	-670.039	0.00036169	5	4	4	4	0.271409	374	0	0	0	0	0.310098	4.56594	124.683	-459.903	1	0	0	0	0	0	0	0
11.08.2015 10:56:47.512000	-0.03	-0.0342517	-0.0382462	57.2852	-670.039	0.00217014	5	4	4	4	0.245846	374	0	0	0	0	0.310098	4.39302	124.658	-460.472	1	0	0	0	0	0	0	0
11.08.2015 10:56:47.612000	-0.03	-0.0342517	-0.0382462	92.2578	-670.039	0.00325521	5	4	4	4	0.245549	374	0	0	0	0	0.31114	4.69045	124.638	-459.255	1	0	0	0	0	0	0	0
11.08.2015 10:56:47.712000	-0.03	-0.0342517	-0.0382462	128.566	-670.039	0.00108507	5	4	4	4	0.248166	374	0	0	0	0	0.311661	4.64711	124.618	-459.345	1	0	0	0	0	0	0	0
11.08.2015 10:56:47.812000	-0.03	-0.0342517	-0.0382462	165.38	-670.039	0.00036169	5	4	4	4	0.246921	374	0	0	0	0	0.312095	5.01749	124.607	-457.883	1	0	0	0	0	0	0	0
11.08.2015 10:56:47.912000	-0.03	-0.0342517	-0.0382462	206.34	-670.039	-0.000542535	5	4	4	4	0.290023	374	0	0	0	0	0.312326	4.61489	124.574	-459.299	1	0	0	0	0	0	0	0
11.08.2015 10:56:48.012000	-0.03	-0.0342517	-0.0382462	266.255	-670.039	0.00036169	5	4	4	4	0.26195	374	0	0	0	0	0.311111	4.68075	124.557	-458.983	1	0	0	0	0	0	0	0
11.08.2015 10:56:48.112000	-0.03	-0.0342517	-0.0382462	308.977	-670.043	0.00108507	5	4	4	4	0.254522	374	0	0	0	0	0.311053	4.83779	124.536	-458.3	1	0	0	0	0	0	0	0
11.08.2015 10:56:48.212000	-0.03	-0.0342517	-0.0382462	351.701	-670.042	0.00072338	5	4	4	4	0.271485	374	0	0	0	0	0.313339	4.63741	124.512	-458.975	1	0	0	0	0	0	0	0
11.08.2015 10:56:48.312000	-0.03	-0.0342517	-0.0382462	394.75	-670.047	0.000542535	5	4	4	4	0.261199	374	0	0	0	0	0.315943	4.63356	124.489	-458.901	1	0	0	0	0	0	0	0
11.08.2015 10:56:48.412000	-0.03	-0.0342517	-0.0382462	448.138	-670.052	0.00072338	5	4	4	4	0.258967	374	0	0	0	0	0.316522	4.09192	124.454	-460.842	1	0	0	0	0	0	0	0
11.08.2015 10:56:48.512000	-0.03	-0.0342517	-0.0382462	476.234	-670.063	0	5	4	4	4	0.266838	374	0	0	0	0	0.318547	4.02161	124.426	-461.005	1	0	0	0	0	0	0	0
11.08.2015 10:56:48.612000	-0.03	-0.0342517	-0.0382462	492.641	-670.068	0.00072338	5	4	4	4	0.265872	374	0	0	0	0	0.319416	4.54787	124.409	-458.925	1	0	0	0	0	0	0	0
11.08.2015 10:56:48.712000	-0.03	-0.0342517	-0.0382462	509.992	-670.078	0.000542535	5	4	4	4	0.243539	374	0	0	0	0	0.321094	4.67116	124.422	-458.501	1	0	0	0	0	0	0	0
11.08.2015 10:56:48.812000	-0.03	-0.0342517	-0.0382462	529.456	-670.068	0.00144676	5	4	4	4	0.253365	374	0	0	0	0	0.321788	4.23414	124.382	-460.021	1	0	0	0	0	0	0	0
11.08.2015 10:56:48.912000	-0.03	-0.0342517	-0.0382462	545.102	-670.07	0	5	4	4	4	0.24046	374	0	0	0	0	0.323351	4.69167	124.374	-458.239	1	0	0	0	0	0	0	0
11.08.2015 10:56:49.012000	-0.03	-0.0342517	-0.0382462	560.737	-670.073	0.00108507	5	4	4	4	0.248893	374	0	0	0	0	0.324335	4.6545	124.355	-458.311	1	0	0	0	0	0	0	0
11.08.2015 10:56:49.112000	-0.03	-0.0342517	-0.0382462	582.984	-670.078	0.00108507	5	4	4	4	0.255511	374	0	0	0	0	0.324797	4.23975	124.398	-460.062	1	0	0	0	0	0	0	0
11.08.2015 10:56:49.212000	-0.03	-0.0342517	-0.0382462	598.065	-670.078	0.00108507	5	4	4	4	0.242124	374	0	0	0	0	0.325203	4.46248	124.567	-459.855	1	0	0	0	0	0	0	0
11.08.2015 10:56:49.312000	-0.03	-0.0342517	-0.0382462	612.602	-670.078	0.00108507	5	4	4	4	0.239602	374	0	0	0	0	0.325318	4.56539	124.739	-460.121	1	0	0	0	0	0	0	0
11.08.2015 10:56:49.412000	-0.03	-0.0342517	-0.0382462	629.362	-670.078	0.00072338	5	4	4	4	0.257778	374	0	0	0	0	0.326013	4.48115	124.922	-461.142	1	0	0	0	0	0	0	0
11.08.2015 10:56:49.512000	-0.03	-0.0342517	-0.0382462	647.316	-670.078	0.00217014	5	4	4	4	0.270113	374	0	0	0	0	0.325376	4.41371	125.705	-464.391	1	0	0	0	0	0	0	0
11.08.2015 10:56:49.612000	-0.03	-0.0342517	-0.0382462	660.503	-670.081	0.00072338	5	4	4	4	0.261053	374	0	0	0	0	0.326534	4.47829	126.193	-466.021	1	0	0	0	0	0	0	0
11.08.2015 10:56:49.712000	-0.03	-0.0342517	-0.0382462	673.031	-670.078	0.000542535	5	4	4	4	0.252906	374	0	0	0	0	0.325666	4.472	126.198	-466.045	1	0	0	0	0	0	0	0
11.08.2015 10:56:49.812000	-0.03	-0.0342517	-0.0382462	687.323	-670.083	0.00036169	5	4	4	4	0.238	374	0	0	0	0	0.326034	4.41066	126.741	-468.375	1	0	0	0	0	0	0	0
11.08.2015 10:56:49.912000	-0.03	-0.0342517	-0.0382462	698.559	-670.086	0.0016276	5	4	4	4	0.244905	374	0	0	0	0	0.325297	4.41963	126.944	-469.122	1	0	0	0	0	0	0	0
11.08.2015 10:56:50.012000	-0.03	-0.0342517	-0.0382462	705.445	-670.086	0.00036169	5	4	4	4	0.24148	374	0	0	0	0	0.326034	4.39344	126.971	-469.328	1	0	0	0	0	0	0	0
11.08.2015 10:56:50.112000	-0.03	-0.0342517	-0.0382462	709.59	-670.086	0.000542535	5	4	4	4	0.242757	374	0	0	0	0	0.325586	4.34346	127.1	-470.011	1	0	0	0	0	0	0	0
11.08.2015 10:56:50.212000	-0.03	-0.0342517	-0.0382462	710.719	-670.086	0.00072338	5	4	4	4	0.230184	374	0	0	0	0	0.325036	4.41688	127.376	-470.786	1	0	0	0	0	0	0	0
11.08.2015 10:56:50.312000	-0.03	-0.0342517	-0.0382462	711.102	-670.086	0.000542535	5	4	4	4	0.249587	374	0	0	0	0	0.324363	4.42079	127.674	-471.913	1	0	0	0	0	0	0	0
11.08.2015 10:56:50.412000	-0.03	-0.0342517	-0.0382462	711.102	-670.089	0.00072338	5	4	4	4	0.247434	374	0	0	0	0	0.323365	4.50856	127.893	-472.416	1	0	0	0	0	0	0	0
11.08.2015 10:56:50.512000	-0.03	-0.0342517	-0.0382462	711.102	-670.094	0.00108507	5	4	4	4	0.247561	374	0	0	0	0	0.323271	4.89352	128.079	-471.651	1	0	0	0	0	0	0	0
11.08.2015 10:56:50.612000	-0.03	-0.0342517	-0.0382462	711.102	-670.091	0.00108507	5	4	4	4	0.237679	374	0	0	0	0	0.322352	4.58785	128.234	-473.415	1	0	0	0	0	0	0	0
11.08.2015 10:56:50.712000	-0.03	-0.0342517	-0.0382462	711.102	-670.086	0.000542535	5	4	4	4	0.236179	374	0	0	0	0	0.322772	4.51192	128.406	-474.365	1	0	0	0	0	0	0	0
11.08.2015 10:56:50.812000	-0.03	-0.0342517	-0.0382462	711.102	-670.091	0.00072338	5	4	4	4	0.223699	374	0	0	0	0	0.320197	4.55623	128.581	-474.868	1	0	0	0	0	0	0	0
11.08.2015 10:56:50.912000	-0.03	-0.0342517	-0.0382462	711.102	-670.094	0.000542535	5	4	4	4	0.232426	374	0	0	0	0	0.317462	4.42708	128.646	-475.61	1	0	0	0	0	0	0	0
11.08.2015 10:56:51.012000	-0.03	-0.0342517	-0.0382462	711.102	-670.094	0.00108507	5	4	4	4	0.243446	374	0	0	0	0	0.313462	4.46937	128.738	-475.801	1	0	0	0	0	0	0	0
11.08.2015 10:56:51.112000	-0.03	-0.0342517	-0.0382462	711.102	-670.094	0	5	4	4	4	0.237806	374	0	0	0	0	0.31195	4.58846	129.28	-477.418	1	0	0	0	0	0	0	0
11.08.2015 10:56:51.212000	-0.03	-0.0342517	-0.0382462	711.104	-670.094	0.00072338	5	4	4	4	0.256543	374	0	0	0	0	0.308608	4.56246	129.353	-477.797	1	0	0	0	0	0	0	0
11.08.2015 10:56:51.312000	-0.03	-0.0342517	-0.0382462	711.109	-670.094	0.000542535	5	4	4	4	0.238676	374	0	0	0	0	0.306677	4.5201	129.363	-478	1	0	0	0	0	0	0	0
11.08.2015 10:56:51.412000	-0.03	-0.0342517	-0.0382462	711.104	-670.094	0.00144676	5	4	4	4	0.229391	374	0	0	0	0	0.304543	4.52431	129.39	-478.084	1	0	0	0	0	0	0	0
11.08.2015 10:56:51.512000	-0.03	-0.0342517	-0.0382462	711.109	-670.094	0.000542535	5	4	4	4	0.221629	374	0	0	0	0	0.303704	4.55428	129.482	-478.322	1	0	0	0	0	0	0	0
11.08.2015 10:56:51.612000	-0.03	-0.0342517	-0.0382462	711.109	-670.094	0	5	4	4	4	0.236155	374	0	0	0	0	0.301939	4.53322	129.719	-479.313	1	0	0	0	0	0	0	0
11.08.2015 10:56:51.712000	-0.03	-0.0342517	-0.0382462	711.109	-670.094	0.000542535	5	4	4	4	0.235561	374	0	0	0	0	0.300297	4.53737	129.904	-480.005	1	0	0	0	0	0	0	0
11.08.2015 10:56:51.812000	-0.03	-0.0342517	-0.0382462	711.107	-670.094	0.00036169	5	4	4	4	0.232643	374	0	0	0	0	0.299978	4.39442	129.964	-480.781	1	0	0	0	0	0	0	0
11.08.2015 10:56:51.912000	-0.03	-0.0342517	-0.0382462	711.109	-670.102	0.000542535	5	4	4	4	0.228724	374	0	0	0	0	0.298271	3.88568	130.038	-483.013	1	0	0	0	0	0	0	0
11.08.2015 10:56:52.012000	-0.03	-0.0342517	-0.0382462	711.12	-670.107	0.00108507	5	4	4	4	0.227291	374	0	0	0	0	0.297823	4.51003	129.149	-477.217	1	0	0	0	0	0	0	0
11.08.2015 10:56:52.112000	-0.03	-0.0342517	-0.0382462	711.125	-670.109	0.000542535	5	4	4	4	0.242734	374	0	0	0	0	0.296087	4.7748	129.117	-476.082	1	0	0	0	0	0	0	0
11.08.2015 10:56:52.212000	-0.03	-0.0342517	-0.0382462	711.112	-670.109	0.00108507	5	4	4	4	0.244457	374	0	0	0	0	0.296665	5.9129	130.567	-477.277	1	0	0	0	0	0	0	0
11.08.2015 10:56:52.312000	-0.03	-0.0342517	-0.0382462	711.121	-670.102	0.000542535	5	4	4	4	0.239514	374	0	0	0	0	0.295638	5.0051	130.297	-479.717	1	0	0	0	0	0	0	0
11.08.2015 10:56:52.412000	-0.03	-0.0342517	-0.0382462	711.125	-670.107	0.00036169	5	4	4	4	0.243562	374	0	0	0	0	0.295667	4.77041	129.935	-479.231	1	0	0	0	0	0	0	0
11.08.2015 10:56:52.512000	-0.03	-0.0342517	-0.0382462	711.125	-670.109	0.000542535	5	4	4	4	0.23411	374	0	0	0	0	0.2949	5.09323	129.517	-476.393	1	0	0	0	0	0	0	0
11.08.2015 10:56:52.612000	-0.03	-0.0342517	-0.0382462	711.125	-670.102	0.00072338	5	4	4	4	0.240372	374	0	0	0	0	0.295378	5.12363	129.296	-475.431	1	0	0	0	0	0	0	0
11.08.2015 10:56:52.712000	-0.03	-0.0342517	-0.0382462	711.125	-670.109	0.00108507	5	4	4	4	0.24068	374	0	0	0	0	0.295414	4.92013	129.136	-475.596	1	0	0	0	0	0	0	0
11.08.2015 10:56:52.812000	-0.03	-0.0342517	-0.0382462	711.125	-670.107	0	5	4	4	4	0.260573	374	0	0	0	0	0.294365	5.10147	129.122	-474.851	1	0	0	0	0	0	0	0
11.08.2015 10:56:52.912000	-0.03	-0.0342517	-0.0382462	711.125	-670.109	0.00108507	5	4	4	4	0.25852	374	0	0	0	0	0.29498	5.0958	129.097	-474.775	1	0	0	0	0	0	0	0
11.08.2015 10:56:53.012000	-0.03	-0.0342517	-0.0382462	711.125	-670.109	0.00072338	5	4	4	4	0.244621	374	0	0	0	0	0.294061	4.89712	128.955	-474.994	1	0	0	0	0	0	0	0
11.08.2015 10:56:53.112000	-0.03	-0.0342517	-0.0382462	711.125	-670.105	0.000542535	5	4	4	4	0.292077	374	0	0	0	0	0.293931	4.92911	128.743	-474.061	1	0	0	0	0	0	0	0
11.08.2015 10:56:53.212000	-0.03	-0.0342517	-0.0382462	711.125	-670.109	0.00036169	5	4	4	4	0.274811	374	0	0	0	0	0.292455	4.42927	128.722	-475.893	1	0	0	0	0	0	0	0
11.08.2015 10:56:53.312000	-0.03	-0.0342517	-0.0382462	711.125	-670.109	0.000542535	5	4	4	4	0.28024	374	0	0	0	0	0.293547	5.69469	124.594	-455.242	1	0	0	0	0	0	0	0
11.08.2015 10:56:53.412000	-0.03	-0.0342517	-0.0382462	711.115	-670.109	0.00108507	5	4	4	4	0.268667	374	0.042778	0	0	0.00579097	0.292969	56.6604	108.938	-200.161	1	0	0	0	0	0	0	0
11.08.2015 10:56:53.512000	-0.03	-0.0342517	-0.0382462	710.137	-670.109	0.00325521	5	4	4	4	0.285108	374	1.27289	0	0	20.6882	0.292839	116.016	85.3301	117.49	1	0	0	0	0	0	0	0
11.08.2015 10:56:53.612000	-0.03	-0.0342517	-0.0382462	701.247	-670.102	0.00072338	5	4	4	4	0.268801	374	4.44991	0	0	34.5576	0.291942	111.1	84.4401	102.075	1	0	0	0	0	0	0	0
11.08.2015 10:56:53.712000	-0.03	-0.0342517	-0.0382462	686.648	-670.105	0.000542535	5	4	4	4	0.253292	374	7.97313	0	0	35.531	0.292969	111.658	85.4021	100.528	1	0	0	0	0	0	0	0
11.08.2015 10:56:53.812000	-0.03	-0.0342517	-0.0382462	669.234	-670.109	0.00253183	5	4	4	4	0.262776	374	11.5501	0	0	35.9494	0.293678	114.643	88.5942	99.7348	1	0	0	0	0	0	0	0
11.08.2015 10:56:53.912000	-0.03	-0.0342517	-0.0382462	636.457	-670.109	0.00108507	5	4	4	4	0.260922	374	15.1335	0	0	35.9467	0.293417	118.003	92.1134	99.1244	1	0	0	0	0	0	0	0
11.08.2015 10:56:54.012000	-0.03	-0.0342517	-0.0382462	609.628	-670.109	0.00036169	5	4	4	4	0.266237	374	18.696	0	0	35.5293	0.293967	119.705	93.9625	98.5621	1	0	0	0	0	0	0	0
11.08.2015 10:56:54.112000	-0.03	-0.0342517	-0.0382462	579.094	-670.109	0.000542535	5	4	4	4	0.280552	374	22.2316	0	0	35.2204	0.293547	120.095	94.4483	98.1945	1	0	0	0	0	0	0	0
11.08.2015 10:56:54.212000	-0.03	-0.0342517	-0.0382462	537.883	-670.109	0.00108507	5	4	4	4	0.266029	374	26.0254	35	0	44.9526	0.294705	115.803	86.2987	112.966	1	1	0	0	0	0	0	0
11.08.2015 10:56:54.312000	-0.03	-0.0342517	-0.0382462	488.207	-670.109	0.0016276	5	4	4	4	0.273023	374	30.5997	50	0	36.6316	0.294191	102.125	83.7955	70.1806	1	1	0	0	0	0	0	0
11.08.2015 10:56:54.412000	-0.03	-0.0342517	-0.0382462	448.977	-670.117	0.00108507	5	4	4	4	0.251579	374	32.5237	44.9501	0	13.9436	0.295139	78.74	55.0224	90.8099	1	1	0	0	0	0	0	0
11.08.2015 10:56:54.512000	-0.03	-0.0342517	-0.0382462	411.586	-670.133	0.00108507	5	4	4	4	0.248116	374	33.5549	34.9502	0	9.56922	0.294915	58.8522	34.0411	94.9966	1	1	0	0	0	0	0	0
11.08.2015 10:56:54.612000	-0.03	-0.0342517	-0.0382462	367.734	-670.146	0.00072338	5	4	4	4	46.7918	374	34.2786	17.477	0	6.94542	0.328299	51.2339	26.8916	93.2018	1	1	1	0	0	0	0	0
11.08.2015 10:56:54.712000	-0.03	-0.0342517	-0.0382462	330.109	-670.148	0.000542535	5	4	4	4	90.6576	374	34.5328	5.27491	0	4.5838	5.44943	48.5442	23.383	96.3371	1	1	1	0	0	0	0	0
11.08.2015 10:56:54.812000	-0.03	-0.0342517	-0.0382462	299.346	-670.143	0.00036169	5	4	4	4	90.6733	374	34.6855	5.27491	0	2.09021	10.1714	46.7479	21.8534	95.3161	1	1	1	0	0	0	0	0
11.08.2015 10:56:54.912000	-0.03	-0.0342517	-0.0382462	271.113	-670.148	0.000542535	5	4	4	4	90.7517	374	34.8243	5.27491	0	1.71284	11.5107	45.8743	20.5958	96.7865	1	1	1	0	0	0	0	0
11.08.2015 10:56:55.012000	-0.03	-0.0342517	-0.0382462	240.919	-670.148	0.00036169	5	4	4	4	90.7543	374	34.9521	5.27491	0	1.53525	11.7421	44.9218	19.5815	97.023	1	1	1	0	0	0	0	0
11.08.2015 10:56:55.112000	-0.03	-0.0342517	-0.0382462	226.602	-670.152	0.000542535	5	4	4	4	90.8708	374	35.0795	5.27491	0	1.35031	11.8157	44.3725	18.8296	97.7989	1	1	1	0	0	0	0	0
11.08.2015 10:56:55.212000	-0.03	-0.0342517	-0.0382462	208.284	-670.154	0.00144676	5	4	4	4	90.8339	374	35.2073	5.27491	0	1.28866	11.8396	43.5596	18.3226	96.6273	1	1	1	0	0	0	0	0
11.08.2015 10:56:55.312000	-0.03	-0.0342517	-0.0382462	190.508	-670.152	0.000542535	5	4	4	4	90.7026	374	35.3336	5.27491	0	1.31849	11.8594	42.9886	18.0687	95.4133	1	1	1	0	0	0	0	0
11.08.2015 10:56:55.412000	-0.03	-0.0342517	-0.0382462	167.359	-670.151	0.00144676	5	4	4	4	90.8671	374	35.4545	5.27491	0	1.32294	11.8578	42.7293	17.8407	95.2934	1	1	1	0	0	0	0	0
11.08.2015 10:56:55.512000	-0.03	-0.0342517	-0.0382462	150.246	-670.152	0.000542535	5	4	4	4	90.939	374	35.5699	5.27491	0	1.20336	11.8649	42.9151	17.5437	97.1417	1	1	1	0	0	0	0	0
11.08.2015 10:56:55.612000	-0.03	-0.0342517	-0.0382462	139.354	-670.161	0.00325521	5	4	4	4	90.7303	374	35.6913	5.27491	0	1.15686	11.8646	42.4618	17.3155	96.2803	1	1	1	0	0	0	0	0
11.08.2015 10:56:55.712000	-0.03	-0.0342517	-0.0382462	131.762	-670.164	0.0016276	5	4	4	4	90.8903	374	35.8067	5.27491	0	1.18589	11.8635	42.4424	17.2409	96.4913	1	1	1	0	0	0	0	0
11.08.2015 10:56:55.812000	-0.03	-0.0342517	-0.0382462	126.797	-670.164	0.00217014	5	4	4	4	90.9125	374	35.9261	5.27491	0	1.20152	11.8677	42.1034	17.2813	95.0389	1	1	1	0	0	0	0	0
11.08.2015 10:56:55.912000	-0.03	-0.0342517	-0.0382462	125.164	-670.164	0.000542535	5	4	4	4	90.9741	374	36.0455	5.27491	0	1.1982	11.8686	42.0961	17.3	94.9393	1	1	1	0	0	0	0	0
11.08.2015 10:56:56.012000	-0.03	-0.0342517	-0.0382462	126.857	-670.174	0.00072338	5	4	4	4	90.9723	374	36.1589	5.27491	0	1.19569	11.8716	42.1263	17.0478	96.0207	1	1	1	0	0	0	0	0
11.08.2015 10:56:56.112000	-0.03	-0.0342517	-0.0382462	127.469	-670.18	0.000542535	5	4	4	4	91.0597	374	36.2718	5.27491	0	1.17588	11.8747	42.1135	17.03	96.0396	1	1	1	0	0	0	0	0
11.08.2015 10:56:56.212000	-0.03	-0.0342517	-0.0382462	127.573	-670.18	0.00036169	5	4	4	4	91.0266	374	36.3902	5.27491	0	1.14617	11.8817	42.2561	16.975	96.7963	1	1	1	0	0	0	0	0
11.08.2015 10:56:56.312000	-0.03	-0.0342517	-0.0382462	127.602	-670.18	0.00108507	5	4	4	4	90.8948	374	36.5076	5.27491	0	1.15034	11.8789	42.058	16.956	96.1104	1	1	1	0	0	0	0	0
11.08.2015 10:56:56.412000	-0.03	-0.0342517	-0.0382462	127.602	-670.19	0.00072338	5	4	4	4	90.9897	374	36.6215	5.27491	0	1.16223	11.8772	41.7993	16.9537	95.1289	1	1	1	0	0	0	0	0
11.08.2015 10:56:56.512000	-0.03	-0.0342517	-0.0382462	127.602	-670.207	0	5	4	4	4	90.9785	374	36.7418	5.27491	0	1.16162	11.884	42.0671	16.9606	96.1277	1	1	1	0	0	0	0	0
11.08.2015 10:56:56.612000	-0.03	-0.0342517	-0.0382462	127.607	-670.211	0.00036169	5	4	4	4	90.8798	374	36.8553	5.27491	0	1.15671	11.8775	42.1308	16.9581	96.3813	1	1	1	0	0	0	0	0
11.08.2015 10:56:56.712000	-0.03	-0.0342517	-0.0382462	127.605	-670.211	0.00108507	5	4	4	4	90.939	374	36.9707	5.27491	0	1.15671	11.8691	42.0192	16.9633	95.934	1	1	1	0	0	0	0	0
11.08.2015 10:56:56.812000	-0.03	-0.0342517	-0.0382462	127.609	-670.219	0.00108507	5	4	4	4	91.0015	374	37.0895	5.27491	0	1.15701	11.8749	42.3277	16.9669	97.1013	1	1	1	0	0	0	0	0
11.08.2015 10:56:56.912000	-0.03	-0.0342517	-0.0382462	127.609	-670.219	0.00108507	5	4	4	4	91.0466	374	37.2034	5.27491	0	1.15702	11.8746	42.1239	16.9756	96.288	1	1	1	0	0	0	0	0
11.08.2015 10:56:57.012000	-0.03	-0.0342517	-0.0382462	127.609	-670.219	-0.00072338	5	4	4	4	90.9746	374	37.3179	5.27491	0	1.16589	11.8762	42.1796	16.9713	96.5175	1	1	1	0	0	0	0	0
11.08.2015 10:56:57.112000	-0.03	-0.0342517	-0.0382462	127.609	-670.219	0	5	4	4	4	91.192	374	37.4367	5.27491	0	1.16771	11.8762	42.2398	16.98	96.7145	1	1	1	0	0	0	0	0
11.08.2015 10:56:57.212000	-0.03	-0.0342517	-0.0382462	127.609	-670.219	0.00108507	5	4	4	4	91.2507	374	37.5531	5.27491	0	1.16771	11.8881	42.2086	16.9963	96.5327	1	1	1	0	0	0	0	0
11.08.2015 10:56:57.312000	-0.03	-0.0342517	-0.0382462	127.609	-670.223	0.00108507	5	4	4	4	91.1913	374	37.6675	5.27491	0	1.16772	11.892	42.3271	16.9898	97.0115	1	1	1	0	0	0	0	0
11.08.2015 10:56:57.412000	-0.03	-0.0342517	-0.0382462	127.609	-670.227	0.00108507	5	4	4	4	91.4423	374	37.7884	5.27491	0	1.16758	11.8911	42.1288	17.0035	96.1997	1	1	1	0	0	0	0	0
11.08.2015 10:56:57.512000	-0.03	-0.0342517	-0.0382462	127.609	-670.227	0.0016276	5	4	4	4	91.4428	374	37.9043	5.27491	0	1.16749	11.9039	41.9287	17.0344	95.3154	1	1	1	0	0	0	0	0
11.08.2015 10:56:57.612000	-0.03	-0.0342517	-0.0382462	127.609	-670.234	0.00144676	5	4	4	4	91.4659	374	38.0197	5.27491	0	1.16765	11.905	41.8369	17.0628	94.855	1	1	1	0	0	0	0	0
11.08.2015 10:56:57.712000	-0.03	-0.0342517	-0.0382462	127.609	-670.234	-0.000542535	5	4	4	4	91.3299	374	38.1426	5.27491	0	1.16786	11.9068	42.0305	17.0682	95.5757	1	1	1	0	0	0	0	0
11.08.2015 10:56:57.812000	-0.03	-0.0342517	-0.0382462	127.609	-670.234	0	5	4	4	4	91.5075	374	38.257	5.27491	0	1.17562	11.897	42.0488	17.0754	95.6182	1	1	1	0	0	0	0	0
11.08.2015 10:56:57.912000	-0.03	-0.0342517	-0.0382462	127.609	-670.234	-0.0016276	5	4	4	4	91.5374	374	38.3734	5.27491	0	1.19004	11.9081	42.6266	17.0819	97.8054	1	1	1	0	0	0	0	0
11.08.2015 10:56:58.012000	-0.03	-0.0342517	-0.0382462	127.609	-670.234	0.00072338	5	4	4	4	91.3072	374	38.4928	5.27491	0	1.18512	11.9098	41.9503	17.0832	95.2111	1	1	1	0	0	0	0	0
11.08.2015 10:56:58.112000	-0.03	-0.0342517	-0.0382462	127.609	-670.234	0	5	4	4	4	91.4317	374	38.6062	5.27491	0	1.1677	11.8981	41.9702	17.0787	95.3046	1	1	1	0	0	0	0	0
11.08.2015 10:56:58.212000	-0.03	-0.0342517	-0.0382462	127.609	-670.234	0.00072338	5	4	4	4	109.516	374	38.728	5.27491	0	1.16825	11.897	42.2332	17.0744	96.328	1	1	1	0	0	0	0	0
11.08.2015 10:56:58.312000	-0.03	-0.0342517	-0.0382462	127.609	-670.234	0	5	4	4	4	133.369	374	38.8464	5.27491	0	1.17321	11.8556	42.2914	17.0772	96.5399	1	1	1	0	0	0	0	0
11.08.2015 10:56:58.412000	-0.03	-0.0342517	-0.0382462	127.609	-670.24	0.00108507	5	4	4	4	164.017	374	38.9628	5.27491	0	1.17338	11.7626	42.2901	17.0708	96.5598	1	1	1	0	0	0	0	0
11.08.2015 10:56:58.512000	-0.03	-0.0342517	-0.0382462	127.609	-670.234	0.00108507	5	4	4	4	153.976	374	39.0867	5.27491	0	1.19006	11.4494	41.9529	17.0714	95.2663	1	1	1	0	0	0	0	0
11.08.2015 10:56:58.612000	-0.03	-0.0342517	-0.0382462	127.609	-670.245	0.00108507	5	4	4	4	203.04	374	39.2006	5.27491	0	1.19006	11.4126	41.9599	17.079	95.2639	1	1	1	0	0	0	0	0
11.08.2015 10:56:58.712000	-0.03	-0.0342517	-0.0382462	127.609	-670.242	0	5	4	4	4	224.564	374	39.3225	5.27491	0	1.2008	11.4345	42.0079	17.0779	95.4523	1	1	1	0	0	0	0	0
11.08.2015 10:56:58.812000	-0.03	-0.0342517	-0.0382462	127.609	-670.245	0.00072338	5	4	4	4	330.12	374	39.4408	5.27491	0	1.20149	11.4442	42.3663	17.0746	96.8372	1	1	1	0	0	0	0	0
11.08.2015 10:56:58.912000	-0.03	-0.0342517	-0.0382462	127.609	-670.242	0.00217014	5	4	4	4	364.235	374	39.5572	5.27491	0	1.19162	11.0464	42.035	17.079	95.5514	1	1	1	0	0	0	0	0
11.08.2015 10:56:59.012000	-0.03	-0.0342517	-0.0382462	127.609	-670.247	0	5	4	4	4	411.451	374	39.6791	5.27491	0	1.18988	10.8635	42.7303	17.0755	98.2272	1	1	1	0	0	0	0	0
11.08.2015 10:56:59.112000	-0.03	-0.0342517	-0.0382462	127.613	-670.25	0.00217014	5	4	4	4	423.877	374	39.7925	5.27491	0	1.16685	10.8155	42.1268	17.08	95.8991	1	1	1	0	0	0	0	0
11.08.2015 10:56:59.212000	-0.03	-0.0342517	-0.0382462	127.612	-670.25	0.00072338	5	4	4	4	503.102	374	39.9074	5.27491	0	1.15698	10.7777	42.3133	17.0793	96.6159	1	1	1	0	0	0	0	0
11.08.2015 10:56:59.312000	-0.03	-0.0342517	-0.0382462	127.613	-670.246	0.00108507	5	4	4	4	399.296	374	40.0293	5.27491	0	1.16305	10.7783	42.3131	17.0868	96.5867	1	1	1	0	0	0	0	0
11.08.2015 10:56:59.412000	-0.03	-0.0342517	-0.0382462	127.612	-670.25	0.00072338	5	4	4	4	599.719	374	40.1447	5.27491	0	1.16763	10.8257	42.1528	17.0831	95.9868	1	1	1	0	0	0	0	0
11.08.2015 10:56:59.512000	-0.03	-0.0342517	-0.0382462	127.609	-670.25	-0.000542535	5	4	4	4	507.682	374	40.2636	5.27491	0	1.17843	10.7538	42.2855	17.1015	96.4245	1	1	1	0	0	0	0	0
11.08.2015 10:56:59.612000	-0.03	-0.0342517	-0.0382462	127.615	-670.25	0.00072338	5	4	4	4	542.31	374	40.3834	5.27491	0	1.19012	10.7829	42.1116	17.0841	95.8253	1	1	1	0	0	0	0	0
11.08.2015 10:56:59.712000	-0.03	-0.0342517	-0.0382462	127.609	-670.25	0.00434028	5	4	4	4	700.695	374	40.5008	5.27491	0	1.19237	10.7844	42.1758	17.0713	96.2043	1	1	1	0	0	0	0	0
11.08.2015 10:56:59.812000	-0.03	-0.0342517	-0.0382462	127.612	-670.25	0.00072338	5	4	4	4	350.315	374	40.6237	5.27491	0	1.19573	10.8	42.4386	17.1093	96.9805	1	1	1	0	0	0	0	0
11.08.2015 10:56:59.912000	-0.03	-0.0342517	-0.0382462	127.613	-670.25	-0.00217014	5	4	4	4	568.636	374	40.7401	5.27491	0	1.19232	10.9082	42.3936	17.0955	96.8613	1	1	1	0	0	0	0	0
11.08.2015 10:57:00.012000	-0.03	-0.0342517	-0.0382462	127.615	-670.25	0.00036169	5	4	4	4	805.686	374	40.8575	5.27491	0	1.18436	10.823	42.4614	17.0684	97.1851	1	1	1	0	0	0	0	0
11.08.2015 10:57:00.112000	-0.03	-0.0342517	-0.0382462	127.613	-670.25	0.000542535	5	4	4	4	488.169	374	40.9789	5.27491	0	1.18439	10.7557	42.1522	17.1133	95.8279	1	1	1	0	0	0	0	0
11.08.2015 10:57:00.212000	-0.03	-0.0342517	-0.0382462	127.609	-670.253	0.00036169	5	4	4	4	613.803	374	41.0957	5.27491	0	1.1845	10.7503	42.6096	17.1118	97.7152	1	1	1	0	0	0	0	0
11.08.2015 10:57:00.312000	-0.03	-0.0342517	-0.0382462	127.613	-670.254	0.000542535	5	4	4	4	1126.01	374	41.2146	5.27491	0	1.18449	10.7027	42.1467	17.0466	96.073	1	1	1	0	0	0	0	0
11.08.2015 10:57:00.412000	-0.03	-0.0342517	-0.0382462	127.615	-670.255	0.00108507	5	4	4	4	646.26	374	41.335	5.27491	0	1.18437	10.6266	42.6623	17.1204	97.7949	1	1	1	0	0	0	0	0
11.08.2015 10:57:00.512000	-0.03	-0.0342517	-0.0382462	127.617	-670.258	0	5	4	4	4	455.485	374	41.4504	5.27491	0	1.18437	10.7878	42.4677	17.1357	96.9162	1	1	1	0	0	0	0	0
11.08.2015 10:57:00.612000	-0.03	-0.0342517	-0.0382462	127.617	-670.258	0.00036169	5	4	4	4	584.836	374	41.5703	5.27491	0	1.18431	10.847	42.2651	17.1296	96.2392	1	1	1	0	0	0	0	0
11.08.2015 10:57:00.712000	-0.03	-0.0342517	-0.0382462	127.617	-670.258	0.00108507	5	4	4	4	873.147	374	41.6872	5.27491	0	1.18431	10.8098	42.1207	17.113	95.7496	1	1	1	0	0	0	0	0
11.08.2015 10:57:00.812000	-0.03	-0.0342517	-0.0382462	127.617	-670.258	0.00217014	5	4	4	4	575.513	374	41.8046	5.27491	0	1.17447	10.8109	42.3895	17.129	96.7175	1	1	1	0	0	0	0	0
11.08.2015 10:57:00.912000	-0.03	-0.0342517	-0.0382462	127.613	-670.258	0.00271267	5	4	4	4	574.512	374	41.9264	5.27491	0	1.17325	10.9104	42.3587	17.1321	96.5876	1	1	1	0	0	0	0	0
11.08.2015 10:57:01.012000	-0.03	-0.0342517	-0.0382462	127.62	-670.258	0.00108507	5	4	4	4	374.449	374	42.0418	5.27491	0	1.18675	10.9312	42.4265	17.142	96.8092	1	1	1	0	0	0	0	0
11.08.2015 10:57:01.112000	-0.03	-0.0342517	-0.0382462	127.617	-670.258	0.000542535	5	4	4	4	635.744	374	42.1662	4.76239	0	1.19012	10.9419	42.0947	17.164	95.4544	1	1	1	0.15	0	0	0	0
11.08.2015 10:57:01.212000	-0.03	-0.0342517	-0.0382462	127.617	-670.258	0.00108507	5	4	4	4	115.084	374	42.2368	2.03304	0.174896	1.15867	10.3032	42.5111	17.4065	96.1202	1	1	1	1	0	0	0	0
11.08.2015 10:57:01.312000	-0.03	-0.0342517	-0.0382462	127.617	-670.258	0.00108507	5	4	4	4	104.567	374	42.2985	2.87119	1.01304	0.928041	8.42687	42.7228	17.5958	96.2062	1	1	1	1	0	0	0	0
11.08.2015 10:57:01.412000	-0.03	-0.0342517	-0.0382462	127.625	-670.258	0.00072338	5	4	4	4	306.657	374	42.3637	3.385	1.52686	0.928041	7.44907	42.933	17.7852	96.2861	1	1	1	1	0	0	0	0
11.08.2015 10:57:01.512000	-0.03	-0.0342517	-0.0382462	127.617	-670.258	0.00108507	5	4	4	4	428.627	374	42.4507	3.34633	1.48819	0.928041	6.96318	43.0782	17.9156	96.3425	1	1	1	1	0	0	0	0
11.08.2015 10:57:01.612000	-0.03	-0.0342517	-0.0382462	127.625	-670.258	0.00036169	5	4	4	4	476.316	374	42.5204	3.07473	1.21659	0.785255	6.68699	43.2134	18.0526	96.3354	1	1	1	1	0	0	0	0
11.08.2015 10:57:01.712000	-0.03	-0.0342517	-0.0382462	127.625	-670.258	0.00108507	5	4	4	4	462.89	374	42.594	2.78842	0.930283	0.740164	6.56937	43.3634	18.1864	96.3976	1	1	1	1	0	0	0	0
11.08.2015 10:57:01.812000	-0.03	-0.0342517	-0.0382462	127.622	-670.258	-0.00108507	5	4	4	4	491.26	374	42.6557	2.47646	0.618321	0.740164	6.53827	43.5044	18.3203	96.4252	1	1	1	1	0	0	0	0
11.08.2015 10:57:01.912000	-0.03	-0.0342517	-0.0382462	127.621	-670.258	0.0016276	5	4	4	4	479.764	374	42.7129	2.13763	0.279486	0.740164	6.55158	43.6422	18.4581	96.4249	1	1	1	1	0	0	0	0
11.08.2015 10:57:02.012000	-0.03	-0.0342517	-0.0382462	127.625	-670.258	0.00072338	5	4	4	4	431.52	374	42.7626	1.89309	0.0349495	0.651076	6.52698	43.7758	18.5761	96.4848	1	1	1	1	0	0	0	0
11.08.2015 10:57:02.112000	-0.03	-0.0342517	-0.0382462	127.625	-670.258	0.000542535	5	4	4	4	381.196	374	42.8104	1.82572	-0.032417	0.611051	6.51758	43.909	18.6798	96.5977	1	1	1	1	0	0	0	0
11.08.2015 10:57:02.212000	-0.03	-0.0342517	-0.0382462	127.622	-670.258	0.00072338	5	4	4	4	378.217	374	42.8596	1.80122	-0.0569175	0.611051	6.54442	44.0142	18.7793	96.6194	1	1	1	1	0	0	0	0
11.08.2015 10:57:02.312000	-0.03	-0.0342517	-0.0382462	127.625	-670.266	0.00108507	5	4	4	4	347.622	374	42.9073	1.8523	-0.00583868	0.611051	6.57038	44.0936	18.8839	96.5229	1	1	1	1	0	0	0	0
11.08.2015 10:57:02.412000	-0.03	-0.0342517	-0.0382462	127.622	-670.263	0.00144676	5	4	4	4	366.059	374	42.9546	1.88412	0.0259766	0.611051	6.62312	44.1852	18.9619	96.5752	1	1	1	1	0	0	0	0
11.08.2015 10:57:02.512000	-0.03	-0.0342517	-0.0382462	127.625	-670.266	0.000542535	5	4	4	4	365.501	374	43.0029	1.89902	0.0408753	0.543441	6.62109	44.2577	19.0415	96.5476	1	1	1	1	0	0	0	0
11.08.2015 10:57:02.612000	-0.03	-0.0342517	-0.0382462	127.62	-670.263	0.00108507	5	4	4	4	312.748	374	43.0541	2.08578	0.227637	0.481031	6.64938	44.3148	19.0994	96.5446	1	1	1	1	0	0	0	0
11.08.2015 10:57:02.712000	-0.03	-0.0342517	-0.0382462	127.617	-670.266	-0.00108507	5	4	4	4	395.35	374	43.1093	2.13565	0.277507	0.481031	6.63397	44.3624	19.1537	96.5189	1	1	1	1	0	0	0	0
11.08.2015 10:57:02.812000	-0.03	-0.0342517	-0.0382462	127.62	-670.26	-0.00108507	5	4	4	4	437.362	374	43.1615	2.13779	0.279644	0.481031	6.59397	44.4075	19.1866	96.5659	1	1	1	1	0	0	0	0
11.08.2015 10:57:02.912000	-0.03	-0.0342517	-0.0382462	127.625	-670.266	-0.0016276	5	4	4	4	401.085	374	43.2167	2.09314	0.234999	0.481031	6.5476	44.4329	19.2292	96.5002	1	1	1	1	0	0	0	0
11.08.2015 10:57:03.012000	-0.03	-0.0342517	-0.0382462	127.625	-670.263	-0.00072338	5	4	4	4	377.347	374	43.2734	2.03832	0.180184	0.539316	6.57791	44.469	19.2682	96.4888	1	1	1	1	0	0	0	0
11.08.2015 10:57:03.112000	-0.03	-0.0342517	-0.0382462	127.625	-670.262	-0.0016276	5	4	4	4	373.986	374	43.3287	1.99259	0.134445	0.543036	6.58008	44.5141	19.2997	96.5411	1	1	1	1	0	0	0	0
11.08.2015 10:57:03.212000	-0.03	-0.0342517	-0.0382462	127.62	-670.266	-0.00217014	5	4	4	4	341.028	374	43.3814	1.96764	0.1095	0.543036	6.60156	44.5366	19.3371	96.4838	1	1	1	1	0	0	0	0
11.08.2015 10:57:03.312000	-0.03	-0.0342517	-0.0382462	127.625	-670.262	-0.0016276	5	4	4	4	350.743	374	43.4351	1.97866	0.120518	0.543036	6.60315	44.5672	19.3632	96.5011	1	1	1	1	0	0	0	0
11.08.2015 10:57:03.412000	-0.03	-0.0342517	-0.0382462	127.625	-670.26	-0.00217014	5	4	4	4	346.633	374	43.4893	2.01506	0.156918	0.54093	6.59701	44.5943	19.3902	96.5014	1	1	1	1	0	0	0	0
11.08.2015 10:57:03.512000	-0.03	-0.0342517	-0.0382462	127.625	-670.266	-0.00108507	5	4	4	4	333.621	374	43.5426	2.06934	0.211199	0.536016	6.61053	44.6101	19.41	96.4862	1	1	1	1	0	0	0	0
11.08.2015 10:57:03.612000	-0.03	-0.0342517	-0.0382462	127.625	-670.266	0.00036169	5	4	4	4	349.717	374	43.5983	2.14314	0.284999	0.536016	6.65958	44.616	19.4242	96.4542	1	1	1	1	0	0	0	0
11.08.2015 10:57:03.712000	-0.03	-0.0342517	-0.0382462	127.625	-670.266	0.00271267	5	4	4	4	392.619	374	43.6565	2.20391	0.345772	0.536016	6.62312	44.6286	19.4282	96.4874	1	1	1	1	0	0	0	0
11.08.2015 10:57:03.812000	-0.03	-0.0342517	-0.0382462	127.625	-670.266	-0.00036169	5	4	4	4	353.481	374	43.7142	2.2397	0.381557	0.536016	6.58999	44.6279	19.4385	96.4455	1	1	1	1	0	0	0	0
11.08.2015 10:57:03.912000	-0.03	-0.0342517	-0.0382462	127.625	-670.262	0.000542535	5	4	4	4	369.744	374	43.7763	2.27606	0.417917	0.571569	6.58297	44.6147	19.4353	96.4067	1	1	1	1	0	0	0	0
11.08.2015 10:57:04.012000	-0.03	-0.0342517	-0.0382462	127.63	-670.263	0.00072338	5	4	4	4	405.456	374	43.838	2.3017	0.443557	0.57305	6.56641	44.6175	19.4322	96.4296	1	1	1	1	0	0	0	0
11.08.2015 10:57:04.112000	-0.03	-0.0342517	-0.0382462	127.633	-670.266	0.00217014	5	4	4	4	383.402	374	43.8972	2.29688	0.43874	0.57305	6.53501	44.6212	19.4332	96.4397	1	1	1	1	0	0	0	0
11.08.2015 10:57:04.212000	-0.03	-0.0342517	-0.0382462	127.633	-670.266	0.00072338	5	4	4	4	394.723	374	43.9534	2.27791	0.419769	0.57305	6.57675	44.6148	19.4326	96.4175	1	1	1	1	0	0	0	0
11.08.2015 10:57:04.312000	-0.03	-0.0342517	-0.0382462	127.633	-670.266	0.000542535	5	4	4	4	358.707	374	44.0111	2.25057	0.392426	0.591526	6.58369	44.6153	19.4444	96.3745	1	1	1	1	0	0	0	0
11.08.2015 10:57:04.412000	-0.03	-0.0342517	-0.0382462	127.633	-670.266	0.00072338	5	4	4	4	331.384	374	44.0788	2.25052	0.392378	0.596437	6.61263	44.6177	19.441	96.3967	1	1	1	1	0	0	0	0
11.08.2015 10:57:04.512000	-0.03	-0.0342517	-0.0382462	127.633	-670.266	0.00108507	5	4	4	4	342.011	374	44.1365	2.28702	0.428878	0.596437	6.65422	44.6179	19.4488	96.3677	1	1	1	1	0	0	0	0
11.08.2015 10:57:04.612000	-0.03	-0.0342517	-0.0382462	127.633	-670.266	0	5	4	4	4	340.546	374	44.1952	2.34977	0.491629	0.596437	6.648	44.6139	19.4437	96.3717	1	1	1	1	0	0	0	0
11.08.2015 10:57:04.712000	-0.03	-0.0342517	-0.0382462	127.637	-670.266	0	5	4	4	4	385.64	374	44.2559	2.41377	0.555626	0.605745	6.62666	44.6097	19.4313	96.403	1	1	1	1	0	0	0	0
11.08.2015 10:57:04.812000	-0.03	-0.0342517	-0.0382462	127.633	-670.266	0.00108507	5	4	4	4	406.474	374	44.321	2.44363	0.585493	0.609546	6.57284	44.595	19.4234	96.3768	1	1	1	1	0	0	0	0
11.08.2015 10:57:04.912000	-0.03	-0.0342517	-0.0382462	127.633	-670.266	0	5	4	4	4	350.627	374	44.3847	2.43945	0.581314	0.609546	6.56756	44.5821	19.4154	96.3581	1	1	1	1	0	0	0	0
11.08.2015 10:57:05.012000	-0.03	-0.0342517	-0.0382462	127.635	-670.266	0	5	4	4	4	342.137	374	44.4454	2.46058	0.602439	0.609546	6.61748	44.5736	19.4023	96.3759	1	1	1	1	0	0	0	0
11.08.2015 10:57:05.112000	-0.03	-0.0342517	-0.0382462	127.637	-670.266	0.000542535	5	4	4	4	365.926	374	44.5065	2.50032	0.642179	0.62343	6.62963	44.5533	19.3948	96.327	1	1	1	1	0	0	0	0
11.08.2015 10:57:05.212000	-0.03	-0.0342517	-0.0382462	127.641	-670.266	0.00072338	5	4	4	4	401.309	374	44.5732	2.52642	0.668281	0.628057	6.60771	44.5452	19.3747	96.3726	1	1	1	1	0	0	0	0
11.08.2015 10:57:05.312000	-0.03	-0.0342517	-0.0382462	127.637	-670.266	0.000542535	5	4	4	4	334.997	374	44.6369	2.52878	0.670637	0.628057	6.58753	44.5233	19.3724	96.2978	1	1	1	1	0	0	0	0
11.08.2015 10:57:05.412000	-0.03	-0.0342517	-0.0382462	127.641	-670.266	0.00072338	5	4	4	4	301.743	374	44.6981	2.58107	0.722927	0.628057	6.64583	44.5096	19.3556	96.3097	1	1	1	1	0	0	0	0
11.08.2015 10:57:05.512000	-0.03	-0.0342517	-0.0382462	127.641	-670.266	0.00108507	5	4	4	4	353.488	374	44.7612	2.68139	0.823251	0.630633	6.67086	44.4983	19.3351	96.3448	1	1	1	1	0	0	0	0
11.08.2015 10:57:05.612000	-0.03	-0.0342517	-0.0382462	127.641	-670.266	0.00072338	5	4	4	4	380.039	374	44.8348	2.76359	0.905454	0.631237	6.65459	44.4677	19.3038	96.3476	1	1	1	1	0	0	0	0
11.08.2015 10:57:05.712000	-0.03	-0.0342517	-0.0382462	127.641	-670.266	0.000542535	5	4	4	4	373.855	374	44.9	2.8065	0.94836	0.631237	6.60692	44.4255	19.2786	96.2824	1	1	1	1	0	0	0	0
11.08.2015 10:57:05.812000	-0.03	-0.0342517	-0.0382462	127.641	-670.266	0.00253183	5	4	4	4	390.984	374	44.9731	2.8347	0.97656	0.643759	6.60301	44.4016	19.2447	96.3207	1	1	1	1	0	0	0	0
11.08.2015 10:57:05.912000	-0.03	-0.0342517	-0.0382462	127.641	-670.266	0.00108507	5	4	4	4	386.661	374	45.0433	2.83845	0.980309	0.690865	6.59093	44.3804	19.2172	96.345	1	1	1	1	0	0	0	0
11.08.2015 10:57:06.012000	-0.03	-0.0342517	-0.0382462	127.641	-670.266	0.00144676	5	4	4	4	356.001	374	45.1149	2.83498	0.976837	0.690865	6.58312	44.3219	19.1963	96.2011	1	1	1	1	0	0	0	0
11.08.2015 10:57:06.112000	-0.03	-0.0342517	-0.0382462	127.641	-670.266	0.000542535	5	4	4	4	362.157	374	45.1875	2.84277	0.98463	0.690865	6.57979	44.3475	19.1775	96.371	1	1	1	1	0	0	0	0
11.08.2015 10:57:06.212000	-0.03	-0.0342517	-0.0382462	127.641	-670.266	0.00072338	5	4	4	4	326.289	374	45.2577	2.8711	1.01296	0.715601	6.5897	44.2904	19.1637	96.2048	1	1	1	1	0	0	0	0
11.08.2015 10:57:06.312000	-0.03	-0.0342517	-0.0382462	127.641	-670.266	0	5	4	4	4	343.13	374	45.3343	2.93672	1.07858	0.72299	6.63694	44.2985	19.1462	96.303	1	1	1	1	0	0	0	0
11.08.2015 10:57:06.412000	-0.03	-0.0342517	-0.0382462	127.641	-670.266	0.00036169	5	4	4	4	385.751	374	45.4029	3.00297	1.14482	0.72299	6.65444	44.2562	19.1092	96.2829	1	1	1	1	0	0	0	0
11.08.2015 10:57:06.512000	-0.03	-0.0342517	-0.0382462	127.641	-670.266	0	5	4	4	4	357.566	374	45.4845	3.04053	1.18239	0.730052	6.65784	44.2556	19.093	96.3425	1	1	1	1	0	0	0	0
11.08.2015 10:57:06.612000	-0.03	-0.0342517	-0.0382462	127.641	-670.266	0.00072338	5	4	4	4	363.436	374	45.5571	3.08107	1.22293	0.740213	6.64128	44.2116	19.0588	96.3051	1	1	1	1	0	0	0	0
11.08.2015 10:57:06.712000	-0.03	-0.0342517	-0.0382462	127.641	-670.266	0.000542535	5	4	4	4	396.773	374	45.6377	3.11335	1.25521	0.740213	6.61617	44.129	19.0282	96.1057	1	1	1	1	0	0	0	0
11.08.2015 10:57:06.812000	-0.03	-0.0342517	-0.0382462	127.641	-670.266	0.00072338	5	4	4	4	335.592	374	45.7143	3.12818	1.27003	0.746323	6.62753	44.1783	19.0033	96.3901	1	1	1	1	0	0	0	0
11.08.2015 10:57:06.912000	-0.03	-0.0342517	-0.0382462	127.641	-670.266	0	5	4	4	4	363.504	374	45.7889	3.1615	1.30336	0.772371	6.64959	44.0825	18.9796	96.1137	1	1	1	1	0	0	0	0
11.08.2015 10:57:07.012000	-0.03	-0.0342517	-0.0382462	127.641	-670.266	0.00072338	5	4	4	4	338.239	374	45.871	3.20155	1.34341	0.772371	6.66066	44.0987	18.953	96.2777	1	1	1	1	0	0	0	0
11.08.2015 10:57:07.112000	-0.03	-0.0342517	-0.0382462	127.641	-670.266	-0.000542535	5	4	4	4	348.479	374	45.9426	3.26009	1.40195	0.772371	6.65271	44.0208	18.932	96.0599	1	1	1	1	0	0	0	0
11.08.2015 10:57:07.212000	-0.03	-0.0342517	-0.0382462	127.641	-670.266	0.00036169	5	4	4	4	370.53	374	46.0291	3.32449	1.46635	0.774638	6.65401	44.0062	18.8945	96.1478	1	1	1	1	0	0	0	0
11.08.2015 10:57:07.312000	-0.03	-0.0342517	-0.0382462	127.641	-670.266	0.00108507	5	4	4	4	382.382	374	46.1048	3.36899	1.51084	0.774685	6.64185	43.9381	18.898	95.8734	1	1	1	1	0	0	0	0
11.08.2015 10:57:07.412000	-0.03	-0.0342517	-0.0382462	127.641	-670.266	0.00144676	5	4	4	4	367.437	374	46.1848	3.39256	1.53442	0.774685	6.65097	43.8458	18.8587	95.6703	1	1	1	1	0	0	0	0
11.08.2015 10:57:07.512000	-0.03	-0.0342517	-0.0382462	127.641	-670.266	0.000542535	5	4	4	4	383.494	374	46.2679	3.41046	1.55232	0.799069	6.62746	43.9083	18.8198	96.0585	1	1	1	1	0	0	0	0
11.08.2015 10:57:07.612000	-0.03	-0.0342517	-0.0382462	127.643	-670.266	0.00072338	5	4	4	4	336.193	374	46.3445	3.42249	1.56435	0.802395	6.63571	43.9721	18.7942	96.4011	1	1	1	1	0	0	0	0
11.08.2015 10:57:07.712000	-0.03	-0.0342517	-0.0382462	127.648	-670.266	0.0016276	5	4	4	4	371.329	374	46.4326	3.45966	1.60152	0.802395	6.66341	43.4804	18.7558	94.6657	1	1	1	1	0	0	0	0
11.08.2015 10:57:07.812000	-0.03	-0.0342517	-0.0382462	127.651	-670.266	0.00036169	5	4	4	4	351.788	374	46.5156	3.49533	1.63718	0.825852	6.61863	43.6728	18.7449	95.4439	1	1	1	1	0	0	0	0
11.08.2015 10:57:07.912000	-0.03	-0.0342517	-0.0382462	127.652	-670.266	0.000542535	5	4	4	4	322.595	374	46.5977	3.54099	1.68285	0.829051	6.63484	43.8517	18.7196	96.2258	1	1	1	1	0	0	0	0
11.08.2015 10:57:08.012000	-0.03	-0.0342517	-0.0382462	127.654	-670.266	0.00072338	5	4	4	4	385.188	374	46.6867	3.60782	1.74968	0.829051	6.65943	43.7358	18.6758	95.9496	1	1	1	1	0	0	0	0
11.08.2015 10:57:08.112000	-0.03	-0.0342517	-0.0382462	127.656	-670.266	0.00108507	5	4	4	4	331.37	374	46.7763	3.66496	1.80682	0.857041	6.66992	43.4344	18.654	94.8793	1	1	1	1	0	0	0	0
11.08.2015 10:57:08.212000	-0.03	-0.0342517	-0.0382462	127.656	-670.266	0.00036169	5	4	4	4	352.996	374	46.8648	3.73593	1.87779	0.857612	6.66276	43.9301	18.6114	96.9403	1	1	1	1	0	0	0	0
11.08.2015 10:57:08.312000	-0.03	-0.0342517	-0.0382462	127.656	-670.266	0.000542535	5	4	4	4	376.117	374	46.9524	3.79153	1.93339	0.863117	6.64952	43.4061	18.5684	95.0985	1	1	1	1	0	0	0	0
11.08.2015 10:57:08.412000	-0.03	-0.0342517	-0.0382462	127.656	-670.266	0.00108507	5	4	4	4	371.256	374	47.0439	3.82939	1.97125	0.888191	6.6229	43.4682	18.5302	95.4827	1	1	1	1	0	0	0	0
11.08.2015 10:57:08.512000	-0.03	-0.0342517	-0.0382462	127.656	-670.266	0	5	4	4	4	374.013	374	47.1339	3.86267	2.00453	0.888191	6.62399	43.3407	18.4949	95.1293	1	1	1	1	0	0	0	0
11.08.2015 10:57:08.612000	-0.03	-0.0342517	-0.0382462	127.656	-670.266	0.00036169	5	4	4	4	367.486	374	47.2294	3.88236	2.02422	0.906059	6.65169	43.5303	18.4624	95.98	1	1	1	1	0	0	0	0
11.08.2015 10:57:08.712000	-0.03	-0.0342517	-0.0382462	127.656	-670.266	-0.000542535	5	4	4	4	350.556	374	47.3214	3.90979	2.05165	0.924656	6.69958	43.5123	18.4277	96.044	1	1	1	1	0	0	0	0
11.08.2015 10:57:08.812000	-0.03	-0.0342517	-0.0382462	127.656	-670.266	0.00072338	5	4	4	4	345.448	374	47.4105	3.94348	2.08534	0.924656	6.68084	43.3785	18.4046	95.6201	1	1	1	1	0	0	0	0
11.08.2015 10:57:08.912000	-0.03	-0.0342517	-0.0382462	127.656	-670.266	0.000542535	5	4	4	4	387.154	374	47.5015	3.98885	2.1307	0.914283	6.69264	43.2484	18.3655	95.2717	1	1	1	1	0	0	0	0
11.08.2015 10:57:09.012000	-0.03	-0.0342517	-0.0382462	127.656	-670.266	0.00036169	5	4	4	4	350.372	374	47.5945	4.01513	2.15699	0.911007	6.65878	43.3097	18.3409	95.6007	1	1	1	1	0	0	0	0
11.08.2015 10:57:09.112000	-0.03	-0.0342517	-0.0382462	127.66	-670.266	0.00108507	5	4	4	4	368.933	374	47.6875	4.04964	2.1915	0.911957	6.6305	43.4327	18.3153	96.1695	1	1	1	1	0	0	0	0
11.08.2015 10:57:09.212000	-0.03	-0.0342517	-0.0382462	127.656	-670.266	0.00072338	5	4	4	4	361.597	374	47.7796	4.08364	2.2255	0.924577	6.61834	43.306	18.2932	95.7692	1	1	1	1	0	0	0	0
11.08.2015 10:57:09.312000	-0.03	-0.0342517	-0.0382462	127.66	-670.266	0.000542535	5	4	4	4	355.834	374	47.8771	4.12424	2.2661	0.924577	6.70378	43.3699	18.257	96.152	1	1	1	1	0	0	0	0
11.08.2015 10:57:09.412000	-0.03	-0.0342517	-0.0382462	127.656	-670.266	0.00036169	5	4	4	4	340.792	374	47.9731	4.16788	2.30973	0.937632	6.69365	43.2334	18.2289	95.7369	1	1	1	1	0	0	0	0
11.08.2015 10:57:09.512000	-0.03	-0.0342517	-0.0382462	127.656	-670.266	0.000542535	5	4	4	4	374.978	374	48.072	4.22269	2.36455	0.952956	6.64764	43.0905	18.1997	95.3018	1	1	1	1	0	0	0	0
11.08.2015 10:57:09.612000	-0.03	-0.0342517	-0.0382462	127.659	-670.266	0.00072338	5	4	4	4	370.351	374	48.1685	4.25873	2.40059	0.952956	6.65697	43.151	18.1729	95.6362	1	1	1	1	0	0	0	0
11.08.2015 10:57:09.712000	-0.03	-0.0342517	-0.0382462	127.656	-670.266	0.000542535	5	4	4	4	348.597	374	48.27	4.29303	2.43489	0.98891	6.6548	43.2456	18.1389	96.1286	1	1	1	1	0	0	0	0
11.08.2015 10:57:09.812000	-0.03	-0.0342517	-0.0382462	127.659	-670.266	0	5	4	4	4	373.061	374	48.368	4.33503	2.47689	0.990803	6.64272	43.0587	18.1126	95.5135	1	1	1	1	0	0	0	0
11.08.2015 10:57:09.912000	-0.03	-0.0342517	-0.0382462	127.66	-670.266	0.000542535	5	4	4	4	355.661	374	48.4705	4.36598	2.50784	0.998541	6.6156	43.1227	18.1	95.8068	1	1	1	1	0	0	0	0
11.08.2015 10:57:10.012000	-0.03	-0.0342517	-0.0382462	127.656	-670.266	0.00036169	5	4	4	4	332.059	374	48.5685	4.40729	2.54915	1.00692	6.66088	43.042	18.0824	95.5654	1	1	1	1	0	0	0	0
11.08.2015 10:57:10.112000	-0.03	-0.0342517	-0.0382462	127.66	-670.266	0.00325521	5	4	4	4	364.709	374	48.6734	4.47215	2.61401	1.00717	6.66074	43.1924	18.0407	96.3009	1	1	1	1	0	0	0	0
11.08.2015 10:57:10.212000	-0.03	-0.0342517	-0.0382462	127.661	-670.266	-0.00036169	5	4	4	4	394.886	374	48.7789	4.52115	2.66301	1.01516	6.64909	42.711	18.0022	94.6049	1	1	1	1	0	0	0	0
11.08.2015 10:57:10.312000	-0.03	-0.0342517	-0.0382462	127.66	-670.266	0.00108507	5	4	4	4	410.202	374	48.8813	4.53085	2.67271	1.01516	6.64562	43.0008	17.9693	95.8205	1	1	1	1	0	0	0	0
11.08.2015 10:57:10.412000	-0.03	-0.0342517	-0.0382462	127.664	-670.266	0.00036169	5	4	4	4	352.738	374	48.9838	4.51775	2.6596	1.02285	6.63332	42.7489	17.9515	94.944	1	1	1	1	0	0	0	0
11.08.2015 10:57:10.512000	-0.03	-0.0342517	-0.0382462	127.66	-670.266	0.00108507	5	4	4	4	406.413	374	49.0898	4.50615	2.64801	1.02776	6.63115	43.0868	17.9326	96.3104	1	1	1	1	0	0	0	0
11.08.2015 10:57:10.612000	-0.03	-0.0342517	-0.0382462	127.664	-670.266	0.00072338	5	4	4	4	386.183	374	49.1927	4.48259	2.62445	1.03428	6.60091	43.0284	17.9071	96.1845	1	1	1	1	0	0	0	0
11.08.2015 10:57:10.712000	-0.03	-0.0342517	-0.0382462	127.664	-670.266	0.000542535	5	4	4	4	334.288	374	49.2967	4.45543	2.59729	1.05384	6.63867	42.7479	17.9186	95.0662	1	1	1	1	0	0	0	0
11.08.2015 10:57:10.812000	-0.03	-0.0342517	-0.0382462	127.667	-670.266	0	5	4	4	4	333.229	374	49.3972	4.47716	2.61923	1.05384	6.69771	42.6358	17.9151	93.8888	1	1	1	1	0	0	0	0
11.08.2015 10:57:10.912000	-0.03	-0.0342517	-0.0382462	127.664	-670.266	0.000542535	5	4	4	4	396.203	374	49.5021	4.51755	2.65942	1.03187	6.68246	43.1203	17.9039	96.6569	1	1	1	1	0	0	0	0
11.08.2015 10:57:11.012000	-0.03	-0.0342517	-0.0382462	127.664	-670.266	0.00108507	5	4	4	4	372.647	374	49.6051	4.53308	2.67494	1.02768	6.67697	42.8299	17.8942	95.474	1	1	1	1	0	0	0	0
11.08.2015 10:57:11.112000	-0.03	-0.0342517	-0.0382462	127.668	-670.266	0.00108507	5	4	4	4	347.566	374	49.71	4.5494	2.69126	1.03146	6.70169	42.701	17.8776	95.0859	1	1	1	1	0	0	0	0
11.08.2015 10:57:11.212000	-0.03	-0.0342517	-0.0382462	127.667	-670.266	0.00072338	5	4	4	4	346.795	374	49.814	4.58661	2.72847	1.03626	6.70409	42.8991	17.8761	95.808	1	1	1	1	0	0	0	0
11.08.2015 10:57:11.312000	-0.03	-0.0342517	-0.0382462	127.664	-670.266	0.00108507	5	4	4	4	361.289	374	49.9205	4.63389	2.77576	1.03679	6.70762	42.9868	17.8619	96.198	1	1	1	1	0	0	0	0
11.08.2015 10:57:11.412000	-0.03	-0.0342517	-0.0382462	127.672	-670.266	0.00072338	5	4	4	4	410.649	374	50.0284	4.67135	2.8132	1.04509	6.67391	42.442	17.8392	94.199	1	1	1	1	0	0	0	0
11.08.2015 10:57:11.512000	-0.03	-0.0342517	-0.0382462	127.68	-670.266	0	5	4	4	4	377.921	374	50.1324	4.67553	2.81739	1.04509	6.68725	42.5953	17.8191	94.8629	1	1	1	1	0	0	0	0
11.08.2015 10:57:11.612000	-0.03	-0.0342517	-0.0382462	127.68	-670.266	0.00108507	5	4	4	4	356.898	374	50.2398	4.67248	2.81434	1.06134	6.66802	42.7629	17.8201	95.5011	1	1	1	1	0	0	0	0
11.08.2015 10:57:11.712000	-0.03	-0.0342517	-0.0382462	127.68	-670.266	0	5	4	4	4	348.854	374	50.3453	4.68883	2.83069	1.06734	6.6623	42.5633	17.817	94.7484	1	1	1	1	0	0	0	0
11.08.2015 10:57:11.812000	-0.03	-0.0342517	-0.0382462	127.68	-670.266	0.00072338	5	4	4	4	379.769	374	50.4522	4.70954	2.85139	1.06927	6.67042	42.695	17.8215	95.2359	1	1	1	1	0	0	0	0
11.08.2015 10:57:11.912000	-0.03	-0.0342517	-0.0382462	127.68	-670.266	0	5	4	4	4	375.612	374	50.5567	4.73156	2.87342	1.07204	6.69041	42.7423	17.8006	95.4969	1	1	1	1	0	0	0	0
11.08.2015 10:57:12.012000	-0.03	-0.0342517	-0.0382462	127.68	-670.266	0.00036169	5	4	4	4	372.443	374	50.6681	4.74745	2.88931	1.0714	6.68234	42.5217	17.7867	94.7054	1	1	1	1	0	0	0	0
11.08.2015 10:57:12.112000	-0.03	-0.0342517	-0.0382462	127.68	-670.266	0.00108507	5	4	4	4	340.932	374	50.7765	4.75415	2.89601	1.06288	6.65568	42.6291	17.7798	95.1431	1	1	1	1	0	0	0	0
11.08.2015 10:57:12.212000	-0.03	-0.0342517	-0.0382462	127.68	-670.266	0.00108507	5	4	4	4	341.286	374	50.8854	4.79129	2.93315	1.06288	6.6764	42.5457	17.7578	94.908	1	1	1	1	0	0	0	0
11.08.2015 10:57:12.312000	-0.03	-0.0342517	-0.0382462	127.68	-670.266	0	5	4	4	4	372.251	374	50.9944	4.84389	2.98574	1.09331	6.69837	42.6449	17.7396	95.3574	1	1	1	1	0	0	0	0
11.08.2015 10:57:12.412000	-0.03	-0.0342517	-0.0382462	127.68	-670.266	0.00036169	5	4	4	4	393.278	374	51.1053	4.87965	3.02151	1.10045	6.66006	42.5896	17.7188	95.2251	1	1	1	1	0	0	0	0
11.08.2015 10:57:12.512000	-0.03	-0.0342517	-0.0382462	127.68	-670.266	0.00108507	5	4	4	4	385.555	374	51.2212	4.88971	3.03157	1.11215	6.63761	42.7612	17.7017	95.9477	1	1	1	1	0	0	0	0
11.08.2015 10:57:12.612000	-0.03	-0.0342517	-0.0382462	127.68	-670.266	0.00036169	5	4	4	4	390.211	374.052	51.3306	4.8687	3.01056	1.12028	6.67802	42.7542	17.6922	95.9576	1	1	1	1	0.7	0	0	0
11.08.2015 10:57:12.712000	-0.03	-0.0342517	-0.0382462	127.68	-670.266	0.000542535	5	4	4	4	337.348	374.69	51.4411	4.82304	2.9649	1.11852	6.69272	42.6467	17.6867	95.567	1	1	1	1	1	0	0	0
11.08.2015 10:57:12.812000	-0.03	-0.0342517	-0.0382462	127.68	-670.266	0.00036169	5	4	4	4	378.887	376.223	51.548	4.90194	3.0438	1.11539	6.67387	42.4599	17.6753	94.8952	1	1	1	1	1	0	0	0
11.08.2015 10:57:12.912000	-0.03	-0.0342517	-0.0382462	127.68	-670.266	0.00108507	5	4	4	4	359.629	378.654	51.6639	4.98479	3.12665	1.11361	6.70154	42.4442	17.6603	94.8926	1	1	1	1	1	0	0	0
11.08.2015 10:57:13.012000	-0.03	-0.0342517	-0.0382462	127.682	-670.266	0.00072338	5	4	4	4	383.03	381.985	51.7748	5.08715	3.22901	1.09556	6.69553	42.5849	17.6273	95.5575	1	1	1	1	1	0	0	0
11.08.2015 10:57:13.112000	-0.03	-0.0342517	-0.0382462	127.68	-670.266	0.000542535	5	4	4	4	366.999	386.215	51.8907	5.20413	3.34599	1.09556	6.70061	42.3417	17.585	94.7886	1	1	1	1	1	0	0	0
11.08.2015 10:57:13.212000	-0.03	-0.0342517	-0.0382462	127.68	-670.266	0.00108507	5	4	4	4	404.4	391.343	52.0146	5.37538	3.51724	1.17089	6.6756	42.2996	17.531	94.8339	1	1	1	1	1	0	0	0
11.08.2015 10:57:13.312000	-0.03	-0.0342517	-0.0382462	127.68	-670.266	0	5	4	4	4	431.11	397.37	52.1335	5.48852	3.63038	1.17322	6.61803	42.419	17.4758	95.5023	1	1	1	1	1	0	0	0
11.08.2015 10:57:13.412000	-0.03	-0.0342517	-0.0382462	127.68	-670.266	0.00144676	5	4	4	4	442.497	404.297	52.2623	5.5047	3.64656	1.23472	6.66488	42.199	17.4168	94.886	1	1	1	1	1	0	0	0
11.08.2015 10:57:13.512000	-0.03	-0.0342517	-0.0382462	127.68	-670.266	0.00108507	5	4	4	4	359.944	412.121	52.3817	5.51235	3.65421	1.23729	6.70143	42.1263	17.375	94.7676	1	1	1	1	1	0	0	0
11.08.2015 10:57:13.612000	-0.03	-0.0342517	-0.0382462	127.682	-670.266	0.00108507	5	4	4	4	376.258	420.847	52.5125	5.68973	3.83159	1.24331	6.69572	42.055	17.3122	94.7351	1	1	1	1	1	0	0	0
11.08.2015 10:57:13.712000	-0.03	-0.0342517	-0.0382462	127.684	-670.266	0.000542535	5	4	4	4	380.421	430.471	52.6443	6.05011	4.19197	1.25134	6.70054	41.9183	17.2129	94.5923	1	1	1	1	1	0	0	0
11.08.2015 10:57:13.812000	-0.03	-0.0342517	-0.0382462	127.68	-670.266	0.00072338	5	4	4	4	484.399	440.993	52.7876	6.49244	4.6343	1.32997	6.62686	41.9037	17.061	95.1179	1	1	1	1	1	0	0	0
11.08.2015 10:57:13.912000	-0.03	-0.0342517	-0.0382462	127.68	-670.266	0.000542535	5	4	4	4	420.7	452.414	52.9388	6.78178	4.92364	1.3969	6.64368	41.6411	16.8816	94.7993	1	1	1	1	1	0	0	0
11.08.2015 10:57:14.012000	-0.03	-0.0342517	-0.0382462	127.682	-670.266	0.00036169	5	4	4	4	487.412	464.734	53.096	7.13969	5.28155	1.48934	6.63827	41.4125	16.6837	94.6816	1	1	1	1	1	0	0	0
11.08.2015 10:57:14.112000	-0.03	-0.0342517	-0.0382462	127.688	-670.266	-0.00108507	5	4	4	4	509.368	477.955	53.2591	7.43577	5.57763	1.58909	6.61	41.1911	16.4715	94.6465	1	1	1	1	1	0	0	0
11.08.2015 10:57:14.212000	-0.03	-0.0342517	-0.0382462	127.682	-670.266	0.00072338	5	4	4	4	435.197	492.074	53.4307	7.67241	5.81427	1.63936	6.62663	40.9738	16.2903	94.5084	1	1	1	1	1	0	0	0
11.08.2015 10:57:14.312000	-0.03	-0.0342517	-0.0382462	127.688	-670.266	0.000542535	5	4	4	4	505.451	507.089	53.6053	8.08802	6.22988	1.69338	6.62571	40.7707	16.0966	94.4722	1	1	1	1	1	0	0	0
11.08.2015 10:57:14.412000	-0.03	-0.0342517	-0.0382462	127.685	-670.266	0.00072338	5	4	4	4	513.216	523.007	53.7934	8.52621	6.66807	1.78924	6.57538	40.5459	15.9054	94.3434	1	1	1	1	1	0	0	0
11.08.2015 10:57:14.512000	-0.03	-0.0342517	-0.0382462	127.688	-670.266	0.000542535	5	4	4	4	523.857	539.82	53.9869	8.96954	7.1114	1.86581	6.51567	40.2882	15.6828	94.209	1	1	1	1	1	0	0	0
11.08.2015 10:57:14.612000	-0.03	-0.0342517	-0.0382462	127.685	-670.266	0.00108507	5	4	4	4	500.229	557.538	54.1903	9.47657	7.61843	1.97535	6.57028	40.0366	15.4563	94.113	1	1	1	1	1	0	0	0
11.08.2015 10:57:14.712000	-0.03	-0.0342517	-0.0382462	127.688	-670.266	0.0016276	5	4	4	4	545.29	576.152	54.4097	10.1376	8.27943	2.09944	6.60065	39.7915	15.2138	94.1032	1	1	1	1	1	0	0	0
11.08.2015 10:57:14.812000	-0.03	-0.0342517	-0.0382462	127.688	-670.266	0.00108507	5	4	4	4	535.524	595.664	54.6385	10.8582	9.00002	2.22162	6.58385	39.5101	14.949	94.0396	1	1	1	1	1	0	0	0
11.08.2015 10:57:14.912000	-0.03	-0.0342517	-0.0382462	127.688	-670.266	0.00108507	5	4	4	4	521.898	616.076	54.8852	11.7073	9.84915	2.37889	6.64014	39.21	14.6754	93.9382	1	1	1	1	1	0	0	0
11.08.2015 10:57:15.012000	-0.03	-0.0342517	-0.0382462	127.688	-670.266	0.00036169	5	4	4	4	606.498	637.386	55.1488	12.6908	10.8327	2.57047	6.66759	38.8919	14.3871	93.8241	1	1	1	1	1	0	0	0
11.08.2015 10:57:15.112000	-0.03	-0.0342517	-0.0382462	127.684	-670.266	0.00108507	5	4	4	4	610.434	659.595	55.4333	13.6485	11.7904	2.76456	6.66908	38.5429	14.0839	93.6484	1	1	1	1	1	0	0	0
11.08.2015 10:57:15.212000	-0.03	-0.0342517	-0.0382462	127.688	-670.266	0.00108507	5	4	4	4	638.176	682.701	55.7408	14.6437	12.7856	2.97478	6.65213	38.2504	13.7999	93.6159	1	1	1	1	1	0	0	0
11.08.2015 10:57:15.312000	-0.03	-0.0342517	-0.0382462	127.695	-670.266	0.00108507	5	4	4	4	675.878	706.708	56.0666	15.6647	13.8066	3.19805	6.65446	37.9986	13.5701	93.532	1	1	1	1	1	0	0	0
11.08.2015 10:57:15.412000	-0.03	-0.0342517	-0.0382462	127.695	-670.266	-0.00072338	5	4	4	4	738.103	731.613	56.4103	16.6432	14.785	3.42359	6.56236	37.7772	13.3793	93.4147	1	1	1	1	1	0	0	0
11.08.2015 10:57:15.512000	-0.03	-0.0342517	-0.0382462	127.695	-670.266	0.000542535	5	4	4	4	720.427	757.418	56.7724	17.4585	15.6003	3.55135	6.47342	37.6068	13.2382	93.3025	1	1	1	1	1	0	0	0
11.08.2015 10:57:15.612000	-0.03	-0.0342517	-0.0382462	127.695	-670.266	0.00036169	5	4	4	4	772.961	784.123	57.1499	18.319	16.4608	3.78637	6.49892	37.4801	13.1246	93.2523	1	1	1	1	1	0	0	0
11.08.2015 10:57:15.712000	-0.03	-0.0342517	-0.0382462	127.695	-670.266	0	5	4	4	4	847.224	811.725	57.5439	19.1097	17.2515	3.90699	6.37633	37.412	13.0544	93.2604	1	1	1	1	1	0	0	0
11.08.2015 10:57:15.812000	-0.03	-0.0342517	-0.0382462	127.695	-670.266	0.00036169	5	4	4	4	733.864	840.228	57.9458	19.8612	18.003	4.01237	6.42325	37.3393	13.0449	93.0183	1	1	1	1	1	0	0	0
11.08.2015 10:57:15.912000	-0.03	-0.0342517	-0.0382462	127.695	-670.266	0	5	4	4	4	800.497	456.158	58.3706	20.7159	3.15896	4.28822	6.51934	39.2216	12.8955	100.797	1	1	1	1	1	0.83	0	0.83
11.08.2015 10:57:16.012000	-0.03	-0.0342517	-0.0382462	127.695	-670.268	-0.00108507	5	4	4	4	2042.9	374	61.5014	20.7724	0	68.239	6.25409	104.917	13.1477	351.366	1	1	1	1	1	1	0.62	1
11.08.2015 10:57:16.112000	-0.03	-0.0363912	-0.0382462	127.734	-670.254	0.000542535	5	4	4	4	93.7414	374	62.1774	20.7724	0	61.6686	4.59076	109.989	0.654317	418.619	1	1	1	1	1	1	1	1
11.08.2015 10:57:16.212000	-0.03	-0.0385308	-0.0382462	127.648	-670.305	0.00072338	5	4	4	4	7.01868	374	62.1774	15.9947	0	61.6686	2.98711	122.79	0.585894	467.894	1	1	1	1	1	1	1	0.77
11.08.2015 10:57:16.312000	-0.03	-0.0385308	-0.0382462	127.645	-670.332	0.00108507	5	4	4	4	0.951372	374	62.1774	0	0	61.6686	1.91865	128.436	0.523087	489.752	1	1	1	1	1	1	1	0
11.08.2015 10:57:16.412000	-0.03	-0.0385308	-0.0382462	127.646	-670.305	0.00072338	5	4	4	4	0.217916	374	62.1774	0	0	61.6686	1.46531	128.819	0.537797	491.163	1	1	1	1	1	1	1	0
11.08.2015 10:57:16.512000	-0.03	-0.0385308	-0.0382462	127.637	-670.297	0.000542535	5	4	4	4	0.248367	374	62.1774	0	0	61.6686	1.16969	128.735	0.519364	490.912	1	1	1	1	1	1	1	0
11.08.2015 10:57:16.612000	-0.03	-0.0385308	-0.0382462	127.615	-670.315	0.00072338	5	4	4	4	0.245491	374	62.1774	0	0	61.6686	0.925911	128.597	0.507401	490.43	1	1	1	1	1	1	1	0
11.08.2015 10:57:16.712000	-0.03	-0.0385308	-0.0382462	127.57	-670.316	0.00108507	5	4	4	4	0.251066	374	62.1774	0	0	61.6686	0.778342	128.52	0.509842	490.125	1	1	1	1	1	1	1	0
11.08.2015 10:57:16.812000	-0.03	-0.0385308	-0.0382462	127.518	-670.313	0.00108507	5	4	4	4	0.262451	374	62.1774	0	0	61.6686	0.683297	128.486	0.510636	489.994	1	1	1	1	1	1	1	0
11.08.2015 10:57:16.912000	-0.03	-0.0385308	-0.0382462	127.508	-670.309	0.000542535	5	4	4	4	0.249193	374	62.1774	0	0	61.6686	0.610055	128.448	0.506973	489.861	1	1	1	1	1	1	1	0
11.08.2015 10:57:17.012000	-0.03	-0.0385308	-0.0382462	127.495	-670.315	0.00108507	5	4	4	4	0.263212	374	62.1774	0	0	25.9008	0.542484	128.414	0.51265	489.707	1	1	1	1	1	1	1	0
11.08.2015 10:57:17.112000	-0.03	-0.0385308	-0.0382462	127.492	-670.316	0.000542535	5	4	4	4	0.243199	374	62.1774	0	0	0	0.496304	128.392	0.515275	489.615	1	1	1	1	1	1	1	0
11.08.2015 10:57:17.212000	-0.03	-0.0385308	-0.0382462	127.492	-670.32	0.00108507	5	4	4	4	0.244408	374	62.1774	0	0	0	0.462652	128.376	0.519913	489.535	1	1	1	1	1	1	1	0
11.08.2015 10:57:17.312000	-0.03	-0.0385308	-0.0382462	127.492	-670.32	0	5	4	4	4	0.259319	374	62.1774	0	0	0	0.432964	128.348	0.518815	489.432	1	1	1	1	1	1	1	0
11.08.2015 10:57:17.412000	-0.03	-0.0385308	-0.0382462	127.492	-670.318	0.00036169	5	4	4	4	0.251127	374	62.1774	0	0	0	0.401302	128.329	0.520341	489.355	1	1	1	1	1	1	1	0
11.08.2015 10:57:17.512000	-0.03	-0.0385308	-0.0382462	127.492	-670.316	0.00108507	5	4	4	4	0.243451	374	62.1774	0	0	0	0.38049	128.308	0.522538	489.263	1	1	1	1	1	1	1	0
11.08.2015 10:57:17.612000	-0.03	-0.0385308	-0.0382462	127.492	-670.315	0.00108507	5	4	4	4	0.2759	374	62.1774	0	0	0	0.364019	128.288	0.526994	489.173	1	1	1	1	1	1	1	0
11.08.2015 10:57:17.712000	-0.03	-0.0385308	-0.0382462	127.492	-670.316	0.00108507	5	4	4	4	0.255772	374	62.1774	0	0	0	0.345783	128.274	0.524613	489.126	1	1	1	1	1	1	1	0
11.08.2015 10:57:17.812000	-0.03	-0.0385308	-0.0382462	127.492	-670.315	0.00072338	5	4	4	4	0.249382	374	62.1774	0	0	0	0.331496	128.259	0.524186	489.072	1	1	1	1	1	1	1	0
11.08.2015 10:57:17.912000	-0.03	-0.0385308	-0.0382462	127.492	-670.313	0.000542535	5	4	4	4	0.260062	374	62.1774	0	0	0	0.32079	128.244	0.527238	489	1	1	1	1	1	1	1	0
11.08.2015 10:57:18.012000	-0.03	-0.0385308	-0.0382462	127.492	-670.313	0.00072338	5	4	4	4	0.24505	374	62.1774	0	0	0	0.312717	128.233	0.532304	488.94	1	1	1	1	1	1	1	0
11.08.2015 10:57:18.112000	-0.03	-0.0385308	-0.0382462	127.492	-670.313	0.00217014	5	4	4	4	0.234027	374	62.1774	0	0	0	0.303168	128.221	0.528275	488.909	1	1	1	1	1	1	1	0
11.08.2015 10:57:18.212000	-0.03	-0.0385308	-0.0382462	127.49	-670.31	0.00108507	5	4	4	4	0.245912	374	62.1774	0	0	0	0.299949	128.213	0.528703	488.879	1	1	1	1	1	1	1	0
11.08.2015 10:57:18.312000	-0.03	-0.0385308	-0.0382462	127.465	-670.305	0.000542535	5	4	4	4	0.246431	374	62.1774	0	0	0	0.298032	128.199	0.529191	488.823	1	1	1	1	1	1	1	0
11.08.2015 10:57:18.412000	-0.03	-0.0385308	-0.0382462	127.448	-670.294	0.00072338	5	4	4	4	0.25575	374	62.1774	0	0	0	0.29707	128.191	0.528581	488.795	1	1	1	1	1	1	1	0
11.08.2015 10:57:18.512000	-0.03	-0.0385308	-0.0382462	127.445	-670.074	0.000542535	5	4	4	4	0.2444	374	62.1774	0	0	0	0.296072	128.186	0.527909	488.776	1	1	1	1	1	1	1	0
11.08.2015 10:57:18.612000	-0.03	-0.0385308	-0.0382462	127.56	-666.974	0.00072338	5	4	4	4	0.238455	374	62.1774	0	0	0	0.294401	128.179	0.530229	488.74	1	1	1	1	1	1	1	0
11.08.2015 10:57:18.712000	-0.03	-0.0385308	-0.0382462	127.598	-654.02	0.00108507	5	4	4	4	0.235692	374	62.1774	0	0	0	0.295298	128.171	0.529313	488.715	1	1	1	1	1	1	1	0
11.08.2015 10:57:18.812000	-0.03	-0.0385308	-0.0382462	127.604	-632.607	0.00072338	5	4	4	4	0.237458	374	62.1774	0	0	0	0.29485	128.163	0.528825	488.685	1	1	1	1	1	1	1	0
11.08.2015 10:57:18.912000	-0.03	-0.0385308	-0.0382462	127.605	-610.07	0	5	4	4	4	0.261095	374	62.1774	0	0	0	0.295558	128.143	0.531388	488.6	1	1	1	1	1	1	1	0
11.08.2015 10:57:19.012000	-0.03	-0.0385308	-0.0382462	127.607	-570.628	0.00108507	5	4	4	4	0.264553	374	62.1774	0	0	0	0.294141	128.127	0.529313	488.546	1	1	1	1	1	1	1	0
11.08.2015 10:57:19.112000	-0.03	-0.0385308	-0.0382462	127.605	-538.293	0.000542535	5	4	4	4	0.258416	374	62.1774	0	0	0	0.296007	128.106	0.528947	488.468	1	1	1	1	1	1	1	0
11.08.2015 10:57:19.212000	-0.03	-0.0385308	-0.0382462	127.607	-502.518	0.00108507	5	4	4	4	0.272347	374	62.1774	0	0	0	0.296615	128.085	0.529679	488.382	1	1	1	1	1	1	1	0
11.08.2015 10:57:19.312000	-0.03	-0.0385308	-0.0382462	127.602	-453.605	0.0016276	5	4	4	4	0.273376	374	62.1774	0	0	0	0.298322	128.067	0.528642	488.318	1	1	1	1	1	1	1	0
11.08.2015 10:57:19.412000	-0.03	-0.0385308	-0.0382462	127.602	-403.055	0.00180845	5	4	4	4	0.263739	374	62.1774	0	0	0	0.299284	127.911	0.530534	487.713	1	1	1	1	1	1	1	0
11.08.2015 10:57:19.512000	-0.03	-0.0385308	-0.0382462	127.598	-360.797	0.000542535	5	4	4	4	0.268104	374	62.1774	0	0	0	0.299913	128.022	0.528825	488.147	1	1	1	1	1	1	1	0
11.08.2015 10:57:19.612000	-0.03	-0.0385308	-0.0382462	127.602	-318.398	0.00036169	5	4	4	4	0.270977	374	62.1774	0	0	0	0.30123	128.002	0.530534	488.061	1	1	1	1	1	1	1	0
11.08.2015 10:57:19.712000	-0.03	-0.0385308	-0.0382462	127.602	-259.734	0.00108507	5	4	4	4	0.270657	374	62.1774	0	0	0	0.300412	127.977	0.529679	487.971	1	1	1	1	1	1	1	0
11.08.2015 10:57:19.812000	-0.03	-0.0385308	-0.0382462	127.602	-218.164	0.00072338	5	4	4	4	0.24939	374	62.1774	0	0	0	0.30144	127.95	0.52852	487.87	1	1	1	1	1	1	1	0
11.08.2015 10:57:19.912000	-0.03	-0.0385308	-0.0382462	127.602	-176.668	0	5	4	4	4	0.262756	374	62.1774	0	0	0	0.301071	127.928	0.530534	487.781	1	1	1	1	1	1	1	0
11.08.2015 10:57:20.012000	-0.03	-0.0385308	-0.0382462	127.602	-129.513	-0.00180845	5	4	4	4	0.27447	374	62.1774	0	0	0	0.301425	127.906	0.52913	487.699	1	1	1	1	1	1	1	0
11.08.2015 10:57:20.112000	-0.03	-0.0385308	-0.0382462	127.605	-76.8906	-0.0016276	5	4	4	4	0.270305	374	62.1774	0	0	0	0.300427	127.88	0.531754	487.592	1	1	1	1	1	1	1	0
11.08.2015 10:57:20.212000	-0.03	-0.0385308	-0.0382462	127.609	-35.4609	0	5	4	4	4	0.27327	374	62.1774	0	0	0	0.301201	127.858	0.531083	487.509	1	1	1	1	1	1	1	0
11.08.2015 10:57:20.312000	-0.03	-0.0385308	-0.0382462	127.609	5.75	0.000542535	5	4	4	4	0.279458	374	62.1774	0	0	0	0.300571	127.833	0.529618	487.418	1	1	1	1	1	1	1	0
11.08.2015 10:57:20.412000	-0.03	-0.0385308	-0.0382462	127.607	58.1953	0.00108507	5	4	4	4	0.270942	374	62.1774	0	0	0	0.299674	127.811	0.530168	487.334	1	1	1	1	1	1	1	0
11.08.2015 10:57:20.512000	-0.03	-0.0385308	-0.0382462	127.605	105.066	0.00108507	5	4	4	4	0.276906	374	62.1774	0	0	0	0.299125	127.788	0.527482	487.256	1	1	1	1	1	1	1	0
11.08.2015 10:57:20.612000	-0.03	-0.0385308	-0.0382462	127.609	146.544	0.00108507	5	4	4	4	0.262664	374	62.1774	0	0	0	0.298003	127.77	0.529252	487.179	1	1	1	1	1	1	1	0
11.08.2015 10:57:20.712000	-0.03	-0.0385308	-0.0382462	127.609	187.539	0.000542535	5	4	4	4	0.271184	374	62.1774	0	0	0	0.298112	127.748	0.529557	487.092	1	1	1	1	1	1	1	0
11.08.2015 10:57:20.812000	-0.03	-0.0385308	-0.0382462	127.609	239.38	0.00072338	5	4	4	4	0.260412	374	62.1774	0	0	0	0.296506	127.722	0.530412	486.992	1	1	1	1	1	1	1	0
11.08.2015 10:57:20.912000	-0.03	-0.0385308	-0.0382462	127.609	285.82	0.000542535	5	4	4	4	0.277396	374	62.1774	0	0	0	0.297244	127.7	0.529801	486.91	1	1	1	1	1	1	1	0
11.08.2015 10:57:21.012000	-0.03	-0.0385308	-0.0382462	127.609	327.039	0.00108507	5	4	4	4	0.280278	374	62.1774	0	0	0	0.296217	127.678	0.531877	486.816	1	1	1	1	1	1	1	0
11.08.2015 10:57:21.112000	-0.03	-0.0385308	-0.0382462	127.609	367.855	0.000542535	5	4	4	4	0.286606	374	62.1774	0	0	0	0.296137	127.66	0.530473	486.752	1	1	1	1	1	1	1	0
11.08.2015 10:57:21.212000	-0.03	-0.0385308	-0.0382462	127.609	425.313	0.00036169	5	4	4	4	0.271727	374	62.1774	0	0	0	0.294625	127.64	0.530107	486.677	1	1	1	1	1	1	1	0
11.08.2015 10:57:21.312000	-0.03	-0.0385308	-0.0382462	127.609	466.219	0.000542535	5	4	4	4	0.272426	374	62.1774	0	0	0	0.294625	127.614	0.529806	486.587	1	1	1	1	1	1	1	0
11.08.2015 10:57:21.412000	-0.03	-0.0385308	-0.0382462	127.609	507.201	0.00072338	5	4	4	4	0.267906	374	62.1774	0	0	0	0.293692	127.597	0.527472	486.517	1	1	1	1	1	1	1	0
11.08.2015 10:57:21.512000	-0.03	-0.0385308	-0.0382462	127.609	555.367	0.00108507	5	4	4	4	0.25994	374	62.1774	0	0	0	0.29286	127.577	0.529557	486.433	1	1	1	1	1	1	1	0
11.08.2015 10:57:21.612000	-0.03	-0.0385308	-0.0382462	127.609	595.997	0	5	4	4	4	0.271315	374	62.1774	0	0	0	0.291985	127.558	0.528703	486.369	1	1	1	1	1	1	1	0
11.08.2015 10:57:21.712000	-0.03	-0.0385308	-0.0382462	127.609	623.668	0.00108507	5	4	4	4	0.272635	374	62.1774	0	0	0	0.291464	127.535	0.530106	486.277	1	1	1	1	1	1	1	0
11.08.2015 10:57:21.812000	-0.03	-0.0385308	-0.0382462	127.609	645.672	0.00036169	5	4	4	4	0.290026	374	62.1774	0	0	0	0.291117	127.513	0.528886	486.196	1	1	1	1	1	1	1	0
11.08.2015 10:57:21.912000	-0.03	-0.0385308	-0.0382462	127.609	666.676	0.00108507	5	4	4	4	0.281466	374	62.1774	0	0	0	0.289902	127.488	0.528642	486.116	1	1	1	1	1	1	1	0
11.08.2015 10:57:22.012000	-0.03	-0.0385308	-0.0382462	127.609	672.143	0.00108507	5	4	4	4	0.285303	374	62.1774	0	0	0	0.290828	127.475	0.529923	486.046	1	1	1	1	1	1	1	0
11.08.2015 10:57:22.112000	-0.03	-0.0385308	-0.0382462	127.609	674.074	-0.00271267	5	4	4	4	0.271126	374	62.1774	0	0	0	0.289988	127.455	0.528642	485.977	1	1	1	1	1	1	1	0
11.08.2015 10:57:22.212000	-0.03	-0.0385308	-0.0382462	127.609	674.99	0.00072338	5	4	4	4	0.266243	374	62.1774	0	0	0	0.290278	127.432	0.531022	485.879	1	1	1	1	1	1	1	0
11.08.2015 10:57:22.312000	-0.03	-0.0385308	-0.0382462	127.594	675	0	5	4	4	4	0.261391	374	62.1774	0	0	0	0.288542	127.415	0.53151	485.81	1	1	1	1	1	1	1	0
11.08.2015 10:57:22.412000	-0.03	-0.0385308	-0.0382462	127.596	675	0.00108507	5	4	4	4	0.262148	374	62.1774	0	0	0	0.289641	127.424	0.532365	485.842	1	1	1	1	1	1	1	0
11.08.2015 10:57:22.512000	-0.03	-0.0385308	-0.0382462	127.594	674.992	0	5	4	4	4	0.284315	374	62.1774	0	0	0	0.28886	127.382	0.53328	485.68	1	1	1	1	1	1	1	0
11.08.2015 10:57:22.612000	-0.03	-0.0385308	-0.0382462	127.344	675.031	0.00108507	5	4	4	4	0.280881	374	62.1774	0	0	0	0.289323	127.345	0.531388	485.543	1	1	1	1	1	1	1	0
11.08.2015 10:57:22.712000	-0.03	-0.0385308	-0.0382462	127.301	675.063	0.00108507	5	4	4	4	0.279808	374	62.1774	0	0	0	0.288426	127.34	0.53206	485.522	1	1	1	1	1	1	1	0
11.08.2015 10:57:22.812000	-0.03	-0.0385308	-0.0382462	127.336	675.057	0.00108507	5	4	4	4	0.290816	374	62.1774	0	0	0	0.288368	127.32	0.528153	485.462	1	1	1	1	1	1	1	0
11.08.2015 10:57:22.912000	-0.03	-0.0385308	-0.0382462	127.34	675.02	0.000542535	5	4	4	4	0.275161	374	62.1774	0	0	0	0.288513	127.3	0.528825	485.381	1	1	1	1	1	1	1	0
11.08.2015 10:57:23.012000	-0.03	-0.0385308	-0.0382462	127.346	675.026	0.00108507	5	4	4	4	0.278137	374	62.1774	0	0	0	0.288397	127.282	0.530717	485.307	1	1	1	1	1	1	1	0
11.08.2015 10:57:23.112000	-0.03	-0.0385308	-0.0382462	127.352	675.008	0.000542535	5	4	4	4	0.259417	374	62.1774	0	0	0	0.289034	127.265	0.531083	485.24	1	1	1	1	1	1	1	0
11.08.2015 10:57:23.212000	-0.03	-0.0385308	-0.0382462	127.346	675.039	0.00072338	5	4	4	4	0.264151	374	62.1774	0	0	0	0.289323	127.243	0.531022	485.154	1	1	1	1	1	1	1	0
11.08.2015 10:57:23.312000	-0.03	-0.0385308	-0.0382462	127.348	675	0.00108507	5	4	4	4	0.280574	374	62.1774	0	0	0	0.289786	127.227	0.531327	485.094	1	1	1	1	1	1	1	0
11.08.2015 10:57:23.412000	-0.03	-0.0385308	-0.0382462	127.352	675.01	0.00072338	5	4	4	4	0.280256	374	62.1774	0	0	0	0.288339	127.209	0.532426	485.018	1	1	1	1	1	1	1	0
11.08.2015 10:57:23.512000	-0.03	-0.0385308	-0.0382462	127.453	675.035	0.00217014	5	4	4	4	0.266903	374	62.1774	0	0	0	0.289207	127.194	0.53151	484.966	1	1	1	1	1	1	1	0
11.08.2015 10:57:23.612000	-0.03	-0.0385308	-0.0382462	127.487	675.107	0.00108507	5	4	4	4	0.279173	374	62.1774	0	0	0	0.288571	127.172	0.531938	484.88	1	1	1	1	1	1	1	0
11.08.2015 10:57:23.712000	-0.03	-0.0385308	-0.0382462	127.484	675.039	0	5	4	4	4	0.260395	374	62.1774	0	0	0	0.288889	127.154	0.533097	484.807	1	1	1	1	1	1	1	0
11.08.2015 10:57:23.812000	-0.03	-0.0385308	-0.0382462	127.49	675.115	0.00036169	5	4	4	4	0.280867	374	62.1774	0	0	0	0.288368	127.139	0.531632	484.753	1	1	1	1	1	1	1	0
11.08.2015 10:57:23.912000	-0.03	-0.0385308	-0.0382462	127.496	675.156	0.00108507	5	4	4	4	0.268403	374	62.1774	0	0	0	0.288889	127.122	0.532609	484.687	1	1	1	1	1	1	1	0
11.08.2015 10:57:24.012000	-0.03	-0.0385308	-0.0382462	127.495	675.104	0.00036169	5	4	4	4	0.267623	374	62.1774	0	0	0	0.288889	127.099	0.532304	484.599	1	1	1	1	1	1	1	0
11.08.2015 10:57:24.112000	-0.03	-0.0385308	-0.0382462	127.5	675.086	0.000542535	5	4	4	4	0.279421	374	62.1774	0	0	0	0.288744	127.079	0.53151	484.524	1	1	1	1	1	1	1	0
11.08.2015 10:57:24.212000	-0.03	-0.0385308	-0.0382462	127.497	675.063	0.00036169	5	4	4	4	0.251866	374	62.1774	0	0	0	0.289381	127.062	0.532975	484.455	1	1	1	1	1	1	1	0
11.08.2015 10:57:24.312000	-0.03	-0.0385308	-0.0382462	127.496	675.059	-0.00108507	5	4	4	4	0.252518	374	62.1774	0	0	0	0.289034	127.046	0.533708	484.391	1	1	1	1	1	1	1	0
11.08.2015 10:57:24.412000	-0.03	-0.0385308	-0.0382462	127.5	675.049	-0.00072338	5	4	4	4	0.249804	374	62.1774	0	0	0	0.289149	127.03	0.534684	484.325	1	1	1	1	1	1	1	0
11.08.2015 10:57:24.512000	-0.03	-0.0385308	-0.0382462	127.5	675.023	0	5	4	4	4	0.265533	374	62.1774	0	0	0	0.287818	127.008	0.540971	484.215	1	1	1	1	1	1	1	0
11.08.2015 10:57:24.612000	-0.03	-0.0385308	-0.0382462	127.5	675.023	-0.00108507	5	4	4	4	0.24526	374	62.1774	0	0	0	0.288918	126.992	0.544877	484.142	1	1	1	1	1	1	1	0
11.08.2015 10:57:24.712000	-0.03	-0.0385308	-0.0382462	127.5	675.012	-0.00108507	5	4	4	4	0.255127	374	62.1774	0	0	0	0.287674	126.976	0.549089	484.062	1	1	1	1	1	1	1	0
11.08.2015 10:57:24.812000	-0.03	-0.0385308	-0.0382462	127.5	675.005	-0.00144676	5	4	4	4	0.259409	374	62.1774	0	0	0	0.287442	126.955	0.551408	483.975	1	1	1	1	1	1	1	0
11.08.2015 10:57:24.912000	-0.03	-0.0385308	-0.0382462	127.5	675.008	-0.0016276	5	4	4	4	0.261631	374	62.1774	0	0	0	0.286921	126.943	0.551164	483.928	1	1	1	1	1	1	1	0
11.08.2015 10:57:25.012000	-0.03	-0.0385308	-0.0382462	127.5	675.005	-0.00108507	5	4	4	4	0.260361	374	62.1774	0	0	0	0.287442	126.923	0.556047	483.833	1	1	1	1	1	1	1	0
11.08.2015 10:57:25.112000	-0.03	-0.0385308	-0.0382462	127.5	675.008	-0.00108507	5	4	4	4	0.264651	374	62.1774	0	0	0	0.286921	126.904	0.557695	483.755	1	1	1	1	1	1	1	0
11.08.2015 10:57:25.212000	-0.03	-0.0385308	-0.0382462	127.497	675.005	-0.00144676	5	4	4	4	0.259157	374	62.1774	0	0	0	0.286921	126.889	0.558061	483.697	1	1	1	1	1	1	1	0
11.08.2015 10:57:25.312000	-0.03	-0.0385308	-0.0382462	127.5	674.996	0.000542535	5	4	4	4	0.24534	374	62.1774	0	0	0	0.286777	126.874	0.560198	483.631	1	1	1	1	1	1	1	0
11.08.2015 10:57:25.412000	-0.03	-0.0385308	-0.0382462	127.5	674.992	0.00036169	5	4	4	4	0.246361	374	62.1774	0	0	0	0.286661	126.852	0.561907	483.541	1	1	1	1	1	1	1	0
11.08.2015 10:57:25.512000	-0.03	-0.0385308	-0.0382462	127.5	674.988	0.000542535	5	4	4	4	0.26423	374	62.1774	0	0	0	0.287037	126.84	0.56386	483.486	1	1	1	1	1	1	1	0
11.08.2015 10:57:25.612000	-0.03	-0.0385308	-0.0382462	127.5	674.984	0.00072338	5	4	4	4	0.26422	374	62.1774	0	0	0	0.285417	126.824	0.567766	483.409	1	1	1	1	1	1	1	0
11.08.2015 10:57:25.712000	-0.03	-0.0385308	-0.0382462	127.5	674.984	0.00108507	5	4	4	4	0.244998	374	62.1774	0	0	0	0.286632	126.811	0.569414	483.353	1	1	1	1	1	1	1	0
11.08.2015 10:57:25.812000	-0.03	-0.0385308	-0.0382462	127.5	674.982	0.00108507	5	4	4	4	0.240979	374	62.1774	0	0	0	0.285648	126.79	0.572588	483.259	1	1	1	1	1	1	1	0
11.08.2015 10:57:25.912000	-0.03	-0.0385308	-0.0382462	127.496	674.98	0.00108507	5	4	4	4	0.251164	374	62.1774	0	0	0	0.286516	126.768	0.574725	483.168	1	1	1	1	1	1	1	0
11.08.2015 10:57:26.012000	-0.03	-0.0385308	-0.0382462	127.497	674.966	0.00072338	5	4	4	4	0.247022	374	62.1774	0	0	0	0.285243	126.754	0.579302	483.099	1	1	1	1	1	1	1	0
11.08.2015 10:57:26.112000	-0.03	-0.0385308	-0.0382462	127.5	674.977	0.000542535	5	4	4	4	0.266095	374	62.1774	0	0	0	0.285937	126.738	0.578814	483.037	1	1	1	1	1	1	1	0
11.08.2015 10:57:26.212000	-0.03	-0.0385308	-0.0382462	127.495	674.961	0.00108507	5	4	4	4	0.263127	374	62.1774	0	0	0	0.285243	126.719	0.582904	482.95	1	1	1	1	1	1	1	0
11.08.2015 10:57:26.312000	-0.03	-0.0385308	-0.0382462	127.5	674.961	0.00108507	5	4	4	4	0.270578	374	62.1774	0	0	0	0.285185	126.705	0.583941	482.894	1	1	1	1	1	1	1	0
11.08.2015 10:57:26.412000	-0.03	-0.0385308	-0.0382462	127.5	674.961	-0.00072338	5	4	4	4	0.270381	374	62.1774	0	0	0	0.284838	126.689	0.589435	482.811	1	1	1	1	1	1	1	0
11.08.2015 10:57:26.512000	-0.03	-0.0385308	-0.0382462	127.5	674.961	0.000542535	5	4	4	4	0.26995	374	62.1774	0	0	0	0.284896	126.673	0.595111	482.725	1	1	1	1	1	1	1	0
11.08.2015 10:57:26.612000	-0.03	-0.0385308	-0.0382462	127.5	674.961	0.00036169	5	4	4	4	0.280675	374	62.1774	0	0	0	0.284375	126.66	0.595599	482.677	1	1	1	1	1	1	1	0
11.08.2015 10:57:26.712000	-0.03	-0.0385308	-0.0382462	127.5	674.953	0	5	4	4	4	0.283993	374	62.1774	0	0	0	0.28287	126.645	0.602313	482.591	1	1	1	1	1	1	1	0
11.08.2015 10:57:26.812000	-0.03	-0.0385308	-0.0382462	127.5	674.953	0.00036169	5	4	4	4	0.263146	374	62.1774	0	0	0	0.282639	126.624	0.60329	482.508	1	1	1	1	1	1	1	0
11.08.2015 10:57:26.912000	-0.03	-0.0385308	-0.0382462	127.496	674.953	0.000542535	5	4	4	4	0.258229	374	62.1774	0	0	0	0.281221	126.607	0.610309	482.416	1	1	1	1	1	1	1	0
11.08.2015 10:57:27.012000	-0.03	-0.0385308	-0.0382462	127.5	674.945	0	5	4	4	4	0.2621	374	62.1774	0	0	0	0.281684	126.594	0.615375	482.346	1	1	1	1	1	1	1	0
11.08.2015 10:57:27.112000	-0.03	-0.0385308	-0.0382462	127.5	674.945	0	5	4	4	4	0.251259	374	62.1774	0	0	0	0.279774	126.58	0.617817	482.284	1	1	1	1	1	1	1	0
11.08.2015 10:57:27.212000	-0.03	-0.0385308	-0.0382462	127.5	674.951	0.00072338	5	4	4	4	0.248255	374	62.1774	0	0	0	0.280237	126.559	0.62154	482.19	1	1	1	1	1	1	1	0
11.08.2015 10:57:27.312000	-0.03	-0.0385308	-0.0382462	127.5	674.961	0.00108507	5	4	4	4	0.24036	374	62.1774	0	0	0	0.27908	126.547	0.621479	482.143	1	1	1	1	1	1	1	0
11.08.2015 10:57:27.412000	-0.03	-0.0385308	-0.0382462	127.5	674.974	0.00036169	5	4	4	4	0.261046	374	62.1774	0	0	0	0.279514	126.53	0.626484	482.058	1	1	1	1	1	1	1	0
11.08.2015 10:57:27.512000	-0.03	-0.0385308	-0.0382462	127.5	674.973	0.00108507	5	4	4	4	0.2741	374	62.1774	0	0	0	0.278573	126.515	0.630268	481.986	1	1	1	1	1	1	1	0
11.08.2015 10:57:27.612000	-0.03	-0.0385308	-0.0382462	127.5	674.977	0.00072338	5	4	4	4	0.274105	374	62.1774	0	0	0	0.278574	126.5	0.634419	481.914	1	1	1	1	1	1	1	0
11.08.2015 10:57:27.712000	-0.03	-0.0385308	-0.0382462	127.5	674.984	0	5	4	4	4	0.261305	374	62.1774	0	0	0	0.278067	126.483	0.638386	481.835	1	1	1	1	1	1	1	0
11.08.2015 10:57:27.812000	-0.03	-0.0385308	-0.0382462	127.5	674.987	0.00072338	5	4	4	4	0.278179	374	62.1774	0	0	0	0.277488	126.464	0.64333	481.743	1	1	1	1	1	1	1	0
11.08.2015 10:57:27.912000	-0.03	-0.0385308	-0.0382462	127.5	674.984	0.000542535	5	4	4	4	0.264974	374	62.1774	0	0	0	0.277416	126.454	0.647237	481.688	1	1	1	1	1	1	1	0
11.08.2015 10:57:28.012000	-0.03	-0.0385308	-0.0382462	127.5	674.984	0.00108507	5	4	4	4	0.273457	374	62.1774	0	0	0	0.277054	126.437	0.652608	481.602	1	1	1	1	1	1	1	0
11.08.2015 10:57:28.112000	-0.03	-0.0385308	-0.0382462	127.5	674.984	0.00108507	5	4	4	4	0.273247	374	62.1774	0	0	0	0.277271	126.421	0.655477	481.53	1	1	1	1	1	1	1	0
11.08.2015 10:57:28.212000	-0.03	-0.0385308	-0.0382462	127.5	674.987	0	5	4	4	4	0.271758	374	62.1774	0	0	0	0.276042	126.405	0.659444	481.455	1	1	1	1	1	1	1	0
11.08.2015 10:57:28.312000	-0.03	-0.0385308	-0.0382462	127.5	674.992	0.000542535	5	4	4	4	0.272664	374	62.1774	0	0	0	0.277127	126.394	0.662984	481.398	1	1	1	1	1	1	1	0
11.08.2015 10:57:28.412000	-0.03	-0.0385308	-0.0382462	127.5	674.995	0.00108507	5	4	4	4	0.260604	374	62.1774	0	0	0	0.276042	126.379	0.667623	481.325	1	1	1	1	1	1	1	0
11.08.2015 10:57:28.512000	-0.03	-0.0385308	-0.0382462	127.5	675.008	0.00325521	5	4	4	4	0.278722	374	62.1774	0	0	0	0.276186	126.363	0.673727	481.239	1	1	1	1	1	1	1	0
11.08.2015 10:57:28.612000	-0.03	-0.0385308	-0.0382462	127.5	675.016	0.00108507	5	4	4	4	0.263544	374	62.1774	0	0	0	0.274884	126.346	0.678671	481.154	1	1	1	1	1	1	1	0
11.08.2015 10:57:28.712000	-0.03	-0.0385308	-0.0382462	127.5	675.023	0.000542535	5	4	4	4	0.260526	374	62.1774	0	0	0	0.27568	126.334	0.684286	481.088	1	1	1	1	1	1	1	0
11.08.2015 10:57:28.812000	-0.03	-0.0385308	-0.0382462	127.5	675.021	0.00108507	5	4	4	4	0.272148	374	62.1774	0	0	0	0.275101	126.316	0.687521	481.006	1	1	1	1	1	1	1	0
11.08.2015 10:57:28.912000	-0.03	-0.0385308	-0.0382462	127.5	675.047	0.000542535	5	4	4	4	0.268824	374	62.1774	0	0	0	0.274306	126.299	0.693625	480.919	1	1	1	1	1	1	1	0
11.08.2015 10:57:29.012000	-0.03	-0.0385308	-0.0382462	127.492	675.018	0.00072338	5	4	4	4	0.281628	374	62.1774	0	0	0	0.27445	126.291	0.699118	480.867	1	1	1	1	1	1	1	0
11.08.2015 10:57:29.112000	-0.03	-0.0385308	-0.0382462	127.441	675.063	0.00108507	5	4	4	4	0.264109	374	62.1774	0	0	0	0.273944	126.275	0.706076	480.78	1	1	1	1	1	1	1	0
11.08.2015 10:57:29.212000	-0.03	-0.0385308	-0.0382462	127.406	675.068	0.00108507	5	4	4	4	0.253177	374	62.1774	0	0	0	0.274667	126.263	0.712485	480.706	1	1	1	1	1	1	1	0
11.08.2015 10:57:29.312000	-0.03	-0.0385308	-0.0382462	127.391	675.039	0.00108507	5	4	4	4	0.244133	374	62.1774	0	0	0	0.273365	126.249	0.719382	480.628	1	1	1	1	1	1	1	0
11.08.2015 10:57:29.412000	-0.03	-0.0385308	-0.0382462	127.38	675.057	0	5	4	4	4	0.265036	374	62.1774	0	0	0	0.27445	126.235	0.724937	480.553	1	1	1	1	1	1	1	0
11.08.2015 10:57:29.512000	-0.03	-0.0385308	-0.0382462	127.375	675.047	0.0016276	5	4	4	4	0.272945	374	62.1774	0	0	0	0.273655	126.216	0.733665	480.445	1	1	1	1	1	1	1	0
11.08.2015 10:57:29.612000	-0.03	-0.0385308	-0.0382462	127.365	675.049	0.00108507	5	4	4	4	0.268402	374	62.1774	0	0	0	0.273944	126.202	0.736167	480.384	1	1	1	1	1	1	1	0
11.08.2015 10:57:29.712000	-0.03	-0.0385308	-0.0382462	127.344	675.121	0.000542535	5	4	4	4	0.276434	374	62.1774	0	0	0	0.272569	126.193	0.740135	480.333	1	1	1	1	1	1	1	0
11.08.2015 10:57:29.812000	-0.03	-0.0385308	-0.0382462	127.344	675.083	0.00036169	5	4	4	4	0.284913	374	62.1774	0	0	0	0.273727	126.183	0.741111	480.291	1	1	1	1	1	1	1	0
11.08.2015 10:57:29.912000	-0.03	-0.0385308	-0.0382462	127.344	675.082	0.00108507	5	4	4	4	0.269792	374	62.1774	0	0	0	0.273727	126.163	0.740013	480.219	1	1	1	1	1	1	1	0
11.08.2015 10:57:30.012000	-0.03	-0.0385308	-0.0382462	127.344	675.089	0.00072338	5	4	4	4	0.265665	374	62.1774	0	0	0	0.273438	126.152	0.742698	480.166	1	1	1	1	1	1	1	0
11.08.2015 10:57:30.112000	-0.03	-0.0385308	-0.0382462	127.344	675.078	0.000542535	5	4	4	4	0.250388	374	62.1774	0	0	0	0.273148	126.139	0.747887	480.098	1	1	1	1	1	1	1	0
11.08.2015 10:57:30.212000	-0.03	-0.0385308	-0.0382462	127.344	675.107	0.00144676	5	4	4	4	0.267682	374	62.1774	0	0	0	0.27322	126.122	0.747642	480.032	1	1	1	1	1	1	1	0
11.08.2015 10:57:30.312000	-0.03	-0.0385308	-0.0382462	127.344	675.09	0.000542535	5	4	4	4	0.255081	374	62.1774	0	0	0	0.27351	126.106	0.747887	479.97	1	1	1	1	1	1	1	0
11.08.2015 10:57:30.412000	-0.03	-0.0385308	-0.0382462	127.344	675.091	0.00217014	5	4	4	4	0.267032	374	62.1774	0	0	0	0.272208	126.093	0.744102	479.937	1	1	1	1	1	1	1	0
11.08.2015 10:57:30.512000	-0.03	-0.0385308	-0.0382462	127.344	675.086	0.00108507	5	4	4	4	0.250695	374	62.1774	0	0	0	0.27351	126.075	0.744224	479.865	1	1	1	1	1	1	1	0
11.08.2015 10:57:30.612000	-0.03	-0.0385308	-0.0382462	127.344	675.086	-0.00072338	5	4	4	4	0.263599	374	62.1774	0	0	0	0.272135	126.059	0.743553	479.807	1	1	1	1	1	1	1	0
11.08.2015 10:57:30.712000	-0.03	-0.0385308	-0.0382462	127.344	675.086	0.000542535	5	4	4	4	0.258774	374	62.1774	0	0	0	0.272569	126.047	0.74337	479.763	1	1	1	1	1	1	1	0
11.08.2015 10:57:30.812000	-0.03	-0.0385308	-0.0382462	127.344	675.081	0.00108507	5	4	4	4	0.260358	374	62.1774	0	0	0	0.270978	126.034	0.744346	479.708	1	1	1	1	1	1	1	0
11.08.2015 10:57:30.912000	-0.03	-0.0385308	-0.0382462	127.344	675.086	0.000542535	5	4	4	4	0.261387	374	62.1774	0	0	0	0.272063	126.015	0.743858	479.64	1	1	1	1	1	1	1	0
11.08.2015 10:57:31.012000	-0.03	-0.0385308	-0.0382462	127.346	675.086	0.00036169	5	4	4	4	0.262126	374	62.1774	0	0	0	0.27228	126.005	0.744469	479.599	1	1	1	1	1	1	1	0
11.08.2015 10:57:31.112000	-0.03	-0.0385308	-0.0382462	127.344	675.086	0.000542535	5	4	4	4	0.283604	374	62.1774	0	0	0	0.274378	125.989	0.744469	479.535	1	1	1	1	1	1	1	0
11.08.2015 10:57:31.212000	-0.03	-0.0385308	-0.0382462	127.346	675.081	0.00108507	5	4	4	4	0.255224	374	62.1774	0	0	0	0.275176	125.98	0.747267	479.49	1	1	1	1	1	1	1	0
