Time	[76:0]	[76:1]	[76:2]	[76:4]	[76:8]	[76:70]	[76:71]	[78:0]	[78:1]	[78:2]	[79:2]	[79:3]	[79:4]	[79:8]	[79:9]	[79:10]	[79:11]	[79:12]	[79:13]	[79:14]	[79.0]	[79.1]	[79.2]	[79.3]	[79.4]	[79.5]	[79.6]	[79.8]
time	Hoogteverstelling - Referentie positie (mm)	Hoogteverstelling - AZ gemeten positie (mm)	Hoogteverstelling - BZ gemeten positie (mm)	Transfert Ingang - Gemeten positie (mm)	Transfert Uitgang - Gemeten positie (mm)	Aardgas - actueel debiet	Stappenschakelaar - gemeten pos	Laspos Ing - positie discreet	Laspos Uitg - positie discreet	Schaafverstelling - positie discreet	Stuikraam - Totale Stroommeting RMS-waarde (A)	Stuikraam - Stroomreferentie (A)	Stuikraam - Positie AZ (mm, pulsgever)	Stuikraam - Referentie Servo-ventiel (%)	Stuikraam - Trim door I-regelaar (%)	Stuikraam - Gemeten snelheid (mm/s, pulsgever)	Secundaire lasspanning	Stuikraam - Druk stuikcilinder voorkamer (=laszijde)  (bar)	Stuikraam - Druk stuikcilinder terugloopkamer  (bar)	Stuikraam - Netto voorwaartse kracht op stuikraam (kN)	Stuikraam - P1	Stuikraam - P2	Stuikraam - P3	Stuikraam - P4	Stuikraam - P5	Stuikraam - P6	Stuikraam - P7	Stuikraam - Openen stuikventielen	

Lasparameter.Ingang - Coil ID	0320835S
Lasparameter.Ingang - Dikte (um)	4180
Lasparameter.Ingang - Breedte (mm)	1559
Lasparameter.Ingang - Materiaal	0001
Lasparameter.Uitgang - Coil ID	0314508S
Lasparameter.Uitgang - Dikte (um)	4540
Lasparameter.Uitgang - Breedte (mm)	1548
Lasparameter.Uitgang - Materiaal	0001
Lasparameter.P2 (mm)	24.0
Lasparameter.P3 (mm)	34.0
Lasparameter.P4 (mm)	42.1
Lasparameter.P5 (mm)	50.9
Lasparameter.P6 (mm)	57.7
Lasparameter.P7 (mm)	62.1
Lasparameter.Vonksnelheid (mm/s)	1.20
Lasparameter.Lassnelheid (mm/s)	0.48
Lasparameter.Stroom Referentie (A)	0392
Lasparameter.Stroomtoename (µA/s2)	43.0
Lasparameter.Stuikstroomtijd (per)	0009
Lasparameter.Afkoeltijd Stuik (per)	0010
Lasparameter.Stuikdruk (bar)	0110
Lasparameter.Stuiksnelheid (%)	90.0

06.08.2015 14:53:10.116000	0.18	0.1888	0.185678	-0.046875	-671.57	-0.00488281	6	4	4	4	0.278323	392	0	0	0	0	0.225492	7.63097	129.619	-467.069	1	0	0	0	0	0	0	0
06.08.2015 14:53:10.216000	0.18	0.184505	0.185678	-0.0625	-671.57	-0.00542535	6	4	4	4	0.302789	392	0	0	0	0	0.226186	3.18424	129.453	-483.456	1	0	0	0	0	0	0	0
06.08.2015 14:53:10.316000	0.18	0.184505	0.185678	-0.0755208	-671.568	-0.00542535	6	4	4	4	0.301532	392	0	0	0	0	0.225477	2.63875	129.399	-485.339	1	0	0	0	0	0	0	0
06.08.2015 14:53:10.416000	0.18	0.184505	0.185678	-0.0625	-671.578	-0.00542535	6	4	4	4	0.294742	392	0	0	0	0	0.225883	3.74694	129.436	-481.236	1	0	0	0	0	0	0	0
06.08.2015 14:53:10.516000	0.18	0.184505	0.185678	-0.0625	-671.568	-0.00506366	6	4	4	4	0.303185	392	0	0	0	0	0.224378	4.67379	129.465	-477.801	1	0	0	0	0	0	0	0
06.08.2015 14:53:10.616000	0.18	0.184505	0.185678	-0.0625	-671.57	-0.00434028	6	4	4	4	0.294156	392	0	0	0	0	0.226432	4.95224	129.473	-476.767	1	0	0	0	0	0	0	0
06.08.2015 14:53:10.716000	0.18	0.184505	0.185678	-0.0598958	-671.568	-0.00542535	6	4	4	4	0.285493	392	0	0	0	0	0.224732	4.24067	129.454	-479.415	1	0	0	0	0	0	0	0
06.08.2015 14:53:10.816000	0.18	0.184505	0.185678	-0.0078125	-671.57	-0.00542535	6	4	4	4	0.289453	392	0	0	0	0	0.226939	4.08741	129.443	-479.96	1	0	0	0	0	0	0	0
06.08.2015 14:53:10.916000	0.18	0.184505	0.185678	0	-671.573	-0.00434028	6	4	4	4	0.303261	392	0	0	0	0	0.22474	6.99393	129.54	-469.204	1	0	0	0	0	0	0	0
06.08.2015 14:53:11.016000	0.18	0.184505	0.185678	0	-671.57	-0.00705295	6	4	4	4	0.290198	392	0	0	0	0	0.226939	4.08472	129.474	-480.092	1	0	0	0	0	0	0	0
06.08.2015 14:53:11.116000	0.18	0.184505	0.185678	0	-671.565	-0.00759549	6	4	4	4	0.279669	392	0	0	0	0	0.225304	3.40971	129.44	-482.544	1	0	0	0	0	0	0	0
06.08.2015 14:53:11.216000	0.18	0.184505	0.185678	0.00390625	-671.57	-0.00705295	6	4	4	4	0.301263	392	0	0	0	0	0.225477	4.09882	129.451	-479.95	1	0	0	0	0	0	0	0
06.08.2015 14:53:11.316000	0.18	0.184505	0.185678	0.00260417	-671.57	-0.00759549	6	4	4	4	0.317209	392	0	0	0	0	0.225029	4.64388	129.469	-477.929	1	0	0	0	0	0	0	0
06.08.2015 14:53:11.416000	0.18	0.184505	0.185678	0.00390625	-671.563	-0.00651042	6	4	4	4	0.303559	392	0	0	0	0	0.225203	6.58254	129.523	-470.713	1	0	0	0	0	0	0	0
06.08.2015 14:53:11.516000	0.18	0.184505	0.185678	0.00520833	-671.565	-0.00904225	6	4	4	4	0.271136	392	0	0	0	0	0.225564	3.03928	129.423	-483.898	1	0	0	0	0	0	0	0
06.08.2015 14:53:11.616000	0.18	0.184505	0.185678	-0.0078125	-671.566	-0.00868056	6	4	4	4	0.294523	392	0	0	0	0	0.22351	3.25517	129.411	-483.024	1	0	0	0	0	0	0	0
06.08.2015 14:53:11.716000	0.18	0.184505	0.185678	0.015625	-671.565	-0.00759549	6	4	4	4	0.299349	392	0	0	0	0	0.225289	6.45613	129.516	-471.17	1	0	0	0	0	0	0	0
06.08.2015 14:53:11.816000	0.18	0.184505	0.185678	0.0117188	-671.559	-0.00759549	6	4	4	4	0.304339	392	0	0	0	0	0.223626	3.14756	129.42	-483.473	1	0	0	0	0	0	0	0
06.08.2015 14:53:11.916000	0.18	0.184505	0.185678	0.0130208	-671.565	-0.00687211	6	4	4	4	0.297263	392	0	0	0	0	0.225434	5.28495	129.475	-475.499	1	0	0	0	0	0	0	0
06.08.2015 14:53:12.016000	0.18	0.184505	0.185678	0.0078125	-671.566	-0.00651042	6	4	4	4	0.315631	392	0	0	0	0	0.223278	4.74282	129.442	-477.449	1	0	0	0	0	0	0	0
06.08.2015 14:53:12.116000	0.18	0.184505	0.185678	0.015625	-671.563	-0.00651042	6	4	4	4	0.285306	392	0	0	0	0	0.226997	6.30378	129.494	-471.673	1	0	0	0	0	0	0	0
06.08.2015 14:53:12.216000	0.18	0.184505	0.185678	0.015625	-671.559	-0.00759549	6	4	4	4	0.305546	392	0	0	0	0	0.225926	5.02658	129.462	-476.438	1	0	0	0	0	0	0	0
06.08.2015 14:53:12.316000	0.18	0.184505	0.185678	0.015625	-671.555	-0.00687211	6	4	4	4	0.291595	392	0	0	0	0	0.228385	5.57488	129.471	-474.372	1	0	0	0	0	0	0	0
06.08.2015 14:53:12.416000	0.18	0.184505	0.185678	0.0195313	-671.555	-0.00759549	6	4	4	4	0.311124	392	0	0	0	0	0.228241	4.63247	129.436	-477.847	1	0	0	0	0	0	0	0
06.08.2015 14:53:12.516000	0.18	0.184505	0.185678	0.0078125	-671.555	-0.00831887	6	4	4	4	0.297196	392	0	0	0	0	0.229253	3.23405	129.391	-483.029	1	0	0	0	0	0	0	0
06.08.2015 14:53:12.616000	0.18	0.184505	0.185678	0.0273438	-671.563	-0.00705295	6	4	4	4	0.314615	392	0	0	0	0	0.230107	3.39836	129.382	-482.365	1	0	0	0	0	0	0	0
06.08.2015 14:53:12.716000	0.18	0.184505	0.185678	0.361979	-671.56	-0.0072338	6	4	4	4	0.289898	392	0	0	0	0	0.230613	4.78542	129.417	-477.19	1	0	0	0	0	0	0	0
06.08.2015 14:53:12.816000	0.18	0.184505	0.185678	2.59375	-671.559	-0.00759549	6	4	4	4	0.300182	392	0	0	0	0	0.232986	5.08976	129.42	-476.037	1	0	0	0	0	0	0	0
06.08.2015 14:53:12.916000	0.18	0.184505	0.185678	14.2891	-671.56	-0.00542535	6	4	4	4	0.299577	392	0	0	0	0	0.231698	4.69857	129.408	-477.488	1	0	0	0	0	0	0	0
06.08.2015 14:53:13.016000	0.18	0.184505	0.185678	32.0117	-671.563	-0.00488281	6	4	4	4	0.293886	392	0	0	0	0	0.232523	4.48811	129.403	-478.274	1	0	0	0	0	0	0	0
06.08.2015 14:53:13.116000	0.18	0.184505	0.185678	56.6771	-671.563	-0.00506366	6	4	4	4	0.265415	392	0	0	0	0	0.231351	4.99631	129.411	-476.361	1	0	0	0	0	0	0	0
06.08.2015 14:53:13.216000	0.18	0.184505	0.185678	90.6563	-671.563	-0.00542535	6	4	4	4	0.281291	392	0	0	0	0	0.233673	4.69417	129.4	-477.475	1	0	0	0	0	0	0	0
06.08.2015 14:53:13.316000	0.18	0.184505	0.185678	122.289	-671.563	-0.00578704	6	4	4	4	0.295461	392	0	0	0	0	0.231641	3.98767	129.382	-480.11	1	0	0	0	0	0	0	0
06.08.2015 14:53:13.416000	0.18	0.184505	0.185678	158.328	-671.57	-0.00542535	6	4	4	4	0.295822	392	0	0	0	0	0.233608	5.20927	129.407	-475.527	1	0	0	0	0	0	0	0
06.08.2015 14:53:13.516000	0.18	0.184505	0.185678	211.013	-671.563	-0.0072338	6	4	4	4	0.280998	392	0	0	0	0	0.233449	4.78243	129.399	-477.13	1	0	0	0	0	0	0	0
06.08.2015 14:53:13.616000	0.18	0.184505	0.185678	260.199	-671.563	-0.00651042	6	4	4	4	0.302107	392	0	0	0	0	0.235778	4.45582	129.39	-478.349	1	0	0	0	0	0	0	0
06.08.2015 14:53:13.716000	0.18	0.184505	0.185678	303.344	-671.568	-0.0072338	6	4	4	4	0.255301	392	0	0	0	0	0.236834	4.78738	129.393	-477.091	1	0	0	0	0	0	0	0
06.08.2015 14:53:13.816000	0.18	0.184505	0.185678	346.52	-671.57	-0.00705295	6	4	4	4	0.269558	392	0	0	0	0	0.24103	4.66317	129.388	-477.548	1	0	0	0	0	0	0	0
06.08.2015 14:53:13.916000	0.18	0.184505	0.185678	406.901	-671.57	-0.0072338	6	4	4	4	0.287284	392	0	0	0	0	0.244618	4.57106	129.382	-477.875	1	0	0	0	0	0	0	0
06.08.2015 14:53:14.016000	0.18	0.184505	0.185678	448.332	-671.57	-0.00705295	6	4	4	4	0.298101	392	0	0	0	0	0.247396	4.45448	129.377	-478.302	1	0	0	0	0	0	0	0
06.08.2015 14:53:14.116000	0.18	0.184505	0.185678	479.005	-671.57	-0.00614873	6	4	4	4	0.286618	392	0	0	0	0	0.250955	4.35694	129.375	-478.67	1	0	0	0	0	0	0	0
06.08.2015 14:53:14.216000	0.18	0.184505	0.185678	500.117	-671.57	-0.00651042	6	4	4	4	0.305006	392	0	0	0	0	0.252503	4.60164	129.374	-477.728	1	0	0	0	0	0	0	0
06.08.2015 14:53:14.316000	0.18	0.184505	0.185678	517.487	-671.57	-0.00542535	6	4	4	4	0.297038	392	0	0	0	0	0.255975	4.58211	129.373	-477.798	1	0	0	0	0	0	0	0
06.08.2015 14:53:14.416000	0.18	0.184505	0.185678	533.965	-671.57	-0.00542535	6	4	4	4	0.263321	392	0	0	0	0	0.256872	4.51607	129.368	-478.033	1	0	0	0	0	0	0	0
06.08.2015 14:53:14.516000	0.18	0.184505	0.185678	549.641	-671.57	-0.0036169	6	4	4	4	0.289997	392	0	0	0	0	0.259975	4.53774	129.365	-477.94	1	0	0	0	0	0	0	0
06.08.2015 14:53:14.616000	0.18	0.184505	0.185678	571.57	-671.57	-0.00325521	6	4	4	4	0.284764	392	0	0	0	0	0.260344	4.57411	129.362	-477.788	1	0	0	0	0	0	0	0
06.08.2015 14:53:14.716000	0.18	0.184505	0.185678	587.471	-671.57	-0.00470197	6	4	4	4	0.298314	392	0	0	0	0	0.262862	4.55824	129.361	-477.843	1	0	0	0	0	0	0	0
06.08.2015 14:53:14.816000	0.18	0.184505	0.185678	602.211	-671.57	-0.00542535	6	4	4	4	0.293168	392	0	0	0	0	0.264265	4.47957	129.355	-478.123	1	0	0	0	0	0	0	0
06.08.2015 14:53:14.916000	0.18	0.184505	0.185678	618.768	-671.57	-0.00470197	6	4	4	4	0.313208	392	0	0	0	0	0.264742	4.54347	129.353	-477.871	1	0	0	0	0	0	0	0
06.08.2015 14:53:15.016000	0.18	0.184505	0.185678	637.254	-671.57	-0.00542535	6	4	4	4	0.282741	392	0	0	0	0	0.266536	4.55678	129.354	-477.823	1	0	0	0	0	0	0	0
06.08.2015 14:53:15.116000	0.18	0.184505	0.185678	650.956	-671.57	-0.00506366	6	4	4	4	0.302892	392	0	0	0	0	0.266797	4.50777	129.348	-477.989	1	0	0	0	0	0	0	0
06.08.2015 14:53:15.216000	0.18	0.184505	0.185678	664.082	-671.57	-0.00542535	6	4	4	4	0.272921	392	0	0	0	0	0.268953	4.51192	129.346	-477.965	1	0	0	0	0	0	0	0
06.08.2015 14:53:15.316000	0.18	0.184505	0.185678	679.242	-671.57	-0.00578704	6	4	4	4	0.295843	392	0	0	0	0	0.268113	4.50142	129.343	-477.993	1	0	0	0	0	0	0	0
06.08.2015 14:53:15.416000	0.18	0.184505	0.185678	691.57	-671.578	-0.00542535	6	4	4	4	0.303025	392	0	0	0	0	0.27011	4.48695	129.338	-478.029	1	0	0	0	0	0	0	0
06.08.2015 14:53:15.516000	0.18	0.184505	0.185678	700.492	-671.578	-0.00506366	6	4	4	4	0.305921	392	0	0	0	0	0.269575	4.45344	129.334	-478.144	1	0	0	0	0	0	0	0
06.08.2015 14:53:15.616000	0.18	0.184505	0.185678	706.863	-671.574	-0.00542535	6	4	4	4	0.31252	392	0	0	0	0	0.271224	4.41591	129.329	-478.266	1	0	0	0	0	0	0	0
06.08.2015 14:53:15.716000	0.18	0.184505	0.185678	710.049	-671.578	-0.00687211	6	4	4	4	0.329964	392	0	0	0	0	0.270732	4.42964	129.327	-478.207	1	0	0	0	0	0	0	0
06.08.2015 14:53:15.816000	0.18	0.184505	0.185678	710.957	-671.578	-0.00705295	6	4	4	4	0.370215	392	0	0	0	0	0.271832	4.4919	129.326	-477.964	1	0	0	0	0	0	0	0
06.08.2015 14:53:15.916000	0.18	0.184505	0.185678	711.146	-671.578	-0.00687211	6	4	4	4	0.379874	392	0	0	0	0	0.272179	4.4612	129.32	-478.061	1	0	0	0	0	0	0	0
06.08.2015 14:53:16.016000	0.18	0.184505	0.185678	711.145	-671.578	-0.00868056	6	4	4	4	0.393902	392	0	0	0	0	0.272381	4.57802	129.32	-477.613	1	0	0	0	0	0	0	0
06.08.2015 14:53:16.116000	0.18	0.184505	0.185678	711.148	-671.578	-0.00470197	6	4	4	4	0.381606	392	0	0	0	0	0.273047	5.17307	129.337	-475.399	1	0	0	0	0	0	0	0
06.08.2015 14:53:16.216000	0.18	0.184505	0.185678	711.141	-671.578	-0.00759549	6	4	4	4	0.396391	392	0	0	0	0	0.272063	4.5732	129.32	-477.63	1	0	0	0	0	0	0	0
06.08.2015 14:53:16.316000	0.18	0.184505	0.185678	711.148	-671.578	-0.00506366	6	4	4	4	0.39271	392	0	0	0	0	0.268562	4.47993	129.317	-477.976	1	0	0	0	0	0	0	0
06.08.2015 14:53:16.416000	0.18	0.184505	0.185678	711.148	-671.578	-0.00379774	6	4	4	4	0.36468	392	0	0	0	0	0.262804	4.54353	129.315	-477.725	1	0	0	0	0	0	0	0
06.08.2015 14:53:16.516000	0.18	0.184505	0.185678	711.148	-671.578	-0.00325521	6	4	4	4	0.321464	392	0	0	0	0	0.260778	4.53609	129.314	-477.749	1	0	0	0	0	0	0	0
06.08.2015 14:53:16.616000	0.18	0.184505	0.185678	711.148	-671.578	-0.00434028	6	4	4	4	0.311881	392	0	0	0	0	0.256178	4.54616	129.308	-477.688	1	0	0	0	0	0	0	0
06.08.2015 14:53:16.716000	0.18	0.184505	0.185678	711.148	-671.578	-0.0036169	6	4	4	4	0.321236	392	0	0	0	0	0.253791	4.55824	129.307	-477.637	1	0	0	0	0	0	0	0
06.08.2015 14:53:16.816000	0.18	0.184505	0.185678	711.148	-671.578	-0.00325521	6	4	4	4	0.289002	392	0	0	0	0	0.249566	4.6747	129.308	-477.194	1	0	0	0	0	0	0	0
06.08.2015 14:53:16.916000	0.18	0.184505	0.185678	711.148	-671.578	-0.00470197	6	4	4	4	0.296675	392	0	0	0	0	0.248611	4.58907	129.301	-477.495	1	0	0	0	0	0	0	0
06.08.2015 14:53:17.016000	0.18	0.184505	0.185678	711.148	-671.578	-0.00488281	6	4	4	4	0.294918	392	0	0	0	0	0.245095	4.54457	129.299	-477.661	1	0	0	0	0	0	0	0
06.08.2015 14:53:17.116000	0.18	0.184505	0.185678	711.148	-671.578	-0.00542535	6	4	4	4	0.283582	392	0	0	0	0	0.24328	4.58492	129.297	-477.498	1	0	0	0	0	0	0	0
06.08.2015 14:53:17.216000	0.18	0.184505	0.185678	711.148	-671.578	-0.00542535	6	4	4	4	0.30683	392	0	0	0	0	0.242057	4.59011	129.293	-477.463	1	0	0	0	0	0	0	0
06.08.2015 14:53:17.316000	0.18	0.184505	0.185678	711.148	-671.578	-0.0072338	6	4	4	4	0.283379	392	0	0	0	0	0.239931	4.59615	129.282	-477.397	1	0	0	0	0	0	0	0
06.08.2015 14:53:17.416000	0.18	0.184505	0.185678	711.148	-671.578	-0.00705295	6	4	4	4	0.297343	392	0	0	0	0	0.238571	4.08655	129.259	-479.262	1	0	0	0	0	0	0	0
06.08.2015 14:53:17.516000	0.18	0.184505	0.185678	711.159	-671.583	-0.0072338	6	4	4	4	0.297349	392	0	0	0	0	0.235344	4.31001	129.068	-477.673	1	0	0	0	0	0	0	0
06.08.2015 14:53:17.616000	0.18	0.184505	0.185678	711.164	-671.586	-0.00759549	6	4	4	4	0.286607	392	0	0	0	0	0.236111	4.51875	122.639	-452.26	1	0	0	0	0	0	0	0
06.08.2015 14:53:17.716000	0.18	0.184505	0.185678	711.164	-671.586	-0.00759549	6	4	4	4	0.285097	392	0	0	0	0	0.233174	6.26399	129.991	-473.727	1	0	0	0	0	0	0	0
06.08.2015 14:53:17.816000	0.18	0.184505	0.185678	711.168	-671.586	-0.00705295	6	4	4	4	0.297114	392	0	0	0	0	0.232726	4.97153	129.87	-478.212	1	0	0	0	0	0	0	0
06.08.2015 14:53:17.916000	0.18	0.184505	0.185678	711.167	-671.586	-0.00470197	6	4	4	4	0.2841	392	0	0	0	0	0.230498	5.0173	129.745	-477.558	1	0	0	0	0	0	0	0
06.08.2015 14:53:18.016000	0.18	0.184505	0.185678	711.172	-671.582	-0.00488281	6	4	4	4	0.319237	392	0	0	0	0	0.231279	4.99069	129.354	-476.161	1	0	0	0	0	0	0	0
06.08.2015 14:53:18.116000	0.18	0.184505	0.185678	711.172	-671.586	-0.00542535	6	4	4	4	0.287701	392	0	0	0	0	0.22963	5.19633	129.005	-474.037	1	0	0	0	0	0	0	0
06.08.2015 14:53:18.216000	0.18	0.184505	0.185678	711.168	-671.586	-0.00542535	6	4	4	4	0.288739	392	0	0	0	0	0.229094	5.03067	128.736	-473.642	1	0	0	0	0	0	0	0
06.08.2015 14:53:18.316000	0.18	0.184505	0.185678	711.174	-671.586	-0.00434028	6	4	4	4	0.274843	392	0	0	0	0	0.22806	4.99936	128.643	-473.406	1	0	0	0	0	0	0	0
06.08.2015 14:53:18.416000	0.18	0.184505	0.185678	711.172	-671.59	-0.00542535	6	4	4	4	0.247328	392	0	0	0	0	0.227763	5.2795	128.652	-472.367	1	0	0	0	0	0	0	0
06.08.2015 14:53:18.516000	0.18	0.184505	0.185678	711.172	-671.586	-0.00542535	6	4	4	4	0.27979	392	0	0	0	0	0.226461	4.98349	128.569	-473.186	1	0	0	0	0	0	0	0
06.08.2015 14:53:18.616000	0.18	0.184505	0.185678	711.172	-671.586	-0.00488281	6	4	4	4	0.291006	392	0	0	0	0	0.225347	4.91926	128.368	-472.666	1	0	0	0	0	0	0	0
06.08.2015 14:53:18.716000	0.18	0.184505	0.185678	711.169	-671.586	-0.00687211	6	4	4	4	0.300441	392	0	0	0	0	0.226288	4.52034	128.275	-473.831	1	0	0	0	0	0	0	0
06.08.2015 14:53:18.816000	0.18	0.184505	0.185678	711.176	-671.586	-0.00759549	6	4	4	4	0.296685	392	0	0	0	0	0.223872	6.33143	122.47	-444.651	1	0	0	0	0	0	0	0
06.08.2015 14:53:18.916000	0.18	0.184505	0.185678	711.156	-671.589	-0.00759549	6	4	4	4	0.300456	392	0.0770999	0	0	0.0493641	0.225094	69.9545	104.991	-134.147	1	0	0	0	0	0	0	0
06.08.2015 14:53:19.016000	0.18	0.184505	0.185678	710.199	-671.586	-0.00922309	6	4	4	4	0.281203	392	1.56637	0	0	24.3194	0.222866	115.24	84.2641	118.602	1	0	0	0	0	0	0	0
06.08.2015 14:53:19.116000	0.18	0.184505	0.185678	701.286	-671.581	-0.00940394	6	4	4	4	0.296512	392	4.85263	0	0	35.2205	0.224761	110.9	84.147	102.435	1	0	0	0	0	0	0	0
06.08.2015 14:53:19.216000	0.18	0.184505	0.185678	686.445	-671.582	-0.00976563	6	4	4	4	0.300447	392	8.37504	0	0	35.5064	0.222743	111.562	85.3432	100.388	1	0	0	0	0	0	0	0
06.08.2015 14:53:19.316000	0.18	0.184505	0.185678	668.839	-671.586	-0.00940394	6	4	4	4	0.291637	392	11.9565	0	0	36.3598	0.223148	114.747	88.3187	101.187	1	0	0	0	0	0	0	0
06.08.2015 14:53:19.416000	0.18	0.184505	0.185678	635.625	-671.586	-0.00868056	6	4	4	4	0.305054	392	15.5349	0	0	35.535	0.223611	118.009	91.8259	100.251	1	0	0	0	0	0	0	0
06.08.2015 14:53:19.516000	0.18	0.184505	0.185678	608.555	-671.594	-0.0072338	6	4	4	4	0.306481	392	19.07	0	0	34.8968	0.223416	119.957	94.2304	98.5007	1	0	0	0	0	0	0	0
06.08.2015 14:53:19.616000	0.18	0.184505	0.185678	577.734	-671.594	-0.00651042	6	4	4	4	0.287523	392	22.5669	0	0	35.2322	0.223474	120.529	94.6366	99.1375	1	0.09	0	0	0	0	0	0
06.08.2015 14:53:19.716000	0.18	0.184505	0.185678	536.234	-671.594	-0.0072338	6	4	4	4	0.299345	392	26.501	42	0	48.3703	0.222179	113.955	84.9328	111.12	1	1	0	0	0	0	0	0
06.08.2015 14:53:19.816000	0.18	0.184505	0.185678	485.957	-671.594	-0.00651042	6	4	4	4	0.289686	392	30.8564	49.955	0	31.5895	0.223712	100.525	81.6267	72.3587	1	1	0	0	0	0	0	0
06.08.2015 14:53:19.916000	0.18	0.184505	0.185678	446.297	-671.594	-0.00506366	6	4	4	4	0.307203	392	32.5262	44.0501	0	12.5677	0.221889	75.3871	50.4668	95.4151	1	1	0	0	0	0	0	0
06.08.2015 14:53:20.016000	0.18	0.184505	0.185678	408.762	-671.609	-0.00488281	6	4	4	4	0.274131	392	33.5429	34.0502	0	9.38524	0.223669	57.9061	32.9965	95.374	1	1	0	0	0	0	0	0
06.08.2015 14:53:20.116000	0.18	0.184505	0.185678	369.036	-671.617	-0.00397859	6	4	4	4	52.7469	392	34.2403	16.601	0	7.03241	0.323177	50.8268	26.5205	93.0639	1	1	1	0	0	0	0	0
06.08.2015 14:53:20.216000	0.18	0.184505	0.185678	326.832	-671.613	-0.000542535	6	4	4	4	88.5501	392	34.4786	5.21478	0	4.60624	6.16339	48.3137	23.3428	95.6086	1	1	1	0	0	0	0	0
06.08.2015 14:53:20.316000	0.18	0.184505	0.185678	295.549	-671.609	-0.00506366	6	4	4	4	88.6489	392	34.6278	5.21478	0	2.36268	10.2745	47.2694	21.8026	97.5074	1	1	1	0	0	0	0	0
06.08.2015 14:53:20.416000	0.18	0.184505	0.185678	267.121	-671.613	-0.00759549	6	4	4	4	88.8447	392	34.7606	5.21478	0	1.61483	11.648	45.7407	20.6407	96.1029	1	1	1	0	0	0	0	0
06.08.2015 14:53:20.516000	0.18	0.184505	0.185678	240.073	-671.617	-0.0072338	6	4	4	4	88.8914	392	34.8895	5.21478	0	1.34984	11.8563	44.9267	19.8408	96.0492	1	1	1	0	0	0	0	0
06.08.2015 14:53:20.616000	0.18	0.184505	0.185678	222.66	-671.625	-0.00759549	6	4	4	4	88.794	392	35.0173	5.21478	0	1.29556	11.9298	44.7526	19.1784	97.9188	1	1	1	0	0	0	0	0
06.08.2015 14:53:20.716000	0.18	0.184505	0.185678	204.135	-671.625	-0.0072338	6	4	4	4	88.8483	392	35.1407	5.21478	0	1.30159	11.9567	44.1771	18.642	97.7687	1	1	1	0	0	0	0	0
06.08.2015 14:53:20.816000	0.18	0.184505	0.185678	186.227	-671.625	-0.00759549	6	4	4	4	88.9034	392	35.2635	5.21478	0	1.30212	11.9621	43.7995	18.2961	97.6474	1	1	1	0	0	0	0	0
06.08.2015 14:53:20.916000	0.18	0.184505	0.185678	162.797	-671.625	-0.00795718	6	4	4	4	88.8996	392	35.3784	5.21478	0	1.22061	11.9693	43.5659	18.0745	97.6014	1	1	1	0	0	0	0	0
06.08.2015 14:53:21.016000	0.18	0.184505	0.185678	146.199	-671.625	-0.0108507	6	4	4	4	88.8462	392	35.5018	5.21478	0	1.20735	11.9706	43.243	17.8592	97.1896	1	1	1	0	0	0	0	0
06.08.2015 14:53:21.116000	0.18	0.184505	0.185678	136.68	-671.63	-0.0112124	6	4	4	4	89.0397	392	35.6172	5.21478	0	1.17837	11.9785	43.4775	17.6687	98.8166	1	1	1	0	0	0	0	0
06.08.2015 14:53:21.216000	0.18	0.184505	0.185678	130.406	-671.637	-0.0113932	6	4	4	4	89.0268	392	35.7316	5.21478	0	1.16765	11.9835	43.2054	17.5486	98.2349	1	1	1	0	0	0	0	0
06.08.2015 14:53:21.316000	0.18	0.184505	0.185678	125.378	-671.638	-0.0112124	6	4	4	4	88.8986	392	35.8554	5.21478	0	1.17456	11.9807	42.9723	17.5632	97.2866	1	1	1	0	0	0	0	0
06.08.2015 14:53:21.416000	0.18	0.184505	0.185678	123.512	-671.641	-0.00868056	6	4	4	4	89.1305	392	35.9684	5.21478	0	1.17879	11.9823	42.5522	17.5508	95.7255	1	1	1	0	0	0	0	0
06.08.2015 14:53:21.516000	0.18	0.184505	0.185678	125.891	-671.641	-0.00759549	6	4	4	4	89.0781	392	36.0857	5.21478	0	1.16843	11.9835	42.6511	17.404	96.6661	1	1	1	0	0	0	0	0
06.08.2015 14:53:21.616000	0.18	0.184505	0.185678	126.371	-671.641	-0.00651042	6	4	4	4	89.033	392	36.2051	5.21478	0	1.15675	11.9837	42.805	17.4006	97.2684	1	1	1	0	0	0	0	0
06.08.2015 14:53:21.716000	0.18	0.184505	0.185678	126.445	-671.646	-0.00434028	6	4	4	4	88.9494	392	36.319	5.21478	0	1.16249	11.9782	42.613	17.3329	96.7926	1	1	1	0	0	0	0	0
06.08.2015 14:53:21.816000	0.18	0.184505	0.185678	126.445	-671.648	-0.00271267	6	4	4	4	89.0384	392	36.4399	5.21478	0	1.17316	11.9804	42.6095	17.3221	96.8204	1	1	1	0	0	0	0	0
06.08.2015 14:53:21.916000	0.18	0.184505	0.185678	126.451	-671.648	-0.00217014	6	4	4	4	89.057	392	36.5548	5.21478	0	1.1745	11.9778	43.0851	17.2952	98.7442	1	1	1	0	0	0	0	0
06.08.2015 14:53:22.016000	0.18	0.184505	0.185678	126.453	-671.648	-0.0016276	6	4	4	4	88.9178	392	36.6707	5.21478	0	1.17876	11.9771	42.5994	17.2884	96.9108	1	1	1	0	0	0	0	0
06.08.2015 14:53:22.116000	0.18	0.184505	0.185678	126.453	-671.654	-0.00325521	6	4	4	4	89.0558	392	36.7896	5.21478	0	1.17809	11.9732	42.791	17.3009	97.5965	1	1	1	0	0	0	0	0
06.08.2015 14:53:22.216000	0.18	0.184505	0.185678	126.453	-671.652	-0.0016276	6	4	4	4	89.0598	392	36.9065	5.21478	0	1.17319	11.9808	42.7837	17.3014	97.5668	1	1	1	0	0	0	0	0
06.08.2015 14:53:22.316000	0.18	0.184505	0.185678	126.453	-671.656	-0.00217014	6	4	4	4	88.9688	392	37.0194	5.21478	0	1.17319	11.9767	42.7527	17.2977	97.4621	1	1	1	0	0	0	0	0
06.08.2015 14:53:22.416000	0.18	0.184505	0.185678	126.453	-671.664	-0.00217014	6	4	4	4	89.0846	392	37.1403	5.21478	0	1.17311	11.9732	42.5868	17.2944	96.8398	1	1	1	0	0	0	0	0
06.08.2015 14:53:22.516000	0.18	0.184505	0.185678	126.453	-671.664	-0.00180845	6	4	4	4	89.1319	392	37.2552	5.21478	0	1.17311	11.9796	42.7323	17.2975	97.385	1	1	1	0	0	0	0	0
06.08.2015 14:53:22.616000	0.18	0.184505	0.185678	126.453	-671.664	-0.00217014	6	4	4	4	89.1777	392	37.3686	5.21478	0	1.15486	11.9818	42.8451	17.3063	97.783	1	1	1	0	0	0	0	0
06.08.2015 14:53:22.716000	0.18	0.184505	0.185678	126.453	-671.664	-0.00325521	6	4	4	4	89.0777	392	37.492	5.21478	0	1.15138	11.9832	42.7349	17.3123	97.3382	1	1	1	0	0	0	0	0
06.08.2015 14:53:22.816000	0.18	0.184505	0.185678	126.453	-671.664	-0.00542535	6	4	4	4	89.3108	392	37.6059	5.21478	0	1.16294	11.981	42.7539	17.3156	97.3981	1	1	1	0	0	0	0	0
06.08.2015 14:53:22.916000	0.18	0.184505	0.185678	126.453	-671.664	-0.00542535	6	4	4	4	89.2965	392	37.7228	5.21478	0	1.16766	11.9877	42.7	17.3162	97.1896	1	1	1	0	0	0	0	0
06.08.2015 14:53:23.016000	0.18	0.184505	0.185678	126.453	-671.664	-0.00759549	6	4	4	4	90.414	392	37.8436	5.21478	0	1.18157	11.9951	42.6269	17.3192	96.898	1	1	1	0	0	0	0	0
06.08.2015 14:53:23.116000	0.18	0.184505	0.185678	126.453	-671.669	-0.0072338	6	4	4	4	163.798	392	37.956	5.21478	0	1.19009	11.9328	42.6216	17.3196	96.8765	1	1	1	0	0	0	0	0
06.08.2015 14:53:23.216000	0.18	0.184505	0.185678	126.457	-671.672	-0.00542535	6	4	4	4	209.217	392	38.0744	5.21478	0	1.17908	11.7346	42.6016	17.3282	96.7666	1	1	1	0	0	0	0	0
06.08.2015 14:53:23.316000	0.18	0.184505	0.185678	126.456	-671.672	1.62182	6	4	4	4	330.153	392	38.1928	5.21478	0	1.16762	11.4107	42.7564	17.3233	97.3782	1	1	1	0	0	0	0	0
06.08.2015 14:53:23.416000	0.18	0.184505	0.185678	126.457	-671.672	11.9797	6	4	4	4	444.577	392	38.3067	5.21478	0	1.16227	11.0017	43.0127	17.3272	98.3446	1	1	1	0	0	0	0	0
06.08.2015 14:53:23.516000	0.18	0.184505	0.185678	126.456	-671.672	20.3559	6	4	4	4	785.413	392	38.4201	5.21478	0	1.15141	10.8612	42.5984	17.2998	96.8631	1	1	1	0	0	0	0	0
06.08.2015 14:53:23.616000	0.18	0.184505	0.185678	126.453	-671.672	26.5104	6	4	4	4	495.507	392	38.54	5.21478	0	1.15466	10.7269	42.7207	17.3624	97.0917	1	1	1	0	0	0	0	0
06.08.2015 14:53:23.716000	0.18	0.184505	0.185678	126.453	-671.674	28.0494	6	4	4	4	733.787	392	38.6544	5.21478	0	1.16768	10.7862	42.9555	17.3321	98.1069	1	1	1	0	0	0	0	0
06.08.2015 14:53:23.816000	0.18	0.184505	0.185678	126.453	-671.676	28.7543	6	4	4	4	373.648	392	38.7738	5.21478	0	1.16934	10.7442	42.7146	17.381	96.997	1	1	1	0	0	0	0	0
06.08.2015 14:53:23.916000	0.18	0.184505	0.185678	126.458	-671.68	28.9616	6	4	4	4	470.717	392	38.8937	5.21478	0	1.18426	10.8318	42.8017	17.3677	97.3817	1	1	1	0	0	0	0	0
06.08.2015 14:53:24.016000	0.18	0.184505	0.185678	126.453	-671.676	29.043	6	4	4	4	539.159	392	39.0086	5.21478	0	1.18426	10.8582	42.9958	17.3682	98.1228	1	1	1	0	0	0	0	0
06.08.2015 14:53:24.116000	0.18	0.184505	0.185678	126.458	-671.68	29.0564	6	4	4	4	541.679	392	39.1309	5.21478	0	1.18439	10.8192	42.6159	17.3713	96.6563	1	1	1	0	0	0	0	0
06.08.2015 14:53:24.216000	0.18	0.184505	0.185678	126.453	-671.68	29.0565	6	4	4	4	576.527	392	39.2478	5.21478	0	1.18439	10.8156	43.0459	17.3726	98.2978	1	1	1	0	0	0	0	0
06.08.2015 14:53:24.316000	0.18	0.184505	0.185678	126.458	-671.68	29.0278	6	4	4	4	706.506	392	39.3647	5.21478	0	1.17445	10.8185	42.8046	17.3691	97.3878	1	1	1	0	0	0	0	0
06.08.2015 14:53:24.416000	0.18	0.184505	0.185678	126.457	-671.68	28.992	6	4	4	4	730.188	392	39.4851	5.21478	0	1.17309	10.7243	42.9513	17.3726	97.9356	1	1	1	0	0	0	0	0
06.08.2015 14:53:24.516000	0.18	0.184505	0.185678	126.458	-671.68	28.9587	6	4	4	4	676.255	392	39.5995	5.21478	0	1.16898	10.6659	42.9135	17.3953	97.704	1	1	1	0	0	0	0	0
06.08.2015 14:53:24.616000	0.18	0.184505	0.185678	126.461	-671.68	28.9166	6	4	4	4	638.117	392	39.7169	5.21478	0	1.16761	10.7211	42.7799	17.3964	97.1884	1	1	1	0	0	0	0	0
06.08.2015 14:53:24.716000	0.18	0.184505	0.185678	126.458	-671.68	28.8075	6	4	4	4	739.646	392	39.8358	5.21478	0	1.17475	10.7489	43.0049	17.3865	98.0877	1	1	1	0	0	0	0	0
06.08.2015 14:53:24.816000	0.18	0.184505	0.185678	126.461	-671.68	28.6464	6	4	4	4	613.356	392	39.9482	5.21478	0	1.17876	10.7356	42.9633	17.4046	97.8592	1	1	1	0	0	0	0	0
06.08.2015 14:53:24.916000	0.18	0.184505	0.185678	126.461	-671.68	28.5887	6	4	4	4	654.825	392	40.0686	5.21478	0	1.18177	10.7734	42.8914	17.4071	97.5741	1	1	1	0	0	0	0	0
06.08.2015 14:53:25.016000	0.18	0.184505	0.185678	126.461	-671.68	28.418	6	4	4	4	655.907	392	40.1875	5.21478	0	1.18434	10.8143	42.5343	17.4031	96.2223	1	1	1	0	0	0	0	0
06.08.2015 14:53:25.116000	0.18	0.184505	0.185678	126.461	-671.68	28.2621	6	4	4	4	683.828	392	40.3024	5.21478	0	1.17545	10.8441	43.2366	17.3978	98.9316	1	1	1	0	0	0	0	0
06.08.2015 14:53:25.216000	0.18	0.184505	0.185678	126.461	-671.68	28.0729	6	4	4	4	631.894	392	40.4247	5.21478	0	1.16212	10.8408	42.7953	17.4089	97.1997	1	1	1	0	0	0	0	0
06.08.2015 14:53:25.316000	0.18	0.184505	0.185678	126.461	-671.68	27.9362	6	4	4	4	675.468	392	40.5401	5.21478	0	1.16695	10.868	42.8875	17.3993	97.589	1	1	1	0	0	0	0	0
06.08.2015 14:53:25.416000	0.18	0.184505	0.185678	126.461	-671.68	27.7431	6	4	4	4	655.06	392	40.6575	5.21478	0	1.17877	10.8795	43.1093	17.403	98.4245	1	1	1	0	0	0	0	0
06.08.2015 14:53:25.516000	0.18	0.184505	0.185678	126.458	-671.68	27.6042	6	4	4	4	570.881	392	40.7794	5.21478	0	1.18232	10.8981	42.4814	17.4222	95.9466	1	1	1	0	0	0	0	0
06.08.2015 14:53:25.616000	0.18	0.184505	0.185678	126.461	-671.68	27.564	6	4	4	4	653.31	392	40.8953	5.21478	0	1.19564	10.9156	43.0041	17.42	97.9561	1	1	1	0	0	0	0	0
06.08.2015 14:53:25.716000	0.18	0.184505	0.185678	126.458	-671.682	27.4501	6	4	4	4	603.161	392	41.0162	5.21478	0	1.1944	10.944	43.0826	17.4308	98.2158	1	1	1	0	0	0	0	0
06.08.2015 14:53:25.816000	0.18	0.184505	0.185678	126.461	-671.68	27.3942	6	4	4	4	634.543	392	41.1326	5.21478	0	1.18435	10.9519	42.9451	17.4286	97.6977	1	1	1	0	0	0	0	0
06.08.2015 14:53:25.916000	0.18	0.184505	0.185678	126.461	-671.68	27.364	6	4	4	4	613.275	392	41.249	5.21478	0	1.18435	10.9551	42.8735	17.4265	97.4315	1	1	1	0	0	0	0	0
06.08.2015 14:53:26.016000	0.18	0.184505	0.185678	126.461	-671.68	27.3052	6	4	4	4	517.717	392	41.3708	5.21478	0	1.17871	10.9659	42.8996	17.44	97.4799	1	1	1	0	0	0	0	0
06.08.2015 14:53:26.116000	0.18	0.184505	0.185678	126.461	-671.685	27.2765	6	4	4	4	775.053	392	41.4852	5.21478	0	1.17871	10.9566	42.8485	17.4189	97.3651	1	1	1	0	0	0	0	0
06.08.2015 14:53:26.216000	0.18	0.184505	0.185678	126.461	-671.68	27.27	6	4	4	4	537.759	392	41.6001	5.21478	0	1.16452	10.9117	42.8586	17.4353	97.3408	1	1	1	0	0	0	0	0
06.08.2015 14:53:26.316000	0.18	0.184505	0.185678	126.464	-671.685	27.2616	6	4	4	4	610.032	392	41.72	5.21478	0	1.16221	10.9782	43.021	17.4338	97.9683	1	1	1	0	0	0	0	0
06.08.2015 14:53:26.416000	0.18	0.184505	0.185678	126.461	-671.684	27.2662	6	4	4	4	605.703	392	41.8369	5.21478	0	1.17462	10.9465	43.1768	17.449	98.5067	1	1	1	0	0	0	0	0
06.08.2015 14:53:26.516000	0.18	0.184505	0.185678	126.461	-671.685	27.2631	6	4	4	4	590.26	392	41.9543	5.21478	0	1.17876	10.9828	43.1065	17.4494	98.2359	1	1	1	0	0	0	0	0
06.08.2015 14:53:26.616000	0.18	0.184505	0.185678	126.461	-671.684	27.2602	6	4	4	4	597.6	392	42.0752	4.46299	0	1.18236	11.0061	42.6789	17.4894	96.4455	1	1	1	0.22	0	0	0	0
06.08.2015 14:53:26.716000	0.18	0.184505	0.185678	126.461	-671.688	27.2591	6	4	4	4	199.03	392	42.1373	2.00464	0.207108	1.1843	10.3351	43.2886	17.6515	98.1592	1	1	1	1	0	0	0	0
06.08.2015 14:53:26.816000	0.18	0.184505	0.185678	126.461	-671.688	27.2569	6	4	4	4	353.03	392	42.1965	2.41869	0.621167	1.1843	8.73207	42.2535	17.8929	93.2719	1	1	1	1	0	0	0	0
06.08.2015 14:53:26.916000	0.18	0.184505	0.185678	126.464	-671.688	27.2537	6	4	4	4	410.819	392	42.2577	2.43585	0.638326	1.1843	8.07711	44.1136	18.112	99.5549	1	1	1	1	0	0	0	0
06.08.2015 14:53:27.016000	0.18	0.184505	0.185678	126.461	-671.688	27.2526	6	4	4	4	453.803	392	42.3134	2.30912	0.511594	0.814027	7.75271	43.1748	18.3052	95.2207	1	1	1	1	0	0	0	0
06.08.2015 14:53:27.116000	0.18	0.184505	0.185678	126.461	-671.688	27.2566	6	4	4	4	451.452	392	42.3667	2.07033	0.272798	0.623282	7.60216	43.8649	18.4823	97.1849	1	1	1	1	0	0	0	0
06.08.2015 14:53:27.216000	0.18	0.184505	0.185678	126.461	-671.688	27.2618	6	4	4	4	423.977	392	42.4194	1.95754	0.160017	0.623282	7.60053	44.4555	18.63	98.8807	1	1	1	1	0	0	0	0
06.08.2015 14:53:27.316000	0.18	0.184505	0.185678	126.461	-671.685	27.271	6	4	4	4	433.674	392	42.4701	1.90041	0.102886	0.623282	7.62368	44.2096	18.7515	97.474	1	1	1	1	0	0	0	0
06.08.2015 14:53:27.416000	0.18	0.184505	0.185678	126.461	-671.688	27.277	6	4	4	4	353.651	392	42.5179	1.9245	0.12697	0.623282	7.65009	44.5277	18.8971	98.1345	1	1	1	1	0	0	0	0
06.08.2015 14:53:27.516000	0.18	0.184505	0.185678	126.464	-671.688	27.3116	6	4	4	4	420.402	392	42.5696	1.90315	0.105621	0.533796	7.65705	44.7369	19.0039	98.5266	1	1	1	1	0	0	0	0
06.08.2015 14:53:27.616000	0.18	0.184505	0.185678	126.469	-671.688	27.3383	6	4	4	4	405.503	392	42.6213	1.78839	-0.00913483	0.512805	7.64514	44.4711	19.0975	97.1506	1	1	1	1	0	0	0	0
06.08.2015 14:53:27.716000	0.18	0.184505	0.185678	126.461	-671.688	27.3438	6	4	4	4	406.318	392	42.6706	1.80516	0.00763239	0.512805	7.66858	44.825	19.1779	98.1978	1	1	1	1	0	0	0	0
06.08.2015 14:53:27.816000	0.18	0.184505	0.185678	126.465	-671.691	27.347	6	4	4	4	412.167	392	42.7168	1.67171	-0.125814	0.512805	7.62304	44.8463	19.2589	97.9692	1	1	1	1	0	0	0	0
06.08.2015 14:53:27.916000	0.18	0.184505	0.185678	126.466	-671.688	27.3513	6	4	4	4	417.078	392	42.7631	1.69131	-0.106218	0.512805	7.63221	44.5658	19.3348	96.6044	1	1	1	1	0	0	0	0
06.08.2015 14:53:28.016000	0.18	0.184505	0.185678	126.469	-671.688	27.3524	6	4	4	4	337.219	392	42.8113	1.70656	-0.0909711	0.49342	7.63478	45.131	19.3991	98.5222	1	1	1	1	0	0	0	0
06.08.2015 14:53:28.116000	0.18	0.184505	0.185678	126.466	-671.688	27.351	6	4	4	4	396.048	392	42.8601	1.79802	0.000494491	0.483873	7.67109	44.9072	19.454	97.4551	1	1	1	1	0	0	0	0
06.08.2015 14:53:28.216000	0.18	0.184505	0.185678	126.469	-671.688	27.3421	6	4	4	4	338.958	392	42.9083	1.79839	0.00085863	0.483873	7.68078	45.0271	19.5084	97.7061	1	1	1	1	0	0	0	0
06.08.2015 14:53:28.316000	0.18	0.184505	0.185678	126.469	-671.688	27.3235	6	4	4	4	443.267	392	42.9561	1.83333	0.0358025	0.483873	7.69154	45.1507	19.5483	98.0265	1	1	1	1	0	0	0	0
06.08.2015 14:53:28.416000	0.18	0.184505	0.185678	126.469	-671.688	27.3145	6	4	4	4	424.419	392	43.0063	1.83025	0.03272	0.483873	7.68553	45.2284	19.5857	98.1807	1	1	1	1	0	0	0	0
06.08.2015 14:53:28.516000	0.18	0.184505	0.185678	126.469	-671.688	27.3058	6	4	4	4	438.33	392	43.0566	1.78426	-0.01327	0.487887	7.65158	45.2057	19.6246	97.9447	1	1	1	1	0	0	0	0
06.08.2015 14:53:28.616000	0.18	0.184505	0.185678	126.469	-671.688	27.3003	6	4	4	4	360.417	392	43.1038	1.7153	-0.0822232	0.490564	7.62946	45.1928	19.6636	97.746	1	1	1	1	0	0	0	0
06.08.2015 14:53:28.716000	0.18	0.184505	0.185678	126.469	-671.688	27.2964	6	4	4	4	436.144	392	43.1516	1.67618	-0.12135	0.490564	7.66191	45.299	19.6893	98.0548	1	1	1	1	0	0	0	0
06.08.2015 14:53:28.816000	0.18	0.184505	0.185678	126.469	-671.688	27.2862	6	4	4	4	332.284	392	43.2008	1.6539	-0.143633	0.490564	7.63908	45.2989	19.7261	97.9197	1	1	1	1	0	0	0	0
06.08.2015 14:53:28.916000	0.18	0.184505	0.185678	126.469	-671.688	27.2815	6	4	4	4	338.162	392	43.2491	1.68141	-0.116117	0.490564	7.69015	45.3088	19.7546	97.8416	1	1	1	1	0	0	0	0
06.08.2015 14:53:29.016000	0.18	0.184505	0.185678	126.469	-671.688	27.2754	6	4	4	4	447.664	392	43.2968	1.72306	-0.0744668	0.486482	7.68134	45.403	19.7676	98.1527	1	1	1	1	0	0	0	0
06.08.2015 14:53:29.116000	0.18	0.184505	0.185678	126.469	-671.688	27.2689	6	4	4	4	391.376	392	43.3466	1.72696	-0.070568	0.481072	7.61381	45.2521	19.8027	97.4408	1	1	1	1	0	0	0	0
06.08.2015 14:53:29.216000	0.18	0.184505	0.185678	126.469	-671.688	27.2629	6	4	4	4	361.929	392	43.3973	1.72564	-0.0718764	0.481072	7.61827	45.3435	19.8223	97.6784	1	1	1	1	0	0	0	0
06.08.2015 14:53:29.316000	0.18	0.184505	0.185678	126.469	-671.688	27.2638	6	4	4	4	360.7	392	43.4475	1.74942	-0.0480826	0.481072	7.64632	45.332	19.8411	97.5853	1	1	1	1	0	0	0	0
06.08.2015 14:53:29.416000	0.18	0.184505	0.185678	126.469	-671.691	27.2835	6	4	4	4	385.123	392	43.4973	1.79928	0.00175826	0.481072	7.6533	45.4399	19.8597	97.9414	1	1	1	1	0	0	0	0
06.08.2015 14:53:29.516000	0.18	0.184505	0.185678	126.469	-671.688	27.2931	6	4	4	4	411.209	392	43.5485	1.83865	0.0411172	0.491556	7.65339	45.3263	19.875	97.4481	1	1	1	1	0	0	0	0
06.08.2015 14:53:29.616000	0.18	0.184505	0.185678	126.469	-671.688	27.2938	6	4	4	4	342.176	392	43.6027	1.86187	0.064342	0.502469	7.63984	45.3794	19.8852	97.6121	1	1	1	1	0	0	0	0
06.08.2015 14:53:29.716000	0.18	0.184505	0.185678	126.469	-671.69	27.2884	6	4	4	4	423.562	392	43.656	1.89614	0.0986158	0.502469	7.64876	45.3883	19.8867	97.6406	1	1	1	1	0	0	0	0
06.08.2015 14:53:29.816000	0.18	0.184505	0.185678	126.469	-671.688	27.2814	6	4	4	4	314.071	392	43.7072	1.9245	0.126971	0.502469	7.65935	45.4813	19.8931	97.9723	1	1	1	1	0	0	0	0
06.08.2015 14:53:29.916000	0.18	0.184505	0.185678	126.469	-671.69	27.2815	6	4	4	4	355.352	392	43.7609	1.99641	0.198881	0.502469	7.69494	45.2907	19.8923	97.2455	1	1	1	1	0	0	0	0
06.08.2015 14:53:30.016000	0.18	0.184505	0.185678	126.469	-671.688	27.2873	6	4	4	4	394.011	392	43.8206	2.07901	0.281483	0.539384	7.68519	45.2876	19.8755	97.2976	1	1	1	1	0	0	0	0
06.08.2015 14:53:30.116000	0.18	0.184505	0.185678	126.469	-671.688	27.2859	6	4	4	4	393.489	392	43.8813	2.13165	0.334123	0.543035	7.66892	45.2879	19.8634	97.3453	1	1	1	1	0	0	0	0
06.08.2015 14:53:30.216000	0.18	0.184505	0.185678	126.469	-671.691	27.2906	6	4	4	4	443.174	392	43.938	2.15728	0.359752	0.543035	7.68518	45.4266	19.8503	97.9267	1	1	1	1	0	0	0	0
06.08.2015 14:53:30.316000	0.18	0.184505	0.185678	126.469	-671.693	27.2942	6	4	4	4	403.344	392	43.9972	2.14369	0.346164	0.543035	7.63709	45.2788	19.8472	97.3728	1	1	1	1	0	0	0	0
06.08.2015 14:53:30.416000	0.18	0.184505	0.185678	126.469	-671.688	27.2998	6	4	4	4	450.013	392	44.0549	2.10915	0.311626	0.572185	7.59225	45.2947	19.8383	97.4675	1	1	1	1	0	0	0	0
06.08.2015 14:53:30.516000	0.18	0.184505	0.185678	126.469	-671.69	27.2978	6	4	4	4	397.117	392	44.1101	2.04137	0.243839	0.586543	7.58154	45.2795	19.8366	97.4158	1	1	1	1	0	0	0	0
06.08.2015 14:53:30.616000	0.18	0.184505	0.185678	126.469	-671.688	27.2987	6	4	4	4	401.394	392	44.1673	1.98023	0.182704	0.586543	7.60764	45.3777	19.8464	97.754	1	1	1	1	0	0	0	0
06.08.2015 14:53:30.716000	0.18	0.184505	0.185678	126.469	-671.69	27.292	6	4	4	4	358.061	392	44.226	1.93445	0.136923	0.586543	7.61733	45.2839	19.8571	97.3541	1	1	1	1	0	0	0	0
06.08.2015 14:53:30.816000	0.18	0.184505	0.185678	126.469	-671.688	27.2895	6	4	4	4	348.895	392	44.2772	1.94019	0.142665	0.581293	7.66606	45.2245	19.8622	97.1069	1	1	1	1	0	0	0	0
06.08.2015 14:53:30.916000	0.18	0.184505	0.185678	126.469	-671.693	27.283	6	4	4	4	337.174	392	44.3315	1.99752	0.199987	0.549043	7.682	45.4093	19.8664	97.7989	1	1	1	1	0	0	0	0
06.08.2015 14:53:31.016000	0.18	0.184505	0.185678	126.469	-671.688	27.2759	6	4	4	4	386.444	392	44.3877	2.08575	0.288218	0.549043	7.67049	45.2162	19.8632	97.0718	1	1	1	1	0	0	0	0
06.08.2015 14:53:31.116000	0.18	0.184505	0.185678	126.469	-671.69	27.2732	6	4	4	4	381.223	392	44.4444	2.13796	0.340428	0.549043	7.64633	45.2434	19.8629	97.177	1	1	1	1	0	0	0	0
06.08.2015 14:53:31.216000	0.18	0.184505	0.185678	126.469	-671.691	27.2754	6	4	4	4	389.774	392	44.4986	2.18479	0.387266	0.549043	7.67387	45.4284	19.8449	97.9543	1	1	1	1	0	0	0	0
06.08.2015 14:53:31.316000	0.18	0.184505	0.185678	126.469	-671.688	27.2736	6	4	4	4	400.024	392	44.5558	2.21078	0.413251	0.561034	7.6333	45.2972	19.8351	97.4892	1	1	1	1	0	0	0	0
06.08.2015 14:53:31.416000	0.18	0.184505	0.185678	126.469	-671.691	27.277	6	4	4	4	401.487	392	44.618	2.22703	0.429503	0.565247	7.63921	45.2906	19.8223	97.5131	1	1	1	1	0	0	0	0
06.08.2015 14:53:31.516000	0.18	0.184505	0.185678	126.469	-671.693	27.2772	6	4	4	4	351.044	392	44.6787	2.23829	0.440766	0.565247	7.65237	45.1476	19.8129	97.0015	1	1	1	1	0	0	0	0
06.08.2015 14:53:31.616000	0.18	0.184505	0.185678	126.469	-671.695	27.277	6	4	4	4	415.059	392	44.7359	2.27812	0.480596	0.565247	7.66667	45.2478	19.7941	97.4572	1	1	1	1	0	0	0	0
06.08.2015 14:53:31.716000	0.18	0.184505	0.185678	126.469	-671.688	27.2747	6	4	4	4	344.079	392	44.7965	2.30544	0.507907	0.584166	7.59314	45.1308	19.7953	97.0048	1	1	1	1	0	0	0	0
06.08.2015 14:53:31.816000	0.18	0.184505	0.185678	126.469	-671.691	27.2721	6	4	4	4	371.143	392	44.8562	2.34707	0.549543	0.597866	7.6248	45.1348	19.7812	97.0739	1	1	1	1	0	0	0	0
06.08.2015 14:53:31.916000	0.18	0.184505	0.185678	126.469	-671.693	27.2682	6	4	4	4	415.484	392	44.9219	2.39787	0.600347	0.597866	7.59997	45.2907	19.7493	97.7933	1	1	1	1	0	0	0	0
06.08.2015 14:53:32.016000	0.18	0.184505	0.185678	126.469	-671.695	27.27	6	4	4	4	365.601	392	44.9866	2.41696	0.619436	0.597866	7.57931	45.0895	19.7431	97.0461	1	1	1	1	0	0	0	0
06.08.2015 14:53:32.116000	0.18	0.184505	0.185678	126.471	-671.69	27.2805	6	4	4	4	439.164	392	45.0482	2.43174	0.634212	0.619221	7.57303	45.3522	19.717	98.1522	1	1	1	1	0	0	0	0
06.08.2015 14:53:32.216000	0.18	0.184505	0.185678	126.473	-671.691	27.2835	6	4	4	4	345.004	392	45.1094	2.41733	0.619806	0.631233	7.6081	45.2143	19.7117	97.6446	1	1	1	1	0	0	0	0
06.08.2015 14:53:32.316000	0.18	0.184505	0.185678	126.471	-671.69	27.2888	6	4	4	4	372.079	392	45.181	2.44476	0.647229	0.631233	7.65072	45.1317	19.6958	97.3892	1	1	1	1	0	0	0	0
06.08.2015 14:53:32.416000	0.18	0.184505	0.185678	126.473	-671.691	27.2879	6	4	4	4	345.909	392	45.2427	2.48552	0.687993	0.631233	7.63011	45.2591	19.6853	97.9169	1	1	1	1	0	0	0	0
06.08.2015 14:53:32.516000	0.18	0.184505	0.185678	126.474	-671.69	27.2877	6	4	4	4	318.9	392	45.3039	2.56971	0.772183	0.639981	7.68296	45.0371	19.6623	97.1553	1	1	1	1	0	0	0	0
06.08.2015 14:53:32.616000	0.18	0.184505	0.185678	126.477	-671.691	27.2846	6	4	4	4	418.023	392	45.381	2.67639	0.878859	0.642594	7.71589	45.0553	19.6332	97.3361	1	1	1	1	0	0	0	0
06.08.2015 14:53:32.716000	0.18	0.184505	0.185678	126.477	-671.695	27.2837	6	4	4	4	416.591	392	45.4462	2.72195	0.924418	0.642594	7.69253	45.0684	19.6005	97.5117	1	1	1	1	0	0	0	0
06.08.2015 14:53:32.816000	0.18	0.184505	0.185678	126.473	-671.688	27.2852	6	4	4	4	425.436	392	45.5203	2.7345	0.936972	0.654361	7.68102	45.1715	19.5652	98.0417	1	1	1	1	0	0	0	0
06.08.2015 14:53:32.916000	0.18	0.184505	0.185678	126.477	-671.695	27.2797	6	4	4	4	433.884	392	45.5914	2.70722	0.909694	0.698628	7.6134	44.9334	19.5405	97.2247	1	1	1	1	0	0	0	0
06.08.2015 14:53:33.016000	0.18	0.184505	0.185678	126.477	-671.695	27.2738	6	4	4	4	367.009	392	45.6616	2.66512	0.867595	0.698628	7.61328	45.1874	19.5307	98.2345	1	1	1	1	0	0	0	0
06.08.2015 14:53:33.116000	0.18	0.184505	0.185678	126.477	-671.693	27.2732	6	4	4	4	394.509	392	45.7317	2.65285	0.855321	0.698628	7.63284	44.7641	19.5052	96.7112	1	1	1	1	0	0	0	0
06.08.2015 14:53:33.216000	0.18	0.184505	0.185678	126.477	-671.688	27.2694	6	4	4	4	437.089	392	45.7959	2.63372	0.836191	0.701239	7.61675	44.9614	19.483	97.5518	1	1	1	1	0	0	0	0
06.08.2015 14:53:33.316000	0.18	0.184505	0.185678	126.477	-671.695	27.2682	6	4	4	4	368.754	392	45.8655	2.58503	0.787501	0.702525	7.56806	44.7736	19.5125	96.7197	1	1	1	1	0	0	0	0
06.08.2015 14:53:33.416000	0.18	0.184505	0.185678	126.477	-671.688	27.2694	6	4	4	4	294.195	392	45.9297	2.58674	0.789216	0.702525	7.63652	44.9926	19.5174	97.5395	1	1	1	1	0	0	0	0
06.08.2015 14:53:33.516000	0.18	0.184505	0.185678	126.477	-671.693	27.2707	6	4	4	4	386.027	392	45.9933	2.66185	0.864322	0.702525	7.68177	44.5901	19.4919	96.0959	1	1	1	1	0	0	0	0
06.08.2015 14:53:33.616000	0.18	0.184505	0.185678	126.477	-671.691	27.2743	6	4	4	4	381.347	392	46.0655	2.72508	0.927551	0.666317	7.65312	45.0102	19.4773	97.7601	1	1	1	1	0	0	0	0
06.08.2015 14:53:33.716000	0.18	0.184505	0.185678	126.482	-671.69	27.2747	6	4	4	4	284.283	392	46.1326	2.79516	0.997634	0.663168	7.68698	44.6315	19.4795	96.3018	1	1	1	1	0	0	0	0
06.08.2015 14:53:33.816000	0.18	0.184505	0.185678	126.484	-671.695	27.2814	6	4	4	4	372.102	392	46.2062	2.92969	1.13216	0.663168	7.70801	44.9638	19.4336	97.75	1	1	1	1	0	0	0	0
06.08.2015 14:53:33.916000	0.18	0.184505	0.185678	126.482	-671.69	27.305	6	4	4	4	390.533	392	46.2808	3.04345	1.24592	0.683116	7.66461	44.6676	19.3913	96.7778	1	1	1	1	0	0	0	0
06.08.2015 14:53:34.016000	0.18	0.184505	0.185678	126.484	-671.695	27.3183	6	4	4	4	436.927	392	46.3569	3.11746	1.31993	0.710664	7.64951	44.6297	19.3426	96.819	1	1	1	1	0	0	0	0
06.08.2015 14:53:34.116000	0.18	0.184505	0.185678	126.484	-671.693	27.322	6	4	4	4	439.028	392	46.4365	3.12071	1.32318	0.710664	7.61733	44.8399	19.3014	97.782	1	1	1	1	0	0	0	0
06.08.2015 14:53:34.216000	0.18	0.184505	0.185678	126.484	-671.688	27.3188	6	4	4	4	372.878	392	46.5141	3.08921	1.29168	0.725315	7.6303	45.2864	19.2692	99.6147	1	1	1	1	0	0	0	0
06.08.2015 14:53:34.316000	0.18	0.184505	0.185678	126.484	-671.688	27.3141	6	4	4	4	408.937	392	46.5892	3.07911	1.28159	0.777263	7.64227	44.0925	19.2417	95.1485	1	1	1	1	0	0	0	0
06.08.2015 14:53:34.416000	0.18	0.184505	0.185678	126.484	-671.688	27.3069	6	4	4	4	405.335	392	46.6708	3.06477	1.26724	0.777263	7.65078	45.1504	19.2246	99.2644	1	1	1	1	0	0	0	0
06.08.2015 14:53:34.516000	0.18	0.184505	0.185678	126.484	-671.693	27.3022	6	4	4	4	389.678	392	46.7395	3.03396	1.23643	0.777263	7.63333	44.5725	19.2104	97.1064	1	1	1	1	0	0	0	0
06.08.2015 14:53:34.616000	0.18	0.184505	0.185678	126.484	-671.691	27.2944	6	4	4	4	370.838	392	46.824	3.02025	1.22272	0.770114	7.61499	44.6056	19.2029	97.2618	1	1	1	1	0	0	0	0
06.08.2015 14:53:34.716000	0.18	0.184505	0.185678	126.484	-671.693	27.2935	6	4	4	4	395.047	392	46.8902	3.02858	1.23105	0.770041	7.63626	44.6107	19.1989	97.2966	1	1	1	1	0	0	0	0
06.08.2015 14:53:34.816000	0.18	0.184505	0.185678	126.484	-671.691	27.2917	6	4	4	4	378.324	392	46.9752	3.03874	1.24121	0.770041	7.66589	44.7735	19.1853	97.972	1	1	1	1	0	0	0	0
06.08.2015 14:53:34.916000	0.18	0.184505	0.185678	126.484	-671.693	27.2975	6	4	4	4	438.072	392	47.0449	3.04184	1.24431	0.763182	7.66415	44.5094	19.1741	97.0038	1	1	1	1	0	0	0	0
06.08.2015 14:53:35.016000	0.18	0.184505	0.185678	126.484	-671.688	27.3052	6	4	4	4	413.79	392	47.1255	3.01341	1.21588	0.760514	7.62028	44.6208	19.1652	97.4644	1	1	1	1	0	0	0	0
06.08.2015 14:53:35.116000	0.18	0.184505	0.185678	126.484	-671.693	27.3018	6	4	4	4	434.8	392	47.1976	2.95808	1.16056	0.760514	7.61542	44.5805	19.1626	97.32	1	1	1	1	0	0	0	0
06.08.2015 14:53:35.216000	0.18	0.184505	0.185678	126.484	-671.688	27.2987	6	4	4	4	346.9	392	47.2732	2.90047	1.10294	0.753862	7.6623	44.5921	19.172	97.3284	1	1	1	1	0	0	0	0
06.08.2015 14:53:35.316000	0.18	0.184505	0.185678	126.484	-671.688	27.296	6	4	4	4	325.623	392	47.3364	2.90554	1.10801	0.742536	7.67506	44.0721	19.1839	95.292	1	1	1	1	0	0	0	0
06.08.2015 14:53:35.416000	0.18	0.184505	0.185678	126.484	-671.688	27.2906	6	4	4	4	351.232	392	47.4174	2.97054	1.17301	0.742536	7.67546	44.6711	19.1828	97.5895	1	1	1	1	0	0	0	0
06.08.2015 14:53:35.516000	0.18	0.184505	0.185678	126.484	-671.693	27.2866	6	4	4	4	332.572	392	47.4841	3.06141	1.26388	0.742536	7.70414	44.6676	19.1775	97.5965	1	1	1	1	0	0	0	0
06.08.2015 14:53:35.616000	0.18	0.184505	0.185678	126.484	-671.691	27.2835	6	4	4	4	362.718	392	47.5677	3.17521	1.37769	0.728023	7.70448	44.6633	19.1581	97.6544	1	1	1	1	0	0	0	0
06.08.2015 14:53:35.716000	0.18	0.184505	0.185678	126.484	-671.693	27.2779	6	4	4	4	397.486	392	47.6418	3.27201	1.47448	0.727259	7.68423	44.4571	19.133	96.9611	1	1	1	1	0	0	0	0
06.08.2015 14:53:35.816000	0.18	0.184505	0.185678	126.484	-671.695	27.2748	6	4	4	4	421.174	392	47.7239	3.32568	1.52815	0.727259	7.66884	44.3759	19.0842	96.837	1	1	1	1	0	0	0	0
06.08.2015 14:53:35.916000	0.18	0.184505	0.185678	126.484	-671.69	27.2667	6	4	4	4	381.97	392	47.8069	3.34473	1.5472	0.791052	7.65043	44.3515	19.0493	96.8769	1	1	1	1	0	0	0	0
06.08.2015 14:53:36.016000	0.18	0.184505	0.185678	126.484	-671.695	27.2645	6	4	4	4	396.312	392	47.8835	3.35528	1.55775	0.802309	7.62659	44.3358	19.0264	96.9047	1	1	1	1	0	0	0	0
06.08.2015 14:53:36.116000	0.18	0.184505	0.185678	126.484	-671.688	27.2635	6	4	4	4	416.608	392	47.9726	3.35985	1.56232	0.802309	7.63877	44.2656	18.9937	96.761	1	1	1	1	0	0	0	0
06.08.2015 14:53:36.216000	0.18	0.184505	0.185678	126.484	-671.695	27.2618	6	4	4	4	418.395	392	48.0526	3.34179	1.54426	0.822445	7.63027	44.1855	18.9666	96.5582	1	1	1	1	0	0	0	0
06.08.2015 14:53:36.316000	0.18	0.184505	0.185678	126.484	-671.688	27.2606	6	4	4	4	328.314	392	48.1302	3.31894	1.52141	0.82628	7.62915	44.3038	18.9516	97.0688	1	1	1	1	0	0	0	0
06.08.2015 14:53:36.416000	0.18	0.184505	0.185678	126.492	-671.691	27.2662	6	4	4	4	331.439	392	48.2198	3.35448	1.55695	0.82628	7.67691	44.3229	18.9403	97.1849	1	1	1	1	0	0	0	0
06.08.2015 14:53:36.516000	0.18	0.184505	0.185678	126.492	-671.688	27.2743	6	4	4	4	390.639	392	48.2974	3.43124	1.63372	0.815747	7.71502	44.2388	18.912	96.9713	1	1	1	1	0	0	0	0
06.08.2015 14:53:36.616000	0.18	0.184505	0.185678	126.492	-671.691	27.2732	6	4	4	4	399.951	392	48.3824	3.48726	1.68973	0.812776	7.65501	44.0779	18.8881	96.4465	1	1	1	1	0	0	0	0
06.08.2015 14:53:36.716000	0.18	0.184505	0.185678	126.492	-671.69	27.2768	6	4	4	4	407.523	392	48.4705	3.51674	1.71921	0.812776	7.6467	44.3615	18.8476	97.6879	1	1	1	1	0	0	0	0
06.08.2015 14:53:36.816000	0.18	0.184505	0.185678	126.492	-671.691	27.283	6	4	4	4	375.837	392	48.5555	3.52858	1.73106	0.843428	7.65556	44.39	18.8147	97.9225	1	1	1	1	0	0	0	0
06.08.2015 14:53:36.916000	0.18	0.184505	0.185678	126.495	-671.688	27.2877	6	4	4	4	399.674	392	48.6401	3.54429	1.74676	0.848838	7.65845	44.157	18.7968	97.0992	1	1	1	1	0	0	0	0
06.08.2015 14:53:37.016000	0.18	0.184505	0.185678	126.492	-671.688	27.2884	6	4	4	4	328.251	392	48.7242	3.56032	1.76279	0.848838	7.64201	44.0162	18.7921	96.578	1	1	1	1	0	0	0	0
06.08.2015 14:53:37.116000	0.18	0.184505	0.185678	126.5	-671.693	27.2899	6	4	4	4	428.336	392	48.8152	3.61276	1.81523	0.863106	7.67442	43.5904	18.7623	95.062	1	1	1	1	0	0	0	0
06.08.2015 14:53:37.216000	0.18	0.184505	0.185678	126.496	-671.691	27.2938	6	4	4	4	442.994	392	48.8958	3.60907	1.81155	0.863548	7.64068	43.8131	18.7459	95.9772	1	1	1	1	0	0	0	0
06.08.2015 14:53:37.316000	0.18	0.184505	0.185678	126.5	-671.693	27.2935	6	4	4	4	349.605	392	48.9833	3.57789	1.78036	0.863851	7.62402	44.1076	18.7279	97.1737	1	1	1	1	0	0	0	0
06.08.2015 14:53:37.416000	0.18	0.184505	0.185678	126.496	-671.688	27.296	6	4	4	4	415.069	392	49.0704	3.57549	1.77796	0.86658	7.64253	44.0553	18.7038	97.066	1	1	1	1	0	0	0	0
06.08.2015 14:53:37.516000	0.18	0.184505	0.185678	126.5	-671.693	27.2956	6	4	4	4	406.58	392	49.1604	3.56218	1.76465	0.86658	7.6344	44.1354	18.6969	97.3992	1	1	1	1	0	0	0	0
06.08.2015 14:53:37.616000	0.18	0.184505	0.185678	126.5	-671.688	27.2976	6	4	4	4	393.732	392	49.2455	3.54237	1.74484	0.864767	7.6476	43.9228	18.6889	96.6159	1	1	1	1	0	0	0	0
06.08.2015 14:53:37.716000	0.18	0.184505	0.185678	126.5	-671.693	27.2917	6	4	4	4	361.083	392	49.3275	3.53412	1.73659	0.857515	7.66302	43.8583	18.6931	96.3523	1	1	1	1	0	0	0	0
06.08.2015 14:53:37.816000	0.18	0.184505	0.185678	126.496	-671.691	27.2895	6	4	4	4	391.353	392	49.4176	3.54987	1.75234	0.857515	7.67859	44.0347	18.6799	97.0786	1	1	1	1	0	0	0	0
06.08.2015 14:53:37.916000	0.18	0.184505	0.185678	126.5	-671.693	27.2808	6	4	4	4	341.685	392	49.5016	3.57215	1.77463	0.856712	7.64167	44.1227	18.6853	97.3946	1	1	1	1	0	0	0	0
06.08.2015 14:53:38.016000	0.18	0.184505	0.185678	126.5	-671.691	27.2759	6	4	4	4	397.012	392	49.5872	3.62033	1.82281	0.854745	7.63912	43.9882	18.674	96.9227	1	1	1	1	0	0	0	0
06.08.2015 14:53:38.116000	0.18	0.184505	0.185678	126.5	-671.69	27.2765	6	4	4	4	333.391	392	49.6712	3.66739	1.86986	0.854745	7.65084	44.0204	18.6706	97.0597	1	1	1	1	0	0	0	0
06.08.2015 14:53:38.216000	0.18	0.184505	0.185678	126.5	-671.695	27.2819	6	4	4	4	442.602	392	49.7648	3.73232	1.93479	0.865822	7.68984	43.9415	18.6419	96.8671	1	1	1	1	0	0	0	0
06.08.2015 14:53:38.316000	0.18	0.184505	0.185678	126.5	-671.69	27.2823	6	4	4	4	368.403	392	49.8533	3.74512	1.94759	0.878826	7.65336	44.0734	18.6348	97.3992	1	1	1	1	0	0	0	0
06.08.2015 14:53:38.416000	0.18	0.184505	0.185678	126.5	-671.691	27.2803	6	4	4	4	376.441	392	49.9404	3.76515	1.96762	0.878826	7.68119	43.7954	18.6123	96.4212	1	1	1	1	0	0	0	0
06.08.2015 14:53:38.516000	0.18	0.184505	0.185678	126.5	-671.69	27.2833	6	4	4	4	377.713	392	50.0304	3.80427	2.00674	0.889545	7.70758	43.9319	18.5864	97.0429	1	1	1	1	0	0	0	0
06.08.2015 14:53:38.616000	0.18	0.184505	0.185678	126.5	-671.691	27.2841	6	4	4	4	420.122	392	50.1189	3.84073	2.0432	0.89459	7.67593	43.6913	18.5565	96.2361	1	1	1	1	0	0	0	0
06.08.2015 14:53:38.716000	0.18	0.184505	0.185678	126.5	-671.688	27.279	6	4	4	4	362.097	392	50.2144	3.84848	2.05095	0.89459	7.63186	43.6732	18.5471	96.2027	1	1	1	1	0	0	0	0
06.08.2015 14:53:38.816000	0.18	0.184505	0.185678	126.5	-671.688	27.2732	6	4	4	4	364.724	392	50.306	3.88056	2.08303	0.906934	7.68901	43.8332	18.5208	96.9164	1	1	1	1	0	0	0	0
06.08.2015 14:53:38.916000	0.18	0.184505	0.185678	126.5	-671.69	27.2692	6	4	4	4	365.297	392	50.4005	3.91659	2.11906	0.907722	7.67063	43.7356	18.5047	96.604	1	1	1	1	0	0	0	0
06.08.2015 14:53:39.016000	0.18	0.184505	0.185678	126.5	-671.691	27.2618	6	4	4	4	405.076	392	50.491	3.9583	2.16077	0.913007	7.6873	43.7323	18.4735	96.711	1	1	1	1	0	0	0	0
06.08.2015 14:53:39.116000	0.18	0.184505	0.185678	126.5	-671.69	27.2613	6	4	4	4	394.033	392	50.586	3.98391	2.18638	0.928048	7.67639	44.4266	18.4542	99.4432	1	1	1	1	0	0	0	0
06.08.2015 14:53:39.216000	0.18	0.184505	0.185678	126.5	-671.691	27.258	6	4	4	4	429.869	392	50.679	3.99222	2.19469	0.928048	7.66476	44.1291	18.4337	98.3824	1	1	1	1	0	0	0	0
06.08.2015 14:53:39.316000	0.18	0.184505	0.185678	126.5	-671.69	27.2613	6	4	4	4	400.614	392	50.7755	3.97251	2.17498	0.94418	7.63044	43.478	18.4181	95.9491	1	1	1	1	0	0	0	0
06.08.2015 14:53:39.416000	0.18	0.184505	0.185678	126.5	-671.691	27.2629	6	4	4	4	404.531	392	50.8675	3.9441	2.14657	0.952866	7.58987	44.1924	18.4067	98.7283	1	1	1	1	0.04	0	0	0
06.08.2015 14:53:39.516000	0.18	0.184505	0.185678	126.5	-671.69	27.2692	6	4	4	4	422.97	392.164	50.9621	3.8332	2.03565	0.952866	7.61589	44.2481	18.4169	98.9024	1	1	1	1	1	0	0	0
06.08.2015 14:53:39.616000	0.18	0.184505	0.185678	126.5	-671.691	27.27	6	4	4	4	323.334	393.063	51.0546	3.68622	1.8887	0.935166	7.67057	44.1157	18.4406	98.3048	1	1	1	1	1	0	0	0
06.08.2015 14:53:39.716000	0.18	0.184505	0.185678	126.5	-671.693	27.2729	6	4	4	4	356.116	394.821	51.1406	3.78613	1.9886	0.934987	7.70049	43.5962	18.4519	96.0876	1	1	1	1	1	0	0	0
06.08.2015 14:53:39.816000	0.18	0.184505	0.185678	126.5	-671.688	27.2759	6	4	4	4	365.066	397.44	51.2336	4.0238	2.22627	0.926815	7.69002	44.1232	18.4362	97.5637	1	1	1	1	1	0	0	0
06.08.2015 14:53:39.916000	0.18	0.184505	0.185678	126.5	-671.688	27.2761	6	4	4	4	431.851	400.919	51.3311	4.3047	2.50717	0.897839	7.67772	43.1969	18.416	95.3233	1	1	1	1	1	0	0	0
06.08.2015 14:53:40.016000	0.18	0.184505	0.185678	126.5	-671.688	27.2786	6	4	4	4	468.736	405.288	51.4366	4.44396	2.64643	0.897839	7.61932	44.0069	18.3425	98.0164	1	1	1	1	1	0	0	0
06.08.2015 14:53:40.116000	0.18	0.184505	0.185678	126.5	-671.693	27.2815	6	4	4	4	470.436	410.499	51.5386	4.35072	2.55317	0.998385	7.59342	43.2536	18.277	95.6304	1	1	1	1	1	0	0	0
06.08.2015 14:53:40.216000	0.18	0.184505	0.185678	126.5	-671.688	27.283	6	4	4	4	345.583	416.571	51.6395	4.19761	2.40008	1.02352	7.60666	43.3166	18.2583	96.0331	1	1	1	1	1	0	0	0
06.08.2015 14:53:40.316000	0.18	0.184505	0.185678	126.5	-671.69	27.2783	6	4	4	4	411.76	423.497	51.7365	4.30658	2.50905	1.01585	7.65676	43.5314	18.2355	96.826	1	1	1	1	1	0	0	0
06.08.2015 14:53:40.416000	0.18	0.184505	0.185678	126.504	-671.691	27.2776	6	4	4	4	394.861	431.284	51.84	4.53913	2.7416	0.998773	7.60717	43.2951	18.1943	96.1057	1	1	1	1	1	0	0	0
06.08.2015 14:53:40.516000	0.18	0.184505	0.185678	126.503	-671.69	27.2714	6	4	4	4	449.258	439.932	51.9494	4.83509	3.03756	1.00265	7.60757	43.4006	18.1116	96.8262	1	1	1	1	1	0	0	0
06.08.2015 14:53:40.616000	0.18	0.184505	0.185678	126.5	-671.688	27.2689	6	4	4	4	430.018	449.436	52.0678	5.14355	3.34602	1.09567	7.62677	43.2019	17.9875	96.5409	1	1	1	1	1	0	0	0
06.08.2015 14:53:40.716000	0.18	0.184505	0.185678	126.505	-671.693	27.2663	6	4	4	4	446.426	459.802	52.1887	5.45843	3.6609	1.09567	7.6055	42.8283	17.851	95.6329	1	1	1	1	1	0	0	0
06.08.2015 14:53:40.816000	0.18	0.184505	0.185678	126.508	-671.695	27.2694	6	4	4	4	579.319	471.026	52.321	5.72471	3.92718	1.21212	7.5935	43.0198	17.6601	97.0971	1	1	1	1	1	0	0	0
06.08.2015 14:53:40.916000	0.18	0.184505	0.185678	126.503	-671.688	27.2718	6	4	4	4	551.838	483.109	52.4528	5.68786	3.89033	1.22536	7.54546	42.4695	17.5129	95.5537	1	1	1	1	1	0	0	0
06.08.2015 14:53:41.016000	0.18	0.184505	0.185678	126.508	-671.695	27.2721	6	4	4	4	465.672	496.054	52.5816	5.58314	3.78561	1.323	7.55932	42.4778	17.4211	95.9372	1	1	1	1	1	0	0	0
06.08.2015 14:53:41.116000	0.18	0.184505	0.185678	126.508	-671.69	27.2725	6	4	4	4	403.494	509.856	52.712	5.74643	3.9489	1.31775	7.58688	42.5425	17.3609	96.4154	1	1	1	1	1	0	0	0
06.08.2015 14:53:41.216000	0.18	0.184505	0.185678	126.508	-671.695	27.2694	6	4	4	4	473.764	524.521	52.8473	6.23822	4.44069	1.29538	7.62558	42.5089	17.2248	96.8075	1	1	1	1	1	0	0	0
06.08.2015 14:53:41.316000	0.18	0.184505	0.185678	126.505	-671.688	27.2696	6	4	4	4	547.616	540.044	52.9985	6.85569	5.05816	1.37754	7.61961	42.0286	17.0115	95.7856	1	1	1	1	1	0	0	0
06.08.2015 14:53:41.416000	0.18	0.184505	0.185678	126.508	-671.691	27.2754	6	4	4	4	618.394	556.426	53.1606	7.35128	5.55375	1.46307	7.49487	41.8744	16.7515	96.1908	1	1	1	1	1	0	0	0
06.08.2015 14:53:41.516000	0.18	0.184505	0.185678	126.508	-671.693	27.2826	6	4	4	4	540.367	573.671	53.3347	7.65789	5.86036	1.6561	7.46712	41.4422	16.4976	95.5079	1	1	1	1	1	0	0	0
06.08.2015 14:53:41.616000	0.18	0.184505	0.185678	126.508	-671.691	27.2862	6	4	4	4	566.507	591.772	53.5103	8.09136	6.29383	1.71134	7.54481	41.3304	16.2462	96.0424	1	1	1	1	1	0	0	0
06.08.2015 14:53:41.716000	0.18	0.184505	0.185678	126.508	-671.693	27.2848	6	4	4	4	630.492	610.736	53.7008	8.59751	6.79999	1.79519	7.48911	41.0194	15.9636	95.934	1	1	1	1	1	0	0	0
06.08.2015 14:53:41.816000	0.18	0.184505	0.185678	126.508	-671.691	27.2819	6	4	4	4	636.22	630.558	53.9008	9.08212	7.2846	1.91756	7.45884	40.6395	15.6854	95.5446	1	1	1	1	1	0	0	0
06.08.2015 14:53:41.916000	0.18	0.184505	0.185678	126.508	-671.693	27.2797	6	4	4	4	583.633	651.238	54.1082	9.61663	7.8191	2.02206	7.47374	40.4295	15.4269	95.7302	1	1	1	1	1	0	0	0
06.08.2015 14:53:42.016000	0.18	0.184505	0.185678	126.508	-671.688	27.2906	6	4	4	4	709.376	672.782	54.3271	10.27	8.47246	2.11234	7.48441	40.0289	15.1363	95.3088	1	1	1	1	1	0	0	0
06.08.2015 14:53:42.116000	0.18	0.184505	0.185678	126.508	-671.69	27.2938	6	4	4	4	715.474	695.184	54.5624	10.7781	8.98061	2.26562	7.43226	39.8432	14.8809	95.5757	1	1	1	1	1	0	0	0
06.08.2015 14:53:42.216000	0.18	0.184505	0.185678	126.508	-671.691	27.2971	6	4	4	4	635.715	718.443	54.8016	11.2445	9.447	2.3516	7.41757	39.6295	14.669	95.5689	1	1	1	1	1	0	0	0
06.08.2015 14:53:42.316000	0.18	0.184505	0.185678	126.508	-671.69	27.2928	6	4	4	4	709.878	742.568	55.0523	11.9582	10.1607	2.47631	7.41475	39.4208	14.434	95.6694	1	1	1	1	1	0	0	0
06.08.2015 14:53:42.416000	0.18	0.184505	0.185678	126.508	-671.688	27.289	6	4	4	4	687.04	767.549	55.3209	12.8089	11.0113	2.57405	7.32306	39.1349	14.234	95.3406	1	1	1	1	1	0	0	0
06.08.2015 14:53:42.516000	0.18	0.184505	0.185678	126.508	-671.688	27.2844	6	4	4	4	735.907	793.392	55.6089	13.8227	12.0251	2.79307	7.3661	38.8101	13.9711	95.1034	1	1	1	1	1	0	0	0
06.08.2015 14:53:42.616000	0.18	0.184505	0.185678	126.508	-671.695	27.2819	6	4	4	4	807.675	820.092	55.9198	14.8932	13.0957	3.07984	7.35995	38.5374	13.7247	95.0029	1	1	1	1	1	0	0	0
06.08.2015 14:53:42.716000	0.18	0.184505	0.185678	126.508	-671.69	27.2779	6	4	4	4	766.833	847.647	56.2516	15.8908	14.0933	3.25907	7.33932	38.2957	13.5083	94.9057	1	1	1	1	1	0	0	0
06.08.2015 14:53:42.816000	0.18	0.184505	0.185678	126.508	-671.691	27.2786	6	4	4	4	864.014	876.068	56.5998	16.9793	15.1818	3.45225	7.33666	38.0934	13.336	94.7914	1	1	1	1	1	0	0	0
06.08.2015 14:53:42.916000	0.18	0.184505	0.185678	126.508	-671.688	27.2808	6	4	4	4	1056.39	905.346	56.9724	17.8867	16.0892	3.68305	7.22624	37.9616	13.1834	94.8709	1	1	1	1	1	0	0	0
06.08.2015 14:53:43.016000	0.18	0.184505	0.185678	126.512	-671.695	27.2835	6	4	4	4	810.214	935.487	57.3574	18.4615	16.6639	3.82808	7.02966	37.8232	13.1577	94.4395	1	1	1	1	1	0	0	0
06.08.2015 14:53:43.116000	0.18	0.184505	0.185678	126.508	-671.688	27.2862	6	4	4	4	893.568	640.904	57.7498	19.3658	7.61144	3.92092	7.16092	37.7617	13.0869	94.475	1	1	1	1	1	0.56	0	0.56
06.08.2015 14:53:43.216000	0.18	0.184505	0.185678	126.512	-671.691	27.2895	6	4	4	4	2235.37	392	60.1718	19.5776	0	61.1355	7.1144	93.5386	17.4245	291.426	1	1	1	1	1	1	0.32	1
06.08.2015 14:53:43.316000	0.18	0.184505	0.185678	126.523	-671.685	27.2906	6	4	4	4	1312.35	392	62.1276	19.5776	0	83.0415	5.38198	109.423	0.559893	416.816	1	1	1	1	1	1	1	1
06.08.2015 14:53:43.416000	0.18	0.184505	0.185678	126.516	-671.703	26.4578	6	4	4	4	20.4928	392	62.1276	19.5776	0	83.0415	3.57397	120.54	0.464125	459.748	1	1	1	1	1	1	1	1
06.08.2015 14:53:43.516000	0.18	0.185937	0.185678	126.484	-671.708	21.5723	6	4	4	4	2.33096	392	62.1276	4.69863	0	83.0415	2.46249	131.388	0.376171	501.619	1	1	1	1	1	1	1	0.24
06.08.2015 14:53:43.616000	0.18	0.184505	0.185678	126.484	-671.715	16.996	6	4	4	4	0	392	62.1276	0	0	83.0415	1.61183	132.426	0.358654	505.658	1	1	1	1	1	1	1	0
06.08.2015 14:53:43.716000	0.18	0.184505	0.185678	126.49	-671.701	13.8889	6	4	4	4	0	392	62.1276	0	0	83.0415	1.27365	132.45	0.357067	505.758	1	1	1	1	1	1	1	0
06.08.2015 14:53:43.816000	0.18	0.184505	0.185678	126.488	-671.715	10.5111	6	4	4	4	0	392	62.1276	0	0	83.0415	1.03729	132.238	0.347484	504.981	1	1	1	1	1	1	1	0
06.08.2015 14:53:43.916000	0.18	0.184505	0.185678	126.458	-671.708	8.159	6	4	4	4	0	392	62.1276	0	0	83.0415	0.876346	132.236	0.349559	504.967	1	1	1	1	1	1	1	0
06.08.2015 14:53:44.016000	0.18	0.1888	0.185678	126.418	-671.715	6.42632	6	4	4	4	0	392	62.1276	0	0	83.0415	0.71781	132.175	0.34962	504.734	1	1	1	1	1	1	1	0
06.08.2015 14:53:44.116000	0.18	0.1888	0.185678	126.404	-671.716	5.61162	6	4	4	4	0	392	62.1276	0	0	83.0415	0.641385	132.108	0.343577	504.501	1	1	1	1	1	1	1	0
06.08.2015 14:53:44.216000	0.18	0.1888	0.185678	126.375	-671.699	4.33757	6	4	4	4	0.238461	392	62.1276	0	0	58.9739	0.576787	132.066	0.350352	504.312	1	1	1	1	1	1	1	0
06.08.2015 14:53:44.316000	0.18	0.1888	0.185678	126.365	-671.714	3.75326	6	4	4	4	0.247119	392	62.1276	0	0	0.0496966	0.520616	132.026	0.355052	504.141	1	1	1	1	1	1	1	0
06.08.2015 14:53:44.416000	0.18	0.1888	0.185678	126.359	-671.715	3.35124	6	4	4	4	0.269895	392	62.1276	0	0	0.0496966	0.472367	131.984	0.352916	503.99	1	1	1	1	1	1	1	0
06.08.2015 14:53:44.516000	0.18	0.1888	0.185678	126.359	-671.719	2.82986	6	4	4	4	0.286068	392	62.1276	0	0	0.0496966	0.443323	131.949	0.352855	503.856	1	1	1	1	1	1	1	0
06.08.2015 14:53:44.616000	0.18	0.1888	0.185678	126.359	-671.719	1.65582	6	4	4	4	0.227328	392	62.1276	0	0	0.0496966	0.416341	131.919	0.357494	503.723	1	1	1	1	1	1	1	0
06.08.2015 14:53:44.716000	0.18	0.1888	0.185678	126.359	-671.719	0.173611	6	4	4	4	0.246814	392	62.1276	0	0	0.0496966	0.388491	131.884	0.359447	503.58	1	1	1	1	1	1	1	0
06.08.2015 14:53:44.816000	0.18	0.1888	0.185678	126.359	-671.719	0.134549	6	4	4	4	0.271346	392	62.1276	0	0	0.0496966	0.369756	131.844	0.353465	503.452	1	1	1	1	1	1	1	0
06.08.2015 14:53:44.916000	0.18	0.1888	0.185678	126.362	-671.719	0.108507	6	4	4	4	0.272705	392	62.1276	0	0	0.0496966	0.354673	131.818	0.355113	503.345	1	1	1	1	1	1	1	0
06.08.2015 14:53:45.016000	0.18	0.1888	0.185678	126.363	-671.719	0.093316	6	4	4	4	0.263702	392	62.1276	0	0	0.0496966	0.339337	131.788	0.35548	503.229	1	1	1	1	1	1	1	0
06.08.2015 14:53:45.116000	0.18	0.1888	0.185678	126.359	-671.714	0.0777633	6	4	4	4	0.252593	392	62.1276	0	0	0.0496966	0.324219	131.759	0.353221	503.127	1	1	1	1	1	1	1	0
06.08.2015 14:53:45.216000	0.18	0.1888	0.185678	126.359	-671.715	0.0672743	6	4	4	4	0.288133	392	62.1276	0	0	0.0357816	0.314265	131.726	0.353221	503	1	1	1	1	1	1	1	0
06.08.2015 14:53:45.316000	0.18	0.1888	0.185678	126.359	-671.711	0.052445	6	4	4	4	0.284358	392	62.1276	0	0	0	0.304398	131.702	0.35432	502.904	1	1	1	1	1	1	1	0
06.08.2015 14:53:45.416000	0.18	0.1888	0.185678	126.363	-671.711	0.0423177	6	4	4	4	0.282878	392	62.1276	0	0	0	0.296803	131.679	0.357372	502.804	1	1	1	1	1	1	1	0
06.08.2015 14:53:45.516000	0.18	0.1888	0.185678	126.354	-671.711	0.0321904	6	4	4	4	0.254059	392	62.1276	0	0	0	0.289099	131.65	0.35548	502.699	1	1	1	1	1	1	1	0
06.08.2015 14:53:45.616000	0.18	0.1888	0.185678	126.328	-671.711	0.0282118	6	4	4	4	0.257726	392	62.1276	0	0	0	0.285699	131.622	0.354991	502.595	1	1	1	1	1	1	1	0
06.08.2015 14:53:45.716000	0.18	0.1888	0.185678	126.326	-671.69	0.020978	6	4	4	4	0.270373	392	62.1276	0	0	0	0.281359	131.598	0.355846	502.499	1	1	1	1	1	1	1	0
06.08.2015 14:53:45.816000	0.18	0.1888	0.185678	126.324	-671.359	0.0173611	6	4	4	4	0.311018	392	62.1276	0	0	0	0.278465	131.568	0.356456	502.384	1	1	1	1	1	1	1	0
06.08.2015 14:53:45.916000	0.18	0.1888	0.185678	126.378	-666.125	0.0133825	6	4	4	4	0.304384	392	62.1276	0	0	0	0.276331	131.542	0.355968	502.285	1	1	1	1	1	1	1	0
06.08.2015 14:53:46.016000	0.18	0.1888	0.185678	126.434	-645.043	0.0108507	6	4	4	4	0.270639	392	62.1276	0	0	0	0.275029	131.518	0.35548	502.194	1	1	1	1	1	1	1	0
06.08.2015 14:53:46.116000	0.18	0.1888	0.185678	126.438	-622.385	0.00542535	6	4	4	4	0.316202	392	62.1276	0	0	0	0.27398	131.493	0.357921	502.091	1	1	1	1	1	1	1	0
06.08.2015 14:53:46.216000	0.18	0.1888	0.185678	126.438	-598.887	0.00108507	6	4	4	4	0.321536	392	62.1276	0	0	0	0.271593	131.469	0.362621	501.98	1	1	1	1	1	1	1	0
06.08.2015 14:53:46.316000	0.18	0.1888	0.185678	126.44	-560.518	0.00072338	6	4	4	4	0.31925	392	62.1276	0	0	0	0.270797	131.443	0.361827	501.885	1	1	1	1	1	1	1	0
06.08.2015 14:53:46.416000	0.18	0.1888	0.185678	126.445	-521.5	-0.00108507	6	4	4	4	0.335103	392	62.1276	0	0	0	0.26841	131.42	0.360485	501.801	1	1	1	1	1	1	1	0
06.08.2015 14:53:46.516000	0.18	0.1888	0.185678	126.445	-483.753	-0.00289352	6	4	4	4	0.321266	392	62.1276	0	0	0	0.267867	131.4	0.361461	501.721	1	1	1	1	1	1	1	0
06.08.2015 14:53:46.616000	0.18	0.1888	0.185678	126.445	-442.211	-0.00108507	6	4	4	4	0.282754	392	62.1276	0	0	0	0.265914	131.374	0.358226	501.632	1	1	1	1	1	1	1	0
06.08.2015 14:53:46.716000	0.18	0.1888	0.185678	126.445	-382.849	-0.00108507	6	4	4	4	0.296245	392	62.1276	0	0	0	0.266385	131.334	0.363353	501.46	1	1	1	1	1	1	1	0
06.08.2015 14:53:46.816000	0.18	0.1888	0.185678	126.445	-340.215	-0.0016276	6	4	4	4	0.315416	392	62.1276	0	0	0	0.264395	131.332	0.363659	501.452	1	1	1	1	1	1	1	0
06.08.2015 14:53:46.916000	0.18	0.1888	0.185678	126.445	-297.893	-0.00072338	6	4	4	4	0.298294	392	62.1276	0	0	0	0.264793	131.31	0.362926	501.37	1	1	1	1	1	1	1	0
06.08.2015 14:53:47.016000	0.18	0.1888	0.185678	126.445	-247.352	-0.00325521	6	4	4	4	0.298772	392	62.1276	0	0	0	0.264251	131.29	0.361034	501.302	1	1	1	1	1	1	1	0
06.08.2015 14:53:47.116000	0.18	0.1888	0.185678	126.445	-197.115	-0.00506366	6	4	4	4	0.31613	392	62.1276	0	0	0	0.264395	131.268	0.362377	501.21	1	1	1	1	1	1	1	0
06.08.2015 14:53:47.216000	0.18	0.1888	0.185678	126.445	-155.219	-0.00651042	6	4	4	4	0.326396	392	62.1276	0	0	0	0.263961	131.245	0.364574	501.114	1	1	1	1	1	1	1	0
06.08.2015 14:53:47.316000	0.18	0.1888	0.185678	126.445	-113.594	-0.00687211	6	4	4	4	0.325857	392	62.1276	0	0	0	0.262623	131.219	0.365184	501.013	1	1	1	1	1	1	1	0
06.08.2015 14:53:47.416000	0.18	0.1888	0.185678	126.445	-63.4531	-0.00705295	6	4	4	4	0.314934	392	62.1276	0	0	0	0.263346	131.201	0.36256	500.954	1	1	1	1	1	1	1	0
06.08.2015 14:53:47.516000	0.18	0.1888	0.185678	126.445	-13.5469	-0.00506366	6	4	4	4	0.313957	392	62.1276	0	0	0	0.261791	131.182	0.360118	500.89	1	1	1	1	1	1	1	0
06.08.2015 14:53:47.616000	0.18	0.1888	0.185678	126.445	28.1133	-0.00434028	6	4	4	4	0.310273	392	62.1276	0	0	0	0.262442	131.162	0.363048	500.803	1	1	1	1	1	1	1	0
06.08.2015 14:53:47.716000	0.18	0.1888	0.185678	126.445	69.4036	-0.00434028	6	4	4	4	0.318245	392	62.1276	0	0	0	0.261936	131.137	0.365062	500.701	1	1	1	1	1	1	1	0
06.08.2015 14:53:47.816000	0.18	0.1888	0.185678	126.445	127.73	-0.00596788	6	4	4	4	0.307743	392	62.1276	0	0	0	0.263419	131.121	0.366161	500.633	1	1	1	1	1	1	1	0
06.08.2015 14:53:47.916000	0.18	0.1888	0.185678	126.445	168.992	-0.00687211	6	4	4	4	0.315671	392	62.1276	0	0	0	0.26237	131.1	0.366771	500.553	1	1	1	1	1	1	1	0
06.08.2015 14:53:48.016000	0.18	0.1888	0.185678	126.445	210.277	-0.00922309	6	4	4	4	0.297843	392	62.1276	0	0	0	0.263202	131.08	0.36671	500.475	1	1	1	1	1	1	1	0
06.08.2015 14:53:48.116000	0.18	0.1888	0.185678	126.445	257.224	-0.00868056	6	4	4	4	0.328757	392	62.1276	0	0	0	0.263491	131.061	0.367321	500.401	1	1	1	1	1	1	1	0
06.08.2015 14:53:48.216000	0.18	0.1888	0.185678	126.445	309.742	-0.00868056	6	4	4	4	0.311759	392	62.1276	0	0	0	0.264178	131.043	0.367016	500.331	1	1	1	1	1	1	1	0
06.08.2015 14:53:48.316000	0.18	0.1888	0.185678	126.445	351.219	-0.00614873	6	4	4	4	0.311601	392	62.1276	0	0	0	0.263238	131.023	0.366894	500.255	1	1	1	1	1	1	1	0
06.08.2015 14:53:48.416000	0.18	0.1888	0.185678	126.445	392.445	-0.00759549	6	4	4	4	0.290942	392	62.1276	0	0	0	0.263093	131.004	0.368236	500.18	1	1	1	1	1	1	1	0
06.08.2015 14:53:48.516000	0.18	0.1888	0.185678	126.445	444.156	-0.00651042	6	4	4	4	0.291796	392	62.1276	0	0	0	0.264142	130.983	0.370556	500.09	1	1	1	1	1	1	1	0
06.08.2015 14:53:48.616000	0.18	0.1888	0.185678	126.445	490.043	-0.00651042	6	4	4	4	0.287834	392	62.1276	0	0	0	0.263636	130.96	0.370128	500.001	1	1	1	1	1	1	1	0
06.08.2015 14:53:48.716000	0.18	0.1888	0.185678	126.445	530.534	-0.00904225	6	4	4	4	0.307404	392	62.1276	0	0	0	0.26407	130.939	0.367687	499.931	1	1	1	1	1	1	1	0
06.08.2015 14:53:48.816000	0.18	0.1888	0.185678	126.445	569.453	-0.00922309	6	4	4	4	0.28159	392	62.1276	0	0	0	0.263202	130.918	0.369945	499.841	1	1	1	1	1	1	1	0
06.08.2015 14:53:48.916000	0.18	0.1888	0.185678	126.445	611.982	-0.00759549	6	4	4	4	0.318085	392	62.1276	0	0	0	0.264576	130.902	0.370251	499.781	1	1	1	1	1	1	1	0
06.08.2015 14:53:49.016000	0.18	0.1888	0.185678	126.445	636.645	-0.00705295	6	4	4	4	0.291955	392	62.1276	0	0	0	0.263491	130.881	0.368175	499.706	1	1	1	1	1	1	1	0
06.08.2015 14:53:49.116000	0.18	0.1888	0.185678	126.445	655.471	-0.00506366	6	4	4	4	0.3321	392	62.1276	0	0	0	0.264251	130.861	0.370006	499.623	1	1	1	1	1	1	1	0
06.08.2015 14:53:49.216000	0.18	0.1888	0.185678	126.449	667.984	-0.00542535	6	4	4	4	0.350643	392	62.1276	0	0	0	0.2636	130.845	0.370495	499.559	1	1	1	1	1	1	1	0
06.08.2015 14:53:49.316000	0.18	0.1888	0.185678	126.445	673.198	-0.00506366	6	4	4	4	0.331861	392	62.1276	0	0	0	0.265082	130.825	0.369823	499.487	1	1	1	1	1	1	1	0
06.08.2015 14:53:49.416000	0.18	0.1888	0.185678	126.445	674.754	-0.00488281	6	4	4	4	0.324113	392	62.1276	0	0	0	0.263853	130.806	0.372326	499.405	1	1	1	1	1	1	1	0
06.08.2015 14:53:49.516000	0.18	0.1888	0.185678	126.435	674.924	-0.00470197	6	4	4	4	0.314804	392	62.1276	0	0	0	0.264214	130.787	0.372387	499.331	1	1	1	1	1	1	1	0
06.08.2015 14:53:49.616000	0.18	0.1888	0.185678	126.434	674.945	-0.00542535	6	4	4	4	0.329224	392	62.1276	0	0	0	0.264431	130.769	0.371532	499.264	1	1	1	1	1	1	1	0
06.08.2015 14:53:49.716000	0.18	0.1888	0.185678	126.44	674.945	-0.00253183	6	4	4	4	0.335146	392	62.1276	0	0	0	0.264214	130.758	0.370128	499.228	1	1	1	1	1	1	1	0
06.08.2015 14:53:49.816000	0.18	0.1888	0.185678	126.434	674.93	-0.0016276	6	4	4	4	0.316028	392	62.1276	0	0	0	0.264431	130.739	0.373974	499.142	1	1	1	1	1	1	1	0
06.08.2015 14:53:49.916000	0.18	0.1888	0.185678	126.323	674.977	-0.00144676	6	4	4	4	0.310096	392	62.1276	0	0	0	0.263766	130.815	0.374218	499.43	1	1	1	1	1	1	1	0
06.08.2015 14:53:50.016000	0.18	0.1888	0.185678	126.359	675.059	-0.0016276	6	4	4	4	0.30958	392	62.1276	0	0	0	0.26577	130.696	0.374584	498.975	1	1	1	1	1	1	1	0
06.08.2015 14:53:50.116000	0.18	0.1888	0.185678	126.37	675.065	-0.00108507	6	4	4	4	0.327223	392	62.1276	0	0	0	0.264612	130.676	0.376291	498.891	1	1	1	1	1	1	1	0
06.08.2015 14:53:50.216000	0.18	0.1888	0.185678	126.371	675.035	-0.00108507	6	4	4	4	0.290022	392	62.1276	0	0	0	0.265893	130.656	0.370495	498.836	1	1	1	1	1	1	1	0
06.08.2015 14:53:50.316000	0.18	0.1888	0.185678	126.372	675.049	-0.00108507	6	4	4	4	0.323346	392	62.1276	0	0	0	0.265459	130.637	0.371044	498.762	1	1	1	1	1	1	1	0
06.08.2015 14:53:50.416000	0.18	0.1888	0.185678	126.375	675.012	-0.00217014	6	4	4	4	0.300614	392	62.1276	0	0	0	0.266551	130.619	0.374513	498.678	1	1	1	1	1	1	1	0
06.08.2015 14:53:50.516000	0.18	0.1888	0.185678	126.375	675.052	0.00072338	6	4	4	4	0.300409	392	62.1276	0	0	0	0.265278	130.602	0.376342	498.611	1	1	1	1	1	1	1	0
06.08.2015 14:53:50.616000	0.18	0.1888	0.185678	126.375	675.012	0.00108507	6	4	4	4	0.314554	392	62.1276	0	0	0	0.265784	130.589	0.377272	498.556	1	1	1	1	1	1	1	0
06.08.2015 14:53:50.716000	0.18	0.1888	0.185678	126.375	675.018	-0.00253183	6	4	4	4	0.288016	392	62.1276	0	0	0	0.266334	130.571	0.375011	498.494	1	1	1	1	1	1	1	0
06.08.2015 14:53:50.816000	0.18	0.1888	0.185678	126.457	675.016	-0.00108507	6	4	4	4	0.315838	392	62.1276	0	0	0	0.266073	130.553	0.377392	498.417	1	1	1	1	1	1	1	0
06.08.2015 14:53:50.916000	0.18	0.1888	0.185678	126.44	675.076	-0.00144676	6	4	4	4	0.28048	392	62.1276	0	0	0	0.26658	130.541	0.378735	498.367	1	1	1	1	1	1	1	0
06.08.2015 14:53:51.016000	0.18	0.1888	0.185678	126.438	674.992	-0.00108507	6	4	4	4	0.32902	392	62.1276	0	0	0	0.266102	130.521	0.377636	498.294	1	1	1	1	1	1	1	0
06.08.2015 14:53:51.116000	0.18	0.1888	0.185678	126.43	675.076	-0.00108507	6	4	4	4	0.329327	392	62.1276	0	0	0	0.268084	130.502	0.378185	498.218	1	1	1	1	1	1	1	0
06.08.2015 14:53:51.216000	0.18	0.1888	0.185678	126.426	675.117	-0.0016276	6	4	4	4	0.289455	392	62.1276	0	0	0	0.267014	130.485	0.378246	498.154	1	1	1	1	1	1	1	0
06.08.2015 14:53:51.316000	0.18	0.1888	0.185678	126.43	675.083	-0.00506366	6	4	4	4	0.297062	392	62.1276	0	0	0	0.26833	130.472	0.37788	498.103	1	1	1	1	1	1	1	0
06.08.2015 14:53:51.416000	0.18	0.1888	0.185678	126.43	675.063	-0.00488281	6	4	4	4	0.343022	392	62.1276	0	0	0	0.268316	130.455	0.379101	498.036	1	1	1	1	1	1	1	0
06.08.2015 14:53:51.516000	0.18	0.1888	0.185678	126.43	675.052	-0.00542535	6	4	4	4	0.310626	392	62.1276	0	0	0	0.268721	130.437	0.378002	497.969	1	1	1	1	1	1	1	0
06.08.2015 14:53:51.616000	0.18	0.1888	0.185678	126.43	675.047	-0.00488281	6	4	4	4	0.323853	392	62.1276	0	0	0	0.268504	130.42	0.376171	497.913	1	1	1	1	1	1	1	0
06.08.2015 14:53:51.716000	0.18	0.1888	0.185678	126.427	675.042	-0.00506366	6	4	4	4	0.307168	392	62.1276	0	0	0	0.268576	130.404	0.374584	497.856	1	1	1	1	1	1	1	0
06.08.2015 14:53:51.816000	0.18	0.1888	0.185678	126.43	675.023	-0.00488281	6	4	4	4	0.326881	392	62.1276	0	0	0	0.269039	130.391	0.372753	497.813	1	1	1	1	1	1	1	0
06.08.2015 14:53:51.916000	0.18	0.1888	0.185678	126.43	675.023	-0.00506366	6	4	4	4	0.311371	392	62.1276	0	0	0	0.268533	130.377	0.376293	497.746	1	1	1	1	1	1	1	0
06.08.2015 14:53:52.016000	0.18	0.1888	0.185678	126.43	675.023	-0.00542535	6	4	4	4	0.316921	392	62.1276	0	0	0	0.268605	130.358	0.376659	497.674	1	1	1	1	1	1	1	0
06.08.2015 14:53:52.116000	0.18	0.1888	0.185678	126.43	675.016	-0.00614873	6	4	4	4	0.308411	392	62.1276	0	0	0	0.26794	130.34	0.377453	497.601	1	1	1	1	1	1	1	0
06.08.2015 14:53:52.216000	0.18	0.1888	0.185678	126.43	675.023	-0.00705295	6	4	4	4	0.314863	392	62.1276	0	0	0	0.269387	130.323	0.374889	497.545	1	1	1	1	1	1	1	0
06.08.2015 14:53:52.316000	0.18	0.1888	0.185678	126.43	675.021	-0.0072338	6	4	4	4	0.326191	392	62.1276	0	0	0	0.26794	130.307	0.374096	497.488	1	1	1	1	1	1	1	0
06.08.2015 14:53:52.416000	0.18	0.1888	0.185678	126.43	675.008	-0.00705295	6	4	4	4	0.313729	392	62.1276	0	0	0	0.268432	130.294	0.375927	497.429	1	1	1	1	1	1	1	0
06.08.2015 14:53:52.516000	0.18	0.1888	0.185678	126.43	675.021	-0.0072338	6	4	4	4	0.296273	392	62.1276	0	0	0	0.267737	130.276	0.375866	497.361	1	1	1	1	1	1	1	0
06.08.2015 14:53:52.616000	0.18	0.1888	0.185678	126.43	675	-0.00976563	6	4	4	4	0.309324	392	62.1276	0	0	0	0.268721	130.26	0.377148	497.297	1	1	1	1	1	1	1	0
06.08.2015 14:53:52.716000	0.18	0.1888	0.185678	126.43	675	-0.00687211	6	4	4	4	0.321476	392	62.1276	0	0	0	0.267737	130.243	0.375744	497.235	1	1	1	1	1	1	1	0
06.08.2015 14:53:52.816000	0.18	0.1888	0.185678	126.43	675	-0.00651042	6	4	4	4	0.328772	392	62.1276	0	0	0	0.267477	130.232	0.375378	497.194	1	1	1	1	1	1	1	0
06.08.2015 14:53:52.916000	0.18	0.1888	0.185678	126.43	674.995	-0.0072338	6	4	4	4	0.306221	392	62.1276	0	0	0	0.267781	130.212	0.3755	497.119	1	1	1	1	1	1	1	0
06.08.2015 14:53:53.016000	0.18	0.1888	0.185678	126.43	675	-0.00976563	6	4	4	4	0.335993	392	62.1276	0	0	0	0.267231	130.197	0.375622	497.06	1	1	1	1	1	1	1	0
06.08.2015 14:53:53.116000	0.18	0.1888	0.185678	126.43	674.992	-0.00687211	6	4	4	4	0.312821	392	62.1276	0	0	0	0.267405	130.183	0.377148	496.999	1	1	1	1	1	1	1	0
06.08.2015 14:53:53.216000	0.18	0.1888	0.185678	126.43	674.992	-0.00759549	6	4	4	4	0.293154	392	62.1276	0	0	0	0.266638	130.166	0.375805	496.942	1	1	1	1	1	1	1	0
06.08.2015 14:53:53.316000	0.18	0.1888	0.185678	126.43	674.984	-0.00904225	6	4	4	4	0.304781	392	62.1276	0	0	0	0.267506	130.151	0.37788	496.875	1	1	1	1	1	1	1	0
06.08.2015 14:53:53.416000	0.18	0.1888	0.185678	126.43	674.984	-0.0113932	6	4	4	4	0.315847	392	62.1276	0	0	0	0.26616	130.135	0.378124	496.815	1	1	1	1	1	1	1	0
06.08.2015 14:53:53.516000	0.18	0.1888	0.185678	126.43	674.984	-0.0112124	6	4	4	4	0.31123	392	62.1276	0	0	0	0.266739	130.12	0.378368	496.756	1	1	1	1	1	1	1	0
06.08.2015 14:53:53.616000	0.18	0.1888	0.185678	126.43	674.984	-0.0113932	6	4	4	4	0.303276	392	62.1276	0	0	0	0.265856	130.104	0.376232	496.701	1	1	1	1	1	1	1	0
06.08.2015 14:53:53.716000	0.18	0.1888	0.185678	126.43	674.984	-0.0115741	6	4	4	4	0.30044	392	62.1276	0	0	0	0.267419	130.093	0.379223	496.647	1	1	1	1	1	1	1	0
06.08.2015 14:53:53.816000	0.18	0.1888	0.185678	126.43	674.984	-0.0113932	6	4	4	4	0.317774	392	62.1276	0	0	0	0.265856	130.076	0.37727	496.592	1	1	1	1	1	1	1	0
06.08.2015 14:53:53.916000	0.18	0.1888	0.185678	126.43	674.979	-0.0115741	6	4	4	4	0.291509	392	62.1276	0	0	0	0.266305	130.058	0.378674	496.517	1	1	1	1	1	1	1	0
06.08.2015 14:53:54.016000	0.18	0.1888	0.185678	126.43	674.98	-0.0113932	6	4	4	4	0.300649	392	62.1276	0	0	0	0.26658	130.046	0.378368	496.473	1	1	1	1	1	1	1	0
06.08.2015 14:53:54.116000	0.18	0.1888	0.185678	126.43	674.971	-0.0115741	6	4	4	4	0.304489	392	62.1276	0	0	0	0.266319	130.031	0.381054	496.404	1	1	1	1	1	1	1	0
06.08.2015 14:53:54.216000	0.18	0.1888	0.185678	126.43	674.977	-0.0124783	6	4	4	4	0.310745	392	62.1276	0	0	0	0.266088	130.016	0.386486	496.324	1	1	1	1	1	1	1	0
06.08.2015 14:53:54.316000	0.18	0.1888	0.185678	126.43	674.961	-0.0115741	6	4	4	4	0.337018	392	62.1276	0	0	0	0.265871	130.001	0.387951	496.264	1	1	1	1	1	1	1	0
06.08.2015 14:53:54.416000	0.18	0.1888	0.185678	126.43	674.961	-0.0113932	6	4	4	4	0.317284	392	62.1276	0	0	0	0.267405	129.988	0.39967	496.169	1	1	1	1	1	1	1	0
06.08.2015 14:53:54.516000	0.18	0.1888	0.185678	126.43	674.961	-0.0108507	6	4	4	4	0.296758	392	62.1276	0	0	0	0.26616	129.972	0.413953	496.053	1	1	1	1	1	1	1	0
06.08.2015 14:53:54.616000	0.18	0.1888	0.185678	126.43	674.984	-0.0108507	6	4	4	4	0.318808	392	62.1276	0	0	0	0.267028	129.957	0.427381	495.945	1	1	1	1	1	1	1	0
06.08.2015 14:53:54.716000	0.18	0.1888	0.185678	126.43	674.987	-0.0112124	6	4	4	4	0.283618	392	62.1276	0	0	0	0.266623	129.945	0.437269	495.858	1	1	1	1	1	1	1	0
06.08.2015 14:53:54.816000	0.18	0.1888	0.185678	126.43	674.992	-0.00922309	6	4	4	4	0.292863	392	62.1276	0	0	0	0.268186	129.931	0.447401	495.767	1	1	1	1	1	1	1	0
06.08.2015 14:53:54.916000	0.18	0.1888	0.185678	126.43	674.992	-0.00940393	6	4	4	4	0.286911	392	62.1276	0	0	0	0.267115	129.915	0.460952	495.653	1	1	1	1	1	1	1	0
06.08.2015 14:53:55.016000	0.18	0.1888	0.185678	126.43	674.996	-0.00705295	6	4	4	4	0.308987	392	62.1276	0	0	0	0.267231	129.902	0.473647	495.555	1	1	1	1	1	1	1	0
06.08.2015 14:53:55.116000	0.18	0.1888	0.185678	126.43	675	-0.0072338	6	4	4	4	0.311678	392	62.1276	0	0	0	0.267781	129.892	0.483718	495.479	1	1	1	1	1	1	1	0
06.08.2015 14:53:55.216000	0.18	0.1888	0.185678	126.43	675	-0.00705295	6	4	4	4	0.294216	392	62.1276	0	0	0	0.267708	129.874	0.494278	495.369	1	1	1	1	1	1	1	0
06.08.2015 14:53:55.316000	0.18	0.1888	0.185678	126.43	674.997	-0.00904225	6	4	4	4	0.301727	392	62.1276	0	0	0	0.267549	129.862	0.504532	495.285	1	1	1	1	1	1	1	0
06.08.2015 14:53:55.416000	0.18	0.1888	0.185678	126.43	675	-0.00868056	6	4	4	4	0.310323	392	62.1276	0	0	0	0.267361	129.85	0.512894	495.206	1	1	1	1	1	1	1	0
06.08.2015 14:53:55.516000	0.18	0.1888	0.185678	126.43	675	-0.0072338	6	4	4	4	0.290714	392	62.1276	0	0	0	0.268851	129.836	0.521134	495.122	1	1	1	1	1	1	1	0
06.08.2015 14:53:55.616000	0.18	0.1888	0.185678	126.43	675	-0.00759549	6	4	4	4	0.316618	392	62.1276	0	0	0	0.267607	129.819	0.52504	495.039	1	1	1	1	1	1	1	0
06.08.2015 14:53:55.716000	0.18	0.1888	0.185678	126.43	675	-0.0072338	6	4	4	4	0.310239	392	62.1276	0	0	0	0.268186	129.809	0.529496	494.985	1	1	1	1	1	1	1	0
06.08.2015 14:53:55.816000	0.18	0.1888	0.185678	126.43	675	-0.00759549	6	4	4	4	0.30203	392	62.1276	0	0	0	0.267303	129.797	0.533464	494.926	1	1	1	1	1	1	1	0
06.08.2015 14:53:55.916000	0.18	0.1888	0.185678	126.43	675.023	-0.0072338	6	4	4	4	0.290249	392	62.1276	0	0	0	0.268576	129.78	0.535356	494.851	1	1	1	1	1	1	1	0
06.08.2015 14:53:56.016000	0.18	0.1888	0.185678	126.43	675.023	-0.00434028	6	4	4	4	0.311928	392	62.1276	0	0	0	0.267115	129.765	0.544267	494.761	1	1	1	1	1	1	1	0
06.08.2015 14:53:56.116000	0.18	0.1888	0.185678	126.43	675.023	-0.00470197	6	4	4	4	0.31752	392	62.1276	0	0	0	0.267896	129.75	0.547075	494.691	1	1	1	1	1	1	1	0
06.08.2015 14:53:56.216000	0.18	0.1888	0.185678	126.43	675.035	-0.00434028	6	4	4	4	0.321779	392	62.1276	0	0	0	0.26807	129.738	0.553545	494.622	1	1	1	1	1	1	1	0
06.08.2015 14:53:56.316000	0.18	0.1888	0.185678	126.43	675.047	-0.00542535	6	4	4	4	0.311937	392	62.1276	0	0	0	0.268099	129.732	0.558489	494.58	1	1	1	1	1	1	1	0
06.08.2015 14:53:56.416000	0.18	0.1888	0.185678	126.367	675.016	-0.00542535	6	4	4	4	0.323227	392	62.1276	0	0	0	0.267593	129.717	0.557024	494.527	1	1	1	1	1	1	1	0
06.08.2015 14:53:56.516000	0.18	0.1888	0.185678	126.279	675.068	-0.00506366	6	4	4	4	0.3193	392	62.1276	0	0	0	0.265885	129.703	0.566851	494.438	1	1	1	1	1	1	1	0
06.08.2015 14:53:56.616000	0.18	0.1888	0.185678	126.277	675.059	-0.00542535	6	4	4	4	0.312689	392	62.1276	0	0	0	0.265958	129.688	0.573809	494.353	1	1	1	1	1	1	1	0
06.08.2015 14:53:56.716000	0.18	0.1888	0.185678	126.276	675.047	-0.00542535	6	4	4	4	0.337915	392	62.1276	0	0	0	0.264627	129.679	0.583392	494.282	1	1	1	1	1	1	1	0
06.08.2015 14:53:56.816000	0.18	0.1888	0.185678	126.277	675.055	-0.00542535	6	4	4	4	0.316076	392	62.1276	0	0	0	0.264612	129.667	0.588824	494.213	1	1	1	1	1	1	1	0
06.08.2015 14:53:56.916000	0.18	0.1888	0.185678	126.281	675.049	-0.00614873	6	4	4	4	0.28798	392	62.1276	0	0	0	0.263788	129.652	0.597369	494.125	1	1	1	1	1	1	1	0
06.08.2015 14:53:57.016000	0.18	0.1888	0.185678	126.277	675.047	-0.00488281	6	4	4	4	0.305671	392	62.1276	0	0	0	0.264569	129.632	0.600543	494.036	1	1	1	1	1	1	1	0
06.08.2015 14:53:57.116000	0.18	0.1888	0.185678	126.271	675.102	-0.00470197	6	4	4	4	0.316234	392	62.1276	0	0	0	0.26292	129.633	0.605365	494.021	1	1	1	1	1	1	1	0
06.08.2015 14:53:57.216000	0.18	0.1888	0.185678	126.273	675.063	-0.00488281	6	4	4	4	0.293209	392	62.1276	0	0	0	0.263426	129.613	0.602008	493.958	1	1	1	1	1	1	1	0
06.08.2015 14:53:57.316000	0.18	0.1888	0.185678	126.273	675.078	-0.00470197	6	4	4	4	0.309936	392	62.1276	0	0	0	0.262529	129.608	0.603107	493.933	1	1	1	1	1	1	1	0
06.08.2015 14:53:57.416000	0.18	0.1888	0.185678	126.336	675.063	-0.00542535	6	4	4	4	0.316618	392	62.1276	0	0	0	0.262934	129.536	0.603107	493.658	1	1	1	1	1	1	1	0
06.08.2015 14:53:57.516000	0.18	0.1888	0.185678	126.393	675.078	-0.00434028	6	4	4	4	0.305586	392	62.1276	0	0	0	0.261661	129.574	0.60213	493.809	1	1	1	1	1	1	1	0
06.08.2015 14:53:57.616000	0.18	0.1888	0.185678	126.391	675.094	-0.00488281	6	4	4	4	0.29553	392	62.1276	0	0	0	0.26169	129.561	0.600299	493.765	1	1	1	1	1	1	1	0
06.08.2015 14:53:57.716000	0.18	0.1888	0.185678	126.398	675.081	-0.00542535	6	4	4	4	0.309716	392	62.1276	0	0	0	0.261372	129.547	0.600726	493.71	1	1	1	1	1	1	1	0
06.08.2015 14:53:57.816000	0.18	0.1888	0.185678	126.398	675.086	-0.00434028	6	4	4	4	0.301163	392	62.1276	0	0	0	0.26072	129.537	0.600116	493.674	1	1	1	1	1	1	1	0
06.08.2015 14:53:57.916000	0.18	0.1888	0.185678	126.404	675.073	-0.00180845	6	4	4	4	0.318086	392	62.1276	0	0	0	0.260272	129.52	0.60152	493.602	1	1	1	1	1	1	1	0
06.08.2015 14:53:58.016000	0.18	0.1888	0.185678	126.406	675.078	-0.0016276	6	4	4	4	0.300498	392	62.1276	0	0	0	0.259404	129.507	0.603168	493.548	1	1	1	1	1	1	1	0
06.08.2015 14:53:58.116000	0.18	0.1888	0.185678	126.404	675.068	-0.00144676	6	4	4	4	0.309461	392	62.1276	0	0	0	0.260851	129.495	0.600787	493.511	1	1	1	1	1	1	1	0
06.08.2015 14:53:58.216000	0.18	0.1888	0.185678	126.406	675.07	-0.00217014	6	4	4	4	0.325736	392	62.1276	0	0	0	0.258927	129.484	0.602496	493.461	1	1	1	1	1	1	1	0
06.08.2015 14:53:58.316000	0.18	0.1888	0.185678	126.406	675.081	-0.00144676	6	4	4	4	0.316061	392	62.1276	0	0	0	0.259462	129.471	0.601093	493.416	1	1	1	1	1	1	1	0
06.08.2015 14:53:58.416000	0.18	0.1888	0.185678	126.406	675.086	0.000542535	6	4	4	4	0.31176	392	62.1276	0	0	0	0.258377	129.453	0.602191	493.346	1	1	1	1	1	1	1	0
06.08.2015 14:53:58.516000	0.18	0.1888	0.185678	126.406	675.086	0.00108507	6	4	4	4	0.306086	392	62.1276	0	0	0	0.259995	129.448	0.605284	493.314	1	1	1	1	1	1	1	0
