Time	[76:0]	[76:1]	[76:2]	[76:4]	[76:8]	[76:70]	[76:71]	[78:0]	[78:1]	[78:2]	[79:2]	[79:3]	[79:4]	[79:8]	[79:9]	[79:10]	[79:11]	[79:12]	[79:13]	[79:14]	[79.0]	[79.1]	[79.2]	[79.3]	[79.4]	[79.5]	[79.6]	[79.8]
time	Hoogteverstelling - Referentie positie (mm)	Hoogteverstelling - AZ gemeten positie (mm)	Hoogteverstelling - BZ gemeten positie (mm)	Transfert Ingang - Gemeten positie (mm)	Transfert Uitgang - Gemeten positie (mm)	Aardgas - actueel debiet	Stappenschakelaar - gemeten pos	Laspos Ing - positie discreet	Laspos Uitg - positie discreet	Schaafverstelling - positie discreet	Stuikraam - Totale Stroommeting RMS-waarde (A)	Stuikraam - Stroomreferentie (A)	Stuikraam - Positie AZ (mm, pulsgever)	Stuikraam - Referentie Servo-ventiel (%)	Stuikraam - Trim door I-regelaar (%)	Stuikraam - Gemeten snelheid (mm/s, pulsgever)	Secundaire lasspanning	Stuikraam - Druk stuikcilinder voorkamer (=laszijde)  (bar)	Stuikraam - Druk stuikcilinder terugloopkamer  (bar)	Stuikraam - Netto voorwaartse kracht op stuikraam (kN)	Stuikraam - P1	Stuikraam - P2	Stuikraam - P3	Stuikraam - P4	Stuikraam - P5	Stuikraam - P6	Stuikraam - P7	Stuikraam - Openen stuikventielen	

Lasparameter.Ingang - Coil ID	0320216S
Lasparameter.Ingang - Dikte (um)	3920
Lasparameter.Ingang - Breedte (mm)	1564
Lasparameter.Ingang - Materiaal	0001
Lasparameter.Uitgang - Coil ID	0320215S
Lasparameter.Uitgang - Dikte (um)	3920
Lasparameter.Uitgang - Breedte (mm)	1565
Lasparameter.Uitgang - Materiaal	0001
Lasparameter.P2 (mm)	24.0
Lasparameter.P3 (mm)	34.0
Lasparameter.P4 (mm)	42.1
Lasparameter.P5 (mm)	51.0
Lasparameter.P6 (mm)	57.8
Lasparameter.P7 (mm)	62.1
Lasparameter.Vonksnelheid (mm/s)	1.20
Lasparameter.Lassnelheid (mm/s)	0.48
Lasparameter.Stroom Referentie (A)	0363
Lasparameter.Stroomtoename (µA/s2)	47.5
Lasparameter.Stuikstroomtijd (per)	0008
Lasparameter.Afkoeltijd Stuik (per)	0010
Lasparameter.Stuikdruk (bar)	0109
Lasparameter.Stuiksnelheid (%)	90.0

07.08.2015 00:08:47.400000	0	-0.00428328	-0.00849238	0.0507813	0.0195313	-0.00108507	6	4	4	4	0.315763	363	0	0	0	0	0.415661	3.18973	125.077	-466.684	1	0	0	0	0	0	0	0
07.08.2015 00:08:47.500000	0	-0.00428328	-0.00849238	0.0390625	0.105469	0.00108507	6	4	4	4	0.319188	363	0	0	0	0	0.416717	2.51131	125	-468.986	1	0	0	0	0	0	0	0
07.08.2015 00:08:47.600000	0	-0.00428328	-0.00849238	0.0390625	-0.0494792	0.00072338	6	4	4	4	0.313003	363	0	0	0	0	0.417195	2.5016	124.981	-468.949	1	0	0	0	0	0	0	0
07.08.2015 00:08:47.700000	0	-0.00428328	-0.00849238	0.0390625	-0.515625	0.00108507	6	4	4	4	0.299516	363	0	0	0	0	0.416717	2.53523	124.967	-468.765	1	0	0	0	0	0	0	0
07.08.2015 00:08:47.800000	0	-0.00428328	-0.00849238	0.0416667	-1.88802	0.00072338	6	4	4	4	0.286625	363	0	0	0	0	0.417195	2.91177	124.954	-467.276	1	0	0	0	0	0	0	0
07.08.2015 00:08:47.900000	0	-0.00428328	-0.00849238	0.0429688	-13.5664	0.00108507	6	4	4	4	0.306406	363	0	0	0	0	0.416717	3.68163	124.955	-464.331	1	0	0	0	0	0	0	0
07.08.2015 00:08:48.000000	0	-0.00428328	-0.00849238	0	-32.7604	0.00072338	6	4	4	4	0.335873	363	0	0	0	0	0.417585	4.75478	124.999	-460.389	1	0	0	0	0	0	0	0
07.08.2015 00:08:48.100000	0	-0.00428328	-0.00849238	-0.0117188	-54.2344	0.000542535	6	4	4	4	0.322941	363	0	0	0	0	0.418895	7.29142	125.075	-450.971	1	0	0	0	0	0	0	0
07.08.2015 00:08:48.200000	0	-0.00428328	-0.00849238	0	-83.5417	0.00108507	6	4	4	4	0.326467	363	0	0	0	0	0.420718	3.70605	124.98	-464.332	1	0	0	0	0	0	0	0
07.08.2015 00:08:48.300000	0	-0.00428328	-0.00849238	0	-122.453	0.000542535	6	4	4	4	0.286501	363	0	0	0	0	0.422027	3.11924	124.925	-466.369	1	0	0	0	0	0	0	0
07.08.2015 00:08:48.400000	0	-0.00428328	-0.00849238	0	-158.003	0.00108507	6	4	4	4	0.271824	363	0	0	0	0	0.423857	4.29798	124.925	-461.857	1	0	0	0	0	0	0	0
07.08.2015 00:08:48.500000	0	-0.00428328	-0.00849238	0	-196.414	0.00108507	6	4	4	4	0.305024	363	0	0	0	0	0.425253	5.656	124.949	-456.751	1	0	0	0	0	0	0	0
07.08.2015 00:08:48.600000	0	-0.00428328	-0.00849238	0	-247.688	0.00108507	6	4	4	4	0.352139	363	0	0	0	0	0.425543	4.5298	124.9	-460.875	1	0	0	0	0	0	0	0
07.08.2015 00:08:48.700000	0	-0.00428328	-0.00849238	0	-293.223	0	6	4	4	4	0.341801	363	0	0	0	0	0.426071	5.79833	124.937	-456.159	1	0	0	0	0	0	0	0
07.08.2015 00:08:48.800000	0	-0.00428328	-0.00849238	-0.0130208	-333.445	0.00072338	6	4	4	4	0.301467	363	0	0	0	0	0.425781	2.88943	124.817	-466.836	1	0	0	0	0	0	0	0
07.08.2015 00:08:48.900000	0	-0.00428328	-0.00849238	0	-373.879	0.00108507	6	4	4	4	0.288911	363	0	0	0	0	0.426309	4.63344	124.834	-460.223	1	0	0	0	0	0	0	0
07.08.2015 00:08:49.000000	0	-0.00428328	-0.00849238	0.00260417	-430.047	0.00072338	6	4	4	4	0.335851	363	0	0	0	0	0.426027	7.94641	124.981	-448.102	1	0	0	0	0	0	0	0
07.08.2015 00:08:49.100000	0	-0.00428328	-0.00849238	0	-470.063	-0.000542535	6	4	4	4	0.308525	363	0	0	0	0	0.426794	4.28651	124.852	-461.621	1	0	0	0	0	0	0	0
07.08.2015 00:08:49.200000	0	-0.00428328	-0.00849238	0	-509.898	-0.00108507	6	4	4	4	0.314559	363	0	0	0	0	0.427474	5.00107	124.832	-458.807	1	0	0	0	0	0	0	0
07.08.2015 00:08:49.300000	0	-0.00428328	-0.00849238	0	-550.059	-0.00108507	6	4	4	4	0.296958	363	0	0	0	0	0.428241	5.34129	124.833	-457.509	1	0	0	0	0	0	0	0
07.08.2015 00:08:49.400000	0	-0.00428328	-0.00849238	0	-595.185	-0.00072338	6	4	4	4	0.301965	363	0	0	0	0	0.42853	5.36326	124.806	-457.321	1	0	0	0	0	0	0	0
07.08.2015 00:08:49.500000	0	-0.00428328	-0.00849238	0	-619.266	-0.0016276	6	4	4	4	0.312927	363	0	0	0	0	0.427901	5.11533	124.781	-458.175	1	0	0	0	0	0	0	0
07.08.2015 00:08:49.600000	0	-0.00428328	-0.00849238	0	-637.721	0.00108507	6	4	4	4	0.329446	363	0	0	0	0	0.427322	5.21281	124.767	-457.747	1	0	0	0	0	0	0	0
07.08.2015 00:08:49.700000	0	-0.00428328	-0.00849238	0	-654.258	0.000542535	6	4	4	4	0.296188	363	0	0	0	0	0.425535	5.0842	124.738	-458.13	1	0	0	0	0	0	0	0
07.08.2015 00:08:49.800000	0	-0.00428328	-0.00849238	-0.015625	-664.573	0.00036169	6	4	4	4	0.289984	363	0	0	0	0	0.424667	3.33354	124.64	-464.459	1	0	0	0	0	0	0	0
07.08.2015 00:08:49.900000	0	-0.00428328	-0.00849238	-0.0117188	-668.633	0.000542535	6	4	4	4	0.265273	363	0	0	0	0	0.422591	2.82815	124.609	-466.275	1	0	0	0	0	0	0	0
07.08.2015 00:08:50.000000	0	-0.00428328	-0.00849238	0.109375	-669.878	-0.00108507	6	4	4	4	0.311507	363	0	0	0	0	0.42105	4.48866	124.628	-459.99	1	0	0	0	0	0	0	0
07.08.2015 00:08:50.100000	0	-0.00428328	-0.00849238	0.917969	-671.207	-0.00108507	6	4	4	4	0.310508	363	0	0	0	0	0.421304	4.61611	124.62	-459.472	1	0	0	0	0	0	0	0
07.08.2015 00:08:50.200000	0	-0.00428328	-0.00849238	7.41927	-671.37	0	6	4	4	4	0.312416	363	0	0	0	0	0.423618	4.67873	124.603	-459.167	1	0	0	0	0	0	0	0
07.08.2015 00:08:50.300000	0	-0.00428328	-0.00849238	23.0547	-671.379	0.0016276	6	4	4	4	0.293587	363	0	0	0	0	0.426953	5.86877	124.629	-454.708	1	0	0	0	0	0	0	0
07.08.2015 00:08:50.400000	0	-0.00428328	-0.00849238	45.6172	-671.378	0.00108507	6	4	4	4	0.285682	363	0	0	0	0	0.429933	4.9667	124.587	-458.002	1	0	0	0	0	0	0	0
07.08.2015 00:08:50.500000	0	-0.00428328	-0.00849238	76.2813	-671.383	0	6	4	4	4	0.289902	363	0	0	0	0	0.43235	4.11774	124.544	-461.089	1	0	0	0	0	0	0	0
07.08.2015 00:08:50.600000	0	-0.00428328	-0.00849238	105.721	-671.388	0.00072338	6	4	4	4	0.327617	363	0	0	0	0	0.4335	4.35951	124.528	-460.103	1	0	0	0	0	0	0	0
07.08.2015 00:08:50.700000	0	-0.00428328	-0.00849238	139.238	-671.387	0.00108507	6	4	4	4	0.304325	363	0	0	0	0	0.433977	5.16947	124.524	-456.983	1	0	0	0	0	0	0	0
07.08.2015 00:08:50.800000	0	-0.00428328	-0.00849238	183.797	-671.388	0.00072338	6	4	4	4	0.285568	363	0	0	0	0	0.432429	4.55422	124.494	-459.226	1	0	0	0	0	0	0	0
07.08.2015 00:08:50.900000	0	-0.00428328	-0.00849238	237.813	-671.387	0.00108507	6	4	4	4	0.296738	363	0	0	0	0	0.430302	4.75149	124.479	-458.412	1	0	0	0	0	0	0	0
07.08.2015 00:08:51.000000	0	-0.00428328	-0.00849238	281.01	-671.391	0.00072338	6	4	4	4	0.309513	363	0	0	0	0	0.426837	4.85195	124.467	-457.98	1	0	0	0	0	0	0	0
07.08.2015 00:08:51.100000	0	-0.00428328	-0.00849238	323.992	-671.391	0.000542535	6	4	4	4	0.303248	363	0	0	0	0	0.428009	4.64638	124.443	-458.677	1	0	0	0	0	0	0	0
07.08.2015 00:08:51.200000	0	-0.00428328	-0.00849238	378.664	-671.391	0.00036169	6	4	4	4	0.300211	363	0	0	0	0	0.429839	4.69375	124.425	-458.427	1	0	0	0	0	0	0	0
07.08.2015 00:08:51.300000	0	-0.00428328	-0.00849238	427.563	-671.391	0.00108507	6	4	4	4	0.299629	363	0	0	0	0	0.431474	4.62807	124.404	-458.597	1	0	0	0	0	0	0	0
07.08.2015 00:08:51.400000	0	-0.00428328	-0.00849238	466.964	-671.391	0.00108507	6	4	4	4	0.253292	363	0	0	0	0	0.432928	4.5945	124.382	-458.643	1	0	0	0	0	0	0	0
07.08.2015 00:08:51.500000	0	-0.00428328	-0.00849238	495.813	-671.395	0.0016276	6	4	4	4	0.291367	363	0	0	0	0	0.434802	4.36152	124.358	-459.442	1	0	0	0	0	0	0	0
07.08.2015 00:08:51.600000	0	-0.00428328	-0.00849238	517.143	-671.398	0.00289352	6	4	4	4	0.319406	363	0	0	0	0	0.435475	4.59676	124.34	-458.473	1	0	0	0	0	0	0	0
07.08.2015 00:08:51.700000	0	-0.00428328	-0.00849238	532.582	-671.398	0.00217014	6	4	4	4	0.312648	363	0	0	0	0	0.435475	4.18775	124.321	-459.964	1	0	0	0	0	0	0	0
07.08.2015 00:08:51.800000	0	-0.00428328	-0.00849238	549.008	-671.396	0.00072338	6	4	4	4	0.280201	363	0	0	0	0	0.435959	4.11695	124.3	-460.157	1	0	0	0	0	0	0	0
07.08.2015 00:08:51.900000	0	-0.00428328	-0.00849238	567.672	-671.398	0.00271267	6	4	4	4	0.273967	363	0	0	0	0	0.43533	4.74429	124.287	-457.705	1	0	0	0	0	0	0	0
07.08.2015 00:08:52.000000	0	-0.00428328	-0.00849238	586.628	-671.396	0.00036169	6	4	4	4	0.283037	363	0	0	0	0	0.436003	4.5193	124.286	-458.563	1	0	0	0	0	0	0	0
07.08.2015 00:08:52.100000	0	-0.00428328	-0.00849238	601.551	-671.391	0.00108507	6	4	4	4	0.305757	363	0	0	0	0	0.435815	4.23743	124.245	-459.486	1	0	0	0	0	0	0	0
07.08.2015 00:08:52.200000	0	-0.00428328	-0.00849238	616.352	-671.398	0.00108507	6	4	4	4	0.312773	363	0	0	0	0	0.436683	4.64773	124.245	-457.914	1	0	0	0	0	0	0	0
07.08.2015 00:08:52.300000	0	-0.00428328	-0.00849238	636.852	-671.398	0.00108507	6	4	4	4	0.290751	363	0	0	0	0	0.437312	4.62654	124.286	-458.152	1	0	0	0	0	0	0	0
07.08.2015 00:08:52.400000	0	-0.00428328	-0.00849238	650.576	-671.404	0.00108507	6	4	4	4	0.269598	363	0	0	0	0	0.438368	4.34303	124.418	-459.742	1	0	0	0	0	0	0	0
07.08.2015 00:08:52.500000	0	-0.00428328	-0.00849238	663.715	-671.402	0.000542535	6	4	4	4	0.28435	363	0	0	0	0	0.438759	4.37678	124.567	-460.186	1	0	0	0	0	0	0	0
07.08.2015 00:08:52.600000	0	-0.00428328	-0.00849238	675.878	-671.406	-0.00144676	6	4	4	4	0.292213	363	0	0	0	0	0.43962	4.56484	124.73	-460.087	1	0	0	0	0	0	0	0
07.08.2015 00:08:52.700000	0	-0.00428328	-0.00849238	691.449	-671.406	-0.00108507	6	4	4	4	0.287568	363	0	0	0	0	0.44001	4.46284	124.977	-461.425	1	0	0	0	0	0	0	0
07.08.2015 00:08:52.800000	0	-0.00428328	-0.00849238	700.419	-671.406	0	6	4	4	4	0.273549	363	0	0	0	0	0.43933	4.33515	126.02	-465.908	1	0	0	0	0	0	0	0
07.08.2015 00:08:52.900000	0	-0.00428328	-0.00849238	706.828	-671.41	0.000542535	6	4	4	4	0.268451	363	0	0	0	-0.0238544	0.438701	4.3918	126.161	-466.23	1	0	0	0	0	0	0	0
07.08.2015 00:08:53.000000	0	-0.00428328	-0.00849238	709.857	-671.409	0.00108507	6	4	4	4	0.264349	363	0	0	0	-0.0496967	0.436871	4.39332	126.303	-466.768	1	0	0	0	0	0	0	0
07.08.2015 00:08:53.100000	0	-0.00428328	-0.00849238	710.879	-671.414	0.000542535	6	4	4	4	0.289381	363	0	0	0	-0.0496967	0.436191	4.44722	126.619	-467.771	1	0	0	0	0	0	0	0
07.08.2015 00:08:53.200000	0	-0.00428328	-0.00849238	711.023	-671.414	0.00072338	6	4	4	4	0.305741	363	0	0	0	-0.0496967	0.434751	4.40156	126.838	-468.784	1	0	0	0	0	0	0	0
07.08.2015 00:08:53.300000	0	-0.00428328	-0.00849238	711.023	-671.414	0.00108507	6	4	4	4	0.281109	363	0	0	0	-0.0496967	0.433782	4.57881	126.931	-468.46	1	0	0	0	0	0	0	0
07.08.2015 00:08:53.400000	0	-0.00428328	-0.00849238	711.023	-671.414	0.00144676	6	4	4	4	0.294902	363	0	0	0	-0.0496967	0.4335	4.98154	127.019	-467.257	1	0	0	0	0	0	0	0
07.08.2015 00:08:53.500000	0	-0.00428328	-0.00849238	711.023	-671.414	0.0016276	6	4	4	4	0.286991	363	0	0	0	-0.0496967	0.433688	4.55061	127.624	-471.225	1	0	0	0	0	0	0	0
07.08.2015 00:08:53.600000	0	-0.00428328	-0.00849238	711.023	-671.411	0.00072338	6	4	4	4	0.311479	363	0	0	0	-0.0496967	0.433398	4.48555	127.759	-471.988	1	0	0	0	0	0	0	0
07.08.2015 00:08:53.700000	0	-0.00428328	-0.00849238	711.023	-671.414	-0.0016276	6	4	4	4	0.321106	363	0	0	0	-0.0496967	0.431612	4.48701	127.781	-472.067	1	0	0	0	0	0	0	0
07.08.2015 00:08:53.800000	0	-0.00428328	-0.00849238	711.023	-671.414	0.00108507	6	4	4	4	0.305495	363	0	0	0	-0.0496967	0.431814	4.48494	127.845	-472.321	1	0	0	0	0	0	0	0
07.08.2015 00:08:53.900000	0	-0.00428328	-0.00849238	711.023	-671.414	0.00108507	6	4	4	4	0.318151	363	0	0	0	-0.0263392	0.431952	4.4742	128.013	-473.005	1	0	0	0	0	0	0	0
07.08.2015 00:08:54.000000	0	-0.00428328	-0.00849238	711.023	-671.414	0.00072338	6	4	4	4	0.322299	363	0	0	0	0	0.432342	4.55501	128.297	-473.782	1	0	0	0	0	0	0	0
07.08.2015 00:08:54.100000	0	-0.00428328	-0.00849238	711.023	-671.414	0.000542535	6	4	4	4	0.311424	363	0	0	0	0	0.432972	4.584	128.495	-474.432	1	0	0	0	0	0	0	0
07.08.2015 00:08:54.200000	0	-0.00428328	-0.00849238	711.023	-671.414	0.00108507	6	4	4	4	0.300488	363	0	0	0	0	0.434317	4.53877	128.635	-475.14	1	0	0	0	0	0	0	0
07.08.2015 00:08:54.300000	0	-0.00428328	-0.00849238	711.023	-671.414	0.00108507	6	4	4	4	0.294333	363	0	0	0	0	0.434129	4.49483	128.74	-475.709	1	0	0	0	0	0	0	0
07.08.2015 00:08:54.400000	0	-0.00428328	-0.00849238	711.026	-671.414	0.00036169	6	4	4	4	0.307673	363	0	0	0	0	0.435475	4.53542	128.85	-475.974	1	0	0	0	0	0	0	0
07.08.2015 00:08:54.500000	0	-0.00428328	-0.00849238	711.031	-671.422	0.00108507	6	4	4	4	0.327976	363	0	0	0	0	0.436104	4.54823	128.989	-476.46	1	0	0	0	0	0	0	0
07.08.2015 00:08:54.600000	0	-0.00428328	-0.00849238	711.031	-671.422	0.00108507	6	4	4	4	0.329568	363	0	0	0	0	0.436003	4.55837	129.122	-476.929	1	0	0	0	0	0	0	0
07.08.2015 00:08:54.700000	0	-0.00428328	-0.00849238	711.023	-671.418	0	6	4	4	4	0.302945	363	0	0	0	0	0.436155	4.24439	129.108	-478.077	1	0	0	0	0	0	0	0
07.08.2015 00:08:54.800000	0	-0.00428328	-0.00849238	711.039	-671.424	0.00108507	6	4	4	4	0.310377	363	0	0	0	0	0.436726	3.9378	129.213	-479.654	1	0	0	0	0	0	0	0
07.08.2015 00:08:54.900000	0	-0.00428328	-0.00849238	711.039	-671.43	0.00217014	6	4	4	4	0.319977	363	0	0	0	0	0.437066	4.61757	127.616	-470.956	1	0	0	0	0	0	0	0
07.08.2015 00:08:55.000000	0	-0.00428328	-0.00849238	711.039	-671.43	0.00072338	6	4	4	4	0.329133	363	0	0	0	0	0.435706	5.80319	129.546	-473.743	1	0	0	0	0	0	0	0
07.08.2015 00:08:55.100000	0	-0.00428328	-0.00849238	711.043	-671.43	0.00271267	6	4	4	4	0.29592	363	0	0	0	0	0.436104	5.30204	129.747	-476.477	1	0	0	0	0	0	0	0
07.08.2015 00:08:55.200000	0	-0.00428328	-0.00849238	711.047	-671.414	0.00289352	6	4	4	4	0.319644	363	0	0	0	0	0.435909	4.92105	129.213	-475.892	1	0	0	0	0	0	0	0
07.08.2015 00:08:55.300000	0	-0.00428328	-0.00849238	711.055	-671.426	0.00217014	6	4	4	4	0.335437	363	0	0	0	0	0.436487	4.81106	128.685	-474.296	1	0	0	0	0	0	0	0
07.08.2015 00:08:55.400000	0	-0.00428328	-0.00849238	711.052	-671.424	0.00289352	6	4	4	4	0.348743	363	0	0	0	0	0.436198	5.34269	128.521	-471.626	1	0	0	0	0	0	0	0
07.08.2015 00:08:55.500000	0	-0.00428328	-0.00849238	711.051	-671.426	0.00271267	6	4	4	4	0.313498	363	0	0	0	0	0.435793	4.88742	128.445	-473.077	1	0	0	0	0	0	0	0
07.08.2015 00:08:55.600000	0	-0.00428328	-0.00849238	711.052	-671.422	0.00289352	6	4	4	4	0.295771	363	0	0	0	0	0.434751	4.97891	128.421	-472.635	1	0	0	0	0	0	0	0
07.08.2015 00:08:55.700000	0	-0.00428328	-0.00849238	711.051	-671.422	0.00217014	6	4	4	4	0.315404	363	0	0	0	0	0.434635	5.22996	128.402	-471.603	1	0	0	0	0	0	0	0
07.08.2015 00:08:55.800000	0	-0.00428328	-0.00849238	711.055	-671.427	0.00253183	6	4	4	4	0.365288	363	0	0	0	0	0.433796	4.98581	128.304	-472.162	1	0	0	0	0	0	0	0
07.08.2015 00:08:55.900000	0	-0.00428328	-0.00849238	711.051	-671.422	0.00271267	6	4	4	4	0.335249	363	0	0	0	0	0.433391	4.91421	128.092	-471.621	1	0	0	0	0	0	0	0
07.08.2015 00:08:56.000000	0	-0.00428328	-0.00849238	711.055	-671.422	0.00036169	6	4	4	4	0.280913	363	0	0	0	0	0.433102	4.66854	127.974	-472.112	1	0	0	0	0	0	0	0
07.08.2015 00:08:56.100000	0	-0.00428328	-0.00849238	711.055	-671.426	0.0016276	6	4	4	4	0.314335	363	0	0	0	0	0.432523	5.455	124.189	-454.61	1	0	0	0	0	0	0	0
07.08.2015 00:08:56.200000	0	-0.00428328	-0.00849238	711.036	-671.43	0.00072338	6	4	4	4	0.325393	363	0.0348193	0	0	0	0.432841	48.6111	109.789	-234.238	1	0	0	0	0	0	0	0
07.08.2015 00:08:56.300000	0	-0.00428328	-0.00849238	710.621	-671.43	0.000542535	6	4	4	4	0.340198	363	1.35994	0	0	21.5487	0.433073	116.164	85.8993	115.879	1	0	0	0	0	0	0	0
07.08.2015 00:08:56.400000	0	-0.00428328	-0.00849238	700.331	-671.422	0.00036169	6	4	4	4	0.31548	363	4.41161	0	0	33.6699	0.43452	111.488	84.3013	104.092	1	0	0	0	0	0	0	0
07.08.2015 00:08:56.500000	0	-0.00428328	-0.00849238	685.355	-671.422	0.00108507	6	4	4	4	0.296742	363	7.87563	0	0	35.2211	0.435156	111.884	85.5138	100.967	1	0	0	0	0	0	0	0
07.08.2015 00:08:56.600000	0	-0.00428328	-0.00849238	668.326	-671.427	0.00036169	6	4	4	4	0.331268	363	11.3944	0	0	35.3226	0.43669	114.625	88.3422	100.632	1	0	0	0	0	0	0	0
07.08.2015 00:08:56.700000	0	-0.00428328	-0.00849238	640.008	-671.43	0.0016276	6	4	4	4	0.347478	363	14.9484	0	0	36.0489	0.436921	117.709	91.5601	100.119	1	0	0	0	0	0	0	0
07.08.2015 00:08:56.800000	0	-0.00428328	-0.00849238	606.818	-671.43	0.00036169	6	4	4	4	0.327636	363	18.4891	0	0	35.2236	0.436921	119.256	93.4341	98.8664	1	0	0	0	0	0	0	0
07.08.2015 00:08:56.900000	0	-0.00428328	-0.00849238	575.832	-671.43	0.00108507	6	4	4	4	0.275748	363	21.9889	0	0	34.9024	0.436863	119.724	94.0131	98.4406	1	0	0	0	0	0	0	0
07.08.2015 00:08:57.000000	0	-0.00428328	-0.00849238	540.401	-671.43	0.00072338	6	4	4	4	0.282216	363	25.7494	34.5	0	44.3767	0.435214	115.627	86.3549	112.078	1	0.93	0	0	0	0	0	0
07.08.2015 00:08:57.100000	0	-0.00428328	-0.00849238	493.301	-671.43	0.00108507	6	4	4	4	0.321624	363	30.4177	50	0	39.1699	0.43533	103.231	83.8354	74.2603	1	1	0	0	0	0	0	0
07.08.2015 00:08:57.200000	0	-0.00428328	-0.00849238	445.974	-671.435	0.00144676	6	4	4	4	0.363152	363	32.4949	45.6301	0	14.5255	0.434751	80.9245	56.9318	91.8632	1	1	0	0	0	0	0	0
07.08.2015 00:08:57.300000	0	-0.00428328	-0.00849238	408.23	-671.445	0.000542535	6	4	4	4	0.334051	363	33.5703	35.6502	0	9.95002	0.436082	59.6244	35.3027	93.123	1	1	0	0	0	0	0	0
07.08.2015 00:08:57.400000	0	-0.00428328	-0.00849238	373.391	-671.466	0.00036169	6	4	4	4	50.8942	363	34.3139	18.1753	0	7.06214	0.765133	51.781	27.5387	92.8187	1	1	1	0	0	0	0	0
07.08.2015 00:08:57.500000	0	-0.00428328	-0.00849238	327.5	-671.461	0.000542535	6	4	4	4	89.2872	363	34.5806	5.18373	0	5.03743	6.41299	49.0319	23.6611	97.1396	1	1	1	0	0	0	0	0
07.08.2015 00:08:57.600000	0	-0.00428328	-0.00849238	296.672	-671.456	0	6	4	4	4	89.8117	363	34.7338	5.1788	0	2.03837	10.387	47.2785	21.8663	97.2985	1	1	1	0	0	0	0	0
07.08.2015 00:08:57.700000	0	-0.00428328	-0.00849238	267.863	-671.461	0.000542535	6	4	4	4	89.992	363	34.8795	5.1788	0	1.79208	11.5155	45.7485	20.4315	96.9337	1	1	1	0	0	0	0	0
07.08.2015 00:08:57.800000	0	-0.00428328	-0.00849238	243.383	-671.466	0.00072338	6	4	4	4	90.086	363	35.0173	5.1788	0	1.43766	11.8343	44.5822	19.4711	96.1455	1	1	1	0	0	0	0	0
07.08.2015 00:08:57.900000	0	-0.00428328	-0.00849238	223.961	-671.469	0.00325521	6	4	4	4	89.9119	363	35.1476	5.1788	0	1.3886	11.8962	44.1353	18.7522	97.1868	1	1	1	0	0	0	0	0
07.08.2015 00:08:58.000000	0	-0.00428328	-0.00849238	205.518	-671.469	0.00542535	6	4	4	4	90.0283	363	35.2774	5.1788	0	1.35159	11.9162	43.3091	18.1491	96.3324	1	1	1	0	0	0	0	0
07.08.2015 00:08:58.100000	0	-0.00428328	-0.00849238	187.98	-671.469	0.00596788	6	4	4	4	90.1694	363	35.4063	5.1788	0	1.29813	11.933	42.3827	17.7288	94.3948	1	1	1	0	0	0	0	0
07.08.2015 00:08:58.200000	0	-0.00428328	-0.00849238	166.971	-671.469	0.00578704	6	4	4	4	90.1918	363	35.5261	5.1788	0	1.26248	11.9401	42.7129	17.4528	96.7157	1	1	1	0	0	0	0	0
07.08.2015 00:08:58.300000	0	-0.00428328	-0.00849238	148.281	-671.473	0.00434028	6	4	4	4	89.9539	363	35.65	5.1788	0	1.24759	11.9426	42.3754	17.2199	96.3153	1	1	1	0	0	0	0	0
07.08.2015 00:08:58.400000	0	-0.00428328	-0.00849238	137.328	-671.479	0.00470197	6	4	4	4	89.4979	363	35.7679	5.1788	0	1.23724	11.9278	42.4755	17.0406	97.385	1	1	1	0	0	0	0	0
07.08.2015 00:08:58.500000	0	-0.00428328	-0.00849238	131.594	-671.48	0.00705295	6	4	4	4	89.4005	363	35.8898	5.1788	0	1.21861	11.9032	42.2098	16.9236	96.8159	1	1	1	0	0	0	0	0
07.08.2015 00:08:58.600000	0	-0.00428328	-0.00849238	125.964	-671.484	0.00578704	6	4	4	4	89.3092	363	36.0086	5.1788	0	1.20141	11.9029	41.8436	16.8425	95.7241	1	1	1	0	0	0	0	0
07.08.2015 00:08:58.700000	0	-0.00428328	-0.00849238	121.934	-671.484	0.00434028	6	4	4	4	89.2543	363	36.1295	5.1788	0	1.20142	11.9059	41.8311	16.9774	95.1597	1	1	1	0	0	0	0	0
07.08.2015 00:08:58.800000	0	-0.00428328	-0.00849238	123.708	-671.484	0.00434028	6	4	4	4	89.3381	363	36.2544	5.1788	0	1.20143	11.9108	43.003	16.8663	100.072	1	1	1	0	0	0	0	0
07.08.2015 00:08:58.900000	0	-0.00428328	-0.00849238	124.859	-671.484	0.00217014	6	4	4	4	89.4607	363	36.3663	5.1788	0	1.19546	11.908	43.1878	16.7754	101.128	1	1	1	0	0	0	0	0
07.08.2015 00:08:59.000000	0	-0.00428328	-0.00849238	124.755	-671.49	0.00289352	6	4	4	4	89.6016	363	36.4867	5.1788	0	1.18437	11.9092	41.7162	16.6652	95.9153	1	1	1	0	0	0	0	0
07.08.2015 00:08:59.100000	0	-0.00428328	-0.00849238	125.063	-671.488	0.00217014	6	4	4	4	89.5721	363	36.606	5.1788	0	1.18584	11.9049	40.9973	16.6801	93.1057	1	1	1	0	0	0	0	0
07.08.2015 00:08:59.200000	0	-0.00428328	-0.00849238	125.026	-671.497	0.00289352	6	4	4	4	89.433	363	36.7219	5.1788	0	1.19002	11.8967	41.6032	16.6038	95.7178	1	1	1	0	0	0	0	0
07.08.2015 00:08:59.300000	0	-0.00428328	-0.00849238	125.016	-671.5	0.00271267	6	4	4	4	89.4295	363	36.8448	5.1788	0	1.19	11.8869	41.6954	16.5984	96.0915	1	1	1	0	0	0	0	0
07.08.2015 00:08:59.400000	0	-0.00428328	-0.00849238	125.023	-671.5	0.00506366	6	4	4	4	89.5584	363	36.9592	5.1788	0	1.18991	11.8871	41.8436	16.5933	96.6783	1	1	1	0	0	0	0	0
07.08.2015 00:08:59.500000	0	-0.00428328	-0.00849238	125.031	-671.5	0.00434028	6	4	4	4	89.539	363	37.0771	5.1788	0	1.18907	11.8863	41.9995	16.5965	97.263	1	1	1	0	0	0	0	0
07.08.2015 00:08:59.600000	0	-0.00428328	-0.00849238	125.026	-671.5	0.00470197	6	4	4	4	89.4633	363	37.1975	5.1788	0	1.16205	11.882	41.8573	16.5947	96.7253	1	1	1	0	0	0	0	0
07.08.2015 00:08:59.700000	0	-0.00428328	-0.00849238	125.031	-671.5	0.00813802	6	4	4	4	89.4085	363	37.3144	5.1788	0	1.16205	11.8713	41.6481	16.627	95.8007	1	1	1	0	0	0	0	0
07.08.2015 00:08:59.800000	0	-0.00428328	-0.00849238	125.031	-671.505	0.00434028	6	4	4	4	89.3074	363	37.4362	5.1788	0	1.17762	11.8714	41.824	16.677	96.2826	1	1	1	0	0	0	0	0
07.08.2015 00:08:59.900000	0	-0.00428328	-0.00849238	125.035	-671.508	0.00542535	6	4	4	4	89.1228	363	37.5536	5.1788	0	1.17897	11.8774	42.1003	16.6903	97.2896	1	1	1	0	0	0	0	0
07.08.2015 00:09:00.000000	0	-0.00428328	-0.00849238	125.034	-671.508	0.0036169	6	4	4	4	88.9174	363	37.6745	5.1788	0	1.22013	11.8657	41.8428	16.7099	96.2287	1	1	1	0	0	0	0	0
07.08.2015 00:09:00.100000	0	-0.00428328	-0.00849238	125.035	-671.508	0.00271267	6	4	4	4	88.7365	363	37.7959	5.1788	0	1.22521	11.8622	41.8376	16.7088	96.2135	1	1	1	0	0	0	0	0
07.08.2015 00:09:00.200000	0	-0.00428328	-0.00849238	125.036	-671.513	0.00217014	6	4	4	4	88.9019	363	37.9128	5.1788	0	1.20128	11.8584	42.0259	16.6983	96.9741	1	1	1	0	0	0	0	0
07.08.2015 00:09:00.300000	0	-0.00428328	-0.00849238	125.039	-671.516	0.00271267	6	4	4	4	89.0886	363	38.0361	5.1788	0	1.19566	11.8635	41.7336	16.6895	95.8889	1	1	1	0	0	0	0	0
07.08.2015 00:09:00.400000	0	-0.00428328	-0.00849238	125.039	-671.516	0.00325521	6	4	4	4	166.438	363	38.153	5.1788	0	1.19574	11.8593	41.8158	16.6912	96.1969	1	1	1	0	0	0	0	0
07.08.2015 00:09:00.500000	0	-0.00428328	-0.00849238	125.039	-671.516	0.00325521	6	4	4	4	233.772	363	38.2754	5.1788	0	1.19577	11.6089	41.9731	16.6834	96.829	1	1	1	0	0	0	0	0
07.08.2015 00:09:00.600000	0	-0.00428328	-0.00849238	125.039	-671.516	0.00253183	6	4	4	4	257.089	363	38.3933	5.1788	0	1.19571	11.3431	41.8965	16.689	96.5145	1	1	1	0	0	0	0	0
07.08.2015 00:09:00.700000	0	-0.00428328	-0.00849238	125.039	-671.516	0.00271267	6	4	4	4	284.849	363	38.5097	5.1788	0	1.19568	10.9862	42.0736	16.6913	97.1838	1	1	1	0	0	0	0	0
07.08.2015 00:09:00.800000	0	-0.00428328	-0.00849238	125.039	-671.516	0.00289352	6	4	4	4	388.779	363	38.633	5.1788	0	1.19565	10.8956	42.0487	16.6844	97.1148	1	1	1	0	0	0	0	0
07.08.2015 00:09:00.900000	0	-0.00428328	-0.00849238	125.039	-671.52	0.00271267	6	4	4	4	373.305	363	38.7509	5.1788	0	1.19563	10.8302	41.8262	16.6776	96.2887	1	1	1	0	0	0	0	0
07.08.2015 00:09:01.000000	0	-0.00428328	-0.00849238	125.042	-671.526	0.00144676	6	4	4	4	431.526	363	38.8753	5.1788	0	1.20477	10.8143	41.9051	16.6735	96.6065	1	1	1	0	0	0	0	0
07.08.2015 00:09:01.100000	0	-0.00428328	-0.00849238	125.039	-671.531	0.00108507	6	4	4	4	477.395	363	38.9961	5.1788	0	1.2132	10.7667	41.7801	16.6934	96.0522	1	1	1	0	0	0	0	0
07.08.2015 00:09:01.200000	0	-0.00428328	-0.00849238	125.042	-671.531	0.00036169	6	4	4	4	1105.91	363	39.113	5.1788	0	1.2055	10.7664	42.0526	16.6367	97.3121	1	1	1	0	0	0	0	0
07.08.2015 00:09:01.300000	0	-0.00428328	-0.00849238	125.043	-671.531	0	6	4	4	4	806.409	363	39.2394	5.1788	0	1.19568	10.4394	42.0852	16.7421	97.0337	1	1	1	0	0	0	0	0
07.08.2015 00:09:01.400000	0	-0.00428328	-0.00849238	125.044	-671.531	0.00144676	6	4	4	4	125.768	363	39.3558	5.1788	0	1.20504	10.9408	42.0386	16.7588	96.7914	1	1	1	0	0	0	0	0
07.08.2015 00:09:01.500000	0	-0.00428328	-0.00849238	125.043	-671.531	0.00108507	6	4	4	4	457.357	363	39.4816	5.1788	0	1.21907	11.399	41.9391	16.7525	96.4345	1	1	1	0	0	0	0	0
07.08.2015 00:09:01.600000	0	-0.00428328	-0.00849238	125.047	-671.531	0.00036169	6	4	4	4	1329.6	363	39.598	5.1788	0	1.21507	10.9492	42.21	16.6641	97.8101	1	1	1	0	0	0	0	0
07.08.2015 00:09:01.700000	0	-0.00428328	-0.00849238	125.047	-671.531	0	6	4	4	4	687.974	363	39.7184	5.1788	0	1.20731	10.5379	41.8191	16.7761	95.8846	1	1	1	0	0	0	0	0
07.08.2015 00:09:01.800000	0	-0.00428328	-0.00849238	125.047	-671.531	0.00072338	6	4	4	4	647.539	363	39.8403	5.1788	0	1.20575	10.7356	42.0406	16.7442	96.8547	1	1	1	0	0	0	0	0
07.08.2015 00:09:01.900000	0	-0.00428328	-0.00849238	125.051	-671.531	-0.0016276	6	4	4	4	793.096	363	39.9557	5.1788	0	1.20152	10.7249	42.0951	16.7411	97.0753	1	1	1	0	0	0	0	0
07.08.2015 00:09:02.000000	0	-0.00428328	-0.00849238	125.055	-671.536	-7.76102e-011	6	4	4	4	567.806	363	40.0805	5.1788	0	1.19944	10.7549	42.0587	16.7588	96.868	1	1	1	0	0	0	0	0
07.08.2015 00:09:02.100000	0	-0.00428328	-0.00849238	125.055	-671.531	0.000542535	6	4	4	4	649.605	363	40.1974	5.1788	0	1.18995	10.8606	41.6705	16.7449	95.4352	1	1	1	0	0	0	0	0
07.08.2015 00:09:02.200000	0	-0.00428328	-0.00849238	125.057	-671.539	0.00072338	6	4	4	4	722.194	363	40.3218	5.1788	0	1.19204	10.8522	41.8855	16.7378	96.2854	1	1	1	0	0	0	0	0
07.08.2015 00:09:02.300000	0	-0.00428328	-0.00849238	125.059	-671.539	-0.00108507	6	4	4	4	605.888	363	40.4431	5.1788	0	1.2074	10.864	42.0764	16.7522	96.9611	1	1	1	0	0	0	0	0
07.08.2015 00:09:02.400000	0	-0.00428328	-0.00849238	125.063	-671.539	-0.00144676	6	4	4	4	440.426	363	40.563	5.1788	0	1.20899	10.9296	42.0075	16.7439	96.7295	1	1	1	0	0	0	0	0
07.08.2015 00:09:02.500000	0	-0.00428328	-0.00849238	125.063	-671.539	-0.00108507	6	4	4	4	606.049	363	40.6859	5.1788	0	1.22506	10.9416	42.158	16.7358	97.3366	1	1	1	0	0	0	0	0
07.08.2015 00:09:02.600000	0	-0.00428328	-0.00849238	125.065	-671.539	-0.00180845	6	4	4	4	541.982	363	40.8058	5.1788	0	1.22459	10.9239	42.0057	16.7471	96.7101	1	1	1	0	0	0	0	0
07.08.2015 00:09:02.700000	0	-0.00428328	-0.00849238	125.066	-671.539	0	6	4	4	4	642.44	363	40.9306	5.1788	0	1.21321	10.9126	42.1445	16.7926	97.0676	1	1	1	0	0	0	0	0
07.08.2015 00:09:02.800000	0	-0.00428328	-0.00849238	125.068	-671.539	0.00072338	6	4	4	4	645.01	363	41.0495	5.1788	0	1.21321	10.9262	42.0024	16.7909	96.5299	1	1	1	0	0	0	0	0
07.08.2015 00:09:02.900000	0	-0.00428328	-0.00849238	125.063	-671.539	0.00108507	6	4	4	4	625.329	363	41.1728	5.1788	0	1.20178	10.9592	42.1962	16.8113	97.1938	1	1	1	0	0	0	0	0
07.08.2015 00:09:03.000000	0	-0.00428328	-0.00849238	125.07	-671.539	0.00072338	6	4	4	4	443.249	363	41.2902	5.1788	0	1.20143	11.0024	41.8423	16.8251	95.7858	1	1	1	0	0	0	0	0
07.08.2015 00:09:03.100000	0	-0.00428328	-0.00849238	125.07	-671.539	0.000542535	6	4	4	4	706.928	363	41.4116	5.1788	0	1.21231	10.967	41.9681	16.8235	96.2735	1	1	1	0	0	0	0	0
07.08.2015 00:09:03.200000	0	-0.00428328	-0.00849238	125.07	-671.539	0.00108507	6	4	4	4	532.86	363	41.53	5.1788	0	1.21325	10.9843	41.987	16.825	96.3401	1	1	1	0	0	0	0	0
07.08.2015 00:09:03.300000	0	-0.00428328	-0.00849238	125.07	-671.539	0.00108507	6	4	4	4	556.933	363	41.6489	5.1788	0	1.1983	11.0095	42.033	16.8165	96.549	1	1	1	0	0	0	0	0
07.08.2015 00:09:03.400000	0	-0.00428328	-0.00849238	125.07	-671.539	0.00072338	6	4	4	4	539.278	363	41.7727	5.1788	0	1.19545	11.0071	41.9933	16.8231	96.3719	1	1	1	0	0	0	0	0
07.08.2015 00:09:03.500000	0	-0.00428328	-0.00849238	125.07	-671.539	0.000542535	6	4	4	4	659.926	363	41.8901	5.1788	0	1.20491	11.027	41.9605	16.8029	96.3235	1	1	1	0	0	0	0	0
07.08.2015 00:09:03.600000	0	-0.00428328	-0.00849238	125.07	-671.539	0.00072338	6	4	4	4	484.696	363	42.0145	5.1788	0	1.20757	11.0224	42.1473	16.8085	97.0171	1	1	1	0	0	0	0	0
07.08.2015 00:09:03.700000	0	-0.00428328	-0.00849238	125.07	-671.539	0.000542535	6	4	4	4	309.868	363	42.1179	2.69602	0.0135996	1.21165	10.9649	42.0124	17.0082	95.736	1	1	1	0.73	0	0	0	0
07.08.2015 00:09:03.800000	0	-0.00428328	-0.00849238	125.07	-671.539	-0.00036169	6	4	4	4	42.7114	363	42.1672	2.40977	0.650667	1.21316	9.53594	42.3787	17.103	96.7757	1	1	1	1	0	0	0	0
07.08.2015 00:09:03.900000	0	-0.00428328	-0.00849238	125.07	-671.539	0.000542535	6	4	4	4	119.591	363	42.2473	3.28144	1.52233	1.21316	8.52743	42.4287	17.3549	96.0027	1	1	1	1	0	0	0	0
07.08.2015 00:09:04.000000	0	-0.00428328	-0.00849238	125.07	-671.539	-0.00072338	6	4	4	4	280.209	363	42.3279	3.77009	2.01098	1.11615	7.93626	43.5192	17.4988	99.6269	1	1	1	1	0	0	0	0
07.08.2015 00:09:04.100000	0	-0.00428328	-0.00849238	125.074	-671.539	-0.0016276	6	4	4	4	509.671	363	42.4219	3.67365	1.91454	0.702575	7.62879	44.1417	17.5638	101.761	1	1	1	1	0	0	0	0
07.08.2015 00:09:04.200000	0	-0.00428328	-0.00849238	125.073	-671.539	-0.00072338	6	4	4	4	497.169	363	42.5059	3.21219	1.45308	0.702575	7.46033	43.067	17.6738	97.2254	1	1	1	1	0	0	0	0
07.08.2015 00:09:04.300000	0	-0.00428328	-0.00849238	125.078	-671.539	-0.00108507	6	4	4	4	529.314	363	42.5791	2.72083	0.961723	0.724838	7.40975	43.0364	17.7928	96.6526	1	1	1	1	0	0	0	0
07.08.2015 00:09:04.400000	0	-0.00428328	-0.00849238	125.076	-671.539	-0.00108507	6	4	4	4	488.298	363	42.6447	2.26943	0.510322	0.826255	7.36557	43.2608	17.955	96.8907	1	1	1	1	0	0	0	0
07.08.2015 00:09:04.500000	0	-0.00428328	-0.00849238	125.078	-671.539	-0.00108507	6	4	4	4	447.481	363	42.6984	1.9682	0.209095	0.826255	7.38461	43.3974	18.112	96.8129	1	1	1	1	0	0	0	0
07.08.2015 00:09:04.600000	0	-0.00428328	-0.00849238	125.078	-671.539	-0.00180845	6	4	4	4	421.661	363	42.7507	1.74963	-0.00947765	0.826255	7.37879	43.5527	18.2493	96.8816	1	1	1	1	0	0	0	0
07.08.2015 00:09:04.700000	0	-0.00428328	-0.00849238	125.078	-671.539	-0.00108507	6	4	4	4	385.734	363	42.8014	1.61344	-0.145671	0.826255	7.37104	43.6744	18.3856	96.8271	1	1	1	1	0	0	0	0
07.08.2015 00:09:04.800000	0	-0.00428328	-0.00849238	125.078	-671.539	-0.00144676	6	4	4	4	347.377	363	42.8482	1.62709	-0.132014	0.701254	7.42636	43.8007	18.5009	96.8678	1	1	1	1	0	0	0	0
07.08.2015 00:09:04.900000	0	-0.00428328	-0.00849238	125.078	-671.539	-0.0016276	6	4	4	4	374.377	363	42.8949	1.63709	-0.122017	0.521373	7.48261	43.9125	18.5993	96.9192	1	1	1	1	0	0	0	0
07.08.2015 00:09:05.000000	0	-0.00428328	-0.00849238	125.078	-671.542	-0.00144676	6	4	4	4	343.166	363	42.9432	1.63128	-0.127795	0.521373	7.49462	43.9991	18.678	96.9538	1	1	1	1	0	0	0	0
07.08.2015 00:09:05.100000	0	-0.00428328	-0.00849238	125.078	-671.539	-0.0016276	6	4	4	4	297.102	363	42.9929	1.78583	0.0267266	0.521373	7.50174	44.0811	18.7601	96.9491	1	1	1	1	0	0	0	0
07.08.2015 00:09:05.200000	0	-0.00428328	-0.00849238	125.081	-671.542	-0.00108507	6	4	4	4	374.45	363	43.0461	1.89373	0.134618	0.521373	7.46351	44.1486	18.8203	96.9772	1	1	1	1	0	0	0	0
07.08.2015 00:09:05.300000	0	-0.00428328	-0.00849238	125.078	-671.543	-0.00108507	6	4	4	4	388.047	363	43.0979	1.90122	0.14211	0.511937	7.41317	44.2025	18.8825	96.9453	1	1	1	1	0	0	0	0
07.08.2015 00:09:05.400000	0	-0.00428328	-0.00849238	125.078	-671.542	-0.00108507	6	4	4	4	392.609	363	43.1526	1.87484	0.115733	0.499428	7.43681	44.241	18.9287	96.9157	1	1	1	1	0	0	0	0
07.08.2015 00:09:05.500000	0	-0.00428328	-0.00849238	125.078	-671.543	-0.00108507	6	4	4	4	336.3	363	43.2083	1.85056	0.0914572	0.499428	7.4478	44.2839	18.9666	96.9494	1	1	1	1	0	0	0	0
07.08.2015 00:09:05.600000	0	-0.00428328	-0.00849238	125.081	-671.542	-0.00072338	6	4	4	4	408.325	363	43.262	1.84527	0.086158	0.499428	7.46568	44.3399	19.0185	96.9369	1	1	1	1	0	0	0	0
07.08.2015 00:09:05.700000	0	-0.00428328	-0.00849238	125.086	-671.543	-0.0016276	6	4	4	4	344.832	363	43.3147	1.81009	0.0509838	0.499428	7.46801	44.36	19.0614	96.8685	1	1	1	1	0	0	0	0
07.08.2015 00:09:05.800000	0	-0.00428328	-0.00849238	125.086	-671.542	-0.00072338	6	4	4	4	372.546	363	43.3675	1.79976	0.0406549	0.535484	7.48986	44.4006	19.0914	96.9038	1	1	1	1	0	0	0	0
07.08.2015 00:09:05.900000	0	-0.00428328	-0.00849238	125.09	-671.543	-0.000542535	6	4	4	4	305.965	363	43.4217	1.8108	0.0516976	0.541847	7.4813	44.4265	19.1297	96.8561	1	1	1	1	0	0	0	0
07.08.2015 00:09:06.000000	0	-0.00428328	-0.00849238	125.086	-671.542	-0.00036169	6	4	4	4	412.592	363	43.4794	1.83786	0.0787543	0.541847	7.46093	44.4579	19.1467	96.9115	1	1	1	1	0	0	0	0
07.08.2015 00:09:06.100000	0	-0.00428328	-0.00849238	125.09	-671.547	-0.00108507	6	4	4	4	373.797	363	43.5316	1.81711	0.0579992	0.541847	7.45761	44.4779	19.1671	96.9099	1	1	1	1	0	0	0	0
07.08.2015 00:09:06.200000	0	-0.00428328	-0.00849238	125.089	-671.539	-0.00180845	6	4	4	4	381.854	363	43.5863	1.79104	0.0319284	0.541546	7.48018	44.4999	19.1985	96.8741	1	1	1	1	0	0	0	0
07.08.2015 00:09:06.300000	0	-0.00428328	-0.00849238	125.094	-671.543	-0.00217014	6	4	4	4	355.252	363	43.6415	1.76246	0.00335584	0.540645	7.49204	44.5106	19.2129	96.8601	1	1	1	1	0	0	0	0
07.08.2015 00:09:06.400000	0	-0.00428328	-0.00849238	125.089	-671.542	-0.00036169	6	4	4	4	314.967	363	43.6918	1.75229	-0.00681721	0.540645	7.51665	44.5294	19.2383	96.8346	1	1	1	1	0	0	0	0
07.08.2015 00:09:06.500000	0	-0.00428328	-0.00849238	125.094	-671.543	-0.0016276	6	4	4	4	352.729	363	43.744	1.78147	0.0223668	0.540645	7.5211	44.5681	19.2456	96.9545	1	1	1	1	0	0	0	0
07.08.2015 00:09:06.600000	0	-0.00428328	-0.00849238	125.094	-671.542	0.00036169	6	4	4	4	271.339	363	43.8017	1.83082	0.0717175	0.540645	7.52441	44.5668	19.2762	96.8325	1	1	1	1	0	0	0	0
07.08.2015 00:09:06.700000	0	-0.00428328	-0.00849238	125.094	-671.543	0.00108507	6	4	4	4	377.489	363	43.8564	1.93186	0.172756	0.543097	7.53335	44.5607	19.2667	96.8458	1	1	1	1	0	0	0	0
07.08.2015 00:09:06.800000	0	-0.00428328	-0.00849238	125.094	-671.547	0.00108507	6	4	4	4	399.758	363	43.9111	1.98789	0.228779	0.544252	7.51868	44.5663	19.2823	96.8073	1	1	1	1	0	0	0	0
07.08.2015 00:09:06.900000	0	-0.00428328	-0.00849238	125.094	-671.547	0	6	4	4	4	326.135	363	43.9738	2.01437	0.255259	0.544252	7.50135	44.5796	19.2767	96.8797	1	1	1	1	0	0	0	0
07.08.2015 00:09:07.000000	0	-0.00428328	-0.00849238	125.094	-671.547	0.00072338	6	4	4	4	368.179	363	44.0365	2.04836	0.289253	0.544252	7.52857	44.5513	19.2801	96.7587	1	1	1	1	0	0	0	0
07.08.2015 00:09:07.100000	0	-0.00428328	-0.00849238	125.094	-671.547	0.0016276	6	4	4	4	379.256	363	44.0912	2.05777	0.298661	0.55899	7.54051	44.5512	19.2706	96.7942	1	1	1	1	0	0	0	0
07.08.2015 00:09:07.200000	0	-0.00428328	-0.00849238	125.094	-671.547	0.00072338	6	4	4	4	313.415	363	44.1519	2.0625	0.303391	0.581097	7.57877	44.5671	19.2715	96.8517	1	1	1	1	0	0	0	0
07.08.2015 00:09:07.300000	0	-0.00428328	-0.00849238	125.094	-671.543	0.00108507	6	4	4	4	361.206	363	44.2121	2.09681	0.337708	0.581097	7.5277	44.5098	19.2694	96.6404	1	1	1	1	0	0	0	0
07.08.2015 00:09:07.400000	0	-0.00428328	-0.00849238	125.094	-671.547	0.00036169	6	4	4	4	382.664	363	44.2748	2.12432	0.365209	0.581097	7.4961	44.5529	19.2603	96.8402	1	1	1	1	0	0	0	0
07.08.2015 00:09:07.500000	0	-0.00428328	-0.00849238	125.094	-671.547	0.00108507	6	4	4	4	372.227	363	44.3354	2.13352	0.374412	0.589467	7.47407	44.5137	19.2603	96.6902	1	1	1	1	0	0	0	0
07.08.2015 00:09:07.600000	0	-0.00428328	-0.00849238	125.094	-671.547	0.00072338	6	4	4	4	373.232	363	44.3946	2.12533	0.366221	0.608099	7.47755	44.4907	19.2477	96.6507	1	1	1	1	0	0	0	0
07.08.2015 00:09:07.700000	0	-0.00428328	-0.00849238	125.094	-671.547	0.00108507	6	4	4	4	419.116	363	44.4528	2.09863	0.339523	0.608099	7.49107	44.563	19.239	96.9606	1	1	1	1	0	0	0	0
07.08.2015 00:09:07.800000	0	-0.00428328	-0.00849238	125.094	-671.547	0.00072338	6	4	4	4	282.326	363	44.5115	2.04893	0.289822	0.608099	7.5126	44.5099	19.2503	96.714	1	1	1	1	0	0	0	0
07.08.2015 00:09:07.900000	0	-0.00428328	-0.00849238	125.094	-671.547	0.00108507	6	4	4	4	338.622	363	44.5737	2.08182	0.322713	0.606355	7.56751	44.5192	19.2395	96.7907	1	1	1	1	0	0	0	0
07.08.2015 00:09:08.000000	0	-0.00428328	-0.00849238	125.094	-671.547	0.00036169	6	4	4	4	352.745	363	44.6344	2.12327	0.364158	0.593567	7.56572	44.5301	19.2499	96.7928	1	1	1	1	0	0	0	0
07.08.2015 00:09:08.100000	0	-0.00428328	-0.00849238	125.094	-671.547	0.0016276	6	4	4	4	317.372	363	44.6906	2.17861	0.419506	0.593567	7.5941	44.4695	19.2422	96.5902	1	1	1	1	0	0	0	0
07.08.2015 00:09:08.200000	0	-0.00428328	-0.00849238	125.094	-671.547	0.00108507	6	4	4	4	326.917	363	44.7483	2.27039	0.511287	0.593567	7.55475	44.6026	19.2228	97.1742	1	1	1	1	0	0	0	0
07.08.2015 00:09:08.300000	0	-0.00428328	-0.00849238	125.094	-671.547	0	6	4	4	4	340.278	363	44.8169	2.35486	0.595756	0.596496	7.55016	44.4456	19.2062	96.6365	1	1	1	1	0	0	0	0
07.08.2015 00:09:08.400000	0	-0.00428328	-0.00849238	125.094	-671.544	0.00108507	6	4	4	4	325.54	363	44.8841	2.44531	0.686199	0.620195	7.53395	44.4613	19.1894	96.7608	1	1	1	1	0	0	0	0
07.08.2015 00:09:08.500000	0	-0.00428328	-0.00849238	125.094	-671.543	-0.00108507	6	4	4	4	403.474	363	44.9473	2.51582	0.756711	0.620195	7.49122	44.3812	19.1776	96.4995	1	1	1	1	0	0	0	0
07.08.2015 00:09:08.600000	0	-0.00428328	-0.00849238	125.094	-671.542	0.00036169	6	4	4	4	449.798	363	45.0219	2.5199	0.760794	0.620195	7.46867	44.3256	19.1453	96.4105	1	1	1	1	0	0	0	0
07.08.2015 00:09:08.700000	0	-0.00428328	-0.00849238	125.098	-671.547	0.000542535	6	4	4	4	361.002	363	45.089	2.46037	0.70126	0.648362	7.5008	44.3928	19.1272	96.7369	1	1	1	1	0	0	0	0
07.08.2015 00:09:08.800000	0	-0.00428328	-0.00849238	125.094	-671.547	0.00108507	6	4	4	4	346.291	363	45.1507	2.4108	0.651691	0.681427	7.57091	44.1583	19.1031	95.9316	1	1	1	1	0	0	0	0
07.08.2015 00:09:08.900000	0	-0.00428328	-0.00849238	125.094	-671.547	0.000542535	6	4	4	4	315.017	363	45.2288	2.40924	0.650132	0.681427	7.58343	44.4562	19.1045	97.0665	1	1	1	1	0	0	0	0
07.08.2015 00:09:09.000000	0	-0.00428328	-0.00849238	125.099	-671.547	-0.00036169	6	4	4	4	329.497	363	45.2905	2.45619	0.697083	0.681427	7.54274	44.0059	19.0939	95.3829	1	1	1	1	0	0	0	0
07.08.2015 00:09:09.100000	0	-0.00428328	-0.00849238	125.098	-671.547	-0.0016276	6	4	4	4	349.612	363	45.3561	2.51243	0.753319	0.677043	7.53726	44.3452	19.0697	96.7746	1	1	1	1	0	0	0	0
07.08.2015 00:09:09.200000	0	-0.00428328	-0.00849238	125.096	-671.544	-0.00144676	6	4	4	4	442.97	363	45.4342	2.54147	0.782362	0.675806	7.54026	44.0866	19.0434	95.8853	1	1	1	1	0	0	0	0
07.08.2015 00:09:09.300000	0	-0.00428328	-0.00849238	125.094	-671.547	-0.0016276	6	4	4	4	333.302	363	45.4964	2.51511	0.756004	0.675806	7.5374	44.5936	19.0431	97.8278	1	1	1	1	0	0	0	0
07.08.2015 00:09:09.400000	0	-0.00428328	-0.00849238	125.102	-671.547	-0.00289352	6	4	4	4	304.868	363	45.571	2.51739	0.758284	0.68381	7.57756	43.8165	19.03	94.9024	1	1	1	1	0	0	0	0
07.08.2015 00:09:09.500000	0	-0.00428328	-0.00849238	125.105	-671.543	-0.000542535	6	4	4	4	388.281	363	45.6377	2.55694	0.797836	0.706589	7.58349	44.4186	19.0105	97.2826	1	1	1	1	0	0	0	0
07.08.2015 00:09:09.600000	0	-0.00428328	-0.00849238	125.109	-671.547	0.00108507	6	4	4	4	339.224	363	45.7063	2.57336	0.814254	0.706589	7.56474	44.0428	19.0042	95.868	1	1	1	1	0	0	0	0
07.08.2015 00:09:09.700000	0	-0.00428328	-0.00849238	125.109	-671.547	0.000542535	6	4	4	4	322.548	363	45.7814	2.60539	0.846284	0.706589	7.60076	44.3037	18.988	96.9286	1	1	1	1	0	0	0	0
07.08.2015 00:09:09.800000	0	-0.00428328	-0.00849238	125.109	-671.547	0.00072338	6	4	4	4	385.957	363	45.8456	2.65135	0.892238	0.697338	7.59341	44.022	18.9732	95.9068	1	1	1	1	0	0	0	0
07.08.2015 00:09:09.900000	0	-0.00428328	-0.00849238	125.109	-671.543	0	6	4	4	4	343.935	363	45.9217	2.67263	0.91352	0.692782	7.60895	44.2557	18.9478	96.8991	1	1	1	1	0	0	0	0
07.08.2015 00:09:10.000000	0	-0.00428328	-0.00849238	125.109	-671.547	0.00180845	6	4	4	4	337.314	363	45.9899	2.71805	0.958941	0.692782	7.61586	44.0246	18.9472	96.0164	1	1	1	1	0	0	0	0
07.08.2015 00:09:10.100000	0	-0.00428328	-0.00849238	125.109	-671.547	0.00325521	6	4	4	4	390.382	363	46.0655	2.76585	1.00674	0.69636	7.60617	44.1697	18.9273	96.6479	1	1	1	1	0	0	0	0
07.08.2015 00:09:10.200000	0	-0.00428328	-0.00849238	125.109	-671.547	0.00397859	6	4	4	4	398.223	363	46.1381	2.76113	1.00202	0.712661	7.60987	43.9793	18.8978	96.0321	1	1	1	1	0	0	0	0
07.08.2015 00:09:10.300000	0	-0.00428328	-0.00849238	125.109	-671.547	0.00651042	6	4	4	4	331.956	363	46.2112	2.73893	0.979822	0.712661	7.63023	44.0758	18.9028	96.3824	1	1	1	1	0	0	0	0
07.08.2015 00:09:10.400000	0	-0.00428328	-0.00849238	125.109	-671.544	0.00470197	6	4	4	4	315.064	363	46.2813	2.75349	0.994383	0.712661	7.64878	44.0057	18.8834	96.1885	1	1	1	1	0	0	0	0
07.08.2015 00:09:10.500000	0	-0.00428328	-0.00849238	125.109	-671.543	0.00434028	6	4	4	4	319.006	363	46.353	2.80943	1.05032	0.723734	7.63657	44.082	18.8734	96.5189	1	1	1	1	0	0	0	0
07.08.2015 00:09:10.600000	0	-0.00428328	-0.00849238	125.109	-671.544	0.00651042	6	4	4	4	372.348	363	46.4311	2.88218	1.12307	0.727231	7.60465	43.8896	18.8441	95.894	1	1	1	1	0	0	0	0
07.08.2015 00:09:10.700000	0	-0.00428328	-0.00849238	125.109	-671.543	0.00759549	6	4	4	4	333.483	363	46.5037	2.9376	1.17849	0.727231	7.60943	44.014	18.8222	96.4542	1	1	1	1	0	0	0	0
07.08.2015 00:09:10.800000	0	-0.00428328	-0.00849238	125.112	-671.547	0.00651042	6	4	4	4	438.185	363	46.5853	2.97262	1.21351	0.751636	7.62807	43.9548	18.7812	96.3848	1	1	1	1	0	0	0	0
07.08.2015 00:09:10.900000	0	-0.00428328	-0.00849238	125.109	-671.543	0.00705295	6	4	4	4	374.117	363	46.6639	2.9361	1.17699	0.772425	7.63562	43.908	18.7656	96.2653	1	1	1	1	0	0	0	0
07.08.2015 00:09:11.000000	0	-0.00428328	-0.00849238	125.109	-671.544	0.00795718	6	4	4	4	294.176	363	46.7365	2.91383	1.15472	0.772425	7.69264	43.941	18.7518	96.4444	1	1	1	1	0	0	0	0
07.08.2015 00:09:11.100000	0	-0.00428328	-0.00849238	125.109	-671.539	0.00813802	6	4	4	4	297.565	363	46.819	2.96157	1.20246	0.773219	7.70574	43.8582	18.7318	96.2036	1	1	1	1	0	0	0	0
07.08.2015 00:09:11.200000	0	-0.00428328	-0.00849238	125.109	-671.547	0.0072338	6	4	4	4	361.244	363	46.8907	3.05397	1.29486	0.774829	7.68743	43.8815	18.7158	96.3546	1	1	1	1	0	0	0	0
07.08.2015 00:09:11.300000	0	-0.00428328	-0.00849238	125.109	-671.543	0.00596788	6	4	4	4	444.561	363	46.9767	3.10657	1.34747	0.774829	7.64112	43.8472	18.689	96.3254	1	1	1	1	0	0	0	0
07.08.2015 00:09:11.400000	0	-0.00428328	-0.00849238	125.112	-671.539	0.00542535	6	4	4	4	323.192	363	47.0568	3.08489	1.32578	0.778106	7.63858	43.7712	18.6764	96.0828	1	1	1	1	0	0	0	0
07.08.2015 00:09:11.500000	0	-0.00428328	-0.00849238	125.109	-671.547	0.00488281	6	4	4	4	284.516	363	47.1334	3.10021	1.3411	0.792075	7.65242	43.7969	18.6507	96.2801	1	1	1	1	0	0	0	0
07.08.2015 00:09:11.600000	0	-0.00428328	-0.00849238	125.115	-671.547	0.0036169	6	4	4	4	426.188	363	47.221	3.16317	1.40406	0.792075	7.63544	43.7719	18.6255	96.2805	1	1	1	1	0	0	0	0
07.08.2015 00:09:11.700000	0	-0.00428328	-0.00849238	125.113	-671.539	0.00271267	6	4	4	4	437.611	363	47.2946	3.15789	1.39878	0.792684	7.64785	43.7245	18.6065	96.1716	1	1	1	1	0	0	0	0
07.08.2015 00:09:11.800000	0	-0.00428328	-0.00849238	125.117	-671.547	0.00036169	6	4	4	4	338.462	363	47.3786	3.09123	1.33212	0.799678	7.64541	43.7409	18.5955	96.2768	1	1	1	1	0	0	0	0
07.08.2015 00:09:11.900000	0	-0.00428328	-0.00849238	125.117	-671.547	0.00108507	6	4	4	4	404.379	363	47.4572	3.05084	1.29174	0.799678	7.63649	43.7131	18.5874	96.2015	1	1	1	1	0	0	0	0
07.08.2015 00:09:12.000000	0	-0.00428328	-0.00849238	125.117	-671.542	0.00072338	6	4	4	4	339.451	363	47.5299	3.00772	1.24861	0.799678	7.64934	43.7286	18.598	96.22	1	1	1	1	0	0	0	0
07.08.2015 00:09:12.100000	0	-0.00428328	-0.00849238	125.117	-671.547	0.000542535	6	4	4	4	339.661	363	47.6149	2.99226	1.23315	0.797271	7.67028	43.7303	18.6026	96.2093	1	1	1	1	0	0	0	0
07.08.2015 00:09:12.200000	0	-0.00428328	-0.00849238	125.125	-671.542	0.00108507	6	4	4	4	251.944	363	47.6841	3.00822	1.24911	0.797171	7.68465	43.7618	18.6102	96.3004	1	1	1	1	0	0	0	0
07.08.2015 00:09:12.300000	0	-0.00428328	-0.00849238	125.121	-671.547	0.00217014	6	4	4	4	309.982	363	47.7661	3.12988	1.37077	0.797171	7.71006	43.7508	18.6055	96.2763	1	1	1	1	0	0	0	0
07.08.2015 00:09:12.400000	0	-0.00428328	-0.00849238	125.122	-671.542	0.00108507	6	4	4	4	367.762	363	47.8452	3.26315	1.50404	0.778819	7.65684	43.732	18.5771	96.3132	1	1	1	1	0	0	0	0
07.08.2015 00:09:12.500000	0	-0.00428328	-0.00849238	125.121	-671.543	0.00325521	6	4	4	4	499.984	363	47.9273	3.31029	1.55118	0.77237	7.63021	43.7052	18.5349	96.3719	1	1	1	1	0	0	0	0
07.08.2015 00:09:12.600000	0	-0.00428328	-0.00849238	125.125	-671.547	0.00108507	6	4	4	4	506.098	363	48.0168	3.22138	1.46227	0.77237	7.66826	43.6576	18.5205	96.2448	1	1	1	1	0	0	0	0
07.08.2015 00:09:12.700000	0	-0.00428328	-0.00849238	125.125	-671.543	0.0016276	6	4	4	4	377.615	363	48.0905	3.04266	1.28355	0.811746	7.69357	43.6525	18.5322	96.1807	1	1	1	1	0	0	0	0
07.08.2015 00:09:12.800000	0	-0.00428328	-0.00849238	125.12	-671.544	0.00289352	6	4	4	4	279.205	363	48.1735	2.91546	1.15635	0.82631	7.70951	43.6572	18.5523	96.1216	1	1	1	1	0	0	0	0
07.08.2015 00:09:12.900000	0	-0.00428328	-0.00849238	125.125	-671.547	0.00488281	6	4	4	4	225.565	363	48.2461	2.91763	1.15852	0.82631	7.71807	43.7375	18.5783	96.3296	1	1	1	1	0	0	0	0
07.08.2015 00:09:13.000000	0	-0.00428328	-0.00849238	125.122	-671.542	0.00470197	6	4	4	4	211.459	363	48.3223	3.05871	1.2996	0.796082	7.70723	43.6938	18.6284	95.9706	1	1	1	1	0	0	0	0
07.08.2015 00:09:13.100000	0	-0.00428328	-0.00849238	125.125	-671.543	0.00434028	6	4	4	4	342.098	363	48.4063	3.29185	1.53275	0.760598	7.70634	43.6561	18.5982	95.9419	1	1	1	1	0	0	0	0
07.08.2015 00:09:13.200000	0	-0.00428328	-0.00849238	125.125	-671.542	0.00651042	6	4	4	4	401.797	363	48.4879	3.45896	1.69985	0.760598	7.65234	43.6259	18.5579	95.9805	1	1	1	1	0	0	0	0
07.08.2015 00:09:13.300000	0	-0.00428328	-0.00849238	125.125	-671.547	0.00596788	6	4	4	4	380.053	363	48.5794	3.54379	1.78468	0.826012	7.63095	43.5763	18.5049	95.9933	1	1	1	1	0	0	0	0
07.08.2015 00:09:13.400000	0	-0.00428328	-0.00849238	125.13	-671.542	0.00614873	6	4	4	4	480.75	363	48.6714	3.55115	1.79205	0.869622	7.65658	43.5246	18.4474	96.0155	1	1	1	1	0	0	0	0
07.08.2015 00:09:13.500000	0	-0.00428328	-0.00849238	125.129	-671.543	0.00542535	6	4	4	4	327.482	363	48.762	3.47269	1.71358	0.869622	7.66901	43.4894	18.4271	95.9583	1	1	1	1	0	0	0	0
07.08.2015 00:09:13.600000	0	-0.00428328	-0.00849238	125.13	-671.544	0.00542535	6	4	4	4	290.818	363	48.8475	3.45781	1.69871	0.887311	7.66838	43.4479	18.4044	95.8865	1	1	1	1	0	0	0	0
07.08.2015 00:09:13.700000	0	-0.00428328	-0.00849238	125.133	-671.543	0.00434028	6	4	4	4	391.299	363	48.9301	3.50475	1.74564	0.89146	7.65757	43.4405	18.3762	95.9662	1	1	1	1	0	0	0	0
07.08.2015 00:09:13.800000	0	-0.00428328	-0.00849238	125.135	-671.544	0.00325521	6	4	4	4	413.711	363	49.0216	3.50325	1.74414	0.89146	7.60388	43.4361	18.3546	96.0321	1	1	1	1	0	0	0	0
07.08.2015 00:09:13.900000	0	-0.00428328	-0.00849238	125.133	-671.543	0.00271267	6	4	4	4	362.576	363	49.1112	3.45617	1.69706	0.876144	7.61382	43.3686	18.3449	95.811	1	1	1	1	0	0	0	0
07.08.2015 00:09:14.000000	0	-0.00428328	-0.00849238	125.135	-671.544	0.00253183	6	4	4	4	461.012	363	49.1997	3.40073	1.64162	0.87567	7.60913	43.4309	18.343	96.0566	1	1	1	1	0	0	0	0
07.08.2015 00:09:14.100000	0	-0.00428328	-0.00849238	125.133	-671.539	0.00379774	6	4	4	4	362.653	363	49.2788	3.2972	1.5381	0.875019	7.64567	43.4067	18.3562	95.9134	1	1	1	1	0	0	0	0
07.08.2015 00:09:14.200000	0	-0.00428328	-0.00849238	125.135	-671.542	0.00180845	6	4	4	4	335.317	363	49.3673	3.21201	1.4529	0.843109	7.69822	43.3927	18.377	95.7799	1	1	1	1	0	0	0	0
07.08.2015 00:09:14.300000	0	-0.00428328	-0.00849238	125.133	-671.539	0.00325521	6	4	4	4	179.015	363	49.4454	3.22035	1.46124	0.843109	7.72653	43.4501	18.3966	95.9251	1	1	1	1	0	0	0	0
07.08.2015 00:09:14.400000	0	-0.00428328	-0.00849238	125.138	-671.544	0.0036169	6	4	4	4	326.285	363	49.525	3.37585	1.61674	0.842827	7.68889	43.4879	18.4	96.0564	1	1	1	1	0	0	0	0
07.08.2015 00:09:14.500000	0	-0.00428328	-0.00849238	125.141	-671.539	0.00434028	6	4	4	4	352.346	363	49.616	3.5307	1.7716	0.837476	7.62647	43.443	18.3805	95.9592	1	1	1	1	0	0	0	0
07.08.2015 00:09:14.600000	0	-0.00428328	-0.00849238	125.138	-671.539	0.00651042	6	4	4	4	445.862	363	49.7046	3.63063	1.87153	0.837476	7.59397	43.4353	18.3379	96.0929	1	1	1	1	0	0	0	0
07.08.2015 00:09:14.700000	0	-0.00428328	-0.00849238	125.141	-671.543	0.00651042	6	4	4	4	489.506	363	49.7971	3.60583	1.84673	0.854393	7.60148	43.3805	18.3109	95.9865	1	1	1	1	0	0	0	0
07.08.2015 00:09:14.800000	0	-0.00428328	-0.00849238	125.141	-671.544	0.00651042	6	4	4	4	391.009	363	49.8817	3.48002	1.72091	0.897894	7.6496	43.3459	18.3048	95.8776	1	1	1	1	0	0	0	0
07.08.2015 00:09:14.900000	0	-0.00428328	-0.00849238	125.141	-671.547	0.00651042	6	4	4	4	285.083	363	49.9687	3.36956	1.61045	0.897894	7.68924	43.3755	18.3178	95.941	1	1	1	1	0	0	0	0
07.08.2015 00:09:15.000000	0	-0.00428328	-0.00849238	125.141	-671.542	0.00614873	6	4	4	4	217.486	363	50.0563	3.39375	1.63464	0.880738	7.69744	43.36	18.3345	95.8173	1	1	1	1	0	0	0	0
07.08.2015 00:09:15.100000	0	-0.00428328	-0.00849238	125.141	-671.543	0.00596788	6	4	4	4	359.615	363	50.1388	3.53093	1.77182	0.848878	7.63475	43.4031	18.3159	96.0538	1	1	1	1	0	0	0	0
07.08.2015 00:09:15.200000	0	-0.00428328	-0.00849238	125.141	-671.542	0.00614873	6	4	4	4	423.261	363	50.2289	3.61492	1.85582	0.848878	7.60488	43.3551	18.3013	95.926	1	1	1	1	0	0	0	0
07.08.2015 00:09:15.300000	0	-0.00428328	-0.00849238	125.141	-671.543	0.00596788	6	4	4	4	470.377	363	50.3174	3.60573	1.84662	0.872717	7.63144	43.3169	18.2835	95.848	1	1	1	1	0	0	0	0
07.08.2015 00:09:15.400000	0	-0.00428328	-0.00849238	125.141	-671.542	0.00506366	6	4	4	4	367.732	363	50.4109	3.50483	1.74572	0.891448	7.63924	43.2997	18.2995	95.7208	1	1	1	1	0	0	0	0
07.08.2015 00:09:15.500000	0	-0.00428328	-0.00849238	125.141	-671.543	0.00434028	6	4	4	4	336.899	363	50.4935	3.44521	1.6861	0.891448	7.68432	43.3312	18.298	95.8473	1	1	1	1	0	0	0	0
07.08.2015 00:09:15.600000	0	-0.00428328	-0.00849238	125.141	-671.544	0.00289352	6	4	4	4	420.613	363	50.578	3.41768	1.65858	0.87073	7.67472	43.377	18.3037	96.0008	1	1	1	1	0	0	0	0
07.08.2015 00:09:15.700000	0	-0.00428328	-0.00849238	125.141	-671.539	0.00271267	6	4	4	4	238.252	363	50.6626	3.37538	1.61628	0.860526	7.69348	43.3627	18.3308	95.8421	1	1	1	1	0	0	0	0
07.08.2015 00:09:15.800000	0	-0.00428328	-0.00849238	125.141	-671.547	0.00217014	6	4	4	4	281.051	363	50.7521	3.44396	1.68486	0.860526	7.70539	43.3679	18.3352	95.8454	1	1	1	1	0	0	0	0
07.08.2015 00:09:15.900000	0	-0.00428328	-0.00849238	125.141	-671.543	0.00271267	6	4	4	4	278.009	363	50.8397	3.5992	1.8401	0.870517	7.68168	43.3639	18.3316	95.8435	1	1	1	1	0	0	0	0
07.08.2015 00:09:16.000000	0	-0.00428328	-0.00849238	125.141	-671.544	0.00253183	6	4	4	4	469.882	363	50.9292	3.74874	1.98963	0.872711	7.63811	43.3482	18.2841	95.9655	1	1	1	1	0	0	0	0
07.08.2015 00:09:16.100000	0	-0.00428328	-0.00849238	125.141	-671.539	0.0016276	6	4	4	4	426.221	363.043	51.0227	3.71515	1.95589	0.87766	7.64317	43.299	18.2653	95.8156	1	1	1	1	0.65	0	0	0
07.08.2015 00:09:16.200000	0	-0.00428328	-0.00849238	125.141	-671.544	-0.00144676	6	4	4	4	346.8	363.664	51.1113	3.53716	1.77806	0.917703	7.68456	43.247	18.2552	95.6769	1	1	1	1	1	0	0	0
07.08.2015 00:09:16.300000	0	-0.00428328	-0.00849238	125.141	-671.543	0.00108507	6	4	4	4	383.988	365.239	51.2048	3.45178	1.69267	0.917703	7.6909	43.2522	18.2882	95.5694	1	1	1	1	1	0	0	0
07.08.2015 00:09:16.400000	0	-0.00428328	-0.00849238	125.141	-671.542	0.00072338	6	4	4	4	395.389	367.764	51.2869	3.3709	1.61194	0.904578	7.66421	43.2894	18.3238	95.5883	1	1	1	1	1	0	0	0
07.08.2015 00:09:16.500000	0	-0.00428328	-0.00849238	125.141	-671.539	0.000542535	6	4	4	4	304.008	371.234	51.3684	3.29053	1.53144	0.86064	7.69256	43.3398	18.3459	95.6965	1	1	1	1	1	0	0	0
07.08.2015 00:09:16.600000	0	-0.00428328	-0.00849238	125.141	-671.539	0.00072338	6	4	4	4	331.847	375.656	51.455	3.45184	1.69276	0.86064	7.7066	43.3732	18.3653	95.7503	1	1	1	1	1	0	0	0
07.08.2015 00:09:16.700000	0	-0.00428328	-0.00849238	125.141	-671.543	0	6	4	4	4	352.099	381.026	51.545	3.78012	2.02102	0.863986	7.70291	43.3415	18.3385	95.7316	1	1	1	1	1	0	0	0
07.08.2015 00:09:16.800000	0	-0.00428328	-0.00849238	125.141	-671.544	0.00036169	6	4	4	4	396.542	387.347	51.6405	4.06826	2.30915	0.869684	7.67744	43.2623	18.2748	95.6722	1	1	1	1	1	0	0	0
07.08.2015 00:09:16.900000	0	-0.00428328	-0.00849238	125.148	-671.543	0.00108507	6	4	4	4	405.069	394.616	51.7415	4.32187	2.56276	0.869684	7.67238	43.0765	18.1808	95.3207	1	1	1	1	1	0	0	0
07.08.2015 00:09:17.000000	0	-0.00428328	-0.00849238	125.148	-671.542	0.00180845	6	4	4	4	466.637	402.834	51.8519	4.49236	2.73325	1.00888	7.68222	42.9674	18.0529	95.3927	1	1	1	1	1	0	0	0
07.08.2015 00:09:17.100000	0	-0.00428328	-0.00849238	125.148	-671.539	0.00271267	6	4	4	4	511.12	412.004	51.9648	4.44156	2.68246	1.01936	7.65473	42.9373	17.9609	95.6294	1	1	1	1	1	0	0	0
07.08.2015 00:09:17.200000	0	-0.00428328	-0.00849238	125.148	-671.544	0.00325521	6	4	4	4	449.327	422.12	52.0663	4.22921	2.47011	1.05151	7.65668	42.8365	17.917	95.4116	1	1	1	1	1	0	0	0
07.08.2015 00:09:17.300000	0	-0.00428328	-0.00849238	125.148	-671.539	0.00217014	6	4	4	4	418.037	433.189	52.1668	4.05766	2.29855	1.07206	7.68497	42.8447	17.902	95.5007	1	1	1	1	1	0	0	0
07.08.2015 00:09:17.400000	0	-0.00428328	-0.00849238	125.148	-671.539	0.00289352	6	4	4	4	384.093	445.207	52.2638	4.10145	2.34234	1.0644	7.73206	42.8337	17.9197	95.3906	1	1	1	1	1	0	0	0
07.08.2015 00:09:17.500000	0	-0.00428328	-0.00849238	125.148	-671.539	0.00325521	6	4	4	4	308.725	458.173	52.3688	4.47784	2.71874	0.986977	7.72736	42.8197	17.8819	95.482	1	1	1	1	1	0	0	0
07.08.2015 00:09:17.600000	0	-0.00428328	-0.00849238	125.154	-671.544	0.00289352	6	4	4	4	385.682	472.092	52.4822	5.31826	3.55916	0.986977	7.71166	42.6679	17.7445	95.4266	1	1	1	1	1	0	0	0
07.08.2015 00:09:17.700000	0	-0.00428328	-0.00849238	125.152	-671.543	0.00217014	6	4	4	4	590.143	486.959	52.6274	6.22536	4.46625	1.19005	7.66319	42.2473	17.4387	94.9872	1	1	1	1	1	0	0	0
07.08.2015 00:09:17.800000	0	-0.00428328	-0.00849238	125.156	-671.544	0.00108507	6	4	4	4	571.496	502.775	52.7846	6.66237	4.90326	1.32842	7.68396	41.8383	17.0873	94.7669	1	1	1	1	1	0	0	0
07.08.2015 00:09:17.900000	0	-0.00428328	-0.00849238	125.152	-671.539	0.000542535	6	4	4	4	517.383	519.54	52.9463	6.8441	5.08499	1.54485	7.70725	41.7662	16.7769	95.6788	1	1	1	1	1	0	0	0
07.08.2015 00:09:18.000000	0	-0.00428328	-0.00849238	125.154	-671.539	0.00036169	6	4	4	4	496.101	537.255	53.1074	7.1275	5.36839	1.60457	7.70349	41.5336	16.496	95.8641	1	1	1	1	1	0	0	0
07.08.2015 00:09:18.100000	0	-0.00428328	-0.00849238	125.156	-671.539	0.00217014	6	4	4	4	580.302	555.92	53.281	7.601	5.84189	1.64963	7.67368	41.0631	16.242	95.0349	1	1	1	1	1	0	0	0
07.08.2015 00:09:18.200000	0	-0.00428328	-0.00849238	125.156	-671.539	0.00108507	6	4	4	4	571.79	575.535	53.4606	8.00184	6.24274	1.71125	7.68207	40.7721	15.9847	94.9062	1	1	1	1	1	0	0	0
07.08.2015 00:09:18.300000	0	-0.00428328	-0.00849238	125.156	-671.547	0.00217014	6	4	4	4	577.753	596.098	53.6506	8.423	6.66389	1.85607	7.69553	40.5172	15.7456	94.8454	1	1	1	1	1	0	0	0
07.08.2015 00:09:18.400000	0	-0.00428328	-0.00849238	125.156	-671.544	0.00253183	6	4	4	4	591.027	617.611	53.8501	8.91597	7.15687	1.92308	7.76483	40.1985	15.4895	94.6056	1	1	1	1	1	0	0	0
07.08.2015 00:09:18.500000	0	-0.00428328	-0.00849238	125.156	-671.547	0.00271267	6	4	4	4	546.67	640.074	54.0605	9.56169	7.80258	2.01703	7.77821	39.9206	15.2364	94.511	1	1	1	1	1	0	0	0
07.08.2015 00:09:18.600000	0	-0.00428328	-0.00849238	125.156	-671.544	0.00253183	6	4	4	4	559.06	663.485	54.2873	10.4587	8.69961	2.16142	7.77604	39.6164	14.9395	94.4829	1	1	1	1	1	0	0	0
07.08.2015 00:09:18.700000	0	-0.00428328	-0.00849238	125.156	-671.543	0.00325521	6	4	4	4	592.58	687.846	54.5335	11.5886	9.82947	2.35346	7.75108	39.2789	14.5972	94.5011	1	1	1	1	1	0	0	0
07.08.2015 00:09:18.800000	0	-0.00428328	-0.00849238	125.156	-671.542	0.00144676	6	4	4	4	712.939	713.158	54.8041	12.8319	11.0728	2.61172	7.75101	38.9023	14.2305	94.4633	1	1	1	1	1	0	0	0
07.08.2015 00:09:18.900000	0	-0.00428328	-0.00849238	125.16	-671.547	0.000542535	6	4	4	4	702.186	739.421	55.0991	13.8927	12.1336	2.86824	7.75022	38.535	13.9196	94.2476	1	1	1	1	1	0	0	0
07.08.2015 00:09:19.000000	0	-0.00428328	-0.00849238	125.156	-671.539	0.00144676	6	4	4	4	702.261	766.631	55.412	14.9632	13.2041	3.04937	7.73401	38.2266	13.6586	94.0658	1	1	1	1	1	0	0	0
07.08.2015 00:09:19.100000	0	-0.00428328	-0.00849238	125.164	-671.543	0.00108507	6	4	4	4	781.549	794.79	55.7502	16.0802	14.321	3.34531	7.72258	37.9647	13.4266	93.9515	1	1	1	1	1	0	0	0
07.08.2015 00:09:19.200000	0	-0.00428328	-0.00849238	125.161	-671.539	0.00108507	6	4	4	4	785.08	823.902	56.1083	17.1122	15.3531	3.52585	7.71398	37.7566	13.2528	93.8199	1	1	1	1	1	0	0	0
07.08.2015 00:09:19.300000	0	-0.00428328	-0.00849238	125.164	-671.543	0	6	4	4	4	789.68	853.964	56.4824	18.1937	16.4346	3.7199	7.72215	37.6526	13.1448	93.8353	1	1	1	1	1	0	0	0
07.08.2015 00:09:19.400000	0	-0.00428328	-0.00849238	125.164	-671.542	0.00072338	6	4	4	4	837.462	884.971	56.8783	19.3127	17.5536	3.94431	7.7513	37.6055	13.1332	93.6996	1	1	1	1	1	0	0	0
07.08.2015 00:09:19.500000	0	-0.00428328	-0.00849238	125.164	-671.543	0.00108507	6	4	4	4	815.74	916.929	57.2977	20.5039	18.7448	4.14551	7.76736	37.603	13.1714	93.5437	1	1	1	1	1	0	0	0
07.08.2015 00:09:19.600000	0	-0.00428328	-0.00849238	125.164	-671.544	0.00036169	6	4	4	4	877.361	782.15	57.7329	21.8885	14.3429	4.37332	7.76324	37.7357	13.3061	93.5362	1	1	1	1	1	0.28	0	0.28
07.08.2015 00:09:19.700000	0	-0.00428328	-0.00849238	125.164	-671.539	-0.000542535	6	4	4	4	1619.6	363	59.2406	22.4252	0	41.1946	7.75781	70.796	19.4997	196.403	1	1	1	1	1	1	0.08	1
07.08.2015 00:09:19.800000	0	-0.00428328	-0.00849238	125.177	-671.542	-0.00144676	6	4	4	4	1714.68	363	62.1356	22.4252	0	73.801	6.69444	110.655	1.24058	418.924	1	1	1	1	1	1	1	1
07.08.2015 00:09:19.900000	0	-0.00642467	-0.00849238	125.172	-671.551	-0.0016276	6	4	4	4	28.8634	363	62.1276	22.4252	0	73.801	4.00933	118.393	0.623493	450.916	1	1	1	1	1	1	1	1
07.08.2015 00:09:20.000000	0	-0.00428328	-0.00849238	125.078	-671.555	-0.00036169	6	4	4	4	5.03464	363	62.1276	6.95181	0	73.801	2.69141	131.593	0.544694	501.758	1	1	1	1	1	1	1	0.31
07.08.2015 00:09:20.100000	0	-0.00428328	-0.00849238	125.059	-671.555	0.00108507	6	4	4	4	2.03706	363	62.1276	0	0	73.801	1.93945	133.088	0.52028	507.576	1	1	1	1	1	1	1	0
07.08.2015 00:09:20.200000	0	-0.00428328	-0.00849238	125.078	-671.552	0.00144676	6	4	4	4	1.71239	363	62.1276	0	0	73.801	1.3907	133.394	0.524003	508.734	1	1	1	1	1	1	1	0
07.08.2015 00:09:20.300000	0	-0.00428328	-0.00849238	125.059	-671.563	0	6	4	4	4	1.70626	363	62.1276	0	0	73.801	1.09086	133.967	0.513138	510.97	1	1	1	1	1	1	1	0
07.08.2015 00:09:20.400000	0	-0.00428328	-0.00849238	125.031	-671.557	0.00072338	6	4	4	4	0.962608	363	62.1276	0	0	73.801	0.912616	133.122	0.513871	507.728	1	1	1	1	1	1	1	0
07.08.2015 00:09:20.500000	0	-0.00428328	-0.00849238	124.988	-671.551	0.000542535	6	4	4	4	0.39347	363	62.1276	0	0	73.801	0.780744	133.061	0.507645	507.52	1	1	1	1	1	1	1	0
07.08.2015 00:09:20.600000	0	-0.00428328	-0.00849238	124.958	-671.557	0.00072338	6	4	4	4	0.367689	363	62.1276	0	0	73.801	0.656684	133.007	0.514908	507.284	1	1	1	1	1	1	1	0
07.08.2015 00:09:20.700000	0	-0.00428328	-0.00849238	124.93	-671.547	0.000542535	6	4	4	4	0.336102	363	62.1276	0	0	70.1135	0.589699	132.956	0.522172	507.061	1	1	1	1	1	1	1	0
07.08.2015 00:09:20.800000	0	-0.00428328	-0.00849238	124.927	-671.552	0.00108507	6	4	4	4	0.410497	363	62.1276	0	0	0.0496972	0.536748	132.908	0.525468	506.867	1	1	1	1	1	1	1	0
07.08.2015 00:09:20.900000	0	-0.00428328	-0.00849238	124.93	-671.547	0.000542535	6	4	4	4	0.419162	363	62.1276	0	0	0.0496972	0.492188	132.867	0.521256	506.725	1	1	1	1	1	1	1	0
07.08.2015 00:09:21.000000	0	-0.00428328	-0.00849238	124.93	-671.557	0.00072338	6	4	4	4	0.375658	363	62.1276	0	0	0.0496972	0.445602	132.828	0.52089	506.578	1	1	1	1	1	1	1	0
07.08.2015 00:09:21.100000	0	-0.00428328	-0.00849238	124.93	-671.555	0.00108507	6	4	4	4	0.38511	363	62.1276	0	0	0.0496972	0.418475	132.784	0.518509	506.418	1	1	1	1	1	1	1	0
07.08.2015 00:09:21.200000	0	-0.00428328	-0.00849238	124.93	-671.555	0.00108507	6	4	4	4	0.388106	363	62.1276	0	0	0.0496972	0.39417	132.749	0.518509	506.284	1	1	1	1	1	1	1	0
07.08.2015 00:09:21.300000	0	-0.00428328	-0.00849238	124.93	-671.555	0.00108507	6	4	4	4	0.394353	363	62.1276	0	0	0.0496972	0.371094	132.716	0.516984	506.163	1	1	1	1	1	1	1	0
07.08.2015 00:09:21.400000	0	-0.00428328	-0.00849238	124.93	-671.555	0.00072338	6	4	4	4	0.38966	363	62.1276	0	0	0.0496972	0.350043	132.681	0.518265	506.023	1	1	1	1	1	1	1	0
07.08.2015 00:09:21.500000	0	-0.00428328	-0.00849238	124.93	-671.555	0.000542535	6	4	4	4	0.383298	363	62.1276	0	0	0.0496972	0.336299	132.641	0.521439	505.859	1	1	1	1	1	1	1	0
07.08.2015 00:09:21.600000	0	-0.00428328	-0.00849238	124.93	-671.555	0.00072338	6	4	4	4	0.384722	363	62.1276	0	0	0.0496972	0.322844	132.611	0.521561	505.744	1	1	1	1	1	1	1	0
07.08.2015 00:09:21.700000	0	-0.00428328	-0.00849238	124.93	-671.555	0	6	4	4	4	0.412763	363	62.1276	0	0	0.0477093	0.307798	132.578	0.519974	505.624	1	1	1	1	1	1	1	0
07.08.2015 00:09:21.800000	0	-0.00428328	-0.00849238	124.93	-671.555	0.00108507	6	4	4	4	0.406118	363	62.1276	0	0	0	0.29702	132.547	0.520157	505.504	1	1	1	1	1	1	1	0
07.08.2015 00:09:21.900000	0	-0.00428328	-0.00849238	124.93	-671.555	0	6	4	4	4	0.368504	363	62.1276	0	0	0	0.289352	132.513	0.521867	505.366	1	1	1	1	1	1	1	0
07.08.2015 00:09:22.000000	0	-0.00428328	-0.00849238	124.917	-671.555	0.00108507	6	4	4	4	0.38815	363	62.1276	0	0	0	0.29333	132.484	0.521317	505.26	1	1	1	1	1	1	1	0
07.08.2015 00:09:22.100000	0	-0.00428328	-0.00849238	124.902	-671.555	0.00108507	6	4	4	4	0.40232	363	62.1276	0	0	0	0.306424	132.455	0.520157	505.152	1	1	1	1	1	1	1	0
07.08.2015 00:09:22.200000	0	-0.00428328	-0.00849238	124.891	-671.5	0	6	4	4	4	0.400851	363	62.1276	0	0	0	0.316623	132.425	0.522233	505.03	1	1	1	1	1	1	1	0
07.08.2015 00:09:22.300000	0	-0.00428328	-0.00849238	124.895	-671.16	-0.000542535	6	4	4	4	0.411431	363	62.1276	0	0	0	0.323495	132.402	0.524857	504.931	1	1	1	1	1	1	1	0
07.08.2015 00:09:22.400000	0	-0.00428328	-0.00849238	124.992	-667.969	0.00072338	6	4	4	4	0.380583	363	62.1276	0	0	0	0.331742	132.373	0.521989	504.833	1	1	1	1	1	1	1	0
07.08.2015 00:09:22.500000	0	-0.00428328	-0.00849238	125.102	-653.32	0.00217014	6	4	4	4	0.385036	363	62.1276	0	0	0	0.338831	132.344	0.521683	504.723	1	1	1	1	1	1	1	0
07.08.2015 00:09:22.600000	0	-0.00428328	-0.00849238	125.102	-619.474	0.00072338	6	4	4	4	0.415426	363	62.1276	0	0	0	0.345558	132.318	0.521622	504.624	1	1	1	1	1	1	1	0
07.08.2015 00:09:22.700000	0	-0.00428328	-0.00849238	125.102	-595.816	0.000542535	6	4	4	4	0.392343	363	62.1276	0	0	0	0.349175	132.289	0.520768	504.514	1	1	1	1	1	1	1	0
07.08.2015 00:09:22.800000	0	-0.00428328	-0.00849238	125.107	-567.164	0.00108507	6	4	4	4	0.398718	363	62.1276	0	0	0	0.354818	132.266	0.521073	504.424	1	1	1	1	1	1	1	0
07.08.2015 00:09:22.900000	0	-0.00428328	-0.00849238	125.109	-525.77	0.00108507	6	4	4	4	0.385912	363	62.1276	0	0	0	0.357784	132.237	0.522233	504.31	1	1	1	1	1	1	1	0
07.08.2015 00:09:23.000000	0	-0.00428328	-0.00849238	125.107	-479.424	0.00325521	6	4	4	4	0.396403	363	62.1276	0	0	0	0.360532	132.21	0.522721	504.206	1	1	1	1	1	1	1	0
07.08.2015 00:09:23.100000	0	-0.00428328	-0.00849238	125.109	-437.824	0.00271267	6	4	4	4	0.40361	363	62.1276	0	0	0	0.36169	132.182	0.525163	504.087	1	1	1	1	1	1	1	0
07.08.2015 00:09:23.200000	0	-0.00428328	-0.00849238	125.102	-396.273	0.00253183	6	4	4	4	0.419797	363	62.1276	0	0	0	0.363137	132.158	0.526139	503.991	1	1	1	1	1	1	1	0
07.08.2015 00:09:23.300000	0	-0.00428328	-0.00849238	125.098	-337.285	0.00325521	6	4	4	4	0.410333	363	62.1276	0	0	0	0.3648	132.13	0.524857	503.89	1	1	1	1	1	1	1	0
07.08.2015 00:09:23.400000	0	-0.00428328	-0.00849238	125.102	-295.19	0.00253183	6	4	4	4	0.410738	363	62.1276	0	0	0	0.365307	132.103	0.524491	503.787	1	1	1	1	1	1	1	0
07.08.2015 00:09:23.500000	0	-0.00428328	-0.00849238	125.102	-253.438	0.00325521	6	4	4	4	0.407682	363	62.1276	0	0	0	0.36697	132.081	0.529069	503.686	1	1	1	1	1	1	1	0
07.08.2015 00:09:23.600000	0	-0.00428328	-0.00849238	125.109	-206.417	0.00289352	6	4	4	4	0.425494	363	62.1276	0	0	0	0.367983	132.059	0.528886	503.603	1	1	1	1	1	1	1	0
07.08.2015 00:09:23.700000	0	-0.00428328	-0.00849238	125.105	-154.012	0.00271267	6	4	4	4	0.402432	363	62.1276	0	0	0	0.368851	132.033	0.528764	503.502	1	1	1	1	1	1	1	0
07.08.2015 00:09:23.800000	0	-0.00428328	-0.00849238	125.109	-113.055	0.00289352	6	4	4	4	0.390737	363	62.1276	0	0	0	0.368634	132.007	0.52443	503.42	1	1	1	1	1	1	1	0
07.08.2015 00:09:23.900000	0	-0.00428328	-0.00849238	125.109	-71.8711	0.00325521	6	4	4	4	0.428748	363	62.1276	0	0	0	0.369502	131.983	0.524613	503.327	1	1	1	1	1	1	1	0
07.08.2015 00:09:24.000000	0	-0.00428328	-0.00849238	125.117	-25.3411	0.00253183	6	4	4	4	0.415129	363	62.1276	0	0	0	0.369141	131.959	0.525224	503.234	1	1	1	1	1	1	1	0
07.08.2015 00:09:24.100000	0	-0.00428328	-0.00849238	125.117	26.5742	0.00108507	6	4	4	4	0.418593	363	62.1276	0	0	0	0.369575	131.932	0.524552	503.135	1	1	1	1	1	1	1	0
07.08.2015 00:09:24.200000	0	-0.00428328	-0.00849238	125.117	67.3177	0.00036169	6	4	4	4	0.392435	363	62.1276	0	0	0	0.369141	131.909	0.522599	503.052	1	1	1	1	1	1	1	0
07.08.2015 00:09:24.300000	0	-0.00428328	-0.00849238	125.117	108.141	0.000542535	6	4	4	4	0.404592	363	62.1276	0	0	0	0.368996	131.885	0.522538	502.962	1	1	1	1	1	1	1	0
07.08.2015 00:09:24.400000	0	-0.00428328	-0.00849238	125.12	159.771	-0.00072338	6	4	4	4	0.428955	363	62.1276	0	0	0	0.36943	131.864	0.524491	502.872	1	1	1	1	1	1	1	0
07.08.2015 00:09:24.500000	0	-0.00428328	-0.00849238	125.117	205.711	0	6	4	4	4	0.418386	363	62.1276	0	0	0	0.368996	131.838	0.523637	502.778	1	1	1	1	1	1	1	0
07.08.2015 00:09:24.600000	0	-0.00428328	-0.00849238	125.117	246.096	0.00036169	6	4	4	4	0.406645	363	62.1276	0	0	0	0.369719	131.815	0.525346	502.681	1	1	1	1	1	1	1	0
07.08.2015 00:09:24.700000	0	-0.00428328	-0.00849238	125.117	286.723	0.00108507	6	4	4	4	0.387692	363	62.1276	0	0	0	0.36943	131.791	0.526627	502.586	1	1	1	1	1	1	1	0
07.08.2015 00:09:24.800000	0	-0.00428328	-0.00849238	125.117	343.625	0.00108507	6	4	4	4	0.395258	363	62.1276	0	0	0	0.370153	131.765	0.528398	502.477	1	1	1	1	1	1	1	0
07.08.2015 00:09:24.900000	0	-0.00428328	-0.00849238	125.117	384.5	0.00108507	6	4	4	4	0.43923	363	62.1276	0	0	0	0.369719	131.745	0.528336	502.401	1	1	1	1	1	1	1	0
07.08.2015 00:09:25.000000	0	-0.00428328	-0.00849238	125.117	424.964	0.00036169	6	4	4	4	0.380205	363	62.1276	0	0	0	0.369864	131.723	0.532182	502.304	1	1	1	1	1	1	1	0
07.08.2015 00:09:25.100000	0	-0.00428328	-0.00849238	125.117	473.574	0.00108507	6	4	4	4	0.378129	363	62.1276	0	0	0	0.370009	131.702	0.529679	502.231	1	1	1	1	1	1	1	0
07.08.2015 00:09:25.200000	0	-0.00428328	-0.00849238	125.117	522.169	0.00072338	6	4	4	4	0.395131	363	62.1276	0	0	0	0.369864	131.68	0.52913	502.149	1	1	1	1	1	1	1	0
07.08.2015 00:09:25.300000	0	-0.00428328	-0.00849238	125.117	562.301	0.00108507	6	4	4	4	0.432448	363	62.1276	0	0	0	0.370009	131.659	0.53029	502.065	1	1	1	1	1	1	1	0
07.08.2015 00:09:25.400000	0	-0.00428328	-0.00849238	125.115	594.529	0.00108507	6	4	4	4	0.392275	363	62.1276	0	0	0	0.369864	131.633	0.530107	501.968	1	1	1	1	1	1	1	0
07.08.2015 00:09:25.500000	0	-0.00428328	-0.00849238	125.117	631.723	0.000542535	6	4	4	4	0.367679	363	62.1276	0	0	0	0.370298	131.613	0.529069	501.894	1	1	1	1	1	1	1	0
07.08.2015 00:09:25.600000	0	-0.00428328	-0.00849238	125.117	651.62	0.00036169	6	4	4	4	0.389359	363	62.1276	0	0	0	0.369575	131.591	0.531388	501.801	1	1	1	1	1	1	1	0
07.08.2015 00:09:25.700000	0	-0.00428328	-0.00849238	125.117	665.773	0.00108507	6	4	4	4	0.418143	363	62.1276	0	0	0	0.369864	131.57	0.531205	501.721	1	1	1	1	1	1	1	0
07.08.2015 00:09:25.800000	0	-0.00428328	-0.00849238	125.12	672.099	0.00036169	6	4	4	4	0.429092	363	62.1276	0	0	0	0.369141	131.551	0.530351	501.652	1	1	1	1	1	1	1	0
07.08.2015 00:09:25.900000	0	-0.00428328	-0.00849238	125.121	674.504	0	6	4	4	4	0.401262	363	62.1276	0	0	0	0.369213	131.529	0.527238	501.578	1	1	1	1	1	1	1	0
07.08.2015 00:09:26.000000	0	-0.00428328	-0.00849238	125.12	674.831	0.00072338	6	4	4	4	0.387307	363	62.1276	0	0	0	0.368417	131.506	0.531083	501.477	1	1	1	1	1	1	1	0
07.08.2015 00:09:26.100000	0	-0.00428328	-0.00849238	125.117	674.848	0	6	4	4	4	0.394216	363	62.1276	0	0	0	0.367839	131.484	0.534196	501.38	1	1	1	1	1	1	1	0
07.08.2015 00:09:26.200000	0	-0.00428328	-0.00849238	125.109	674.846	0.00108507	6	4	4	4	0.416656	363	62.1276	0	0	0	0.36726	131.462	0.53383	501.298	1	1	1	1	1	1	1	0
07.08.2015 00:09:26.300000	0	-0.00428328	-0.00849238	125.082	674.84	0.00325521	6	4	4	4	0.404585	363	62.1276	0	0	0	0.36697	131.448	0.535173	501.237	1	1	1	1	1	1	1	0
07.08.2015 00:09:26.400000	0	-0.00428328	-0.00849238	124.984	674.891	0.00072338	6	4	4	4	0.404926	363	62.1276	0	0	0	0.360966	131.47	0.533097	501.331	1	1	1	1	1	1	1	0
07.08.2015 00:09:26.500000	0	-0.00428328	-0.00849238	124.938	674.93	0.00108507	6	4	4	4	0.433094	363	62.1276	0	0	0	0.34838	131.408	0.531266	501.102	1	1	1	1	1	1	1	0
07.08.2015 00:09:26.600000	0	-0.00428328	-0.00849238	124.935	674.901	0.00108507	6	4	4	4	0.437645	363	62.1276	0	0	0	0.340422	131.39	0.531144	501.029	1	1	1	1	1	1	1	0
07.08.2015 00:09:26.700000	0	-0.00428328	-0.00849238	124.934	674.898	0.000542535	6	4	4	4	0.383658	363	62.1276	0	0	0	0.331814	131.367	0.533193	500.937	1	1	1	1	1	1	1	0
07.08.2015 00:09:26.800000	0	-0.00428328	-0.00849238	124.935	674.88	0.00072338	6	4	4	4	0.386028	363	62.1276	0	0	0	0.326823	131.349	0.532658	500.866	1	1	1	1	1	1	1	0
07.08.2015 00:09:26.900000	0	-0.00428328	-0.00849238	124.934	674.867	0.000542535	6	4	4	4	0.397449	363	62.1276	0	0	0	0.31799	131.332	0.531327	500.81	1	1	1	1	1	1	1	0
07.08.2015 00:09:27.000000	0	-0.00428328	-0.00849238	124.935	674.898	0.00072338	6	4	4	4	0.443357	363	62.1276	0	0	0	0.310757	131.31	0.533036	500.717	1	1	1	1	1	1	1	0
07.08.2015 00:09:27.100000	0	-0.00428328	-0.00849238	124.938	674.859	0.00108507	6	4	4	4	0.42003	363	62.1276	0	0	0	0.302734	131.29	0.534257	500.637	1	1	1	1	1	1	1	0
07.08.2015 00:09:27.200000	0	-0.00428328	-0.00849238	124.935	674.883	0.00108507	6	4	4	4	0.396086	363	62.1276	0	0	0	0.294473	131.269	0.534867	500.553	1	1	1	1	1	1	1	0
07.08.2015 00:09:27.300000	0	-0.00428328	-0.00849238	124.922	674.941	0	6	4	4	4	0.410115	363	62.1276	0	0	0	0.290639	131.248	0.534379	500.481	1	1	1	1	1	1	1	0
07.08.2015 00:09:27.400000	0	-0.00428328	-0.00849238	124.93	674.938	0.00108507	6	4	4	4	0.446285	363	62.1276	0	0	0	0.286914	131.236	0.537065	500.421	1	1	1	1	1	1	1	0
07.08.2015 00:09:27.500000	0	-0.00428328	-0.00849238	124.93	674.895	-0.00108507	6	4	4	4	0.465407	363	62.1276	0	0	0	0.282444	131.214	0.537492	500.335	1	1	1	1	1	1	1	0
07.08.2015 00:09:27.600000	0	-0.00428328	-0.00849238	124.932	674.966	-0.00144676	6	4	4	4	0.392926	363	62.1276	0	0	0	0.276114	131.196	0.535417	500.271	1	1	1	1	1	1	1	0
07.08.2015 00:09:27.700000	0	-0.00428328	-0.00849238	124.934	675.059	-0.0016276	6	4	4	4	0.434514	363	62.1276	0	0	0	0.272461	131.178	0.535722	500.205	1	1	1	1	1	1	1	0
07.08.2015 00:09:27.800000	0	-0.00428328	-0.00849238	124.938	675.026	-0.00072338	6	4	4	4	0.432199	363	62.1276	0	0	0	0.267542	131.158	0.535112	500.13	1	1	1	1	1	1	1	0
07.08.2015 00:09:27.900000	0	-0.00428328	-0.00849238	124.934	675.016	0.000542535	6	4	4	4	0.413454	363	62.1276	0	0	0	0.265357	131.139	0.534013	500.06	1	1	1	1	1	1	1	0
07.08.2015 00:09:28.000000	0	-0.00428328	-0.00849238	124.938	674.992	0.00036169	6	4	4	4	0.397638	363	62.1276	0	0	0	0.260916	131.12	0.533464	499.991	1	1	1	1	1	1	1	0
07.08.2015 00:09:28.100000	0	-0.00428328	-0.00849238	124.938	674.984	0.000542535	6	4	4	4	0.411939	363	62.1276	0	0	0	0.258413	131.1	0.534745	499.907	1	1	1	1	1	1	1	0
07.08.2015 00:09:28.200000	0	-0.00428328	-0.00849238	124.938	674.971	0.00072338	6	4	4	4	0.398968	363	62.1276	0	0	0	0.255064	131.085	0.535783	499.846	1	1	1	1	1	1	1	0
07.08.2015 00:09:28.300000	0	-0.00428328	-0.00849238	124.945	674.949	0.000542535	6	4	4	4	0.438016	363	62.1276	0	0	0	0.252402	131.064	0.534196	499.773	1	1	1	1	1	1	1	0
07.08.2015 00:09:28.400000	0	-0.00428328	-0.00849238	124.94	674.948	0.00144676	6	4	4	4	0.436475	363	62.1276	0	0	0	0.250304	131.043	0.534135	499.694	1	1	1	1	1	1	1	0
07.08.2015 00:09:28.500000	0	-0.00428328	-0.00849238	124.941	674.945	0.00325521	6	4	4	4	0.405747	363	62.1276	0	0	0	0.247931	131.027	0.535295	499.629	1	1	1	1	1	1	1	0
07.08.2015 00:09:28.600000	0	-0.00428328	-0.00849238	124.945	674.945	0.00289352	6	4	4	4	0.430583	363	62.1276	0	0	0	0.247186	131.007	0.537675	499.54	1	1	1	1	1	1	1	0
07.08.2015 00:09:28.700000	0	-0.00428328	-0.00849238	124.941	674.945	0.00325521	6	4	4	4	0.426367	363	62.1276	0	0	0	0.243526	130.991	0.539201	499.472	1	1	1	1	1	1	1	0
07.08.2015 00:09:28.800000	0	-0.00428328	-0.00849238	124.94	674.945	0.00289352	6	4	4	4	0.436066	363	62.1276	0	0	0	0.243844	130.975	0.537309	499.419	1	1	1	1	1	1	1	0
07.08.2015 00:09:28.900000	0	-0.00428328	-0.00849238	124.941	674.938	0.00217014	6	4	4	4	0.430482	363	62.1276	0	0	0	0.240871	130.956	0.534623	499.359	1	1	1	1	1	1	1	0
07.08.2015 00:09:29.000000	0	-0.00428328	-0.00849238	124.945	674.935	0.00072338	6	4	4	4	0.392975	363	62.1276	0	0	0	0.240488	130.939	0.535356	499.289	1	1	1	1	1	1	1	0
07.08.2015 00:09:29.100000	0	-0.00428328	-0.00849238	124.945	674.945	0.000542535	6	4	4	4	0.41551	363	62.1276	0	0	0	0.23844	130.921	0.533525	499.228	1	1	1	1	1	1	1	0
07.08.2015 00:09:29.200000	0	-0.00428328	-0.00849238	124.945	674.935	0.00072338	6	4	4	4	0.43812	363	62.1276	0	0	0	0.237739	130.902	0.533036	499.157	1	1	1	1	1	1	1	0
07.08.2015 00:09:29.300000	0	-0.00428328	-0.00849238	124.941	674.93	0.000542535	6	4	4	4	0.394841	363	62.1276	0	0	0	0.23635	130.887	0.536027	499.089	1	1	1	1	1	1	1	0
07.08.2015 00:09:29.400000	0	-0.00428328	-0.00849238	124.945	674.924	0.00108507	6	4	4	4	0.412054	363	62.1276	0	0	0	0.236068	130.867	0.537187	499.006	1	1	1	1	1	1	1	0
07.08.2015 00:09:29.500000	0	-0.00428328	-0.00849238	124.945	674.922	0.000542535	6	4	4	4	0.442544	363	62.1276	0	0	0	0.235258	130.848	0.538652	498.93	1	1	1	1	1	1	1	0
07.08.2015 00:09:29.600000	0	-0.00428328	-0.00849238	124.935	674.922	0.00108507	6	4	4	4	0.441328	363	62.1276	0	0	0	0.233333	130.83	0.538835	498.86	1	1	1	1	1	1	1	0
07.08.2015 00:09:29.700000	0	-0.00428328	-0.00849238	124.938	674.922	0.0016276	6	4	4	4	0.394441	363	62.1276	0	0	0	0.2341	130.812	0.537919	498.795	1	1	1	1	1	1	1	0
07.08.2015 00:09:29.800000	0	-0.00428328	-0.00849238	124.943	674.922	0.00325521	6	4	4	4	0.374937	363	62.1276	0	0	0	0.232559	130.792	0.534684	498.729	1	1	1	1	1	1	1	0
07.08.2015 00:09:29.900000	0	-0.00428328	-0.00849238	124.941	674.91	0.00217014	6	4	4	4	0.442323	363	62.1276	0	0	0	0.233927	130.776	0.537065	498.658	1	1	1	1	1	1	1	0
07.08.2015 00:09:30.000000	0	-0.00428328	-0.00849238	124.943	674.909	0.00325521	6	4	4	4	0.44282	363	62.1276	0	0	0	0.230903	130.759	0.543596	498.57	1	1	1	1	1	1	1	0
07.08.2015 00:09:30.100000	0	-0.00428328	-0.00849238	124.945	674.906	0.00217014	6	4	4	4	0.402938	363	62.1276	0	0	0	0.232321	130.743	0.537126	498.533	1	1	1	1	1	1	1	0
07.08.2015 00:09:30.200000	0	-0.00428328	-0.00849238	124.945	674.906	0.00325521	6	4	4	4	0.342594	363	62.1276	0	0	0	0.230064	130.724	0.536576	498.463	1	1	1	1	1	1	1	0
07.08.2015 00:09:30.300000	0	-0.00428328	-0.00849238	124.945	674.906	0.00325521	6	4	4	4	0.357226	363	62.1276	0	0	0	0.230216	130.707	0.537736	498.393	1	1	1	1	1	1	1	0
07.08.2015 00:09:30.400000	0	-0.00428328	-0.00849238	124.945	674.906	0.00072338	6	4	4	4	0.35023	363	62.1276	0	0	0	0.229051	130.69	0.537004	498.33	1	1	1	1	1	1	1	0
07.08.2015 00:09:30.500000	0	-0.00428328	-0.00849238	124.945	674.906	0.00108507	6	4	4	4	0.331891	363	62.1276	0	0	0	0.229073	130.673	0.538713	498.258	1	1	1	1	1	1	1	0
07.08.2015 00:09:30.600000	0	-0.00428328	-0.00849238	124.945	674.906	0	6	4	4	4	0.325758	363	62.1276	0	0	0	0.229615	130.653	0.539994	498.178	1	1	1	1	1	1	1	0
07.08.2015 00:09:30.700000	0	-0.00428328	-0.00849238	124.945	674.906	0.000542535	6	4	4	4	0.357282	363	62.1276	0	0	0	0.226823	130.638	0.540483	498.119	1	1	1	1	1	1	1	0
07.08.2015 00:09:30.800000	0	-0.00428328	-0.00849238	124.94	674.885	0.00108507	6	4	4	4	0.343444	363	62.1276	0	0	0	0.228393	130.623	0.543474	498.049	1	1	1	1	1	1	1	0
07.08.2015 00:09:30.900000	0	-0.00428328	-0.00849238	124.945	674.883	0.00108507	6	4	4	4	0.328422	363	62.1276	0	0	0	0.227206	130.605	0.552202	497.945	1	1	1	1	1	1	1	0
07.08.2015 00:09:31.000000	0	-0.00428328	-0.00849238	124.94	674.891	0.00072338	6	4	4	4	0.312633	363	62.1276	0	0	0	0.228429	130.588	0.560564	497.848	1	1	1	1	1	1	1	0
07.08.2015 00:09:31.100000	0	-0.00428328	-0.00849238	124.938	674.91	0.00108507	6	4	4	4	0.352055	363	62.1276	0	0	0	0.225774	130.574	0.572344	497.75	1	1	1	1	1	1	1	0
07.08.2015 00:09:31.200000	0	-0.00428328	-0.00849238	124.94	674.906	0.00036169	6	4	4	4	0.38058	363	62.1276	0	0	0	0.22793	130.559	0.585894	497.641	1	1	1	1	1	1	1	0
07.08.2015 00:09:31.300000	0	-0.00428328	-0.00849238	124.945	674.918	0	6	4	4	4	0.337348	363	62.1276	0	0	0	0.226353	130.542	0.598651	497.528	1	1	1	1	1	1	1	0
07.08.2015 00:09:31.400000	0	-0.00428328	-0.00849238	124.943	674.922	0.00289352	6	4	4	4	0.332117	363	62.1276	0	0	0	0.226454	130.526	0.606647	497.436	1	1	1	1	1	1	1	0
07.08.2015 00:09:31.500000	0	-0.00428328	-0.00849238	124.941	674.934	0.00271267	6	4	4	4	0.33686	363	62.1276	0	0	0	0.225514	130.514	0.623127	497.328	1	1	1	1	1	1	1	0
07.08.2015 00:09:31.600000	0	-0.00428328	-0.00849238	124.94	674.938	0.00217014	6	4	4	4	0.35992	363	62.1276	0	0	0	0.226165	130.497	0.633747	497.222	1	1	1	1	1	1	1	0
07.08.2015 00:09:31.700000	0	-0.00428328	-0.00849238	124.945	674.945	0.00217014	6	4	4	4	0.322532	363	62.1276	0	0	0	0.226881	130.479	0.642598	497.119	1	1	1	1	1	1	1	0
07.08.2015 00:09:31.800000	0	-0.00428328	-0.00849238	124.943	674.924	0.00325521	6	4	4	4	0.330646	363	62.1276	0	0	0	0.225087	130.461	0.650349	497.019	1	1	1	1	1	1	1	0
07.08.2015 00:09:31.900000	0	-0.00428328	-0.00849238	124.945	674.938	0.00271267	6	4	4	4	0.334654	363	62.1276	0	0	0	0.226591	130.444	0.657857	496.927	1	1	1	1	1	1	1	0
07.08.2015 00:09:32.000000	0	-0.00428328	-0.00849238	124.945	674.935	0.00325521	6	4	4	4	0.351659	363	62.1276	0	0	0	0.225022	130.43	0.663717	496.849	1	1	1	1	1	1	1	0
07.08.2015 00:09:32.100000	0	-0.00428328	-0.00849238	124.945	674.945	0.00108507	6	4	4	4	0.347856	363	62.1276	0	0	0	0.226338	130.412	0.667562	496.767	1	1	1	1	1	1	1	0
07.08.2015 00:09:32.200000	0	-0.00428328	-0.00849238	124.943	674.948	0.00144676	6	4	4	4	0.297665	363	62.1276	0	0	0	0.223958	130.397	0.67275	496.689	1	1	1	1	1	1	1	0
07.08.2015 00:09:32.300000	0	-0.00428328	-0.00849238	124.938	674.953	0.00271267	6	4	4	4	0.289835	363	62.1276	0	0	0	0.225984	130.379	0.679708	496.594	1	1	1	1	1	1	1	0
07.08.2015 00:09:32.400000	0	-0.00428328	-0.00849238	124.943	674.956	0.00289352	6	4	4	4	0.347125	363	62.1276	0	0	0	0.224696	130.363	0.687094	496.504	1	1	1	1	1	1	1	0
07.08.2015 00:09:32.500000	0	-0.00428328	-0.00849238	124.941	674.957	-0.000542535	6	4	4	4	0.384592	363	62.1276	0	0	0	0.225087	130.346	0.693625	496.412	1	1	1	1	1	1	1	0
07.08.2015 00:09:32.600000	0	-0.00428328	-0.00849238	124.945	674.971	0.0036169	6	4	4	4	0.327576	363	62.1276	0	0	0	0.224501	130.332	0.69454	496.354	1	1	1	1	1	1	1	0
07.08.2015 00:09:32.700000	0	-0.00428328	-0.00849238	124.945	674.984	0.00488281	6	4	4	4	0.337789	363	62.1276	0	0	0	0.225311	130.318	0.695456	496.298	1	1	1	1	1	1	1	0
07.08.2015 00:09:32.800000	0	-0.00428328	-0.00849238	124.927	674.948	0.00325521	6	4	4	4	0.336989	363	62.1276	0	0	0	0.227264	130.308	0.699545	496.245	1	1	1	1	1	1	1	0
07.08.2015 00:09:32.900000	0	-0.00428328	-0.00849238	124.801	675.008	0.00271267	6	4	4	4	0.350256	363	62.1276	0	0	0	0.228602	130.29	0.69686	496.187	1	1	1	1	1	1	1	0
07.08.2015 00:09:33.000000	0	-0.00428328	-0.00849238	124.794	674.979	0.00253183	6	4	4	4	0.331676	363	62.1276	0	0	0	0.233037	130.275	0.69686	496.129	1	1	1	1	1	1	1	0
07.08.2015 00:09:33.100000	0	-0.00428328	-0.00849238	124.793	674.977	0.00108507	6	4	4	4	0.314888	363	62.1276	0	0	0	0.234404	130.26	0.698202	496.068	1	1	1	1	1	1	1	0
07.08.2015 00:09:33.200000	0	-0.00428328	-0.00849238	124.794	674.992	0.00108507	6	4	4	4	0.326802	363	62.1276	0	0	0	0.238071	130.242	0.698141	495.998	1	1	1	1	1	1	1	0
07.08.2015 00:09:33.300000	0	-0.00428328	-0.00849238	124.797	674.996	0.000542535	6	4	4	4	0.381673	363	62.1276	0	0	0	0.237283	130.229	0.701193	495.935	1	1	1	1	1	1	1	0
07.08.2015 00:09:33.400000	0	-0.00428328	-0.00849238	124.805	674.995	0.00072338	6	4	4	4	0.354781	363	62.1276	0	0	0	0.240242	130.213	0.698996	495.885	1	1	1	1	1	1	1	0
07.08.2015 00:09:33.500000	0	-0.00428328	-0.00849238	124.801	675.074	0.000542535	6	4	4	4	0.345536	363	62.1276	0	0	0	0.239742	130.199	0.701804	495.818	1	1	1	1	1	1	1	0
07.08.2015 00:09:33.600000	0	-0.00428328	-0.00849238	124.802	675.034	0.00072338	6	4	4	4	0.302552	363	62.1276	0	0	0	0.240133	130.181	0.703024	495.747	1	1	1	1	1	1	1	0
07.08.2015 00:09:33.700000	0	-0.00428328	-0.00849238	124.805	675	0.00108507	6	4	4	4	0.337126	363	62.1276	0	0	0	0.240639	130.168	0.702597	495.699	1	1	1	1	1	1	1	0
07.08.2015 00:09:33.800000	0	-0.00428328	-0.00849238	124.805	675.031	0.00072338	6	4	4	4	0.355509	363	62.1276	0	0	0	0.243215	130.138	0.70632	495.566	1	1	1	1	1	1	1	0
07.08.2015 00:09:33.900000	0	-0.00428328	-0.00849238	124.805	675.027	0.000542535	6	4	4	4	0.331053	363	62.1276	0	0	0	0.249508	130.145	0.704978	495.601	1	1	1	1	1	1	1	0
07.08.2015 00:09:34.000000	0	-0.00428328	-0.00849238	124.81	675.031	0.00144676	6	4	4	4	0.342142	363	62.1276	0	0	0	0.254369	130.129	0.703696	495.542	1	1	1	1	1	1	1	0
07.08.2015 00:09:34.100000	0	-0.00428328	-0.00849238	124.816	675.027	0.00271267	6	4	4	4	0.350547	363	62.1276	0	0	0	0.260185	130.114	0.702292	495.49	1	1	1	1	1	1	1	0
07.08.2015 00:09:34.200000	0	-0.00428328	-0.00849238	124.818	675.029	0.0036169	6	4	4	4	0.336375	363	62.1276	0	0	0	0.264077	130.101	0.702658	495.441	1	1	1	1	1	1	1	0
07.08.2015 00:09:34.300000	0	-0.00428328	-0.00849238	124.82	675.023	0.00488281	6	4	4	4	0.332475	363	62.1276	0	0	0	0.268019	130.083	0.702841	495.371	1	1	1	1	1	1	1	0
07.08.2015 00:09:34.400000	0	-0.00428328	-0.00849238	124.818	675.023	0.00614873	6	4	4	4	0.299154	363	62.1276	0	0	0	0.267889	130.066	0.70217	495.308	1	1	1	1	1	1	1	0
07.08.2015 00:09:34.500000	0	-0.00428328	-0.00849238	124.816	675.023	0.00651042	6	4	4	4	0.307668	363	62.1276	0	0	0	0.271072	130.053	0.702475	495.257	1	1	1	1	1	1	1	0
07.08.2015 00:09:34.600000	0	-0.00428328	-0.00849238	124.818	675.023	0.00614873	6	4	4	4	0.356919	363	62.1276	0	0	0	0.27377	130.037	0.702902	495.195	1	1	1	1	1	1	1	0
07.08.2015 00:09:34.700000	0	-0.00428328	-0.00849238	124.82	675.023	0.00813802	6	4	4	4	0.358812	363	62.1276	0	0	0	0.275687	130.024	0.704978	495.135	1	1	1	1	1	1	1	0
07.08.2015 00:09:34.800000	0	-0.00428328	-0.00849238	124.82	675.023	0.00651042	6	4	4	4	0.33665	363	62.1276	0	0	0	0.27832	130.006	0.70455	495.07	1	1	1	1	1	1	1	0
07.08.2015 00:09:34.900000	0	-0.00428328	-0.00849238	124.82	675.023	0.00596788	6	4	4	4	0.317755	363	62.1276	0	0	0	0.28269	129.99	0.70394	495.012	1	1	1	1	1	1	1	0
07.08.2015 00:09:35.000000	0	-0.00428328	-0.00849238	124.828	675.023	0.00542535	6	4	4	4	0.321468	363	62.1276	0	0	0	0.286645	129.982	0.70547	494.976	1	1	1	1	1	1	1	0
