Time	[76:0]	[76:1]	[76:2]	[76:4]	[76:8]	[76:70]	[76:71]	[78:0]	[78:1]	[78:2]	[79:2]	[79:3]	[79:4]	[79:8]	[79:9]	[79:10]	[79:11]	[79:12]	[79:13]	[79:14]	[79.0]	[79.1]	[79.2]	[79.3]	[79.4]	[79.5]	[79.6]	[79.8]
time	Hoogteverstelling - Referentie positie (mm)	Hoogteverstelling - AZ gemeten positie (mm)	Hoogteverstelling - BZ gemeten positie (mm)	Transfert Ingang - Gemeten positie (mm)	Transfert Uitgang - Gemeten positie (mm)	Aardgas - actueel debiet	Stappenschakelaar - gemeten pos	Laspos Ing - positie discreet	Laspos Uitg - positie discreet	Schaafverstelling - positie discreet	Stuikraam - Totale Stroommeting RMS-waarde (A)	Stuikraam - Stroomreferentie (A)	Stuikraam - Positie AZ (mm, pulsgever)	Stuikraam - Referentie Servo-ventiel (%)	Stuikraam - Trim door I-regelaar (%)	Stuikraam - Gemeten snelheid (mm/s, pulsgever)	Secundaire lasspanning	Stuikraam - Druk stuikcilinder voorkamer (=laszijde)  (bar)	Stuikraam - Druk stuikcilinder terugloopkamer  (bar)	Stuikraam - Netto voorwaartse kracht op stuikraam (kN)	Stuikraam - P1	Stuikraam - P2	Stuikraam - P3	Stuikraam - P4	Stuikraam - P5	Stuikraam - P6	Stuikraam - P7	Stuikraam - Openen stuikventielen	

Lasparameter.Ingang - Coil ID	0320355S
Lasparameter.Ingang - Dikte (um)	3090
Lasparameter.Ingang - Breedte (mm)	1293
Lasparameter.Ingang - Materiaal	0001
Lasparameter.Uitgang - Coil ID	0321826S
Lasparameter.Uitgang - Dikte (um)	2940
Lasparameter.Uitgang - Breedte (mm)	1377
Lasparameter.Uitgang - Materiaal	0001
Lasparameter.P2 (mm)	32.0
Lasparameter.P3 (mm)	42.0
Lasparameter.P4 (mm)	50.1
Lasparameter.P5 (mm)	57.0
Lasparameter.P6 (mm)	62.9
Lasparameter.P7 (mm)	66.1
Lasparameter.Vonksnelheid (mm/s)	1.20
Lasparameter.Lassnelheid (mm/s)	0.48
Lasparameter.Stroom Referentie (A)	0326
Lasparameter.Stroomtoename (µA/s2)	50.2
Lasparameter.Stuikstroomtijd (per)	0007
Lasparameter.Afkoeltijd Stuik (per)	0010
Lasparameter.Stuikdruk (bar)	0100
Lasparameter.Stuiksnelheid (%)	90.0

09.08.2015 23:09:52.314000	-0.0749999	-0.0770149	-0.0637853	0.046875	0.00390625	-0.00217014	4	3	3	3	0.261467	326	0	0	0	0	0.187283	6.21467	123.928	-450.7	1	0	0	0	0	0	0	0
09.08.2015 23:09:52.414000	-0.0749999	-0.0770149	-0.0637853	0.046875	0.0234375	-0.00271267	4	3	3	3	0.26274	326	0	0	0	0	0.19145	5.62371	123.914	-452.911	1	0	0	0	0	0	0	0
09.08.2015 23:09:52.514000	-0.0749999	-0.0770149	-0.0637853	0.00260417	-0.0104167	-0.00470197	4	3	3	3	0.247345	326	0	0	0	0	0.18928	5.44078	123.877	-453.469	1	0	0	0	0	0	0	0
09.08.2015 23:09:52.614000	-0.0749999	-0.0770149	-0.0637853	0.00390625	-0.0117188	-0.00434028	4	3	3	3	0.242848	326	0	0	0	0	0.191291	5.94269	123.874	-451.536	1	0	0	0	0	0	0	0
09.08.2015 23:09:52.714000	-0.0749999	-0.0770149	-0.0637853	0.0078125	-0.0234375	-0.00470197	4	3	3	3	0.246958	326	0	0	0	0	0.187182	5.30711	123.846	-453.861	1	0	0	0	0	0	0	0
09.08.2015 23:09:52.814000	-0.0749999	-0.0770149	-0.0637853	0.0117188	-0.03125	-0.00434028	4	3	3	3	0.253159	326	0	0	0	0	0.191276	5.3762	123.833	-453.546	1	0	0	0	0	0	0	0
09.08.2015 23:09:52.914000	-0.0749999	-0.0770149	-0.0637853	0.0104167	-0.0130208	-0.00470197	4	3	3	3	0.252942	326	0	0	0	0	0.189193	2.89865	123.706	-462.546	1	0	0	0	0	0	0	0
09.08.2015 23:09:53.014000	-0.0749999	-0.0770149	-0.0637853	0.00390625	0.0820313	-0.00434028	4	3	3	3	0.256615	326	0	0	0	0	0.187963	3.68206	123.706	-459.547	1	0	0	0	0	0	0	0
09.08.2015 23:09:53.114000	-0.0749999	-0.0770149	-0.0637853	0.00260417	-0.0989583	-0.00434028	4	3	3	3	0.241023	326	0	0	0	0	0.188223	4.42927	123.725	-456.761	1	0	0	0	0	0	0	0
09.08.2015 23:09:53.214000	-0.0749999	-0.0770149	-0.0637853	-0.00390625	-0.574219	-0.00434028	4	3	3	3	0.241639	326	0	0	0	0	0.186777	2.64962	123.625	-463.192	1	0	0	0	0	0	0	0
09.08.2015 23:09:53.314000	-0.0749999	-0.0770149	-0.0637853	0.00260417	-1.94271	-0.00470197	4	3	3	3	0.25401	326	0	0	0	0	0.188759	5.8435	123.71	-451.288	1	0	0	0	0	0	0	0
09.08.2015 23:09:53.414000	-0.0749999	-0.0770149	-0.0637853	0.0195313	-13.8047	-0.00759549	4	3	3	3	0.266409	326	0	0	0	0	0.183637	7.64092	123.834	-444.882	1	0	0	0	0	0	0	0
09.08.2015 23:09:53.514000	-0.0749999	-0.0770149	-0.0637853	0.0104167	-32.4583	-0.00434028	4	3	3	3	0.257486	326	0	0	0	0	0.187471	4.24274	123.693	-457.35	1	0	0	0	0	0	0	0
09.08.2015 23:09:53.614000	-0.0749999	-0.0770149	-0.0637853	0.015625	-53.1406	-0.00434028	4	3	3	3	0.276542	326	0	0	0	0	0.184867	5.12369	123.676	-453.915	1	0	0	0	0	0	0	0
09.08.2015 23:09:53.714000	-0.0749999	-0.0770149	-0.0637853	0.0130208	-81.8776	-0.00542535	4	3	3	3	0.250512	326	0	0	0	0	0.18601	5.30302	123.669	-453.198	1	0	0	0	0	0	0	0
09.08.2015 23:09:53.814000	-0.0749999	-0.0770149	-0.0637853	0.0117188	-120.051	-0.00705295	4	3	3	3	0.246639	326	0	0	0	0	0.184071	6.7123	123.687	-447.874	1	0	0	0	0	0	0	0
09.08.2015 23:09:53.914000	-0.0749999	-0.0770149	-0.0637853	0.015625	-154.352	-0.0072338	4	3	3	3	0.262115	326	0	0	0	0	0.187008	5.11344	123.624	-453.754	1	0	0	0	0	0	0	0
09.08.2015 23:09:54.014000	-0.0749999	-0.0770149	-0.0637853	0.0117188	-191.973	-0.00705295	4	3	3	3	0.2377	326	0	0	0	0	0.187341	5.78796	123.613	-451.129	1	0	0	0	0	0	0	0
09.08.2015 23:09:54.114000	-0.0749999	-0.0770149	-0.0637853	0.0130208	-241.753	-0.00687211	4	3	3	3	0.240325	326	0	0	0	0	0.186603	5.42088	123.584	-452.424	1	0	0	0	0	0	0	0
09.08.2015 23:09:54.214000	-0.0749999	-0.0770149	-0.0637853	0	-286.203	-0.00651042	4	3	3	3	0.246898	326	0	0	0	0	0.188657	3.26713	123.473	-460.243	1	0	0	0	0	0	0	0
09.08.2015 23:09:54.314000	-0.0749999	-0.0770149	-0.0637853	0	-325.612	-0.00470197	4	3	3	3	0.247473	326	0	0	0	0	0.18928	3.47056	123.435	-459.318	1	0	0	0	0	0	0	0
09.08.2015 23:09:54.414000	-0.0749999	-0.0770149	-0.0637853	0.0507813	-365.414	-0.00434028	4	3	3	3	0.256996	326	0	0	0	0	0.193186	5.41118	123.482	-452.071	1	0	0	0	0	0	0	0
09.08.2015 23:09:54.514000	-0.0749999	-0.0770149	-0.0637853	0.614583	-421.208	-0.00434028	4	3	3	3	0.26499	326	0	0	0	0	0.190307	5.23515	123.458	-452.653	1	0	0	0	0	0	0	0
09.08.2015 23:09:54.614000	-0.0749999	-0.0770149	-0.0637853	3.79688	-460.73	-0.00434028	4	3	3	3	0.246842	326	0	0	0	0	0.195631	4.27796	123.408	-456.126	1	0	0	0	0	0	0	0
09.08.2015 23:09:54.714000	-0.0749999	-0.0770149	-0.0637853	17.6771	-500.078	-0.00434028	4	3	3	3	0.271827	326	0	0	0	0	0.196007	5.12336	123.419	-452.93	1	0	0	0	0	0	0	0
09.08.2015 23:09:54.814000	-0.0749999	-0.0770149	-0.0637853	36.0859	-539.691	-0.00379774	4	3	3	3	0.266148	326	0	0	0	0	0.199797	5.02689	123.391	-453.191	1	0	0	0	0	0	0	0
09.08.2015 23:09:54.914000	-0.0749999	-0.0770149	-0.0637853	67.8229	-585.784	-0.00180845	4	3	3	3	0.271463	326	0	0	0	0	0.197164	3.97827	123.338	-457.004	1	0	0	0	0	0	0	0
09.08.2015 23:09:55.014000	-0.0749999	-0.0770149	-0.0637853	94.9102	-610.629	-0.00108507	4	3	3	3	0.247776	326	0	0	0	0	0.202083	4.16407	123.324	-456.24	1	0	0	0	0	0	0	0
09.08.2015 23:09:55.114000	-0.0749999	-0.0770149	-0.0637853	126.789	-629.771	-0.00180845	4	3	3	3	0.244756	326	0	0	0	0	0.201895	5.00168	123.318	-453.011	1	0	0	0	0	0	0	0
09.08.2015 23:09:55.214000	-0.0749999	-0.0770149	-0.0637853	171.293	-647.102	-0.0016276	4	3	3	3	0.233087	326	0	0	0	0	0.20434	4.34877	123.282	-455.371	1	0	0	0	0	0	0	0
09.08.2015 23:09:55.314000	-0.0749999	-0.0770149	-0.0637853	220.596	-658.443	-0.00108507	4	3	3	3	0.248324	326	0	0	0	0	0.204745	4.36848	123.261	-455.214	1	0	0	0	0	0	0	0
09.08.2015 23:09:55.414000	-0.0749999	-0.0770149	-0.0637853	262.695	-663.102	-0.00108507	4	3	3	3	0.279093	326	0	0	0	0	0.207234	4.77956	123.248	-453.593	1	0	0	0	0	0	0	0
09.08.2015 23:09:55.514000	-0.0749999	-0.0770149	-0.0637853	304.701	-664.37	-0.00253183	4	3	3	3	0.277515	326	0	0	0	0	0.210503	4.55977	123.221	-454.332	1	0	0	0	0	0	0	0
09.08.2015 23:09:55.614000	-0.0749999	-0.0770149	-0.0637853	363.551	-665.898	-0.00108507	4	3	3	3	0.297423	326	0	0	0	0	0.210995	4.56807	123.201	-454.222	1	0	0	0	0	0	0	0
09.08.2015 23:09:55.714000	-0.0749999	-0.0770149	-0.0637853	405.25	-666.367	-0.00108507	4	3	3	3	0.274581	326	0	0	0	0	0.214424	4.84689	123.187	-453.102	1	0	0	0	0	0	0	0
09.08.2015 23:09:55.814000	-0.0749999	-0.0770149	-0.0637853	442.707	-666.441	-0.00108507	4	3	3	3	0.280373	326	0	0	0	0	0.215422	5.11686	123.176	-452.027	1	0	0	0	0	0	0	0
09.08.2015 23:09:55.914000	-0.0749999	-0.0770149	-0.0637853	469.034	-666.453	-0.00180845	4	3	3	3	0.292247	326	0	0	0	0	0.219546	4.46284	123.139	-454.388	1	0	0	0	0	0	0	0
09.08.2015 23:09:56.014000	-0.0749999	-0.0770149	-0.0637853	487.375	-666.453	-0.00325521	4	3	3	3	0.294924	326	0	0	0	0	0.219893	4.31318	123.116	-454.873	1	0	0	0	0	0	0	0
09.08.2015 23:09:56.114000	-0.0749999	-0.0770149	-0.0637853	502.917	-666.453	-0.00397859	4	3	3	3	0.311438	326	0	0	0	0	0.223886	4.76107	123.108	-453.128	1	0	0	0	0	0	0	0
09.08.2015 23:09:56.214000	-0.0749999	-0.0770149	-0.0637853	518.781	-666.453	-0.00434028	4	3	3	3	0.306313	326	0	0	0	0	0.225911	4.55318	123.08	-453.815	1	0	0	0	0	0	0	0
09.08.2015 23:09:56.314000	-0.0749999	-0.0770149	-0.0637853	538.094	-666.458	-0.00470197	4	3	3	3	0.268945	326	0	0	0	0	0.229152	4.44618	123.059	-454.143	1	0	0	0	0	0	0	0
09.08.2015 23:09:56.414000	-0.0749999	-0.0770149	-0.0637853	555.629	-666.461	-0.00488281	4	3	3	3	0.253968	326	0	0	0	0	0.229977	4.70205	123.041	-453.095	1	0	0	0	0	0	0	0
09.08.2015 23:09:56.514000	-0.0749999	-0.0770149	-0.0637853	571.135	-666.461	-0.00470197	4	3	3	3	0.249109	326	0	0	0	0	0.233767	4.69185	123.021	-453.058	1	0	0	0	0	0	0	0
09.08.2015 23:09:56.614000	-0.0749999	-0.0770149	-0.0637853	586.555	-666.461	-0.00542535	4	3	3	3	0.236274	326	0	0	0	0	0.235446	4.49464	122.995	-453.713	1	0	0	0	0	0	0	0
09.08.2015 23:09:56.714000	-0.0749999	-0.0770149	-0.0637853	604.813	-666.461	-0.00434028	4	3	3	3	0.252989	326	0	0	0	0	0.236719	4.57082	123.04	-453.594	1	0	0	0	0	0	0	0
09.08.2015 23:09:56.814000	-0.0749999	-0.0770149	-0.0637853	621.289	-666.469	-0.00488281	4	3	3	3	0.248813	326	0	0	0	0	0.237775	4.64193	123.205	-453.953	1	0	0	0	0	0	0	0
09.08.2015 23:09:56.914000	-0.0749999	-0.0770149	-0.0637853	635.396	-666.469	-0.00325521	4	3	3	3	0.25397	326	0	0	0	0	0.239569	4.57021	123.378	-454.892	1	0	0	0	0	0	0	0
09.08.2015 23:09:57.014000	-0.0749999	-0.0770149	-0.0637853	648.828	-666.469	-0.00217014	4	3	3	3	0.261371	326	0	0	0	0	0.241291	4.55086	123.574	-455.715	1	0	0	0	0	0	0	0
09.08.2015 23:09:57.114000	-0.0749999	-0.0770149	-0.0637853	666.445	-666.469	-0.00325521	4	3	3	3	0.270513	326	0	0	0	0	0.239612	4.56771	124.363	-458.674	1	0	0	0	0	0	0	0
09.08.2015 23:09:57.214000	-0.0749999	-0.0770149	-0.0637853	677.941	-666.473	-0.00325521	4	3	3	3	0.292854	326	0	0	0	0	0.241565	3.8916	125.272	-464.74	1	0	0	0	0	0	0	0
09.08.2015 23:09:57.314000	-0.0749999	-0.0770149	-0.0637853	688.391	-666.477	-0.00325521	4	3	3	3	0.265346	326	0	0	0	0	0.239757	4.21851	125.409	-464.013	1	0	0	0	0	0	0	0
09.08.2015 23:09:57.414000	-0.0749999	-0.0770149	-0.0637853	698.414	-666.477	-0.00325521	4	3	3	3	0.258236	326	0	0	0	0	0.240625	4.64394	125.559	-462.959	1	0	0	0	0	0	0	0
09.08.2015 23:09:57.514000	-0.0749999	-0.0770149	-0.0637853	704.664	-666.477	-0.0036169	4	3	3	3	0.268962	326	0	0	0	0	0.238701	4.19581	125.75	-465.405	1	0	0	0	0	0	0	0
09.08.2015 23:09:57.614000	-0.0749999	-0.0770149	-0.0637853	706.203	-666.484	0.00108507	4	3	3	3	0.25177	326	0	0	0	0	0.238788	4.25806	125.974	-466.026	1	0	0	0	0	0	0	0
09.08.2015 23:09:57.714000	-0.0749999	-0.0770149	-0.0637853	706.917	-666.479	-0.00108507	4	3	3	3	0.260174	326	0	0	0	0	0.237804	4.5121	126.3	-466.302	1	0	0	0	0	0	0	0
09.08.2015 23:09:57.814000	-0.0749999	-0.0770149	-0.0637853	707.078	-666.48	-0.00108507	4	3	3	3	0.247601	326	0	0	0	0	0.236198	4.45998	126.58	-467.574	1	0	0	0	0	0	0	0
09.08.2015 23:09:57.914000	-0.0749999	-0.0770149	-0.0637853	707.078	-666.484	-0.00072338	4	3	3	3	0.251756	326	0	0	0	0	0.235344	5.03427	126.814	-466.27	1	0	0	0	0	0	0	0
09.08.2015 23:09:58.014000	-0.0749999	-0.0770149	-0.0637853	707.078	-666.484	-0.00217014	4	3	3	3	0.250394	326	0	0	0	0	0.234028	4.459	126.994	-469.163	1	0	0	0	0	0	0	0
09.08.2015 23:09:58.114000	-0.0749999	-0.0770149	-0.0637853	707.078	-666.479	-0.00325521	4	3	3	3	0.224087	326	0	0	0	0	0.233232	4.21296	127.215	-470.95	1	0	0	0	0	0	0	0
09.08.2015 23:09:58.214000	-0.0749999	-0.0770149	-0.0637853	707.078	-666.484	-0.00271267	4	3	3	3	0.26283	326	0	0	0	0	0.22895	4.74178	127.442	-469.796	1	0	0	0	0	0	0	0
09.08.2015 23:09:58.314000	-0.0749999	-0.0770149	-0.0637853	707.078	-666.484	-0.00289352	4	3	3	3	0.270442	326	0	0	0	0	0.229311	4.37568	127.623	-471.888	1	0	0	0	0	0	0	0
09.08.2015 23:09:58.414000	-0.0749999	-0.0770149	-0.0637853	707.082	-666.484	-0.00379774	4	3	3	3	0.261258	326	0	0	0	0	0.225593	4.31239	127.738	-472.571	1	0	0	0	0	0	0	0
09.08.2015 23:09:58.514000	-0.0749999	-0.0770149	-0.0637853	707.083	-666.484	-0.00325521	4	3	3	3	0.250695	326	0	0	0	0	0.225043	4.63399	127.79	-471.54	1	0	0	0	0	0	0	0
09.08.2015 23:09:58.614000	-0.0749999	-0.0770149	-0.0637853	707.078	-666.484	-0.00325521	4	3	3	3	0.240126	326	0	0	0	0	0.222063	4.53145	128.365	-474.134	1	0	0	0	0	0	0	0
09.08.2015 23:09:58.714000	-0.0749999	-0.0770149	-0.0637853	707.083	-666.484	-0.00144676	4	3	3	3	0.225402	326	0	0	0	0	0.222729	4.39863	128.521	-475.238	1	0	0	0	0	0	0	0
09.08.2015 23:09:58.814000	-0.0749999	-0.0770149	-0.0637853	707.082	-666.484	-0.00108507	4	3	3	3	0.247186	326	0	0	0	0	0.220862	4.52205	128.527	-474.79	1	0	0	0	0	0	0	0
09.08.2015 23:09:58.914000	-0.0749999	-0.0770149	-0.0637853	707.086	-666.484	-0.00108507	4	3	3	3	0.28198	326	0	0	0	0	0.219141	4.49879	128.56	-475.006	1	0	0	0	0	0	0	0
09.08.2015 23:09:59.014000	-0.0749999	-0.0770149	-0.0637853	707.086	-666.484	-0.00108507	4	3	3	3	0.273414	326	0	0	0	0	0.218692	4.46736	128.669	-475.543	1	0	0	0	0	0	0	0
09.08.2015 23:09:59.114000	-0.0749999	-0.0770149	-0.0637853	707.086	-666.484	-0.00253183	4	3	3	3	0.28813	326	0	0	0	0	0.217072	4.50758	128.932	-476.397	1	0	0	0	0	0	0	0
09.08.2015 23:09:59.214000	-0.0749999	-0.0770149	-0.0637853	707.086	-666.484	-0.00271267	4	3	3	3	0.302104	326	0	0	0	0	0.217578	4.3581	129.109	-477.644	1	0	0	0	0	0	0	0
09.08.2015 23:09:59.314000	-0.0749999	-0.0770149	-0.0637853	707.091	-666.487	-0.00180845	4	3	3	3	0.29623	326	0	0	0	0	0.213194	3.75774	129.255	-480.502	1	0	0	0	0	0	0	0
09.08.2015 23:09:59.414000	-0.0749999	-0.0770149	-0.0637853	707.094	-666.496	-0.00379774	4	3	3	3	0.303352	326	0	0	0	0	0.21509	4.60176	127.456	-470.386	1	0	0	0	0	0	0	0
09.08.2015 23:09:59.514000	-0.0749999	-0.0770149	-0.0637853	707.094	-666.495	-0.00144676	4	3	3	3	0.265048	326	0	0	0	0	0.210417	5.09989	129.118	-474.839	1	0	0	0	0	0	0	0
09.08.2015 23:09:59.614000	-0.0749999	-0.0770149	-0.0637853	707.105	-666.496	-0.00108507	4	3	3	3	0.277659	326	0	0	0	0	0.211849	5.66332	129.804	-475.308	1	0	0	0	0	0	0	0
09.08.2015 23:09:59.714000	-0.0749999	-0.0770149	-0.0637853	707.109	-666.49	-0.00217014	4	3	3	3	0.243733	326	0	0	0	0	0.208608	4.69253	129.54	-478.017	1	0	0	0	0	0	0	0
09.08.2015 23:09:59.814000	-0.0749999	-0.0770149	-0.0637853	707.109	-666.5	-0.0016276	4	3	3	3	0.235726	326	0	0	0	0	0.210127	4.83456	128.873	-474.919	1	0	0	0	0	0	0	0
09.08.2015 23:09:59.914000	-0.0749999	-0.0770149	-0.0637853	707.109	-666.492	-0.00144676	4	3	3	3	0.227998	326	0	0	0	0	0.208304	5.34446	128.363	-471.014	1	0	0	0	0	0	0	0
09.08.2015 23:10:00.014000	-0.0749999	-0.0770149	-0.0637853	707.109	-666.492	-0.0016276	4	3	3	3	0.240953	326	0	0	0	0	0.206713	4.77755	128.549	-473.896	1	0	0	0	0	0	0	0
09.08.2015 23:10:00.114000	-0.0749999	-0.0770149	-0.0637853	707.109	-666.492	-0.00434028	4	3	3	3	0.249408	326	0	0	0	0	0.205932	4.84054	128.641	-474.008	1	0	0	0	0	0	0	0
09.08.2015 23:10:00.214000	-0.0749999	-0.0770149	-0.0637853	707.109	-666.496	-0.00488281	4	3	3	3	0.252929	326	0	0	0	0	0.204977	5.13675	128.56	-472.563	1	0	0	0	0	0	0	0
09.08.2015 23:10:00.314000	-0.0749999	-0.0770149	-0.0637853	707.109	-666.492	-0.00506366	4	3	3	3	0.261489	326	0	0	0	0	0.205671	4.96255	128.42	-472.695	1	0	0	0	0	0	0	0
09.08.2015 23:10:00.414000	-0.0749999	-0.0770149	-0.0637853	707.109	-666.492	-0.00488281	4	3	3	3	0.254505	326	0	0	0	0	0.202069	4.82693	128.185	-472.312	1	0	0	0	0	0	0	0
09.08.2015 23:10:00.514000	-0.0749999	-0.0770149	-0.0637853	707.109	-666.492	-0.00470197	4	3	3	3	0.266849	326	0	0	0	0	0.20463	4.83645	128.06	-471.798	1	0	0	0	0	0	0	0
09.08.2015 23:10:00.614000	-0.0749999	-0.0770149	-0.0637853	707.109	-666.492	-0.00488281	4	3	3	3	0.261573	326	0	0	0	0	0.201881	4.25428	128.158	-474.402	1	0	0	0	0	0	0	0
09.08.2015 23:10:00.714000	-0.0749999	-0.0770149	-0.0637853	707.109	-666.495	-0.00434028	4	3	3	3	0.278954	326	0	0	0	0	0.203588	5.60338	124.978	-457.062	1	0	0	0	0	0	0	0
09.08.2015 23:10:00.814000	-0.0749999	-0.0770149	-0.0637853	707.105	-666.492	-0.00488281	4	3	3	3	0.265278	326	0.0248709	0	0	0	0.200072	45.5884	111.178	-251.128	1	0	0	0	0	0	0	0
09.08.2015 23:10:00.914000	-0.0749999	-0.0770149	-0.0637853	706.807	-666.495	-0.00470197	4	3	3	3	0.252327	326	1.42262	0	0	24.5707	0.202474	114.606	83.6768	118.421	1	0	0	0	0	0	0	0
09.08.2015 23:10:01.014000	-0.0749999	-0.0770149	-0.0637853	703.637	-666.488	-0.00488281	4	3	3	3	0.254338	326	4.79611	0	0	34.7058	0.20055	109.694	83.553	100.089	1	0	0	0	0	0	0	0
09.08.2015 23:10:01.114000	-0.0749999	-0.0770149	-0.0637853	684.534	-666.487	-0.00434028	4	3	3	3	0.259266	326	8.33376	0	0	36.3624	0.200781	110.729	83.9929	102.369	1	0	0	0	0	0	0	0
09.08.2015 23:10:01.214000	-0.0749999	-0.0770149	-0.0637853	664.313	-666.496	-0.00434028	4	3	3	3	0.248155	326	11.941	0	0	35.9624	0.2	114.283	88.288	99.5313	1	0	0	0	0	0	0	0
09.08.2015 23:10:01.314000	-0.0749999	-0.0770149	-0.0637853	643.167	-666.5	-0.00470197	4	3	3	3	0.261936	326	15.5419	0	0	35.9235	0.200593	117.705	91.6483	99.7659	1	0	0	0	0	0	0	0
09.08.2015 23:10:01.414000	-0.0749999	-0.0770149	-0.0637853	617.164	-666.5	-0.00759549	4	3	3	3	0.261018	326	19.1071	0	0	35.6663	0.201013	119.383	93.84	97.8005	1	0	0	0	0	0	0	0
09.08.2015 23:10:01.514000	-0.0749999	-0.0770149	-0.0637853	577.471	-666.5	-0.00434028	4	3	3	3	0.242923	326	22.6301	0	0	35.2196	0.197873	119.693	94.0519	98.1746	1	0	0	0	0	0	0	0
09.08.2015 23:10:01.614000	-0.0749999	-0.0770149	-0.0637853	538.137	-666.5	-0.00434028	4	3	3	3	0.264014	326	26.1468	0	0	35.2266	0.200289	119.452	94.0012	97.4516	1	0	0	0	0	0	0	0
09.08.2015 23:10:01.714000	-0.0749999	-0.0770149	-0.0637853	499.706	-666.5	-0.00470197	4	3	3	3	0.261073	326	29.6606	0	0	35.2255	0.19838	119.446	94.0712	97.1567	1	0	0	0	0	0	0	0
09.08.2015 23:10:01.814000	-0.0749999	-0.0770149	-0.0637853	460.121	-666.5	-0.00434028	4	3	3	3	0.264691	326	33.5967	39.5	0	48.2656	0.200405	114.412	85.469	110.821	1	0.84	0	0	0	0	0	0
09.08.2015 23:10:01.914000	-0.0749999	-0.0770149	-0.0637853	407.43	-666.5	-0.00325521	4	3	3	3	0.261239	326	38.0729	50	0	32.5539	0.196361	101.348	83.0706	69.9795	1	1	0	0	0	0	0	0
09.08.2015 23:10:02.014000	-0.0749999	-0.0770149	-0.0637853	371.719	-666.508	-0.00325521	4	3	3	3	0.245157	326	39.8582	46.4421	0	13.6015	0.199515	75.5689	51.4885	92.199	1	1	0	0	0	0	0	0
09.08.2015 23:10:02.114000	-0.0749999	-0.0770149	-0.0637853	338.591	-666.521	-0.00144676	4	3	3	3	0.237469	326	40.9226	36.5572	0	9.94062	0.19775	56.7816	32.2537	93.9278	1	1	0	0	0	0	0	0
09.08.2015 23:10:02.214000	-0.0749999	-0.0770149	-0.0637853	301.902	-666.531	-0.00108507	4	3	3	3	0.253733	326	41.7041	26.5543	0	7.25283	0.19668	49.7043	25.1875	93.8711	1	1	0	0	0	0	0	0
09.08.2015 23:10:02.314000	-0.0749999	-0.0770149	-0.0637853	267.042	-666.534	-0.00144676	4	3	3	3	51.0741	326	42.1911	10.5723	0	5.28523	0.201953	45.7391	21.4143	93.1349	1	1	1	0	0	0	0	0
09.08.2015 23:10:02.414000	-0.0749999	-0.0770149	-0.0637853	241.379	-666.531	-0.00379774	4	3	3	3	89.2964	326	42.3478	5.21321	0	4.13537	5.0231	45.1358	19.4645	98.2906	1	1	1	0	0	0	0	0
09.08.2015 23:10:02.514000	-0.0749999	-0.0770149	-0.0637853	225.414	-666.531	-0.0036169	4	3	3	3	87.2722	326	42.4776	5.21321	0	1.66911	10.4195	43.5611	18.9519	94.2237	1	1	1	0	0	0	0	0
09.08.2015 23:10:02.614000	-0.0749999	-0.0770149	-0.0637853	202.441	-666.531	-0.00325521	4	3	3	3	86.7832	326	42.6089	5.21321	0	1.61897	11.3548	44.418	18.5427	99.0714	1	1	1	0	0	0	0	0
09.08.2015 23:10:02.714000	-0.0749999	-0.0770149	-0.0637853	184.083	-666.539	-0.00325521	4	3	3	3	86.9947	326	42.7298	5.21321	0	1.21329	11.6697	43.1927	18.1371	95.933	1	1	1	0	0	0	0	0
09.08.2015 23:10:02.814000	-0.0749999	-0.0770149	-0.0637853	168.109	-666.539	-0.00379774	4	3	3	3	86.5073	326	42.8521	5.21321	0	1.2149	11.8092	42.7682	17.7436	95.8138	1	1	1	0	0	0	0	0
09.08.2015 23:10:02.914000	-0.0749999	-0.0770149	-0.0637853	150.766	-666.539	-0.00108507	4	3	3	3	86.4241	326	42.969	5.21321	0	1.23121	11.8724	42.5543	17.5472	95.7472	1	1	1	0	0	0	0	0
09.08.2015 23:10:03.014000	-0.0749999	-0.0770149	-0.0637853	136.477	-666.539	-0.0016276	4	3	3	3	86.3403	326	43.0849	5.21321	0	1.23121	11.8844	42.5942	17.4183	96.3934	1	1	1	0	0	0	0	0
09.08.2015 23:10:03.114000	-0.0749999	-0.0770149	-0.0637853	128.909	-666.544	-0.00325521	4	3	3	3	86.4728	326	43.2078	5.21321	0	1.17015	11.8918	42.5739	17.2659	96.8994	1	1	1	0	0	0	0	0
09.08.2015 23:10:03.214000	-0.0749999	-0.0770149	-0.0637853	126.156	-666.547	-0.00325521	4	3	3	3	86.3768	326	43.3227	5.21321	0	1.1676	11.8965	41.8531	17.2032	94.3799	1	1	1	0	0	0	0	0
09.08.2015 23:10:03.314000	-0.0749999	-0.0770149	-0.0637853	126.529	-666.552	-0.00217014	4	3	3	3	86.4223	326	43.4381	5.21321	0	1.18201	11.8991	41.8878	17.1543	94.6993	1	1	1	0	0	0	0	0
09.08.2015 23:10:03.414000	-0.0749999	-0.0770149	-0.0637853	127.355	-666.551	-0.00108507	4	3	3	3	86.4645	326	43.561	5.21321	0	1.18436	11.8981	41.7482	17.0869	94.4233	1	1	1	0	0	0	0	0
09.08.2015 23:10:03.514000	-0.0749999	-0.0770149	-0.0637853	127.492	-666.555	-0.00325521	4	3	3	3	86.5679	326	43.6749	5.21321	0	1.17217	11.8971	41.8795	17.0407	95.1027	1	1	1	0	0	0	0	0
09.08.2015 23:10:03.614000	-0.0749999	-0.0770149	-0.0637853	127.531	-666.555	-0.00434028	4	3	3	3	86.9315	326	43.7908	5.21321	0	1.16766	11.9054	42.22	17.0173	96.4962	1	1	1	0	0	0	0	0
09.08.2015 23:10:03.714000	-0.0749999	-0.0770149	-0.0637853	127.531	-666.555	-0.00325521	4	3	3	3	86.5105	326	43.9101	5.21321	0	1.16438	11.8658	41.9019	16.9951	95.363	1	1	1	0	0	0	0	0
09.08.2015 23:10:03.814000	-0.0749999	-0.0770149	-0.0637853	127.523	-666.563	-0.00434028	4	3	3	3	86.7744	326	44.0255	5.21321	0	1.16211	11.8789	42.1373	16.9778	96.331	1	1	1	0	0	0	0	0
09.08.2015 23:10:03.914000	-0.0749999	-0.0770149	-0.0637853	127.523	-666.563	-0.00470197	4	3	3	3	86.9449	326	44.1434	5.21321	0	1.17301	11.8969	42.3203	16.9655	97.0784	1	1	1	0	0	0	0	0
09.08.2015 23:10:04.014000	-0.0749999	-0.0770149	-0.0637853	127.523	-666.57	-0.00434028	4	3	3	3	86.9039	326	44.2598	5.21321	0	1.18436	11.9112	41.5622	16.9804	94.1188	1	1	1	0	0	0	0	0
09.08.2015 23:10:04.114000	-0.0749999	-0.0770149	-0.0637853	127.529	-666.57	-0.00470197	4	3	3	3	86.8146	326	44.3742	5.21321	0	1.17212	11.9149	42.2712	16.9808	96.8318	1	1	1	0	0	0	0	0
09.08.2015 23:10:04.214000	-0.0749999	-0.0770149	-0.0637853	127.527	-666.57	-0.00271267	4	3	3	3	86.8768	326	44.4871	5.21321	0	1.14611	11.9118	41.8922	17.0143	95.2527	1	1	1	0	0	0	0	0
09.08.2015 23:10:04.314000	-0.0749999	-0.0770149	-0.0637853	127.529	-666.57	-0.00180845	4	3	3	3	87.0395	326	44.6065	5.21321	0	1.14696	11.917	41.9553	17.0163	95.4864	1	1	1	0	0	0	0	0
09.08.2015 23:10:04.414000	-0.0749999	-0.0770149	-0.0637853	127.527	-666.57	-0.00108507	4	3	3	3	87.0897	326	44.7194	5.21321	0	1.15141	11.9202	41.7734	17.0095	94.8159	1	1	1	0	0	0	0	0
09.08.2015 23:10:04.514000	-0.0749999	-0.0770149	-0.0637853	127.526	-666.57	-0.00072338	4	3	3	3	86.9904	326	44.8358	5.21321	0	1.15189	11.9247	41.6083	17.0033	94.2079	1	1	1	0	0	0	0	0
09.08.2015 23:10:04.614000	-0.0749999	-0.0770149	-0.0637853	127.531	-666.578	0.00108507	4	3	3	3	87.0952	326	44.9557	5.21321	0	1.16764	11.9271	42.1176	16.994	96.1934	1	1	1	0	0	0	0	0
09.08.2015 23:10:04.714000	-0.0749999	-0.0770149	-0.0637853	127.526	-666.576	0.00036169	4	3	3	3	86.9691	326	45.0691	5.21321	0	1.16764	11.926	41.7495	16.9912	94.7947	1	1	1	0	0	0	0	0
09.08.2015 23:10:04.814000	-0.0749999	-0.0770149	-0.0637853	127.531	-666.586	0	4	3	3	3	86.883	326	45.1875	5.21321	0	1.16766	11.9247	42.1618	16.9984	96.3457	1	1	1	0	0	0	0	0
09.08.2015 23:10:04.914000	-0.0749999	-0.0770149	-0.0637853	127.531	-666.602	0.00108507	4	3	3	3	86.7577	326	45.3059	5.21321	0	1.16766	11.9141	41.8923	17.0091	95.2731	1	1	1	0	0	0	0	0
09.08.2015 23:10:05.014000	-0.0749999	-0.0770149	-0.0637853	127.531	-666.605	0.00325521	4	3	3	3	86.7736	326	45.4213	5.21321	0	1.17192	11.9085	42.1167	17.0134	96.1155	1	1	1	0	0	0	0	0
09.08.2015 23:10:05.114000	-0.0749999	-0.0770149	-0.0637853	127.531	-666.607	0.0036169	4	3	3	3	86.7041	326	45.5427	5.21321	0	1.17312	11.9142	42.0475	17.0469	95.7222	1	1	1	0	0	0	0	0
09.08.2015 23:10:05.214000	-0.0749999	-0.0770149	-0.0637853	127.531	-666.602	0.00108507	4	3	3	3	86.7007	326	45.6601	5.21321	0	1.18072	11.9125	41.8881	17.0891	94.9503	1	1	1	0	0	0	0	0
09.08.2015 23:10:05.314000	-0.0749999	-0.0770149	-0.0637853	127.531	-666.609	0.00036169	4	3	3	3	86.5968	326	45.776	5.21321	0	1.18429	11.9162	41.8343	17.1137	94.6502	1	1	1	0	0	0	0	0
09.08.2015 23:10:05.414000	-0.0749999	-0.0770149	-0.0637853	127.531	-666.609	0.00108507	4	3	3	3	86.4463	326	45.8983	5.21321	0	1.18112	11.9098	42.1868	17.1133	96.0015	1	1	1	0	0	0	0	0
09.08.2015 23:10:05.514000	-0.0749999	-0.0770149	-0.0637853	127.534	-666.609	0.00072338	4	3	3	3	94.7137	326	46.0137	5.21321	0	1.17873	11.909	41.5259	17.1043	93.5051	1	1	1	0	0	0	0	0
09.08.2015 23:10:05.614000	-0.0749999	-0.0770149	-0.0637853	127.531	-666.609	0.00217014	4	3	3	3	116.221	326	46.1276	5.21321	0	1.1762	11.8684	41.9733	17.1064	95.2104	1	1	1	0	0	0	0	0
09.08.2015 23:10:05.714000	-0.0749999	-0.0770149	-0.0637853	127.531	-666.609	0.00072338	4	3	3	3	144.228	326	46.249	5.21321	0	1.17312	11.747	42.2111	17.1035	96.1317	1	1	1	0	0	0	0	0
09.08.2015 23:10:05.814000	-0.0749999	-0.0770149	-0.0637853	127.531	-666.609	0	4	3	3	3	182.663	326	46.3649	5.21321	0	1.17916	11.5302	41.9279	17.0962	95.0753	1	1	1	0	0	0	0	0
09.08.2015 23:10:05.914000	-0.0749999	-0.0770149	-0.0637853	127.531	-666.609	0	4	3	3	3	303.778	326	46.4833	5.21321	0	1.18991	11.3116	41.8904	17.0922	94.9475	1	1	1	0	0	0	0	0
09.08.2015 23:10:06.014000	-0.0749999	-0.0770149	-0.0637853	127.531	-666.609	-0.00325521	4	3	3	3	347.378	326	46.6032	5.21321	0	1.18481	11.0137	42.0526	17.1111	95.4962	1	1	1	0	0	0	0	0
09.08.2015 23:10:06.114000	-0.0749999	-0.0770149	-0.0637853	127.534	-666.612	-0.00397859	4	3	3	3	362.917	326	46.7181	5.21321	0	1.16775	10.8659	41.9075	17.1227	94.8963	1	1	1	0	0	0	0	0
09.08.2015 23:10:06.214000	-0.0749999	-0.0770149	-0.0637853	127.531	-666.613	-0.00488281	4	3	3	3	455.972	326	46.8399	5.21321	0	1.16907	10.8434	41.7731	17.1112	94.4257	1	1	1	0	0	0	0	0
09.08.2015 23:10:06.314000	-0.0749999	-0.0770149	-0.0637853	127.531	-666.609	-0.00651042	4	3	3	3	401.897	326	46.9583	5.21321	0	1.17872	10.8306	41.9402	17.1235	95.0183	1	1	1	0	0	0	0	0
09.08.2015 23:10:06.414000	-0.0749999	-0.0770149	-0.0637853	127.531	-666.617	-0.00705295	4	3	3	3	404.887	326	47.0757	5.21321	0	1.18044	10.8478	42.141	17.1285	95.7678	1	1	1	0	0	0	0	0
09.08.2015 23:10:06.514000	-0.0749999	-0.0770149	-0.0637853	127.531	-666.615	-0.00651042	4	3	3	3	337.851	326	47.1981	5.21321	0	1.2073	10.883	41.9658	17.1218	95.1226	1	1	1	0	0	0	0	0
09.08.2015 23:10:06.614000	-0.0749999	-0.0770149	-0.0637853	127.535	-666.617	-0.00813802	4	3	3	3	350.448	326	47.311	5.21321	0	1.2073	10.9452	42.0537	17.1304	95.4264	1	1	1	0	0	0	0	0
09.08.2015 23:10:06.714000	-0.0749999	-0.0770149	-0.0637853	127.531	-666.617	-0.010489	4	3	3	3	396.312	326	47.4294	5.21321	0	1.17526	10.9252	41.8718	17.1588	94.621	1	1	1	0	0	0	0	0
09.08.2015 23:10:06.814000	-0.0749999	-0.0770149	-0.0637853	127.531	-666.617	-0.0108507	4	3	3	3	425.303	326	47.5493	5.21321	0	1.17322	10.8965	41.7331	17.1654	94.0648	1	1	1	0	0	0	0	0
09.08.2015 23:10:06.914000	-0.0749999	-0.0770149	-0.0637853	127.531	-666.617	-0.0101273	4	3	3	3	407.023	326	47.6617	5.21321	0	1.16872	10.8756	42.0805	17.1579	95.4238	1	1	1	0	0	0	0	0
09.08.2015 23:10:07.014000	-0.0749999	-0.0770149	-0.0637853	127.531	-666.621	-0.0108507	4	3	3	3	538.809	326	47.783	5.21321	0	1.16767	10.8669	42.225	17.1548	95.9889	1	1	1	0	0	0	0	0
09.08.2015 23:10:07.114000	-0.0749999	-0.0770149	-0.0637853	127.531	-666.622	-0.0115741	4	3	3	3	477.565	326	47.9009	5.21321	0	1.17544	10.8407	42.035	17.1527	95.2691	1	1	1	0	0	0	0	0
09.08.2015 23:10:07.214000	-0.0749999	-0.0770149	-0.0637853	127.531	-666.621	-0.0130208	4	3	3	3	537.013	326	48.0158	5.21321	0	1.17877	10.8303	41.6396	17.1516	93.7596	1	1	1	0	0	0	0	0
09.08.2015 23:10:07.314000	-0.0749999	-0.0770149	-0.0637853	127.531	-666.617	-0.0137442	4	3	3	3	759.546	326	48.1397	5.21321	0	1.18209	10.7593	42.5557	17.1496	97.2749	1	1	1	0	0	0	0	0
09.08.2015 23:10:07.414000	-0.0749999	-0.0770149	-0.0637853	127.531	-666.617	-0.0146484	4	3	3	3	473.422	326	48.2541	5.21321	0	1.1843	10.7425	42.1605	17.1732	95.6713	1	1	1	0	0	0	0	0
09.08.2015 23:10:07.514000	-0.0749999	-0.0770149	-0.0637853	127.531	-666.625	-0.0144676	4	3	3	3	448.137	326	48.3775	5.21321	0	1.19341	10.8428	42.0101	17.2057	94.9709	1	1	1	0	0	0	0	0
09.08.2015 23:10:07.614000	-0.0749999	-0.0770149	-0.0637853	127.531	-666.625	-0.0108507	4	3	3	3	415.867	326	48.4949	5.21321	0	1.20148	10.8903	41.9455	17.2094	94.7094	1	1	1	0	0	0	0	0
09.08.2015 23:10:07.714000	-0.0749999	-0.0770149	-0.0637853	127.531	-666.625	-0.00940394	4	3	3	3	576.045	326	48.6112	5.21321	0	1.19191	10.8779	42.0914	17.2068	95.2782	1	1	1	0	0	0	0	0
09.08.2015 23:10:07.814000	-0.0749999	-0.0770149	-0.0637853	127.531	-666.625	-0.00651042	4	3	3	3	425.055	326	48.7351	5.21321	0	1.1787	10.8654	42.2968	17.2156	96.0312	1	1	1	0	0	0	0	0
09.08.2015 23:10:07.914000	-0.0749999	-0.0770149	-0.0637853	127.534	-666.625	-0.00614873	4	3	3	3	472.005	326	48.8475	5.21321	0	1.17546	10.9286	41.6459	17.2044	93.5813	1	1	1	0	0	0	0	0
09.08.2015 23:10:08.014000	-0.0749999	-0.0770149	-0.0637853	127.531	-666.625	-0.00651042	4	3	3	3	501.183	326	48.9664	5.21321	0	1.16753	10.9465	41.6438	17.1964	93.6042	1	1	1	0	0	0	0	0
09.08.2015 23:10:08.114000	-0.0749999	-0.0770149	-0.0637853	127.531	-666.625	-0.00687211	4	3	3	3	383.869	326	49.0893	5.21321	0	1.17851	10.927	41.7752	17.2075	94.0648	1	1	1	0	0	0	0	0
09.08.2015 23:10:08.214000	-0.0749999	-0.0770149	-0.0637853	127.531	-666.625	-0.00488281	4	3	3	3	458.76	326	49.2047	5.21321	0	1.21326	10.9964	42.2276	17.2072	95.7982	1	1	1	0	0	0	0	0
09.08.2015 23:10:08.314000	-0.0749999	-0.0770149	-0.0637853	127.534	-666.625	-0.00289352	4	3	3	3	463.491	326	49.326	5.21321	0	1.20878	10.9633	42.0585	17.2051	95.159	1	1	1	0	0	0	0	0
09.08.2015 23:10:08.414000	-0.0749999	-0.0770149	-0.0637853	127.531	-666.625	-0.0016276	4	3	3	3	486.109	326	49.4424	5.21321	0	1.17879	10.9487	42.0656	17.2086	95.1723	1	1	1	0	0	0	0	0
09.08.2015 23:10:08.514000	-0.0749999	-0.0770149	-0.0637853	127.531	-666.625	-0.00144676	4	3	3	3	409.161	326	49.5603	5.21321	0	1.17896	10.9397	41.9731	17.2141	94.797	1	1	1	0	0	0	0	0
09.08.2015 23:10:08.614000	-0.0749999	-0.0770149	-0.0637853	127.535	-666.625	0.00108507	4	3	3	3	374.353	326	49.6817	5.21321	0	1.18443	11.0027	42.0748	17.2119	95.195	1	1	1	0	0	0	0	0
09.08.2015 23:10:08.714000	-0.0749999	-0.0770149	-0.0637853	127.531	-666.625	0.00072338	4	3	3	3	402.29	326	49.7976	5.21321	0	1.18443	10.9879	42.1543	17.2215	95.4626	1	1	1	0	0	0	0	0
09.08.2015 23:10:08.814000	-0.0749999	-0.0770149	-0.0637853	127.531	-666.625	0.00217014	4	3	3	3	440.935	326	49.917	5.21321	0	1.17906	10.9795	42.0983	17.2283	95.2221	1	1	1	0	0	0	0	0
09.08.2015 23:10:08.914000	-0.0749999	-0.0770149	-0.0637853	127.531	-666.625	0.00253183	4	3	3	3	368.682	326	50.0344	5.21321	0	1.17859	10.9473	41.9416	17.26	94.5007	1	1	1	0	0	0	0	0
09.08.2015 23:10:09.014000	-0.0749999	-0.0770149	-0.0637853	127.539	-666.625	0.00108507	4	3	3	3	221.103	326	50.1314	2.41134	0.0327379	1.18812	10.9382	42.3673	17.422	95.5107	1	1	1	0.83	0	0	0	0
09.08.2015 23:10:09.114000	-0.0749999	-0.0770149	-0.0637853	127.531	-666.625	0.00072338	4	3	3	3	46.2505	326	50.1776	2.4656	0.667579	1.19007	8.40287	42.3941	17.5475	95.1326	1	1	1	1	0	0	0	0
09.08.2015 23:10:09.214000	-0.0749999	-0.0770149	-0.0637853	127.539	-666.625	0.000542535	4	3	3	3	96.5586	326	50.2483	3.24694	1.44891	1.19007	7.07605	42.4489	17.7879	94.4219	1	1	1	1	0	0	0	0
09.08.2015 23:10:09.314000	-0.0749999	-0.0770149	-0.0637853	127.534	-666.625	-0.00072338	4	3	3	3	189.243	326	50.3278	3.78011	1.98208	1.13271	6.4574	42.8866	17.9188	95.597	1	1	1	1	0	0	0	0
09.08.2015 23:10:09.414000	-0.0749999	-0.0770149	-0.0637853	127.539	-666.625	-0.0016276	4	3	3	3	341.164	326	50.4169	3.94351	2.14549	0.66859	6.14143	42.729	17.9741	94.7813	1	1	1	1	0	0	0	0
09.08.2015 23:10:09.514000	-0.0749999	-0.0770149	-0.0637853	127.534	-666.625	-0.00144676	4	3	3	3	413.465	326	50.5119	3.77394	1.97592	0.66859	5.85485	42.9568	18.0195	95.4796	1	1	1	1	0	0	0	0
09.08.2015 23:10:09.614000	-0.0749999	-0.0770149	-0.0637853	127.539	-666.625	-0.0016276	4	3	3	3	466.696	326	50.5955	3.38686	1.58884	0.72446	5.71096	42.7906	18.0982	94.5423	1	1	1	1	0	0	0	0
09.08.2015 23:10:09.714000	-0.0749999	-0.0770149	-0.0637853	127.539	-666.625	-0.00144676	4	3	3	3	430.37	326	50.6666	3.03021	1.23218	0.875515	5.58924	43.4105	18.2055	96.5051	1	1	1	1	0	0	0	0
09.08.2015 23:10:09.814000	-0.0749999	-0.0770149	-0.0637853	127.535	-666.625	-0.0016276	4	3	3	3	380.586	326	50.7432	2.79113	0.993105	0.875515	5.58508	43.4173	18.3338	96.0398	1	1	1	1	0	0	0	0
09.08.2015 23:10:09.914000	-0.0749999	-0.0770149	-0.0637853	127.536	-666.625	-0.00253183	4	3	3	3	332.748	326	50.8078	2.70721	0.909182	0.875515	5.63333	43.2036	18.4608	94.7351	1	1	1	1	0	0	0	0
09.08.2015 23:10:10.014000	-0.0749999	-0.0770149	-0.0637853	127.535	-666.625	-0.000542535	4	3	3	3	291.656	326	50.871	2.76377	0.965743	0.750349	5.70505	43.8204	18.5774	96.6505	1	1	1	1	0	0	0	0
09.08.2015 23:10:10.114000	-0.0749999	-0.0770149	-0.0637853	127.536	-666.625	-0.00144676	4	3	3	3	326.279	326	50.9476	2.81797	1.01995	0.696706	5.78734	43.6183	18.6567	95.5731	1	1	1	1	0	0	0	0
09.08.2015 23:10:10.214000	-0.0749999	-0.0770149	-0.0637853	127.531	-666.625	-0.0016276	4	3	3	3	317.998	326	51.0138	2.80912	1.0111	0.696706	5.77473	43.4579	18.7127	94.7444	1	1	1	1	0	0	0	0
09.08.2015 23:10:10.314000	-0.0749999	-0.0770149	-0.0637853	127.534	-666.625	-0.00289352	4	3	3	3	310.4	326	51.0844	2.86437	1.06635	0.698038	5.7943	43.2305	18.7639	93.6778	1	1	1	1	0	0	0	0
09.08.2015 23:10:10.414000	-0.0749999	-0.0770149	-0.0637853	127.535	-666.625	-0.00108507	4	3	3	3	358.481	326	51.158	2.81534	1.01732	0.704541	5.82985	44.1075	18.8047	96.8795	1	1	1	1	0	0	0	0
09.08.2015 23:10:10.514000	-0.0749999	-0.0770149	-0.0637853	127.539	-666.625	-0.00108507	4	3	3	3	346.804	326	51.2212	2.7587	0.960676	0.704541	5.7868	43.6272	18.8446	94.8879	1	1	1	1	0	0	0	0
09.08.2015 23:10:10.614000	-0.0749999	-0.0770149	-0.0637853	127.535	-666.625	-0.00108507	4	3	3	3	303.983	326	51.2983	2.72641	0.92839	0.704541	5.75573	43.1299	18.8952	92.7898	1	1	1	1	0	0	0	0
09.08.2015 23:10:10.714000	-0.0749999	-0.0770149	-0.0637853	127.539	-666.625	-0.00144676	4	3	3	3	322.025	326	51.363	2.71988	0.921851	0.698736	5.79677	44.256	18.9381	96.9372	1	1	1	1	0	0	0	0
09.08.2015 23:10:10.814000	-0.0749999	-0.0770149	-0.0637853	127.535	-666.625	-0.00379774	4	3	3	3	333.724	326	51.4296	2.71918	0.921159	0.694701	5.78566	43.5695	18.9732	94.1742	1	1	1	1	0	0	0	0
09.08.2015 23:10:10.914000	-0.0749999	-0.0770149	-0.0637853	127.536	-666.625	-0.00397859	4	3	3	3	314.826	326	51.5018	2.71533	0.917304	0.694701	5.7798	43.8623	19.0021	95.1847	1	1	1	1	0	0	0	0
09.08.2015 23:10:11.014000	-0.0749999	-0.0770149	-0.0637853	127.539	-666.625	-0.00542535	4	3	3	3	313.524	326	51.5654	2.72082	0.922792	0.694701	5.7976	44.5418	19.0223	97.7089	1	1	1	1	0	0	0	0
09.08.2015 23:10:11.114000	-0.0749999	-0.0770149	-0.0637853	127.536	-666.625	-0.00470197	4	3	3	3	311.605	326	51.6361	2.74046	0.942436	0.67607	5.7924	43.3185	19.0456	92.9361	1	1	1	1	0	0	0	0
09.08.2015 23:10:11.214000	-0.0749999	-0.0770149	-0.0637853	127.539	-666.625	-0.00434028	4	3	3	3	316.519	326	51.7047	2.76935	0.971323	0.674	5.80641	44.4107	19.054	97.0854	1	1	1	1	0	0	0	0
09.08.2015 23:10:11.314000	-0.0749999	-0.0770149	-0.0637853	127.536	-666.625	-0.0036169	4	3	3	3	288.419	326	51.7728	2.80025	1.00223	0.674	5.80561	44.0754	19.0694	95.743	1	1	1	1	0	0	0	0
09.08.2015 23:10:11.414000	-0.0749999	-0.0770149	-0.0637853	127.535	-666.625	-0.00325521	4	3	3	3	278.206	326	51.8475	2.8576	1.05958	0.681466	5.85841	43.3365	19.0755	92.8907	1	1	1	1	0	0	0	0
09.08.2015 23:10:11.514000	-0.0749999	-0.0770149	-0.0637853	127.539	-666.625	-0.00434028	4	3	3	3	326.275	326	51.9156	2.93555	1.13753	0.696622	5.84494	44.4435	19.0714	97.1445	1	1	1	1	0	0	0	0
09.08.2015 23:10:11.614000	-0.0749999	-0.0770149	-0.0637853	127.539	-666.625	-0.00488281	4	3	3	3	284.091	326	51.9967	3.00168	1.20366	0.696622	5.78957	43.0955	19.067	92.0003	1	1	1	1	0	0	0	0
09.08.2015 23:10:11.714000	-0.0749999	-0.0770149	-0.0637853	127.536	-666.625	-0.00434028	4	3	3	3	335.084	326	52.0648	3.07338	1.27535	0.699704	5.81944	44.4586	19.0405	97.3207	1	1	1	1	0	0	0	0
09.08.2015 23:10:11.814000	-0.0749999	-0.0770149	-0.0637853	127.539	-666.625	-0.00434028	4	3	3	3	309.425	326	52.1499	3.12226	1.32424	0.758254	5.79108	43.0271	19.0218	91.9115	1	1	1	1	0	0	0	0
09.08.2015 23:10:11.914000	-0.0749999	-0.0770149	-0.0637853	127.539	-666.625	-0.00506366	4	3	3	3	335.173	326	52.223	3.16128	1.36325	0.758254	5.80631	44.2015	18.9975	96.5039	1	1	1	1	0	0	0	0
09.08.2015 23:10:12.014000	-0.0749999	-0.0770149	-0.0637853	127.535	-666.625	-0.00488281	4	3	3	3	317.357	326	52.3031	3.18626	1.38823	0.758254	5.78364	43.6615	18.9776	94.51	1	1	1	1	0	0	0	0
09.08.2015 23:10:12.114000	-0.0749999	-0.0770149	-0.0637853	127.539	-666.625	-0.00651042	4	3	3	3	304.146	326	52.3852	3.2112	1.41318	0.783878	5.78848	44.0679	18.9544	96.1548	1	1	1	1	0	0	0	0
09.08.2015 23:10:12.214000	-0.0749999	-0.0770149	-0.0637853	127.535	-666.625	-0.00705295	4	3	3	3	292.187	326	52.4608	3.25192	1.4539	0.787045	5.83412	43.7361	18.9411	94.9354	1	1	1	1	0	0	0	0
09.08.2015 23:10:12.314000	-0.0749999	-0.0770149	-0.0637853	127.539	-666.625	-0.00614873	4	3	3	3	302.377	326	52.5493	3.31493	1.51691	0.787045	5.85777	44.1942	18.9181	96.7771	1	1	1	1	0	0	0	0
09.08.2015 23:10:12.414000	-0.0749999	-0.0770149	-0.0637853	127.535	-666.625	-0.00651042	4	3	3	3	368.316	326	52.6279	3.36887	1.57085	0.803546	5.8435	43.0183	18.884	92.7601	1	1	1	1	0	0	0	0
09.08.2015 23:10:12.514000	-0.0749999	-0.0770149	-0.0637853	127.539	-666.625	-0.00470197	4	3	3	3	326.09	326	52.708	3.37075	1.57273	0.807416	5.84718	44.217	18.8945	96.8116	1	1	1	1	0	0	0	0
09.08.2015 23:10:12.614000	-0.0749999	-0.0770149	-0.0637853	127.535	-666.625	-0.00434028	4	3	3	3	301.096	326	52.797	3.37114	1.57311	0.807416	5.85295	42.517	18.8644	90.5612	1	1	1	1	0	0	0	0
09.08.2015 23:10:12.714000	-0.0749999	-0.0770149	-0.0637853	127.539	-666.625	-0.00506366	4	3	3	3	309.013	326	52.8786	3.39285	1.59483	0.825197	5.87486	44.0269	18.8427	96.4315	1	1	1	1	0	0	0	0
09.08.2015 23:10:12.814000	-0.0749999	-0.0770149	-0.0637853	127.535	-666.625	-0.00434028	4	3	3	3	326.068	326	52.9602	3.42522	1.62719	0.8291	5.8627	43.9639	18.8125	96.2997	1	1	1	1	0	0	0	0
09.08.2015 23:10:12.914000	-0.0749999	-0.0770149	-0.0637853	127.539	-666.625	-0.00506366	4	3	3	3	350.114	326	53.0472	3.44126	1.64324	0.8291	5.85041	43.4148	18.785	94.299	1	1	1	1	0	0	0	0
09.08.2015 23:10:13.014000	-0.0749999	-0.0770149	-0.0637853	127.539	-666.625	-0.00434028	4	3	3	3	297.462	326	53.1323	3.4361	1.63807	0.84124	5.83912	43.7789	18.7639	95.7776	1	1	1	1	0	0	0	0
09.08.2015 23:10:13.114000	-0.0749999	-0.0770149	-0.0637853	127.539	-666.625	-0.00434028	4	3	3	3	276.54	326	53.2129	3.4602	1.66218	0.843054	5.88194	41.7526	18.7423	88.1015	1	1	1	1	0	0	0	0
09.08.2015 23:10:13.214000	-0.0749999	-0.0770149	-0.0637853	127.539	-666.625	-0.00651042	4	3	3	3	276.529	326	53.2994	3.52363	1.72561	0.843054	5.88339	44.2839	18.7178	97.8874	1	1	1	1	0	0	0	0
09.08.2015 23:10:13.314000	-0.0749999	-0.0770149	-0.0637853	127.536	-666.625	-0.00651042	4	3	3	3	282.888	326	53.389	3.62241	1.82439	0.854094	5.93113	43.5551	18.6875	95.213	1	1	1	1	0	0	0	0
09.08.2015 23:10:13.414000	-0.0749999	-0.0770149	-0.0637853	127.539	-666.625	-0.00705295	4	3	3	3	317.247	326	53.476	3.72357	1.92555	0.854554	5.91551	43.045	18.6541	93.3878	1	1	1	1	0	0	0	0
09.08.2015 23:10:13.514000	-0.0749999	-0.0770149	-0.0637853	127.539	-666.625	-0.00687211	4	3	3	3	321.044	326	53.567	3.80035	2.00232	0.861788	5.90828	43.3819	18.6099	94.8473	1	1	1	1	0	0	0	0
09.08.2015 23:10:13.614000	-0.0749999	-0.0770149	-0.0637853	127.535	-666.625	-0.00651042	4	3	3	3	338.179	326	53.6591	3.8548	2.05678	0.894744	5.8967	43.0432	18.5597	93.7426	1	1	1	1	0	0	0	0
09.08.2015 23:10:13.714000	-0.0749999	-0.0770149	-0.0637853	127.536	-666.628	-0.00542535	4	3	3	3	323.066	326	53.7536	3.88339	2.08537	0.894744	5.86589	43.2516	18.516	94.7077	1	1	1	1	0	0	0	0
09.08.2015 23:10:13.814000	-0.0749999	-0.0770149	-0.0637853	127.539	-666.625	-0.00705295	4	3	3	3	286.839	326	53.8466	3.90942	2.11139	0.915654	5.86039	43.118	18.4748	94.3537	1	1	1	1	0	0	0	0
09.08.2015 23:10:13.914000	-0.0749999	-0.0770149	-0.0637853	127.539	-666.625	-0.00687211	4	3	3	3	268.76	326	53.9451	3.96606	2.16803	0.934955	5.90205	43.046	18.4406	94.209	1	1	1	1	0	0	0	0
09.08.2015 23:10:14.014000	-0.0749999	-0.0770149	-0.0637853	127.539	-666.625	-0.00651042	4	3	3	3	363.274	326	54.0376	4.04418	2.24616	0.934955	5.87688	42.937	18.3892	93.9884	1	1	1	1	0	0	0	0
09.08.2015 23:10:14.114000	-0.0749999	-0.0770149	-0.0637853	127.539	-666.625	-0.00470197	4	3	3	3	307.31	326	54.1366	4.08021	2.28219	0.958496	5.92014	43.2759	18.3534	95.4231	1	1	1	1	0	0	0	0
09.08.2015 23:10:14.214000	-0.0749999	-0.0770149	-0.0637853	127.539	-666.625	-0.00542535	4	3	3	3	298.893	326	54.2341	4.11362	2.3156	0.960268	5.95023	43.2496	18.319	95.4542	1	1	1	1	0	0	0	0
09.08.2015 23:10:14.314000	-0.0749999	-0.0770149	-0.0637853	127.539	-666.625	-0.00687211	4	3	3	3	280.465	326	54.3326	4.16781	2.36978	0.969376	5.94097	42.9886	18.2905	94.5638	1	1	1	1	0	0	0	0
09.08.2015 23:10:14.414000	-0.0749999	-0.0770149	-0.0637853	127.535	-666.625	-0.00651042	4	3	3	3	278.84	326	54.4301	4.24985	2.45183	0.983037	5.93345	43.1788	18.2473	95.4577	1	1	1	1	0	0	0	0
09.08.2015 23:10:14.514000	-0.0749999	-0.0770149	-0.0637853	127.539	-666.625	-0.00687211	4	3	3	3	348.756	326	54.5325	4.33818	2.54015	0.983037	5.94647	43.1006	18.2004	95.3376	1	1	1	1	0	0	0	0
09.08.2015 23:10:14.614000	-0.0749999	-0.0770149	-0.0637853	127.539	-666.625	-0.00651042	4	3	3	3	340.9	326	54.634	4.38163	2.5836	1.0013	5.8776	43.2564	18.1628	96.0784	1	1	1	1	0	0	0	0
09.08.2015 23:10:14.714000	-0.0749999	-0.0770149	-0.0637853	127.539	-666.628	-0.00542535	4	3	3	3	326.385	326	54.7375	4.39575	2.59773	1.00288	5.87876	42.9037	18.1296	94.855	1	1	1	1	0	0	0	0
09.08.2015 23:10:14.814000	-0.0749999	-0.0770149	-0.0637853	127.539	-666.625	-0.00434028	4	3	3	3	328.624	326	54.8409	4.3979	2.59988	1.01073	5.90972	42.8182	18.1065	94.6161	1	1	1	1	0	0	0	0
09.08.2015 23:10:14.914000	-0.0749999	-0.0770149	-0.0637853	127.539	-666.625	-0.00434028	4	3	3	3	293.564	326	54.9424	4.40689	2.60887	1.01924	5.92564	42.7805	18.0819	94.5661	1	1	1	1	0	0	0	0
09.08.2015 23:10:15.014000	-0.0749999	-0.0770149	-0.0637853	127.539	-666.625	-0.00434028	4	3	3	3	325.409	326	55.0434	4.43788	2.63985	1.01975	5.95862	42.4891	18.0754	93.475	1	1	1	1	0	0	0	0
09.08.2015 23:10:15.114000	-0.0749999	-0.0770149	-0.0637853	127.539	-666.625	-0.00434028	4	3	3	3	296.411	326	55.1463	4.47097	2.67295	1.02772	5.93851	42.9178	18.0454	95.2312	1	1	1	1	0	0	0	0
09.08.2015 23:10:15.214000	-0.0749999	-0.0770149	-0.0637853	127.539	-666.625	-0.00542535	4	3	3	3	319.458	326	55.2508	4.5156	2.71758	1.02772	5.92318	42.2334	18.0174	92.7183	1	1	1	1	0	0	0	0
09.08.2015 23:10:15.314000	-0.0749999	-0.0770149	-0.0637853	127.539	-666.625	-0.00253183	4	3	3	3	282.379	326	55.3567	4.56403	2.766	1.03941	5.94748	42.4998	17.9854	93.8608	1	1	1	1	0	0	0	0
09.08.2015 23:10:15.414000	-0.0749999	-0.0770149	-0.0637853	127.539	-666.625	-0.00108507	4	3	3	3	343.214	326	55.4647	4.62103	2.823	1.04491	5.97352	42.3538	17.9451	93.4563	1	1	1	1	0	0	0	0
09.08.2015 23:10:15.514000	-0.0749999	-0.0770149	-0.0637853	127.539	-666.625	0.00036169	4	3	3	3	343.394	326	55.5726	4.64687	2.84885	1.06098	5.95067	42.5575	17.902	94.4009	1	1	1	1	0	0	0	0
09.08.2015 23:10:15.614000	-0.0749999	-0.0770149	-0.0637853	127.539	-666.625	0.000542535	4	3	3	3	309.734	326	55.6816	4.65335	2.85533	1.08611	5.91594	42.0827	17.8799	92.6678	1	1	1	1	0	0	0	0
09.08.2015 23:10:15.714000	-0.0749999	-0.0770149	-0.0637853	127.539	-666.625	0.00108507	4	3	3	3	312.071	326	55.793	4.67131	2.87329	1.0861	5.94604	42.3829	17.8525	93.9223	1	1	1	1	0	0	0	0
09.08.2015 23:10:15.814000	-0.0749999	-0.0770149	-0.0637853	127.539	-666.625	0	4	3	3	3	326.37	326	55.9029	4.69292	2.89489	1.086	5.94633	42.4466	17.8291	94.2555	1	1	1	1	0	0	0	0
09.08.2015 23:10:15.914000	-0.0749999	-0.0770149	-0.0637853	127.539	-666.625	0.00036169	4	3	3	3	295.777	326	56.0104	4.71211	2.91409	1.086	5.95964	42.2267	17.8122	93.4782	1	1	1	1	0	0	0	0
09.08.2015 23:10:16.014000	-0.0749999	-0.0770149	-0.0637853	127.539	-666.625	0.0016276	4	3	3	3	298.708	326	56.1208	4.75558	2.95756	1.10251	5.96398	42.1222	17.7908	93.16	1	1	1	1	0	0	0	0
09.08.2015 23:10:16.114000	-0.0749999	-0.0770149	-0.0637853	127.539	-666.625	0.00072338	4	3	3	3	284.218	326	56.2317	4.82033	3.02231	1.10542	6.00304	42.8911	17.771	96.1798	1	1	1	1	0	0	0	0
09.08.2015 23:10:16.214000	-0.0749999	-0.0770149	-0.0637853	127.539	-666.625	0.00108507	4	3	3	3	327.068	326	56.3456	4.8939	3.09588	1.10844	5.96918	42.3008	17.7401	94.038	1	1	1	1	0	0	0	0
09.08.2015 23:10:16.314000	-0.0749999	-0.0770149	-0.0637853	127.536	-666.625	-0.00036169	4	3	3	3	330.276	326	56.4565	4.93882	3.1408	1.11037	5.93924	41.8781	17.6922	92.6031	1	1	1	1	0	0	0	0
09.08.2015 23:10:16.414000	-0.0749999	-0.0770149	-0.0637853	127.539	-666.625	-0.0016276	4	3	3	3	300.445	326	56.5709	4.97261	3.17458	1.12346	5.91638	42.5483	17.6675	95.2635	1	1	1	1	0	0	0	0
09.08.2015 23:10:16.514000	-0.0749999	-0.0770149	-0.0637853	127.539	-666.625	-0.00253183	4	3	3	3	317.86	326	56.6918	5.01636	3.21833	1.14081	5.92578	42.4762	17.6392	95.0959	1	1	1	1	0	0	0	0
09.08.2015 23:10:16.614000	-0.0749999	-0.0770149	-0.0637853	127.535	-666.625	-0.00271267	4	3	3	3	300.958	326	56.8067	5.05533	3.2573	1.14887	5.9116	42.186	17.611	94.0931	1	1	1	1	0	0	0	0
09.08.2015 23:10:16.714000	-0.0749999	-0.0770149	-0.0637853	127.539	-666.628	-0.00325521	4	3	3	3	339.502	326	56.9251	5.09623	3.2982	1.16768	5.93142	42.4158	17.5887	95.0581	1	1	1	1	0	0	0	0
09.08.2015 23:10:16.814000	-0.0749999	-0.0770149	-0.0637853	127.539	-666.625	-0.00108507	4	3	3	3	289.454	326.039	57.045	5.132	3.33398	1.17236	5.99277	42.1684	17.5851	94.1247	1	1	1	1	0.61	0	0	0
09.08.2015 23:10:16.914000	-0.0749999	-0.0770149	-0.0637853	127.539	-666.625	-0.00144676	4	3	3	3	295.97	326.666	57.1629	5.29825	3.50023	1.18997	5.97946	41.7552	17.5328	92.7428	1	1	1	1	1	0	0	0
09.08.2015 23:10:17.014000	-0.0749999	-0.0770149	-0.0637853	127.539	-666.625	-0.0016276	4	3	3	3	361.646	328.289	57.2937	5.51284	3.71482	1.20314	5.95168	41.7366	17.4637	92.9361	1	1	1	1	1	0	0	0
09.08.2015 23:10:17.114000	-0.0749999	-0.0770149	-0.0637853	127.539	-666.628	-0.00108507	4	3	3	3	400.703	330.916	57.418	5.54553	3.7475	1.24983	5.90336	41.9767	17.3934	94.1249	1	1	1	1	1	0	0	0
09.08.2015 23:10:17.214000	-0.0749999	-0.0770149	-0.0637853	127.535	-666.625	-0.00108507	4	3	3	3	327.986	334.548	57.5469	5.4023	3.60428	1.25299	5.93605	41.876	17.3616	93.8606	1	1	1	1	1	0	0	0
09.08.2015 23:10:17.314000	-0.0749999	-0.0770149	-0.0637853	127.539	-666.625	-0.00144676	4	3	3	3	351.457	339.184	57.6663	5.32568	3.52766	1.26247	5.9728	41.9955	17.3494	94.3649	1	1	1	1	1	0	0	0
09.08.2015 23:10:17.414000	-0.0749999	-0.0770149	-0.0637853	127.539	-666.629	0	4	3	3	3	281.169	344.825	57.7886	5.32761	3.52959	1.2515	5.93258	42.107	17.3477	94.7984	1	1	1	1	1	0	0	0
09.08.2015 23:10:17.514000	-0.0749999	-0.0770149	-0.0637853	127.536	-666.625	0.00108507	4	3	3	3	291.909	351.471	57.9075	5.55789	3.75986	1.20149	5.94878	42.3869	17.3236	95.9625	1	1	1	1	1	0	0	0
09.08.2015 23:10:17.614000	-0.0749999	-0.0770149	-0.0637853	127.539	-666.625	0.000542535	4	3	3	3	322.577	359.122	58.0398	5.97709	4.17906	1.22329	5.9537	42.0282	17.2416	94.9029	1	1	1	1	1	0	0	0
09.08.2015 23:10:17.714000	-0.0749999	-0.0770149	-0.0637853	127.539	-666.625	0.00072338	4	3	3	3	388.188	367.776	58.1781	6.42398	4.62596	1.28867	5.95602	41.6906	17.0915	94.185	1	1	1	1	1	0	0	0
09.08.2015 23:10:17.814000	-0.0749999	-0.0770149	-0.0637853	127.539	-666.625	0.00108507	4	3	3	3	389.576	377.435	58.3318	6.75422	4.95619	1.39804	5.96759	41.4811	16.9199	94.0398	1	1	1	1	1	0	0	0
09.08.2015 23:10:17.914000	-0.0749999	-0.0770149	-0.0637853	127.539	-666.625	-0.00144676	4	3	3	3	388.17	388.099	58.49	7.01785	5.21982	1.48055	5.94141	41.2788	16.7336	93.9788	1	1	1	1	1	0	0	0
09.08.2015 23:10:18.014000	-0.0749999	-0.0770149	-0.0637853	127.539	-666.625	0.0016276	4	3	3	3	393.506	399.767	58.6556	7.28063	5.48261	1.58425	5.92607	41.0676	16.5615	93.8288	1	1	1	1	1	0	0	0
09.08.2015 23:10:18.114000	-0.0749999	-0.0770149	-0.0637853	127.539	-666.625	0.00072338	4	3	3	3	414.83	412.44	58.8228	7.55774	5.75972	1.63425	5.87949	40.8569	16.3867	93.6916	1	1	1	1	1	0	0	0
09.08.2015 23:10:18.214000	-0.0749999	-0.0770149	-0.0637853	127.539	-666.625	-0.00108507	4	3	3	3	399.244	426.118	58.9988	7.85852	6.06049	1.68752	5.91508	40.6654	16.2085	93.6407	1	1	1	1	1	0	0	0
09.08.2015 23:10:18.314000	-0.0749999	-0.0770149	-0.0637853	127.539	-666.625	-0.00108507	4	3	3	3	410.586	440.801	59.1794	8.25671	6.45869	1.7516	5.92014	40.4721	16.011	93.6568	1	1	1	1	1	0	0	0
09.08.2015 23:10:18.414000	-0.0749999	-0.0770149	-0.0637853	127.539	-666.625	-0.00108507	4	3	3	3	393.425	456.487	59.3699	8.77196	6.97394	1.85496	5.91696	40.2615	15.8038	93.6439	1	1	1	1	1	0	0	0
09.08.2015 23:10:18.514000	-0.0749999	-0.0770149	-0.0637853	127.539	-666.625	0.00036169	4	3	3	3	455.944	473.179	59.5734	9.40435	7.60633	1.94013	5.92043	40.0244	15.5485	93.7133	1	1	1	1	1	0	0	0
09.08.2015 23:10:18.614000	-0.0749999	-0.0770149	-0.0637853	127.539	-666.625	-0.00108507	4	3	3	3	470.039	490.874	59.7892	10.0536	8.25553	2.05552	5.92332	39.6563	15.2843	93.3156	1	1	1	1	1	0	0	0
09.08.2015 23:10:18.714000	-0.0749999	-0.0770149	-0.0637853	127.539	-666.625	-0.00144676	4	3	3	3	474.564	509.575	60.0225	10.7065	8.90844	2.23075	5.9009	39.3667	15.015	93.2378	1	1	1	1	1	0	0	0
09.08.2015 23:10:18.814000	-0.0749999	-0.0770149	-0.0637853	127.539	-666.625	-0.00271267	4	3	3	3	508.864	529.281	60.2653	11.3983	9.60025	2.39878	5.84592	39.0439	14.7756	92.9183	1	1	1	1	1	0	0	0
09.08.2015 23:10:18.914000	-0.0749999	-0.0770149	-0.0637853	127.539	-666.625	-0.0036169	4	3	3	3	478.544	549.992	60.5239	12.1461	10.348	2.50862	5.87862	38.9089	14.5292	93.345	1	1	1	1	1	0	0	0
09.08.2015 23:10:19.014000	-0.0749999	-0.0770149	-0.0637853	127.539	-666.625	-0.00325521	4	3	3	3	519.287	571.707	60.802	13.012	11.214	2.67024	5.88643	38.6059	14.2649	93.1966	1	1	1	1	1	0	0	0
09.08.2015 23:10:19.114000	-0.0749999	-0.0770149	-0.0637853	127.539	-666.625	-0.00289352	4	3	3	3	557.506	594.425	61.094	13.9277	12.1297	2.8856	5.86936	38.3393	14.0082	93.159	1	1	1	1	1	0	0	0
09.08.2015 23:10:19.214000	-0.0749999	-0.0770149	-0.0637853	127.539	-666.625	-0.00108507	4	3	3	3	559.913	618.149	61.4054	14.8638	13.0658	3.05645	5.88035	38.0838	13.7992	92.9809	1	1	1	1	1	0	0	0
09.08.2015 23:10:19.314000	-0.0749999	-0.0770149	-0.0637853	127.539	-666.625	-0.00325521	4	3	3	3	552.344	642.877	61.7381	15.8883	14.0903	3.2849	5.86241	37.8422	13.5842	92.8793	1	1	1	1	1	0	0	0
09.08.2015 23:10:19.414000	-0.0749999	-0.0770149	-0.0637853	127.535	-666.625	-0.00325521	4	3	3	3	602.582	668.609	62.0898	17.0608	15.2627	3.46492	5.89193	37.6406	13.4024	92.8031	1	1	1	1	1	0	0	0
09.08.2015 23:10:19.514000	-0.0749999	-0.0770149	-0.0637853	127.539	-666.625	-0.00144676	4	3	3	3	689.633	695.347	62.4634	18.2678	16.4698	3.71249	5.84881	37.4916	13.2673	92.7503	1	1	1	1	1	0	0	0
09.08.2015 23:10:19.614000	-0.0749999	-0.0770149	-0.0637853	127.539	-666.625	-0.00108507	4	3	3	3	693.919	564.86	62.8553	19.3592	10.5793	3.88733	5.69488	37.4062	13.1751	92.776	1	1	1	1	1	0.39	0	0.39
09.08.2015 23:10:19.714000	-0.0749999	-0.0770149	-0.0637853	127.539	-666.625	-0.00072338	4	3	3	3	1141.97	326	64.4103	19.7004	0	50.9325	5.59997	75.2668	15.9529	227.101	1	1	1	1	1	1	0.28	1
09.08.2015 23:10:19.814000	-0.0749999	-0.0770149	-0.0637853	127.539	-666.625	-0.00379774	4	3	3	3	424.854	326	66.1751	19.7004	0	99.6831	4.56149	98.8859	0.839747	375.399	1	1	1	1	1	1	1	1
09.08.2015 23:10:19.914000	-0.0749999	-0.0770149	-0.0637853	127.534	-666.63	-0.00397859	4	3	3	3	8.10428	326	66.1567	19.7004	0	99.6831	3.05382	112.314	0.596026	427.747	1	1	1	1	1	1	1	1
09.08.2015 23:10:20.014000	-0.0749999	-0.0770149	-0.0637853	127.527	-666.641	-0.00379774	4	3	3	3	1.11737	326	66.1567	0	0	99.6831	2.17969	120.959	0.518509	461.142	1	1	1	1	1	1	1	0
09.08.2015 23:10:20.114000	-0.0749999	-0.0770149	-0.0637853	127.523	-666.635	-0.00434028	4	3	3	3	0.280111	326	66.1567	0	0	99.6831	1.52344	121.454	0.512833	463.058	1	1	1	1	1	1	1	0
09.08.2015 23:10:20.214000	-0.0749999	-0.0770149	-0.0637853	127.523	-666.645	-0.00488281	4	3	3	3	0.271159	326	66.1567	0	0	99.6831	1.17159	121.666	0.527543	463.815	1	1	1	1	1	1	1	0
09.08.2015 23:10:20.314000	-0.0749999	-0.0770149	-0.0637853	127.523	-666.641	-0.00506366	4	3	3	3	0.267289	326	66.1567	0	0	99.6831	0.962384	121.981	0.481582	465.196	1	1	1	1	1	1	1	0
09.08.2015 23:10:20.414000	-0.0749999	-0.0770149	-0.0637853	127.523	-666.641	-0.00325521	4	3	3	3	0.26908	326	66.1567	0	0	99.6831	0.824942	122.361	0.49324	466.607	1	1	1	1	1	1	1	0
09.08.2015 23:10:20.514000	-0.0749999	-0.0770149	-0.0637853	127.518	-666.641	-0.00180845	4	3	3	3	0.271371	326	66.1567	0	0	99.6831	0.697049	122.69	0.495743	467.857	1	1	1	1	1	1	1	0
09.08.2015 23:10:20.614000	-0.0749999	-0.0770149	-0.0637853	127.484	-666.637	-0.0016276	4	3	3	3	0.265748	326	66.1567	0	0	99.6831	0.613137	122.998	0.487625	469.069	1	1	1	1	1	1	1	0
09.08.2015 23:10:20.714000	-0.0749999	-0.0770149	-0.0637853	127.477	-666.646	-0.00108507	4	3	3	3	0.24134	326	66.1567	0	0	73.8043	0.553964	123.298	0.488113	470.216	1	1	1	1	1	1	1	0
09.08.2015 23:10:20.814000	-0.0749999	-0.0770149	-0.0637853	127.469	-666.641	-0.0016276	4	3	3	3	0.237559	326	66.1567	0	0	0.149086	0.509115	123.584	0.492447	471.294	1	1	1	1	1	1	1	0
09.08.2015 23:10:20.914000	-0.0749999	-0.0770149	-0.0637853	127.469	-666.641	-0.00108507	4	3	3	3	0.248782	326	66.1567	0	0	0.149086	0.456887	123.864	0.488357	472.381	1	1	1	1	1	1	1	0
09.08.2015 23:10:21.014000	-0.0749999	-0.0770149	-0.0637853	127.469	-666.641	-0.00108507	4	3	3	3	0.226726	326	66.1567	0	0	0.149086	0.427951	124.134	0.492325	473.399	1	1	1	1	1	1	1	0
09.08.2015 23:10:21.114000	-0.0749999	-0.0770149	-0.0637853	127.469	-666.641	-0.00253183	4	3	3	3	0.245486	326	66.1567	0	0	0.149086	0.402199	124.388	0.492508	474.372	1	1	1	1	1	1	1	0
09.08.2015 23:10:21.214000	-0.0749999	-0.0770149	-0.0637853	127.469	-666.641	-0.00271267	4	3	3	3	0.239639	326	66.1567	0	0	0.149086	0.377894	124.617	0.490921	475.256	1	1	1	1	1	1	1	0
09.08.2015 23:10:21.314000	-0.0749999	-0.0770149	-0.0637853	127.469	-666.641	-0.00434028	4	3	3	3	0.24651	326	66.1567	0	0	0.149086	0.35489	124.826	0.496231	476.035	1	1	1	1	1	1	1	0
09.08.2015 23:10:21.414000	-0.0749999	-0.0770149	-0.0637853	127.469	-666.641	-0.00488281	4	3	3	3	0.256834	326	66.1567	0	0	0.149086	0.340422	125.033	0.494949	476.83	1	1	1	1	1	1	1	0
09.08.2015 23:10:21.514000	-0.0749999	-0.0770149	-0.0637853	127.469	-666.641	-0.00434028	4	3	3	3	0.295814	326	66.1567	0	0	0.149086	0.325666	125.238	0.49971	477.597	1	1	1	1	1	1	1	0
09.08.2015 23:10:21.614000	-0.0749999	-0.0770149	-0.0637853	127.469	-666.641	-0.00379774	4	3	3	3	0.297008	326	66.1567	0	0	0.149086	0.310909	125.443	0.503739	478.368	1	1	1	1	1	1	1	0
09.08.2015 23:10:21.714000	-0.0749999	-0.0770149	-0.0637853	127.469	-666.641	-0.00144676	4	3	3	3	0.277981	326	66.1567	0	0	0.111814	0.298466	125.638	0.515091	479.071	1	1	1	1	1	1	1	0
09.08.2015 23:10:21.814000	-0.0749999	-0.0770149	-0.0637853	127.465	-666.641	-0.00108507	4	3	3	3	0.250683	326	66.1567	0	0	0	0.290654	125.819	0.507157	479.796	1	1	1	1	1	1	1	0
09.08.2015 23:10:21.914000	-0.0749999	-0.0770149	-0.0637853	127.469	-666.638	-0.00072338	4	3	3	3	0.232798	326	66.1567	0	0	0	0.280816	125.992	0.493973	480.507	1	1	1	1	1	1	1	0
09.08.2015 23:10:22.014000	-0.0749999	-0.0770149	-0.0637853	127.453	-666.641	-0.00108507	4	3	3	3	0.242537	326	66.1567	0	0	0	0.275897	126.146	0.493973	481.097	1	1	1	1	1	1	1	0
09.08.2015 23:10:22.114000	-0.0749999	-0.0770149	-0.0637853	127.453	-666.638	-0.00397859	4	3	3	3	0.242482	326	66.1567	0	0	0	0.271123	126.294	0.495865	481.654	1	1	1	1	1	1	1	0
09.08.2015 23:10:22.214000	-0.0749999	-0.0770149	-0.0637853	127.453	-666.594	-0.0016276	4	3	3	3	0.247488	326	66.1567	0	0	0	0.268229	126.415	0.498062	482.111	1	1	1	1	1	1	1	0
09.08.2015 23:10:22.314000	-0.0749999	-0.0770149	-0.0637853	127.448	-665.88	-0.00108507	4	3	3	3	0.234149	326	66.1567	0	0	0	0.263744	126.528	0.498978	482.542	1	1	1	1	1	1	1	0
09.08.2015 23:10:22.414000	-0.0749999	-0.0770149	-0.0637853	127.445	-661.809	-0.00108507	4	3	3	3	0.240526	326	66.1567	0	0	0	0.259983	126.636	0.495987	482.966	1	1	1	1	1	1	1	0
09.08.2015 23:10:22.514000	-0.0749999	-0.0770149	-0.0637853	127.445	-634.154	-0.00108507	4	3	3	3	0.252421	326	66.1567	0	0	0	0.257813	126.725	0.500137	483.292	1	1	1	1	1	1	1	0
09.08.2015 23:10:22.614000	-0.0749999	-0.0770149	-0.0637853	127.449	-610.844	-0.00217014	4	3	3	3	0.248997	326	66.1567	0	0	0	0.254615	126.812	0.499527	483.626	1	1	1	1	1	1	1	0
09.08.2015 23:10:22.714000	-0.0749999	-0.0770149	-0.0637853	127.445	-586.698	-0.00180845	4	3	3	3	0.249409	326	66.1567	0	0	0	0.252293	126.875	0.499649	483.867	1	1	1	1	1	1	1	0
09.08.2015 23:10:22.814000	-0.0749999	-0.0770149	-0.0637853	127.449	-556.336	-0.00108507	4	3	3	3	0.259016	326	66.1567	0	0	0	0.249421	126.928	0.498489	484.072	1	1	1	1	1	1	1	0
09.08.2015 23:10:22.914000	-0.0749999	-0.0770149	-0.0637853	127.451	-505.982	-0.00108507	4	3	3	3	0.275854	326	66.1567	0	0	0	0.248843	126.969	0.49617	484.239	1	1	1	1	1	1	1	0
09.08.2015 23:10:23.014000	-0.0749999	-0.0770149	-0.0637853	127.449	-466.828	-0.00108507	4	3	3	3	0.273748	326	66.1567	0	0	0	0.245638	126.989	0.495499	484.336	1	1	1	1	1	1	1	0
09.08.2015 23:10:23.114000	-0.0749999	-0.0770149	-0.0637853	127.448	-424.857	-0.00072338	4	3	3	3	0.25163	326	66.1567	0	0	0	0.245638	127.024	0.497957	484.359	1	1	1	1	1	1	1	0
09.08.2015 23:10:23.214000	-0.0749999	-0.0770149	-0.0637853	127.445	-374.129	-0.00108507	4	3	3	3	0.240759	326	66.1567	0	0	0	0.243359	126.973	0.498733	484.25	1	1	1	1	1	1	1	0
09.08.2015 23:10:23.314000	-0.0749999	-0.0770149	-0.0637853	127.445	-323.029	0.00036169	4	3	3	3	0.265725	326	66.1567	0	0	0	0.243316	126.95	0.501297	484.147	1	1	1	1	1	1	1	0
09.08.2015 23:10:23.414000	-0.0749999	-0.0770149	-0.0637853	127.449	-280.68	0	4	3	3	3	0.275812	326	66.1567	0	0	0	0.241602	126.926	0.504837	484.041	1	1	1	1	1	1	1	0
09.08.2015 23:10:23.514000	-0.0749999	-0.0770149	-0.0637853	127.445	-239.164	-0.00144676	4	3	3	3	0.309378	326	66.1567	0	0	0	0.239851	126.909	0.514908	483.936	1	1	1	1	1	1	1	0
09.08.2015 23:10:23.614000	-0.0749999	-0.0770149	-0.0637853	127.449	-180.707	-0.0016276	4	3	3	3	0.312805	326	66.1567	0	0	0	0.240176	126.88	0.525529	483.786	1	1	1	1	1	1	1	0
09.08.2015 23:10:23.714000	-0.0749999	-0.0770149	-0.0637853	127.445	-138.724	-0.00325521	4	3	3	3	0.271446	326	66.1567	0	0	0	0.238397	126.862	0.51381	483.76	1	1	1	1	1	1	1	0
09.08.2015 23:10:23.814000	-0.0749999	-0.0770149	-0.0637853	127.449	-97.1602	-0.00108507	4	3	3	3	0.271181	326	66.1567	0	0	0	0.238419	126.838	0.505325	483.702	1	1	1	1	1	1	1	0
09.08.2015 23:10:23.914000	-0.0749999	-0.0770149	-0.0637853	127.453	-50.026	-0.00180845	4	3	3	3	0.247898	326	66.1567	0	0	0	0.235966	126.814	0.506485	483.605	1	1	1	1	1	1	1	0
09.08.2015 23:10:24.014000	-0.0749999	-0.0770149	-0.0637853	127.449	2.65625	-0.00108507	4	3	3	3	0.256101	326	66.1567	0	0	0	0.237399	126.794	0.504776	483.535	1	1	1	1	1	1	1	0
09.08.2015 23:10:24.114000	-0.0749999	-0.0770149	-0.0637853	127.451	44.1172	-0.00144676	4	3	3	3	0.264449	326	66.1567	0	0	0	0.234961	126.771	0.501419	483.461	1	1	1	1	1	1	1	0
09.08.2015 23:10:24.214000	-0.0749999	-0.0770149	-0.0637853	127.449	85.3477	-0.0016276	4	3	3	3	0.270836	326	66.1567	0	0	0	0.235511	126.746	0.49971	483.371	1	1	1	1	1	1	1	0
09.08.2015 23:10:24.314000	-0.0749999	-0.0770149	-0.0637853	127.448	132.573	-0.00144676	4	3	3	3	0.264472	326	66.1567	0	0	0	0.234838	126.723	0.500565	483.282	1	1	1	1	1	1	1	0
09.08.2015 23:10:24.414000	-0.0749999	-0.0770149	-0.0637853	127.449	184.883	-0.00217014	4	3	3	3	0.265339	326	66.1567	0	0	0	0.235062	126.701	0.505875	483.177	1	1	1	1	1	1	1	0
09.08.2015 23:10:24.514000	-0.0749999	-0.0770149	-0.0637853	127.453	225.708	-0.00289352	4	3	3	3	0.248171	326	66.1567	0	0	0	0.234115	126.68	0.503922	483.102	1	1	1	1	1	1	1	0
09.08.2015 23:10:24.614000	-0.0749999	-0.0770149	-0.0637853	127.453	266.98	-0.00434028	4	3	3	3	0.247682	326	66.1567	0	0	0	0.233478	126.654	0.508744	482.986	1	1	1	1	1	1	1	0
09.08.2015 23:10:24.714000	-0.0749999	-0.0770149	-0.0637853	127.451	319.219	-0.00470197	4	3	3	3	0.260582	326	66.1567	0	0	0	0.234252	126.631	0.507645	482.901	1	1	1	1	1	1	1	0
09.08.2015 23:10:24.814000	-0.0749999	-0.0770149	-0.0637853	127.453	365.914	-0.00488281	4	3	3	3	0.266267	326	66.1567	0	0	0	0.233051	126.61	0.505264	482.828	1	1	1	1	1	1	1	0
09.08.2015 23:10:24.914000	-0.0749999	-0.0770149	-0.0637853	127.445	407.039	-0.00434028	4	3	3	3	0.262561	326	66.1567	0	0	0	0.233355	126.59	0.508072	482.744	1	1	1	1	1	1	1	0
09.08.2015 23:10:25.014000	-0.0749999	-0.0770149	-0.0637853	127.445	448.484	-0.00325521	4	3	3	3	0.267553	326	66.1567	0	0	0	0.231344	126.568	0.509598	482.652	1	1	1	1	1	1	1	0
09.08.2015 23:10:25.114000	-0.0749999	-0.0770149	-0.0637853	127.445	506.344	-0.00325521	4	3	3	3	0.266375	326	66.1567	0	0	0	0.232914	126.542	0.510636	482.548	1	1	1	1	1	1	1	0
09.08.2015 23:10:25.214000	-0.0749999	-0.0770149	-0.0637853	127.453	547.453	-0.00271267	4	3	3	3	0.258761	326	66.1567	0	0	0	0.230339	126.52	0.510819	482.463	1	1	1	1	1	1	1	0
09.08.2015 23:10:25.314000	-0.0749999	-0.0770149	-0.0637853	127.453	583.753	-0.00289352	4	3	3	3	0.257639	326	66.1567	0	0	0	0.23159	126.502	0.512528	482.388	1	1	1	1	1	1	1	0
09.08.2015 23:10:25.414000	-0.0749999	-0.0770149	-0.0637853	127.453	618.473	-0.00379774	4	3	3	3	0.286919	326	66.1567	0	0	0	0.231084	126.481	0.515213	482.297	1	1	1	1	1	1	1	0
09.08.2015 23:10:25.514000	-0.0749999	-0.0770149	-0.0637853	127.453	646.049	0.00036169	4	3	3	3	0.293971	326	66.1567	0	0	0	0.231301	126.462	0.520096	482.204	1	1	1	1	1	1	1	0
09.08.2015 23:10:25.614000	-0.0749999	-0.0770149	-0.0637853	127.453	662.883	0.000542535	4	3	3	3	0.274619	326	66.1567	0	0	0	0.231062	126.44	0.529374	482.088	1	1	1	1	1	1	1	0
09.08.2015 23:10:25.714000	-0.0749999	-0.0770149	-0.0637853	127.453	672.013	-0.00108507	4	3	3	3	0.268249	326	66.1567	0	0	0	0.229876	126.428	0.52974	482.039	1	1	1	1	1	1	1	0
09.08.2015 23:10:25.814000	-0.0749999	-0.0770149	-0.0637853	127.453	675.648	-0.00108507	4	3	3	3	0.253583	326	66.1567	0	0	0	0.231366	126.411	0.512284	482.041	1	1	1	1	1	1	1	0
09.08.2015 23:10:25.914000	-0.0749999	-0.0770149	-0.0637853	127.448	676.75	0	4	3	3	3	0.251114	326	66.1567	0	0	0	0.23044	126.388	0.514237	481.945	1	1	1	1	1	1	1	0
09.08.2015 23:10:26.014000	-0.0749999	-0.0770149	-0.0637853	127.445	676.805	-0.00108507	4	3	3	3	0.253468	326	66.1567	0	0	0	0.231047	126.366	0.51503	481.858	1	1	1	1	1	1	1	0
09.08.2015 23:10:26.114000	-0.0749999	-0.0770149	-0.0637853	127.445	676.807	-0.00217014	4	3	3	3	0.263066	326	66.1567	0	0	0	0.229615	126.486	0.51619	482.313	1	1	1	1	1	1	1	0
09.08.2015 23:10:26.214000	-0.0749999	-0.0770149	-0.0637853	127.445	676.797	-0.00325521	4	3	3	3	0.269863	326	66.1567	0	0	0	0.231612	126.333	0.51033	481.749	1	1	1	1	1	1	1	0
09.08.2015 23:10:26.314000	-0.0749999	-0.0770149	-0.0637853	127.445	676.807	-0.00397859	4	3	3	3	0.266011	326	66.1567	0	0	0	0.229174	126.331	0.514725	481.724	1	1	1	1	1	1	1	0
09.08.2015 23:10:26.414000	-0.0749999	-0.0770149	-0.0637853	127.445	676.84	-0.00596788	4	3	3	3	0.273497	326	66.1567	0	0	0	0.23002	126.301	0.518632	481.594	1	1	1	1	1	1	1	0
09.08.2015 23:10:26.514000	-0.0749999	-0.0770149	-0.0637853	127.445	676.852	-0.00578704	4	3	3	3	0.263419	326	66.1567	0	0	0	0.229485	126.268	0.510575	481.498	1	1	1	1	1	1	1	0
09.08.2015 23:10:26.614000	-0.0749999	-0.0770149	-0.0637853	127.445	676.801	-0.00542535	4	3	3	3	0.25745	326	66.1567	0	0	0	0.230288	126.249	0.513016	481.417	1	1	1	1	1	1	1	0
09.08.2015 23:10:26.714000	-0.0749999	-0.0770149	-0.0637853	127.445	676.828	-0.00470197	4	3	3	3	0.245164	326	66.1567	0	0	0	0.229203	126.228	0.514725	481.332	1	1	1	1	1	1	1	0
09.08.2015 23:10:26.814000	-0.0749999	-0.0770149	-0.0637853	127.445	676.781	-0.00434028	4	3	3	3	0.24863	326	66.1567	0	0	0	0.228856	126.21	0.513627	481.267	1	1	1	1	1	1	1	0
09.08.2015 23:10:26.914000	-0.0749999	-0.0770149	-0.0637853	127.445	676.82	-0.00434028	4	3	3	3	0.262251	326	66.1567	0	0	0	0.230346	126.193	0.516434	481.192	1	1	1	1	1	1	1	0
09.08.2015 23:10:27.014000	-0.0749999	-0.0770149	-0.0637853	127.445	676.793	-0.00434028	4	3	3	3	0.286584	326	66.1567	0	0	0	0.229145	126.172	0.514969	481.116	1	1	1	1	1	1	1	0
09.08.2015 23:10:27.114000	-0.0749999	-0.0770149	-0.0637853	127.445	676.802	-0.00434028	4	3	3	3	0.267384	326	66.1567	0	0	0	0.230027	126.15	0.516678	481.023	1	1	1	1	1	1	1	0
09.08.2015 23:10:27.214000	-0.0749999	-0.0770149	-0.0637853	127.445	676.793	-0.00434028	4	3	3	3	0.254227	326	66.1567	0	0	0	0.228024	126.132	0.516007	480.96	1	1	1	1	1	1	1	0
09.08.2015 23:10:27.314000	-0.0749999	-0.0770149	-0.0637853	127.438	676.893	-0.00325521	4	3	3	3	0.238079	326	66.1567	0	0	0	0.23002	126.116	0.516984	480.893	1	1	1	1	1	1	1	0
09.08.2015 23:10:27.414000	-0.0749999	-0.0770149	-0.0637853	127.441	676.816	-0.00325521	4	3	3	3	0.239979	326	66.1567	0	0	0	0.227438	126.097	0.520524	480.806	1	1	1	1	1	1	1	0
09.08.2015 23:10:27.514000	-0.0749999	-0.0770149	-0.0637853	127.445	676.815	-0.00470197	4	3	3	3	0.27539	326	66.1567	0	0	0	0.228414	126.075	0.519791	480.727	1	1	1	1	1	1	1	0
09.08.2015 23:10:27.614000	-0.0749999	-0.0770149	-0.0637853	127.445	676.953	-0.00488281	4	3	3	3	0.2932	326	66.1567	0	0	0	0.227604	126.053	0.527055	480.615	1	1	1	1	1	1	1	0
09.08.2015 23:10:27.714000	-0.0749999	-0.0770149	-0.0637853	127.445	676.938	-0.00397859	4	3	3	3	0.304674	326	66.1567	0	0	0	0.228262	126.035	0.534379	480.516	1	1	1	1	1	1	1	0
09.08.2015 23:10:27.814000	-0.0749999	-0.0770149	-0.0637853	127.445	676.906	-0.00271267	4	3	3	3	0.280007	326	66.1567	0	0	0	0.227163	126.021	0.539262	480.443	1	1	1	1	1	1	1	0
09.08.2015 23:10:27.914000	-0.0749999	-0.0770149	-0.0637853	127.445	676.898	-0.00325521	4	3	3	3	0.263289	326	66.1567	0	0	0	0.226541	126.006	0.533891	480.409	1	1	1	1	1	1	1	0
09.08.2015 23:10:28.014000	-0.0749999	-0.0770149	-0.0637853	127.445	676.875	-0.00488281	4	3	3	3	0.245799	326	66.1567	0	0	0	0.227452	125.988	0.525712	480.368	1	1	1	1	1	1	1	0
09.08.2015 23:10:28.114000	-0.0749999	-0.0770149	-0.0637853	127.445	676.859	-0.00470197	4	3	3	3	0.250978	326	66.1567	0	0	0	0.226389	125.971	0.529008	480.294	1	1	1	1	1	1	1	0
09.08.2015 23:10:28.214000	-0.0749999	-0.0770149	-0.0637853	127.445	676.852	-0.00434028	4	3	3	3	0.238223	326	66.1567	0	0	0	0.226707	125.955	0.533341	480.214	1	1	1	1	1	1	1	0
09.08.2015 23:10:28.314000	-0.0749999	-0.0770149	-0.0637853	127.445	676.841	-0.00542535	4	3	3	3	0.250385	326	66.1567	0	0	0	0.224834	125.937	0.536637	480.133	1	1	1	1	1	1	1	0
09.08.2015 23:10:28.414000	-0.0749999	-0.0770149	-0.0637853	127.445	676.84	-0.00108507	4	3	3	3	0.255104	326	66.1567	0	0	0	0.226845	125.919	0.543046	480.041	1	1	1	1	1	1	1	0
09.08.2015 23:10:28.514000	-0.0749999	-0.0770149	-0.0637853	127.445	676.82	-0.00144676	4	3	3	3	0.262176	326	66.1567	0	0	0	0.224392	125.898	0.545305	479.952	1	1	1	1	1	1	1	0
09.08.2015 23:10:28.614000	-0.0749999	-0.0770149	-0.0637853	127.445	676.82	-0.00108507	4	3	3	3	0.264833	326	66.1567	0	0	0	0.225825	125.88	0.552507	479.852	1	1	1	1	1	1	1	0
09.08.2015 23:10:28.714000	-0.0749999	-0.0770149	-0.0637853	127.445	676.82	-0.00144676	4	3	3	3	0.254812	326	66.1567	0	0	0	0.224573	125.861	0.554338	479.775	1	1	1	1	1	1	1	0
09.08.2015 23:10:28.814000	-0.0749999	-0.0770149	-0.0637853	127.445	676.82	-0.00108507	4	3	3	3	0.249451	326	66.1567	0	0	0	0.226526	125.843	0.559282	479.688	1	1	1	1	1	1	1	0
09.08.2015 23:10:28.914000	-0.0749999	-0.0770149	-0.0637853	127.445	676.82	0.00036169	4	3	3	3	0.236764	326	66.1567	0	0	0	0.224711	125.827	0.560381	479.623	1	1	1	1	1	1	1	0
09.08.2015 23:10:29.014000	-0.0749999	-0.0770149	-0.0637853	127.445	676.828	-0.00108507	4	3	3	3	0.250768	326	66.1567	0	0	0	0.224949	125.81	0.566607	479.531	1	1	1	1	1	1	1	0
09.08.2015 23:10:29.114000	-0.0749999	-0.0770149	-0.0637853	127.445	676.818	-0.00180845	4	3	3	3	0.251368	326	66.1567	0	0	0	0.225434	125.788	0.569781	479.437	1	1	1	1	1	1	1	0
09.08.2015 23:10:29.214000	-0.0749999	-0.0770149	-0.0637853	127.445	676.809	-0.00488281	4	3	3	3	0.270761	326	66.1567	0	0	0	0.224797	125.773	0.57094	479.373	1	1	1	1	1	1	1	0
09.08.2015 23:10:29.314000	-0.0749999	-0.0770149	-0.0637853	127.445	676.807	-0.00470197	4	3	3	3	0.2644	326	66.1567	0	0	0	0.224826	125.756	0.574419	479.296	1	1	1	1	1	1	1	0
09.08.2015 23:10:29.414000	-0.0749999	-0.0770149	-0.0637853	127.445	676.805	-0.00488281	4	3	3	3	0.272348	326	66.1567	0	0	0	0.223394	125.736	0.576556	479.209	1	1	1	1	1	1	1	0
09.08.2015 23:10:29.514000	-0.0749999	-0.0770149	-0.0637853	127.445	676.805	-0.00470197	4	3	3	3	0.270498	326	66.1567	0	0	0	0.226121	125.72	0.580157	479.135	1	1	1	1	1	1	1	0
09.08.2015 23:10:29.614000	-0.0749999	-0.0770149	-0.0637853	127.445	676.797	-0.00542535	4	3	3	3	0.248974	326	66.1567	0	0	0	0.223532	125.702	0.586138	479.045	1	1	1	1	1	1	1	0
09.08.2015 23:10:29.714000	-0.0749999	-0.0770149	-0.0637853	127.445	676.797	-0.00470197	4	3	3	3	0.261647	326	66.1567	0	0	0	0.224797	125.682	0.58681	478.964	1	1	1	1	1	1	1	0
09.08.2015 23:10:29.814000	-0.0749999	-0.0770149	-0.0637853	127.445	676.789	-0.00488281	4	3	3	3	0.228091	326	66.1567	0	0	0	0.224284	125.664	0.589801	478.885	1	1	1	1	1	1	1	0
09.08.2015 23:10:29.914000	-0.0749999	-0.0770149	-0.0637853	127.445	676.786	-0.00397859	4	3	3	3	0.241044	326	66.1567	0	0	0	0.22508	125.649	0.59743	478.797	1	1	1	1	1	1	1	0
09.08.2015 23:10:30.014000	-0.0749999	-0.0770149	-0.0637853	127.445	676.781	-0.00488281	4	3	3	3	0.275018	326	66.1567	0	0	0	0.22398	125.632	0.605365	478.703	1	1	1	1	1	1	1	0
09.08.2015 23:10:30.114000	-0.0749999	-0.0770149	-0.0637853	127.445	676.781	-0.0036169	4	3	3	3	0.283748	326	66.1567	0	0	0	0.224089	125.615	0.613849	478.604	1	1	1	1	1	1	1	0
09.08.2015 23:10:30.214000	-0.0749999	-0.0770149	-0.0637853	127.445	676.777	-0.00271267	4	3	3	3	0.305715	326	66.1567	0	0	0	0.225282	125.597	0.620197	478.511	1	1	1	1	1	1	1	0
09.08.2015 23:10:30.314000	-0.0749999	-0.0770149	-0.0637853	127.445	676.776	-0.00434028	4	3	3	3	0.303713	326	66.1567	0	0	0	0.223929	125.583	0.631855	478.414	1	1	1	1	1	1	1	0
09.08.2015 23:10:30.414000	-0.0749999	-0.0770149	-0.0637853	127.445	676.773	-0.00379774	4	3	3	3	0.284783	326	66.1567	0	0	0	0.224826	125.566	0.644856	478.298	1	1	1	1	1	1	1	0
09.08.2015 23:10:30.514000	-0.0749999	-0.0770149	-0.0637853	127.445	676.766	-0.00470197	4	3	3	3	0.268221	326	66.1567	0	0	0	0.223105	125.554	0.649007	478.237	1	1	1	1	1	1	1	0
09.08.2015 23:10:30.614000	-0.0749999	-0.0770149	-0.0637853	127.445	676.766	-0.00434028	4	3	3	3	0.259642	326	66.1567	0	0	0	0.225398	125.543	0.635762	478.243	1	1	1	1	1	1	1	0
09.08.2015 23:10:30.714000	-0.0749999	-0.0770149	-0.0637853	127.445	676.766	-0.00470197	4	3	3	3	0.272453	326	66.1567	0	0	0	0.223387	125.524	0.637593	478.167	1	1	1	1	1	1	1	0
09.08.2015 23:10:30.814000	-0.0749999	-0.0770149	-0.0637853	127.445	676.766	-0.00434028	4	3	3	3	0.250014	326	66.1567	0	0	0	0.224515	125.51	0.64449	478.084	1	1	1	1	1	1	1	0
09.08.2015 23:10:30.914000	-0.0749999	-0.0770149	-0.0637853	127.445	676.771	-0.00470197	4	3	3	3	0.247782	326	66.1567	0	0	0	0.223705	125.497	0.648518	478.019	1	1	1	1	1	1	1	0
09.08.2015 23:10:31.014000	-0.0749999	-0.0770149	-0.0637853	127.445	676.781	-0.00542535	4	3	3	3	0.226813	326	66.1567	0	0	0	0.225087	125.476	0.657308	477.906	1	1	1	1	1	1	1	0
09.08.2015 23:10:31.114000	-0.0749999	-0.0770149	-0.0637853	127.445	676.781	-0.00470197	4	3	3	3	0.252417	326	66.1567	0	0	0	0.223698	125.464	0.658406	477.855	1	1	1	1	1	1	1	0
09.08.2015 23:10:31.214000	-0.0749999	-0.0770149	-0.0637853	127.445	676.781	-0.00325521	4	3	3	3	0.260268	326	66.1567	0	0	0	0.223647	125.45	0.664754	477.778	1	1	1	1	1	1	1	0
09.08.2015 23:10:31.314000	-0.0749999	-0.0770149	-0.0637853	127.445	676.792	-0.00108507	4	3	3	3	0.293488	326	66.1567	0	0	0	0.225	125.434	0.670492	477.693	1	1	1	1	1	1	1	0
09.08.2015 23:10:31.414000	-0.0749999	-0.0770149	-0.0637853	127.445	676.805	-0.00108507	4	3	3	3	0.281569	326	66.1567	0	0	0	0.223785	125.417	0.676901	477.604	1	1	1	1	1	1	1	0
09.08.2015 23:10:31.514000	-0.0749999	-0.0770149	-0.0637853	127.445	676.802	-0.00144676	4	3	3	3	0.280803	326	66.1567	0	0	0	0.224544	125.397	0.68453	477.5	1	1	1	1	1	1	1	0
09.08.2015 23:10:31.614000	-0.0749999	-0.0770149	-0.0637853	127.445	676.805	-0.00108507	4	3	3	3	0.270612	326	66.1567	0	0	0	0.223112	125.383	0.690756	477.421	1	1	1	1	1	1	1	0
09.08.2015 23:10:31.714000	-0.0749999	-0.0770149	-0.0637853	127.445	676.805	-0.00180845	4	3	3	3	0.244939	326	66.1567	0	0	0	0.226114	125.368	0.698325	477.334	1	1	1	1	1	1	1	0
09.08.2015 23:10:31.814000	-0.0749999	-0.0770149	-0.0637853	127.445	676.805	-0.00108507	4	3	3	3	0.249604	326	66.1567	0	0	0	0.223524	125.352	0.706687	477.24	1	1	1	1	1	1	1	0
09.08.2015 23:10:31.914000	-0.0749999	-0.0770149	-0.0637853	127.445	676.805	-0.00072338	4	3	3	3	0.247877	326	66.1567	0	0	0	0.224515	125.333	0.714805	477.137	1	1	1	1	1	1	1	0
09.08.2015 23:10:32.014000	-0.0749999	-0.0770149	-0.0637853	127.445	676.809	-0.00379774	4	3	3	3	0.246242	326	66.1567	0	0	0	0.223705	125.318	0.721335	477.057	1	1	1	1	1	1	1	0
09.08.2015 23:10:32.114000	-0.0749999	-0.0770149	-0.0637853	127.445	676.81	-0.00578704	4	3	3	3	0.254802	326	66.1567	0	0	0	0.22508	125.304	0.72689	476.981	1	1	1	1	1	1	1	0
09.08.2015 23:10:32.214000	-0.0749999	-0.0770149	-0.0637853	127.445	676.82	-0.00325521	4	3	3	3	0.279697	326	66.1567	0	0	0	0.223409	125.289	0.737938	476.881	1	1	1	1	1	1	1	0
09.08.2015 23:10:32.314000	-0.0749999	-0.0770149	-0.0637853	127.445	676.82	-0.0036169	4	3	3	3	0.254524	326	66.1567	0	0	0	0.224219	125.274	0.746361	476.791	1	1	1	1	1	1	1	0
09.08.2015 23:10:32.414000	-0.0749999	-0.0770149	-0.0637853	127.445	676.828	-0.00325521	4	3	3	3	0.261641	326	66.1567	0	0	0	0.225145	125.256	0.759484	476.673	1	1	1	1	1	1	1	0
09.08.2015 23:10:32.514000	-0.0749999	-0.0770149	-0.0637853	127.445	676.839	-0.0036169	4	3	3	3	0.247573	326	66.1567	0	0	0	0.224067	125.239	0.767541	476.575	1	1	1	1	1	1	1	0
09.08.2015 23:10:32.614000	-0.0749999	-0.0770149	-0.0637853	127.445	676.859	-0.00379774	4	3	3	3	0.253351	326	66.1567	0	0	0	0.224986	125.228	0.777184	476.497	1	1	1	1	1	1	1	0
09.08.2015 23:10:32.714000	-0.0749999	-0.0770149	-0.0637853	127.445	676.841	-0.00434028	4	3	3	3	0.266112	326	66.1567	0	0	0	0.223387	125.22	0.784326	476.44	1	1	1	1	1	1	1	0
09.08.2015 23:10:32.814000	-0.0749999	-0.0770149	-0.0637853	127.445	676.898	-0.00434028	4	3	3	3	0.256543	326	66.1567	0	0	0	0.225687	125.199	0.783227	476.363	1	1	1	1	1	1	1	0
09.08.2015 23:10:32.914000	-0.0749999	-0.0770149	-0.0637853	127.445	676.872	-0.00434028	4	3	3	3	0.26807	326	66.1567	0	0	0	0.222794	125.182	0.788293	476.28	1	1	1	1	1	1	1	0
09.08.2015 23:10:33.014000	-0.0749999	-0.0770149	-0.0637853	127.438	676.848	-0.00434028	4	3	3	3	0.280706	326	66.1567	0	0	0	0.222461	125.17	0.791406	476.219	1	1	1	1	1	1	1	0
09.08.2015 23:10:33.114000	-0.0749999	-0.0770149	-0.0637853	127.445	676.872	-0.00506366	4	3	3	3	0.298916	326	66.1567	0	0	0	0.218924	125.154	0.793298	476.153	1	1	1	1	1	1	1	0
09.08.2015 23:10:33.214000	-0.0749999	-0.0770149	-0.0637853	127.445	676.859	-0.00488281	4	3	3	3	0.2813	326	66.1567	0	0	0	0.219133	125.143	0.799341	476.089	1	1	1	1	1	1	1	0
09.08.2015 23:10:33.314000	-0.0749999	-0.0770149	-0.0637853	127.445	676.859	-0.00434028	4	3	3	3	0.272676	326	66.1567	0	0	0	0.216312	125.134	0.802393	476.039	1	1	1	1	1	1	1	0
09.08.2015 23:10:33.414000	-0.0749999	-0.0770149	-0.0637853	127.441	676.914	-0.00488281	4	3	3	3	0.273301	326	66.1567	0	0	0	0.215097	125.118	0.799219	475.992	1	1	1	1	1	1	1	0
09.08.2015 23:10:33.514000	-0.0749999	-0.0770149	-0.0637853	127.443	676.919	-0.00470197	4	3	3	3	0.261443	326	66.1567	0	0	0	0.216037	125.106	0.786401	475.994	1	1	1	1	1	1	1	0
09.08.2015 23:10:33.614000	-0.0749999	-0.0770149	-0.0637853	127.445	676.895	-0.00488281	4	3	3	3	0.254298	326	66.1567	0	0	0	0.2148	125.094	0.782434	475.964	1	1	1	1	1	1	1	0
09.08.2015 23:10:33.714000	-0.0749999	-0.0770149	-0.0637853	127.445	676.898	-0.00506366	4	3	3	3	0.248969	326	66.1567	0	0	0	0.214417	125.079	0.78027	475.916	1	1	1	1	1	1	1	0
09.08.2015 23:10:33.814000	-0.0749999	-0.0770149	-0.0637853	127.445	676.898	-0.00488281	4	3	3	3	0.260901	326	66.1567	0	0	0	0.211834	125.083	0.784924	475.968	1	1	1	1	1	1	1	0
09.08.2015 23:10:33.914000	-0.0749999	-0.0770149	-0.0637853	127.443	676.909	-0.00397859	4	3	3	3	0.262846	326	66.1567	0	0	0	0.214251	125.051	0.777524	475.812	1	1	1	1	1	1	1	0
09.08.2015 23:10:34.014000	-0.0749999	-0.0770149	-0.0637853	127.441	676.906	-0.00325521	4	3	3	3	0.258428	326	66.1567	0	0	0	0.211372	125.029	0.781091	475.736	1	1	1	1	1	1	1	0
09.08.2015 23:10:34.114000	-0.0749999	-0.0770149	-0.0637853	127.443	676.901	-0.00325521	4	3	3	3	0.286729	326	66.1567	0	0	0	0.21305	125.018	0.782014	475.675	1	1	1	1	1	1	1	0
09.08.2015 23:10:34.214000	-0.0749999	-0.0770149	-0.0637853	127.445	676.898	-0.00108507	4	3	3	3	0.270413	326	66.1567	0	0	0	0.211458	125.008	0.783776	475.631	1	1	1	1	1	1	1	0
09.08.2015 23:10:34.314000	-0.0749999	-0.0770149	-0.0637853	127.445	676.891	-0.00289352	4	3	3	3	0.273278	326	66.1567	0	0	0	0.213151	124.989	0.789209	475.538	1	1	1	1	1	1	1	0
09.08.2015 23:10:34.414000	-0.0749999	-0.0770149	-0.0637853	127.445	676.891	-0.00596788	4	3	3	3	0.263715	326	66.1567	0	0	0	0.210446	124.976	0.784753	475.504	1	1	1	1	1	1	1	0
09.08.2015 23:10:34.514000	-0.0749999	-0.0770149	-0.0637853	127.445	676.901	-0.00217014	4	3	3	3	0.271452	326	66.1567	0	0	0	0.21127	124.961	0.783898	475.449	1	1	1	1	1	1	1	0
09.08.2015 23:10:34.614000	-0.0749999	-0.0770149	-0.0637853	127.445	676.891	-0.00325521	4	3	3	3	0.260399	326	66.1567	0	0	0	0.212052	124.947	0.781701	475.403	1	1	1	1	1	1	1	0
09.08.2015 23:10:34.714000	-0.0749999	-0.0770149	-0.0637853	127.445	676.896	-0.00434028	4	3	3	3	0.269111	326	66.1567	0	0	0	0.211719	124.929	0.779931	475.344	1	1	1	1	1	1	1	0
09.08.2015 23:10:34.814000	-0.0749999	-0.0770149	-0.0637853	127.445	676.898	-0.00488281	4	3	3	3	0.264475	326	66.1567	0	0	0	0.212413	124.915	0.782556	475.278	1	1	1	1	1	1	1	0
09.08.2015 23:10:34.914000	-0.0749999	-0.0770149	-0.0637853	127.445	676.901	-0.00506366	4	3	3	3	0.259362	326	66.1567	0	0	0	0.210807	124.902	0.781823	475.231	1	1	1	1	1	1	1	0
09.08.2015 23:10:35.014000	-0.0749999	-0.0770149	-0.0637853	127.445	676.906	-0.00434028	4	3	3	3	1.#QNAN	1.#QNAN	1.#QNAN	1.#QNAN	1.#QNAN	1.#QNAN	1.#QNAN	1.#QNAN	1.#QNAN	1.#QNAN	1.#QNAN	1.#QNAN	1.#QNAN	1.#QNAN	1.#QNAN	1.#QNAN	1.#QNAN	1.#QNAN
