Time	[76:0]	[76:1]	[76:2]	[76:4]	[76:8]	[76:70]	[76:71]	[78:0]	[78:1]	[78:2]	[79:2]	[79:3]	[79:4]	[79:8]	[79:9]	[79:10]	[79:11]	[79:12]	[79:13]	[79:14]	[79.0]	[79.1]	[79.2]	[79.3]	[79.4]	[79.5]	[79.6]	[79.8]
time	Hoogteverstelling - Referentie positie (mm)	Hoogteverstelling - AZ gemeten positie (mm)	Hoogteverstelling - BZ gemeten positie (mm)	Transfert Ingang - Gemeten positie (mm)	Transfert Uitgang - Gemeten positie (mm)	Aardgas - actueel debiet	Stappenschakelaar - gemeten pos	Laspos Ing - positie discreet	Laspos Uitg - positie discreet	Schaafverstelling - positie discreet	Stuikraam - Totale Stroommeting RMS-waarde (A)	Stuikraam - Stroomreferentie (A)	Stuikraam - Positie AZ (mm, pulsgever)	Stuikraam - Referentie Servo-ventiel (%)	Stuikraam - Trim door I-regelaar (%)	Stuikraam - Gemeten snelheid (mm/s, pulsgever)	Secundaire lasspanning	Stuikraam - Druk stuikcilinder voorkamer (=laszijde)  (bar)	Stuikraam - Druk stuikcilinder terugloopkamer  (bar)	Stuikraam - Netto voorwaartse kracht op stuikraam (kN)	Stuikraam - P1	Stuikraam - P2	Stuikraam - P3	Stuikraam - P4	Stuikraam - P5	Stuikraam - P6	Stuikraam - P7	Stuikraam - Openen stuikventielen	

Lasparameter.Ingang - Coil ID	0320846S
Lasparameter.Ingang - Dikte (um)	4250
Lasparameter.Ingang - Breedte (mm)	1563
Lasparameter.Ingang - Materiaal	0001
Lasparameter.Uitgang - Coil ID	0322615S
Lasparameter.Uitgang - Dikte (um)	4330
Lasparameter.Uitgang - Breedte (mm)	1281
Lasparameter.Uitgang - Materiaal	0001
Lasparameter.P2 (mm)	24.0
Lasparameter.P3 (mm)	34.0
Lasparameter.P4 (mm)	42.2
Lasparameter.P5 (mm)	51.0
Lasparameter.P6 (mm)	57.7
Lasparameter.P7 (mm)	62.2
Lasparameter.Vonksnelheid (mm/s)	1.20
Lasparameter.Lassnelheid (mm/s)	0.48
Lasparameter.Stroom Referentie (A)	0360
Lasparameter.Stroomtoename (µA/s2)	47.3
Lasparameter.Stuikstroomtijd (per)	0009
Lasparameter.Afkoeltijd Stuik (per)	0010
Lasparameter.Stuikdruk (bar)	0106
Lasparameter.Stuiksnelheid (%)	90.0

11.08.2015 03:50:58.559000	0.04	0.0428577	0.0424004	-0.046875	-670.25	0.00271267	5	4	4	4	0.226175	360	0	0	0	0	0.245891	2.62917	129.622	-486.229	1	0	0	0	0	0	0	0
11.08.2015 03:50:58.659000	0.04	0.0428577	0.0424004	-0.046875	-670.242	0.00217014	5	4	4	4	0.228379	360	0	0	0	0	0.246296	3.85809	129.653	-481.645	1	0	0	0	0	0	0	0
11.08.2015 03:50:58.759000	0.04	0.0428577	0.0424004	-0.0416667	-670.245	0.00253183	5	4	4	4	0.289066	360	0	0	0	0	0.247512	4.63094	129.671	-478.752	1	0	0	0	0	0	0	0
11.08.2015 03:50:58.859000	0.04	0.0428577	0.0424004	-0.0390625	-670.242	0.00217014	5	4	4	4	0.241492	360	0	0	0	0	0.245775	5.12265	129.676	-476.888	1	0	0	0	0	0	0	0
11.08.2015 03:50:58.959000	0.04	0.0428577	0.0424004	-0.0208333	-670.237	0.00289352	5	4	4	4	0.257464	360	0	0	0	0	0.246991	3.63897	129.63	-482.395	1	0	0	0	0	0	0	0
11.08.2015 03:50:59.059000	0.04	0.0428577	0.0424004	0.00390625	-670.242	0.00271267	5	4	4	4	0.231553	360	0	0	0	0	0.243403	4.79861	129.656	-478.054	1	0	0	0	0	0	0	0
11.08.2015 03:50:59.159000	0.04	0.0428577	0.0424004	0.0078125	-670.237	0.00289352	5	4	4	4	0.247048	360	0	0	0	0	0.241059	6.95108	129.739	-470.131	1	0	0	0	0	0	0	0
11.08.2015 03:50:59.259000	0.04	0.0428577	0.0424004	0	-670.234	0.00271267	5	4	4	4	0.22798	360	0	0	0	0	0.237703	3.26011	129.62	-483.808	1	0	0	0	0	0	0	0
11.08.2015 03:50:59.359000	0.04	0.0428577	0.0424004	0.0104167	-670.232	0.00289352	5	4	4	4	0.246794	360	0	0	0	0	0.236198	3.74242	129.621	-481.965	1	0	0	0	0	0	0	0
11.08.2015 03:50:59.459000	0.04	0.0428577	0.0424004	0.0117188	-670.238	0.00325521	5	4	4	4	0.241932	360	0	0	0	0	0.23452	3.87414	129.619	-481.452	1	0	0	0	0	0	0	0
11.08.2015 03:50:59.559000	0.04	0.0428577	0.0424004	0.015625	-670.232	0.0036169	5	4	4	4	0.24126	360	0	0	0	0	0.231973	5.94556	129.672	-473.725	1	0	0	0	0	0	0	0
11.08.2015 03:50:59.659000	0.04	0.0428577	0.0424004	0.0117188	-670.227	0.00434028	5	4	4	4	0.247487	360	0	0	0	0	0.231973	4.85281	129.636	-477.771	1	0	0	0	0	0	0	0
11.08.2015 03:50:59.759000	0.04	0.0428577	0.0424004	0.0078125	-670.229	0.00506366	5	4	4	4	0.267969	360	0	0	0	0	0.229716	3.86157	129.607	-481.455	1	0	0	0	0	0	0	0
11.08.2015 03:50:59.859000	0.04	0.0428577	0.0424004	-0.0078125	-670.227	0.00488281	5	4	4	4	0.233636	360	0	0	0	0	0.229659	2.95108	129.556	-484.744	1	0	0	0	0	0	0	0
11.08.2015 03:50:59.959000	0.04	0.0428577	0.0424004	0.0130208	-670.234	0.00542535	5	4	4	4	0.232471	360	0	0	0	0	0.226331	6.30366	129.652	-472.277	1	0	0	0	0	0	0	0
11.08.2015 03:51:00.059000	0.04	0.0428577	0.0424004	0.015625	-670.227	0.00379774	5	4	4	4	0.24723	360	0	0	0	0	0.22691	4.83364	129.64	-477.857	1	0	0	0	0	0	0	0
11.08.2015 03:51:00.159000	0.04	0.0428577	0.0424004	0.0130208	-670.224	0.00397859	5	4	4	4	0.256243	360	0	0	0	0	0.225347	4.17432	129.594	-480.206	1	0	0	0	0	0	0	0
11.08.2015 03:51:00.259000	0.04	0.0428577	0.0424004	0.015625	-670.234	0.00271267	5	4	4	4	0.260348	360	0	0	0	0	0.227083	5.72369	129.636	-474.434	1	0	0	0	0	0	0	0
11.08.2015 03:51:00.359000	0.04	0.0428577	0.0424004	0.015625	-670.227	0.00217014	5	4	4	4	0.24401	360	0	0	0	0	0.228704	5.87127	129.627	-473.835	1	0	0	0	0	0	0	0
11.08.2015 03:51:00.459000	0.04	0.0428577	0.0424004	0.0195313	-670.227	0.00271267	5	4	4	4	0.2344	360	0	0	0	0	0.23287	4.58309	129.588	-478.617	1	0	0	0	0	0	0	0
11.08.2015 03:51:00.559000	0.04	0.0428577	0.0424004	0.0208333	-670.227	0.00108507	5	4	4	4	0.230326	360	0	0	0	0	0.236053	6.02411	129.623	-473.234	1	0	0	0	0	0	0	0
11.08.2015 03:51:00.659000	0.04	0.0428577	0.0424004	0.0234375	-670.227	0.00271267	5	4	4	4	0.260061	360	0	0	0	0	0.2364	5.23319	129.604	-476.191	1	0	0	0	0	0	0	0
11.08.2015 03:51:00.759000	0.04	0.0428577	0.0424004	0.015625	-670.219	0.00434028	5	4	4	4	0.231815	360	0	0	0	0	0.239149	3.90143	129.527	-480.994	1	0	0	0	0	0	0	0
11.08.2015 03:51:00.859000	0.04	0.0428577	0.0424004	0.0078125	-670.234	0.00596788	5	4	4	4	0.243963	360	0	0	0	0	0.238744	2.90085	129.487	-484.673	1	0	0	0	0	0	0	0
11.08.2015 03:51:00.959000	0.04	0.0428577	0.0424004	0.195313	-670.232	0.00614873	5	4	4	4	0.246979	360	0	0	0	0	0.240017	4.34193	129.52	-479.284	1	0	0	0	0	0	0	0
11.08.2015 03:51:01.059000	0.04	0.0428577	0.0424004	0.804688	-670.227	0.00596788	5	4	4	4	0.236722	360	0	0	0	0	0.238397	4.71419	129.525	-477.874	1	0	0	0	0	0	0	0
11.08.2015 03:51:01.159000	0.04	0.0428577	0.0424004	6.67188	-670.232	0.00470197	5	4	4	4	0.245545	360	0	0	0	0	0.241659	4.52223	129.513	-478.565	1	0	0	0	0	0	0	0
11.08.2015 03:51:01.259000	0.04	0.0428577	0.0424004	22.2461	-670.234	0.00488281	5	4	4	4	0.245115	360	0	0	0	0	0.242318	5.25233	129.528	-475.823	1	0	0	0	0	0	0	0
11.08.2015 03:51:01.359000	0.04	0.0428577	0.0424004	48.0104	-670.232	0.00434028	5	4	4	4	0.237631	360	0	0	0	0	0.241717	4.30054	129.496	-479.349	1	0	0	0	0	0	0	0
11.08.2015 03:51:01.459000	0.04	0.0428577	0.0424004	75.7578	-670.234	0.00325521	5	4	4	4	0.23279	360	0	0	0	0	0.23928	4.92917	129.503	-476.969	1	0	0	0	0	0	0	0
11.08.2015 03:51:01.559000	0.04	0.0428577	0.0424004	104.984	-670.234	0.00325521	5	4	4	4	0.22203	360	0	0	0	0	0.239258	4.55404	129.49	-478.354	1	0	0	0	0	0	0	0
11.08.2015 03:51:01.659000	0.04	0.0428577	0.0424004	138.723	-670.234	0.00271267	5	4	4	4	0.239157	360	0	0	0	0	0.238911	4.08124	129.473	-480.099	1	0	0	0	0	0	0	0
11.08.2015 03:51:01.759000	0.04	0.0428577	0.0424004	189.313	-670.234	0.00217014	5	4	4	4	0.2264	360	0	0	0	0	0.237442	5.06296	129.485	-476.386	1	0	0	0	0	0	0	0
11.08.2015 03:51:01.859000	0.04	0.0428577	0.0424004	237.816	-670.234	0.00271267	5	4	4	4	0.229444	360	0	0	0	0	0.238411	4.82803	129.471	-477.234	1	0	0	0	0	0	0	0
11.08.2015 03:51:01.959000	0.04	0.0428577	0.0424004	281.161	-670.234	0.00253183	5	4	4	4	0.232551	360	0	0	0	0	0.237623	4.44624	129.461	-478.656	1	0	0	0	0	0	0	0
11.08.2015 03:51:02.059000	0.04	0.0428577	0.0424004	324.273	-670.234	0.00325521	5	4	4	4	0.22733	360	0	0	0	0	0.242289	4.62563	129.455	-477.948	1	0	0	0	0	0	0	0
11.08.2015 03:51:02.159000	0.04	0.0428577	0.0424004	384.615	-670.234	0.00217014	5	4	4	4	0.24031	360	0	0	0	0	0.244394	4.69436	129.447	-477.652	1	0	0	0	0	0	0	0
11.08.2015 03:51:02.259000	0.04	0.0428577	0.0424004	427.273	-670.234	0.00217014	5	4	4	4	0.245473	360	0	0	0	0	0.249667	4.49861	129.435	-478.357	1	0	0	0	0	0	0	0
11.08.2015 03:51:02.359000	0.04	0.0428577	0.0424004	462.969	-670.234	0.00325521	5	4	4	4	0.231201	360	0	0	0	0	0.253139	4.28101	129.423	-479.144	1	0	0	0	0	0	0	0
11.08.2015 03:51:02.459000	0.04	0.0428577	0.0424004	489.047	-670.234	0.00271267	5	4	4	4	0.236299	360	0	0	0	0	0.257284	4.45003	129.421	-478.491	1	0	0	0	0	0	0	0
11.08.2015 03:51:02.559000	0.04	0.0428577	0.0424004	506.245	-670.234	0.00289352	5	4	4	4	0.221688	360	0	0	0	0	0.259151	4.58699	129.417	-477.951	1	0	0	0	0	0	0	0
11.08.2015 03:51:02.659000	0.04	0.0428577	0.0424004	522.316	-670.234	-0.000542535	5	4	4	4	0.233484	360	0	0	0	0	0.263137	4.5605	129.405	-478.003	1	0	0	0	0	0	0	0
11.08.2015 03:51:02.759000	0.04	0.0428577	0.0424004	538.5	-670.234	0.00144676	5	4	4	4	0.241689	360	0	0	0	0	0.265951	4.43849	129.397	-478.442	1	0	0	0	0	0	0	0
11.08.2015 03:51:02.859000	0.04	0.0428577	0.0424004	560.375	-670.234	0.00325521	5	4	4	4	0.232419	360	0	0	0	0	0.267716	4.51753	129.391	-478.115	1	0	0	0	0	0	0	0
11.08.2015 03:51:02.959000	0.04	0.0428577	0.0424004	576.315	-670.234	0.00072338	5	4	4	4	0.227482	360	0	0	0	0	0.269293	4.5627	129.383	-477.914	1	0	0	0	0	0	0	0
11.08.2015 03:51:03.059000	0.04	0.0428577	0.0424004	592.004	-670.234	0.00108507	5	4	4	4	0.217158	360	0	0	0	0	0.270385	4.47859	129.374	-478.198	1	0	0	0	0	0	0	0
11.08.2015 03:51:03.159000	0.04	0.0428577	0.0424004	606.591	-670.234	0.00108507	5	4	4	4	0.248598	360	0	0	0	0	0.2727	4.4648	129.362	-478.207	1	0	0	0	0	0	0	0
11.08.2015 03:51:03.259000	0.04	0.0428577	0.0424004	627.438	-670.234	0.000542535	5	4	4	4	0.231344	360	0	0	0	0	0.272569	4.52864	129.357	-477.942	1	0	0	0	0	0	0	0
11.08.2015 03:51:03.359000	0.04	0.0428577	0.0424004	641.75	-670.24	0	5	4	4	4	0.233611	360	0	0	0	0	0.274935	4.51369	129.351	-477.975	1	0	0	0	0	0	0	0
11.08.2015 03:51:03.459000	0.04	0.0428577	0.0424004	655.266	-670.242	0	5	4	4	4	0.232573	360	0	0	0	0	0.275094	4.47664	129.339	-478.073	1	0	0	0	0	0	0	0
11.08.2015 03:51:03.559000	0.04	0.0428577	0.0424004	669.771	-670.24	0.00289352	5	4	4	4	0.229041	360	0	0	0	0	0.27683	4.47664	129.33	-478.04	1	0	0	0	0	0	0	0
11.08.2015 03:51:03.659000	0.04	0.0428577	0.0424004	684.719	-670.242	0.00325521	5	4	4	4	0.233924	360	0	0	0	0	0.276606	4.48726	129.325	-477.977	1	0	0	0	0	0	0	0
11.08.2015 03:51:03.759000	0.04	0.0428577	0.0424004	694.888	-670.242	0.00253183	5	4	4	4	0.246449	360	0	0	0	0	0.278501	4.44972	129.317	-478.093	1	0	0	0	0	0	0	0
11.08.2015 03:51:03.859000	0.04	0.0428577	0.0424004	703.164	-670.242	0.00271267	5	4	4	4	0.238037	360	0	0	0	0	0.279565	4.40687	129.31	-478.229	1	0	0	0	0	0	0	0
11.08.2015 03:51:03.959000	0.04	0.0428577	0.0424004	708.779	-670.245	0.00289352	5	4	4	4	0.224677	360	0	0	0	0	0.280462	4.37074	129.304	-478.343	1	0	0	0	0	0	0	0
11.08.2015 03:51:04.059000	0.04	0.0428577	0.0424004	710.5	-670.246	0.00271267	5	4	4	4	0.239422	360	0	0	0	0	0.281366	4.43464	129.296	-478.07	1	0	0	0	0	0	0	0
11.08.2015 03:51:04.159000	0.04	0.0428577	0.0424004	711.081	-670.245	0.00253183	5	4	4	4	0.230165	360	0	0	0	0	0.282342	4.42958	129.286	-478.051	1	0	0	0	0	0	0	0
11.08.2015 03:51:04.259000	0.04	0.0428577	0.0424004	711.125	-670.246	0.00325521	5	4	4	4	0.23376	360	0	0	0	0	0.284339	4.43165	129.279	-478.015	1	0	0	0	0	0	0	0
11.08.2015 03:51:04.359000	0.04	0.0428577	0.0424004	711.125	-670.25	0.00253183	5	4	4	4	0.240492	360	0	0	0	0	0.283999	4.58083	129.276	-477.434	1	0	0	0	0	0	0	0
11.08.2015 03:51:04.459000	0.04	0.0428577	0.0424004	711.125	-670.25	0.00325521	5	4	4	4	0.247791	360	0	0	0	0	0.285576	5.28733	129.292	-474.788	1	0	0	0	0	0	0	0
11.08.2015 03:51:04.559000	0.04	0.0428577	0.0424004	711.128	-670.25	0.00253183	5	4	4	4	0.216031	360	0	0	0	0	0.286155	4.60244	129.27	-477.328	1	0	0	0	0	0	0	0
11.08.2015 03:51:04.659000	0.04	0.0428577	0.0424004	711.129	-670.25	0.00271267	5	4	4	4	0.237412	360	0	0	0	0	0.286856	4.18592	129.25	-478.847	1	0	0	0	0	0	0	0
11.08.2015 03:51:04.759000	0.04	0.0428577	0.0424004	711.133	-670.25	0.00325521	5	4	4	4	0.250127	360	0	0	0	0	0.282147	4.64254	129.25	-477.098	1	0	0	0	0	0	0	0
11.08.2015 03:51:04.859000	0.04	0.0428577	0.0424004	711.133	-670.25	0.00271267	5	4	4	4	0.260575	360	0	0	0	0	0.278769	4.5475	129.243	-477.436	1	0	0	0	0	0	0	0
11.08.2015 03:51:04.959000	0.04	0.0428577	0.0424004	711.133	-670.25	0.00253183	5	4	4	4	0.254451	360	0	0	0	0	0.2739	4.44441	129.234	-477.793	1	0	0	0	0	0	0	0
11.08.2015 03:51:05.059000	0.04	0.0428577	0.0424004	711.133	-670.25	0.00271267	5	4	4	4	0.246283	360	0	0	0	0	0.269878	4.571	129.226	-477.279	1	0	0	0	0	0	0	0
11.08.2015 03:51:05.159000	0.04	0.0428577	0.0424004	711.133	-670.25	0.00289352	5	4	4	4	0.238446	360	0	0	0	0	0.266927	4.66744	129.223	-476.897	1	0	0	0	0	0	0	0
11.08.2015 03:51:05.259000	0.04	0.0428577	0.0424004	711.133	-670.25	0.00271267	5	4	4	4	0.237126	360	0	0	0	0	0.263802	4.55721	129.213	-477.282	1	0	0	0	0	0	0	0
11.08.2015 03:51:05.359000	0.04	0.0428577	0.0424004	711.133	-670.25	0.00289352	5	4	4	4	0.24388	360	0	0	0	0	0.26114	4.49245	129.21	-477.519	1	0	0	0	0	0	0	0
11.08.2015 03:51:05.459000	0.04	0.0428577	0.0424004	711.133	-670.25	0.00271267	5	4	4	4	0.245426	360	0	0	0	0	0.257856	4.55593	129.304	-477.637	1	0	0	0	0	0	0	0
11.08.2015 03:51:05.559000	0.04	0.0428577	0.0424004	711.133	-670.25	0.00180845	5	4	4	4	0.255751	360	0	0	0	0	0.257089	4.5898	129.453	-478.078	1	0	0	0	0	0	0	0
11.08.2015 03:51:05.659000	0.04	0.0428577	0.0424004	711.137	-670.25	0.00108507	5	4	4	4	0.242055	360	0	0	0	0	0.254159	4.55617	129.566	-478.636	1	0	0	0	0	0	0	0
11.08.2015 03:51:05.759000	0.04	0.0428577	0.0424004	711.135	-670.253	0.00072338	5	4	4	4	0.240579	360	0	0	0	0	0.251635	4.2519	129.651	-480.127	1	0	0	0	0	0	0	0
11.08.2015 03:51:05.859000	0.04	0.0428577	0.0424004	711.141	-670.258	0.000542535	5	4	4	4	0.239703	360	0	0	0	0	0.246976	4.00171	129.731	-481.391	1	0	0	0	0	0	0	0
11.08.2015 03:51:05.959000	0.04	0.0428577	0.0424004	711.141	-670.266	0.00036169	5	4	4	4	0.25481	360	0	0	0	0	0.246058	4.54982	127.171	-469.492	1	0	0	0	0	0	0	0
11.08.2015 03:51:06.059000	0.04	0.0428577	0.0424004	711.141	-670.262	0.000542535	5	4	4	4	0.248824	360	0	0	0	0	0.241493	5.56609	130.258	-477.422	1	0	0	0	0	0	0	0
11.08.2015 03:51:06.159000	0.04	0.0428577	0.0424004	711.146	-670.266	0	5	4	4	4	0.254444	360	0	0	0	0	0.238549	5.44975	130.731	-479.677	1	0	0	0	0	0	0	0
11.08.2015 03:51:06.259000	0.04	0.0428577	0.0424004	711.148	-670.262	0.000542535	5	4	4	4	0.254442	360	0	0	0	0	0.235887	4.82107	130.234	-480.183	1	0	0	0	0	0	0	0
11.08.2015 03:51:06.359000	0.04	0.0428577	0.0424004	711.148	-670.263	0.00036169	5	4	4	4	0.240754	360	0	0	0	0	0.234209	4.99417	129.551	-476.905	1	0	0	0	0	0	0	0
11.08.2015 03:51:06.459000	0.04	0.0428577	0.0424004	711.148	-670.258	0.000542535	5	4	4	4	0.238651	360	0	0	0	0	0.23193	5.03189	129.216	-475.478	1	0	0	0	0	0	0	0
11.08.2015 03:51:06.559000	0.04	0.0428577	0.0424004	711.151	-670.266	0.00036169	5	4	4	4	0.242608	360	0	0	0	0	0.227828	5.06485	129.129	-475.016	1	0	0	0	0	0	0	0
11.08.2015 03:51:06.659000	0.04	0.0428577	0.0424004	711.148	-670.258	-0.0016276	5	4	4	4	0.255223	360	0	0	0	0	0.227286	4.86929	129.175	-475.941	1	0	0	0	0	0	0	0
11.08.2015 03:51:06.759000	0.04	0.0428577	0.0424004	711.148	-670.266	0.00289352	5	4	4	4	0.262261	360	0	0	0	0	0.224132	5.22703	129.181	-474.596	1	0	0	0	0	0	0	0
11.08.2015 03:51:06.859000	0.04	0.0428577	0.0424004	711.148	-670.262	0.0016276	5	4	4	4	0.257922	360	0	0	0	0	0.223488	4.96524	129.063	-475.145	1	0	0	0	0	0	0	0
11.08.2015 03:51:06.959000	0.04	0.0428577	0.0424004	711.151	-670.263	0.00289352	5	4	4	4	0.258591	360	0	0	0	0	0.219828	4.93204	128.813	-474.317	1	0	0	0	0	0	0	0
11.08.2015 03:51:07.059000	0.04	0.0428577	0.0424004	711.148	-670.266	0.00271267	5	4	4	4	0.257497	360	0	0	0	0	0.221947	4.67605	128.679	-474.782	1	0	0	0	0	0	0	0
11.08.2015 03:51:07.159000	0.04	0.0428577	0.0424004	711.154	-670.266	0.00217014	5	4	4	4	0.260074	360	0	0	0	0	0.220312	5.21995	125.465	-460.395	1	0	0	0	0	0	0	0
11.08.2015 03:51:07.259000	0.04	0.0428577	0.0424004	711.129	-670.266	0.00217014	5	4	4	4	0.235538	360	0	0	0	0	0.220949	17.2176	113.497	-368.634	1	0	0	0	0	0	0	0
11.08.2015 03:51:07.359000	0.04	0.0428577	0.0424004	710.779	-670.263	0.00217014	5	4	4	4	0.263387	360	0.585959	0	0	12.2817	0.221021	106.398	89.9762	62.8752	1	0	0	0	0	0	0	0
11.08.2015 03:51:07.459000	0.04	0.0428577	0.0424004	707.156	-670.262	0.00325521	5	4	4	4	0.249084	360	3.61822	0	0	36.0548	0.222461	109.654	83.5187	100.068	1	0	0	0	0	0	0	0
11.08.2015 03:51:07.559000	0.04	0.0428577	0.0424004	692.464	-670.26	0.00289352	5	4	4	4	0.258325	360	7.13149	0	0	35.3849	0.222852	109.904	82.9867	103.06	1	0	0	0	0	0	0	0
11.08.2015 03:51:07.659000	0.04	0.0428577	0.0424004	667.059	-670.262	0.00271267	5	4	4	4	0.25286	360	10.7353	0	0	36.2336	0.221173	113.309	86.8267	101.396	1	0	0	0	0	0	0	0
11.08.2015 03:51:07.759000	0.04	0.0428577	0.0424004	645.25	-670.266	0.00253183	5	4	4	4	0.256023	360	14.3416	0	0	35.8157	0.221405	117.139	91.4512	98.3553	1	0	0	0	0	0	0	0
11.08.2015 03:51:07.859000	0.04	0.0428577	0.0424004	619.449	-670.266	0.00325521	5	4	4	4	0.252641	360	17.9135	0	0	35.9464	0.219213	119.49	93.8776	98.0658	1	0	0	0	0	0	0	0
11.08.2015 03:51:07.959000	0.04	0.0428577	0.0424004	588.932	-670.266	0.00289352	5	4	4	4	0.23588	360	21.4417	0	0	35.2211	0.219054	119.921	94.3559	97.8825	1	0	0	0	0	0	0	0
11.08.2015 03:51:08.059000	0.04	0.0428577	0.0424004	539.445	-670.266	0.00108507	5	4	4	4	0.235011	360	25.0709	25	0	40.7571	0.215357	117.483	89.0371	108.914	1	0.77	0	0	0	0	0	0
11.08.2015 03:51:08.159000	0.04	0.0428577	0.0424004	500.508	-670.266	0.00144676	5	4	4	4	0.243501	360	29.6273	50	0	40.701	0.217802	103.33	84.1088	73.5938	1	1	0	0	0	0	0	0
11.08.2015 03:51:08.259000	0.04	0.0428577	0.0424004	460.93	-670.266	0.000542535	5	4	4	4	0.237405	360	31.8015	46.997	0	14.6207	0.216356	82.387	57.7541	94.3142	1	1	0	0	0	0	0	0
11.08.2015 03:51:08.359000	0.04	0.0428577	0.0424004	418.018	-670.279	0.00072338	5	4	4	4	0.227213	360	32.9067	37.2502	0	10.1595	0.217622	59.8395	35.3897	93.6133	1	1	0	0	0	0	0	0
11.08.2015 03:51:08.459000	0.04	0.0428577	0.0424004	372.691	-670.289	0.00108507	5	4	4	4	0.237202	360	33.723	27.2503	0	8.19452	0.216536	51.3426	27.6193	90.8316	1	1	0	0	0	0	0	0
11.08.2015 03:51:08.559000	0.04	0.0428577	0.0424004	338.867	-670.289	0.00108507	5	4	4	4	54.9235	360	34.2224	11.0597	0	5.41435	0.218779	47.2336	22.9577	92.9475	1	1	1	0	0	0	0	0
11.08.2015 03:51:08.659000	0.04	0.0428577	0.0424004	307.539	-670.289	0.00271267	5	4	4	4	90.9946	360	34.3811	5.28929	0	3.71804	7.00884	46.2343	20.6323	98.0246	1	1	1	0	0	0	0	0
11.08.2015 03:51:08.759000	0.04	0.0428577	0.0424004	271.503	-670.289	0.00036169	5	4	4	4	90.7503	360	34.5219	5.28929	0	1.84218	10.5178	45.2604	20.2386	95.8036	1	1	1	0	0	0	0	0
11.08.2015 03:51:08.859000	0.04	0.0428577	0.0424004	241.301	-670.289	0.00271267	5	4	4	4	90.9702	360	34.6477	5.28929	0	1.55671	11.3879	44.5982	19.8602	94.7166	1	1	1	0	0	0	0	0
11.08.2015 03:51:08.959000	0.04	0.0428577	0.0424004	221.982	-670.289	0.00434028	5	4	4	4	90.6508	360	34.7711	5.28929	0	1.38175	11.674	43.5106	19.1913	93.1137	1	1	1	0	0	0	0	0
11.08.2015 03:51:09.059000	0.04	0.0428577	0.0424004	207.496	-670.289	0.00217014	5	4	4	4	90.8785	360	34.8944	5.28929	0	1.27592	11.7798	43.7761	18.6399	96.2415	1	1	1	0	0	0	0	0
11.08.2015 03:51:09.159000	0.04	0.0428577	0.0424004	181.539	-670.294	0.00036169	5	4	4	4	90.7018	360	35.0148	5.28929	0	1.13563	11.7932	43.3396	18.4917	95.138	1	1	1	0	0	0	0	0
11.08.2015 03:51:09.259000	0.04	0.0428577	0.0424004	165.039	-670.297	0.00108507	5	4	4	4	90.4235	360	35.1307	5.28929	0	1.17833	11.8157	44.9657	18.3815	101.786	1	1	1	0	0	0	0	0
11.08.2015 03:51:09.359000	0.04	0.0428577	0.0424004	150.424	-670.299	0.00325521	5	4	4	4	90.4892	360	35.2546	5.28929	0	1.2373	11.8271	43.3506	18.1397	96.5275	1	1	1	0	0	0	0	0
11.08.2015 03:51:09.459000	0.04	0.0428577	0.0424004	137.43	-670.305	0.00271267	5	4	4	4	90.5263	360	35.369	5.28929	0	1.22034	11.835	43.0413	18.0177	95.8103	1	1	1	0	0	0	0	0
11.08.2015 03:51:09.559000	0.04	0.0428577	0.0424004	129.38	-670.305	0.00108507	5	4	4	4	90.6706	360	35.4864	5.28929	0	1.18431	11.8431	43.0614	17.988	96.001	1	1	1	0	0	0	0	0
11.08.2015 03:51:09.659000	0.04	0.0428577	0.0424004	124.672	-670.305	0.00271267	5	4	4	4	90.8388	360	35.6082	5.28929	0	1.18705	11.8485	43.3048	17.9456	97.0954	1	1	1	0	0	0	0	0
11.08.2015 03:51:09.759000	0.04	0.0428577	0.0424004	125.216	-670.305	0.00180845	5	4	4	4	90.6721	360	35.7187	5.28929	0	1.19572	11.853	43.0263	17.8171	96.5212	1	1	1	0	0	0	0	0
11.08.2015 03:51:09.859000	0.04	0.0428577	0.0424004	127.148	-670.313	0.00217014	5	4	4	4	90.7459	360	35.839	5.28929	0	1.19311	11.8534	43.6206	17.8171	98.7963	1	1	1	0	0	0	0	0
11.08.2015 03:51:09.959000	0.04	0.0428577	0.0424004	127.109	-670.32	0.00072338	5	4	4	4	90.6316	360	35.9564	5.28929	0	1.13043	11.8582	42.7423	17.8373	95.3562	1	1	1	0	0	0	0	0
11.08.2015 03:51:10.059000	0.04	0.0428577	0.0424004	127.176	-670.32	0.00325521	5	4	4	4	90.761	360	36.0703	5.28929	0	1.13043	11.8569	42.7329	17.7775	95.549	1	1	1	0	0	0	0	0
11.08.2015 03:51:10.159000	0.04	0.0428577	0.0424004	127.18	-670.32	0.00325521	5	4	4	4	90.9168	360	36.1857	5.28929	0	1.15391	11.8594	43.388	17.6783	98.4376	1	1	1	0	0	0	0	0
11.08.2015 03:51:10.259000	0.04	0.0428577	0.0424004	127.18	-670.32	0.0016276	5	4	4	4	90.8992	360	36.3026	5.28929	0	1.15681	11.863	42.8114	17.6988	96.1511	1	1	1	0	0	0	0	0
11.08.2015 03:51:10.359000	0.04	0.0428577	0.0424004	127.18	-670.326	0.00108507	5	4	4	4	90.8902	360	36.4195	5.28929	0	1.18326	11.863	42.7754	17.7378	95.8636	1	1	1	0	0	0	0	0
11.08.2015 03:51:10.459000	0.04	0.0428577	0.0424004	127.18	-670.328	0.0016276	5	4	4	4	90.8758	360	36.5379	5.28929	0	1.18987	11.8609	42.3135	17.7741	93.9566	1	1	1	0	0	0	0	0
11.08.2015 03:51:10.559000	0.04	0.0428577	0.0424004	127.18	-670.328	0.00108507	5	4	4	4	90.919	360	36.6548	5.28929	0	1.1716	11.8604	42.7526	17.7621	95.6834	1	1	1	0	0	0	0	0
11.08.2015 03:51:10.659000	0.04	0.0428577	0.0424004	127.18	-670.328	0	5	4	4	4	90.9188	360	36.7682	5.28929	0	1.16218	11.8596	42.668	17.7344	95.4659	1	1	1	0	0	0	0	0
11.08.2015 03:51:10.759000	0.04	0.0428577	0.0424004	127.18	-670.328	0.00036169	5	4	4	4	90.9218	360	36.8896	5.28929	0	1.16815	11.8597	42.8336	17.7584	96.0083	1	1	1	0	0	0	0	0
11.08.2015 03:51:10.859000	0.04	0.0428577	0.0424004	127.18	-670.332	0.000542535	5	4	4	4	90.9822	360	37.0065	5.28929	0	1.17323	11.8621	42.6056	17.7742	95.0744	1	1	1	0	0	0	0	0
11.08.2015 03:51:10.959000	0.04	0.0428577	0.0424004	127.18	-670.336	-0.00036169	5	4	4	4	91.0774	360	37.1184	5.28929	0	1.16879	11.8654	42.5604	17.7662	94.9321	1	1	1	0	0	0	0	0
11.08.2015 03:51:11.059000	0.04	0.0428577	0.0424004	127.18	-670.336	0.000542535	5	4	4	4	90.935	360	37.2403	5.28929	0	1.16212	11.8663	42.7047	17.7829	95.4205	1	1	1	0	0	0	0	0
11.08.2015 03:51:11.159000	0.04	0.0428577	0.0424004	127.18	-670.336	0.00108507	5	4	4	4	90.8282	360	37.3552	5.28929	0	1.1652	11.8624	42.3464	17.7862	94.0359	1	1	1	0	0	0	0	0
11.08.2015 03:51:11.259000	0.04	0.0428577	0.0424004	127.18	-670.344	0.00108507	5	4	4	4	90.823	360	37.4721	5.28929	0	1.17312	11.8651	42.9759	17.8295	96.2805	1	1	1	0	0	0	0	0
11.08.2015 03:51:11.359000	0.04	0.0428577	0.0424004	127.18	-670.344	0.00072338	5	4	4	4	90.9795	360	37.5949	5.28929	0	1.17634	11.8678	42.6754	17.8553	95.0312	1	1	1	0	0	0	0	0
11.08.2015 03:51:11.459000	0.04	0.0428577	0.0424004	127.184	-670.344	0	5	4	4	4	90.9494	360	37.7093	5.28929	0	1.19007	11.87	43.4808	17.8719	98.051	1	1	1	0	0	0	0	0
11.08.2015 03:51:11.559000	0.04	0.0428577	0.0424004	127.182	-670.344	0.00108507	5	4	4	4	91.0172	360	37.8297	5.28929	0	1.18916	11.8629	42.3565	17.8901	93.6769	1	1	1	0	0	0	0	0
11.08.2015 03:51:11.659000	0.04	0.0428577	0.0424004	127.184	-670.344	0.00108507	5	4	4	4	91.0782	360	37.9481	5.28929	0	1.17871	11.8708	43.0362	17.876	96.1205	1	1	1	0	0	0	0	0
11.08.2015 03:51:11.759000	0.04	0.0428577	0.0424004	127.185	-670.344	0.00072338	5	4	4	4	90.9297	360	38.0635	5.28929	0	1.17871	11.8742	43.4136	17.879	97.6315	1	1	1	0	0	0	0	0
11.08.2015 03:51:11.859000	0.04	0.0428577	0.0424004	127.184	-670.348	0.00108507	5	4	4	4	91.0158	360	38.1858	5.28929	0	1.17345	11.87	43.4773	17.8877	97.52	1	1	1	0	0	0	0	0
11.08.2015 03:51:11.959000	0.04	0.0428577	0.0424004	127.182	-670.346	0.00072338	5	4	4	4	91.0267	360	38.2983	5.28929	0	1.17328	11.8729	42.8452	17.8697	95.4612	1	1	1	0	0	0	0	0
11.08.2015 03:51:12.059000	0.04	0.0428577	0.0424004	127.184	-670.352	0.000542535	5	4	4	4	91.0139	360	38.4147	5.28929	0	1.17318	11.8686	42.7823	17.886	95.3228	1	1	1	0	0	0	0	0
11.08.2015 03:51:12.159000	0.04	0.0428577	0.0424004	127.182	-670.352	0.00072338	5	4	4	4	90.8942	360	38.535	5.28929	0	1.17316	11.8709	43.0261	17.8797	96.2808	1	1	1	0	0	0	0	0
11.08.2015 03:51:12.259000	0.04	0.0428577	0.0424004	127.184	-670.352	0.000542535	5	4	4	4	91.0555	360	38.6519	5.28929	0	1.17733	11.8668	42.501	17.897	94.2039	1	1	1	0	0	0	0	0
11.08.2015 03:51:12.359000	0.04	0.0428577	0.0424004	127.182	-670.352	0.00108507	5	4	4	4	90.9865	360	38.7713	5.28929	0	1.1788	11.8668	43.2294	17.9115	96.9372	1	1	1	0	0	0	0	0
11.08.2015 03:51:12.459000	0.04	0.0428577	0.0424004	127.18	-670.352	0.000542535	5	4	4	4	90.7145	360	38.8922	5.28929	0	1.18603	11.8685	42.909	17.915	95.697	1	1	1	0	0	0	0	0
11.08.2015 03:51:12.559000	0.04	0.0428577	0.0424004	127.185	-670.357	0.00036169	5	4	4	4	90.9825	360	39.0086	5.28929	0	1.18992	11.86	42.7033	17.9346	94.8344	1	1	1	0	0	0	0	0
11.08.2015 03:51:12.659000	0.04	0.0428577	0.0424004	127.184	-670.355	0.00108507	5	4	4	4	101.229	360	39.1309	5.28929	0	1.18689	11.8524	43.2069	17.9279	96.7884	1	1	1	0	0	0	0	0
11.08.2015 03:51:12.759000	0.04	0.0428577	0.0424004	127.185	-670.359	0.00036169	5	4	4	4	127.241	360	39.2488	5.28929	0	1.1844	11.8428	42.8405	17.9197	95.4165	1	1	1	0	0	0	0	0
11.08.2015 03:51:12.859000	0.04	0.0428577	0.0424004	127.18	-670.359	-0.000542535	5	4	4	4	176.265	360	39.3667	5.28929	0	1.19265	11.7488	43.1898	17.929	96.7187	1	1	1	0	0	0	0	0
11.08.2015 03:51:12.959000	0.04	0.0428577	0.0424004	127.188	-670.359	0.00036169	5	4	4	4	285.667	360	39.4861	5.28929	0	1.20159	11.45	42.7534	17.9187	95.0873	1	1	1	0	0	0	0	0
11.08.2015 03:51:13.059000	0.04	0.0428577	0.0424004	127.184	-670.359	0.00325521	5	4	4	4	350.651	360	39.602	5.28929	0	1.19309	11.0409	43.1725	17.9344	96.6313	1	1	1	0	0	0	0	0
11.08.2015 03:51:13.159000	0.04	0.0428577	0.0424004	127.182	-670.359	0.00289352	5	4	4	4	465.908	360	39.7184	5.28929	0	1.17861	10.8451	43.634	17.9178	98.4619	1	1	1	0	0	0	0	0
11.08.2015 03:51:13.259000	0.04	0.0428577	0.0424004	127.184	-670.359	0.00325521	5	4	4	4	707.259	360	39.8363	5.28929	0	1.17382	10.7048	43.2657	17.9167	97.0562	1	1	1	0	0	0	0	0
11.08.2015 03:51:13.359000	0.04	0.0428577	0.0424004	127.18	-670.359	0.00325521	5	4	4	4	351.69	360	39.9512	5.28929	0	1.15684	10.6657	42.4669	17.9868	93.7295	1	1	1	0	0	0	0	0
11.08.2015 03:51:13.459000	0.04	0.0428577	0.0424004	127.184	-670.359	0.00271267	5	4	4	4	647.291	360	40.0721	5.28929	0	1.15847	10.7224	42.5584	17.9435	94.2452	1	1	1	0	0	0	0	0
11.08.2015 03:51:13.559000	0.04	0.0428577	0.0424004	127.185	-670.375	0.00289352	5	4	4	4	521.846	360	40.1914	5.28929	0	1.17316	10.6352	43.0673	17.9739	96.0777	1	1	1	0	0	0	0	0
11.08.2015 03:51:13.659000	0.04	0.0428577	0.0424004	127.184	-670.375	0.00217014	5	4	4	4	840.314	360	40.3078	5.28929	0	1.1759	10.6501	43.2293	17.9442	96.8117	1	1	1	0	0	0	0	0
11.08.2015 03:51:13.759000	0.04	0.0428577	0.0424004	127.182	-670.375	0.00217014	5	4	4	4	512.331	360	40.4317	5.28929	0	1.21894	10.6678	42.4282	17.975	93.6264	1	1	1	0	0	0	0	0
11.08.2015 03:51:13.859000	0.04	0.0428577	0.0424004	127.188	-670.383	0.000542535	5	4	4	4	498.635	360	40.5481	5.28929	0	1.21894	10.7817	43.1129	17.9727	96.2569	1	1	1	0	0	0	0	0
11.08.2015 03:51:13.959000	0.04	0.0428577	0.0424004	127.182	-670.378	0.00072338	5	4	4	4	579.286	360	40.6685	5.28929	0	1.18589	10.8453	43.0915	17.9657	96.2018	1	1	1	0	0	0	0	0
11.08.2015 03:51:14.059000	0.04	0.0428577	0.0424004	127.188	-670.383	0.000542535	5	4	4	4	594.84	360	40.7888	5.28929	0	1.18451	10.8251	43.2565	17.9871	96.7517	1	1	1	0	0	0	0	0
11.08.2015 03:51:14.159000	0.04	0.0428577	0.0424004	127.18	-670.378	0	5	4	4	4	772.56	360	40.9052	5.28929	0	1.18438	10.7723	43.0691	17.9782	96.0681	1	1	1	0	0	0	0	0
11.08.2015 03:51:14.259000	0.04	0.0428577	0.0424004	127.184	-670.383	0	5	4	4	4	738.292	360	41.0286	5.28929	0	1.18435	10.7331	43.3297	17.9887	97.0256	1	1	1	0	0	0	0	0
11.08.2015 03:51:14.359000	0.04	0.0428577	0.0424004	127.182	-670.378	0.00108507	5	4	4	4	788.238	360	41.1435	5.28929	0	1.18855	10.7358	44.1276	17.9907	100.073	1	1	1	0	0	0	0	0
11.08.2015 03:51:14.459000	0.04	0.0428577	0.0424004	127.184	-670.383	0.000542535	5	4	4	4	620.676	360	41.2644	5.28929	0	1.18981	10.7504	42.7439	18.0024	94.7302	1	1	1	0	0	0	0	0
11.08.2015 03:51:14.559000	0.04	0.0428577	0.0424004	127.185	-670.383	0.00072338	5	4	4	4	643.373	360	41.3818	5.28929	0	1.18996	10.7582	42.5958	18.0126	94.1244	1	1	1	0	0	0	0	0
11.08.2015 03:51:14.659000	0.04	0.0428577	0.0424004	127.184	-670.383	0.000542535	5	4	4	4	976.079	360	41.4947	5.28929	0	1.19003	10.7121	42.6093	17.9695	94.3408	1	1	1	0	0	0	0	0
11.08.2015 03:51:14.759000	0.04	0.0428577	0.0424004	127.185	-670.383	0.00289352	5	4	4	4	720.428	360	41.6175	5.28929	0	1.17766	10.6333	42.5094	17.9989	93.8456	1	1	1	0	0	0	0	0
11.08.2015 03:51:14.859000	0.04	0.0428577	0.0424004	127.18	-670.383	0.00325521	5	4	4	4	451.559	360	41.7334	5.28929	0	1.16755	10.8098	42.6857	18.0045	94.4995	1	1	1	0	0	0	0	0
11.08.2015 03:51:14.959000	0.04	0.0428577	0.0424004	127.182	-670.383	0.00253183	5	4	4	4	442.688	360	41.8513	5.28929	0	1.17791	10.9234	42.7518	17.9956	94.7865	1	1	1	0	0	0	0	0
11.08.2015 03:51:15.059000	0.04	0.0428577	0.0424004	127.184	-670.383	0.00325521	5	4	4	4	589.964	360	41.9752	5.28929	0	1.19008	10.9054	43.2602	18.0069	96.69	1	1	1	0	0	0	0	0
11.08.2015 03:51:15.159000	0.04	0.0428577	0.0424004	127.188	-670.383	0.00144676	5	4	4	4	708.166	360	42.0906	5.28929	0	1.19221	10.8947	41.9887	18.0063	91.8237	1	1	1	0	0	0	0	0
11.08.2015 03:51:15.259000	0.04	0.0428577	0.0424004	127.18	-670.383	0.00108507	5	4	4	4	181.117	360	42.1806	1.99472	0.0882953	1.19568	10.5073	42.7616	18.228	93.934	1	1	1	0.99	0	0	0	0
11.08.2015 03:51:15.359000	0.04	0.0428577	0.0424004	127.188	-670.383	0.00072338	5	4	4	4	69.5015	360	42.2353	2.74577	0.873515	1.19568	8.63968	43.4811	18.4323	95.9068	1	1	1	1	0	0	0	0
11.08.2015 03:51:15.459000	0.04	0.0428577	0.0424004	127.188	-670.383	0	5	4	4	4	193.872	360	42.3035	3.42249	1.55024	1.19568	7.52402	43.7946	18.6099	96.4273	1	1	1	1	0	0	0	0
11.08.2015 03:51:15.559000	0.04	0.0428577	0.0424004	127.19	-670.383	0.00072338	5	4	4	4	345.118	360	42.3915	3.71987	1.84762	0.762804	7.03892	43.6764	18.7165	95.5663	1	1	1	1	0	0	0	0
11.08.2015 03:51:15.659000	0.04	0.0428577	0.0424004	127.191	-670.387	0.000542535	5	4	4	4	500.953	360	42.4706	3.45917	1.58692	0.714707	6.66985	44.4317	18.8175	98.0716	1	1	1	1	0	0	0	0
11.08.2015 03:51:15.759000	0.04	0.0428577	0.0424004	127.188	-670.385	0.00036169	5	4	4	4	534.49	360	42.5497	2.92762	1.05537	0.714707	6.4592	44.0985	18.9343	96.3488	1	1	1	1	0	0	0	0
11.08.2015 03:51:15.859000	0.04	0.0428577	0.0424004	127.188	-670.383	0.000542535	5	4	4	4	564.116	360	42.6109	2.36525	0.492999	0.74555	6.35366	44.2593	19.0844	96.3897	1	1	1	1	0	0	0	0
11.08.2015 03:51:15.959000	0.04	0.0428577	0.0424004	127.188	-670.383	0.00072338	5	4	4	4	467.563	360	42.6641	1.88137	0.00911872	0.762899	6.27554	44.4039	19.2721	96.2249	1	1	1	1	0	0	0	0
11.08.2015 03:51:16.059000	0.04	0.0428577	0.0424004	127.188	-670.383	0.00108507	5	4	4	4	435.054	360	42.7099	1.63182	-0.240434	0.762899	6.32227	44.5379	19.453	96.045	1	1	1	1	0	0	0	0
11.08.2015 03:51:16.159000	0.04	0.0428577	0.0424004	127.177	-670.383	0.00108507	5	4	4	4	338.432	360	42.7532	1.5625	-0.309749	0.762899	6.35243	44.6697	19.5519	96.1712	1	1	1	1	0	0	0	0
11.08.2015 03:51:16.259000	0.04	0.0428577	0.0424004	127.18	-670.383	0.000542535	5	4	4	4	374.844	360	42.7944	1.57384	-0.298411	0.762899	6.47975	44.7664	19.6863	96.0267	1	1	1	1	0	0	0	0
11.08.2015 03:51:16.359000	0.04	0.0428577	0.0424004	127.18	-670.383	0.00072338	5	4	4	4	337.154	360	42.8367	1.63296	-0.239288	0.707565	6.53725	44.8783	19.7683	96.1412	1	1	1	1	0	0	0	0
11.08.2015 03:51:16.459000	0.04	0.0428577	0.0424004	127.18	-670.387	0.000542535	5	4	4	4	342.822	360	42.8785	1.66366	-0.20859	0.455492	6.56387	44.981	19.8506	96.2193	1	1	1	1	0	0	0	0
11.08.2015 03:51:16.559000	0.04	0.0428577	0.0424004	127.18	-670.385	0.00108507	5	4	4	4	339.347	360	42.9272	1.70927	-0.162977	0.455492	6.58066	45.0723	19.9181	96.3102	1	1	1	1	0	0	0	0
11.08.2015 03:51:16.659000	0.04	0.0428577	0.0424004	127.18	-670.387	0	5	4	4	4	342.518	360	42.9745	1.7799	-0.0923481	0.455492	6.60583	45.1471	19.9911	96.3172	1	1	1	1	0	0	0	0
11.08.2015 03:51:16.759000	0.04	0.0428577	0.0424004	127.18	-670.385	0.00108507	5	4	4	4	350.916	360	43.0237	1.82222	-0.0500283	0.455492	6.61589	45.2232	20.0376	96.4308	1	1	1	1	0	0	0	0
11.08.2015 03:51:16.859000	0.04	0.0428577	0.0424004	127.18	-670.387	0	5	4	4	4	389.649	360	43.069	1.84106	-0.0311906	0.455492	6.56604	45.2838	20.0921	96.4539	1	1	1	1	0	0	0	0
11.08.2015 03:51:16.959000	0.04	0.0428577	0.0424004	127.18	-670.391	0.00108507	5	4	4	4	405.135	360	43.1192	1.82233	-0.0499182	0.46583	6.52619	45.3354	20.1466	96.4429	1	1	1	1	0	0	0	0
11.08.2015 03:51:17.059000	0.04	0.0428577	0.0424004	127.18	-670.387	-0.0016276	5	4	4	4	377.665	360	43.17	1.76885	-0.103397	0.467513	6.51396	45.3749	20.2026	96.3796	1	1	1	1	0	0	0	0
11.08.2015 03:51:17.159000	0.04	0.0428577	0.0424004	127.182	-670.385	0.00036169	5	4	4	4	319.966	360	43.2192	1.72574	-0.146513	0.467513	6.54405	45.4152	20.2612	96.3097	1	1	1	1	0	0	0	0
11.08.2015 03:51:17.259000	0.04	0.0428577	0.0424004	127.18	-670.387	0.000542535	5	4	4	4	371.161	360	43.2655	1.72445	-0.147803	0.467513	6.57914	45.4623	20.2838	96.4035	1	1	1	1	0	0	0	0
11.08.2015 03:51:17.359000	0.04	0.0428577	0.0424004	127.185	-670.391	0.00072338	5	4	4	4	325.39	360	43.3132	1.7262	-0.146049	0.467513	6.5735	45.4975	20.3275	96.371	1	1	1	1	0	0	0	0
11.08.2015 03:51:17.459000	0.04	0.0428577	0.0424004	127.18	-670.391	0.000542535	5	4	4	4	356.939	360	43.3625	1.74605	-0.126198	0.48191	6.58861	45.5301	20.3579	96.3796	1	1	1	1	0	0	0	0
11.08.2015 03:51:17.559000	0.04	0.0428577	0.0424004	127.18	-670.391	0.00072338	5	4	4	4	368.573	360	43.4117	1.76284	-0.109406	0.486709	6.56785	45.5565	20.3821	96.3878	1	1	1	1	0	0	0	0
11.08.2015 03:51:17.659000	0.04	0.0428577	0.0424004	127.18	-670.391	0.00108507	5	4	4	4	337.892	360	43.4605	1.77875	-0.0934974	0.486709	6.57538	45.5767	20.4224	96.3109	1	1	1	1	0	0	0	0
11.08.2015 03:51:17.759000	0.04	0.0428577	0.0424004	127.185	-670.388	0.00072338	5	4	4	4	357.817	360	43.5097	1.80247	-0.0697836	0.486709	6.59324	45.6047	20.4309	96.3857	1	1	1	1	0	0	0	0
11.08.2015 03:51:17.859000	0.04	0.0428577	0.0424004	127.18	-670.387	0	5	4	4	4	381.023	360	43.562	1.81857	-0.0536858	0.486709	6.59259	45.6138	20.4604	96.3072	1	1	1	1	0	0	0	0
11.08.2015 03:51:17.959000	0.04	0.0428577	0.0424004	127.182	-670.385	0.00108507	5	4	4	4	348.853	360	43.6142	1.81561	-0.0566389	0.500286	6.56547	45.623	20.4799	96.2682	1	1	1	1	0	0	0	0
11.08.2015 03:51:18.059000	0.04	0.0428577	0.0424004	127.184	-670.391	0	5	4	4	4	346.391	360	43.6624	1.82524	-0.0470085	0.50347	6.58912	45.6316	20.4948	96.2438	1	1	1	1	0	0	0	0
11.08.2015 03:51:18.159000	0.04	0.0428577	0.0424004	127.182	-670.385	0	5	4	4	4	330.029	360	43.7137	1.8454	-0.0268461	0.50347	6.57111	45.6376	20.5107	96.2057	1	1	1	1	0	0	0	0
11.08.2015 03:51:18.259000	0.04	0.0428577	0.0424004	127.184	-670.387	0.00108507	5	4	4	4	385.545	360	43.7659	1.87528	0.00302648	0.50347	6.56568	45.6454	20.5079	96.2464	1	1	1	1	0	0	0	0
11.08.2015 03:51:18.359000	0.04	0.0428577	0.0424004	127.18	-670.385	0.00108507	5	4	4	4	341.306	360	43.8181	1.88401	0.0117557	0.50347	6.53516	45.647	20.5156	96.2228	1	1	1	1	0	0	0	0
11.08.2015 03:51:18.459000	0.04	0.0428577	0.0424004	127.184	-670.391	0.00108507	5	4	4	4	367.611	360	43.8694	1.89937	0.0271182	0.510243	6.55932	45.6551	20.5155	96.2544	1	1	1	1	0	0	0	0
11.08.2015 03:51:18.559000	0.04	0.0428577	0.0424004	127.182	-670.388	0.00108507	5	4	4	4	353.413	360	43.9241	1.90598	0.0337312	0.510675	6.56807	45.6585	20.5161	96.2653	1	1	1	1	0	0	0	0
11.08.2015 03:51:18.659000	0.04	0.0428577	0.0424004	127.184	-670.387	0.000542535	5	4	4	4	361.548	360	43.9788	1.91657	0.044316	0.510675	6.57212	45.6532	20.5235	96.217	1	1	1	1	0	0	0	0
11.08.2015 03:51:18.759000	0.04	0.0428577	0.0424004	127.182	-670.391	0	5	4	4	4	359.225	360	44.03	1.92735	0.0551031	0.510675	6.55027	45.6668	20.5184	96.288	1	1	1	1	0	0	0	0
11.08.2015 03:51:18.859000	0.04	0.0428577	0.0424004	127.188	-670.391	0.000542535	5	4	4	4	340.106	360	44.0842	1.93717	0.064919	0.515983	6.5855	45.6505	20.5364	96.1569	1	1	1	1	0	0	0	0
11.08.2015 03:51:18.959000	0.04	0.0428577	0.0424004	127.182	-670.391	0.00036169	5	4	4	4	335.042	360	44.14	1.95232	0.0800643	0.531089	6.59013	45.6487	20.5359	96.1518	1	1	1	1	0	0	0	0
11.08.2015 03:51:19.059000	0.04	0.0428577	0.0424004	127.188	-670.391	0.00108507	5	4	4	4	320.771	360	44.1927	1.99914	0.126887	0.531089	6.61849	45.6526	20.5257	96.2057	1	1	1	1	0	0	0	0
11.08.2015 03:51:19.159000	0.04	0.0428577	0.0424004	127.188	-670.391	0.00072338	5	4	4	4	353.854	360	44.2459	2.06201	0.189759	0.531089	6.61263	45.6412	20.5288	96.1501	1	1	1	1	0	0	0	0
11.08.2015 03:51:19.259000	0.04	0.0428577	0.0424004	127.184	-670.391	0.00217014	5	4	4	4	332.563	360	44.3011	2.11953	0.247283	0.531089	6.60142	45.6239	20.5148	96.1375	1	1	1	1	0	0	0	0
11.08.2015 03:51:19.359000	0.04	0.0428577	0.0424004	127.182	-670.391	0.00253183	5	4	4	4	387.81	360	44.3573	2.16952	0.297265	0.546678	6.61509	45.6196	20.4892	96.2191	1	1	1	1	0	0	0	0
11.08.2015 03:51:19.459000	0.04	0.0428577	0.0424004	127.184	-670.391	0.00271267	5	4	4	4	336.821	360	44.415	2.18399	0.311739	0.551874	6.59187	45.6001	20.4846	96.1623	1	1	1	1	0	0	0	0
11.08.2015 03:51:19.559000	0.04	0.0428577	0.0424004	127.188	-670.391	0.00253183	5	4	4	4	351.884	360	44.4752	2.2076	0.335347	0.551874	6.60503	45.5858	20.467	96.1749	1	1	1	1	0	0	0	0
11.08.2015 03:51:19.659000	0.04	0.0428577	0.0424004	127.184	-670.391	0.00271267	5	4	4	4	363.818	360	44.5339	2.23095	0.358698	0.551874	6.62811	45.5681	20.4697	96.0966	1	1	1	1	0	0	0	0
11.08.2015 03:51:19.759000	0.04	0.0428577	0.0424004	127.188	-670.391	0.00325521	5	4	4	4	327.621	360	44.5911	2.25387	0.381619	0.563827	6.62457	45.556	20.4586	96.0929	1	1	1	1	0	0	0	0
11.08.2015 03:51:19.859000	0.04	0.0428577	0.0424004	127.188	-670.391	0.00271267	5	4	4	4	345.146	360	44.6473	2.29893	0.426682	0.578435	6.65191	45.539	20.4518	96.0541	1	1	1	1	0	0	0	0
11.08.2015 03:51:19.959000	0.04	0.0428577	0.0424004	127.188	-670.391	0.00325521	5	4	4	4	347.486	360	44.7055	2.34523	0.472976	0.578435	6.65234	45.5242	20.4374	96.0524	1	1	1	1	0	0	0	0
11.08.2015 03:51:20.059000	0.04	0.0428577	0.0424004	127.188	-670.391	0.00271267	5	4	4	4	324.167	360	44.7737	2.39252	0.520273	0.578435	6.64714	45.509	20.4255	96.0398	1	1	1	1	0	0	0	0
11.08.2015 03:51:20.159000	0.04	0.0428577	0.0424004	127.188	-670.391	0.00253183	5	4	4	4	329.922	360	44.8348	2.45119	0.578935	0.588306	6.64771	45.4927	20.4147	96.0183	1	1	1	1	0	0	0	0
11.08.2015 03:51:20.259000	0.04	0.0428577	0.0424004	127.188	-670.391	0.00217014	5	4	4	4	339.332	360	44.895	2.52364	0.651392	0.606636	6.6718	45.4723	20.3853	96.0529	1	1	1	1	0	0	0	0
11.08.2015 03:51:20.359000	0.04	0.0428577	0.0424004	127.188	-670.391	0.00325521	5	4	4	4	385.085	360	44.9627	2.58639	0.714138	0.606636	6.6679	45.4476	20.3637	96.0415	1	1	1	1	0	0	0	0
11.08.2015 03:51:20.459000	0.04	0.0428577	0.0424004	127.184	-670.391	0.00325521	5	4	4	4	389.635	360	45.0303	2.6019	0.729648	0.606636	6.63274	45.4081	20.3758	95.8437	1	1	1	1	0	0	0	0
11.08.2015 03:51:20.559000	0.04	0.0428577	0.0424004	127.188	-670.391	0.00289352	5	4	4	4	351.178	360	45.0945	2.58966	0.717406	0.635906	6.58919	45.3653	20.3681	95.7094	1	1	1	1	0	0	0	0
11.08.2015 03:51:20.659000	0.04	0.0428577	0.0424004	127.188	-670.391	0.00325521	5	4	4	4	342.408	360	45.1636	2.58577	0.713516	0.657987	6.62775	45.345	20.3634	95.6495	1	1	1	1	0	0	0	0
11.08.2015 03:51:20.759000	0.04	0.0428577	0.0424004	127.188	-670.391	0.00180845	5	4	4	4	378.677	360	45.2328	2.59835	0.726097	0.657987	6.64923	45.3346	20.334	95.7225	1	1	1	1	0	0	0	0
11.08.2015 03:51:20.859000	0.04	0.0428577	0.0424004	127.188	-670.387	0.00108507	5	4	4	4	352.386	360	45.2945	2.59959	0.727342	0.657987	6.62985	45.3076	20.3239	95.6577	1	1	1	1	0	0	0	0
11.08.2015 03:51:20.959000	0.04	0.0428577	0.0424004	127.188	-670.391	0.00180845	5	4	4	4	392.998	360	45.3646	2.59879	0.726543	0.668668	6.64077	45.2961	20.3035	95.6916	1	1	1	1	0	0	0	0
11.08.2015 03:51:21.059000	0.04	0.0428577	0.0424004	127.188	-670.391	0	5	4	4	4	336	360	45.4322	2.57053	0.698279	0.670406	6.61762	45.2795	20.2903	95.6788	1	1	1	1	0	0	0	0
11.08.2015 03:51:21.159000	0.04	0.0428577	0.0424004	127.188	-670.391	0.00108507	5	4	4	4	292.481	360	45.4939	2.57351	0.701257	0.670406	6.67195	45.2713	20.2855	95.6657	1	1	1	1	0	0	0	0
11.08.2015 03:51:21.259000	0.04	0.0428577	0.0424004	127.188	-670.391	0.00217014	5	4	4	4	298.384	360	45.5656	2.64403	0.771779	0.670689	6.71875	45.2666	20.2666	95.7199	1	1	1	1	0	0	0	0
11.08.2015 03:51:21.359000	0.04	0.0428577	0.0424004	127.188	-670.391	0.00217014	5	4	4	4	309.874	360	45.6342	2.75873	0.886477	0.672171	6.7079	45.2402	20.2373	95.7313	1	1	1	1	0	0	0	0
11.08.2015 03:51:21.459000	0.04	0.0428577	0.0424004	127.188	-670.391	0.00271267	5	4	4	4	390.114	360	45.7004	2.86937	0.997122	0.672171	6.69473	45.2122	20.2096	95.7299	1	1	1	1	0	0	0	0
11.08.2015 03:51:21.559000	0.04	0.0428577	0.0424004	127.188	-670.391	0.00325521	5	4	4	4	379.587	360	45.7804	2.91889	1.04664	0.672171	6.62949	45.1698	20.1706	95.7171	1	1	1	1	0	0	0	0
11.08.2015 03:51:21.659000	0.04	0.0428577	0.0424004	127.188	-670.391	0.00217014	5	4	4	4	399.161	360	45.8451	2.92701	1.05476	0.697537	6.61191	45.1195	20.1426	95.6315	1	1	1	1	0	0	0	0
11.08.2015 03:51:21.759000	0.04	0.0428577	0.0424004	127.188	-670.391	0.00289352	5	4	4	4	370.206	360	45.9247	2.90133	1.02908	0.710604	6.62297	45.088	20.1137	95.6091	1	1	1	1	0	0	0	0
11.08.2015 03:51:21.859000	0.04	0.0428577	0.0424004	127.188	-670.391	0.00271267	5	4	4	4	367.723	360	45.9918	2.87456	1.00231	0.710604	6.6156	45.0538	20.0918	95.5654	1	1	1	1	0	0	0	0
11.08.2015 03:51:21.959000	0.04	0.0428577	0.0424004	127.188	-670.391	0.00180845	5	4	4	4	336.895	360	46.0625	2.8548	0.98255	0.710301	6.60149	45.0603	20.0799	95.6451	1	1	1	1	0	0	0	0
11.08.2015 03:51:22.059000	0.04	0.0428577	0.0424004	127.188	-670.391	0.000542535	5	4	4	4	291.268	360	46.1336	2.87195	0.999701	0.70858	6.64431	45.0461	20.0616	95.6605	1	1	1	1	0	0	0	0
11.08.2015 03:51:22.159000	0.04	0.0428577	0.0424004	127.19	-670.391	0.00108507	5	4	4	4	333.716	360	46.2032	2.94168	1.06942	0.70858	6.67296	45.0338	20.0416	95.6904	1	1	1	1	0	0	0	0
11.08.2015 03:51:22.259000	0.04	0.0428577	0.0424004	127.188	-670.387	0.000542535	5	4	4	4	303.532	360	46.2799	3.03215	1.1599	0.70858	6.64873	44.9279	20.0212	95.363	1	1	1	1	0	0	0	0
11.08.2015 03:51:22.359000	0.04	0.0428577	0.0424004	127.185	-670.391	0.00072338	5	4	4	4	374.102	360	46.355	3.1254	1.25303	0.729563	6.64786	45.0204	19.982	95.8423	1	1	1	1	0	0	0	0
11.08.2015 03:51:22.459000	0.04	0.0428577	0.0424004	127.188	-670.391	0	5	4	4	4	353.029	360	46.4336	3.18467	1.31252	0.735831	6.64909	44.8424	19.962	95.2706	1	1	1	1	0	0	0	0
11.08.2015 03:51:22.559000	0.04	0.0428577	0.0424004	127.188	-670.391	0.00108507	5	4	4	4	372.227	360	46.5146	3.2229	1.35066	0.735831	6.67522	45.0575	19.9083	96.3018	1	1	1	1	0	0	0	0
11.08.2015 03:51:22.659000	0.04	0.0428577	0.0424004	127.188	-670.391	0.00108507	5	4	4	4	353.48	360	46.5892	3.24663	1.37438	0.76763	6.66461	44.799	19.8809	95.4063	1	1	1	1	0	0	0	0
11.08.2015 03:51:22.759000	0.04	0.0428577	0.0424004	127.188	-670.391	0.00144676	5	4	4	4	383.12	360	46.6748	3.26339	1.39114	0.78712	6.65993	44.8979	19.842	95.934	1	1	1	1	0	0	0	0
11.08.2015 03:51:22.859000	0.04	0.0428577	0.0424004	127.188	-670.391	0.00108507	5	4	4	4	405.971	360	46.7504	3.24675	1.3745	0.78712	6.65926	44.643	19.8118	95.0648	1	1	1	1	0	0	0	0
11.08.2015 03:51:22.959000	0.04	0.0428577	0.0424004	127.188	-670.391	0.00072338	5	4	4	4	354.566	360	46.8305	3.19485	1.3226	0.788268	6.65539	44.7899	19.7975	95.6911	1	1	1	1	0	0	0	0
11.08.2015 03:51:23.059000	0.04	0.0428577	0.0424004	127.188	-670.391	0.000542535	5	4	4	4	291.623	360	46.9071	3.17859	1.30633	0.789564	6.69243	44.6867	19.788	95.3322	1	1	1	1	0	0	0	0
11.08.2015 03:51:23.159000	0.04	0.0428577	0.0424004	127.188	-670.391	0.00072338	5	4	4	4	313.635	360	46.9847	3.22901	1.35676	0.789564	6.69703	44.7417	19.7802	95.5727	1	1	1	1	0	0	0	0
11.08.2015 03:51:23.259000	0.04	0.0428577	0.0424004	127.191	-670.391	0.000542535	5	4	4	4	370.716	360	47.0663	3.29766	1.42541	0.787412	6.68318	44.626	19.772	95.1609	1	1	1	1	0	0	0	0
11.08.2015 03:51:23.359000	0.04	0.0428577	0.0424004	127.188	-670.391	-0.00036169	5	4	4	4	370.068	360	47.1454	3.34226	1.47001	0.782144	6.69752	44.7102	19.7402	95.6054	1	1	1	1	0	0	0	0
11.08.2015 03:51:23.459000	0.04	0.0428577	0.0424004	127.188	-670.387	0.000542535	5	4	4	4	392.549	360	47.2294	3.35264	1.48039	0.782144	6.65737	44.6663	19.7303	95.475	1	1	1	1	0	0	0	0
11.08.2015 03:51:23.559000	0.04	0.0428577	0.0424004	127.19	-670.391	0.00036169	5	4	4	4	332.294	360	47.3085	3.33372	1.46147	0.790145	6.64817	44.636	19.709	95.4404	1	1	1	1	0	0	0	0
11.08.2015 03:51:23.659000	0.04	0.0428577	0.0424004	127.188	-670.391	0.000542535	5	4	4	4	346.288	360	47.3851	3.33952	1.46727	0.815483	6.69459	44.6038	19.6863	95.4044	1	1	1	1	0	0	0	0
11.08.2015 03:51:23.759000	0.04	0.0428577	0.0424004	127.19	-670.391	0.00289352	5	4	4	4	372.822	360	47.4722	3.36009	1.48784	0.815483	6.65843	44.5293	19.6649	95.2006	1	1	1	1	0	0	0	0
11.08.2015 03:51:23.859000	0.04	0.0428577	0.0424004	127.188	-670.391	0.00217014	5	4	4	4	362.345	360	47.5498	3.36757	1.49532	0.814215	6.61814	44.6021	19.643	95.5633	1	1	1	1	0	0	0	0
11.08.2015 03:51:23.959000	0.04	0.0428577	0.0424004	127.19	-670.391	0.00289352	5	4	4	4	363.966	360	47.6288	3.36403	1.49178	0.807559	6.63051	44.574	19.6384	95.4736	1	1	1	1	0	0	0	0
11.08.2015 03:51:24.059000	0.04	0.0428577	0.0424004	127.191	-670.391	0.00542535	5	4	4	4	335.83	360	47.7119	3.36196	1.48971	0.807559	6.68437	44.5749	19.6257	95.5257	1	1	1	1	0	0	0	0
11.08.2015 03:51:24.159000	0.04	0.0428577	0.0424004	127.19	-670.391	0.00506366	5	4	4	4	305.748	360	47.789	3.39394	1.52169	0.807243	6.71411	44.5043	19.6126	95.3053	1	1	1	1	0	0	0	0
11.08.2015 03:51:24.259000	0.04	0.0428577	0.0424004	127.188	-670.391	0.00488281	5	4	4	4	304.369	360	47.8741	3.45949	1.58724	0.802296	6.70881	44.5421	19.6075	95.4698	1	1	1	1	0	0	0	0
11.08.2015 03:51:24.359000	0.04	0.0428577	0.0424004	127.195	-670.388	0.00506366	5	4	4	4	376.052	360	47.9596	3.55125	1.679	0.802296	6.72977	44.5213	19.5714	95.5283	1	1	1	1	0	0	0	0
11.08.2015 03:51:24.459000	0.04	0.0428577	0.0424004	127.188	-670.387	0.00651042	5	4	4	4	394.483	360	48.0412	3.59668	1.72443	0.807539	6.6894	44.3562	19.5508	94.9746	1	1	1	1	0	0	0	0
11.08.2015 03:51:24.559000	0.04	0.0428577	0.0424004	127.193	-670.391	0.00614873	5	4	4	4	354.503	360	48.1278	3.59823	1.72598	0.845985	6.69094	44.5652	19.5142	95.9153	1	1	1	1	0	0	0	0
11.08.2015 03:51:24.659000	0.04	0.0428577	0.0424004	127.188	-670.391	0.00488281	5	4	4	4	348.173	360	48.2188	3.60478	1.73253	0.845985	6.66602	44.4457	19.4833	95.5759	1	1	1	1	0	0	0	0
11.08.2015 03:51:24.759000	0.04	0.0428577	0.0424004	127.193	-670.391	0.00470197	5	4	4	4	348.18	360	48.3038	3.62627	1.75402	0.853157	6.67349	44.3967	19.4559	95.4934	1	1	1	1	0	0	0	0
11.08.2015 03:51:24.859000	0.04	0.0428577	0.0424004	127.191	-670.391	0.00325521	5	4	4	4	362.986	360	48.3889	3.64521	1.77296	0.872548	6.62382	44.3652	19.4288	95.4766	1	1	1	1	0	0	0	0
11.08.2015 03:51:24.959000	0.04	0.0428577	0.0424004	127.193	-670.391	0.00253183	5	4	4	4	317.884	360	48.475	3.66136	1.78911	0.872548	6.62326	44.3269	19.409	95.4058	1	1	1	1	0	0	0	0
11.08.2015 03:51:25.059000	0.04	0.0428577	0.0424004	127.195	-670.387	0.00379774	5	4	4	4	329.649	360	48.5675	3.70125	1.829	0.872641	6.65453	44.2048	19.3861	95.0258	1	1	1	1	0	0	0	0
11.08.2015 03:51:25.159000	0.04	0.0428577	0.0424004	127.193	-670.391	0.00325521	5	4	4	4	314.173	360	48.6545	3.77379	1.90154	0.872769	6.68848	44.2761	19.3616	95.3925	1	1	1	1	0	0	0	0
11.08.2015 03:51:25.259000	0.04	0.0428577	0.0424004	127.191	-670.391	0.0016276	5	4	4	4	403.61	360	48.7456	3.84768	1.97543	0.872769	6.66619	44.1826	19.3161	95.2088	1	1	1	1	0	0	0	0
11.08.2015 03:51:25.359000	0.04	0.0428577	0.0424004	127.195	-670.391	0.00253183	5	4	4	4	381.707	360	48.8326	3.8646	1.99234	0.884585	6.64081	44.2552	19.2754	95.6425	1	1	1	1	0	0	0	0
11.08.2015 03:51:25.459000	0.04	0.0428577	0.0424004	127.195	-670.391	0.00325521	5	4	4	4	326.407	360	48.9261	3.86448	1.99223	0.891524	6.69049	43.9927	19.2525	94.725	1	1	1	1	0	0	0	0
11.08.2015 03:51:25.559000	0.04	0.0428577	0.0424004	127.195	-670.391	0.00217014	5	4	4	4	336.039	360	49.0191	3.89141	2.01916	0.891524	6.69457	44.1423	19.2524	95.2985	1	1	1	1	0	0	0	0
11.08.2015 03:51:25.659000	0.04	0.0428577	0.0424004	127.195	-670.391	0.000542535	5	4	4	4	348.591	360	49.1136	3.93815	2.0659	0.922591	6.73401	44.1143	19.2211	95.3109	1	1	1	1	0	0	0	0
11.08.2015 03:51:25.759000	0.04	0.0428577	0.0424004	127.195	-670.388	0.00180845	5	4	4	4	389.76	360	49.2067	3.97508	2.10283	0.924574	6.71852	43.9769	19.1832	94.9302	1	1	1	1	0	0	0	0
11.08.2015 03:51:25.859000	0.04	0.0428577	0.0424004	127.195	-670.391	0.00108507	5	4	4	4	397.646	360	49.2987	3.96581	2.09356	0.928639	6.6451	43.9836	19.1437	95.1074	1	1	1	1	0	0	0	0
11.08.2015 03:51:25.959000	0.04	0.0428577	0.0424004	127.195	-670.391	0.00108507	5	4	4	4	295.391	360	49.3917	3.9394	2.06715	0.938593	6.66016	43.8889	19.1435	94.7451	1	1	1	1	0	0	0	0
11.08.2015 03:51:26.059000	0.04	0.0428577	0.0424004	127.195	-670.387	0.00108507	5	4	4	4	361.007	360	49.4837	3.97344	2.10119	0.938593	6.70804	43.9385	19.1102	95.0625	1	1	1	1	0	0	0	0
11.08.2015 03:51:26.159000	0.04	0.0428577	0.0424004	127.195	-670.391	0.00108507	5	4	4	4	333.246	360	49.5777	4.00562	2.13337	0.934171	6.72222	43.9748	19.1059	95.2179	1	1	1	1	0	0	0	0
11.08.2015 03:51:26.259000	0.04	0.0428577	0.0424004	127.195	-670.391	0.000542535	5	4	4	4	402.33	360	49.6708	4.0329	2.16065	0.931461	6.73095	43.919	19.0768	95.116	1	1	1	1	0	0	0	0
11.08.2015 03:51:26.359000	0.04	0.0428577	0.0424004	127.195	-670.391	0.00108507	5	4	4	4	329.624	360	49.7673	4.03369	2.16144	0.931461	6.67323	43.8929	19.0669	95.0538	1	1	1	1	0	0	0	0
11.08.2015 03:51:26.459000	0.04	0.0428577	0.0424004	127.195	-670.391	0.00108507	5	4	4	4	368.587	360	49.8598	4.03875	2.1665	0.931508	6.67543	43.8834	19.0439	95.1057	1	1	1	1	0	0	0	0
11.08.2015 03:51:26.559000	0.04	0.0428577	0.0424004	127.195	-670.388	0.00072338	5	4	4	4	350.074	360	49.9563	4.04321	2.17096	0.93151	6.66259	43.8737	19.0331	95.1095	1	1	1	1	0	0	0	0
11.08.2015 03:51:26.659000	0.04	0.0428577	0.0424004	127.195	-670.391	0.000542535	5	4	4	4	307.118	360	50.0488	4.06694	2.19469	0.936052	6.65428	43.8182	19.0194	94.9494	1	1	1	1	0	0	0	0
11.08.2015 03:51:26.759000	0.04	0.0428577	0.0424004	127.195	-670.391	0.00036169	5	4	4	4	340.808	360	50.1448	4.12138	2.24913	0.945703	6.66603	43.836	19.0102	95.0529	1	1	1	1	0	0	0	0
11.08.2015 03:51:26.859000	0.04	0.0428577	0.0424004	127.195	-670.391	0.00108507	5	4	4	4	332.063	360	50.2413	4.19143	2.31918	0.945703	6.67719	43.805	18.9829	95.0387	1	1	1	1	0	0	0	0
11.08.2015 03:51:26.959000	0.04	0.0428577	0.0424004	127.195	-670.391	0.00108507	5	4	4	4	369.747	360	50.3398	4.25103	2.37878	0.965302	6.68622	43.7772	18.9633	95.0076	1	1	1	1	0	0	0	0
11.08.2015 03:51:27.059000	0.04	0.0428577	0.0424004	127.195	-670.391	0.000542535	5	4	4	4	326.232	360	50.4363	4.28976	2.41751	0.971491	6.6671	43.7523	18.9292	95.0429	1	1	1	1	0	0	0	0
11.08.2015 03:51:27.159000	0.04	0.0428577	0.0424004	127.195	-670.391	0.00072338	5	4	4	4	380.721	360	50.5363	4.34021	2.46796	0.975201	6.69508	43.7045	18.8913	95.0048	1	1	1	1	0	0	0	0
11.08.2015 03:51:27.259000	0.04	0.0428577	0.0424004	127.195	-670.391	0.00217014	5	4	4	4	404.571	360	50.6352	4.35234	2.48009	0.98695	6.6479	43.4218	18.861	94.0382	1	1	1	1	0	0	0	0
11.08.2015 03:51:27.359000	0.04	0.0428577	0.0424004	127.195	-670.391	0.00180845	5	4	4	4	382.519	360	50.7387	4.32176	2.44951	0.98695	6.61766	43.7212	18.8405	95.2635	1	1	1	1	0	0	0	0
11.08.2015 03:51:27.459000	0.04	0.0428577	0.0424004	127.195	-670.391	0.00325521	5	4	4	4	316.323	360	50.8372	4.28884	2.41659	0.999051	6.6485	43.6344	18.8327	94.9606	1	1	1	1	0	0	0	0
11.08.2015 03:51:27.559000	0.04	0.0428577	0.0424004	127.195	-670.391	0.0036169	5	4	4	4	368.346	360.004	50.9387	4.2965	2.42425	1.00287	6.69737	43.6465	18.8183	95.0625	1	1	1	1	0.28	0	0	0
11.08.2015 03:51:27.659000	0.04	0.0428577	0.0424004	127.195	-670.391	0.00488281	5	4	4	4	320.607	360.331	51.0372	4.32845	2.4562	1.00179	6.64058	43.6578	18.818	95.1067	1	1	1	1	1	0	0	0
11.08.2015 03:51:27.759000	0.04	0.0428577	0.0424004	127.195	-670.391	0.00506366	5	4	4	4	356.548	361.547	51.1406	4.43529	2.56304	0.998845	6.65622	43.6695	18.8026	95.2104	1	1	1	1	1	0	0	0
11.08.2015 03:51:27.859000	0.04	0.0428577	0.0424004	127.195	-670.391	0.00542535	5	4	4	4	372.697	363.709	51.2431	4.55654	2.68429	0.998845	6.71379	43.5614	18.7619	94.9527	1	1	1	1	1	0	0	0
11.08.2015 03:51:27.959000	0.04	0.0428577	0.0424004	127.195	-670.391	0.00614873	5	4	4	4	332.956	366.817	51.3505	4.65559	2.78334	1.04437	6.66926	43.6504	18.7371	95.388	1	1	1	1	1	0	0	0
11.08.2015 03:51:28.059000	0.04	0.0428577	0.0424004	127.195	-670.391	0.00596788	5	4	4	4	371.919	370.872	51.46	4.83022	2.95797	1.04942	6.68333	43.4828	18.6775	94.9746	1	1	1	1	1	0	0	0
11.08.2015 03:51:28.159000	0.04	0.0428577	0.0424004	127.195	-670.391	0.00470197	5	4	4	4	396.866	375.872	51.5724	4.97616	3.10391	1.07854	6.69237	43.4542	18.6065	95.137	1	1	1	1	1	0	0	0
11.08.2015 03:51:28.259000	0.04	0.0428577	0.0424004	127.195	-670.391	0.00488281	5	4	4	4	412.907	381.819	51.6838	5.04248	3.17023	1.09564	6.68489	43.376	18.533	95.119	1	1	1	1	1	0	0	0
11.08.2015 03:51:28.359000	0.04	0.0428577	0.0424004	127.195	-670.391	0.0036169	5	4	4	4	418.27	388.712	51.7982	5.03002	3.15777	1.11325	6.68129	43.1729	18.4664	94.596	1	1	1	1	1	0	0	0
11.08.2015 03:51:28.459000	0.04	0.0428577	0.0424004	127.195	-670.391	0.00325521	5	4	4	4	367.123	396.551	51.9166	4.99556	3.12331	1.13567	6.65953	43.2322	18.4362	94.9386	1	1	1	1	1	0	0	0
11.08.2015 03:51:28.559000	0.04	0.0428577	0.0424004	127.198	-670.385	0.00253183	5	4	4	4	333.394	405.337	52.0275	5.18702	3.31477	1.13702	6.67462	43.0663	18.4002	94.4418	1	1	1	1	1	0	0	0
11.08.2015 03:51:28.659000	0.04	0.0428577	0.0424004	127.203	-670.391	0.00325521	5	4	4	4	405.284	415.068	52.1509	5.59587	3.72362	1.14086	6.65987	43.1474	18.3348	95.0022	1	1	1	1	1	0	0	0
11.08.2015 03:51:28.759000	0.04	0.0428577	0.0424004	127.201	-670.391	0.00325521	5	4	4	4	430.946	425.746	52.2812	5.99099	4.11874	1.19732	6.61999	42.7507	18.182	94.0688	1	1	1	1	1	0	0	0
11.08.2015 03:51:28.859000	0.04	0.0428577	0.0424004	127.203	-670.387	0.00271267	5	4	4	4	438.64	437.369	52.426	6.31723	4.44498	1.30218	6.61049	42.4257	17.9876	93.5687	1	1	1	1	1	0	0	0
11.08.2015 03:51:28.959000	0.04	0.0428577	0.0424004	127.198	-670.391	0.00289352	5	4	4	4	446.953	449.938	52.5757	6.63333	4.76108	1.40684	6.58634	43.3005	17.7785	97.7187	1	1	1	1	1	0	0	0
11.08.2015 03:51:29.059000	0.04	0.0428577	0.0424004	127.199	-670.391	0.00271267	5	4	4	4	470.2	463.455	52.7329	6.95165	5.0794	1.47096	6.59954	42.914	17.5465	97.1272	1	1	1	1	1	0	0	0
11.08.2015 03:51:29.159000	0.04	0.0428577	0.0424004	127.201	-670.391	0.00108507	5	4	4	4	466.83	477.918	52.8935	7.2542	5.38195	1.57407	6.54908	41.8946	17.318	94.0992	1	1	1	1	1	0	0	0
11.08.2015 03:51:29.259000	0.04	0.0428577	0.0424004	127.199	-670.391	0.00108507	5	4	4	4	475.365	493.325	53.0587	7.60943	5.73717	1.60825	6.61281	41.7367	17.1043	94.3123	1	1	1	1	1	0	0	0
11.08.2015 03:51:29.359000	0.04	0.0428577	0.0424004	127.203	-670.391	0.00108507	5	4	4	4	480.993	509.68	53.2363	8.02966	6.15741	1.65727	6.56	41.4646	16.8752	94.1478	1	1	1	1	1	0	0	0
11.08.2015 03:51:29.459000	0.04	0.0428577	0.0424004	127.203	-670.387	0	5	4	4	4	518.685	526.98	53.4203	8.54019	6.66794	1.77653	6.54367	41.2076	16.616	94.156	1	1	1	1	1	0	0	0
11.08.2015 03:51:29.559000	0.04	0.0428577	0.0424004	127.203	-670.391	0.00144676	5	4	4	4	426.516	545.227	53.6183	9.1341	7.26185	1.89274	6.59839	40.883	16.3465	93.9454	1	1	1	1	1	0	0	0
11.08.2015 03:51:29.659000	0.04	0.0428577	0.0424004	127.203	-670.391	0.00108507	5	4	4	4	566.7	564.419	53.8307	9.97771	8.10546	2.03011	6.59526	40.5641	15.9987	94.056	1	1	1	1	1	0	0	0
11.08.2015 03:51:29.759000	0.04	0.0428577	0.0424004	127.203	-670.391	0.00180845	5	4	4	4	560.178	584.558	54.064	10.7382	8.86592	2.19942	6.6197	40.1657	15.6607	93.8248	1	1	1	1	1	0	0	0
11.08.2015 03:51:29.859000	0.04	0.0428577	0.0424004	127.203	-670.391	0.000542535	5	4	4	4	596.926	605.643	54.3092	11.4689	9.59663	2.38287	6.57559	39.8328	15.3183	93.861	1	1	1	1	1	0	0	0
11.08.2015 03:51:29.959000	0.04	0.0428577	0.0424004	127.203	-670.391	0.00108507	5	4	4	4	596.949	627.672	54.5678	12.1855	10.3133	2.53965	6.49351	39.4726	15.0258	93.6019	1	1	1	1	1	0	0	0
11.08.2015 03:51:30.059000	0.04	0.0428577	0.0424004	127.203	-670.391	0.000542535	5	4	4	4	636.711	650.65	54.8399	12.913	11.0408	2.64697	6.48975	39.2116	14.7494	93.661	1	1	1	1	1	0	0	0
11.08.2015 03:51:30.159000	0.04	0.0428577	0.0424004	127.203	-670.391	0.00108507	5	4	4	4	638.365	674.575	55.1254	13.6566	11.7843	2.79391	6.50085	38.9367	14.519	93.4904	1	1	1	1	1	0	0	0
11.08.2015 03:51:30.259000	0.04	0.0428577	0.0424004	127.203	-670.391	0.00108507	5	4	4	4	685.541	699.445	55.4264	14.4599	12.5876	2.98429	6.48804	38.6991	14.2971	93.4306	1	1	1	1	1	0	0	0
11.08.2015 03:51:30.359000	0.04	0.0428577	0.0424004	127.203	-670.385	0.00108507	5	4	4	4	663.281	725.263	55.7487	15.2837	13.4114	3.18021	6.4672	38.4738	14.0931	93.3485	1	1	1	1	1	0	0	0
11.08.2015 03:51:30.459000	0.04	0.0428577	0.0424004	127.203	-670.387	0	5	4	4	4	672.972	752.025	56.085	16.2351	14.3628	3.31523	6.51346	38.26	13.9245	93.1758	1	1	1	1	1	0	0	0
11.08.2015 03:51:30.559000	0.04	0.0428577	0.0424004	127.203	-670.391	0.00036169	5	4	4	4	747.929	779.733	56.4381	17.3249	15.4527	3.49844	6.53746	38.0694	13.7476	93.1235	1	1	1	1	1	0	0	0
11.08.2015 03:51:30.659000	0.04	0.0428577	0.0424004	127.203	-670.387	0.00108507	5	4	4	4	770.598	808.388	56.8177	18.3906	16.5184	3.72322	6.44332	37.9191	13.6163	93.0506	1	1	1	1	1	0	0	0
11.08.2015 03:51:30.759000	0.04	0.0428577	0.0424004	127.203	-670.391	0.00072338	5	4	4	4	767.079	837.988	57.2161	19.4925	17.6202	3.98589	6.41817	37.8278	13.5467	92.9676	1	1	1	1	1	0	0	0
11.08.2015 03:51:30.859000	0.04	0.0428577	0.0424004	127.203	-670.391	0.0016276	5	4	4	4	815.558	661.394	57.6314	20.6767	11.139	4.13964	6.40234	37.8273	13.5663	92.8907	1	1	1	1	1	0.4	0	0.4
11.08.2015 03:51:30.959000	0.04	0.0428577	0.0424004	127.203	-670.391	0.00072338	5	4	4	4	1492.12	360	59.5211	21.0357	0	49.0482	6.43705	77.6829	19.243	223.755	1	1	1	1	1	1	0.15	1
11.08.2015 03:51:31.059000	0.04	0.0428577	0.0424004	127.203	-670.391	0.00108507	5	4	4	4	1543.54	360	62.1943	21.0357	0	83.0415	5.51019	106.04	0.948698	402.373	1	1	1	1	1	1	1	1
11.08.2015 03:51:31.159000	0.04	0.0428577	0.0424004	127.229	-670.289	0.00108507	5	4	4	4	24.482	360	62.1774	21.0357	0	83.0415	3.37669	116.029	0.600726	441.952	1	1	1	1	1	1	1	1
11.08.2015 03:51:31.259000	0.04	0.0428577	0.0424004	127.207	-670.371	0.00217014	5	4	4	4	3.25418	360	62.1774	8.41427	0	83.0415	2.3409	129.45	0.533403	493.595	1	1	1	1	1	1	1	0.4
11.08.2015 03:51:31.359000	0.04	0.0428577	0.0424004	127.206	-670.38	0.00072338	5	4	4	4	1.02576	360	62.1774	0	0	83.0415	1.72794	130.938	0.506485	499.395	1	1	1	1	1	1	1	0
11.08.2015 03:51:31.459000	0.04	0.0428577	0.0424004	127.211	-670.375	0.000542535	5	4	4	4	0.766482	360	62.1774	0	0	83.0415	1.28981	131.697	0.521744	502.242	1	1	1	1	1	1	1	0
11.08.2015 03:51:31.559000	0.04	0.0428577	0.0424004	127.206	-670.378	0.00108507	5	4	4	4	0.650308	360	62.1774	0	0	83.0415	1.00944	131.33	0.503494	500.91	1	1	1	1	1	1	1	0
11.08.2015 03:51:31.659000	0.04	0.0428577	0.0424004	127.156	-670.391	0.00108507	5	4	4	4	0.303605	360	62.1774	0	0	83.0415	0.853602	131.364	0.505692	501.032	1	1	1	1	1	1	1	0
11.08.2015 03:51:31.759000	0.04	0.0428577	0.0424004	127.112	-670.393	0.00036169	5	4	4	4	0.293763	360	62.1774	0	0	83.0415	0.740762	131.258	0.497879	500.654	1	1	1	1	1	1	1	0
11.08.2015 03:51:31.859000	0.04	0.0428577	0.0424004	127.117	-670.398	0.0016276	5	4	4	4	0.30881	360	62.1774	0	0	83.0415	0.63083	131.203	0.496963	500.447	1	1	1	1	1	1	1	0
11.08.2015 03:51:31.959000	0.04	0.0428577	0.0424004	127.117	-670.383	0.00325521	5	4	4	4	0.270947	360	62.1774	0	0	73.0825	0.570247	131.211	0.504105	500.45	1	1	1	1	1	1	1	0
11.08.2015 03:51:32.059000	0.04	0.0428577	0.0424004	127.117	-670.391	0.00325521	5	4	4	4	0.266318	360	62.1774	0	0	0.0496967	0.524183	131.139	0.511246	500.147	1	1	1	1	1	1	1	0
11.08.2015 03:51:32.159000	0.04	0.0428577	0.0424004	127.117	-670.391	0.00289352	5	4	4	4	0.303842	360	62.1774	0	0	0.0496967	0.483406	131.091	0.50441	499.989	1	1	1	1	1	1	1	0
11.08.2015 03:51:32.259000	0.04	0.0428577	0.0424004	127.117	-670.391	0.00108507	5	4	4	4	0.260302	360	62.1774	0	0	0.0496967	0.446455	131.054	0.510575	499.823	1	1	1	1	1	1	1	0
11.08.2015 03:51:32.359000	0.04	0.0428577	0.0424004	127.122	-670.391	0.00108507	5	4	4	4	0.276128	360	62.1774	0	0	0.0496967	0.42262	131.019	0.510208	499.69	1	1	1	1	1	1	1	0
11.08.2015 03:51:32.459000	0.04	0.0428577	0.0424004	127.121	-670.391	0.000542535	5	4	4	4	0.300918	360	62.1774	0	0	0.0496967	0.40285	130.978	0.516251	499.512	1	1	1	1	1	1	1	0
11.08.2015 03:51:32.559000	0.04	0.0428577	0.0424004	127.125	-670.391	0.00036169	5	4	4	4	0.267659	360	62.1774	0	0	0.0496967	0.383955	130.939	0.511368	499.382	1	1	1	1	1	1	1	0
11.08.2015 03:51:32.659000	0.04	0.0428577	0.0424004	127.125	-670.391	0.00217014	5	4	4	4	0.269421	360	62.1774	0	0	0.0496967	0.366102	130.907	0.51442	499.245	1	1	1	1	1	1	1	0
11.08.2015 03:51:32.759000	0.04	0.0428577	0.0424004	127.125	-670.391	0.00325521	5	4	4	4	0.265953	360	62.1774	0	0	0.0496967	0.353132	130.865	0.513443	499.089	1	1	1	1	1	1	1	0
11.08.2015 03:51:32.859000	0.04	0.0428577	0.0424004	127.121	-670.391	0.00217014	5	4	4	4	0.257002	360	62.1774	0	0	0.0496967	0.343236	130.844	0.519486	498.988	1	1	1	1	1	1	1	0
11.08.2015 03:51:32.959000	0.04	0.0428577	0.0424004	127.125	-670.391	0.00253183	5	4	4	4	0.243422	360	62.1774	0	0	0.0437331	0.330758	130.8	0.517723	498.827	1	1	1	1	1	1	1	0
11.08.2015 03:51:33.059000	0.04	0.0428577	0.0424004	127.125	-670.391	0.00271267	5	4	4	4	0.251096	360	62.1774	0	0	0	0.322067	130.771	0.516029	498.73	1	1	1	1	1	1	1	0
11.08.2015 03:51:33.159000	0.04	0.0428577	0.0424004	127.125	-670.391	0.00289352	5	4	4	4	0.27785	360	62.1774	0	0	0	0.314786	130.739	0.516617	498.593	1	1	1	1	1	1	1	0
11.08.2015 03:51:33.259000	0.04	0.0428577	0.0424004	127.125	-670.391	0.00271267	5	4	4	4	0.247682	360	62.1774	0	0	0	0.311357	130.705	0.518937	498.457	1	1	1	1	1	1	1	0
11.08.2015 03:51:33.359000	0.04	0.0428577	0.0424004	127.125	-670.391	0.00253183	5	4	4	4	0.233837	360	62.1774	0	0	0	0.314525	130.675	0.521378	498.334	1	1	1	1	1	1	1	0
11.08.2015 03:51:33.459000	0.04	0.0428577	0.0424004	127.125	-670.305	0.00325521	5	4	4	4	0.26987	360	62.1774	0	0	0	0.316869	130.65	0.519547	498.244	1	1	1	1	1	1	1	0
11.08.2015 03:51:33.559000	0.04	0.0428577	0.0424004	127.125	-669.503	0.00434028	5	4	4	4	0.28599	360	62.1774	0	0	0	0.319589	130.621	0.516678	498.143	1	1	1	1	1	1	1	0
11.08.2015 03:51:33.659000	0.04	0.0428577	0.0424004	127.125	-665.012	0.00271267	5	4	4	4	0.271805	360	62.1774	0	0	0	0.322772	130.588	0.510514	498.041	1	1	1	1	1	1	1	0
11.08.2015 03:51:33.759000	0.04	0.0428577	0.0424004	127.125	-643.138	0.00289352	5	4	4	4	0.24902	360	62.1774	0	0	0	0.326302	130.576	0.518204	497.964	1	1	1	1	1	1	1	0
11.08.2015 03:51:33.859000	0.04	0.0428577	0.0424004	127.125	-612.289	0.00217014	5	4	4	4	0.26324	360	62.1774	0	0	0	0.327865	130.808	0.518387	498.852	1	1	1	1	1	1	1	0
11.08.2015 03:51:33.959000	0.04	0.0428577	0.0424004	127.125	-587.25	0.00144676	5	4	4	4	0.270682	360	62.1774	0	0	0	0.330179	130.504	0.519303	497.686	1	1	1	1	1	1	1	0
11.08.2015 03:51:34.059000	0.04	0.0428577	0.0424004	127.129	-557.641	0.00108507	5	4	4	4	0.251789	360	62.1774	0	0	0	0.331424	130.536	0.520402	497.802	1	1	1	1	1	1	1	0
11.08.2015 03:51:34.159000	0.04	0.0428577	0.0424004	127.133	-516.909	0.00036169	5	4	4	4	0.261788	360	62.1774	0	0	0	0.333275	130.351	0.518876	497.1	1	1	1	1	1	1	1	0
11.08.2015 03:51:34.259000	0.04	0.0428577	0.0424004	127.133	-466.523	0.00108507	5	4	4	4	0.253508	360	62.1774	0	0	0	0.333275	130.475	0.519364	497.572	1	1	1	1	1	1	1	0
11.08.2015 03:51:34.359000	0.04	0.0428577	0.0424004	127.13	-424.669	0.00036169	5	4	4	4	0.26417	360	62.1774	0	0	0	0.334259	130.405	0.520463	497.303	1	1	1	1	1	1	1	0
11.08.2015 03:51:34.459000	0.04	0.0428577	0.0424004	127.129	-382.664	0.00108507	5	4	4	4	0.27463	360	62.1774	0	0	0	0.334144	130.378	0.521195	497.194	1	1	1	1	1	1	1	0
11.08.2015 03:51:34.559000	0.04	0.0428577	0.0424004	127.125	-328.781	0.00325521	5	4	4	4	0.261882	360	62.1774	0	0	0	0.333449	130.317	0.522233	496.956	1	1	1	1	1	1	1	0
11.08.2015 03:51:34.659000	0.04	0.0428577	0.0424004	127.129	-280.656	0.00271267	5	4	4	4	0.278837	360	62.1774	0	0	0	0.332755	130.282	0.520768	496.828	1	1	1	1	1	1	1	0
11.08.2015 03:51:34.759000	0.04	0.0428577	0.0424004	127.125	-238.76	0.00325521	5	4	4	4	0.260676	360	62.1774	0	0	0	0.332002	130.264	0.521744	496.759	1	1	1	1	1	1	1	0
11.08.2015 03:51:34.859000	0.04	0.0428577	0.0424004	127.125	-196.863	0.00325521	5	4	4	4	0.264814	360	62.1774	0	0	0	0.331134	130.239	0.521622	496.66	1	1	1	1	1	1	1	0
11.08.2015 03:51:34.959000	0.04	0.0428577	0.0424004	127.125	-138.521	0.00253183	5	4	4	4	0.266496	360	62.1774	0	0	0	0.328588	130.214	0.522111	496.565	1	1	1	1	1	1	1	0
11.08.2015 03:51:35.059000	0.04	0.0428577	0.0424004	127.125	-96.8828	0.00217014	5	4	4	4	0.27985	360	62.1774	0	0	0	0.327315	130.193	0.521622	496.486	1	1	1	1	1	1	1	0
11.08.2015 03:51:35.159000	0.04	0.0428577	0.0424004	127.125	-55.4922	0.00289352	5	4	4	4	0.272484	360	62.1774	0	0	0	0.324884	130.159	0.523515	496.348	1	1	1	1	1	1	1	0
11.08.2015 03:51:35.259000	0.04	0.0428577	0.0424004	127.125	-5.60156	0.00705295	5	4	4	4	0.279919	360	62.1774	0	0	0	0.323437	130.144	0.520646	496.302	1	1	1	1	1	1	1	0
11.08.2015 03:51:35.359000	0.04	0.0428577	0.0424004	127.133	43.7813	0.00253183	5	4	4	4	0.264444	360	62.1774	0	0	0	0.32066	130.102	0.521744	496.138	1	1	1	1	1	1	1	0
11.08.2015 03:51:35.459000	0.04	0.0428577	0.0424004	127.133	84.8086	0.00325521	5	4	4	4	0.278279	360	62.1774	0	0	0	0.319531	130.079	0.523576	496.041	1	1	1	1	1	1	1	0
11.08.2015 03:51:35.559000	0.04	0.0428577	0.0424004	127.133	126.336	0.00289352	5	4	4	4	0.287835	360	62.1774	0	0	0	0.316522	130.042	0.522782	495.904	1	1	1	1	1	1	1	0
11.08.2015 03:51:35.659000	0.04	0.0428577	0.0424004	127.133	175.594	0.00325521	5	4	4	4	0.263302	360	62.1774	0	0	0	0.314525	130.047	0.524796	495.914	1	1	1	1	1	1	1	0
11.08.2015 03:51:35.759000	0.04	0.0428577	0.0424004	127.133	224.406	0.00397859	5	4	4	4	0.269852	360	62.1774	0	0	0	0.311979	129.999	0.52443	495.73	1	1	1	1	1	1	1	0
11.08.2015 03:51:35.859000	0.04	0.0428577	0.0424004	127.133	264.965	0.00434028	5	4	4	4	0.279398	360	62.1774	0	0	0	0.309722	129.977	0.522721	495.655	1	1	1	1	1	1	1	0
11.08.2015 03:51:35.959000	0.04	0.0428577	0.0424004	127.133	305.607	0.00506366	5	4	4	4	0.272999	360	62.1774	0	0	0	0.306481	129.955	0.524979	495.56	1	1	1	1	1	1	1	0
11.08.2015 03:51:36.059000	0.04	0.0428577	0.0424004	127.133	362.711	0.00488281	5	4	4	4	0.272316	360	62.1774	0	0	0	0.303819	129.945	0.524552	495.526	1	1	1	1	1	1	1	0
11.08.2015 03:51:36.159000	0.04	0.0428577	0.0424004	127.133	403.156	0.00253183	5	4	4	4	0.272866	360	62.1774	0	0	0	0.302431	129.904	0.522965	495.372	1	1	1	1	1	1	1	0
11.08.2015 03:51:36.259000	0.04	0.0428577	0.0424004	127.133	443.703	0.00271267	5	4	4	4	0.258213	360	62.1774	0	0	0	0.299566	129.854	0.524918	495.173	1	1	1	1	1	1	1	0
11.08.2015 03:51:36.359000	0.04	0.0428577	0.0424004	127.135	489.589	0.00253183	5	4	4	4	0.26437	360	62.1774	0	0	0	0.297772	129.889	0.525346	495.307	1	1	1	1	1	1	1	0
11.08.2015 03:51:36.459000	0.04	0.0428577	0.0424004	127.137	541.211	0.00379774	5	4	4	4	0.261184	360	62.1774	0	0	0	0.294878	129.845	0.525163	495.14	1	1	1	1	1	1	1	0
11.08.2015 03:51:36.559000	0.04	0.0428577	0.0424004	127.148	578.26	0.00289352	5	4	4	4	0.261086	360	62.1774	0	0	0	0.293432	129.846	0.526078	495.139	1	1	1	1	1	1	1	0
11.08.2015 03:51:36.659000	0.04	0.0428577	0.0424004	127.16	608.59	0.0016276	5	4	4	4	0.277142	360	62.1774	0	0	0	0.290914	129.837	0.52797	495.098	1	1	1	1	1	1	1	0
11.08.2015 03:51:36.759000	0.04	0.0428577	0.0424004	127.167	639.221	0.00217014	5	4	4	4	0.249172	360	62.1774	0	0	0	0.288773	129.745	0.531144	494.734	1	1	1	1	1	1	1	0
11.08.2015 03:51:36.859000	0.04	0.0428577	0.0424004	127.172	660.078	0.000542535	5	4	4	4	0.269339	360	62.1774	0	0	0	0.287182	129.789	0.533036	494.896	1	1	1	1	1	1	1	0
11.08.2015 03:51:36.959000	0.04	0.0428577	0.0424004	127.18	669.992	0.00072338	5	4	4	4	0.265097	360	62.1774	0	0	0	0.285677	129.723	0.535051	494.634	1	1	1	1	1	1	1	0
11.08.2015 03:51:37.059000	0.04	0.0428577	0.0424004	127.188	673.262	0.0016276	5	4	4	4	0.253613	360	62.1774	0	0	0	0.284491	129.696	0.535722	494.527	1	1	1	1	1	1	1	0
11.08.2015 03:51:37.159000	0.04	0.0428577	0.0424004	127.195	675.023	0.00289352	5	4	4	4	0.258175	360	62.1774	0	0	0	0.282292	129.681	0.532731	494.482	1	1	1	1	1	1	1	0
11.08.2015 03:51:37.259000	0.04	0.0428577	0.0424004	127.195	675.047	0.00379774	5	4	4	4	0.24511	360	62.1774	0	0	0	0.282263	129.664	0.534318	494.414	1	1	1	1	1	1	1	0
11.08.2015 03:51:37.359000	0.04	0.0428577	0.0424004	127.195	675.029	0.00289352	5	4	4	4	0.246553	360	62.1774	0	0	0	0.280064	129.626	0.533403	494.268	1	1	1	1	1	1	1	0
11.08.2015 03:51:37.459000	0.04	0.0428577	0.0424004	127.195	675.016	0.00488281	5	4	4	4	0.234501	360	62.1774	0	0	0	0.279022	129.559	0.529984	494.026	1	1	1	1	1	1	1	0
11.08.2015 03:51:37.559000	0.04	0.0428577	0.0424004	127.148	675.031	0.00470197	5	4	4	4	0.260412	360	62.1774	0	0	0	0.276765	129.35	0.5309	493.224	1	1	1	1	1	1	1	0
11.08.2015 03:51:37.659000	0.04	0.0428577	0.0424004	127.129	675.066	0.00488281	5	4	4	4	0.273169	360	62.1774	0	0	0	0.27717	129.582	0.530717	494.113	1	1	1	1	1	1	1	0
11.08.2015 03:51:37.759000	0.04	0.0428577	0.0424004	127.198	675.073	0.00325521	5	4	4	4	0.274324	360	62.1774	0	0	0	0.275608	129.56	0.532487	494.019	1	1	1	1	1	1	1	0
11.08.2015 03:51:37.859000	0.04	0.0428577	0.0424004	127.152	675.07	0.0016276	5	4	4	4	0.25865	360	62.1774	0	0	0	0.274682	129.545	0.526749	493.987	1	1	1	1	1	1	1	0
11.08.2015 03:51:37.959000	0.04	0.0428577	0.0424004	127.164	675.057	0.00253183	5	4	4	4	0.268708	360	62.1774	0	0	0	0.273409	129.515	0.530412	493.856	1	1	1	1	1	1	1	0
11.08.2015 03:51:38.059000	0.04	0.0428577	0.0424004	127.164	674.996	0.00271267	5	4	4	4	0.252327	360	62.1774	0	0	0	0.272801	129.507	0.529191	493.831	1	1	1	1	1	1	1	0
11.08.2015 03:51:38.159000	0.04	0.0428577	0.0424004	127.161	675.042	0.00325521	5	4	4	4	0.266509	360	62.1774	0	0	0	0.272569	129.464	0.528153	493.671	1	1	1	1	1	1	1	0
11.08.2015 03:51:38.259000	0.04	0.0428577	0.0424004	127.16	675.02	0.00271267	5	4	4	4	0.286156	360	62.1774	0	0	0	0.270573	129.461	0.526994	493.661	1	1	1	1	1	1	1	0
11.08.2015 03:51:38.359000	0.04	0.0428577	0.0424004	127.164	675.016	0.00289352	5	4	4	4	0.263602	360	62.1774	0	0	0	0.270862	129.438	0.533158	493.553	1	1	1	1	1	1	1	0
11.08.2015 03:51:38.459000	0.04	0.0428577	0.0424004	127.195	675.051	0.00325521	5	4	4	4	0.282308	360	62.1774	0	0	0	0.269271	129.416	0.527543	493.49	1	1	1	1	1	1	1	0
11.08.2015 03:51:38.559000	0.04	0.0428577	0.0424004	127.094	675.128	0.00325521	5	4	4	4	0.258164	360	62.1774	0	0	0	0.269155	129.384	0.527665	493.365	1	1	1	1	1	1	1	0
11.08.2015 03:51:38.659000	0.04	0.0428577	0.0424004	127.152	675.074	0.00271267	5	4	4	4	0.255128	360	62.1774	0	0	0	0.267216	129.378	0.528336	493.338	1	1	1	1	1	1	1	0
11.08.2015 03:51:38.759000	0.04	0.0428577	0.0424004	127.138	675.091	0.00325521	5	4	4	4	0.266899	360	62.1774	0	0	0	0.268142	129.353	0.526139	493.252	1	1	1	1	1	1	1	0
11.08.2015 03:51:38.859000	0.04	0.0428577	0.0424004	127.117	675.156	0.00271267	5	4	4	4	0.270266	360	62.1774	0	0	0	0.266782	129.348	0.531266	493.214	1	1	1	1	1	1	1	0
11.08.2015 03:51:38.959000	0.04	0.0428577	0.0424004	127.115	675.112	0.00253183	5	4	4	4	0.29726	360	62.1774	0	0	0	0.266435	129.312	0.531266	493.074	1	1	1	1	1	1	1	0
11.08.2015 03:51:39.059000	0.04	0.0428577	0.0424004	127.117	675.098	0.00217014	5	4	4	4	0.271798	360	62.1774	0	0	0	0.265307	129.295	0.532914	493.005	1	1	1	1	1	1	1	0
11.08.2015 03:51:39.159000	0.04	0.0428577	0.0424004	127.12	675.096	0.00253183	5	4	4	4	0.256041	360	62.1774	0	0	0	0.265191	129.309	0.532121	493.06	1	1	1	1	1	1	1	0
11.08.2015 03:51:39.259000	0.04	0.0428577	0.0424004	127.109	675.063	0.00108507	5	4	4	4	0.271672	360	62.1774	0	0	0	0.264641	129.257	0.534928	492.852	1	1	1	1	1	1	1	0
11.08.2015 03:51:39.359000	0.04	0.0428577	0.0424004	127.109	675.063	0.00072338	5	4	4	4	0.245528	360	62.1774	0	0	0	0.263484	129.22	0.533341	492.716	1	1	1	1	1	1	1	0
11.08.2015 03:51:39.459000	0.04	0.0428577	0.0424004	127.109	675.051	0.00108507	5	4	4	4	0.264349	360	62.1774	0	0	0	0.262963	129.238	0.53328	492.785	1	1	1	1	1	1	1	0
11.08.2015 03:51:39.559000	0.04	0.0428577	0.0424004	127.112	675.047	0.00036169	5	4	4	4	0.255337	360	62.1774	0	0	0	0.262037	129.192	0.53267	492.61	1	1	1	1	1	1	1	0
11.08.2015 03:51:39.659000	0.04	0.0428577	0.0424004	127.113	675.047	0.00108507	5	4	4	4	0.270633	360	62.1774	0	0	0	0.262297	129.166	0.531632	492.516	1	1	1	1	1	1	1	0
11.08.2015 03:51:39.759000	0.04	0.0428577	0.0424004	127.112	675.026	0.00072338	5	4	4	4	0.260282	360	62.1774	0	0	0	0.260098	129.151	0.53328	492.453	1	1	1	1	1	1	1	0
11.08.2015 03:51:39.859000	0.04	0.0428577	0.0424004	127.109	675.023	0	5	4	4	4	0.265291	360	62.1774	0	0	0	0.261516	129.15	0.535905	492.437	1	1	1	1	1	1	1	0
11.08.2015 03:51:39.959000	0.04	0.0428577	0.0424004	127.112	675.026	0.00108507	5	4	4	4	0.271004	360	62.1774	0	0	0	0.259606	129.132	0.53444	492.376	1	1	1	1	1	1	1	0
11.08.2015 03:51:40.059000	0.04	0.0428577	0.0424004	127.109	675.023	0	5	4	4	4	0.244208	360	62.1774	0	0	0	0.259722	129.104	0.535417	492.263	1	1	1	1	1	1	1	0
11.08.2015 03:51:40.159000	0.04	0.0428577	0.0424004	127.115	675.013	0.00108507	5	4	4	4	0.26222	360	62.1774	0	0	0	0.257755	129.098	0.536637	492.235	1	1	1	1	1	1	1	0
11.08.2015 03:51:40.259000	0.04	0.0428577	0.0424004	127.117	675.035	0.000542535	5	4	4	4	0.259068	360	62.1774	0	0	0	0.257986	129.031	0.536027	491.981	1	1	1	1	1	1	1	0
11.08.2015 03:51:40.359000	0.04	0.0428577	0.0424004	127.117	675.013	0.00036169	5	4	4	4	0.279382	360	62.1774	0	0	0	0.256829	129.046	0.532548	492.051	1	1	1	1	1	1	1	0
11.08.2015 03:51:40.459000	0.04	0.0428577	0.0424004	127.117	675	0	5	4	4	4	0.261233	360	62.1774	0	0	0	0.256019	129.037	0.534623	492.008	1	1	1	1	1	1	1	0
11.08.2015 03:51:40.559000	0.04	0.0428577	0.0424004	127.117	675	0.00108507	5	4	4	4	0.27764	360	62.1774	0	0	0	0.255903	128.999	0.537492	491.852	1	1	1	1	1	1	1	0
11.08.2015 03:51:40.659000	0.04	0.0428577	0.0424004	127.117	675	0.000542535	5	4	4	4	0.269736	360	62.1774	0	0	0	0.255093	128.99	0.536454	491.821	1	1	1	1	1	1	1	0
11.08.2015 03:51:40.759000	0.04	0.0428577	0.0424004	127.117	675	0.00072338	5	4	4	4	0.271282	360	62.1774	0	0	0	0.25544	128.955	0.53444	491.695	1	1	1	1	1	1	1	0
11.08.2015 03:51:40.859000	0.04	0.0428577	0.0424004	127.113	675	0	5	4	4	4	0.252333	360	62.1774	0	0	0	0.253733	128.957	0.536271	491.699	1	1	1	1	1	1	1	0
11.08.2015 03:51:40.959000	0.04	0.0428577	0.0424004	127.117	674.992	0.00072338	5	4	4	4	0.290787	360	62.1774	0	0	0	0.254427	128.933	0.536271	491.606	1	1	1	1	1	1	1	0
11.08.2015 03:51:41.059000	0.04	0.0428577	0.0424004	127.117	674.992	0.000542535	5	4	4	4	0.270246	360	62.1774	0	0	0	0.252807	128.837	0.535722	491.241	1	1	1	1	1	1	1	0
11.08.2015 03:51:41.159000	0.04	0.0428577	0.0424004	127.117	674.987	0.00036169	5	4	4	4	0.265113	360	62.1774	0	0	0	0.252922	129.274	0.532243	492.926	1	1	1	1	1	1	1	0
11.08.2015 03:51:41.259000	0.04	0.0428577	0.0424004	127.117	674.984	0.00108507	5	4	4	4	0.256162	360	62.1774	0	0	0	0.250868	128.858	0.534257	491.325	1	1	1	1	1	1	1	0
11.08.2015 03:51:41.359000	0.04	0.0428577	0.0424004	127.117	674.984	0.00180845	5	4	4	4	0.270689	360	62.1774	0	0	0	0.251273	128.889	0.536515	491.436	1	1	1	1	1	1	1	0
11.08.2015 03:51:41.459000	0.04	0.0428577	0.0424004	127.117	674.984	0.00217014	5	4	4	4	0.276568	360	62.1774	0	0	0	0.249421	128.805	0.538102	491.107	1	1	1	1	1	1	1	0
11.08.2015 03:51:41.559000	0.04	0.0428577	0.0424004	127.117	674.984	0.0036169	5	4	4	4	0.26206	360	62.1774	0	0	0	0.248553	128.806	0.539018	491.107	1	1	1	1	1	1	1	0
11.08.2015 03:51:41.659000	0.04	0.0428577	0.0424004	127.117	674.984	0.00325521	5	4	4	4	0.245996	360	62.1774	0	0	0	0.247512	128.823	0.541398	491.163	1	1	1	1	1	1	1	0
11.08.2015 03:51:41.759000	0.04	0.0428577	0.0424004	127.117	674.971	0.00036169	5	4	4	4	0.278595	360	62.1774	0	0	0	0.246817	128.794	0.540483	491.057	1	1	1	1	1	1	1	0
11.08.2015 03:51:41.859000	0.04	0.0428577	0.0424004	127.117	674.977	0.00108507	5	4	4	4	0.274525	360	62.1774	0	0	0	0.247135	128.74	0.543168	490.841	1	1	1	1	1	1	1	0
11.08.2015 03:51:41.959000	0.04	0.0428577	0.0424004	127.117	674.961	0.00036169	5	4	4	4	0.266629	360	62.1774	0	0	0	0.244589	128.776	0.541765	490.984	1	1	1	1	1	1	1	0
11.08.2015 03:51:42.059000	0.04	0.0428577	0.0424004	127.117	674.961	0.000542535	5	4	4	4	0.265058	360	62.1774	0	0	0	0.245689	128.798	0.541093	491.069	1	1	1	1	1	1	1	0
11.08.2015 03:51:42.159000	0.04	0.0428577	0.0424004	127.117	674.961	0.00036169	5	4	4	4	0.262349	360	62.1774	0	0	0	0.244112	128.72	0.538347	490.784	1	1	1	1	1	1	1	0
11.08.2015 03:51:42.259000	0.04	0.0428577	0.0424004	127.113	674.992	0.00108507	5	4	4	4	0.247973	360	62.1774	0	0	0	0.244531	128.455	0.538591	489.767	1	1	1	1	1	1	1	0
11.08.2015 03:51:42.359000	0.04	0.0428577	0.0424004	127.115	674.99	0.00072338	5	4	4	4	0.253368	360	62.1774	0	0	0	0.242564	128.65	0.539689	490.51	1	1	1	1	1	1	1	0
11.08.2015 03:51:42.459000	0.04	0.0428577	0.0424004	127.113	674.984	0.000542535	5	4	4	4	0.259114	360	62.1774	0	0	0	0.24375	128.632	0.538835	490.444	1	1	1	1	1	1	1	0
11.08.2015 03:51:42.559000	0.04	0.0428577	0.0424004	127.115	674.992	0.00036169	5	4	4	4	0.278713	360	62.1774	0	0	0	0.242361	128.36	0.536821	489.408	1	1	1	1	1	1	1	0
11.08.2015 03:51:42.659000	0.04	0.0428577	0.0424004	127.117	675	0.000542535	5	4	4	4	0.255608	360	62.1774	0	0	0	0.242216	128.589	0.539445	490.275	1	1	1	1	1	1	1	0
11.08.2015 03:51:42.759000	0.04	0.0428577	0.0424004	127.115	675	0.00072338	5	4	4	4	0.257475	360	62.1774	0	0	0	0.241869	128.576	0.540056	490.225	1	1	1	1	1	1	1	0
11.08.2015 03:51:42.859000	0.04	0.0428577	0.0424004	127.113	675.008	-0.000542535	5	4	4	4	0.265147	360	62.1774	0	0	0	0.241638	128.812	0.540727	491.123	1	1	1	1	1	1	1	0
11.08.2015 03:51:42.959000	0.04	0.0428577	0.0424004	127.115	675	0.00072338	5	4	4	4	0.254381	360	62.1774	0	0	0	0.241927	128.543	0.542497	490.087	1	1	1	1	1	1	1	0
11.08.2015 03:51:43.059000	0.04	0.0428577	0.0424004	127.117	675	0.00108507	5	4	4	4	0.269211	360	62.1774	0	0	0	0.240712	128.528	0.540788	490.036	1	1	1	1	1	1	1	0
11.08.2015 03:51:43.159000	0.04	0.0428577	0.0424004	127.117	675	0.00036169	5	4	4	4	0.256488	360	62.1774	0	0	0	0.241927	128.466	0.537858	489.812	1	1	1	1	1	1	1	0
11.08.2015 03:51:43.259000	0.04	0.0428577	0.0424004	127.117	675	0.00108507	5	4	4	4	0.254144	360	62.1774	0	0	0	0.241088	128.492	0.539079	489.908	1	1	1	1	1	1	1	0
11.08.2015 03:51:43.359000	0.04	0.0428577	0.0424004	127.117	675.016	0.00108507	5	4	4	4	0.257664	360	62.1774	0	0	0	0.241898	129.079	0.53975	492.152	1	1	1	1	1	1	1	0
11.08.2015 03:51:43.459000	0.04	0.0428577	0.0424004	127.117	675.023	-0.00108507	5	4	4	4	0.272484	360	62.1774	0	0	0	0.239786	128.451	0.540239	489.744	1	1	1	1	1	1	1	0
11.08.2015 03:51:43.559000	0.04	0.0428577	0.0424004	127.117	675.029	0.00036169	5	4	4	4	0.282552	360	62.1774	0	0	0	0.241696	128.469	0.539323	490.379	1	1	1	1	1	1	1	0
11.08.2015 03:51:43.659000	0.04	0.0428577	0.0424004	127.117	675.027	0.000542535	5	4	4	4	0.27508	360	62.1774	0	0	0	0.240162	128.411	0.5403	489.593	1	1	1	1	1	1	1	0
11.08.2015 03:51:43.759000	0.04	0.0428577	0.0424004	127.117	675.036	0.00072338	5	4	4	4	0.265804	360	62.1774	0	0	0	0.240893	128.404	0.539567	489.56	1	1	1	1	1	1	1	0
11.08.2015 03:51:43.859000	0.04	0.0428577	0.0424004	127.109	675.051	0	5	4	4	4	0.284958	360	62.1774	0	0	0	0.239627	128.39	0.538896	489.519	1	1	1	1	1	1	1	0
11.08.2015 03:51:43.959000	0.04	0.0428577	0.0424004	127.115	675.063	0.00108507	5	4	4	4	0.259148	360	62.1774	0	0	0	0.240936	128.368	0.538896	489.43	1	1	1	1	1	1	1	0
11.08.2015 03:51:44.059000	0.04	0.0428577	0.0424004	127.098	675.016	0.00108507	5	4	4	4	0.292599	360	62.1774	0	0	0	0.240639	128.351	0.53757	489.373	1	1	1	1	1	1	1	0
11.08.2015 03:51:44.159000	0.04	0.0428577	0.0424004	127.063	675.094	0.00108507	5	4	4	4	0.281095	360	62.1774	0	0	0	0.239258	128.729	0.53621	490.824	1	1	1	1	1	1	1	0
11.08.2015 03:51:44.259000	0.04	0.0428577	0.0424004	127.063	675.055	0	5	4	4	4	0.271708	360	62.1774	0	0	0	0.238947	128.328	0.539506	489.278	1	1	1	1	1	1	1	0
11.08.2015 03:51:44.359000	0.04	0.0428577	0.0424004	127.065	675.073	0.00072338	5	4	4	4	0.273733	360	62.1774	0	0	0	0.239113	128.308	0.539079	489.203	1	1	1	1	1	1	1	0
11.08.2015 03:51:44.459000	0.04	0.0428577	0.0424004	127.066	675.063	0.00108507	5	4	4	4	0.246791	360	62.1774	0	0	0	0.239677	128.293	0.54152	489.135	1	1	1	1	1	1	1	0
11.08.2015 03:51:44.559000	0.04	0.0428577	0.0424004	127.065	675.063	0.00072338	5	4	4	4	0.250856	360	62.1774	0	0	0	0.236646	128.238	0.540239	488.931	1	1	1	1	1	1	1	0
11.08.2015 03:51:44.659000	0.04	0.0428577	0.0424004	127.066	675.082	0.00271267	5	4	4	4	0.254268	360	62.1774	0	0	0	0.237413	128.312	0.533708	489.238	1	1	1	1	1	1	1	0
11.08.2015 03:51:44.759000	0.04	0.0428577	0.0424004	127.063	675.148	0.00253183	5	4	4	4	0.250384	360	62.1774	0	0	0	0.235221	128.242	0.541765	488.939	1	1	1	1	1	1	1	0
11.08.2015 03:51:44.859000	0.04	0.0428577	0.0424004	127.059	675.113	0.000542535	5	4	4	4	0.259185	360	62.1774	0	0	0	0.236451	127.826	0.542192	487.345	1	1	1	1	1	1	1	0
11.08.2015 03:51:44.959000	0.04	0.0428577	0.0424004	127.065	675.104	0.00253183	5	4	4	4	0.322317	360	62.1774	0	0	0	0.234563	128.321	0.543901	489.232	1	1	1	1	1	1	1	0
11.08.2015 03:51:45.059000	0.04	0.0428577	0.0424004	127.066	675.105	0.00217014	5	4	4	4	0.258625	360	62.1774	0	0	0	0.236502	128.208	0.545	488.795	1	1	1	1	1	1	1	0
11.08.2015 03:51:45.159000	0.04	0.0428577	0.0424004	127.068	675.122	0.00325521	5	4	4	4	0.270416	360	62.1774	0	0	0	0.235909	128.185	0.544755	488.711	1	1	1	1	1	1	1	0
11.08.2015 03:51:45.259000	0.04	0.0428577	0.0424004	127.066	675.102	0.00271267	5	4	4	4	0.266233	360	62.1774	0	0	0	0.235062	128.17	0.542375	488.662	1	1	1	1	1	1	1	0
11.08.2015 03:51:45.359000	0.04	0.0428577	0.0424004	127.078	675.102	0.00289352	5	4	4	4	0.283722	360	62.1774	0	0	0	0.235713	128.169	0.541337	488.663	1	1	1	1	1	1	1	0
11.08.2015 03:51:45.459000	0.04	0.0428577	0.0424004	127.086	675.113	0.00271267	5	4	4	4	0.243701	360	62.1774	0	0	0	0.23525	128.126	0.542924	488.49	1	1	1	1	1	1	1	0
11.08.2015 03:51:45.559000	0.04	0.0428577	0.0424004	127.091	675.102	0.00289352	5	4	4	4	0.245358	360	62.1774	0	0	0	0.235916	128.109	0.544145	488.419	1	1	1	1	1	1	1	0
11.08.2015 03:51:45.659000	0.04	0.0428577	0.0424004	127.094	675.102	0.00271267	5	4	4	4	0.256892	360	62.1774	0	0	0	0.233608	128.229	0.543962	488.881	1	1	1	1	1	1	1	0
11.08.2015 03:51:45.759000	0.04	0.0428577	0.0424004	127.094	675.102	0.00108507	5	4	4	4	0.248409	360	62.1774	0	0	0	0.235192	128.086	0.544939	488.33	1	1	1	1	1	1	1	0
11.08.2015 03:51:45.859000	0.04	0.0428577	0.0424004	127.094	675.102	0.00271267	5	4	4	4	0.255015	360	62.1774	0	0	0	0.233456	128.073	0.545183	488.278	1	1	1	1	1	1	1	0
11.08.2015 03:51:45.959000	0.04	0.0428577	0.0424004	127.094	675.102	0.00253183	5	4	4	4	0.23709	360	62.1774	0	0	0	0.235106	128.057	0.546464	488.211	1	1	1	1	1	1	1	0
11.08.2015 03:51:46.059000	0.04	0.0428577	0.0424004	127.094	675.102	0.00325521	5	4	4	4	0.268357	360	62.1774	0	0	0	0.234035	128.125	0.54738	488.471	1	1	1	1	1	1	1	0
11.08.2015 03:51:46.159000	0.04	0.0428577	0.0424004	127.096	675.102	0.00325521	5	4	4	4	0.279759	360	62.1774	0	0	0	0.236596	128.06	0.543168	488.236	1	1	1	1	1	1	1	0
11.08.2015 03:51:46.259000	0.04	0.0428577	0.0424004	127.094	675.094	0.00325521	5	4	4	4	0.270896	360	62.1774	0	0	0	0.235225	128.299	0.543535	489.15	1	1	1	1	1	1	1	0
