Time	[76:0]	[76:1]	[76:2]	[76:4]	[76:8]	[76:70]	[76:71]	[78:0]	[78:1]	[78:2]	[79:2]	[79:3]	[79:4]	[79:8]	[79:9]	[79:10]	[79:11]	[79:12]	[79:13]	[79:14]	[79.0]	[79.1]	[79.2]	[79.3]	[79.4]	[79.5]	[79.6]	[79.8]
time	Hoogteverstelling - Referentie positie (mm)	Hoogteverstelling - AZ gemeten positie (mm)	Hoogteverstelling - BZ gemeten positie (mm)	Transfert Ingang - Gemeten positie (mm)	Transfert Uitgang - Gemeten positie (mm)	Aardgas - actueel debiet	Stappenschakelaar - gemeten pos	Laspos Ing - positie discreet	Laspos Uitg - positie discreet	Schaafverstelling - positie discreet	Stuikraam - Totale Stroommeting RMS-waarde (A)	Stuikraam - Stroomreferentie (A)	Stuikraam - Positie AZ (mm, pulsgever)	Stuikraam - Referentie Servo-ventiel (%)	Stuikraam - Trim door I-regelaar (%)	Stuikraam - Gemeten snelheid (mm/s, pulsgever)	Secundaire lasspanning	Stuikraam - Druk stuikcilinder voorkamer (=laszijde)  (bar)	Stuikraam - Druk stuikcilinder terugloopkamer  (bar)	Stuikraam - Netto voorwaartse kracht op stuikraam (kN)	Stuikraam - P1	Stuikraam - P2	Stuikraam - P3	Stuikraam - P4	Stuikraam - P5	Stuikraam - P6	Stuikraam - P7	Stuikraam - Openen stuikventielen	

Lasparameter.Ingang - Coil ID	0320817S
Lasparameter.Ingang - Dikte (um)	4380
Lasparameter.Ingang - Breedte (mm)	1373
Lasparameter.Ingang - Materiaal	0001
Lasparameter.Uitgang - Coil ID	0314264S
Lasparameter.Uitgang - Dikte (um)	4470
Lasparameter.Uitgang - Breedte (mm)	1388
Lasparameter.Uitgang - Materiaal	0001
Lasparameter.P2 (mm)	24.0
Lasparameter.P3 (mm)	34.0
Lasparameter.P4 (mm)	42.2
Lasparameter.P5 (mm)	50.9
Lasparameter.P6 (mm)	57.6
Lasparameter.P7 (mm)	62.2
Lasparameter.Vonksnelheid (mm/s)	1.20
Lasparameter.Lassnelheid (mm/s)	0.48
Lasparameter.Stroom Referentie (A)	0389
Lasparameter.Stroomtoename (µA/s2)	42.9
Lasparameter.Stuikstroomtijd (per)	0009
Lasparameter.Afkoeltijd Stuik (per)	0010
Lasparameter.Stuikdruk (bar)	0108
Lasparameter.Stuiksnelheid (%)	90.0

08.08.2015 16:13:18.863000	0.0449998	0.0557229	0.0550994	-0.046875	-671.117	-0.00108507	5	4	4	4	0.382003	389	0	0	0	0	0.312934	3.39177	128.573	-479.293	1	0	0	0	0	0	0	0
08.08.2015 16:13:18.963000	0.0449998	0.0557229	0.0550994	-0.046875	-671.113	-0.0016276	5	4	4	4	0.378412	389	0	0	0	0	0.312283	4.79342	128.611	-474.073	1	0	0	0	0	0	0	0
08.08.2015 16:13:19.063000	0.0449998	0.0557229	0.0550994	-0.0416667	-671.115	-0.00144676	5	4	4	4	0.409348	389	0	0	0	0	0.312789	4.96463	128.604	-473.391	1	0	0	0	0	0	0	0
08.08.2015 16:13:19.163000	0.0449998	0.0557229	0.0550994	-0.0390625	-671.109	0.00271267	5	4	4	4	0.390075	389	0	0	0	0	0.312211	3.9718	128.565	-477.044	1	0	0	0	0	0	0	0
08.08.2015 16:13:19.263000	0.0449998	0.0557229	0.0550994	-0.00520833	-671.115	-0.00072338	5	4	4	4	0.414591	389	0	0	0	0	0.310909	4.20911	128.552	-476.084	1	0	0	0	0	0	0	0
08.08.2015 16:13:19.363000	0.0449998	0.0557229	0.0550994	0.0195313	-671.109	0	5	4	4	4	0.385988	389	0	0	0	0	0.307653	6.53481	128.621	-467.443	1	0	0	0	0	0	0	0
08.08.2015 16:13:19.463000	0.0449998	0.0557229	0.0550994	0.0182292	-671.109	0.00108507	5	4	4	4	0.39712	389	0	0	0	0	0.305845	4.49648	128.567	-475.042	1	0	0	0	0	0	0	0
08.08.2015 16:13:19.563000	0.0449998	0.0557229	0.0550994	0.0234375	-671.105	0.000542535	5	4	4	4	0.395624	389	0	0	0	0	0.302879	2.97653	128.502	-480.611	1	0	0	0	0	0	0	0
08.08.2015 16:13:19.663000	0.0449998	0.0557229	0.0550994	0.0234375	-671.107	0.00072338	5	4	4	4	0.370609	389	0	0	0	0	0.299986	3.96271	128.508	-476.858	1	0	0	0	0	0	0	0
08.08.2015 16:13:19.763000	0.0449998	0.0557229	0.0550994	0.0234375	-671.109	-0.00217014	5	4	4	4	0.412592	389	0	0	0	0	0.298756	5.10801	128.522	-472.527	1	0	0	0	0	0	0	0
08.08.2015 16:13:19.863000	0.0449998	0.0557229	0.0550994	0.0208333	-671.109	0.00072338	5	4	4	4	0.403819	389	0	0	0	0	0.296441	6.12946	128.555	-468.742	1	0	0	0	0	0	0	0
08.08.2015 16:13:19.963000	0.0449998	0.0557229	0.0550994	0.0195313	-671.109	-0.00108507	5	4	4	4	0.405385	389	0	0	0	0	0.295428	3.6082	128.478	-478.1	1	0	0	0	0	0	0	0
08.08.2015 16:13:20.063000	0.0449998	0.0557229	0.0550994	0.0182292	-671.104	-0.00144676	5	4	4	4	0.379874	389	0	0	0	0	0.293258	2.96847	128.422	-480.336	1	0	0	0	0	0	0	0
08.08.2015 16:13:20.163000	0.0449998	0.0557229	0.0550994	0.03125	-671.105	-0.000542535	5	4	4	4	0.361783	389	0	0	0	0	0.293475	6.37275	128.52	-467.679	1	0	0	0	0	0	0	0
08.08.2015 16:13:20.263000	0.0449998	0.0557229	0.0550994	0.0234375	-671.109	-0.00108507	5	4	4	4	0.400759	389	0	0	0	0	0.291667	4.214	128.475	-475.771	1	0	0	0	0	0	0	0
08.08.2015 16:13:20.363000	0.0449998	0.0557229	0.0550994	0.0234375	-671.105	-0.00108507	5	4	4	4	0.38274	389	0	0	0	0	0.291522	3.80993	128.433	-477.156	1	0	0	0	0	0	0	0
08.08.2015 16:13:20.463000	0.0449998	0.0557229	0.0550994	0.0234375	-671.109	-0.00108507	5	4	4	4	0.379203	389	0	0	0	0	0.29239	5.96545	128.484	-469.098	1	0	0	0	0	0	0	0
08.08.2015 16:13:20.563000	0.0449998	0.0557229	0.0550994	0.03125	-671.105	-0.000542535	5	4	4	4	0.390539	389	0	0	0	0	0.295645	6.1117	128.477	-468.513	1	0	0	0	0	0	0	0
08.08.2015 16:13:20.663000	0.0449998	0.0557229	0.0550994	0.03125	-671.102	-0.00108507	5	4	4	4	0.346954	389	0	0	0	0	0.299334	4.47694	128.428	-474.584	1	0	0	0	0	0	0	0
08.08.2015 16:13:20.763000	0.0449998	0.0557229	0.0550994	0.0273438	-671.102	-0.0016276	5	4	4	4	0.29549	389	0	0	0	0	0.301866	5.79492	128.441	-469.588	1	0	0	0	0	0	0	0
08.08.2015 16:13:20.863000	0.0449998	0.0557229	0.0550994	0.0338542	-671.102	-0.00180845	5	4	4	4	0.331145	389	0	0	0	0	0.3057	5.29978	128.423	-471.412	1	0	0	0	0	0	0	0
08.08.2015 16:13:20.963000	0.0449998	0.0557229	0.0550994	0.0390625	-671.102	-0.00108507	5	4	4	4	0.296851	389	0	0	0	0	0.307147	3.79705	128.355	-476.906	1	0	0	0	0	0	0	0
08.08.2015 16:13:21.063000	0.0449998	0.0557229	0.0550994	0.0182292	-671.102	-0.00144676	5	4	4	4	0.317322	389	0	0	0	0	0.311487	2.77297	128.299	-480.609	1	0	0	0	0	0	0	0
08.08.2015 16:13:21.163000	0.0449998	0.0557229	0.0550994	0.0703125	-671.098	-0.00325521	5	4	4	4	0.305649	389	0	0	0	0	0.313947	4.23554	128.322	-475.101	1	0	0	0	0	0	0	0
08.08.2015 16:13:21.263000	0.0449998	0.0557229	0.0550994	0.369792	-671.104	-0.00325521	5	4	4	4	0.287858	389	0	0	0	0	0.317708	4.80459	128.33	-472.953	1	0	0	0	0	0	0	0
08.08.2015 16:13:21.363000	0.0449998	0.0557229	0.0550994	1.25781	-671.102	-0.00325521	5	4	4	4	0.296804	389	0	0	0	0	0.319249	4.38107	128.312	-474.51	1	0	0	0	0	0	0	0
08.08.2015 16:13:21.463000	0.0449998	0.0557229	0.0550994	10.4427	-671.102	-0.0036169	5	4	4	4	0.311538	389	0	0	0	0	0.322512	5.09799	128.318	-471.784	1	0	0	0	0	0	0	0
08.08.2015 16:13:21.563000	0.0449998	0.0557229	0.0550994	32.4141	-671.102	-0.00325521	5	4	4	4	0.278599	389	0	0	0	0	0.324602	4.68166	128.292	-473.279	1	0	0	0	0	0	0	0
08.08.2015 16:13:21.663000	0.0449998	0.0557229	0.0550994	58.1589	-671.102	-0.0036169	5	4	4	4	0.331946	389	0	0	0	0	0.326548	4.53444	128.282	-473.804	1	0	0	0	0	0	0	0
08.08.2015 16:13:21.763000	0.0449998	0.0557229	0.0550994	83.4766	-671.102	-0.00271267	5	4	4	4	0.32527	389	0	0	0	0	0.328378	4.46138	128.265	-474.019	1	0	0	0	0	0	0	0
08.08.2015 16:13:21.863000	0.0449998	0.0557229	0.0550994	114.164	-671.104	-0.00289352	5	4	4	4	0.313627	389	0	0	0	0	0.330375	4.4319	128.251	-474.08	1	0	0	0	0	0	0	0
08.08.2015 16:13:21.963000	0.0449998	0.0557229	0.0550994	165.609	-671.109	-0.00325521	5	4	4	4	0.288733	389	0	0	0	0	0.332335	4.88516	128.25	-472.338	1	0	0	0	0	0	0	0
08.08.2015 16:13:22.063000	0.0449998	0.0557229	0.0550994	206.891	-671.109	-0.00253183	5	4	4	4	0.282398	389	0	0	0	0	0.333492	4.7485	128.232	-472.792	1	0	0	0	0	0	0	0
08.08.2015 16:13:22.163000	0.0449998	0.0557229	0.0550994	249.574	-671.102	-0.0016276	5	4	4	4	0.304782	389	0	0	0	0	0.335229	4.47078	128.213	-473.785	1	0	0	0	0	0	0	0
08.08.2015 16:13:22.263000	0.0449998	0.0557229	0.0550994	298.581	-671.109	-0.00180845	5	4	4	4	0.311406	389	0	0	0	0	0.336017	4.71798	128.204	-472.803	1	0	0	0	0	0	0	0
08.08.2015 16:13:22.363000	0.0449998	0.0557229	0.0550994	353.305	-671.109	-0.0016276	5	4	4	4	0.284729	389	0	0	0	0	0.336885	4.64095	128.194	-473.059	1	0	0	0	0	0	0	0
08.08.2015 16:13:22.463000	0.0449998	0.0557229	0.0550994	396.146	-671.109	-0.00325521	5	4	4	4	0.320488	389	0	0	0	0	0.335938	4.44295	128.176	-473.751	1	0	0	0	0	0	0	0
08.08.2015 16:13:22.563000	0.0449998	0.0557229	0.0550994	437.219	-671.109	-0.00325521	5	4	4	4	0.306236	389	0	0	0	0	0.336133	4.4319	128.163	-473.741	1	0	0	0	0	0	0	0
08.08.2015 16:13:22.663000	0.0449998	0.0557229	0.0550994	472.831	-671.109	-0.00253183	5	4	4	4	0.314455	389	0	0	0	0	0.335004	4.32716	128.149	-474.089	1	0	0	0	0	0	0	0
08.08.2015 16:13:22.763000	0.0449998	0.0557229	0.0550994	491.723	-671.109	-0.00217014	5	4	4	4	0.312886	389	0	0	0	0	0.334686	4.52962	128.138	-473.273	1	0	0	0	0	0	0	0
08.08.2015 16:13:22.863000	0.0449998	0.0557229	0.0550994	506.909	-671.109	-0.00144676	5	4	4	4	0.294103	389	0	0	0	0	0.333189	4.56301	128.127	-473.103	1	0	0	0	0	0	0	0
08.08.2015 16:13:22.963000	0.0449998	0.0557229	0.0550994	523.234	-671.109	-0.0016276	5	4	4	4	0.281835	389	0	0	0	0	0.332451	4.44057	128.114	-473.519	1	0	0	0	0	0	0	0
08.08.2015 16:13:23.063000	0.0449998	0.0557229	0.0550994	542.938	-671.109	0.00036169	5	4	4	4	0.271448	389	0	0	0	0	0.331583	4.50258	128.102	-473.239	1	0	0	0	0	0	0	0
08.08.2015 16:13:23.163000	0.0449998	0.0557229	0.0550994	560.754	-671.109	-0.00217014	5	4	4	4	0.312864	389	0	0	0	0	0.329847	4.52712	128.089	-473.095	1	0	0	0	0	0	0	0
08.08.2015 16:13:23.263000	0.0449998	0.0557229	0.0550994	576.51	-671.109	-0.00108507	5	4	4	4	0.305166	389	0	0	0	0	0.32832	4.49922	128.076	-473.151	1	0	0	0	0	0	0	0
08.08.2015 16:13:23.363000	0.0449998	0.0557229	0.0550994	592.023	-671.109	0.00108507	5	4	4	4	0.326646	389	0	0	0	0	0.32623	4.44276	128.067	-473.331	1	0	0	0	0	0	0	0
08.08.2015 16:13:23.463000	0.0449998	0.0557229	0.0550994	612.49	-671.109	0.00217014	5	4	4	4	0.309245	389	0	0	0	0	0.3261	4.49123	128.05	-473.083	1	0	0	0	0	0	0	0
08.08.2015 16:13:23.563000	0.0449998	0.0557229	0.0550994	627.305	-671.109	0.00108507	5	4	4	4	0.295381	389	0	0	0	0	0.325007	4.51765	128.04	-472.942	1	0	0	0	0	0	0	0
08.08.2015 16:13:23.663000	0.0449998	0.0557229	0.0550994	641.521	-671.109	0.00072338	5	4	4	4	0.306886	389	0	0	0	0	0.326772	4.47542	128.027	-473.053	1	0	0	0	0	0	0	0
08.08.2015 16:13:23.763000	0.0449998	0.0557229	0.0550994	657.574	-671.113	0.00108507	5	4	4	4	0.302083	389	0	0	0	0	0.32793	4.45692	128.012	-473.069	1	0	0	0	0	0	0	0
08.08.2015 16:13:23.863000	0.0449998	0.0557229	0.0550994	672.594	-671.117	0.00072338	5	4	4	4	0.291453	389	0	0	0	0	0.330085	4.46065	128.004	-473.022	1	0	0	0	0	0	0	0
08.08.2015 16:13:23.963000	0.0449998	0.0557229	0.0550994	684.313	-671.113	0.00108507	5	4	4	4	0.29349	389	0	0	0	0	0.330823	4.46419	127.992	-472.964	1	0	0	0	0	0	0	0
08.08.2015 16:13:24.063000	0.0449998	0.0557229	0.0550994	694.419	-671.117	0.00072338	5	4	4	4	0.303795	389	0	0	0	0	0.331583	4.41896	127.976	-473.075	1	0	0	0	0	0	0	0
08.08.2015 16:13:24.163000	0.0449998	0.0557229	0.0550994	705.172	-671.117	0	5	4	4	4	0.306051	389	0	0	0	0	0.331836	4.38295	127.959	-473.149	1	0	0	0	0	0	0	0
08.08.2015 16:13:24.263000	0.0449998	0.0557229	0.0550994	709.378	-671.117	0.00072338	5	4	4	4	0.321928	389	0	0	0	0	0.332386	4.34877	127.948	-473.238	1	0	0	0	0	0	0	0
08.08.2015 16:13:24.363000	0.0449998	0.0557229	0.0550994	710.469	-671.117	0.00108507	5	4	4	4	0.29769	389	0	0	0	0	0.332993	4.45387	127.938	-472.796	1	0	0	0	0	0	0	0
08.08.2015 16:13:24.463000	0.0449998	0.0557229	0.0550994	711.083	-671.117	-0.00072338	5	4	4	4	0.297956	389	0	0	0	0	0.333623	4.40126	127.925	-472.946	1	0	0	0	0	0	0	0
08.08.2015 16:13:24.563000	0.0449998	0.0557229	0.0550994	711.148	-671.117	-0.00108507	5	4	4	4	0.291427	389	0	0	0	0	0.334939	4.47041	127.92	-472.665	1	0	0	0	0	0	0	0
08.08.2015 16:13:24.663000	0.0449998	0.0557229	0.0550994	711.148	-671.12	-0.00108507	5	4	4	4	0.267614	389	0	0	0	0	0.334621	5.11051	127.92	-470.213	1	0	0	0	0	0	0	0
08.08.2015 16:13:24.763000	0.0449998	0.0557229	0.0550994	711.148	-671.121	0	5	4	4	4	0.317585	389	0	0	0	0	0.334491	4.63308	127.933	-472.092	1	0	0	0	0	0	0	0
08.08.2015 16:13:24.863000	0.0449998	0.0557229	0.0550994	711.148	-671.12	0.00108507	5	4	4	4	0.301868	389	0	0	0	0	0.333543	4.29121	128.064	-473.901	1	0	0	0	0	0	0	0
08.08.2015 16:13:24.963000	0.0449998	0.0557229	0.0550994	711.148	-671.125	0.00217014	5	4	4	4	0.278605	389	0	0	0	0	0.333478	4.62398	128.22	-473.225	1	0	0	0	0	0	0	0
08.08.2015 16:13:25.063000	0.0449998	0.0557229	0.0550994	711.148	-671.125	0.00072338	5	4	4	4	0.307244	389	0	0	0	0	0.331952	4.58089	128.345	-473.866	1	0	0	0	0	0	0	0
08.08.2015 16:13:25.163000	0.0449998	0.0557229	0.0550994	711.148	-671.125	0.00217014	5	4	4	4	0.310565	389	0	0	0	0	0.332017	4.33723	128.464	-475.256	1	0	0	0	0	0	0	0
08.08.2015 16:13:25.263000	0.0449998	0.0557229	0.0550994	711.148	-671.125	0.00325521	5	4	4	4	0.308144	389	0	0	0	0	0.332415	4.58119	128.742	-475.385	1	0	0	0	0	0	0	0
08.08.2015 16:13:25.363000	0.0449998	0.0557229	0.0550994	711.148	-671.125	0.00596788	5	4	4	4	0.319007	389	0	0	0	0	0.333189	4.66018	129.482	-477.919	1	0	0	0	0	0	0	0
08.08.2015 16:13:25.463000	0.0449998	0.0557229	0.0550994	711.148	-671.125	0.00759549	5	4	4	4	0.289773	389	0	0	0	0	0.334375	4.5016	129.51	-478.631	1	0	0	0	0	0	0	0
08.08.2015 16:13:25.563000	0.0449998	0.0557229	0.0550994	711.148	-671.125	0.00868056	5	4	4	4	0.268642	389	0	0	0	0	0.336596	4.51491	129.524	-478.634	1	0	0	0	0	0	0	0
08.08.2015 16:13:25.663000	0.0449998	0.0557229	0.0550994	711.151	-671.125	0.0108507	5	4	4	4	0.287574	389	0	0	0	0	0.33886	4.54421	129.573	-478.71	1	0	0	0	0	0	0	0
08.08.2015 16:13:25.763000	0.0449998	0.0557229	0.0550994	711.148	-671.125	0.0108507	5	4	4	4	0.300069	389	0	0	0	0	0.340502	4.56551	129.709	-479.149	1	0	0	0	0	0	0	0
08.08.2015 16:13:25.863000	0.0449998	0.0557229	0.0550994	711.151	-671.125	0.0101273	5	4	4	4	0.288602	389	0	0	0	0	0.342766	4.53749	129.934	-480.118	1	0	0	0	0	0	0	0
08.08.2015 16:13:25.963000	0.0449998	0.0557229	0.0550994	711.152	-671.125	0.00976563	5	4	4	4	0.293394	389	0	0	0	0	0.343092	4.42622	130.011	-480.837	1	0	0	0	0	0	0	0
08.08.2015 16:13:26.063000	0.0449998	0.0557229	0.0550994	711.156	-671.125	0.00831887	5	4	4	4	0.28635	389	0	0	0	0	0.342723	3.80944	130.062	-483.394	1	0	0	0	0	0	0	0
08.08.2015 16:13:26.163000	0.0449998	0.0557229	0.0550994	711.164	-671.129	0.00868056	5	4	4	4	0.330266	389	0	0	0	0	0.340697	4.59169	127.9	-472.122	1	0	0	0	0	0	0	0
08.08.2015 16:13:26.263000	0.0449998	0.0557229	0.0550994	711.164	-671.128	0.00578704	5	4	4	4	0.335475	389	0	0	0	0	0.337695	5.63018	130.218	-477.022	1	0	0	0	0	0	0	0
08.08.2015 16:13:26.363000	0.0449998	0.0557229	0.0550994	711.168	-671.125	0.00379774	5	4	4	4	0.311919	389	0	0	0	0	0.333898	5.40709	130.415	-478.629	1	0	0	0	0	0	0	0
08.08.2015 16:13:26.463000	0.0449998	0.0557229	0.0550994	711.172	-671.125	0.00289352	5	4	4	4	0.308598	389	0	0	0	0	0.331554	4.6921	129.751	-478.826	1	0	0	0	0	0	0	0
08.08.2015 16:13:26.563000	0.0449998	0.0557229	0.0550994	711.172	-671.129	0.00108507	5	4	4	4	0.296316	389	0	0	0	0	0.327886	4.84835	129.227	-476.221	1	0	0	0	0	0	0	0
08.08.2015 16:13:26.663000	0.0449998	0.0557229	0.0550994	711.172	-671.128	0.00072338	5	4	4	4	0.320184	389	0	0	0	0	0.324544	5.28434	129.289	-474.788	1	0	0	0	0	0	0	0
08.08.2015 16:13:26.763000	0.0449998	0.0557229	0.0550994	711.172	-671.125	0.00108507	5	4	4	4	0.299572	389	0	0	0	0	0.323351	4.88314	129.091	-475.566	1	0	0	0	0	0	0	0
08.08.2015 16:13:26.863000	0.0449998	0.0557229	0.0550994	711.172	-671.125	0.00036169	5	4	4	4	0.313159	389	0	0	0	0	0.321955	4.83065	129.034	-475.55	1	0	0	0	0	0	0	0
08.08.2015 16:13:26.963000	0.0449998	0.0557229	0.0550994	711.172	-671.125	0.000542535	5	4	4	4	0.297097	389	0	0	0	0	0.321181	5.23124	128.895	-473.485	1	0	0	0	0	0	0	0
08.08.2015 16:13:27.063000	0.0449998	0.0557229	0.0550994	711.172	-671.125	0.00036169	5	4	4	4	0.288195	389	0	0	0	0	0.320602	4.94809	128.811	-474.244	1	0	0	0	0	0	0	0
08.08.2015 16:13:27.163000	0.0449998	0.0557229	0.0550994	711.172	-671.125	0.000542535	5	4	4	4	0.305592	389	0	0	0	0	0.321918	4.88357	128.592	-473.655	1	0	0	0	0	0	0	0
08.08.2015 16:13:27.263000	0.0449998	0.0557229	0.0550994	711.169	-671.125	-0.00325521	5	4	4	4	0.285179	389	0	0	0	0	0.322049	4.59981	128.52	-474.464	1	0	0	0	0	0	0	0
08.08.2015 16:13:27.363000	0.0449998	0.0557229	0.0550994	711.172	-671.125	-0.00108507	5	4	4	4	0.298474	389	0	0	0	0	0.322917	4.31147	128.618	-475.946	1	0	0	0	0	0	0	0
08.08.2015 16:13:27.463000	0.0449998	0.0557229	0.0550994	711.172	-671.125	-0.00108507	5	4	4	4	0.306009	389	0	0	0	0	0.322497	7.62462	121.437	-435.765	1	0	0	0	0	0	0	0
08.08.2015 16:13:27.563000	0.0449998	0.0557229	0.0550994	711.152	-671.125	-0.00108507	5	4	4	4	0.292157	389	0.139277	0	0	2.71568	0.32356	79.7822	101.308	-82.4187	1	0	0	0	0	0	0	0
08.08.2015 16:13:27.663000	0.0449998	0.0557229	0.0550994	710.299	-671.125	-0.00036169	5	4	4	4	0.30246	389	2.34682	0	0	32.2452	0.322483	112.124	82.8534	112.072	1	0	0	0	0	0	0	0
08.08.2015 16:13:27.763000	0.0449998	0.0557229	0.0550994	703.199	-671.125	-0.00217014	5	4	4	4	0.272071	389	5.80488	0	0	35.1672	0.322613	110.258	83.5608	102.22	1	0	0	0	0	0	0	0
08.08.2015 16:13:27.863000	0.0449998	0.0557229	0.0550994	681.672	-671.125	-0.00072338	5	4	4	4	0.30878	389	9.33755	0	0	35.6336	0.322193	112.07	85.3755	102.206	1	0	0	0	0	0	0	0
08.08.2015 16:13:27.963000	0.0449998	0.0557229	0.0550994	660.949	-671.125	-0.00108507	5	4	4	4	0.287939	389	12.9244	0	0	36.4646	0.321166	115.863	89.6805	100.249	1	0	0	0	0	0	0	0
08.08.2015 16:13:28.063000	0.0449998	0.0557229	0.0550994	637.573	-671.128	-0.00108507	5	4	4	4	0.291278	389	16.4919	0	0	35.6807	0.320009	119.189	93.0288	100.164	1	0	0	0	0	0	0	0
08.08.2015 16:13:28.163000	0.0449998	0.0557229	0.0550994	610.02	-671.125	-0.0016276	5	4	4	4	0.288123	389	20.0136	0	0	35.1106	0.318273	120.236	94.3021	99.2943	1	0	0	0	0	0	0	0
08.08.2015 16:13:28.263000	0.0449998	0.0557229	0.0550994	564.279	-671.133	-0.00108507	5	4	4	4	0.274793	389	23.5259	6	0	35.3848	0.318142	119.82	93.8575	99.4037	1	0.36	0	0	0	0	0	0
08.08.2015 16:13:28.363000	0.0449998	0.0557229	0.0550994	528.313	-671.133	-0.00108507	5	4	4	4	0.285056	389	27.8211	50	0	48.2903	0.316023	108.584	83.5466	95.8652	1	1	0	0	0	0	0	0
08.08.2015 16:13:28.463000	0.0449998	0.0557229	0.0550994	488.732	-671.13	-0.00072338	5	4	4	4	0.286548	389	30.932	49.334	0	18.9932	0.315524	91.7988	69.4809	85.4507	1	1	0	0	0	0	0	0
08.08.2015 16:13:28.563000	0.0449998	0.0557229	0.0550994	441.859	-671.141	-0.00108507	5	4	4	4	0.286359	389	32.1974	41.3501	0	11.4495	0.313657	64.7614	39.989	94.8487	1	1	0	0	0	0	0	0
08.08.2015 16:13:28.663000	0.0449998	0.0557229	0.0550994	397.742	-671.151	-0.00108507	5	4	4	4	0.281	389	33.1057	31.3503	0	8.4527	0.313419	53.2647	28.5726	94.5413	1	1	0	0	0	0	0	0
08.08.2015 16:13:28.763000	0.0449998	0.0557229	0.0550994	362.68	-671.156	-0.00108507	5	4	4	4	0.290583	389	33.7524	21.3502	0	6.43403	0.311552	47.9869	23.2481	94.7199	1	1	0	0	0	0	0	0
08.08.2015 16:13:28.863000	0.0449998	0.0557229	0.0550994	330.263	-671.148	-0.00108507	5	4	4	4	55.1232	389	34.1289	7.73796	0	4.04651	0.787117	45.1683	20.4028	94.8223	1	1	1	0	0	0	0	0
08.08.2015 16:13:28.963000	0.0449998	0.0557229	0.0550994	288.285	-671.148	-0.00108507	5	4	4	4	83.797	389	34.2607	5.27298	0	3.27284	6.85796	44.5075	19.2526	96.696	1	1	1	0	0	0	0	0
08.08.2015 16:13:29.063000	0.0449998	0.0557229	0.0550994	260.435	-671.154	-0.00144676	5	4	4	4	84.0374	389	34.3816	5.27298	0	2.40295	10.3419	44.6229	18.9011	98.4838	1	1	1	0	0	0	0	0
08.08.2015 16:13:29.163000	0.0449998	0.0557229	0.0550994	237.879	-671.152	-0.000542535	5	4	4	4	84.1101	389	34.5094	5.27298	0	1.24984	11.3172	43.959	18.6246	97.0003	1	1	1	0	0	0	0	0
08.08.2015 16:13:29.263000	0.0449998	0.0557229	0.0550994	223.844	-671.159	-0.00072338	5	4	4	4	84.1534	389	34.6278	5.27298	0	1.23781	11.63	43.7001	18.3464	97.0739	1	1	1	0	0	0	0	0
08.08.2015 16:13:29.363000	0.0449998	0.0557229	0.0550994	198.805	-671.16	-0.0016276	5	4	4	4	84.0645	389	34.7542	5.27298	0	1.219	11.6945	43.4805	18.0771	97.2644	1	1	1	0	0	0	0	0
08.08.2015 16:13:29.463000	0.0449998	0.0557229	0.0550994	181.766	-671.156	-0.00289352	5	4	4	4	84.0969	389	34.8706	5.27298	0	1.21184	11.7211	43.4372	17.916	97.7159	1	1	1	0	0	0	0	0
08.08.2015 16:13:29.563000	0.0449998	0.0557229	0.0550994	165.551	-671.164	-0.00325521	5	4	4	4	84.0679	389	34.9929	5.27298	0	1.1959	11.7198	43.2998	17.822	97.5497	1	1	1	0	0	0	0	0
08.08.2015 16:13:29.663000	0.0449998	0.0557229	0.0550994	148.617	-671.164	-0.00325521	5	4	4	4	84.1283	389	35.1128	5.27298	0	1.19584	11.7298	43.1324	17.7636	97.1319	1	1	1	0	0	0	0	0
08.08.2015 16:13:29.763000	0.0449998	0.0557229	0.0550994	135.574	-671.172	-0.00379774	5	4	4	4	84.275	389	35.2312	5.27298	0	1.19564	11.7364	43.1252	17.6998	97.3488	1	1	1	0	0	0	0	0
08.08.2015 16:13:29.863000	0.0449998	0.0557229	0.0550994	128.242	-671.167	-0.0036169	5	4	4	4	84.0524	389	35.354	5.27298	0	1.20312	11.7389	43.0497	17.6248	97.3469	1	1	1	0	0	0	0	0
08.08.2015 16:13:29.963000	0.0449998	0.0557229	0.0550994	125.988	-671.172	-0.00434028	5	4	4	4	84.1146	389	35.4704	5.27298	0	1.23125	11.7373	43.0253	17.6767	97.0545	1	1	1	0	0	0	0	0
08.08.2015 16:13:30.063000	0.0449998	0.0557229	0.0550994	126.076	-671.174	-0.00470197	5	4	4	4	84.1206	389	35.5943	5.27298	0	1.2263	11.7391	42.9898	17.7462	96.6528	1	1	1	0	0	0	0	0
08.08.2015 16:13:30.163000	0.0449998	0.0557229	0.0550994	126.703	-671.18	-0.00434028	5	4	4	4	84.0951	389	35.7127	5.27298	0	1.19	11.7424	42.8324	17.6736	96.328	1	1	1	0	0	0	0	0
08.08.2015 16:13:30.263000	0.0449998	0.0557229	0.0550994	126.74	-671.18	-0.00434028	5	4	4	4	84.1792	389	35.8331	5.27298	0	1.19	11.7386	42.6534	17.6254	95.8272	1	1	1	0	0	0	0	0
08.08.2015 16:13:30.363000	0.0449998	0.0557229	0.0550994	126.781	-671.18	-0.00434028	5	4	4	4	84.1687	389	35.9539	5.27298	0	1.18998	11.7384	42.7915	17.5796	96.5313	1	1	1	0	0	0	0	0
08.08.2015 16:13:30.463000	0.0449998	0.0557229	0.0550994	126.773	-671.182	-0.00434028	5	4	4	4	84.2154	389	36.0683	5.27298	0	1.18998	11.7396	42.7827	17.5265	96.7012	1	1	1	0	0	0	0	0
08.08.2015 16:13:30.563000	0.0449998	0.0557229	0.0550994	126.766	-671.184	-0.00542535	5	4	4	4	84.1137	389	36.1872	5.27298	0	1.16979	11.7358	42.8775	17.5044	97.1483	1	1	1	0	0	0	0	0
08.08.2015 16:13:30.663000	0.0449998	0.0557229	0.0550994	126.768	-671.188	-0.00470197	5	4	4	4	84.2102	389	36.3061	5.27298	0	1.16755	11.736	42.6553	17.5245	96.2207	1	1	1	0	0	0	0	0
08.08.2015 16:13:30.763000	0.0449998	0.0557229	0.0550994	126.773	-671.191	-0.00434028	5	4	4	4	84.0798	389	36.4255	5.27298	0	1.20636	11.7337	42.9148	17.5463	97.131	1	1	1	0	0	0	0	0
08.08.2015 16:13:30.863000	0.0449998	0.0557229	0.0550994	126.773	-671.195	-0.00434028	5	4	4	4	83.9786	389	36.5493	5.27298	0	1.21321	11.726	42.9246	17.5532	97.1419	1	1	1	0	0	0	0	0
08.08.2015 16:13:30.963000	0.0449998	0.0557229	0.0550994	126.773	-671.195	-0.00379774	5	4	4	4	84.0865	389	36.6662	5.27298	0	1.19973	11.7218	42.9361	17.5524	97.1889	1	1	1	0	0	0	0	0
08.08.2015 16:13:31.063000	0.0449998	0.0557229	0.0550994	126.773	-671.195	-0.00289352	5	4	4	4	84.1494	389	36.7851	5.27298	0	1.1957	11.7172	42.8268	17.5597	96.7426	1	1	1	0	0	0	0	0
08.08.2015 16:13:31.163000	0.0449998	0.0557229	0.0550994	126.773	-671.195	-0.00379774	5	4	4	4	84.0593	389	36.905	5.27298	0	1.19575	11.7222	42.9239	17.5693	97.0777	1	1	1	0	0	0	0	0
08.08.2015 16:13:31.263000	0.0449998	0.0557229	0.0550994	126.773	-671.201	-0.00253183	5	4	4	4	84.0152	389	37.0224	5.27298	0	1.19578	11.7182	42.9222	17.587	97.0034	1	1	1	0	0	0	0	0
08.08.2015 16:13:31.363000	0.0449998	0.0557229	0.0550994	126.773	-671.195	-0.00325521	5	4	4	4	84.0809	389	37.1457	5.27298	0	1.18888	11.7151	43.0637	17.5981	97.5025	1	1	1	0	0	0	0	0
08.08.2015 16:13:31.463000	0.0449998	0.0557229	0.0550994	126.773	-671.201	-0.00542535	5	4	4	4	84.0793	389	37.2631	5.27298	0	1.18409	11.7213	42.9848	17.6122	97.1469	1	1	1	0	0	0	0	0
08.08.2015 16:13:31.563000	0.0449998	0.0557229	0.0550994	126.773	-671.203	-0.00325521	5	4	4	4	84.0112	389	37.3845	5.27298	0	1.19991	11.7194	42.832	17.6093	96.5727	1	1	1	0	0	0	0	0
08.08.2015 16:13:31.663000	0.0449998	0.0557229	0.0550994	126.773	-671.203	-0.00325521	5	4	4	4	84.2054	389	37.5044	5.27298	0	1.21339	11.7181	42.9559	17.6292	96.9709	1	1	1	0	0	0	0	0
08.08.2015 16:13:31.763000	0.0449998	0.0557229	0.0550994	126.773	-671.203	-0.00325521	5	4	4	4	84.2193	389	37.6268	5.27298	0	1.21329	11.723	42.9568	17.6558	96.7366	1	1	1	0	0	0	0	0
08.08.2015 16:13:31.863000	0.0449998	0.0557229	0.0550994	126.773	-671.203	-0.0036169	5	4	4	4	84.2104	389	37.7481	5.27298	0	1.21318	11.7337	43.0712	17.6726	97.1734	1	1	1	0	0	0	0	0
08.08.2015 16:13:31.963000	0.0449998	0.0557229	0.0550994	126.773	-671.203	-0.00271267	5	4	4	4	84.3957	389	37.8655	5.27298	0	1.20366	11.7358	43.041	17.6722	97.0917	1	1	1	0	0	0	0	0
08.08.2015 16:13:32.063000	0.0449998	0.0557229	0.0550994	126.773	-671.203	-0.00325521	5	4	4	4	84.4817	389	37.9914	5.27298	0	1.18996	11.7446	43.0956	17.6958	97.363	1	1	1	0	0	0	0	0
08.08.2015 16:13:32.163000	0.0449998	0.0557229	0.0550994	126.777	-671.203	-0.00325521	5	4	4	4	84.4785	389	38.1082	5.27298	0	1.19831	11.749	43.087	17.7021	97.1936	1	1	1	0	0	0	0	0
08.08.2015 16:13:32.263000	0.0449998	0.0557229	0.0550994	126.773	-671.203	-0.00180845	5	4	4	4	84.3889	389	38.2306	5.27298	0	1.21316	11.7501	43.1108	17.7086	97.26	1	1	1	0	0	0	0	0
08.08.2015 16:13:32.363000	0.0449998	0.0557229	0.0550994	126.773	-671.203	-0.00108507	5	4	4	4	86.809	389	38.348	5.27298	0	1.20566	11.7467	42.9528	17.7092	96.6528	1	1	1	0	0	0	0	0
08.08.2015 16:13:32.463000	0.0449998	0.0557229	0.0550994	126.773	-671.206	-0.00144676	5	4	4	4	180.223	389	38.4654	5.27298	0	1.18433	11.7029	42.9882	17.7022	96.815	1	1	1	0	0	0	0	0
08.08.2015 16:13:32.563000	0.0449998	0.0557229	0.0550994	126.773	-671.207	-0.0016276	5	4	4	4	605.466	389	38.5912	5.27298	0	1.19038	11.3291	43.152	17.6646	97.586	1	1	1	0	0	0	0	0
08.08.2015 16:13:32.663000	0.0449998	0.0557229	0.0550994	126.776	-671.208	1.73828	5	4	4	4	513.078	389	38.7081	5.27298	0	1.21314	10.8281	43.0986	17.6929	97.2733	1	1	1	0	0	0	0	0
08.08.2015 16:13:32.763000	0.0449998	0.0557229	0.0550994	126.773	-671.211	14.8812	5	4	4	4	794.45	389	38.8345	5.27298	0	1.21228	10.6461	43.2189	17.6688	97.8262	1	1	1	0	0	0	0	0
08.08.2015 16:13:32.863000	0.0449998	0.0557229	0.0550994	126.773	-671.214	21.2475	5	4	4	4	571.391	389	38.9539	5.27298	0	1.2074	10.5273	43.0289	17.7135	96.9276	1	1	1	0	0	0	0	0
08.08.2015 16:13:32.963000	0.0449998	0.0557229	0.0550994	126.773	-671.215	25.9332	5	4	4	4	735.72	389	39.0782	5.27298	0	1.21049	10.5867	43.0353	17.7081	96.973	1	1	1	0	0	0	0	0
08.08.2015 16:13:33.063000	0.0449998	0.0557229	0.0550994	126.779	-671.219	27.7098	5	4	4	4	682.804	389	39.1996	5.27298	0	1.23116	10.5242	43.049	17.7124	97.009	1	1	1	0	0	0	0	0
08.08.2015 16:13:33.163000	0.0449998	0.0557229	0.0550994	126.773	-671.219	28.5259	5	4	4	4	513.427	389	39.3205	5.27298	0	1.23056	10.5963	43.1944	17.7222	97.528	1	1	1	0	0	0	0	0
08.08.2015 16:13:33.263000	0.0449998	0.0557229	0.0550994	126.776	-671.219	28.8665	5	4	4	4	622.369	389	39.4438	5.27298	0	1.22518	10.6484	42.9662	17.7203	96.6615	1	1	1	0	0	0	0	0
08.08.2015 16:13:33.363000	0.0449998	0.0557229	0.0550994	126.773	-671.219	29.0191	5	4	4	4	624.166	389	39.5622	5.27298	0	1.22447	10.6004	43.1146	17.7292	97.1955	1	1	1	0	0	0	0	0
08.08.2015 16:13:33.463000	0.0449998	0.0557229	0.0550994	126.781	-671.219	29.0596	5	4	4	4	694.375	389	39.6841	5.27298	0	1.20736	10.5842	43.0283	17.7289	96.8662	1	1	1	0	0	0	0	0
08.08.2015 16:13:33.563000	0.0449998	0.0557229	0.0550994	126.773	-671.219	29.0663	5	4	4	4	723.552	389	39.8025	5.27298	0	1.20736	10.5708	43.0859	17.7387	97.0494	1	1	1	0	0	0	0	0
08.08.2015 16:13:33.663000	0.0449998	0.0557229	0.0550994	126.776	-671.219	29.0607	5	4	4	4	670.035	389	39.9238	5.27298	0	1.18568	10.5908	43.0832	17.7388	97.0386	1	1	1	0	0	0	0	0
08.08.2015 16:13:33.763000	0.0449998	0.0557229	0.0550994	126.777	-671.219	29.0294	5	4	4	4	821.797	389	40.0442	5.27298	0	1.18429	10.6352	43.0181	17.7266	96.8363	1	1	1	0	0	0	0	0
08.08.2015 16:13:33.863000	0.0449998	0.0557229	0.0550994	126.779	-671.219	28.9724	5	4	4	4	707.803	389	40.1651	5.27298	0	1.21006	10.5802	43.2318	17.7489	97.5691	1	1	1	0	0	0	0	0
08.08.2015 16:13:33.963000	0.0449998	0.0557229	0.0550994	126.781	-671.219	28.9252	5	4	4	4	707.495	389	40.2874	5.27298	0	1.21324	10.6317	43.1437	17.764	97.1737	1	1	1	0	0	0	0	0
08.08.2015 16:13:34.063000	0.0449998	0.0557229	0.0550994	126.781	-671.219	28.8806	5	4	4	4	659.142	389	40.4093	5.27298	0	1.22887	10.6959	43.3215	17.7617	97.8631	1	1	1	0	0	0	0	0
08.08.2015 16:13:34.163000	0.0449998	0.0557229	0.0550994	126.777	-671.219	28.8319	5	4	4	4	759.438	389	40.5337	5.27298	0	1.2312	10.6925	43.0483	17.76	96.8239	1	1	1	0	0	0	0	0
08.08.2015 16:13:34.263000	0.0449998	0.0557229	0.0550994	126.781	-671.219	28.6697	5	4	4	4	680.716	389	40.6511	5.27298	0	1.22614	10.6371	42.9275	17.7694	96.3252	1	1	1	0	0	0	0	0
08.08.2015 16:13:34.363000	0.0449998	0.0557229	0.0550994	126.781	-671.219	28.5308	5	4	4	4	639.758	389	40.7789	5.27298	0	1.22517	10.6963	43.216	17.7802	97.3885	1	1	1	0	0	0	0	0
08.08.2015 16:13:34.463000	0.0449998	0.0557229	0.0550994	126.781	-671.219	28.3308	5	4	4	4	675.802	389	40.8953	5.27298	0	1.2069	10.7317	43.1079	17.7897	96.9382	1	1	1	0	0	0	0	0
08.08.2015 16:13:34.563000	0.0449998	0.0557229	0.0550994	126.781	-671.219	28.1755	5	4	4	4	668.35	389	41.0216	5.27298	0	1.20144	10.7357	43.191	17.7834	97.2808	1	1	1	0	0	0	0	0
08.08.2015 16:13:34.663000	0.0449998	0.0557229	0.0550994	126.781	-671.219	27.9666	5	4	4	4	607.075	389	41.14	5.27298	0	1.2099	10.7726	42.986	17.8046	96.4147	1	1	1	0	0	0	0	0
08.08.2015 16:13:34.763000	0.0449998	0.0557229	0.0550994	126.785	-671.219	27.8743	5	4	4	4	697.505	389	41.2624	5.27298	0	1.21319	10.7534	43.2427	17.8007	97.4123	1	1	1	0	0	0	0	0
08.08.2015 16:13:34.863000	0.0449998	0.0557229	0.0550994	126.784	-671.219	27.7044	5	4	4	4	740.256	389	41.3833	5.27298	0	1.22141	10.7296	42.9967	17.8157	96.4128	1	1	1	0	0	0	0	0
08.08.2015 16:13:34.963000	0.0449998	0.0557229	0.0550994	126.785	-671.219	27.6091	5	4	4	4	601.077	389	41.5006	5.27298	0	1.22511	10.7407	43.1056	17.8325	96.7657	1	1	1	0	0	0	0	0
08.08.2015 16:13:35.063000	0.0449998	0.0557229	0.0550994	126.781	-671.219	27.5499	5	4	4	4	654.853	389	41.6255	5.27298	0	1.21386	10.7969	43.2808	17.8328	97.4352	1	1	1	0	0	0	0	0
08.08.2015 16:13:35.163000	0.0449998	0.0557229	0.0550994	126.785	-671.219	27.5222	5	4	4	4	641.037	389	41.7424	5.27298	0	1.20726	10.8342	43.1623	17.8354	96.9716	1	1	1	0	0	0	0	0
08.08.2015 16:13:35.263000	0.0449998	0.0557229	0.0550994	126.786	-671.221	27.4772	5	4	4	4	584.302	389	41.8677	5.27298	0	1.20403	10.8493	43.034	17.8419	96.4553	1	1	1	0	0	0	0	0
08.08.2015 16:13:35.363000	0.0449998	0.0557229	0.0550994	126.785	-671.223	27.4165	5	4	4	4	654.136	389	41.9876	5.27298	0	1.20149	10.8332	43.1589	17.8431	96.929	1	1	1	0	0	0	0	0
08.08.2015 16:13:35.463000	0.0449998	0.0557229	0.0550994	126.784	-671.219	27.3879	5	4	4	4	635.106	389	42.1115	4.8279	0	1.21401	10.7604	43.0401	17.8715	96.3656	1	1	1	0.13	0	0	0	0
08.08.2015 16:13:35.563000	0.0449998	0.0557229	0.0550994	126.789	-671.219	27.3622	5	4	4	4	183.089	389	42.1881	2.00978	0.160504	1.22512	10.3929	43.3473	18.0352	96.915	1	1	1	1	0	0	0	0
08.08.2015 16:13:35.663000	0.0449998	0.0557229	0.0550994	126.789	-671.219	27.3434	5	4	4	4	225.909	389	42.2473	2.70231	0.853028	1.22512	8.4581	43.799	18.2756	97.7238	1	1	1	1	0	0	0	0
08.08.2015 16:13:35.763000	0.0449998	0.0557229	0.0550994	126.789	-671.219	27.3345	5	4	4	4	406.712	389	42.3119	2.80826	0.958981	1.22512	7.35625	43.8591	18.5029	97.084	1	1	1	1	0	0	0	0
08.08.2015 16:13:35.863000	0.0449998	0.0557229	0.0550994	126.789	-671.219	27.3318	5	4	4	4	487.006	389	42.3851	2.68292	0.833639	0.735451	6.78006	44.0701	18.6863	97.1896	1	1	1	1	0	0	0	0
08.08.2015 16:13:35.963000	0.0449998	0.0557229	0.0550994	126.789	-671.219	27.3269	5	4	4	4	516.762	389	42.4477	2.28181	0.432532	0.687022	6.59141	44.3225	18.8571	97.5018	1	1	1	1	0	0	0	0
08.08.2015 16:13:36.063000	0.0449998	0.0557229	0.0550994	126.789	-671.219	27.3228	5	4	4	4	494.558	389	42.502	1.984	0.134717	0.687022	6.52717	44.3908	19.018	97.1473	1	1	1	1	0	0	0	0
08.08.2015 16:13:36.163000	0.0449998	0.0557229	0.0550994	126.789	-671.223	27.3199	5	4	4	4	430.663	389	42.5517	1.69725	-0.152028	0.687022	6.41427	44.6056	19.1764	97.3633	1	1	1	1	0	0	0	0
08.08.2015 16:13:36.263000	0.0449998	0.0557229	0.0550994	126.789	-671.221	27.3163	5	4	4	4	358.262	389	42.5994	1.72429	-0.124992	0.631949	6.46415	44.7643	19.3023	97.4888	1	1	1	1	0	0	0	0
08.08.2015 16:13:36.363000	0.0449998	0.0557229	0.0550994	126.789	-671.223	27.3117	5	4	4	4	361.332	389	42.6477	1.8311	-0.0181768	0.552699	6.54922	44.9033	19.4253	97.5502	1	1	1	1	0	0	0	0
08.08.2015 16:13:36.463000	0.0449998	0.0557229	0.0550994	126.789	-671.219	27.3061	5	4	4	4	403.915	389	42.6964	1.80663	-0.0426461	0.552699	6.61319	45.0271	19.5268	97.6357	1	1	1	1	0	0	0	0
08.08.2015 16:13:36.563000	0.0449998	0.0557229	0.0550994	126.789	-671.223	27.3079	5	4	4	4	373.194	389	42.7497	1.82991	-0.0193724	0.552699	6.61001	45.1233	19.6268	97.621	1	1	1	1	0	0	0	0
08.08.2015 16:13:36.663000	0.0449998	0.0557229	0.0550994	126.789	-671.221	27.3083	5	4	4	4	425.436	389	42.8014	1.754	-0.0952752	0.552699	6.61832	45.1759	19.7128	97.4934	1	1	1	1	0	0	0	0
08.08.2015 16:13:36.763000	0.0449998	0.0557229	0.0550994	126.789	-671.223	27.3085	5	4	4	4	392.447	389	42.8492	1.7617	-0.0875772	0.529786	6.58979	45.2636	19.7848	97.553	1	1	1	1	0	0	0	0
08.08.2015 16:13:36.863000	0.0449998	0.0557229	0.0550994	126.789	-671.221	27.3076	5	4	4	4	437.344	389	42.8964	1.67025	-0.179026	0.499414	6.56314	45.3459	19.8529	97.6077	1	1	1	1	0	0	0	0
08.08.2015 16:13:36.963000	0.0449998	0.0557229	0.0550994	126.789	-671.227	27.3063	5	4	4	4	323.344	389	42.9442	1.6578	-0.191475	0.499414	6.56493	45.3871	19.9233	97.4955	1	1	1	1	0	0	0	0
08.08.2015 16:13:37.063000	0.0449998	0.0557229	0.0550994	126.789	-671.219	27.304	5	4	4	4	404.819	389	42.9944	1.75539	-0.0938898	0.499414	6.61146	45.4678	19.98	97.5876	1	1	1	1	0	0	0	0
08.08.2015 16:13:37.163000	0.0449998	0.0557229	0.0550994	126.789	-671.223	27.3047	5	4	4	4	435.585	389	43.0451	1.75237	-0.0969112	0.499414	6.56927	45.5467	20.0305	97.6967	1	1	1	1	0	0	0	0
08.08.2015 16:13:37.263000	0.0449998	0.0557229	0.0550994	126.789	-671.224	27.3043	5	4	4	4	357.604	389	43.0954	1.71042	-0.138854	0.496784	6.56343	45.5457	20.0879	97.4729	1	1	1	1	0	0	0	0
08.08.2015 16:13:37.363000	0.0449998	0.0557229	0.0550994	126.789	-671.223	27.2998	5	4	4	4	371.31	389	43.1461	1.711	-0.138276	0.492493	6.63438	45.5715	20.1199	97.4488	1	1	1	1	0	0	0	0
08.08.2015 16:13:37.463000	0.0449998	0.0557229	0.0550994	126.789	-671.224	27.3022	5	4	4	4	379.657	389	43.1973	1.73015	-0.119126	0.492493	6.61962	45.6003	20.1635	97.3927	1	1	1	1	0	0	0	0
08.08.2015 16:13:37.563000	0.0449998	0.0557229	0.0550994	126.789	-671.219	27.2998	5	4	4	4	375.647	389	43.2471	1.74852	-0.100761	0.492493	6.59902	45.659	20.1909	97.5124	1	1	1	1	0	0	0	0
08.08.2015 16:13:37.663000	0.0449998	0.0557229	0.0550994	126.789	-671.224	27.2971	5	4	4	4	431.161	389	43.2988	1.76755	-0.0817286	0.492493	6.60318	45.7021	20.2147	97.5864	1	1	1	1	0	0	0	0
08.08.2015 16:13:37.763000	0.0449998	0.0557229	0.0550994	126.789	-671.223	27.296	5	4	4	4	413.084	389	43.3515	1.74384	-0.105437	0.50325	6.55828	45.7273	20.2387	97.5909	1	1	1	1	0	0	0	0
08.08.2015 16:13:37.863000	0.0449998	0.0557229	0.0550994	126.789	-671.224	27.2924	5	4	4	4	385.092	389	43.4033	1.70488	-0.144402	0.512789	6.54986	45.7287	20.2675	97.4859	1	1	1	1	0	0	0	0
08.08.2015 16:13:37.963000	0.0449998	0.0557229	0.0550994	126.789	-671.223	27.2917	5	4	4	4	364.839	389	43.453	1.69077	-0.158507	0.512789	6.573	45.7339	20.2891	97.4231	1	1	1	1	0	0	0	0
08.08.2015 16:13:38.063000	0.0449998	0.0557229	0.0550994	126.789	-671.227	27.2938	5	4	4	4	335.944	389	43.5038	1.70557	-0.143712	0.512789	6.58724	45.7516	20.3101	97.4102	1	1	1	1	0	0	0	0
08.08.2015 16:13:38.163000	0.0449998	0.0557229	0.0550994	126.789	-671.227	27.2928	5	4	4	4	383.741	389	43.5575	1.75812	-0.0911558	0.512789	6.61814	45.7684	20.3218	97.4301	1	1	1	1	0	0	0	0
08.08.2015 16:13:38.263000	0.0449998	0.0557229	0.0550994	126.789	-671.221	27.2917	5	4	4	4	396.732	389	43.6107	1.80157	-0.0477063	0.517536	6.5669	45.7929	20.3385	97.46	1	1	1	1	0	0	0	0
08.08.2015 16:13:38.363000	0.0449998	0.0557229	0.0550994	126.789	-671.227	27.2873	5	4	4	4	350.241	389	43.6629	1.83113	-0.0181465	0.519203	6.58056	45.8094	20.3401	97.5168	1	1	1	1	0	0	0	0
08.08.2015 16:13:38.463000	0.0449998	0.0557229	0.0550994	126.789	-671.221	27.2924	5	4	4	4	470.327	389	43.7157	1.86209	0.0128087	0.519203	6.57613	45.8355	20.3349	97.6367	1	1	1	1	0	0	0	0
08.08.2015 16:13:38.563000	0.0449998	0.0557229	0.0550994	126.789	-671.227	27.2949	5	4	4	4	370.818	389	43.7734	1.83898	-0.0102954	0.519203	6.52387	45.7847	20.3593	97.3485	1	1	1	1	0	0	0	0
08.08.2015 16:13:38.663000	0.0449998	0.0557229	0.0550994	126.789	-671.224	27.2949	5	4	4	4	352.709	389	43.8286	1.82881	-0.0204706	0.521498	6.55547	45.7506	20.3715	97.1714	1	1	1	1	0	0	0	0
08.08.2015 16:13:38.763000	0.0449998	0.0557229	0.0550994	126.789	-671.227	27.2949	5	4	4	4	364.897	389	43.8813	1.85716	0.00787935	0.538322	6.60258	45.7964	20.4033	97.2254	1	1	1	1	0	0	0	0
08.08.2015 16:13:38.863000	0.0449998	0.0557229	0.0550994	126.789	-671.224	27.2953	5	4	4	4	372.795	389	43.937	1.89926	0.0499825	0.538322	6.59462	45.7856	20.4057	97.1744	1	1	1	1	0	0	0	0
08.08.2015 16:13:38.963000	0.0449998	0.0557229	0.0550994	126.789	-671.227	27.296	5	4	4	4	395.518	389	43.9927	1.93736	0.0880771	0.538322	6.5559	45.7757	20.3968	97.1709	1	1	1	1	0	0	0	0
08.08.2015 16:13:39.063000	0.0449998	0.0557229	0.0550994	126.789	-671.224	27.2975	5	4	4	4	332.679	389	44.0464	1.96465	0.115375	0.538322	6.52969	45.8005	20.3974	97.2632	1	1	1	1	0	0	0	0
08.08.2015 16:13:39.163000	0.0449998	0.0557229	0.0550994	126.789	-671.227	27.2966	5	4	4	4	385.43	389	44.1041	2.0325	0.183223	0.551059	6.62106	45.7643	20.3809	97.188	1	1	1	1	0	0	0	0
08.08.2015 16:13:39.263000	0.0449998	0.0557229	0.0550994	126.792	-671.219	27.2975	5	4	4	4	362.432	389	44.1633	2.09465	0.245371	0.557621	6.59207	45.589	20.376	96.5353	1	1	1	1	0	0	0	0
08.08.2015 16:13:39.363000	0.0449998	0.0557229	0.0550994	126.793	-671.223	27.2976	5	4	4	4	444.445	389	44.228	2.13925	0.289975	0.557621	6.56725	45.6233	20.3548	96.7482	1	1	1	1	0	0	0	0
08.08.2015 16:13:39.463000	0.0449998	0.0557229	0.0550994	126.792	-671.224	27.2924	5	4	4	4	380.608	389	44.2867	2.12934	0.280058	0.557621	6.53672	45.8332	20.352	97.5626	1	1	1	1	0	0	0	0
08.08.2015 16:13:39.563000	0.0449998	0.0557229	0.0550994	126.793	-671.223	27.2879	5	4	4	4	401.118	389	44.3444	2.12411	0.274835	0.576629	6.55969	45.8794	20.3394	97.7877	1	1	1	1	0	0	0	0
08.08.2015 16:13:39.663000	0.0449998	0.0557229	0.0550994	126.794	-671.227	27.2743	5	4	4	4	417.804	389	44.4016	2.10207	0.25279	0.596412	6.52023	45.6171	20.3372	96.7916	1	1	1	1	0	0	0	0
08.08.2015 16:13:39.763000	0.0449998	0.0557229	0.0550994	126.797	-671.223	27.2662	5	4	4	4	339.169	389	44.4583	2.07621	0.226927	0.596412	6.48134	45.5544	20.3399	96.5411	1	1	1	1	0	0	0	0
08.08.2015 16:13:39.863000	0.0449998	0.0557229	0.0550994	126.797	-671.227	27.2653	5	4	4	4	382.603	389	44.517	2.09831	0.249033	0.596412	6.53736	45.6489	20.328	96.9487	1	1	1	1	0	0	0	0
08.08.2015 16:13:39.963000	0.0449998	0.0557229	0.0550994	126.797	-671.223	27.2683	5	4	4	4	391.492	389	44.5797	2.12367	0.274394	0.593344	6.52995	45.7002	20.3283	97.1443	1	1	1	1	0	0	0	0
08.08.2015 16:13:40.063000	0.0449998	0.0557229	0.0550994	126.797	-671.227	27.2725	5	4	4	4	342.406	389	44.6369	2.14699	0.297707	0.582463	6.51916	45.7441	20.33	97.3055	1	1	1	1	0	0	0	0
08.08.2015 16:13:40.163000	0.0449998	0.0557229	0.0550994	126.797	-671.227	27.2792	5	4	4	4	319.519	389	44.6941	2.20889	0.359616	0.582463	6.57222	45.6526	20.3222	96.9851	1	1	1	1	0	0	0	0
08.08.2015 16:13:40.263000	0.0449998	0.0557229	0.0550994	126.797	-671.224	27.2812	5	4	4	4	407.324	389	44.7543	2.30237	0.453094	0.582463	6.57205	45.4626	20.3065	96.3175	1	1	1	1	0	0	0	0
08.08.2015 16:13:40.363000	0.0449998	0.0557229	0.0550994	126.797	-671.223	27.2824	5	4	4	4	385.256	389	44.8224	2.36021	0.510933	0.586259	6.51395	45.7299	20.2973	97.3766	1	1	1	1	0	0	0	0
08.08.2015 16:13:40.463000	0.0449998	0.0557229	0.0550994	126.797	-671.221	27.283	5	4	4	4	329.505	389	44.8866	2.40712	0.557846	0.609576	6.55012	45.9094	20.2872	98.1024	1	1	1	1	0	0	0	0
08.08.2015 16:13:40.563000	0.0449998	0.0557229	0.0550994	126.801	-671.227	27.2868	5	4	4	4	365.895	389	44.9493	2.48241	0.633134	0.609576	6.58275	45.3571	20.253	96.1186	1	1	1	1	0	0	0	0
08.08.2015 16:13:40.663000	0.0449998	0.0557229	0.0550994	126.797	-671.227	27.2899	5	4	4	4	338.798	389	45.0229	2.56782	0.718541	0.609576	6.56863	45.4239	20.2331	96.4504	1	1	1	1	0	0	0	0
08.08.2015 16:13:40.763000	0.0449998	0.0557229	0.0550994	126.801	-671.223	27.289	5	4	4	4	376.977	389	45.0895	2.66053	0.81125	0.641581	6.6184	45.2636	20.2	95.9634	1	1	1	1	0	0	0	0
08.08.2015 16:13:40.863000	0.0449998	0.0557229	0.0550994	126.802	-671.224	27.2909	5	4	4	4	409.147	389	45.1626	2.72945	0.88017	0.677671	6.56719	45.5553	20.1643	97.2172	1	1	1	1	0	0	0	0
08.08.2015 16:13:40.963000	0.0449998	0.0557229	0.0550994	126.805	-671.227	27.2879	5	4	4	4	415.075	389	45.2368	2.76173	0.912456	0.677671	6.52315	45.53	20.1267	97.2642	1	1	1	1	0	0	0	0
08.08.2015 16:13:41.063000	0.0449998	0.0557229	0.0550994	126.805	-671.224	27.2913	5	4	4	4	477.051	389	45.3059	2.7477	0.898422	0.682145	6.46551	45.2306	20.0851	96.277	1	1	1	1	0	0	0	0
08.08.2015 16:13:41.163000	0.0449998	0.0557229	0.0550994	126.805	-671.227	27.2955	5	4	4	4	377.055	389	45.3845	2.67349	0.824211	0.733602	6.41163	45.4714	20.0701	97.2562	1	1	1	1	0	0	0	0
08.08.2015 16:13:41.263000	0.0449998	0.0557229	0.0550994	126.805	-671.221	27.296	5	4	4	4	389.291	389	45.4477	2.61754	0.768259	0.733602	6.43979	45.6385	20.058	97.9424	1	1	1	1	0	0	0	0
08.08.2015 16:13:41.363000	0.0449998	0.0557229	0.0550994	126.801	-671.227	27.2966	5	4	4	4	333.479	389	45.5253	2.59763	0.748351	0.733602	6.47862	44.9655	20.0571	95.3693	1	1	1	1	0	0	0	0
08.08.2015 16:13:41.463000	0.0449998	0.0557229	0.0550994	126.805	-671.227	27.2989	5	4	4	4	383.568	389	45.5919	2.62892	0.779637	0.719375	6.54161	45.5417	20.0434	97.628	1	1	1	1	0	0	0	0
08.08.2015 16:13:41.563000	0.0449998	0.0557229	0.0550994	126.801	-671.223	27.2971	5	4	4	4	349.672	389	45.6616	2.66483	0.815551	0.708642	6.5151	45.3537	20.0338	96.9449	1	1	1	1	0	0	0	0
08.08.2015 16:13:41.663000	0.0449998	0.0557229	0.0550994	126.802	-671.221	27.2975	5	4	4	4	345.601	389	45.7352	2.72333	0.874054	0.708642	6.51563	45.3258	20.0163	96.905	1	1	1	1	0	0	0	0
08.08.2015 16:13:41.763000	0.0449998	0.0557229	0.0550994	126.805	-671.223	27.2971	5	4	4	4	429.566	389	45.8018	2.79868	0.9494	0.708479	6.54086	45.3731	19.9927	97.1763	1	1	1	1	0	0	0	0
08.08.2015 16:13:41.863000	0.0449998	0.0557229	0.0550994	126.805	-671.221	27.2942	5	4	4	4	396.022	389	45.8794	2.81771	0.968433	0.70456	6.4785	45.0553	19.9719	95.9267	1	1	1	1	0	0	0	0
08.08.2015 16:13:41.963000	0.0449998	0.0557229	0.0550994	126.805	-671.219	27.2928	5	4	4	4	345.487	389	45.9471	2.82696	0.977676	0.70456	6.45205	45.4313	19.9548	97.5441	1	1	1	1	0	0	0	0
08.08.2015 16:13:42.063000	0.0449998	0.0557229	0.0550994	126.805	-671.224	27.2899	5	4	4	4	422.64	389	46.0282	2.86314	1.01386	0.70456	6.49742	45.4165	19.9186	97.6264	1	1	1	1	0	0	0	0
08.08.2015 16:13:42.163000	0.0449998	0.0557229	0.0550994	126.805	-671.223	27.2911	5	4	4	4	368.872	389	46.0918	2.86571	1.01643	0.718588	6.38591	45.5691	19.9124	98.2347	1	1	1	1	0	0	0	0
08.08.2015 16:13:42.263000	0.0449998	0.0557229	0.0550994	126.805	-671.227	27.292	5	4	4	4	349.271	389	46.1724	2.8813	1.03202	0.727187	6.41936	44.6504	19.9009	94.761	1	1	1	1	0	0	0	0
08.08.2015 16:13:42.363000	0.0449998	0.0557229	0.0550994	126.805	-671.219	27.2949	5	4	4	4	379.134	389	46.2411	2.92952	1.08025	0.727187	6.47862	44.8504	19.878	95.3219	1	1	1	1	0	0	0	0
08.08.2015 16:13:42.463000	0.0449998	0.0557229	0.0550994	126.805	-671.224	27.2956	5	4	4	4	292.188	389	46.3231	2.99616	1.14692	0.734681	6.50135	45.3524	19.8561	97.4318	1	1	1	1	0	0	0	0
08.08.2015 16:13:42.563000	0.0449998	0.0557229	0.0550994	126.805	-671.227	27.2987	5	4	4	4	319.109	389	46.3977	3.12	1.27079	0.751361	6.53423	45.5978	19.8277	98.5885	1	1	1	1	0	0	0	0
08.08.2015 16:13:42.663000	0.0449998	0.0557229	0.0550994	126.805	-671.224	27.2985	5	4	4	4	368.001	389	46.4818	3.26443	1.41515	0.751361	6.5407	45.2049	19.7865	97.3221	1	1	1	1	0	0	0	0
08.08.2015 16:13:42.763000	0.0449998	0.0557229	0.0550994	126.805	-671.223	27.2998	5	4	4	4	443.656	389	46.5679	3.37705	1.52777	0.774587	6.52313	44.5397	19.7262	95.0057	1	1	1	1	0	0	0	0
08.08.2015 16:13:42.863000	0.0449998	0.0557229	0.0550994	126.805	-671.227	27.2996	5	4	4	4	409.647	389	46.6504	3.40853	1.55925	0.826283	6.43481	44.9198	19.6689	96.6809	1	1	1	1	0	0	0	0
08.08.2015 16:13:42.963000	0.0449998	0.0557229	0.0550994	126.805	-671.223	27.2971	5	4	4	4	395.969	389	46.7355	3.404	1.55472	0.826283	6.4355	44.9056	19.623	96.8021	1	1	1	1	0	0	0	0
08.08.2015 16:13:43.063000	0.0449998	0.0557229	0.0550994	126.805	-671.221	27.2931	5	4	4	4	448.115	389	46.826	3.37473	1.52545	0.836204	6.43706	44.8975	19.5895	96.8994	1	1	1	1	0	0	0	0
08.08.2015 16:13:43.163000	0.0449998	0.0557229	0.0550994	126.805	-671.223	27.29	5	4	4	4	348.042	389	46.9071	3.32095	1.47167	0.851721	6.45368	44.5485	19.5868	95.5736	1	1	1	1	0	0	0	0
08.08.2015 16:13:43.263000	0.0449998	0.0557229	0.0550994	126.81	-671.224	27.2859	5	4	4	4	389.887	389	46.9887	3.31777	1.46849	0.851721	6.50961	44.3499	19.5504	94.9522	1	1	1	1	0	0	0	0
08.08.2015 16:13:43.363000	0.0449998	0.0557229	0.0550994	126.813	-671.227	27.2846	5	4	4	4	402.3	389	47.0762	3.3196	1.47032	0.84469	6.45465	45.1926	19.5387	98.2237	1	1	1	1	0	0	0	0
08.08.2015 16:13:43.463000	0.0449998	0.0557229	0.0550994	126.813	-671.219	27.287	5	4	4	4	393.183	389	47.1603	3.29815	1.44887	0.834573	6.4271	44.2182	19.5322	94.5177	1	1	1	1	0	0	0	0
08.08.2015 16:13:43.563000	0.0449998	0.0557229	0.0550994	126.809	-671.223	27.2895	5	4	4	4	328.399	389	47.2369	3.29497	1.44569	0.834573	6.45416	45.3739	19.5208	98.9863	1	1	1	1	0	0	0	0
08.08.2015 16:13:43.663000	0.0449998	0.0557229	0.0550994	126.81	-671.221	27.288	5	4	4	4	339.064	389	47.3259	3.35988	1.5106	0.834601	6.50595	43.9077	19.5162	93.3901	1	1	1	1	0	0	0	0
08.08.2015 16:13:43.763000	0.0449998	0.0557229	0.0550994	126.816	-671.223	27.2862	5	4	4	4	374.599	389	47.4065	3.44872	1.59945	0.834637	6.52258	45.1601	19.4823	98.3153	1	1	1	1	0	0	0	0
08.08.2015 16:13:43.863000	0.0449998	0.0557229	0.0550994	126.813	-671.219	27.2884	5	4	4	4	355.65	389	47.4906	3.52062	1.67134	0.834637	6.45737	44.0999	19.4587	94.3462	1	1	1	1	0	0	0	0
08.08.2015 16:13:43.963000	0.0449998	0.0557229	0.0550994	126.82	-671.223	27.2879	5	4	4	4	379.612	389	47.5796	3.5938	1.74453	0.84681	6.44829	44.6435	19.4153	96.5937	1	1	1	1	0	0	0	0
08.08.2015 16:13:44.063000	0.0449998	0.0557229	0.0550994	126.82	-671.227	27.2917	5	4	4	4	394.657	389	47.6681	3.64446	1.79519	0.857604	6.42647	44.4511	19.3734	96.0174	1	1	1	1	0	0	0	0
08.08.2015 16:13:44.163000	0.0449998	0.0557229	0.0550994	126.82	-671.219	27.2917	5	4	4	4	365.772	389	47.7577	3.69374	1.84446	0.857604	6.44376	44.5979	19.3295	96.7477	1	1	1	1	0	0	0	0
08.08.2015 16:13:44.263000	0.0449998	0.0557229	0.0550994	126.82	-671.221	27.2928	5	4	4	4	420.52	389	47.8467	3.73838	1.8891	0.877401	6.47878	44.6133	19.2805	96.9942	1	1	1	1	0	0	0	0
08.08.2015 16:13:44.363000	0.0449998	0.0557229	0.0550994	126.82	-671.219	27.2949	5	4	4	4	331.383	389	47.9412	3.75233	1.90305	0.8851	6.44745	44.3764	19.2481	96.2109	1	1	1	1	0	0	0	0
08.08.2015 16:13:44.463000	0.0449998	0.0557229	0.0550994	126.82	-671.219	27.2931	5	4	4	4	388.754	389	48.0313	3.79835	1.94907	0.887418	6.48254	44.6867	19.2017	97.5771	1	1	1	1	0	0	0	0
08.08.2015 16:13:44.563000	0.0449998	0.0557229	0.0550994	126.82	-671.219	27.2971	5	4	4	4	377.16	389	48.1258	3.83541	1.98613	0.931458	6.44415	44.4181	19.1755	96.6491	1	1	1	1	0	0	0	0
08.08.2015 16:13:44.663000	0.0449998	0.0557229	0.0550994	126.82	-671.221	27.2996	5	4	4	4	412.198	389	48.2233	3.86238	2.0131	0.931458	6.42982	44.243	19.1341	96.1368	1	1	1	1	0	0	0	0
08.08.2015 16:13:44.763000	0.0449998	0.0557229	0.0550994	126.82	-671.219	27.3036	5	4	4	4	380.534	389	48.3178	3.8662	2.01692	0.940901	6.41484	44.4335	19.1054	96.9765	1	1	1	1	0	0	0	0
08.08.2015 16:13:44.863000	0.0449998	0.0557229	0.0550994	126.82	-671.224	27.3036	5	4	4	4	392.12	389	48.4118	3.86855	2.01927	0.952921	6.44655	44.2407	19.0821	96.327	1	1	1	1	0	0	0	0
08.08.2015 16:13:44.963000	0.0449998	0.0557229	0.0550994	126.82	-671.219	27.3085	5	4	4	4	421.358	389	48.5043	3.86239	2.01311	0.952921	6.47181	44.1701	19.0569	96.1534	1	1	1	1	0	0	0	0
08.08.2015 16:13:45.063000	0.0449998	0.0557229	0.0550994	126.826	-671.221	27.3098	5	4	4	4	434.208	389	48.5998	3.83084	1.98156	0.944227	6.41603	44.2841	19.0462	96.6311	1	1	1	1	0	0	0	0
08.08.2015 16:13:45.163000	0.0449998	0.0557229	0.0550994	126.82	-671.219	27.3079	5	4	4	4	347.087	389	48.6918	3.78096	1.93168	0.942053	6.4389	43.9545	19.0557	95.3324	1	1	1	1	0	0	0	0
08.08.2015 16:13:45.263000	0.0449998	0.0557229	0.0550994	126.826	-671.224	27.3098	5	4	4	4	376.446	389	48.7819	3.77924	1.92996	0.939992	6.45277	44.1544	19.0508	96.1169	1	1	1	1	0	0	0	0
08.08.2015 16:13:45.363000	0.0449998	0.0557229	0.0550994	126.824	-671.219	27.3074	5	4	4	4	351.677	389	48.8724	3.80319	1.95391	0.907702	6.4906	44.4171	19.0584	97.0933	1	1	1	1	0	0	0	0
08.08.2015 16:13:45.463000	0.0449998	0.0557229	0.0550994	126.828	-671.224	27.304	5	4	4	4	370.22	389	48.9674	3.84255	1.99328	0.907702	6.4764	44.6093	19.0488	97.8659	1	1	1	1	0	0	0	0
08.08.2015 16:13:45.563000	0.0449998	0.0557229	0.0550994	126.828	-671.219	27.2998	5	4	4	4	337.756	389	49.0624	3.89157	2.04229	0.920323	6.47206	43.6877	19.0545	94.3154	1	1	1	1	0	0	0	0
08.08.2015 16:13:45.663000	0.0449998	0.0557229	0.0550994	126.828	-671.219	27.2985	5	4	4	4	331.765	389	49.1589	3.9784	2.12912	0.938484	6.53445	43.9115	19.0411	95.2237	1	1	1	1	0	0	0	0
08.08.2015 16:13:45.763000	0.0449998	0.0557229	0.0550994	126.828	-671.223	27.2944	5	4	4	4	425.468	389	49.2534	4.08558	2.2363	0.938484	6.54042	44.1492	18.9994	96.2936	1	1	1	1	0	0	0	0
08.08.2015 16:13:45.863000	0.0449998	0.0557229	0.0550994	126.828	-671.221	27.2909	5	4	4	4	437.56	389	49.3544	4.11687	2.26759	0.970126	6.42768	43.9301	18.9527	95.6334	1	1	1	1	0	0	0	0
08.08.2015 16:13:45.963000	0.0449998	0.0557229	0.0550994	126.828	-671.223	27.2895	5	4	4	4	359.652	389	49.4524	4.09915	2.24987	0.975278	6.41368	44.0644	18.9289	96.2389	1	1	1	1	0	0	0	0
08.08.2015 16:13:46.063000	0.0449998	0.0557229	0.0550994	126.828	-671.221	27.2859	5	4	4	4	381.383	389	49.5529	4.11441	2.26513	0.982326	6.47145	44.1738	18.9029	96.7575	1	1	1	1	0	0	0	0
08.08.2015 16:13:46.163000	0.0449998	0.0557229	0.0550994	126.828	-671.219	27.2835	5	4	4	4	408.339	389	49.6504	4.12292	2.27364	0.994858	6.44672	44.275	18.8866	97.2074	1	1	1	1	0	0	0	0
08.08.2015 16:13:46.263000	0.0449998	0.0557229	0.0550994	126.828	-671.221	27.2848	5	4	4	4	411.394	389	49.7498	4.11124	2.26196	0.994858	6.45817	44.2023	18.8657	97.0085	1	1	1	1	0	0	0	0
08.08.2015 16:13:46.363000	0.0449998	0.0557229	0.0550994	126.828	-671.223	27.2873	5	4	4	4	369.439	389	49.8463	4.09032	2.24105	0.978951	6.41117	43.566	18.8687	94.561	1	1	1	1	0	0	0	0
08.08.2015 16:13:46.463000	0.0449998	0.0557229	0.0550994	126.828	-671.219	27.2902	5	4	4	4	420.974	389	49.9458	4.0842	2.23492	0.97522	6.44955	43.9811	18.8506	96.2198	1	1	1	1	0	0	0	0
08.08.2015 16:13:46.563000	0.0449998	0.0557229	0.0550994	126.828	-671.219	27.289	5	4	4	4	379.321	389	50.0403	4.06552	2.21624	0.972379	6.3987	43.7196	18.864	95.1672	1	1	1	1	0	0	0	0
08.08.2015 16:13:46.663000	0.0449998	0.0557229	0.0550994	126.828	-671.219	27.2895	5	4	4	4	358.752	389	50.1383	4.05577	2.20649	0.962867	6.41911	43.9637	18.8653	96.0971	1	1	1	1	0	0	0	0
08.08.2015 16:13:46.763000	0.0449998	0.0557229	0.0550994	126.828	-671.219	27.2879	5	4	4	4	303.709	389	50.2338	4.08971	2.24043	0.962867	6.46072	44.17	18.8727	96.8585	1	1	1	1	0	0	0	0
08.08.2015 16:13:46.863000	0.0449998	0.0557229	0.0550994	126.828	-671.219	27.2902	5	4	4	4	400.974	389	50.3303	4.17565	2.32637	0.968653	6.52592	44.1231	18.843	96.7923	1	1	1	1	0	0	0	0
08.08.2015 16:13:46.963000	0.0449998	0.0557229	0.0550994	126.832	-671.219	27.2917	5	4	4	4	321.804	389	50.4293	4.24464	2.39536	0.971502	6.50639	43.5491	18.8361	94.621	1	1	1	1	0	0	0	0
08.08.2015 16:13:47.063000	0.0449998	0.0557229	0.0550994	126.831	-671.219	27.2942	5	4	4	4	424.809	389	50.5333	4.32738	2.4781	0.981378	6.51093	43.7278	18.7989	95.4481	1	1	1	1	0	0	0	0
08.08.2015 16:13:47.163000	0.0449998	0.0557229	0.0550994	126.828	-671.219	27.2982	5	4	4	4	389.471	389	50.6362	4.36106	2.51179	1.01639	6.42048	44.0065	18.7641	96.6481	1	1	1	1	0	0	0	0
08.08.2015 16:13:47.263000	0.0449998	0.0557229	0.0550994	126.833	-671.221	27.3018	5	4	4	4	405.002	389	50.7422	4.38015	2.53087	1.01639	6.47606	43.6371	18.7375	95.3354	1	1	1	1	0	0	0	0
08.08.2015 16:13:47.363000	0.0449998	0.0557229	0.0550994	126.832	-671.219	27.3052	5	4	4	4	412.042	389.007	50.8462	4.37062	2.52134	1.04043	6.42612	44.0026	18.7185	96.8078	1	1	1	1	0.36	0	0	0
08.08.2015 16:13:47.463000	0.0449998	0.0557229	0.0550994	126.833	-671.221	27.3036	5	4	4	4	410.206	389.357	50.9516	4.33751	2.48823	1.04501	6.4293	43.7205	18.7229	95.711	1	1	1	1	1	0	0	0
08.08.2015 16:13:47.563000	0.0449998	0.0557229	0.0550994	126.836	-671.223	27.2993	5	4	4	4	379.096	390.529	51.0536	4.23272	2.38344	1.0412	6.46845	43.4473	18.7255	94.6545	1	1	1	1	1	0	0	0
08.08.2015 16:13:47.663000	0.0449998	0.0557229	0.0550994	126.836	-671.219	27.3	5	4	4	4	382.277	392.56	51.1565	4.19982	2.35054	1.03637	6.45592	43.8437	18.7274	96.1653	1	1	1	1	1	0	0	0
08.08.2015 16:13:47.763000	0.0449998	0.0557229	0.0550994	126.836	-671.219	27.3014	5	4	4	4	431.859	395.45	51.2545	4.20518	2.3559	1.03637	6.38056	43.2627	18.7446	93.8748	1	1	1	1	1	0	0	0
08.08.2015 16:13:47.863000	0.0449998	0.0557229	0.0550994	126.836	-671.219	27.3036	5	4	4	4	372.236	399.199	51.356	4.16005	2.31077	1.01154	6.33206	43.5666	18.7567	94.9924	1	1	1	1	1	0	0	0
08.08.2015 16:13:47.963000	0.0449998	0.0557229	0.0550994	126.84	-671.219	27.3058	5	4	4	4	344.443	403.806	51.4535	4.24094	2.39166	1.01103	6.40966	44.2528	18.7583	97.6131	1	1	1	1	1	0	0	0
08.08.2015 16:13:48.063000	0.0449998	0.0557229	0.0550994	126.841	-671.219	27.3054	5	4	4	4	327.361	409.273	51.558	4.55908	2.7098	1.00695	6.49572	43.5085	18.7349	94.8529	1	1	1	1	1	0	0	0
08.08.2015 16:13:48.163000	0.0449998	0.0557229	0.0550994	126.844	-671.219	27.3052	5	4	4	4	370.361	415.598	51.6719	5.06966	3.22038	1.00287	6.48064	43.3502	18.6398	94.6112	1	1	1	1	1	0	0	0
08.08.2015 16:13:48.263000	0.0449998	0.0557229	0.0550994	126.844	-671.219	27.3069	5	4	4	4	450.512	422.781	51.7977	5.61723	3.76795	1.09284	6.47072	43.497	18.4569	95.8737	1	1	1	1	1	0	0	0
08.08.2015 16:13:48.363000	0.0449998	0.0557229	0.0550994	126.844	-671.227	27.3069	5	4	4	4	528.457	430.824	51.9345	5.95811	4.10883	1.20735	6.40799	43.1831	18.2255	95.5577	1	1	1	1	1	0	0	0
08.08.2015 16:13:48.463000	0.0449998	0.0557229	0.0550994	126.844	-671.221	27.3047	5	4	4	4	487.942	439.725	52.0773	5.9087	4.05943	1.32577	6.29795	42.9624	18.0431	95.4109	1	1	1	1	1	0	0	0
08.08.2015 16:13:48.563000	0.0449998	0.0557229	0.0550994	126.844	-671.219	27.3036	5	4	4	4	546.316	449.485	52.2111	5.69918	3.8499	1.38953	6.32566	42.8317	17.9089	95.4243	1	1	1	1	1	0	0	0
08.08.2015 16:13:48.663000	0.0449998	0.0557229	0.0550994	126.844	-671.219	27.304	5	4	4	4	386.589	460.105	52.3364	5.47962	3.63034	1.33823	6.3111	42.7821	17.8919	95.2997	1	1	1	1	1	0	0	0
08.08.2015 16:13:48.763000	0.0449998	0.0557229	0.0550994	126.844	-671.223	27.3036	5	4	4	4	534.933	471.583	52.4662	5.518	3.66873	1.32291	6.34537	42.7996	17.8702	95.4495	1	1	1	1	1	0	0	0
08.08.2015 16:13:48.863000	0.0449998	0.0557229	0.0550994	126.844	-671.221	27.2985	5	4	4	4	455.22	483.921	52.5906	5.50717	3.65789	1.27896	6.16627	42.8233	17.8664	95.5549	1	1	1	1	1	0	0	0
08.08.2015 16:13:48.963000	0.0449998	0.0557229	0.0550994	126.844	-671.219	27.2971	5	4	4	4	337.47	497.116	52.7224	5.76726	3.91798	1.26865	6.2732	42.781	17.8558	95.4336	1	1	1	1	1	0	0	0
08.08.2015 16:13:49.063000	0.0449998	0.0557229	0.0550994	126.844	-671.221	27.2964	5	4	4	4	476.674	511.171	52.8622	6.49311	4.64383	1.30562	6.39573	42.6304	17.7377	95.3093	1	1	1	1	1	0	0	0
08.08.2015 16:13:49.163000	0.0449998	0.0557229	0.0550994	126.848	-671.223	27.2949	5	4	4	4	485.751	526.084	53.0243	7.27168	5.4224	1.40274	6.33545	42.3898	17.4823	95.3661	1	1	1	1	1	0	0	0
08.08.2015 16:13:49.263000	0.0449998	0.0557229	0.0550994	126.844	-671.221	27.2909	5	4	4	4	605.302	541.855	53.2024	8.01269	6.16341	1.58416	6.35824	41.9619	17.1137	95.1389	1	1	1	1	1	0	0	0
08.08.2015 16:13:49.363000	0.0449998	0.0557229	0.0550994	126.844	-671.223	27.2917	5	4	4	4	565.991	558.485	53.3944	8.46326	6.61398	1.8561	6.18093	41.5434	16.7607	94.8882	1	1	1	1	1	0	0	0
08.08.2015 16:13:49.463000	0.0449998	0.0557229	0.0550994	126.844	-671.221	27.2942	5	4	4	4	672.278	575.974	53.5914	8.80402	6.95474	1.91883	6.15047	41.2155	16.4078	94.9837	1	1	1	1	1	0	0	0
08.08.2015 16:13:49.563000	0.0449998	0.0557229	0.0550994	126.844	-671.219	27.2955	5	4	4	4	593.942	594.323	53.7944	8.95971	7.11044	1.98183	6.06335	40.9338	16.1705	94.8138	1	1	1	1	1	0	0	0
08.08.2015 16:13:49.663000	0.0449998	0.0557229	0.0550994	126.844	-671.221	27.2953	5	4	4	4	597.443	613.531	53.9973	9.12664	7.27736	2.02202	6.0288	40.7474	15.991	94.7874	1	1	1	1	1	0	0	0
08.08.2015 16:13:49.763000	0.0449998	0.0557229	0.0550994	126.844	-671.219	27.2955	5	4	4	4	542.998	633.595	54.2047	9.495	7.64572	2.02891	6.1087	40.5899	15.8372	94.7729	1	1	1	1	1	0	0	0
08.08.2015 16:13:49.863000	0.0449998	0.0557229	0.0550994	126.849	-671.224	27.2946	5	4	4	4	608.319	654.519	54.4211	10.1536	8.3043	2.10785	6.15881	40.3917	15.648	94.7386	1	1	1	1	1	0	0	0
08.08.2015 16:13:49.963000	0.0449998	0.0557229	0.0550994	126.852	-671.223	27.2982	5	4	4	4	614.512	676.304	54.6554	10.9497	9.10046	2.23684	6.11942	40.1242	15.4213	94.5825	1	1	1	1	1	0	0	0
08.08.2015 16:13:50.063000	0.0449998	0.0557229	0.0550994	126.846	-671.221	27.296	5	4	4	4	674.651	698.945	54.9056	11.9182	10.069	2.42829	6.11972	39.8317	15.1263	94.5923	1	1	1	1	1	0	0	0
08.08.2015 16:13:50.163000	0.0449998	0.0557229	0.0550994	126.844	-671.223	27.2976	5	4	4	4	748.62	722.446	55.1772	12.7549	10.9056	2.60992	5.96928	39.5017	14.8523	94.3778	1	1	1	1	1	0	0	0
08.08.2015 16:13:50.263000	0.0449998	0.0557229	0.0550994	126.852	-671.221	27.2978	5	4	4	4	736.842	746.806	55.4627	13.4348	11.5855	2.82708	5.89101	39.2226	14.578	94.3593	1	1	1	1	1	0	0	0
08.08.2015 16:13:50.363000	0.0449998	0.0557229	0.0550994	126.852	-671.223	27.3003	5	4	4	4	733.534	772.022	55.7656	14.1237	12.2744	2.97254	5.81869	38.9743	14.3779	94.1747	1	1	1	1	1	0	0	0
08.08.2015 16:13:50.463000	0.0449998	0.0557229	0.0550994	126.852	-671.219	27.2989	5	4	4	4	803.183	798.099	56.0805	14.8675	13.0182	3.10703	5.83514	38.7768	14.1756	94.1929	1	1	1	1	1	0	0	0
08.08.2015 16:13:50.563000	0.0449998	0.0557229	0.0550994	126.848	-671.227	27.2982	5	4	4	4	847.347	825.036	56.4083	15.5984	13.7491	3.26985	5.80624	38.5941	14.0091	94.1312	1	1	1	1	1	0	0	0
08.08.2015 16:13:50.663000	0.0449998	0.0557229	0.0550994	126.849	-671.221	27.2982	5	4	4	4	849.66	852.83	56.7515	16.2585	14.4092	3.40036	5.68922	38.4566	13.8933	94.048	1	1	1	1	1	0	0	0
08.08.2015 16:13:50.763000	0.0449998	0.0557229	0.0550994	126.852	-671.223	27.3009	5	4	4	4	805.431	881.481	57.1106	16.9699	15.1206	3.52971	5.69157	38.314	13.8075	93.8307	1	1	1	1	1	0	0	0
08.08.2015 16:13:50.863000	0.0449998	0.0557229	0.0550994	126.852	-671.219	27.3	5	4	4	4	1014.67	782.977	57.4797	17.8603	12.0741	3.70012	5.74562	38.236	13.676	94.0354	1	1	1	1	1	0.24	0	0.24
08.08.2015 16:13:50.963000	0.0449998	0.0557229	0.0550994	126.852	-671.223	27.3031	5	4	4	4	1357.09	389	58.6034	18.2534	0	34.8788	5.49792	65.9383	19.1807	179.025	1	1	1	1	1	1	0	1
08.08.2015 16:13:51.063000	0.0449998	0.0557229	0.0550994	126.849	-671.219	27.305	5	4	4	4	1796.89	389	62.143	18.2534	0	82.8504	4.78558	109.029	3.91943	402.443	1	1	1	1	1	1	0.97	1
08.08.2015 16:13:51.163000	0.0449998	0.0557229	0.0550994	126.879	-671.219	27.0291	5	4	4	4	29.9681	389	62.1276	18.2534	0	82.8479	3.51312	113.568	0.678487	432.231	1	1	1	1	1	1	1	1
08.08.2015 16:13:51.263000	0.0449998	0.0557229	0.0550994	126.779	-671.211	23.8231	5	4	4	4	3.49794	389	62.1276	10.2219	0	82.8479	2.43051	126.066	0.535478	480.632	1	1	1	1	1	1	1	0.56
08.08.2015 16:13:51.363000	0.0449998	0.0557229	0.0550994	126.738	-671.223	19.2681	5	4	4	4	0.638937	389	62.1276	0	0	82.8479	1.61644	128.95	0.567461	491.55	1	1	1	1	1	1	1	0
08.08.2015 16:13:51.463000	0.0449998	0.0557229	0.0550994	126.773	-671.24	16.254	5	4	4	4	0.598487	389	62.1276	0	0	82.8479	1.26643	129.367	0.54152	493.246	1	1	1	1	1	1	1	0
08.08.2015 16:13:51.563000	0.0449998	0.0557229	0.0550994	126.77	-671.234	12.1761	5	4	4	4	0.598289	389	62.1276	0	0	82.8479	1.03798	129.274	0.550798	492.854	1	1	1	1	1	1	1	0
08.08.2015 16:13:51.663000	0.0449998	0.0557229	0.0550994	126.771	-671.242	9.93092	5	4	4	4	0.600501	389	62.1276	0	0	82.8479	0.847779	129.166	0.529679	492.523	1	1	1	1	1	1	1	0
08.08.2015 16:13:51.763000	0.0449998	0.0557229	0.0550994	126.75	-671.25	8.09733	5	4	4	4	0.601855	389	62.1276	0	0	82.8479	0.716971	129.082	0.537614	492.172	1	1	1	1	1	1	1	0
08.08.2015 16:13:51.863000	0.0449998	0.0557229	0.0550994	126.68	-671.232	6.83485	5	4	4	4	0.600647	389	62.1276	0	0	82.8479	0.635026	129.025	0.52736	491.993	1	1	1	1	1	1	1	0
08.08.2015 16:13:51.963000	0.0449998	0.0557229	0.0550994	126.672	-671.25	5.7232	5	4	4	4	0.310049	389	62.1276	0	0	82.8479	0.573163	128.976	0.530168	491.795	1	1	1	1	1	1	1	0
08.08.2015 16:13:52.063000	0.0449998	0.0557229	0.0550994	126.674	-671.25	4.73271	5	4	4	4	0.269436	389	62.1276	0	0	5.75313	0.507082	128.938	0.527116	491.659	1	1	1	1	1	1	1	0
08.08.2015 16:13:52.163000	0.0449998	0.0557229	0.0550994	126.676	-671.25	4.2258	5	4	4	4	0.29004	389	62.1276	0	0	-0.0496974	0.467875	128.898	0.528459	491.502	1	1	1	1	1	1	1	0
08.08.2015 16:13:52.263000	0.0449998	0.0557229	0.0550994	126.68	-671.247	3.53335	5	4	4	4	0.286041	389	62.1276	0	0	-0.0496974	0.435981	128.867	0.526322	491.391	1	1	1	1	1	1	1	0
08.08.2015 16:13:52.363000	0.0449998	0.0557229	0.0550994	126.68	-671.25	3.12934	5	4	4	4	0.284419	389	62.1276	0	0	-0.0496974	0.409303	128.837	0.524064	491.281	1	1	1	1	1	1	1	0
08.08.2015 16:13:52.463000	0.0449998	0.0557229	0.0550994	126.68	-671.247	2.82588	5	4	4	4	0.27778	389	62.1276	0	0	-0.0496974	0.378971	128.809	0.526444	491.168	1	1	1	1	1	1	1	0
08.08.2015 16:13:52.563000	0.0449998	0.0557229	0.0550994	126.676	-671.242	2.0204	5	4	4	4	0.251796	389	62.1276	0	0	-0.0496974	0.359852	128.782	0.525651	491.067	1	1	1	1	1	1	1	0
08.08.2015 16:13:52.663000	0.0449998	0.0557229	0.0550994	126.68	-671.247	0.465856	5	4	4	4	0.275287	389	62.1276	0	0	-0.0496974	0.343764	128.757	0.528214	490.961	1	1	1	1	1	1	1	0
08.08.2015 16:13:52.763000	0.0449998	0.0557229	0.0550994	126.68	-671.242	0.148655	5	4	4	4	0.257315	389	62.1276	0	0	-0.0496974	0.328414	128.733	0.529496	490.864	1	1	1	1	1	1	1	0
08.08.2015 16:13:52.863000	0.0449998	0.0557229	0.0550994	126.677	-671.242	0.126591	5	4	4	4	0.266035	389	62.1276	0	0	-0.0496974	0.311921	128.712	0.525468	490.799	1	1	1	1	1	1	1	0
08.08.2015 16:13:52.963000	0.0449998	0.0557229	0.0550994	126.676	-671.246	0.110135	5	4	4	4	0.282589	389	62.1276	0	0	-0.0496974	0.302445	128.69	0.527384	490.715	1	1	1	1	1	1	1	0
08.08.2015 16:13:53.063000	0.0449998	0.0557229	0.0550994	126.68	-671.242	0.0882523	5	4	4	4	0.294472	389	62.1276	0	0	-0.00397579	0.291753	128.671	0.526398	490.644	1	1	1	1	1	1	1	0
08.08.2015 16:13:53.163000	0.0449998	0.0557229	0.0550994	126.68	-671.242	0.0775825	5	4	4	4	0.2992	389	62.1276	0	0	0	0.281236	128.661	0.528336	490.594	1	1	1	1	1	1	1	0
08.08.2015 16:13:53.263000	0.0449998	0.0557229	0.0550994	126.672	-671.242	0.0622106	5	4	4	4	0.262362	389	62.1276	0	0	0	0.280657	128.64	0.52504	490.527	1	1	1	1	1	1	1	0
08.08.2015 16:13:53.363000	0.0449998	0.0557229	0.0550994	126.645	-671.242	0.0482856	5	4	4	4	0.266672	389	62.1276	0	0	0	0.294141	128.635	0.526994	490.501	1	1	1	1	1	1	1	0
08.08.2015 16:13:53.463000	0.0449998	0.0557229	0.0550994	126.63	-671.234	0.036169	5	4	4	4	0.266643	389	62.1276	0	0	0	0.306453	128.618	0.524782	490.442	1	1	1	1	1	1	1	0
08.08.2015 16:13:53.563000	0.0449998	0.0557229	0.0550994	126.633	-671.094	0.0298394	5	4	4	4	0.271899	389	62.1276	0	0	0	0.320501	128.616	0.527421	490.425	1	1	1	1	1	1	1	0
08.08.2015 16:13:53.663000	0.0449998	0.0557229	0.0550994	126.693	-668.581	0.0206163	5	4	4	4	0.254148	389	62.1276	0	0	0	0.330773	128.606	0.526688	490.389	1	1	1	1	1	1	1	0
08.08.2015 16:13:53.763000	0.0449998	0.0557229	0.0550994	126.719	-657.105	0.0146484	5	4	4	4	0.254002	389	62.1276	0	0	0	0.338165	128.591	0.524796	490.341	1	1	1	1	1	1	1	0
08.08.2015 16:13:53.863000	0.0449998	0.0557229	0.0550994	126.719	-635.766	0.00904225	5	4	4	4	0.258231	389	62.1276	0	0	0	0.341175	128.573	0.526383	490.264	1	1	1	1	1	1	1	0
08.08.2015 16:13:53.963000	0.0449998	0.0557229	0.0550994	126.719	-613.125	0.00217014	5	4	4	4	0.263007	389	62.1276	0	0	0	0.343417	128.555	0.527421	490.191	1	1	1	1	1	1	1	0
08.08.2015 16:13:54.063000	0.0449998	0.0557229	0.0550994	126.719	-574.495	0.00072338	5	4	4	4	0.249412	389	62.1276	0	0	0	0.346137	128.53	0.528153	490.093	1	1	1	1	1	1	1	0
08.08.2015 16:13:54.163000	0.0449998	0.0557229	0.0550994	126.719	-541.852	-0.00217014	5	4	4	4	0.246774	389	62.1276	0	0	0	0.346933	128.503	0.528947	489.989	1	1	1	1	1	1	1	0
08.08.2015 16:13:54.263000	0.0449998	0.0557229	0.0550994	126.719	-505.792	-0.00217014	5	4	4	4	0.27652	389	62.1276	0	0	0	0.349855	128.48	0.526017	489.908	1	1	1	1	1	1	1	0
08.08.2015 16:13:54.363000	0.0449998	0.0557229	0.0550994	126.719	-465.926	-0.00325521	5	4	4	4	0.274631	389	62.1276	0	0	0	0.353125	128.451	0.527421	489.792	1	1	1	1	1	1	1	0
08.08.2015 16:13:54.463000	0.0449998	0.0557229	0.0550994	126.719	-407.307	-0.00180845	5	4	4	4	0.265962	389	62.1276	0	0	0	0.356597	128.423	0.530106	489.676	1	1	1	1	1	1	1	0
08.08.2015 16:13:54.563000	0.0449998	0.0557229	0.0550994	126.719	-365.285	-0.000542535	5	4	4	4	0.275565	389	62.1276	0	0	0	0.358377	128.394	0.525895	489.581	1	1	1	1	1	1	1	0
08.08.2015 16:13:54.663000	0.0449998	0.0557229	0.0550994	126.719	-323.143	-0.00072338	5	4	4	4	0.26261	389	62.1276	0	0	0	0.36156	128.364	0.527848	489.458	1	1	1	1	1	1	1	0
08.08.2015 16:13:54.763000	0.0449998	0.0557229	0.0550994	126.719	-273.352	0	5	4	4	4	0.262865	389	62.1276	0	0	0	0.363006	128.335	0.529191	489.342	1	1	1	1	1	1	1	0
08.08.2015 16:13:54.863000	0.0449998	0.0557229	0.0550994	126.719	-223.807	0.00144676	5	4	4	4	0.255329	389	62.1276	0	0	0	0.365119	128.31	0.526627	489.257	1	1	1	1	1	1	1	0
08.08.2015 16:13:54.963000	0.0449998	0.0557229	0.0550994	126.719	-182.789	0.0016276	5	4	4	4	0.256355	389	62.1276	0	0	0	0.366102	128.279	0.528336	489.13	1	1	1	1	1	1	1	0
08.08.2015 16:13:55.063000	0.0449998	0.0557229	0.0550994	126.719	-141.438	0.00434028	5	4	4	4	0.287727	389	62.1276	0	0	0	0.368302	128.248	0.5262	489.021	1	1	1	1	1	1	1	0
08.08.2015 16:13:55.163000	0.0449998	0.0557229	0.0550994	126.719	-83.9453	0.00596788	5	4	4	4	0.265494	389	62.1276	0	0	0	0.370486	128.222	0.525407	488.923	1	1	1	1	1	1	1	0
08.08.2015 16:13:55.263000	0.0449998	0.0557229	0.0550994	126.721	-43.1927	0.00651042	5	4	4	4	0.293815	389	62.1276	0	0	0	0.371918	128.194	0.528275	488.806	1	1	1	1	1	1	1	0
08.08.2015 16:13:55.363000	0.0449998	0.0557229	0.0550994	126.723	5.91016	0.00705295	5	4	4	4	0.289329	389	62.1276	0	0	0	0.373076	128.168	0.529069	488.705	1	1	1	1	1	1	1	0
08.08.2015 16:13:55.463000	0.0449998	0.0557229	0.0550994	126.724	55.0964	0.00687211	5	4	4	4	0.256147	389	62.1276	0	0	0	0.373076	128.141	0.52797	488.605	1	1	1	1	1	1	1	0
08.08.2015 16:13:55.563000	0.0449998	0.0557229	0.0550994	126.723	104.063	0.00596788	5	4	4	4	0.264931	389	62.1276	0	0	0	0.375014	128.114	0.52736	488.502	1	1	1	1	1	1	1	0
08.08.2015 16:13:55.663000	0.0449998	0.0557229	0.0550994	126.727	152.698	0.00506366	5	4	4	4	0.260966	389	62.1276	0	0	0	0.376649	128.085	0.529374	488.385	1	1	1	1	1	1	1	0
08.08.2015 16:13:55.763000	0.0449998	0.0557229	0.0550994	126.727	192.941	0.00325521	5	4	4	4	0.255281	389	62.1276	0	0	0	0.37921	128.055	0.525895	488.284	1	1	1	1	1	1	1	0
08.08.2015 16:13:55.863000	0.0449998	0.0557229	0.0550994	126.727	244.049	0.00289352	5	4	4	4	0.240666	389	62.1276	0	0	0	0.380657	128.03	0.526749	488.186	1	1	1	1	1	1	1	0
08.08.2015 16:13:55.963000	0.0449998	0.0557229	0.0550994	126.727	289.781	0	5	4	4	4	0.244077	389	62.1276	0	0	0	0.382234	128.004	0.523576	488.098	1	1	1	1	1	1	1	0
08.08.2015 16:13:56.063000	0.0449998	0.0557229	0.0550994	126.727	329.815	-0.00108507	5	4	4	4	0.234799	389	62.1276	0	0	0	0.382827	127.976	0.529801	487.967	1	1	1	1	1	1	1	0
08.08.2015 16:13:56.163000	0.0449998	0.0557229	0.0550994	126.727	370.211	-0.0016276	5	4	4	4	0.230784	389	62.1276	0	0	0	0.382552	127.953	0.525529	487.895	1	1	1	1	1	1	1	0
08.08.2015 16:13:56.263000	0.0449998	0.0557229	0.0550994	126.729	426.391	-0.00253183	5	4	4	4	0.234458	389	62.1276	0	0	0	0.381322	127.924	0.529008	487.77	1	1	1	1	1	1	1	0
08.08.2015 16:13:56.363000	0.0449998	0.0557229	0.0550994	126.734	466.332	-0.00488281	5	4	4	4	0.247381	389	62.1276	0	0	0	0.381655	127.9	0.527909	487.681	1	1	1	1	1	1	1	0
08.08.2015 16:13:56.463000	0.0449998	0.0557229	0.0550994	126.734	506.93	-0.00470197	5	4	4	4	0.266129	389	62.1276	0	0	0	0.383695	127.873	0.529618	487.571	1	1	1	1	1	1	1	0
08.08.2015 16:13:56.563000	0.0449998	0.0557229	0.0550994	126.734	554.328	-0.00434028	5	4	4	4	0.260116	389	62.1276	0	0	0	0.384115	127.842	0.529618	487.455	1	1	1	1	1	1	1	0
08.08.2015 16:13:56.663000	0.0449998	0.0557229	0.0550994	126.737	594.615	-0.00434028	5	4	4	4	0.257984	389	62.1276	0	0	0	0.384013	127.821	0.529374	487.373	1	1	1	1	1	1	1	0
08.08.2015 16:13:56.763000	0.0449998	0.0557229	0.0550994	126.75	622.113	-0.00434028	5	4	4	4	0.227076	389	62.1276	0	0	0	0.383637	127.795	0.531938	487.266	1	1	1	1	1	1	1	0
08.08.2015 16:13:56.863000	0.0449998	0.0557229	0.0550994	126.753	644.44	-0.00289352	5	4	4	4	0.252128	389	62.1276	0	0	0	0.385475	127.771	0.529923	487.18	1	1	1	1	1	1	1	0
08.08.2015 16:13:56.963000	0.0449998	0.0557229	0.0550994	126.781	666.098	-0.00108507	5	4	4	4	0.233422	389	62.1276	0	0	0	0.386343	127.747	0.527421	487.098	1	1	1	1	1	1	1	0
08.08.2015 16:13:57.063000	0.0449998	0.0557229	0.0550994	126.799	672.01	0.00253183	5	4	4	4	0.236032	389	62.1276	0	0	0	0.387587	127.726	0.527543	487.017	1	1	1	1	1	1	1	0
08.08.2015 16:13:57.163000	0.0449998	0.0557229	0.0550994	126.813	673.918	0.00379774	5	4	4	4	0.235244	389	62.1276	0	0	0	0.388035	127.696	0.526627	486.907	1	1	1	1	1	1	1	0
08.08.2015 16:13:57.263000	0.0449998	0.0557229	0.0550994	126.802	674.927	0.00651042	5	4	4	4	0.235646	389	62.1276	0	0	0	0.389178	127.674	0.533219	486.798	1	1	1	1	1	1	1	0
08.08.2015 16:13:57.363000	0.0449998	0.0557229	0.0550994	126.785	674.984	0.00705295	5	4	4	4	0.250633	389	62.1276	0	0	0	0.389178	127.648	0.536821	486.685	1	1	1	1	1	1	1	0
08.08.2015 16:13:57.463000	0.0449998	0.0557229	0.0550994	126.784	674.984	0.00831887	5	4	4	4	0.227942	389	62.1276	0	0	0	0.387717	127.614	0.539872	486.543	1	1	1	1	1	1	1	0
08.08.2015 16:13:57.563000	0.0449998	0.0557229	0.0550994	126.781	674.973	0.00868056	5	4	4	4	0.256183	389	62.1276	0	0	0	0.386762	127.596	0.542619	486.46	1	1	1	1	1	1	1	0
08.08.2015 16:13:57.663000	0.0449998	0.0557229	0.0550994	126.667	675.023	0.00542535	5	4	4	4	0.262785	389	62.1276	0	0	0	0.385315	127.56	0.541581	486.327	1	1	1	1	1	1	1	0
08.08.2015 16:13:57.763000	0.0449998	0.0557229	0.0550994	126.609	675.059	0.00217014	5	4	4	4	0.258389	389	62.1276	0	0	0	0.385851	127.553	0.541642	486.301	1	1	1	1	1	1	1	0
08.08.2015 16:13:57.863000	0.0449998	0.0557229	0.0550994	126.604	675.057	-0.00144676	5	4	4	4	0.278354	389	62.1276	0	0	0	0.384592	127.526	0.540117	486.202	1	1	1	1	1	1	1	0
08.08.2015 16:13:57.963000	0.0449998	0.0557229	0.0550994	126.594	675.012	-0.0016276	5	4	4	4	0.258982	389	62.1276	0	0	0	0.384303	127.503	0.538102	486.125	1	1	1	1	1	1	1	0
08.08.2015 16:13:58.063000	0.0449998	0.0557229	0.0550994	126.625	675.029	-0.00470197	5	4	4	4	0.268445	389	62.1276	0	0	0	0.384115	127.48	0.539628	486.03	1	1	1	1	1	1	1	0
08.08.2015 16:13:58.163000	0.0449998	0.0557229	0.0550994	126.625	675.023	-0.00542535	5	4	4	4	0.26364	389	62.1276	0	0	0	0.383869	127.458	0.537919	485.952	1	1	1	1	1	1	1	0
08.08.2015 16:13:58.263000	0.0449998	0.0557229	0.0550994	126.625	675.034	-0.00397859	5	4	4	4	0.262202	389	62.1276	0	0	0	0.383492	127.434	0.536637	485.864	1	1	1	1	1	1	1	0
08.08.2015 16:13:58.363000	0.0449998	0.0557229	0.0550994	126.625	675	-0.00434028	5	4	4	4	0.253785	389	62.1276	0	0	0	0.383333	127.412	0.533952	485.792	1	1	1	1	1	1	1	0
08.08.2015 16:13:58.463000	0.0449998	0.0557229	0.0550994	126.625	675.018	-0.00036169	5	4	4	4	0.265858	389	62.1276	0	0	0	0.383738	127.388	0.53737	485.687	1	1	1	1	1	1	1	0
08.08.2015 16:13:58.563000	0.0449998	0.0557229	0.0550994	126.629	675.047	0.00108507	5	4	4	4	0.236084	389	62.1276	0	0	0	0.383869	127.368	0.535356	485.616	1	1	1	1	1	1	1	0
08.08.2015 16:13:58.663000	0.0449998	0.0557229	0.0550994	126.628	675.156	0.00325521	5	4	4	4	0.257647	389	62.1276	0	0	0	0.384462	127.349	0.535966	485.541	1	1	1	1	1	1	1	0
08.08.2015 16:13:58.763000	0.0449998	0.0557229	0.0550994	126.625	675.055	0.00271267	5	4	4	4	0.251925	389	62.1276	0	0	0	0.384838	127.322	0.537004	485.434	1	1	1	1	1	1	1	0
08.08.2015 16:13:58.863000	0.0449998	0.0557229	0.0550994	126.625	675.094	0.00470197	5	4	4	4	0.247324	389	62.1276	0	0	0	0.386589	127.3	0.53737	485.35	1	1	1	1	1	1	1	0
08.08.2015 16:13:58.963000	0.0449998	0.0557229	0.0550994	126.625	675.121	0.00325521	5	4	4	4	0.260143	389	62.1276	0	0	0	0.387543	127.275	0.539323	485.247	1	1	1	1	1	1	1	0
08.08.2015 16:13:59.063000	0.0449998	0.0557229	0.0550994	126.628	675.094	0.00289352	5	4	4	4	0.262094	389	62.1276	0	0	0	0.388701	127.255	0.539933	485.165	1	1	1	1	1	1	1	0
08.08.2015 16:13:59.163000	0.0449998	0.0557229	0.0550994	126.625	675.078	0.00108507	5	4	4	4	0.247451	389	62.1276	0	0	0	0.389236	127.23	0.541398	485.064	1	1	1	1	1	1	1	0
08.08.2015 16:13:59.263000	0.0449998	0.0557229	0.0550994	126.625	675.052	0.00036169	5	4	4	4	0.262102	389	62.1276	0	0	0	0.390582	127.21	0.540788	484.99	1	1	1	1	1	1	1	0
08.08.2015 16:13:59.363000	0.0449998	0.0557229	0.0550994	126.633	675.039	-0.00108507	5	4	4	4	0.280902	389	62.1276	0	0	0	0.390336	127.186	0.541948	484.893	1	1	1	1	1	1	1	0
08.08.2015 16:13:59.463000	0.0449998	0.0557229	0.0550994	126.63	675.021	-0.00144676	5	4	4	4	0.252086	389	62.1276	0	0	0	0.390813	127.161	0.53853	484.811	1	1	1	1	1	1	1	0
08.08.2015 16:13:59.563000	0.0449998	0.0557229	0.0550994	126.633	675	-0.00108507	5	4	4	4	0.254275	389	62.1276	0	0	0	0.390148	127.139	0.539323	484.725	1	1	1	1	1	1	1	0
08.08.2015 16:13:59.663000	0.0449998	0.0557229	0.0550994	126.628	675	-0.00072338	5	4	4	4	0.253022	389	62.1276	0	0	0	0.389453	127.119	0.542497	484.637	1	1	1	1	1	1	1	0
08.08.2015 16:13:59.763000	0.0449998	0.0557229	0.0550994	126.629	675	-0.00108507	5	4	4	4	0.245294	389	62.1276	0	0	0	0.388701	127.094	0.539079	484.552	1	1	1	1	1	1	1	0
08.08.2015 16:13:59.863000	0.0449998	0.0557229	0.0550994	126.633	674.992	0.00072338	5	4	4	4	0.258864	389	62.1276	0	0	0	0.387818	127.076	0.540361	484.481	1	1	1	1	1	1	1	0
08.08.2015 16:13:59.963000	0.0449998	0.0557229	0.0550994	126.633	675.008	0.00271267	5	4	4	4	0.240584	389	62.1276	0	0	0	0.387731	127.055	0.537919	484.409	1	1	1	1	1	1	1	0
08.08.2015 16:14:00.063000	0.0449998	0.0557229	0.0550994	126.633	674.997	0.00108507	5	4	4	4	0.267881	389	62.1276	0	0	0	0.38491	127.032	0.541215	484.306	1	1	1	1	1	1	1	0
08.08.2015 16:14:00.163000	0.0449998	0.0557229	0.0550994	126.633	674.984	0.00217014	5	4	4	4	0.254841	389	62.1276	0	0	0	0.38465	127.012	0.541704	484.229	1	1	1	1	1	1	1	0
08.08.2015 16:14:00.263000	0.0449998	0.0557229	0.0550994	126.633	674.992	0.00108507	5	4	4	4	0.257319	389	62.1276	0	0	0	0.384549	126.987	0.540544	484.139	1	1	1	1	1	1	1	0
08.08.2015 16:14:00.363000	0.0449998	0.0557229	0.0550994	126.633	674.988	0.00108507	5	4	4	4	0.261217	389	62.1276	0	0	0	0.384838	126.966	0.539628	484.061	1	1	1	1	1	1	1	0
08.08.2015 16:14:00.463000	0.0449998	0.0557229	0.0550994	126.635	674.984	0.00108507	5	4	4	4	0.241472	389	62.1276	0	0	0	0.383869	126.944	0.537553	483.986	1	1	1	1	1	1	1	0
08.08.2015 16:14:00.563000	0.0449998	0.0557229	0.0550994	126.637	674.984	0.00108507	5	4	4	4	0.261363	389	62.1276	0	0	0	0.383333	126.925	0.539323	483.904	1	1	1	1	1	1	1	0
08.08.2015 16:14:00.663000	0.0449998	0.0557229	0.0550994	126.633	674.979	0	5	4	4	4	0.255639	389	62.1276	0	0	0	0.383449	126.902	0.540178	483.813	1	1	1	1	1	1	1	0
08.08.2015 16:14:00.763000	0.0449998	0.0557229	0.0550994	126.633	674.977	-0.000542535	5	4	4	4	0.243054	389	62.1276	0	0	0	0.384404	126.881	0.540727	483.733	1	1	1	1	1	1	1	0
08.08.2015 16:14:00.863000	0.0449998	0.0557229	0.0550994	126.633	674.977	-0.00036169	5	4	4	4	0.251481	389	62.1276	0	0	0	0.384896	126.86	0.537431	483.663	1	1	1	1	1	1	1	0
08.08.2015 16:14:00.963000	0.0449998	0.0557229	0.0550994	126.633	674.969	0.00108507	5	4	4	4	0.264817	389	62.1276	0	0	0	0.385026	126.839	0.537736	483.581	1	1	1	1	1	1	1	0
08.08.2015 16:14:01.063000	0.0449998	0.0557229	0.0550994	126.635	674.971	0.00072338	5	4	4	4	0.275825	389	62.1276	0	0	0	0.385619	126.816	0.541581	483.48	1	1	1	1	1	1	1	0
08.08.2015 16:14:01.163000	0.0449998	0.0557229	0.0550994	126.637	674.961	0.00108507	5	4	4	4	0.257332	389	62.1276	0	0	0	0.386039	126.795	0.537797	483.413	1	1	1	1	1	1	1	0
08.08.2015 16:14:01.263000	0.0449998	0.0557229	0.0550994	126.633	674.961	0.00036169	5	4	4	4	0.254153	389	62.1276	0	0	0	0.386531	126.775	0.540666	483.328	1	1	1	1	1	1	1	0
08.08.2015 16:14:01.363000	0.0449998	0.0557229	0.0550994	126.633	674.961	0.00108507	5	4	4	4	0.254747	389	62.1276	0	0	0	0.386531	126.758	0.541704	483.256	1	1	1	1	1	1	1	0
08.08.2015 16:14:01.463000	0.0449998	0.0557229	0.0550994	126.638	674.958	0.00108507	5	4	4	4	0.264484	389	62.1276	0	0	0	0.387297	126.731	0.539994	483.16	1	1	1	1	1	1	1	0
08.08.2015 16:14:01.563000	0.0449998	0.0557229	0.0550994	126.637	674.957	0.000542535	5	4	4	4	0.275928	389	62.1276	0	0	0	0.386473	126.716	0.539567	483.104	1	1	1	1	1	1	1	0
08.08.2015 16:14:01.663000	0.0449998	0.0557229	0.0550994	126.638	674.958	0.00108507	5	4	4	4	0.279053	389	62.1276	0	0	0	0.386082	126.694	0.54152	483.013	1	1	1	1	1	1	1	0
08.08.2015 16:14:01.763000	0.0449998	0.0557229	0.0550994	126.637	674.953	0.00108507	5	4	4	4	0.279816	389	62.1276	0	0	0	0.384549	126.674	0.543046	482.931	1	1	1	1	1	1	1	0
08.08.2015 16:14:01.863000	0.0449998	0.0557229	0.0550994	126.638	674.948	-0.00072338	5	4	4	4	0.26196	389	62.1276	0	0	0	0.383464	126.655	0.543107	482.859	1	1	1	1	1	1	1	0
08.08.2015 16:14:01.963000	0.0449998	0.0557229	0.0550994	126.641	674.945	0.000542535	5	4	4	4	0.269078	389	62.1276	0	0	0	0.380975	126.636	0.545122	482.775	1	1	1	1	1	1	1	0
08.08.2015 16:14:02.063000	0.0449998	0.0557229	0.0550994	126.638	674.945	-0.00036169	5	4	4	4	0.258381	389	62.1276	0	0	0	0.378545	126.615	0.545061	482.697	1	1	1	1	1	1	1	0
08.08.2015 16:14:02.163000	0.0449998	0.0557229	0.0550994	126.641	674.945	0.00108507	5	4	4	4	0.245447	389	62.1276	0	0	0	0.376635	126.596	0.545549	482.624	1	1	1	1	1	1	1	0
08.08.2015 16:14:02.263000	0.0449998	0.0557229	0.0550994	126.638	674.945	0.00072338	5	4	4	4	0.235907	389	62.1276	0	0	0	0.374103	126.575	0.542802	482.554	1	1	1	1	1	1	1	0
08.08.2015 16:14:02.363000	0.0449998	0.0557229	0.0550994	126.633	674.961	0.00108507	5	4	4	4	0.237147	389	62.1276	0	0	0	0.369473	126.553	0.542253	482.469	1	1	1	1	1	1	1	0
08.08.2015 16:14:02.463000	0.0449998	0.0557229	0.0550994	126.633	674.961	0.00108507	5	4	4	4	0.254388	389	62.1276	0	0	0	0.365234	126.535	0.54384	482.395	1	1	1	1	1	1	1	0
08.08.2015 16:14:02.563000	0.0449998	0.0557229	0.0550994	126.637	674.961	0.00108507	5	4	4	4	0.240264	389	62.1276	0	0	0	0.363614	126.516	0.545854	482.313	1	1	1	1	1	1	1	0
08.08.2015 16:14:02.663000	0.0449998	0.0557229	0.0550994	126.633	674.961	0.00108507	5	4	4	4	0.236106	389	62.1276	0	0	0	0.360503	126.493	0.543352	482.237	1	1	1	1	1	1	1	0
08.08.2015 16:14:02.763000	0.0449998	0.0557229	0.0550994	126.633	674.973	0.000542535	5	4	4	4	0.229733	389	62.1276	0	0	0	0.357769	126.474	0.542253	482.167	1	1	1	1	1	1	1	0
08.08.2015 16:14:02.863000	0.0449998	0.0557229	0.0550994	126.633	674.984	0	5	4	4	4	0.261574	389	62.1276	0	0	0	0.354876	126.453	0.543535	482.081	1	1	1	1	1	1	1	0
08.08.2015 16:14:02.963000	0.0449998	0.0557229	0.0550994	126.633	674.98	-0.00325521	5	4	4	4	0.25095	389	62.1276	0	0	0	0.353429	126.434	0.545183	482.003	1	1	1	1	1	1	1	0
08.08.2015 16:14:03.063000	0.0449998	0.0557229	0.0550994	126.638	674.982	-0.00289352	5	4	4	4	0.240147	389	62.1276	0	0	0	0.350434	126.417	0.544023	481.944	1	1	1	1	1	1	1	0
08.08.2015 16:14:03.163000	0.0449998	0.0557229	0.0550994	126.637	674.984	-0.0016276	5	4	4	4	0.238326	389	62.1276	0	0	0	0.348076	126.4	0.547014	481.866	1	1	1	1	1	1	1	0
08.08.2015 16:14:03.263000	0.0449998	0.0557229	0.0550994	126.641	674.984	-0.00144676	5	4	4	4	0.262306	389	62.1276	0	0	0	0.346933	126.376	0.546159	481.778	1	1	1	1	1	1	1	0
08.08.2015 16:14:03.363000	0.0449998	0.0557229	0.0550994	126.641	674.984	0	5	4	4	4	0.27361	389	62.1276	0	0	0	0.345906	126.356	0.545732	481.701	1	1	1	1	1	1	1	0
08.08.2015 16:14:03.463000	0.0449998	0.0557229	0.0550994	126.638	674.987	0.00072338	5	4	4	4	0.250924	389	62.1276	0	0	0	0.344763	126.339	0.54738	481.631	1	1	1	1	1	1	1	0
08.08.2015 16:14:03.563000	0.0449998	0.0557229	0.0550994	126.637	674.996	-0.00108507	5	4	4	4	0.242237	389	62.1276	0	0	0	0.34451	126.317	0.546643	481.548	1	1	1	1	1	1	1	0
08.08.2015 16:14:03.663000	0.0449998	0.0557229	0.0550994	126.635	675	-0.00108507	5	4	4	4	0.236955	389	62.1276	0	0	0	0.346181	126.305	0.548235	481.494	1	1	1	1	1	1	1	0
08.08.2015 16:14:03.763000	0.0449998	0.0557229	0.0550994	126.641	675	-0.00108507	5	4	4	4	0.265653	389	62.1276	0	0	0	0.348271	126.28	0.547214	481.407	1	1	1	1	1	1	1	0
08.08.2015 16:14:03.863000	0.0449998	0.0557229	0.0550994	126.638	675	-0.00108507	5	4	4	4	0.232615	389	62.1276	0	0	0	0.354818	126.262	0.543718	481.352	1	1	1	1	1	1	1	0
08.08.2015 16:14:03.963000	0.0449998	0.0557229	0.0550994	126.641	675.023	-0.0016276	5	4	4	4	0.236	389	62.1276	0	0	0	0.358218	126.243	0.546892	481.265	1	1	1	1	1	1	1	0
08.08.2015 16:14:04.063000	0.0449998	0.0557229	0.0550994	126.63	675.023	-0.00108507	5	4	4	4	0.235369	389	62.1276	0	0	0	0.362775	126.221	0.544572	481.194	1	1	1	1	1	1	1	0
08.08.2015 16:14:04.163000	0.0449998	0.0557229	0.0550994	126.617	674.992	-0.00108507	5	4	4	4	0.235524	389	62.1276	0	0	0	0.364909	126.208	0.542131	481.149	1	1	1	1	1	1	1	0
08.08.2015 16:14:04.263000	0.0449998	0.0557229	0.0550994	126.602	675.063	-0.00108507	5	4	4	4	0.25514	389	62.1276	0	0	0	0.36849	126.187	0.546953	481.051	1	1	1	1	1	1	1	0
08.08.2015 16:14:04.363000	0.0449998	0.0557229	0.0550994	126.574	675.035	-0.00108507	5	4	4	4	0.258761	389	62.1276	0	0	0	0.369719	126.172	0.547624	480.989	1	1	1	1	1	1	1	0
08.08.2015 16:14:04.463000	0.0449998	0.0557229	0.0550994	126.576	675.044	-0.00108507	5	4	4	4	0.25295	389	62.1276	0	0	0	0.371058	126.149	0.548967	480.899	1	1	1	1	1	1	1	0
08.08.2015 16:14:04.563000	0.0449998	0.0557229	0.0550994	126.563	675.023	-0.000542535	5	4	4	4	0.237127	389	62.1276	0	0	0	0.36849	126.129	0.552202	480.81	1	1	1	1	1	1	1	0
08.08.2015 16:14:04.663000	0.0449998	0.0557229	0.0550994	126.539	675.031	-0.00144676	5	4	4	4	0.251226	389	62.1276	0	0	0	0.363968	126.11	0.554094	480.729	1	1	1	1	1	1	1	0
08.08.2015 16:14:04.763000	0.0449998	0.0557229	0.0550994	126.516	675.063	-0.0016276	5	4	4	4	0.265332	389	62.1276	0	0	0	0.358905	126.094	0.555925	480.662	1	1	1	1	1	1	1	0
08.08.2015 16:14:04.863000	0.0449998	0.0557229	0.0550994	126.51	675.104	-0.00072338	5	4	4	4	0.235951	389	62.1276	0	0	0	0.354782	126.075	0.552629	480.601	1	1	1	1	1	1	1	0
08.08.2015 16:14:04.963000	0.0449998	0.0557229	0.0550994	126.5	675.074	-0.00108507	5	4	4	4	0.249753	389	62.1276	0	0	0	0.352901	126.06	0.556352	480.528	1	1	1	1	1	1	1	0
08.08.2015 16:14:05.063000	0.0449998	0.0557229	0.0550994	126.503	675.068	-0.00072338	5	4	4	4	0.252491	389	62.1276	0	0	0	0.354745	126.038	0.552934	480.457	1	1	1	1	1	1	1	0
08.08.2015 16:14:05.163000	0.0449998	0.0557229	0.0550994	126.5	675.074	-0.0016276	5	4	4	4	0.260116	389	62.1276	0	0	0	0.357964	126.012	0.551714	480.363	1	1	1	1	1	1	1	0
08.08.2015 16:14:05.263000	0.0449998	0.0557229	0.0550994	126.497	675.086	-0.00072338	5	4	4	4	0.252702	389	62.1276	0	0	0	0.360713	126.005	0.548784	480.346	1	1	1	1	1	1	1	0
08.08.2015 16:14:05.363000	0.0449998	0.0557229	0.0550994	126.484	675.074	0.000542535	5	4	4	4	0.264125	389	62.1276	0	0	0	0.364403	125.986	0.547502	480.28	1	1	1	1	1	1	1	0
08.08.2015 16:14:05.463000	0.0449998	0.0557229	0.0550994	126.49	675.076	0.00036169	5	4	4	4	0.25958	389	62.1276	0	0	0	0.366862	125.971	0.546648	480.226	1	1	1	1	1	1	1	0
08.08.2015 16:14:05.563000	0.0449998	0.0557229	0.0550994	126.492	675.066	-0.00217014	5	4	4	4	0.264696	389	62.1276	0	0	0	0.368996	125.953	0.548296	480.148	1	1	1	1	1	1	1	0
08.08.2015 16:14:05.663000	0.0449998	0.0557229	0.0550994	126.49	675.065	-0.00325521	5	4	4	4	0.259	389	62.1276	0	0	0	0.370841	125.928	0.548845	480.051	1	1	1	1	1	1	1	0
08.08.2015 16:14:05.763000	0.0449998	0.0557229	0.0550994	126.492	675.063	-0.00325521	5	4	4	4	0.260179	389	62.1276	0	0	0	0.37236	125.909	0.549394	479.978	1	1	1	1	1	1	1	0
08.08.2015 16:14:05.863000	0.0449998	0.0557229	0.0550994	126.49	675.063	-0.00217014	5	4	4	4	0.247373	389	62.1276	0	0	0	0.375	125.895	0.55031	479.919	1	1	1	1	1	1	1	0
08.08.2015 16:14:05.963000	0.0449998	0.0557229	0.0550994	126.492	675.063	-0.000542535	5	4	4	4	0.26009	389	62.1276	0	0	0	0.375687	125.875	0.551286	479.841	1	1	1	1	1	1	1	0
08.08.2015 16:14:06.063000	0.0449998	0.0557229	0.0550994	126.492	675.063	-0.00072338	5	4	4	4	0.265161	389	62.1276	0	0	0	0.376845	125.855	0.551103	479.763	1	1	1	1	1	1	1	0
08.08.2015 16:14:06.163000	0.0449998	0.0557229	0.0550994	126.492	675.063	-0.00271267	5	4	4	4	0.260633	389	62.1276	0	0	0	0.376881	125.834	0.550493	479.686	1	1	1	1	1	1	1	0
08.08.2015 16:14:06.263000	0.0449998	0.0557229	0.0550994	126.492	675.063	-0.00108507	5	4	4	4	0.281605	389	62.1276	0	0	0	0.37608	125.822	0.543229	479.666	1	1	1	1	1	1	1	0
