Time	[76:0]	[76:1]	[76:2]	[76:4]	[76:8]	[76:70]	[76:71]	[78:0]	[78:1]	[78:2]	[79:2]	[79:3]	[79:4]	[79:8]	[79:9]	[79:10]	[79:11]	[79:12]	[79:13]	[79:14]	[79.0]	[79.1]	[79.2]	[79.3]	[79.4]	[79.5]	[79.6]	[79.8]
time	Hoogteverstelling - Referentie positie (mm)	Hoogteverstelling - AZ gemeten positie (mm)	Hoogteverstelling - BZ gemeten positie (mm)	Transfert Ingang - Gemeten positie (mm)	Transfert Uitgang - Gemeten positie (mm)	Aardgas - actueel debiet	Stappenschakelaar - gemeten pos	Laspos Ing - positie discreet	Laspos Uitg - positie discreet	Schaafverstelling - positie discreet	Stuikraam - Totale Stroommeting RMS-waarde (A)	Stuikraam - Stroomreferentie (A)	Stuikraam - Positie AZ (mm, pulsgever)	Stuikraam - Referentie Servo-ventiel (%)	Stuikraam - Trim door I-regelaar (%)	Stuikraam - Gemeten snelheid (mm/s, pulsgever)	Secundaire lasspanning	Stuikraam - Druk stuikcilinder voorkamer (=laszijde)  (bar)	Stuikraam - Druk stuikcilinder terugloopkamer  (bar)	Stuikraam - Netto voorwaartse kracht op stuikraam (kN)	Stuikraam - P1	Stuikraam - P2	Stuikraam - P3	Stuikraam - P4	Stuikraam - P5	Stuikraam - P6	Stuikraam - P7	Stuikraam - Openen stuikventielen	

Lasparameter.Ingang - Coil ID	0320657S
Lasparameter.Ingang - Dikte (um)	4460
Lasparameter.Ingang - Breedte (mm)	1210
Lasparameter.Ingang - Materiaal	0001
Lasparameter.Uitgang - Coil ID	0320656S
Lasparameter.Uitgang - Dikte (um)	4510
Lasparameter.Uitgang - Breedte (mm)	1208
Lasparameter.Uitgang - Materiaal	0001
Lasparameter.P2 (mm)	24.0
Lasparameter.P3 (mm)	34.0
Lasparameter.P4 (mm)	42.2
Lasparameter.P5 (mm)	50.8
Lasparameter.P6 (mm)	57.4
Lasparameter.P7 (mm)	62.2
Lasparameter.Vonksnelheid (mm/s)	1.20
Lasparameter.Lassnelheid (mm/s)	0.48
Lasparameter.Stroom Referentie (A)	0359
Lasparameter.Stroomtoename (µA/s2)	47.3
Lasparameter.Stuikstroomtijd (per)	0009
Lasparameter.Afkoeltijd Stuik (per)	0010
Lasparameter.Stuikdruk (bar)	0106
Lasparameter.Stuiksnelheid (%)	90.0

08.08.2015 20:04:08.443000	0.0250001	0.0299959	0.0169728	0	0.109375	0.00705295	5	4	4	4	0.231262	359	0	0	0	0	0.303414	3.67284	125.235	-465.437	1	0	0	0	0	0	0	0
08.08.2015 20:04:08.543000	0.0250001	0.0299959	0.0169728	0.00390625	-0.0078125	0.00868056	5	4	4	4	0.229551	359	0	0	0	0	0.304094	2.73067	125.182	-468.843	1	0	0	0	0	0	0	0
08.08.2015 20:04:08.643000	0.0250001	0.0299959	0.0169728	0.00260417	0.0416667	0.010489	5	4	4	4	0.228244	359	0	0	0	0	0.30413	3.49907	125.176	-465.875	1	0	0	0	0	0	0	0
08.08.2015 20:04:08.743000	0.0250001	0.0299959	0.0169728	0.0078125	0.0625	0.0113932	5	4	4	4	0.223502	359	0	0	0	0	0.304818	4.51991	125.185	-462.001	1	0	0	0	0	0	0	0
08.08.2015 20:04:08.843000	0.0250001	0.0299959	0.0169728	0.0104167	0.111979	0.0126591	5	4	4	4	0.232101	359	0	0	0	0	0.304196	4.86642	125.18	-460.658	1	0	0	0	0	0	0	0
08.08.2015 20:04:08.943000	0.0250001	0.0299959	0.0169728	0	0.0078125	0.0130208	5	4	4	4	0.220051	359	0	0	0	0	0.299986	5.15189	125.183	-459.575	1	0	0	0	0	0	0	0
08.08.2015 20:04:09.043000	0.0250001	0.0299959	0.0169728	0	-0.00260417	0.00868056	5	4	4	4	0.22775	359	0	0	0	0	0.296817	6.91983	125.239	-453.019	1	0	0	0	0	0	0	0
08.08.2015 20:04:09.143000	0.0250001	0.0299959	0.0169728	0.00390625	-0.0117188	0.00705295	5	4	4	4	0.236218	359	0	0	0	0	0.292867	5.39732	125.179	-458.619	1	0	0	0	0	0	0	0
08.08.2015 20:04:09.243000	0.0250001	0.0299959	0.0169728	0.00260417	-0.015625	0.00470197	5	4	4	4	0.232686	359	0	0	0	0	0.288831	5.5642	125.155	-457.888	1	0	0	0	0	0	0	0
08.08.2015 20:04:09.343000	0.0250001	0.0299959	0.0169728	0.0078125	-0.0117188	0.00271267	5	4	4	4	0.232173	359	0	0	0	0	0.284838	3.5302	125.051	-465.279	1	0	0	0	0	0	0	0
08.08.2015 20:04:09.443000	0.0250001	0.0299959	0.0169728	0.0130208	-0.0182292	0.00036169	5	4	4	4	0.239524	359	0	0	0	0	0.283637	5.5045	125.098	-457.901	1	0	0	0	0	0	0	0
08.08.2015 20:04:09.543000	0.0250001	0.0299959	0.0169728	0.00390625	0.09375	0	5	4	4	4	0.222528	359	0	0	0	0	0.280064	3.37553	125.002	-465.682	1	0	0	0	0	0	0	0
08.08.2015 20:04:09.643000	0.0250001	0.0299959	0.0169728	0	-0.0442708	-0.00289352	5	4	4	4	0.239927	359	0	0	0	0	0.277995	2.53084	124.929	-468.638	1	0	0	0	0	0	0	0
08.08.2015 20:04:09.743000	0.0250001	0.0299959	0.0169728	0.0078125	-0.402344	-0.00325521	5	4	4	4	0.255118	359	0	0	0	0	0.275767	3.08676	124.93	-466.512	1	0	0	0	0	0	0	0
08.08.2015 20:04:09.843000	0.0250001	0.0299959	0.0169728	0.0104167	-1.27865	-0.00470197	5	4	4	4	0.243192	359	0	0	0	0	0.274537	4.30097	124.946	-461.926	1	0	0	0	0	0	0	0
08.08.2015 20:04:09.943000	0.0250001	0.0299959	0.0169728	0.015625	-4.50391	-0.00488281	5	4	4	4	0.258547	359	0	0	0	0	0.274197	5.96606	124.981	-455.683	1	0	0	0	0	0	0	0
08.08.2015 20:04:10.043000	0.0250001	0.0299959	0.0169728	0.0130208	-21.2005	-0.00651042	5	4	4	4	0.259524	359	0	0	0	0	0.27623	4.11621	124.934	-462.588	1	0	0	0	0	0	0	0
08.08.2015 20:04:10.143000	0.0250001	0.0299959	0.0169728	0.0117188	-47.625	-0.00705295	5	4	4	4	0.269359	359	0	0	0	0	0.279442	6.01617	124.954	-455.391	1	0	0	0	0	0	0	0
08.08.2015 20:04:10.243000	0.0250001	0.0299959	0.0169728	0.0130208	-71.1901	-0.00578704	5	4	4	4	0.256535	359	0	0	0	0	0.281163	6.21912	124.952	-454.604	1	0	0	0	0	0	0	0
08.08.2015 20:04:10.343000	0.0250001	0.0299959	0.0169728	0.0117188	-98.4648	-0.00651042	5	4	4	4	0.263416	359	0	0	0	0	0.284288	5.60143	124.918	-456.84	1	0	0	0	0	0	0	0
08.08.2015 20:04:10.443000	0.0250001	0.0299959	0.0169728	0.015625	-140.315	-0.00687211	5	4	4	4	0.261306	359	0	0	0	0	0.28491	5.38401	124.896	-457.588	1	0	0	0	0	0	0	0
08.08.2015 20:04:10.543000	0.0250001	0.0299959	0.0169728	0.015625	-182.082	-0.00651042	5	4	4	4	0.242229	359	0	0	0	0	0.287066	4.14472	124.82	-462.042	1	0	0	0	0	0	0	0
08.08.2015 20:04:10.643000	0.0250001	0.0299959	0.0169728	0.00260417	-221.414	-0.00470197	5	4	4	4	0.251404	359	0	0	0	0	0.287948	3.11307	124.757	-465.75	1	0	0	0	0	0	0	0
08.08.2015 20:04:10.743000	0.0250001	0.0299959	0.0169728	0.0625	-261.352	-0.00325521	5	4	4	4	0.259648	359	0	0	0	0	0.290205	5.05863	124.79	-458.428	1	0	0	0	0	0	0	0
08.08.2015 20:04:10.843000	0.0250001	0.0299959	0.0169728	0.643229	-317.232	-0.00144676	5	4	4	4	0.227591	359	0	0	0	0	0.290582	5.44633	124.785	-456.924	1	0	0	0	0	0	0	0
08.08.2015 20:04:10.943000	0.0250001	0.0299959	0.0169728	4.21875	-357.207	0.00108507	5	4	4	4	0.264909	359	0	0	0	0	0.29281	4.30592	124.741	-461.121	1	0	0	0	0	0	0	0
08.08.2015 20:04:11.043000	0.0250001	0.0299959	0.0169728	18.5859	-397.289	0.00072338	5	4	4	4	0.262416	359	0	0	0	0	0.294054	5.42009	124.743	-456.865	1	0	0	0	0	0	0	0
08.08.2015 20:04:11.143000	0.0250001	0.0299959	0.0169728	41.4453	-445.031	0.00217014	5	4	4	4	0.2476	359	0	0	0	0	0.295255	5.07785	124.715	-458.068	1	0	0	0	0	0	0	0
08.08.2015 20:04:11.243000	0.0250001	0.0299959	0.0169728	69.3984	-492.977	0.00542535	5	4	4	4	0.246113	359	0	0	0	0	0.296195	4.56648	124.682	-459.898	1	0	0	0	0	0	0	0
08.08.2015 20:04:11.343000	0.0250001	0.0299959	0.0169728	96.6875	-532.652	0.00651042	5	4	4	4	0.247573	359	0	0	0	0	0.296861	4.64992	124.66	-459.496	1	0	0	0	0	0	0	0
08.08.2015 20:04:11.443000	0.0250001	0.0299959	0.0169728	128.971	-569.667	0.00868056	5	4	4	4	0.248194	359	0	0	0	0	0.297758	4.34834	124.628	-460.528	1	0	0	0	0	0	0	0
08.08.2015 20:04:11.543000	0.0250001	0.0299959	0.0169728	182.262	-609.293	0.00813802	5	4	4	4	0.243323	359	0	0	0	0	0.295964	4.69204	124.616	-459.163	1	0	0	0	0	0	0	0
08.08.2015 20:04:11.643000	0.0250001	0.0299959	0.0169728	224.078	-629.766	0.00940394	5	4	4	4	0.245488	359	0	0	0	0	0.294806	4.80679	124.596	-458.65	1	0	0	0	0	0	0	0
08.08.2015 20:04:11.743000	0.0250001	0.0299959	0.0169728	266.477	-646.035	0.0103082	5	4	4	4	0.247821	359	0	0	0	0	0.29239	4.23927	124.563	-460.696	1	0	0	0	0	0	0	0
08.08.2015 20:04:11.843000	0.0250001	0.0299959	0.0169728	309.107	-657.75	0.00831887	5	4	4	4	0.242726	359	0	0	0	0	0.293851	4.48073	124.546	-459.708	1	0	0	0	0	0	0	0
08.08.2015 20:04:11.943000	0.0250001	0.0299959	0.0169728	368.219	-667.031	0.00759549	5	4	4	4	0.239893	359	0	0	0	0	0.29417	4.50661	124.525	-459.527	1	0	0	0	0	0	0	0
08.08.2015 20:04:12.043000	0.0250001	0.0299959	0.0169728	410.617	-668.685	0.00542535	5	4	4	4	0.234058	359	0	0	0	0	0.296455	4.48988	124.505	-459.512	1	0	0	0	0	0	0	0
08.08.2015 20:04:12.143000	0.0250001	0.0299959	0.0169728	448.27	-669.84	0.00271267	5	4	4	4	0.244228	359	0	0	0	0	0.297642	4.3943	124.48	-459.783	1	0	0	0	0	0	0	0
08.08.2015 20:04:12.243000	0.0250001	0.0299959	0.0169728	474.938	-670.708	0.0036169	5	4	4	4	0.246282	359	0	0	0	0	0.298741	4.35475	124.459	-459.856	1	0	0	0	0	0	0	0
08.08.2015 20:04:12.343000	0.0250001	0.0299959	0.0169728	493.707	-670.941	0.0016276	5	4	4	4	0.230827	359	0	0	0	0	0.299089	5.22575	124.463	-456.535	1	0	0	0	0	0	0	0
08.08.2015 20:04:12.443000	0.0250001	0.0299959	0.0169728	509.242	-670.938	0.00036169	5	4	4	4	0.247027	359	0	0	0	0	0.299906	4.92587	124.428	-457.551	1	0	0	0	0	0	0	0
08.08.2015 20:04:12.543000	0.0250001	0.0299959	0.0169728	525.297	-670.938	0.000542535	5	4	4	4	0.22785	359	0	0	0	0	0.3011	4.34425	124.392	-459.639	1	0	0	0	0	0	0	0
08.08.2015 20:04:12.643000	0.0250001	0.0299959	0.0169728	544.849	-670.943	-0.00217014	5	4	4	4	0.247745	359	0	0	0	0	0.300767	4.61397	124.377	-458.547	1	0	0	0	0	0	0	0
08.08.2015 20:04:12.743000	0.0250001	0.0299959	0.0169728	562.711	-670.945	-0.00542535	5	4	4	4	0.221439	359	0	0	0	0	0.301823	4.58583	124.354	-458.569	1	0	0	0	0	0	0	0
08.08.2015 20:04:12.843000	0.0250001	0.0299959	0.0169728	578.349	-670.945	-0.00614873	5	4	4	4	0.221964	359	0	0	0	0	0.302098	4.45174	124.328	-458.98	1	0	0	0	0	0	0	0
08.08.2015 20:04:12.943000	0.0250001	0.0299959	0.0169728	593.719	-670.945	-0.00705295	5	4	4	4	0.240483	359	0	0	0	0	0.302937	4.59584	124.311	-458.364	1	0	0	0	0	0	0	0
08.08.2015 20:04:13.043000	0.0250001	0.0299959	0.0169728	614.049	-670.945	-0.00976563	5	4	4	4	0.246302	359	0	0	0	0	0.302098	4.69399	124.291	-457.912	1	0	0	0	0	0	0	0
08.08.2015 20:04:13.143000	0.0250001	0.0299959	0.0169728	628.82	-670.945	-0.0108507	5	4	4	4	0.217646	359	0	0	0	0	0.302937	4.61489	124.267	-458.126	1	0	0	0	0	0	0	0
08.08.2015 20:04:13.243000	0.0250001	0.0299959	0.0169728	642.904	-670.945	-0.0108507	5	4	4	4	0.224605	359	0	0	0	0	0.302387	4.53578	124.246	-458.345	1	0	0	0	0	0	0	0
08.08.2015 20:04:13.343000	0.0250001	0.0299959	0.0169728	656.223	-670.945	-0.0119358	5	4	4	4	0.235789	359	0	0	0	0	0.302329	4.57314	124.225	-458.125	1	0	0	0	0	0	0	0
08.08.2015 20:04:13.443000	0.0250001	0.0299959	0.0169728	673.747	-670.953	-0.0108507	5	4	4	4	0.247768	359	0	0	0	0	0.301823	4.58852	124.209	-458.003	1	0	0	0	0	0	0	0
08.08.2015 20:04:13.543000	0.0250001	0.0299959	0.0169728	685.367	-670.953	-0.0103082	5	4	4	4	0.22912	359	0	0	0	0	0.302054	4.57643	124.197	-458.002	1	0	0	0	0	0	0	0
08.08.2015 20:04:13.643000	0.0250001	0.0299959	0.0169728	695.326	-670.953	-0.0072338	5	4	4	4	0.237065	359	0	0	0	0	0.302112	4.53578	124.308	-458.585	1	0	0	0	0	0	0	0
08.08.2015 20:04:13.743000	0.0250001	0.0299959	0.0169728	704.512	-670.953	-0.00651042	5	4	4	4	0.230064	359	0	0	0	0	0.301924	4.09052	124.458	-460.863	1	0	0	0	0	0	0	0
08.08.2015 20:04:13.843000	0.0250001	0.0299959	0.0169728	709.495	-670.948	-0.00217014	5	4	4	4	0.215881	359	0	0	0	0	0.301953	3.83892	124.627	-462.473	1	0	0	0	0	0	0	0
08.08.2015 20:04:13.943000	0.0250001	0.0299959	0.0169728	710.469	-670.953	-0.000542535	5	4	4	4	0.230516	359	0	0	0	0	0.301635	4.69784	124.886	-460.175	1	0	0	0	0	0	0	0
08.08.2015 20:04:14.043000	0.0250001	0.0299959	0.0169728	711.018	-670.948	0.00217014	5	4	4	4	0.234056	359	0	0	0	0	0.30162	4.40938	126.052	-465.747	1	0	0	0	0	0	0	0
08.08.2015 20:04:14.143000	0.0250001	0.0299959	0.0169728	711.055	-670.953	0.00434028	5	4	4	4	0.234684	359	0	0	0	0	0.300072	4.19019	126.261	-467.385	1	0	0	0	0	0	0	0
08.08.2015 20:04:14.243000	0.0250001	0.0299959	0.0169728	711.055	-670.953	0.0072338	5	4	4	4	0.234081	359	0	0	0	0	0.301186	5.26133	126.385	-463.758	1	0	0	0	0	0	0	0
08.08.2015 20:04:14.343000	0.0250001	0.0299959	0.0169728	711.055	-670.953	0.0108507	5	4	4	4	0.254278	359	0	0	0	0	0.300087	4.65047	126.702	-467.313	1	0	0	0	0	0	0	0
08.08.2015 20:04:14.443000	0.0250001	0.0299959	0.0169728	711.055	-670.953	0.0112124	5	4	4	4	0.238057	359	0	0	0	0	0.300593	4.08002	126.953	-470.455	1	0	0	0	0	0	0	0
08.08.2015 20:04:14.543000	0.0250001	0.0299959	0.0169728	711.055	-670.953	0.0135634	5	4	4	4	0.239843	359	0	0	0	0	0.299074	4.73989	127.139	-468.641	1	0	0	0	0	0	0	0
08.08.2015 20:04:14.643000	0.0250001	0.0299959	0.0169728	711.055	-670.953	0.0122975	5	4	4	4	0.242244	359	0	0	0	0	0.298958	4.51393	127.199	-469.736	1	0	0	0	0	0	0	0
08.08.2015 20:04:14.743000	0.0250001	0.0299959	0.0169728	711.055	-670.953	0.0113932	5	4	4	4	0.249538	359	0	0	0	0	0.295255	4.28266	127.387	-471.343	1	0	0	0	0	0	0	0
08.08.2015 20:04:14.843000	0.0250001	0.0299959	0.0169728	711.055	-670.953	0.00831887	5	4	4	4	0.250647	359	0	0	0	0	0.2932	4.61275	128.007	-472.45	1	0	0	0	0	0	0	0
08.08.2015 20:04:14.943000	0.0250001	0.0299959	0.0169728	711.055	-670.953	0.00705295	5	4	4	4	0.242909	359	0	0	0	0	0.29197	4.62233	128.042	-472.551	1	0	0	0	0	0	0	0
08.08.2015 20:04:15.043000	0.0250001	0.0299959	0.0169728	711.055	-670.953	0.00325521	5	4	4	4	0.268817	359	0	0	0	0	0.290762	4.4117	128.079	-473.499	1	0	0	0	0	0	0	0
08.08.2015 20:04:15.143000	0.0250001	0.0299959	0.0169728	711.055	-670.953	0.0016276	5	4	4	4	0.251426	359	0	0	0	0	0.289193	4.48762	128.153	-473.49	1	0	0	0	0	0	0	0
08.08.2015 20:04:15.243000	0.0250001	0.0299959	0.0169728	711.055	-670.953	0.00072338	5	4	4	4	0.241505	359	0	0	0	0	0.286545	4.54415	128.368	-474.098	1	0	0	0	0	0	0	0
08.08.2015 20:04:15.343000	0.0250001	0.0299959	0.0169728	711.055	-670.953	-0.0016276	5	4	4	4	0.234473	359	0	0	0	0	0.285865	4.48762	128.636	-475.339	1	0	0	0	0	0	0	0
08.08.2015 20:04:15.443000	0.0250001	0.0299959	0.0169728	711.06	-670.953	-0.00144676	5	4	4	4	0.236432	359	0	0	0	0	0.283811	4.49257	128.807	-475.975	1	0	0	0	0	0	0	0
08.08.2015 20:04:15.543000	0.0250001	0.0299959	0.0169728	711.059	-670.953	-0.00434028	5	4	4	4	0.239777	359	0	0	0	0	0.281467	4.40559	128.903	-476.675	1	0	0	0	0	0	0	0
08.08.2015 20:04:15.643000	0.0250001	0.0299959	0.0169728	711.065	-670.956	-0.00614873	5	4	4	4	0.258667	359	0	0	0	0	0.277141	3.68511	129.044	-479.973	1	0	0	0	0	0	0	0
08.08.2015 20:04:15.743000	0.0250001	0.0299959	0.0169728	711.07	-670.965	-0.00488281	5	4	4	4	0.239859	359	0	0	0	0	0.275116	4.60439	127.067	-468.885	1	0	0	0	0	0	0	0
08.08.2015 20:04:15.843000	0.0250001	0.0299959	0.0169728	711.07	-670.961	-0.00868056	5	4	4	4	0.243473	359	0	0	0	0	0.271644	5.29344	129.242	-474.574	1	0	0	0	0	0	0	0
08.08.2015 20:04:15.943000	0.0250001	0.0299959	0.0169728	711.074	-670.961	-0.0103082	5	4	4	4	0.241716	359	0	0	0	0	0.26917	5.38353	129.627	-475.699	1	0	0	0	0	0	0	0
08.08.2015 20:04:16.043000	0.0250001	0.0299959	0.0169728	711.078	-670.956	-0.010489	5	4	4	4	0.266332	359	0	0	0	0	0.26752	4.58077	129.225	-477.239	1	0	0	0	0	0	0	0
08.08.2015 20:04:16.143000	0.0250001	0.0299959	0.0169728	711.078	-670.965	-0.0108507	5	4	4	4	0.240207	359	0	0	0	0	0.266725	4.87442	128.402	-472.961	1	0	0	0	0	0	0	0
08.08.2015 20:04:16.243000	0.0250001	0.0299959	0.0169728	711.081	-670.958	-0.0101273	5	4	4	4	0.26255	359	0	0	0	0	0.265336	5.30229	128.402	-471.325	1	0	0	0	0	0	0	0
08.08.2015 20:04:16.343000	0.0250001	0.0299959	0.0169728	711.082	-670.957	-0.00759549	5	4	4	4	0.260499	359	0	0	0	0	0.263715	4.62728	128.46	-474.131	1	0	0	0	0	0	0	0
08.08.2015 20:04:16.443000	0.0250001	0.0299959	0.0169728	711.083	-670.964	-0.00578704	5	4	4	4	0.261146	359	0	0	0	0	0.263469	5.103	128.4	-472.078	1	0	0	0	0	0	0	0
08.08.2015 20:04:16.543000	0.0250001	0.0299959	0.0169728	711.082	-670.961	-0.00379774	5	4	4	4	0.247389	359	0	0	0	0	0.262102	5.19462	128.353	-471.552	1	0	0	0	0	0	0	0
08.08.2015 20:04:16.643000	0.0250001	0.0299959	0.0169728	711.083	-670.961	-0.00108507	5	4	4	4	0.246463	359	0	0	0	0	0.261835	4.82213	128.219	-472.48	1	0	0	0	0	0	0	0
08.08.2015 20:04:16.743000	0.0250001	0.0299959	0.0169728	711.082	-670.965	0.000542535	5	4	4	4	0.232409	359	0	0	0	0	0.260301	4.88491	128.039	-471.536	1	0	0	0	0	0	0	0
08.08.2015 20:04:16.843000	0.0250001	0.0299959	0.0169728	711.086	-670.961	0.00072338	5	4	4	4	0.219113	359	0	0	0	0	0.261386	4.7015	127.951	-471.897	1	0	0	0	0	0	0	0
08.08.2015 20:04:16.943000	0.0250001	0.0299959	0.0169728	711.082	-670.961	0.00379774	5	4	4	4	0.225777	359	0	0	0	0	0.25986	4.22608	128.094	-474.266	1	0	0	0	0	0	0	0
08.08.2015 20:04:17.043000	0.0250001	0.0299959	0.0169728	711.083	-670.964	0.00614873	5	4	4	4	0.217757	359	0	0	0	0	0.259773	6.59291	122.44	-443.557	1	0	0	0	0	0	0	0
08.08.2015 20:04:17.143000	0.0250001	0.0299959	0.0169728	711.059	-670.961	0.00868056	5	4	4	4	0.223858	359	0.0900328	0	0	0.571719	0.259324	70.5825	104.765	-130.877	1	0	0	0	0	0	0	0
08.08.2015 20:04:17.243000	0.0250001	0.0299959	0.0169728	710.219	-670.961	0.0112124	5	4	4	4	0.244444	359	2.05185	0	0	30.7224	0.259505	112.666	82.9225	113.881	1	0	0	0	0	0	0	0
08.08.2015 20:04:17.343000	0.0250001	0.0299959	0.0169728	703.137	-670.957	0.0130208	5	4	4	4	0.228509	359	5.46464	0	0	34.7314	0.259881	110.163	83.4939	102.109	1	0	0	0	0	0	0	0
08.08.2015 20:04:17.443000	0.0250001	0.0299959	0.0169728	681.51	-670.958	0.0119358	5	4	4	4	0.245925	359	8.98637	0	0	35.8605	0.258659	111.562	84.6963	102.864	1	0	0	0	0	0	0	0
08.08.2015 20:04:17.543000	0.0250001	0.0299959	0.0169728	660.758	-670.961	0.0108507	5	4	4	4	0.241261	359	12.5862	0	0	36.5986	0.260149	115.101	89.1034	99.5385	1	0	0	0	0	0	0	0
08.08.2015 20:04:17.643000	0.0250001	0.0299959	0.0169728	637.5	-670.964	0.00904225	5	4	4	4	0.249674	359	16.1696	0	0	35.6419	0.259585	118.055	91.7441	100.739	1	0	0	0	0	0	0	0
08.08.2015 20:04:17.743000	0.0250001	0.0299959	0.0169728	609.73	-670.961	0.00813802	5	4	4	4	0.230317	359	19.7361	0	0	35.5275	0.260974	119.426	93.3958	99.6631	1	0	0	0	0	0	0	0
08.08.2015 20:04:17.843000	0.0250001	0.0299959	0.0169728	564.352	-670.969	0.00506366	5	4	4	4	0.229382	359	23.2797	2	0	35.2237	0.260482	119.592	93.9639	98.1246	1	0.29	0	0	0	0	0	0
08.08.2015 20:04:17.943000	0.0250001	0.0299959	0.0169728	527.926	-670.969	0.00271267	5	4	4	4	0.228554	359	27.4774	50	0	48.6637	0.262876	109.688	83.8732	98.8409	1	1	0	0	0	0	0	0
08.08.2015 20:04:18.043000	0.0250001	0.0299959	0.0169728	488.768	-670.969	0.00108507	5	4	4	4	0.214798	359	30.7743	49.565	0	20.4432	0.26352	94.3131	72.1789	84.7475	1	1	0	0	0	0	0	0
08.08.2015 20:04:18.143000	0.0250001	0.0299959	0.0169728	441.867	-670.977	-0.0016276	5	4	4	4	0.247681	359	32.1328	42.0501	0	12.3246	0.263679	68.3801	44.2473	92.4	1	1	0	0	0	0	0	0
08.08.2015 20:04:18.243000	0.0250001	0.0299959	0.0169728	397.32	-670.992	-0.00325521	5	4	4	4	0.221532	359	33.0565	32.0503	0	9.00526	0.263498	55.3407	30.297	95.8874	1	1	0	0	0	0	0	0
08.08.2015 20:04:18.343000	0.0250001	0.0299959	0.0169728	362.098	-670.996	-0.00379774	5	4	4	4	0.242168	359	33.7489	22.0502	0	6.58714	0.263245	49.2041	24.5147	94.5306	1	1	0	0	0	0	0	0
08.08.2015 20:04:18.443000	0.0250001	0.0299959	0.0169728	329.776	-670.992	-0.00687211	5	4	4	4	51.2437	359	34.1329	8.03164	0	4.49853	0.628754	45.934	20.9203	95.7727	1	1	1	0	0	0	0	0
08.08.2015 20:04:18.543000	0.0250001	0.0299959	0.0169728	287.816	-670.992	-0.00651042	5	4	4	4	78.7721	359	34.2732	5.22178	0	3.33159	6.83182	44.7777	19.3821	97.2347	1	1	1	0	0	0	0	0
08.08.2015 20:04:18.643000	0.0250001	0.0299959	0.0169728	260.229	-670.992	-0.00904225	5	4	4	4	79.2333	359	34.4094	5.22178	0	1.70371	10.1266	45.0734	18.8218	100.512	1	1	1	0	0	0	0	0
08.08.2015 20:04:18.743000	0.0250001	0.0299959	0.0169728	237.707	-670.996	-0.00759549	5	4	4	4	79.2243	359	34.5338	5.22178	0	1.52719	11.1477	44.5976	18.445	100.133	1	1	1	0	0	0	0	0
08.08.2015 20:04:18.843000	0.0250001	0.0299959	0.0169728	223.573	-671	-0.0112124	5	4	4	4	79.2073	359	34.6611	5.22178	0	1.2624	11.4776	43.4825	18.038	97.4219	1	1	1	0	0	0	0	0
08.08.2015 20:04:18.943000	0.0250001	0.0299959	0.0169728	198.52	-671	-0.0108507	5	4	4	4	79.3481	359	34.7755	5.22178	0	1.25485	11.543	43.0027	17.635	97.1277	1	1	1	0	0	0	0	0
08.08.2015 20:04:19.043000	0.0250001	0.0299959	0.0169728	181.479	-671	-0.0072338	5	4	4	4	79.4483	359	34.9019	5.22178	0	1.24352	11.5649	43.6922	17.4046	100.65	1	1	1	0	0	0	0	0
08.08.2015 20:04:19.143000	0.0250001	0.0299959	0.0169728	165.191	-671	-0.00596788	5	4	4	4	79.3334	359	35.0173	5.22178	0	1.2238	11.5732	42.7348	17.2682	97.5065	1	1	1	0	0	0	0	0
08.08.2015 20:04:19.243000	0.0250001	0.0299959	0.0169728	148.471	-671	-0.00506366	5	4	4	4	79.3019	359	35.1362	5.22178	0	1.1731	11.5749	41.6787	17.1505	93.9134	1	1	1	0	0	0	0	0
08.08.2015 20:04:19.343000	0.0250001	0.0299959	0.0169728	135.445	-671.012	-0.00271267	5	4	4	4	79.3204	359	35.259	5.22178	0	1.17762	11.5807	42.8316	17.0514	98.7073	1	1	1	0	0	0	0	0
08.08.2015 20:04:19.443000	0.0250001	0.0299959	0.0169728	128.161	-671.016	-0.00144676	5	4	4	4	79.3745	359	35.3729	5.22178	0	1.19569	11.5804	42.1315	16.9947	96.2438	1	1	1	0	0	0	0	0
08.08.2015 20:04:19.543000	0.0250001	0.0299959	0.0169728	125.793	-671.016	0	5	4	4	4	79.4897	359	35.4983	5.22178	0	1.19732	11.5851	42.3674	17.1463	96.5663	1	1	1	0	0	0	0	0
08.08.2015 20:04:19.643000	0.0250001	0.0299959	0.0169728	125.685	-671.016	0.00108507	5	4	4	4	79.5205	359	35.6162	5.22178	0	1.20734	11.5941	41.9543	17.0948	95.1819	1	1	1	0	0	0	0	0
08.08.2015 20:04:19.743000	0.0250001	0.0299959	0.0169728	126.113	-671.02	0.00108507	5	4	4	4	79.5991	359	35.7311	5.22178	0	1.20734	11.5928	42.0642	16.997	95.977	1	1	1	0	0	0	0	0
08.08.2015 20:04:19.843000	0.0250001	0.0299959	0.0169728	126.43	-671.026	0.00108507	5	4	4	4	79.6455	359	35.8535	5.22178	0	1.16217	11.5921	41.6924	16.8649	95.0597	1	1	1	0	0	0	0	0
08.08.2015 20:04:19.943000	0.0250001	0.0299959	0.0169728	126.488	-671.043	0.0016276	5	4	4	4	79.6208	359	35.9649	5.22178	0	1.16217	11.5994	42.4063	16.79	98.0798	1	1	1	0	0	0	0	0
08.08.2015 20:04:20.043000	0.0250001	0.0299959	0.0169728	126.5	-671.042	0.00325521	5	4	4	4	79.6527	359	36.0803	5.22178	0	1.17185	11.5985	42.4728	16.7931	98.3223	1	1	1	0	0	0	0	0
08.08.2015 20:04:20.143000	0.0250001	0.0299959	0.0169728	126.504	-671.047	0.00271267	5	4	4	4	79.7721	359	36.2016	5.22178	0	1.17317	11.6002	42.2437	16.8184	97.3483	1	1	1	0	0	0	0	0
08.08.2015 20:04:20.243000	0.0250001	0.0299959	0.0169728	126.508	-671.047	0.00217014	5	4	4	4	79.8151	359	36.3156	5.22178	0	1.169	11.6034	42.2727	16.8369	97.3887	1	1	1	0	0	0	0	0
08.08.2015 20:04:20.343000	0.0250001	0.0299959	0.0169728	126.512	-671.055	0.00108507	5	4	4	4	79.7281	359	36.4364	5.22178	0	1.16762	11.6097	42.2164	16.8385	97.1669	1	1	1	0	0	0	0	0
08.08.2015 20:04:20.443000	0.0250001	0.0299959	0.0169728	126.51	-671.052	0.00036169	5	4	4	4	79.8234	359	36.5543	5.22178	0	1.1747	11.6054	42.259	16.8587	97.2527	1	1	1	0	0	0	0	0
08.08.2015 20:04:20.543000	0.0250001	0.0299959	0.0169728	126.516	-671.055	0.00108507	5	4	4	4	79.788	359	36.6697	5.22178	0	1.17869	11.6037	42.3248	16.8661	97.4764	1	1	1	0	0	0	0	0
08.08.2015 20:04:20.643000	0.0250001	0.0299959	0.0169728	126.516	-671.055	0	5	4	4	4	79.7488	359	36.7906	5.22178	0	1.18819	11.6003	42.0148	16.8796	96.2378	1	1	1	0	0	0	0	0
08.08.2015 20:04:20.743000	0.0250001	0.0299959	0.0169728	126.516	-671.055	-0.00108507	5	4	4	4	79.8433	359	36.908	5.22178	0	1.19566	11.6011	42.4088	16.8913	97.7014	1	1	1	0	0	0	0	0
08.08.2015 20:04:20.843000	0.0250001	0.0299959	0.0169728	126.516	-671.057	-0.0036169	5	4	4	4	79.8344	359	37.0244	5.22178	0	1.18799	11.604	42.3928	16.885	97.6645	1	1	1	0	0	0	0	0
08.08.2015 20:04:20.943000	0.0250001	0.0299959	0.0169728	126.516	-671.055	-0.00488281	5	4	4	4	79.8483	359	37.1452	5.22178	0	1.17862	11.6054	42.4006	16.8898	97.6757	1	1	1	0	0	0	0	0
08.08.2015 20:04:21.043000	0.0250001	0.0299959	0.0169728	126.516	-671.06	-0.00506366	5	4	4	4	79.7929	359	37.2592	5.22178	0	1.17512	11.6046	42.1212	16.8894	96.6075	1	1	1	0	0	0	0	0
08.08.2015 20:04:21.143000	0.0250001	0.0299959	0.0169728	126.516	-671.063	-0.00542535	5	4	4	4	79.8628	359	37.3785	5.22178	0	1.16767	11.606	42.4559	16.9066	97.8232	1	1	1	0	0	0	0	0
08.08.2015 20:04:21.243000	0.0250001	0.0299959	0.0169728	126.516	-671.07	-0.00687211	5	4	4	4	79.9357	359	37.4979	5.22178	0	1.16878	11.612	42.4648	16.9147	97.8262	1	1	1	0	0	0	0	0
08.08.2015 20:04:21.343000	0.0250001	0.0299959	0.0169728	126.516	-671.07	-0.00651042	5	4	4	4	79.8404	359	37.6153	5.22178	0	1.1732	11.607	42.2278	16.9219	96.8912	1	1	1	0	0	0	0	0
08.08.2015 20:04:21.443000	0.0250001	0.0299959	0.0169728	126.516	-671.07	-0.0072338	5	4	4	4	79.9943	359	37.7347	5.22178	0	1.1759	11.6167	42.1674	16.9359	96.6061	1	1	1	0	0	0	0	0
08.08.2015 20:04:21.543000	0.0250001	0.0299959	0.0169728	126.516	-671.07	-0.00705295	5	4	4	4	79.9843	359	37.8526	5.22178	0	1.19567	11.6234	42.434	16.933	97.6383	1	1	1	0	0	0	0	0
08.08.2015 20:04:21.643000	0.0250001	0.0299959	0.0169728	126.518	-671.07	-0.00687211	5	4	4	4	79.9194	359	37.9675	5.22178	0	1.19544	11.6225	42.4425	16.9405	97.6421	1	1	1	0	0	0	0	0
08.08.2015 20:04:21.743000	0.0250001	0.0299959	0.0169728	126.516	-671.07	-0.00488281	5	4	4	4	79.9756	359	38.0898	5.22178	0	1.18435	11.6264	42.1867	16.9564	96.6014	1	1	1	0	0	0	0	0
08.08.2015 20:04:21.843000	0.0250001	0.0299959	0.0169728	126.521	-671.07	-0.00470197	5	4	4	4	79.9774	359	38.2062	5.22178	0	1.18435	11.6277	42.5099	16.9611	97.8213	1	1	1	0	0	0	0	0
08.08.2015 20:04:21.943000	0.0250001	0.0299959	0.0169728	126.52	-671.07	-0.00325521	5	4	4	4	79.8054	359	38.3197	5.22178	0	1.16946	11.6253	42.3586	16.9578	97.2546	1	1	1	0	0	0	0	0
08.08.2015 20:04:22.043000	0.0250001	0.0299959	0.0169728	126.523	-671.07	-0.00108507	5	4	4	4	79.9336	359	38.441	5.22178	0	1.16762	11.6177	42.1076	16.9779	96.2167	1	1	1	0	0	0	0	0
08.08.2015 20:04:22.143000	0.0250001	0.0299959	0.0169728	126.52	-671.07	-0.0016276	5	4	4	4	105.289	359	38.5549	5.22178	0	1.16359	11.6239	42.6206	16.9779	98.181	1	1	1	0	0	0	0	0
08.08.2015 20:04:22.243000	0.0250001	0.0299959	0.0169728	126.523	-671.07	-0.00036169	5	4	4	4	279.354	359	38.6758	5.22178	0	1.16224	11.4068	42.4913	16.9784	97.6839	1	1	1	0	0	0	0	0
08.08.2015 20:04:22.343000	0.0250001	0.0299959	0.0169728	126.523	-671.074	0.000542535	5	4	4	4	318.745	359	38.7972	5.22178	0	1.18883	10.8879	42.26	17.0063	96.6911	1	1	1	0	0	0	0	0
08.08.2015 20:04:22.443000	0.0250001	0.0299959	0.0169728	126.523	-671.073	0.00470197	5	4	4	4	369.326	359	38.9141	5.22178	0	1.20134	10.6586	42.4075	17.0214	97.1985	1	1	1	0	0	0	0	0
08.08.2015 20:04:22.543000	0.0250001	0.0299959	0.0169728	126.523	-671.078	0.00542535	5	4	4	4	470.011	359	39.0374	5.22178	0	1.20144	10.5648	41.9727	17.0445	95.4453	1	1	1	0	0	0	0	0
08.08.2015 20:04:22.643000	0.0250001	0.0299959	0.0169728	126.523	-671.076	0.0108507	5	4	4	4	489.3	359	39.1538	5.22178	0	1.2015	10.5261	42.3836	17.0487	97.002	1	1	1	0	0	0	0	0
08.08.2015 20:04:22.743000	0.0250001	0.0299959	0.0169728	126.523	-671.078	0.0124783	5	4	4	4	390.926	359	39.2782	5.22178	0	1.20468	10.5211	42.6564	17.057	98.015	1	1	1	0	0	0	0	0
08.08.2015 20:04:22.843000	0.0250001	0.0299959	0.0169728	126.523	-671.078	0.0137442	5	4	4	4	545.077	359	39.3976	5.22178	0	1.20729	10.552	42.5764	17.0331	97.8005	1	1	1	0	0	0	0	0
08.08.2015 20:04:22.943000	0.0250001	0.0299959	0.0169728	126.531	-671.078	0.0135634	5	4	4	4	612.395	359	39.515	5.22178	0	1.20181	10.4692	42.4688	17.035	97.3808	1	1	1	0	0	0	0	0
08.08.2015 20:04:23.043000	0.0250001	0.0299959	0.0169728	126.526	-671.078	0.015191	5	4	4	4	553.535	359	39.6368	5.22178	0	1.19564	10.4651	42.4873	17.0495	97.396	1	1	1	0	0	0	0	0
08.08.2015 20:04:23.143000	0.0250001	0.0299959	0.0169728	126.531	-671.078	0.0157335	5	4	4	4	719.431	359	39.7507	5.22178	0	1.18957	10.4627	42.3897	17.0366	97.0718	1	1	1	0	0	0	0	0
08.08.2015 20:04:23.243000	0.0250001	0.0299959	0.0169728	126.534	-671.078	0.015191	5	4	4	4	1369.95	359	39.8696	5.22178	0	1.17877	10.3524	42.4168	16.968	97.4383	1	1	1	0	0	0	0	0
08.08.2015 20:04:23.343000	0.0250001	0.0299959	0.0169728	126.539	-671.078	0.0141059	5	4	4	4	774.561	359	39.9905	5.22178	0	1.18178	10.1576	42.5784	17.0686	97.6722	1	1	1	0	0	0	0	0
08.08.2015 20:04:23.443000	0.0250001	0.0299959	0.0169728	126.534	-671.078	0.010489	5	4	4	4	848.932	359	40.1084	5.22178	0	1.18992	10.3306	42.5169	17.057	97.4806	1	1	1	0	0	0	0	0
08.08.2015 20:04:23.543000	0.0250001	0.0299959	0.0169728	126.539	-671.078	0.00705295	5	4	4	4	741.332	359	40.2312	5.22178	0	1.19096	10.3926	42.3522	17.0686	96.8056	1	1	1	0	0	0	0	0
08.08.2015 20:04:23.643000	0.0250001	0.0299959	0.0169728	126.536	-671.078	0.00325521	5	4	4	4	775.868	359	40.3486	5.22178	0	1.19541	10.473	42.2936	17.0842	96.5217	1	1	1	0	0	0	0	0
08.08.2015 20:04:23.743000	0.0250001	0.0299959	0.0169728	126.539	-671.078	0.000542535	5	4	4	4	717.358	359	40.473	5.22178	0	1.19698	10.5535	42.5942	17.0747	97.7089	1	1	1	0	0	0	0	0
08.08.2015 20:04:23.843000	0.0250001	0.0299959	0.0169728	126.539	-671.078	-0.00036169	5	4	4	4	614.826	359	40.5929	5.22178	0	1.2075	10.6015	42.3665	17.0944	96.7619	1	1	1	0	0	0	0	0
08.08.2015 20:04:23.943000	0.0250001	0.0299959	0.0169728	126.539	-671.078	-0.00108507	5	4	4	4	704.44	359	40.7107	5.22178	0	1.20749	10.5933	42.4893	17.0962	97.2251	1	1	1	0	0	0	0	0
08.08.2015 20:04:24.043000	0.0250001	0.0299959	0.0169728	126.539	-671.078	-0.00397859	5	4	4	4	700.751	359	40.8341	5.22178	0	1.20736	10.6489	42.4805	17.0993	97.1796	1	1	1	0	0	0	0	0
08.08.2015 20:04:24.143000	0.0250001	0.0299959	0.0169728	126.539	-671.078	-0.00488281	5	4	4	4	562.232	359	40.9505	5.22178	0	1.20736	10.7598	42.4992	17.0964	97.2621	1	1	1	0	0	0	0	0
08.08.2015 20:04:24.243000	0.0250001	0.0299959	0.0169728	126.542	-671.078	-0.00470197	5	4	4	4	747.539	359	41.0749	5.22178	0	1.2072	10.7903	42.4234	17.094	96.9814	1	1	1	0	0	0	0	0
08.08.2015 20:04:24.343000	0.0250001	0.0299959	0.0169728	126.539	-671.078	-0.00488281	5	4	4	4	602.864	359	41.1927	5.22178	0	1.2072	10.8169	42.5271	17.0973	97.3658	1	1	1	0	0	0	0	0
08.08.2015 20:04:24.443000	0.0250001	0.0299959	0.0169728	126.547	-671.081	-0.00542535	5	4	4	4	492.411	359	41.3141	5.22178	0	1.20178	10.8845	42.4104	17.1088	96.8748	1	1	1	0	0	0	0	0
08.08.2015 20:04:24.543000	0.0250001	0.0299959	0.0169728	126.547	-671.078	-0.000542535	5	4	4	4	717.389	359	41.431	5.22178	0	1.20144	10.8749	42.3889	17.0934	96.8512	1	1	1	0	0	0	0	0
08.08.2015 20:04:24.643000	0.0250001	0.0299959	0.0169728	126.547	-671.078	-0.00108507	5	4	4	4	565.795	359	41.5469	5.22178	0	1.18258	10.8587	42.4863	17.1082	97.1679	1	1	1	0	0	0	0	0
08.08.2015 20:04:24.743000	0.0250001	0.0299959	0.0169728	126.547	-671.078	-0.00108507	5	4	4	4	621.206	359	41.6698	5.22178	0	1.17872	10.8916	42.428	17.1036	96.962	1	1	1	0	0	0	0	0
08.08.2015 20:04:24.843000	0.0250001	0.0299959	0.0169728	126.552	-671.078	-0.00180845	5	4	4	4	539.944	359	41.7882	5.22178	0	1.20069	10.894	42.5036	17.1111	97.2228	1	1	1	0	0	0	0	0
08.08.2015 20:04:24.943000	0.0250001	0.0299959	0.0169728	126.551	-671.082	0	5	4	4	4	627.098	359	41.9085	5.22178	0	1.20726	10.8638	42.3904	17.1125	96.7839	1	1	1	0	0	0	0	0
08.08.2015 20:04:25.043000	0.0250001	0.0299959	0.0169728	126.555	-671.078	0.00144676	5	4	4	4	606.611	359	42.0309	5.22178	0	1.20713	10.8634	42.4151	17.1198	96.8505	1	1	1	0	0	0	0	0
08.08.2015 20:04:25.143000	0.0250001	0.0299959	0.0169728	126.555	-671.086	0.000542535	5	4	4	4	460.603	359	42.1473	3.61417	0	1.20708	10.9072	42.4056	17.2572	96.288	1	1	1	0.47	0	0	0	0
08.08.2015 20:04:25.243000	0.0250001	0.0299959	0.0169728	126.555	-671.086	0.00180845	5	4	4	4	99.2141	359	42.203	2.15321	0.351866	1.20708	9.82825	42.7621	17.3078	97.4595	1	1	1	1	0	0	0	0
08.08.2015 20:04:25.343000	0.0250001	0.0299959	0.0169728	126.555	-671.086	0.00325521	5	4	4	4	215.764	359	42.2587	2.78124	0.979896	0.973322	7.99878	43.126	17.5909	97.769	1	1	1	1	0	0	0	0
08.08.2015 20:04:25.443000	0.0250001	0.0299959	0.0169728	126.555	-671.083	0.0036169	5	4	4	4	350.695	359	42.3388	2.95175	1.1504	0.789654	7.01412	43.2905	17.7992	97.6009	1	1	1	1	0	0	0	0
08.08.2015 20:04:25.543000	0.0250001	0.0299959	0.0169728	126.555	-671.086	0.00596788	5	4	4	4	381.572	359	42.4045	2.93984	1.1385	0.789654	6.64492	43.3652	17.9717	97.2265	1	1	1	1	0	0	0	0
08.08.2015 20:04:25.643000	0.0250001	0.0299959	0.0169728	126.555	-671.086	0.00578704	5	4	4	4	405.459	359	42.4756	2.83225	1.03091	0.784262	6.52467	43.5585	18.1124	97.4282	1	1	1	1	0	0	0	0
08.08.2015 20:04:25.743000	0.0250001	0.0299959	0.0169728	126.555	-671.082	0.00596788	5	4	4	4	420.824	359	42.5482	2.66984	0.868495	0.712622	6.45995	43.699	18.2476	97.4483	1	1	1	1	0	0	0	0
08.08.2015 20:04:25.843000	0.0250001	0.0299959	0.0169728	126.555	-671.086	0.00434028	5	4	4	4	447.202	359	42.6094	2.43765	0.636302	0.712622	6.45754	43.8216	18.3703	97.4479	1	1	1	1	0	0	0	0
08.08.2015 20:04:25.943000	0.0250001	0.0299959	0.0169728	126.559	-671.086	0.00651042	5	4	4	4	448.748	359	42.6656	2.17268	0.371337	0.712622	6.42962	43.9521	18.4855	97.5067	1	1	1	1	0	0	0	0
08.08.2015 20:04:26.043000	0.0250001	0.0299959	0.0169728	126.56	-671.086	0.00614873	5	4	4	4	381.625	359	42.7193	1.96799	0.166646	0.712622	6.45505	44.0867	18.6065	97.5589	1	1	1	1	0	0	0	0
08.08.2015 20:04:26.143000	0.0250001	0.0299959	0.0169728	126.563	-671.086	0.00488281	5	4	4	4	419.938	359	42.773	1.90813	0.10679	0.608048	6.48756	44.2042	18.6988	97.6554	1	1	1	1	0	0	0	0
08.08.2015 20:04:26.243000	0.0250001	0.0299959	0.0169728	126.563	-671.086	0.00434028	5	4	4	4	360.339	359	42.8278	1.75918	-0.0421606	0.596428	6.48026	44.2997	18.8011	97.6292	1	1	1	1	0	0	0	0
08.08.2015 20:04:26.343000	0.0250001	0.0299959	0.0169728	126.563	-671.086	0.00271267	5	4	4	4	397.243	359	42.875	1.74672	-0.0546246	0.596428	6.5128	44.4043	18.8853	97.707	1	1	1	1	0	0	0	0
08.08.2015 20:04:26.443000	0.0250001	0.0299959	0.0169728	126.568	-671.086	0.00108507	5	4	4	4	375.788	359	42.9213	1.649	-0.152345	0.596428	6.47473	44.4931	18.9759	97.7005	1	1	1	1	0	0	0	0
08.08.2015 20:04:26.543000	0.0250001	0.0299959	0.0169728	126.57	-671.086	0.000542535	5	4	4	4	328.108	359	42.967	1.68497	-0.116377	0.596428	6.49936	44.5733	19.0472	97.7344	1	1	1	1	0	0	0	0
08.08.2015 20:04:26.643000	0.0250001	0.0299959	0.0169728	126.57	-671.086	-0.00289352	5	4	4	4	335.23	359	43.0148	1.74183	-0.0595146	0.510895	6.55693	44.6269	19.1249	97.6423	1	1	1	1	0	0	0	0
08.08.2015 20:04:26.743000	0.0250001	0.0299959	0.0169728	126.57	-671.086	-0.00108507	5	4	4	4	353.311	359	43.063	1.75398	-0.0473621	0.483885	6.57021	44.6786	19.1807	97.6262	1	1	1	1	0	0	0	0
08.08.2015 20:04:26.843000	0.0250001	0.0299959	0.0169728	126.57	-671.083	-0.00289352	5	4	4	4	365.122	359	43.1123	1.7601	-0.0412488	0.483885	6.56378	44.7329	19.2391	97.6105	1	1	1	1	0	0	0	0
08.08.2015 20:04:26.943000	0.0250001	0.0299959	0.0169728	126.57	-671.086	-0.00325521	5	4	4	4	362.959	359	43.163	1.7633	-0.0380403	0.483885	6.55853	44.7754	19.3014	97.535	1	1	1	1	0	0	0	0
08.08.2015 20:04:27.043000	0.0250001	0.0299959	0.0169728	126.57	-671.086	-0.00217014	5	4	4	4	380.434	359	43.2143	1.76025	-0.0410898	0.483885	6.5592	44.81	19.3307	97.5549	1	1	1	1	0	0	0	0
08.08.2015 20:04:27.143000	0.0250001	0.0299959	0.0169728	126.57	-671.086	-0.0016276	5	4	4	4	399.978	359	43.2655	1.72398	-0.0773669	0.49793	6.49549	44.839	19.3675	97.5224	1	1	1	1	0	0	0	0
08.08.2015 20:04:27.243000	0.0250001	0.0299959	0.0169728	126.57	-671.086	0.00072338	5	4	4	4	323.965	359	43.3162	1.67449	-0.12685	0.501442	6.46822	44.865	19.4054	97.468	1	1	1	1	0	0	0	0
08.08.2015 20:04:27.343000	0.0250001	0.0299959	0.0169728	126.57	-671.086	0.000542535	5	4	4	4	339.982	359	43.3655	1.67095	-0.130384	0.501442	6.50136	44.9043	19.4364	97.5186	1	1	1	1	0	0	0	0
08.08.2015 20:04:27.443000	0.0250001	0.0299959	0.0169728	126.57	-671.086	0.00144676	5	4	4	4	343.148	359	43.4162	1.68936	-0.111981	0.501442	6.50446	44.9441	19.4637	97.553	1	1	1	1	0	0	0	0
08.08.2015 20:04:27.543000	0.0250001	0.0299959	0.0169728	126.57	-671.086	-0.000542535	5	4	4	4	350.861	359	43.465	1.71324	-0.0881082	0.501442	6.51979	44.9596	19.4858	97.5341	1	1	1	1	0	0	0	0
08.08.2015 20:04:27.643000	0.0250001	0.0299959	0.0169728	126.57	-671.086	-0.00144676	5	4	4	4	326.103	359	43.5147	1.74549	-0.0558523	0.49819	6.53275	44.9685	19.5179	97.4446	1	1	1	1	0	0	0	0
08.08.2015 20:04:27.743000	0.0250001	0.0299959	0.0169728	126.57	-671.086	-0.0016276	5	4	4	4	324.251	359	43.5694	1.8007	-0.000648018	0.497428	6.55341	44.9803	19.5305	97.4422	1	1	1	1	0	0	0	0
08.08.2015 20:04:27.843000	0.0250001	0.0299959	0.0169728	126.573	-671.086	-0.0036169	5	4	4	4	325.651	359	43.6251	1.86533	0.0639826	0.497428	6.56497	44.9938	19.5431	97.4455	1	1	1	1	0	0	0	0
08.08.2015 20:04:27.943000	0.0250001	0.0299959	0.0169728	126.578	-671.086	-0.00379774	5	4	4	4	347.016	359	43.6793	1.94288	0.141533	0.497428	6.57173	45.0025	19.5499	97.4532	1	1	1	1	0	0	0	0
08.08.2015 20:04:28.043000	0.0250001	0.0299959	0.0169728	126.576	-671.089	-0.00144676	5	4	4	4	357.796	359	43.7365	2.00871	0.207365	0.51103	6.56276	44.9978	19.5561	97.4109	1	1	1	1	0	0	0	0
08.08.2015 20:04:28.143000	0.0250001	0.0299959	0.0169728	126.578	-671.086	-0.0016276	5	4	4	4	361.957	359	43.7942	2.05328	0.25193	0.547805	6.55425	44.9912	19.5537	97.395	1	1	1	1	0	0	0	0
08.08.2015 20:04:28.243000	0.0250001	0.0299959	0.0169728	126.578	-671.086	-0.00108507	5	4	4	4	357.667	359	43.85	2.08114	0.279793	0.547805	6.55634	44.9817	19.5513	97.3677	1	1	1	1	0	0	0	0
08.08.2015 20:04:28.343000	0.0250001	0.0299959	0.0169728	126.578	-671.086	-0.0016276	5	4	4	4	401.207	359	43.9072	2.0892	0.287852	0.547805	6.55564	44.9337	19.542	97.2195	1	1	1	1	0	0	0	0
08.08.2015 20:04:28.443000	0.0250001	0.0299959	0.0169728	126.578	-671.089	-0.00072338	5	4	4	4	400.033	359	43.9683	2.05185	0.250509	0.549885	6.49841	44.8553	19.5487	96.894	1	1	1	1	0	0	0	0
08.08.2015 20:04:28.543000	0.0250001	0.0299959	0.0169728	126.578	-671.086	0.000542535	5	4	4	4	380.748	359	44.028	1.99677	0.195426	0.5894	6.50084	45.0363	19.5488	97.5867	1	1	1	1	0	0	0	0
08.08.2015 20:04:28.643000	0.0250001	0.0299959	0.0169728	126.578	-671.086	-0.00072338	5	4	4	4	313.759	359	44.0832	1.95273	0.151381	0.5894	6.50318	45.1233	19.5712	97.8342	1	1	1	1	0	0	0	0
08.08.2015 20:04:28.743000	0.0250001	0.0299959	0.0169728	126.578	-671.086	0.000542535	5	4	4	4	290.415	359	44.1404	1.96263	0.161286	0.5894	6.55451	45.0011	19.5735	97.3572	1	1	1	1	0	0	0	0
08.08.2015 20:04:28.843000	0.0250001	0.0299959	0.0169728	126.578	-671.089	0.00072338	5	4	4	4	341.66	359	44.1962	2.03707	0.235722	0.5894	6.60758	44.8105	19.572	96.6332	1	1	1	1	0	0	0	0
08.08.2015 20:04:28.943000	0.0250001	0.0299959	0.0169728	126.578	-671.09	0.000542535	5	4	4	4	361.083	359	44.2514	2.10381	0.302469	0.572069	6.56152	44.8874	19.5822	96.8884	1	1	1	1	0	0	0	0
08.08.2015 20:04:29.043000	0.0250001	0.0299959	0.0169728	126.578	-671.089	0.00108507	5	4	4	4	376.411	359	44.3081	2.1361	0.33476	0.561446	6.54771	45.143	19.5696	97.9155	1	1	1	1	0	0	0	0
08.08.2015 20:04:29.143000	0.0250001	0.0299959	0.0169728	126.578	-671.09	0.000542535	5	4	4	4	357.099	359	44.3713	2.14322	0.341873	0.561446	6.52735	45.0017	19.5582	97.4184	1	1	1	1	0	0	0	0
08.08.2015 20:04:29.243000	0.0250001	0.0299959	0.0169728	126.583	-671.089	0.00072338	5	4	4	4	299.124	359	44.4295	2.15648	0.355133	0.561446	6.53513	44.7704	19.5702	96.4864	1	1	1	1	0	0	0	0
08.08.2015 20:04:29.343000	0.0250001	0.0299959	0.0169728	126.578	-671.086	0.00108507	5	4	4	4	297.809	359	44.4906	2.21701	0.415664	0.575278	6.58194	44.9898	19.5636	97.352	1	1	1	1	0	0	0	0
08.08.2015 20:04:29.443000	0.0250001	0.0299959	0.0169728	126.581	-671.086	-0.00144676	5	4	4	4	356.606	359	44.5478	2.31409	0.512745	0.593613	6.58015	45.5588	19.544	99.6056	1	1	1	1	0	0	0	0
08.08.2015 20:04:29.543000	0.0250001	0.0299959	0.0169728	126.586	-671.09	-0.0016276	5	4	4	4	362.373	359	44.6065	2.38633	0.58499	0.593613	6.54468	44.7369	19.5263	96.5264	1	1	1	1	0	0	0	0
08.08.2015 20:04:29.643000	0.0250001	0.0299959	0.0169728	126.586	-671.086	-0.00289352	5	4	4	4	345.896	359	44.6767	2.43223	0.630886	0.593613	6.54725	44.756	19.5105	96.6598	1	1	1	1	0	0	0	0
08.08.2015 20:04:29.743000	0.0250001	0.0299959	0.0169728	126.586	-671.09	-0.00379774	5	4	4	4	351.642	359	44.7413	2.47834	0.676995	0.60982	6.5601	44.954	19.4914	97.4911	1	1	1	1	0	0	0	0
08.08.2015 20:04:29.843000	0.0250001	0.0299959	0.0169728	126.586	-671.089	-0.00470197	5	4	4	4	370.054	359	44.8035	2.51896	0.717616	0.628095	6.56863	44.8556	19.4487	97.2777	1	1	1	1	0	0	0	0
08.08.2015 20:04:29.943000	0.0250001	0.0299959	0.0169728	126.59	-671.09	-0.00488281	5	4	4	4	313.228	359	44.8761	2.54538	0.744037	0.628095	6.57743	44.7962	19.4326	97.1123	1	1	1	1	0	0	0	0
08.08.2015 20:04:30.043000	0.0250001	0.0299959	0.0169728	126.589	-671.089	-0.00470197	5	4	4	4	392.56	359	44.9423	2.58432	0.782978	0.628095	6.59106	44.7887	19.4139	97.1548	1	1	1	1	0	0	0	0
08.08.2015 20:04:30.143000	0.0250001	0.0299959	0.0169728	126.59	-671.094	-0.00488281	5	4	4	4	327.676	359	45.0094	2.5963	0.79496	0.665817	6.50964	44.7552	19.3957	97.0966	1	1	1	1	0	0	0	0
08.08.2015 20:04:30.243000	0.0250001	0.0299959	0.0169728	126.586	-671.091	-0.00506366	5	4	4	4	329.352	359	45.0831	2.62486	0.823512	0.675845	6.56774	44.7209	19.3621	97.0938	1	1	1	1	0	0	0	0
08.08.2015 20:04:30.343000	0.0250001	0.0299959	0.0169728	126.594	-671.09	-0.00434028	5	4	4	4	361.341	359	45.1487	2.66695	0.865601	0.675845	6.57156	44.7116	19.3381	97.1501	1	1	1	1	0	0	0	0
08.08.2015 20:04:30.443000	0.0250001	0.0299959	0.0169728	126.594	-671.089	-0.00397859	5	4	4	4	362.23	359	45.2248	2.69789	0.896546	0.681089	6.53584	44.6701	19.3262	97.0368	1	1	1	1	0	0	0	0
08.08.2015 20:04:30.543000	0.0250001	0.0299959	0.0169728	126.594	-671.09	-0.00217014	5	4	4	4	362.957	359	45.293	2.7178	0.916456	0.698647	6.51753	44.6425	19.3054	97.0108	1	1	1	1	0	0	0	0
08.08.2015 20:04:30.643000	0.0250001	0.0299959	0.0169728	126.594	-671.094	-0.00072338	5	4	4	4	328.768	359	45.3681	2.73271	0.93137	0.698647	6.5546	44.6287	19.2857	97.033	1	1	1	1	0	0	0	0
08.08.2015 20:04:30.743000	0.0250001	0.0299959	0.0169728	126.594	-671.086	-0.000542535	5	4	4	4	355.42	359	45.4402	2.76181	0.960468	0.698647	6.57555	44.5979	19.261	97.0099	1	1	1	1	0	0	0	0
08.08.2015 20:04:30.843000	0.0250001	0.0299959	0.0169728	126.594	-671.094	0.00253183	5	4	4	4	347.019	359	45.5118	2.78985	0.988506	0.721771	6.54913	44.5741	19.239	97.0029	1	1	1	1	0	0	0	0
08.08.2015 20:04:30.943000	0.0250001	0.0299959	0.0169728	126.594	-671.086	0.00108507	5	4	4	4	345.842	359	45.5884	2.82161	1.02026	0.727195	6.56169	44.554	19.2253	96.9786	1	1	1	1	0	0	0	0
08.08.2015 20:04:31.043000	0.0250001	0.0299959	0.0169728	126.594	-671.091	0.00289352	5	4	4	4	324.197	359	45.6601	2.86385	1.06251	0.727195	6.61131	44.5093	19.2099	96.8664	1	1	1	1	0	0	0	0
08.08.2015 20:04:31.143000	0.0250001	0.0299959	0.0169728	126.594	-671.086	0.00488281	5	4	4	4	369.996	359	45.7362	2.91132	1.10997	0.735421	6.5976	44.4838	19.2033	96.7942	1	1	1	1	0	0	0	0
08.08.2015 20:04:31.243000	0.0250001	0.0299959	0.0169728	126.594	-671.094	0.00578704	5	4	4	4	359.536	359	45.8098	2.93906	1.13771	0.744697	6.56473	44.4361	19.174	96.7234	1	1	1	1	0	0	0	0
08.08.2015 20:04:31.343000	0.0250001	0.0299959	0.0169728	126.594	-671.09	0.00542535	5	4	4	4	401.93	359	45.8844	2.94949	1.14815	0.744697	6.53973	44.421	19.1507	96.7549	1	1	1	1	0	0	0	0
08.08.2015 20:04:31.443000	0.0250001	0.0299959	0.0169728	126.599	-671.091	0.00578704	5	4	4	4	352.561	359	45.9605	2.92481	1.12346	0.74537	6.49042	44.3895	19.132	96.7059	1	1	1	1	0	0	0	0
08.08.2015 20:04:31.543000	0.0250001	0.0299959	0.0169728	126.598	-671.09	0.00379774	5	4	4	4	302.337	359	46.0341	2.92134	1.12	0.749183	6.5366	44.3718	19.1139	96.7073	1	1	1	1	0	0	0	0
08.08.2015 20:04:31.643000	0.0250001	0.0299959	0.0169728	126.602	-671.094	0.00289352	5	4	4	4	307.512	359	46.1048	2.96663	1.16528	0.749183	6.61675	44.3586	19.0937	96.7341	1	1	1	1	0	0	0	0
08.08.2015 20:04:31.743000	0.0250001	0.0299959	0.0169728	126.602	-671.094	0.000542535	5	4	4	4	316.101	359	46.1853	3.05	1.24865	0.749183	6.59019	44.3273	19.084	96.6519	1	1	1	1	0	0	0	0
08.08.2015 20:04:31.843000	0.0250001	0.0299959	0.0169728	126.602	-671.094	0.00072338	5	4	4	4	310.746	359	46.2614	3.15735	1.35601	0.747313	6.59271	44.2976	19.0722	96.5827	1	1	1	1	0	0	0	0
08.08.2015 20:04:31.943000	0.0250001	0.0299959	0.0169728	126.602	-671.094	-0.0016276	5	4	4	4	362.034	359	46.3385	3.26085	1.45951	0.746902	6.58958	44.2613	19.0025	96.711	1	1	1	1	0	0	0	0
08.08.2015 20:04:32.043000	0.0250001	0.0299959	0.0169728	126.602	-671.089	-0.00108507	5	4	4	4	364.176	359	46.4286	3.32842	1.52707	0.746902	6.56013	44.1969	18.9729	96.5776	1	1	1	1	0	0	0	0
08.08.2015 20:04:32.143000	0.0250001	0.0299959	0.0169728	126.602	-671.094	-0.00271267	5	4	4	4	381.388	359	46.5102	3.36732	1.56597	0.802465	6.59109	44.1533	18.9116	96.6453	1	1	1	1	0	0	0	0
08.08.2015 20:04:32.243000	0.0250001	0.0299959	0.0169728	126.602	-671.091	-0.00434028	5	4	4	4	354.116	359	46.5922	3.37876	1.57741	0.818136	6.56713	44.0988	18.8791	96.5614	1	1	1	1	0	0	0	0
08.08.2015 20:04:32.343000	0.0250001	0.0299959	0.0169728	126.609	-671.094	-0.00488281	5	4	4	4	341.977	359	46.6803	3.38948	1.58814	0.818136	6.60162	44.0646	18.8369	96.5916	1	1	1	1	0	0	0	0
08.08.2015 20:04:32.443000	0.0250001	0.0299959	0.0169728	126.604	-671.094	-0.00470197	5	4	4	4	337.48	359	46.7668	3.41445	1.61311	0.852896	6.59138	44.0156	18.8128	96.4965	1	1	1	1	0	0	0	0
08.08.2015 20:04:32.543000	0.0250001	0.0299959	0.0169728	126.609	-671.09	-0.00542535	5	4	4	4	317.573	359	46.8474	3.4572	1.65586	0.857636	6.60793	43.9898	18.7797	96.5243	1	1	1	1	0	0	0	0
08.08.2015 20:04:32.643000	0.0250001	0.0299959	0.0169728	126.609	-671.091	-0.00506366	5	4	4	4	380.243	359	46.934	3.51635	1.71501	0.857726	6.63808	43.9592	18.738	96.567	1	1	1	1	0	0	0	0
08.08.2015 20:04:32.743000	0.0250001	0.0299959	0.0169728	126.609	-671.09	-0.00325521	5	4	4	4	387.113	359	47.0275	3.53911	1.73777	0.866611	6.59502	43.9221	18.7089	96.5362	1	1	1	1	0	0	0	0
08.08.2015 20:04:32.843000	0.0250001	0.0299959	0.0169728	126.609	-671.091	-0.00506366	5	4	4	4	365.914	359	47.115	3.52485	1.72351	0.866611	6.56476	43.8916	18.6969	96.4656	1	1	1	1	0	0	0	0
08.08.2015 20:04:32.943000	0.0250001	0.0299959	0.0169728	126.609	-671.094	-0.00705295	5	4	4	4	331.123	359	47.2016	3.51129	1.70994	0.868166	6.58768	43.8723	18.6746	96.4771	1	1	1	1	0	0	0	0
08.08.2015 20:04:33.043000	0.0250001	0.0299959	0.0169728	126.609	-671.094	-0.0036169	5	4	4	4	328.496	359	47.2826	3.52944	1.72809	0.875762	6.62873	43.8565	18.6656	96.4509	1	1	1	1	0	0	0	0
08.08.2015 20:04:33.143000	0.0250001	0.0299959	0.0169728	126.609	-671.094	-0.00379774	5	4	4	4	354.721	359	47.3752	3.57243	1.77108	0.875762	6.60906	43.8437	18.6445	96.4827	1	1	1	1	0	0	0	0
08.08.2015 20:04:33.243000	0.0250001	0.0299959	0.0169728	126.609	-671.091	-0.00217014	5	4	4	4	339.63	359	47.4587	3.60725	1.80591	0.869761	6.58817	43.8138	18.6314	96.4186	1	1	1	1	0	0	0	0
08.08.2015 20:04:33.343000	0.0250001	0.0299959	0.0169728	126.609	-671.094	-0.00108507	5	4	4	4	360.146	359	47.5493	3.64689	1.84554	0.851759	6.60072	43.792	18.6087	96.4217	1	1	1	1	0	0	0	0
08.08.2015 20:04:33.443000	0.0250001	0.0299959	0.0169728	126.609	-671.094	0.00072338	5	4	4	4	363.357	359	47.6338	3.67412	1.87277	0.851759	6.59164	43.7759	18.5841	96.4542	1	1	1	1	0	0	0	0
08.08.2015 20:04:33.543000	0.0250001	0.0299959	0.0169728	126.609	-671.094	0.00108507	5	4	4	4	348.484	359	47.7263	3.68796	1.88662	0.873926	6.58701	43.7583	18.57	96.4411	1	1	1	1	0	0	0	0
08.08.2015 20:04:33.643000	0.0250001	0.0299959	0.0169728	126.609	-671.094	0.00108507	5	4	4	4	293.57	359	47.8169	3.71472	1.91337	0.897939	6.61681	43.7312	18.5529	96.4027	1	1	1	1	0	0	0	0
08.08.2015 20:04:33.743000	0.0250001	0.0299959	0.0169728	126.609	-671.09	0.00271267	5	4	4	4	336.216	359	47.9069	3.78088	1.97954	0.897939	6.64505	43.7092	18.5305	96.4044	1	1	1	1	0	0	0	0
08.08.2015 20:04:33.843000	0.0250001	0.0299959	0.0169728	126.612	-671.094	0.00289352	5	4	4	4	364.607	359	47.9999	3.85182	2.05048	0.916038	6.61438	43.6816	18.5067	96.3897	1	1	1	1	0	0	0	0
08.08.2015 20:04:33.943000	0.0250001	0.0299959	0.0169728	126.609	-671.094	0.00434028	5	4	4	4	361.506	359	48.0934	3.89312	2.09177	0.921142	6.59812	43.6493	18.4813	96.3635	1	1	1	1	0	0	0	0
08.08.2015 20:04:34.043000	0.0250001	0.0299959	0.0169728	126.612	-671.091	0.00434028	5	4	4	4	315.115	359	48.1879	3.92893	2.12758	0.921838	6.60217	43.6191	18.4501	96.367	1	1	1	1	0	0	0	0
08.08.2015 20:04:34.143000	0.0250001	0.0299959	0.0169728	126.613	-671.094	0.00434028	5	4	4	4	335.543	359	48.284	3.98955	2.18821	0.9281	6.63655	43.5842	18.4113	96.382	1	1	1	1	0	0	0	0
08.08.2015 20:04:34.243000	0.0250001	0.0299959	0.0169728	126.617	-671.094	0.00434028	5	4	4	4	371.739	359	48.3824	4.05406	2.25271	0.9281	6.61657	43.5368	18.382	96.313	1	1	1	1	0	0	0	0
08.08.2015 20:04:34.343000	0.0250001	0.0299959	0.0169728	126.617	-671.094	0.00434028	5	4	4	4	387.261	359	48.4794	4.08141	2.28007	0.959425	6.55987	43.5027	18.3536	96.2908	1	1	1	1	0	0	0	0
08.08.2015 20:04:34.443000	0.0250001	0.0299959	0.0169728	126.617	-671.094	0.00542535	5	4	4	4	337.376	359	48.5789	4.07825	2.27691	0.983057	6.57867	43.4701	18.3231	96.2826	1	1	1	1	0	0	0	0
08.08.2015 20:04:34.543000	0.0250001	0.0299959	0.0169728	126.617	-671.094	0.00488281	5	4	4	4	342.795	359	48.6769	4.09394	2.29259	0.983255	6.61751	43.4436	18.3054	96.249	1	1	1	1	0	0	0	0
08.08.2015 20:04:34.643000	0.0250001	0.0299959	0.0169728	126.615	-671.094	0.00506366	5	4	4	4	320.502	359	48.7749	4.12777	2.32642	0.987028	6.60072	43.399	18.3142	96.0445	1	1	1	1	0	0	0	0
08.08.2015 20:04:34.743000	0.0250001	0.0299959	0.0169728	126.617	-671.094	0.00271267	5	4	4	4	387.932	359	48.8734	4.17213	2.37078	0.987028	6.6046	43.38	18.2686	96.1464	1	1	1	1	0	0	0	0
08.08.2015 20:04:34.843000	0.0250001	0.0299959	0.0169728	126.617	-671.094	0.00253183	5	4	4	4	342.338	359	48.9754	4.18572	2.38438	0.984971	6.61675	43.3449	18.2424	96.1125	1	1	1	1	0	0	0	0
08.08.2015 20:04:34.943000	0.0250001	0.0299959	0.0169728	126.617	-671.094	0.00271267	5	4	4	4	338.916	359	49.0768	4.21216	2.41081	0.983073	6.59714	43.3224	18.2214	96.1064	1	1	1	1	0	0	0	0
08.08.2015 20:04:35.043000	0.0250001	0.0299959	0.0169728	126.617	-671.094	0.00253183	5	4	4	4	387.75	359	49.1788	4.23421	2.43286	0.986718	6.57431	43.2961	18.1905	96.1242	1	1	1	1	0	0	0	0
08.08.2015 20:04:35.143000	0.0250001	0.0299959	0.0169728	126.617	-671.09	0.0016276	5	4	4	4	368.28	359	49.2783	4.22997	2.42863	1.02358	6.5621	43.2777	18.1745	96.1153	1	1	1	1	0	0	0	0
08.08.2015 20:04:35.243000	0.0250001	0.0299959	0.0169728	126.617	-671.094	0.00144676	5	4	4	4	373.878	359	49.3798	4.21381	2.41247	1.02358	6.55327	43.2702	18.1688	96.1081	1	1	1	1	0	0	0	0
08.08.2015 20:04:35.343000	0.0250001	0.0299959	0.0169728	126.617	-671.094	0.00108507	5	4	4	4	338.553	359	49.4787	4.19999	2.39864	1.00669	6.57665	43.2575	18.1727	96.0447	1	1	1	1	0	0	0	0
08.08.2015 20:04:35.443000	0.0250001	0.0299959	0.0169728	126.617	-671.094	0.00072338	5	4	4	4	309.568	359	49.5792	4.21327	2.41192	0.994949	6.58192	43.2553	18.1744	96.0298	1	1	1	1	0	0	0	0
08.08.2015 20:04:35.543000	0.0250001	0.0299959	0.0169728	126.617	-671.094	0.00108507	5	4	4	4	303.189	359	49.6802	4.26494	2.4636	0.998615	6.59813	43.2495	18.1568	96.0749	1	1	1	1	0	0	0	0
08.08.2015 20:04:35.643000	0.0250001	0.0299959	0.0169728	126.622	-671.094	-0.00108507	5	4	4	4	343.376	359	49.7837	4.35329	2.55194	1.01939	6.62173	43.2384	18.1334	96.1218	1	1	1	1	0	0	0	0
08.08.2015 20:04:35.743000	0.0250001	0.0299959	0.0169728	126.621	-671.094	-0.00108507	5	4	4	4	351.09	359	49.8871	4.43301	2.63166	1.01939	6.61426	43.2015	18.1107	96.0676	1	1	1	1	0	0	0	0
08.08.2015 20:04:35.843000	0.0250001	0.0299959	0.0169728	126.622	-671.094	-0.00144676	5	4	4	4	332.218	359	49.9931	4.49461	2.69327	1.03555	6.56687	43.1611	18.082	96.023	1	1	1	1	0	0	0	0
08.08.2015 20:04:35.943000	0.0250001	0.0299959	0.0169728	126.625	-671.09	-0.00108507	5	4	4	4	371.124	359	50.0975	4.55478	2.75344	1.04065	6.5443	43.1258	18.0445	96.0314	1	1	1	1	0	0	0	0
08.08.2015 20:04:36.043000	0.0250001	0.0299959	0.0169728	126.625	-671.094	-0.00108507	5	4	4	4	358.388	359	50.2055	4.59083	2.78948	1.04999	6.5588	43.0801	18.0122	95.98	1	1	1	1	0	0	0	0
08.08.2015 20:04:36.143000	0.0250001	0.0299959	0.0169728	126.625	-671.09	-0.00108507	5	4	4	4	341.447	359	50.3139	4.60905	2.80771	1.0629	6.59155	43.0439	17.9834	95.9515	1	1	1	1	0	0	0	0
08.08.2015 20:04:36.243000	0.0250001	0.0299959	0.0169728	126.62	-671.091	-0.00072338	5	4	4	4	325.648	359	50.4219	4.64274	2.8414	1.06382	6.61736	43.018	17.9478	95.9886	1	1	1	1	0	0	0	0
08.08.2015 20:04:36.343000	0.0250001	0.0299959	0.0169728	126.625	-671.094	0	5	4	4	4	350.365	359	50.5313	4.69708	2.89573	1.07213	6.65376	42.9843	17.9209	95.9627	1	1	1	1	0	0	0	0
08.08.2015 20:04:36.443000	0.0250001	0.0299959	0.0169728	126.625	-671.094	0.00108507	5	4	4	4	379.667	359	50.6397	4.73635	2.93501	1.07213	6.61771	42.9524	17.8972	95.9312	1	1	1	1	0	0	0	0
08.08.2015 20:04:36.543000	0.0250001	0.0299959	0.0169728	126.625	-671.094	0.000542535	5	4	4	4	356.652	359.013	50.7511	4.74713	2.94579	1.10502	6.53947	42.9273	17.8715	95.9337	1	1	1	1	0.43	0	0	0
08.08.2015 20:04:36.643000	0.0250001	0.0299959	0.0169728	126.625	-671.094	0.00036169	5	4	4	4	382.949	359.453	50.8656	4.7618	2.96045	1.11038	6.57295	42.9008	17.8472	95.9255	1	1	1	1	1	0	0	0
08.08.2015 20:04:36.743000	0.0250001	0.0299959	0.0169728	126.625	-671.094	-0.00108507	5	4	4	4	372.846	360.81	50.978	4.70187	2.90053	1.12018	6.57885	42.8924	17.8337	95.9447	1	1	1	1	1	0	0	0
08.08.2015 20:04:36.843000	0.0250001	0.0299959	0.0169728	126.625	-671.094	0.00072338	5	4	4	4	365.138	363.112	51.0859	4.64066	2.83931	1.12546	6.55841	42.8777	17.8596	95.7893	1	1	1	1	1	0	0	0
08.08.2015 20:04:36.943000	0.0250001	0.0299959	0.0169728	126.625	-671.094	0.00596788	5	4	4	4	324.181	366.361	51.1948	4.65967	2.85832	1.11272	6.59268	42.8698	17.8697	95.7206	1	1	1	1	1	0	0	0
08.08.2015 20:04:37.043000	0.0250001	0.0299959	0.0169728	126.625	-671.091	0.00325521	5	4	4	4	375.423	370.555	51.3048	4.79481	2.99346	1.09104	6.61186	42.8614	17.8572	95.736	1	1	1	1	1	0	0	0
08.08.2015 20:04:37.143000	0.0250001	0.0299959	0.0169728	126.625	-671.094	0.00271267	5	4	4	4	375.056	375.695	51.4207	4.92148	3.12013	1.09654	6.60671	42.8249	17.8263	95.7145	1	1	1	1	1	0	0	0
08.08.2015 20:04:37.243000	0.0250001	0.0299959	0.0169728	126.625	-671.091	0.00289352	5	4	4	4	375.227	381.78	51.5346	5.03526	3.23391	1.12543	6.54754	42.7705	17.7859	95.661	1	1	1	1	1	0	0	0
08.08.2015 20:04:37.343000	0.0250001	0.0299959	0.0169728	126.625	-671.094	0.00325521	5	4	4	4	402.793	388.813	51.649	5.17027	3.36892	1.12734	6.55732	42.713	17.7248	95.6727	1	1	1	1	1	0	0	0
08.08.2015 20:04:37.443000	0.0250001	0.0299959	0.0169728	126.625	-671.091	0.00289352	5	4	4	4	385.164	396.788	51.7748	5.30229	3.50097	1.17325	6.55388	42.6271	17.6617	95.5876	1	1	1	1	1	0	0	0
08.08.2015 20:04:37.543000	0.0250001	0.0299959	0.0169728	126.625	-671.094	0.00217014	5	4	4	4	384.652	405.714	51.8987	5.49554	3.69422	1.1804	6.55145	42.5499	17.5815	95.5988	1	1	1	1	1	0	0	0
08.08.2015 20:04:37.643000	0.0250001	0.0299959	0.0169728	126.625	-671.094	0.00289352	5	4	4	4	387.412	415.582	52.0285	5.76954	3.9682	1.2626	6.59815	42.426	17.4733	95.539	1	1	1	1	1	0	0	0
08.08.2015 20:04:37.743000	0.0250001	0.0299959	0.0169728	126.625	-671.094	0	5	4	4	4	384.937	426.396	52.1673	6.14143	4.34009	1.2858	6.61192	42.2714	17.323	95.5226	1	1	1	1	1	0	0	0
08.08.2015 20:04:37.843000	0.0250001	0.0299959	0.0169728	126.625	-671.094	0.00144676	5	4	4	4	407.589	438.156	52.314	6.60861	4.80743	1.35926	6.59883	42.0692	17.1343	95.4612	1	1	1	1	1	0	0	0
08.08.2015 20:04:37.943000	0.0250001	0.0299959	0.0169728	126.625	-671.094	0.000542535	5	4	4	4	505.883	450.888	52.4757	7.07765	5.27656	1.47028	6.51089	41.832	16.8943	95.4498	1	1	1	1	1	0	0	0
08.08.2015 20:04:38.043000	0.0250001	0.0299959	0.0169728	126.625	-671.094	0.00072338	5	4	4	4	525.834	464.601	52.6453	7.3394	5.5381	1.56404	6.50705	41.5566	16.65	95.3626	1	1	1	1	1	0	0	0
08.08.2015 20:04:38.143000	0.0250001	0.0299959	0.0169728	126.625	-671.094	0.00108507	5	4	4	4	435.449	479.241	52.8139	7.47997	5.67862	1.7037	6.53798	41.3272	16.4527	95.2341	1	1	1	1	1	0	0	0
08.08.2015 20:04:38.243000	0.0250001	0.0299959	0.0169728	126.625	-671.094	0.00072338	5	4	4	4	461.536	494.794	52.99	7.8032	6.00186	1.72029	6.53002	41.1209	16.2857	95.0891	1	1	1	1	1	0	0	0
08.08.2015 20:04:38.343000	0.0250001	0.0299959	0.0169728	126.625	-671.094	0.0016276	5	4	4	4	436.687	511.297	53.1696	8.29418	6.49283	1.74821	6.56796	40.9061	16.0778	95.0627	1	1	1	1	1	0	0	0
08.08.2015 20:04:38.443000	0.0250001	0.0299959	0.0169728	126.633	-671.094	0.00072338	5	4	4	4	527.577	528.743	53.3641	8.96929	7.16794	1.80789	6.53707	40.6483	15.829	95.0281	1	1	1	1	1	0	0	0
08.08.2015 20:04:38.543000	0.0250001	0.0299959	0.0169728	126.633	-671.094	-0.00108507	5	4	4	4	574.755	547.132	53.574	9.56897	7.76762	1.98995	6.43804	40.3455	15.55	94.9372	1	1	1	1	1	0	0	0
08.08.2015 20:04:38.643000	0.0250001	0.0299959	0.0169728	126.633	-671.091	-0.00180845	5	4	4	4	536.743	566.467	53.7953	10.0583	8.25695	2.17246	6.40976	40.0574	15.3016	94.7851	1	1	1	1	1	0	0	0
08.08.2015 20:04:38.743000	0.0250001	0.0299959	0.0169728	126.633	-671.09	-0.00379774	5	4	4	4	501.371	586.747	54.0252	10.6321	8.83071	2.24936	6.45497	39.7897	15.0583	94.6918	1	1	1	1	1	0	0	0
08.08.2015 20:04:38.843000	0.0250001	0.0299959	0.0169728	126.633	-671.091	-0.00289352	5	4	4	4	632.651	607.971	54.2704	11.3891	9.58774	2.34738	6.44781	39.5505	14.7916	94.7965	1	1	1	1	1	0	0	0
08.08.2015 20:04:38.943000	0.0250001	0.0299959	0.0169728	126.633	-671.094	-0.00325521	5	4	4	4	600.472	630.142	54.529	12.04	10.2386	2.50774	6.39142	39.2699	14.5731	94.5589	1	1	1	1	1	0	0	0
08.08.2015 20:04:39.043000	0.0250001	0.0299959	0.0169728	126.633	-671.091	-0.0036169	5	4	4	4	575.723	653.257	54.7976	12.7783	10.977	2.65948	6.42119	39.0169	14.3473	94.4549	1	1	1	1	1	0	0	0
08.08.2015 20:04:39.143000	0.0250001	0.0299959	0.0169728	126.637	-671.094	-0.00379774	5	4	4	4	654.939	677.318	55.0852	13.6823	11.8809	2.81481	6.35655	38.7762	14.1145	94.4247	1	1	1	1	1	0	0	0
08.08.2015 20:04:39.243000	0.0250001	0.0299959	0.0169728	126.633	-671.094	-0.00289352	5	4	4	4	611.918	702.326	55.3921	14.605	12.8036	2.99016	6.35854	38.5195	13.8914	94.296	1	1	1	1	1	0	0	0
08.08.2015 20:04:39.343000	0.0250001	0.0299959	0.0169728	126.637	-671.094	-0.0016276	5	4	4	4	671.215	728.279	55.7199	15.7077	13.9063	3.23366	6.39057	38.2683	13.6477	94.2672	1	1	1	1	1	0	0	0
08.08.2015 20:04:39.443000	0.0250001	0.0299959	0.0169728	126.635	-671.091	-0.00108507	5	4	4	4	674.019	755.18	56.0705	16.8723	15.071	3.46634	6.37804	38.0449	13.483	94.0426	1	1	1	1	1	0	0	0
08.08.2015 20:04:39.543000	0.0250001	0.0299959	0.0169728	126.641	-671.094	0.00108507	5	4	4	4	735.998	783.028	56.4401	18.1136	16.3123	3.63164	6.33876	37.8731	13.3236	93.995	1	1	1	1	1	0	0	0
08.08.2015 20:04:39.643000	0.0250001	0.0299959	0.0169728	126.635	-671.091	0.00108507	5	4	4	4	789.269	811.82	56.8396	19.3366	17.5352	3.99108	6.32407	37.7631	13.2231	93.9587	1	1	1	1	1	0	0	0
08.08.2015 20:04:39.743000	0.0250001	0.0299959	0.0169728	126.641	-671.094	0.000542535	5	4	4	4	922.1	737.706	57.2559	20.4385	14.625	4.1382	6.17079	37.7314	13.1972	93.9363	1	1	1	1	1	0.21	0	0.21
08.08.2015 20:04:39.843000	0.0250001	0.0299959	0.0169728	126.635	-671.091	0.00144676	5	4	4	4	1240.34	359	58.5731	20.9066	0	37.9067	6.00022	67.4299	19.1097	185.009	1	1	1	1	1	1	0	1
08.08.2015 20:04:39.943000	0.0250001	0.0299959	0.0169728	126.637	-671.094	0.00271267	5	4	4	4	1780.9	359	62.1833	20.9066	0	82.9031	5.29481	103.582	3.61895	382.74	1	1	1	1	1	1	0.97	1
08.08.2015 20:04:40.043000	0.0250001	0.0299959	0.0169728	126.63	-671.073	0.00217014	5	4	4	4	32.2958	359	62.1774	20.9066	0	82.9031	3.81257	113.624	0.585101	432.804	1	1	1	1	1	1	1	1
08.08.2015 20:04:40.143000	0.0250001	0.0299959	0.0169728	126.531	-671.063	0.00379774	5	4	4	4	4.035	359	62.1774	12.1258	0	82.9031	2.42025	128.203	0.569781	488.682	1	1	1	1	1	1	1	0.58
08.08.2015 20:04:40.243000	0.0250001	0.0299959	0.0169728	126.526	-671.094	0.00542535	5	4	4	4	0.583559	359	62.1774	0	0	82.9031	1.7007	131.2	0.484085	500.486	1	1	1	1	1	1	1	0
08.08.2015 20:04:40.343000	0.0250001	0.0299959	0.0169728	126.531	-671.086	0.00488281	5	4	4	4	0.480398	359	62.1774	0	0	82.9031	1.31717	131.905	0.517472	503.056	1	1	1	1	1	1	1	0
08.08.2015 20:04:40.443000	0.0250001	0.0299959	0.0169728	126.536	-671.099	0.00470197	5	4	4	4	0.479078	359	62.1774	0	0	82.9031	1.07483	132.061	0.498001	503.729	1	1	1	1	1	1	1	0
08.08.2015 20:04:40.543000	0.0250001	0.0299959	0.0169728	126.527	-671.105	0.00542535	5	4	4	4	0.482345	359	62.1774	0	0	82.9031	0.864294	131.973	0.477737	503.471	1	1	1	1	1	1	1	0
08.08.2015 20:04:40.643000	0.0250001	0.0299959	0.0169728	126.482	-671.102	0.0036169	5	4	4	4	0.479954	359	62.1774	0	0	82.9031	0.734274	131.892	0.492203	503.103	1	1	1	1	1	1	1	0
08.08.2015 20:04:40.743000	0.0250001	0.0299959	0.0169728	126.398	-671.098	0.00217014	5	4	4	4	0.477153	359	62.1774	0	0	82.9031	0.648474	131.806	0.483169	502.808	1	1	1	1	1	1	1	0
08.08.2015 20:04:40.843000	0.0250001	0.0299959	0.0169728	126.38	-671.112	0.00180845	5	4	4	4	0.348675	359	62.1774	0	0	82.9031	0.585214	131.702	0.475539	502.44	1	1	1	1	1	1	1	0
08.08.2015 20:04:40.943000	0.0250001	0.0299959	0.0169728	126.375	-671.109	0.000542535	5	4	4	4	0.23153	359	62.1774	0	0	5.757	0.521846	131.719	0.488174	502.455	1	1	1	1	1	1	1	0
08.08.2015 20:04:41.043000	0.0250001	0.0299959	0.0169728	126.375	-671.109	0.00108507	5	4	4	4	0.255964	359	62.1774	0	0	-0.049696	0.492007	131.648	0.482315	502.209	1	1	1	1	1	1	1	0
08.08.2015 20:04:41.143000	0.0250001	0.0299959	0.0169728	126.379	-671.109	-0.000542535	5	4	4	4	0.232902	359	62.1774	0	0	-0.049696	0.466978	131.617	0.481887	502.092	1	1	1	1	1	1	1	0
08.08.2015 20:04:41.243000	0.0250001	0.0299959	0.0169728	126.378	-671.109	-0.00108507	5	4	4	4	0.242473	359	62.1774	0	0	-0.049696	0.443902	131.558	0.482192	501.862	1	1	1	1	1	1	1	0
08.08.2015 20:04:41.343000	0.0250001	0.0299959	0.0169728	126.383	-671.109	-0.00325521	5	4	4	4	0.243428	359	62.1774	0	0	-0.049696	0.424045	131.563	0.47969	501.89	1	1	1	1	1	1	1	0
08.08.2015 20:04:41.443000	0.0250001	0.0299959	0.0169728	126.383	-671.109	-0.00397859	5	4	4	4	0.247443	359	62.1774	0	0	-0.049696	0.409975	131.469	0.482253	501.523	1	1	1	1	1	1	1	0
08.08.2015 20:04:41.543000	0.0250001	0.0299959	0.0169728	126.387	-671.109	-0.00434028	5	4	4	4	0.260361	359	62.1774	0	0	-0.049696	0.398763	131.46	0.48262	501.487	1	1	1	1	1	1	1	0
08.08.2015 20:04:41.643000	0.0250001	0.0299959	0.0169728	126.38	-671.109	-0.00434028	5	4	4	4	0.239602	359	62.1774	0	0	-0.049696	0.385453	131.443	0.481704	501.423	1	1	1	1	1	1	1	0
08.08.2015 20:04:41.743000	0.0250001	0.0299959	0.0169728	126.379	-671.105	-0.00434028	5	4	4	4	0.239557	359	62.1774	0	0	-0.049696	0.377713	131.358	0.484695	501.089	1	1	1	1	1	1	1	0
08.08.2015 20:04:41.843000	0.0250001	0.0299959	0.0169728	126.383	-671.109	-0.00180845	5	4	4	4	0.226397	359	62.1774	0	0	-0.049696	0.370153	131.319	0.48146	500.95	1	1	1	1	1	1	1	0
08.08.2015 20:04:41.943000	0.0250001	0.0299959	0.0169728	126.383	-671.109	0	5	4	4	4	0.231334	359	62.1774	0	0	-0.00397568	0.364641	131.318	0.484878	500.934	1	1	1	1	1	1	1	0
08.08.2015 20:04:42.043000	0.0250001	0.0299959	0.0169728	126.383	-671.109	0.00036169	5	4	4	4	0.228734	359	62.1774	0	0	0	0.357603	131.275	0.481277	500.784	1	1	1	1	1	1	1	0
08.08.2015 20:04:42.143000	0.0250001	0.0299959	0.0169728	126.383	-671.105	0.00108507	5	4	4	4	0.242858	359	62.1774	0	0	0	0.353226	131.268	0.479385	500.763	1	1	1	1	1	1	1	0
08.08.2015 20:04:42.243000	0.0250001	0.0299959	0.0169728	126.372	-671.109	0.00072338	5	4	4	4	0.242736	359	62.1774	0	0	0	0.349212	131.199	0.484939	500.478	1	1	1	1	1	1	1	0
08.08.2015 20:04:42.343000	0.0250001	0.0299959	0.0169728	126.348	-671.094	0.000542535	5	4	4	4	0.251692	359	62.1774	0	0	0	0.345558	131.21	0.481704	500.531	1	1	1	1	1	1	1	0
08.08.2015 20:04:42.443000	0.0250001	0.0299959	0.0169728	126.336	-670.841	0.00072338	5	4	4	4	0.232629	359	62.1774	0	0	0	0.341869	131.147	0.483413	500.285	1	1	1	1	1	1	1	0
08.08.2015 20:04:42.543000	0.0250001	0.0299959	0.0169728	126.543	-666.594	0.00108507	5	4	4	4	0.236515	359	62.1774	0	0	0	0.339048	131.118	0.486465	500.161	1	1	1	1	1	1	1	0
08.08.2015 20:04:42.643000	0.0250001	0.0299959	0.0169728	126.539	-650.669	0.00253183	5	4	4	4	0.24814	359	62.1774	0	0	0	0.337891	131.113	0.484207	500.153	1	1	1	1	1	1	1	0
08.08.2015 20:04:42.743000	0.0250001	0.0299959	0.0169728	126.539	-629.113	0.00379774	5	4	4	4	0.234645	359	62.1774	0	0	0	0.335214	131.058	0.485733	499.934	1	1	1	1	1	1	1	0
08.08.2015 20:04:42.843000	0.0250001	0.0299959	0.0169728	126.544	-601.924	0.00506366	5	4	4	4	0.237827	359	62.1774	0	0	0	0.33384	131.039	0.488418	499.85	1	1	1	1	1	1	1	0
08.08.2015 20:04:42.943000	0.0250001	0.0299959	0.0169728	126.543	-565.117	0.00813802	5	4	4	4	0.249329	359	62.1774	0	0	0	0.332284	131.064	0.486892	499.956	1	1	1	1	1	1	1	0
08.08.2015 20:04:43.043000	0.0250001	0.0299959	0.0169728	126.547	-532.346	0.0072338	5	4	4	4	0.271117	359	62.1774	0	0	0	0.332248	130.945	0.486282	499.501	1	1	1	1	1	1	1	0
08.08.2015 20:04:43.143000	0.0250001	0.0299959	0.0169728	126.547	-495.66	0.00651042	5	4	4	4	0.235765	359	62.1774	0	0	0	0.330765	130.886	0.487442	499.269	1	1	1	1	1	1	1	0
08.08.2015 20:04:43.243000	0.0250001	0.0299959	0.0169728	126.542	-442.917	0.00578704	5	4	4	4	0.232989	359	62.1774	0	0	0	0.330013	130.905	0.487442	499.344	1	1	1	1	1	1	1	0
08.08.2015 20:04:43.343000	0.0250001	0.0299959	0.0169728	126.539	-395.074	0.00434028	5	4	4	4	0.251665	359	62.1774	0	0	0	0.328414	130.763	0.495376	498.767	1	1	1	1	1	1	1	0
08.08.2015 20:04:43.443000	0.0250001	0.0299959	0.0169728	126.539	-352.87	0.00108507	5	4	4	4	0.259781	359	62.1774	0	0	0	0.32798	130.793	0.504715	498.846	1	1	1	1	1	1	1	0
08.08.2015 20:04:43.543000	0.0250001	0.0299959	0.0169728	126.539	-310.574	0.00108507	5	4	4	4	0.253746	359	62.1774	0	0	0	0.325702	130.818	0.500931	498.959	1	1	1	1	1	1	1	0
08.08.2015 20:04:43.643000	0.0250001	0.0299959	0.0169728	126.542	-257.602	0.00072338	5	4	4	4	0.243884	359	62.1774	0	0	0	0.324617	130.722	0.500626	498.593	1	1	1	1	1	1	1	0
08.08.2015 20:04:43.743000	0.0250001	0.0299959	0.0169728	126.543	-210.578	-0.0016276	5	4	4	4	0.254696	359	62.1774	0	0	0	0.323097	130.743	0.498184	498.683	1	1	1	1	1	1	1	0
08.08.2015 20:04:43.843000	0.0250001	0.0299959	0.0169728	126.547	-169.008	-0.0036169	5	4	4	4	0.236096	359	62.1774	0	0	0	0.321795	130.685	0.492874	498.478	1	1	1	1	1	1	1	0
08.08.2015 20:04:43.943000	0.0250001	0.0299959	0.0169728	126.547	-127.496	-0.00434028	5	4	4	4	0.255923	359	62.1774	0	0	0	0.321	130.679	0.492203	498.458	1	1	1	1	1	1	1	0
08.08.2015 20:04:44.043000	0.0250001	0.0299959	0.0169728	126.547	-69.6641	-0.00651042	5	4	4	4	0.263416	359	62.1774	0	0	0	0.320132	130.629	0.493057	498.263	1	1	1	1	1	1	1	0
08.08.2015 20:04:44.143000	0.0250001	0.0299959	0.0169728	126.547	-28.5469	-0.00651042	5	4	4	4	0.257552	359	62.1774	0	0	0	0.320023	130.625	0.490982	498.257	1	1	1	1	1	1	1	0
08.08.2015 20:04:44.243000	0.0250001	0.0299959	0.0169728	126.547	12.5391	-0.00759549	5	4	4	4	0.253084	359	62.1774	0	0	0	0.319155	130.563	0.492874	498.014	1	1	1	1	1	1	1	0
08.08.2015 20:04:44.343000	0.0250001	0.0299959	0.0169728	126.547	61.8164	-0.00868056	5	4	4	4	0.277147	359	62.1774	0	0	0	0.319372	130.543	0.491775	497.941	1	1	1	1	1	1	1	0
08.08.2015 20:04:44.443000	0.0250001	0.0299959	0.0169728	126.549	110.904	-0.00868056	5	4	4	4	0.253675	359	62.1774	0	0	0	0.318323	130.526	0.492203	497.875	1	1	1	1	1	1	1	0
08.08.2015 20:04:44.543000	0.0250001	0.0299959	0.0169728	126.555	151.234	-0.00813802	5	4	4	4	0.248066	359	62.1774	0	0	0	0.318649	130.513	0.488357	497.838	1	1	1	1	1	1	1	0
08.08.2015 20:04:44.643000	0.0250001	0.0299959	0.0169728	126.552	192.12	-0.00687211	5	4	4	4	0.259448	359	62.1774	0	0	0	0.317889	130.473	0.489639	497.679	1	1	1	1	1	1	1	0
08.08.2015 20:04:44.743000	0.0250001	0.0299959	0.0169728	126.555	248.922	-0.00651042	5	4	4	4	0.268055	359	62.1774	0	0	0	0.317636	130.545	0.489151	497.956	1	1	1	1	1	1	1	0
08.08.2015 20:04:44.843000	0.0250001	0.0299959	0.0169728	126.555	289.596	-0.00542535	5	4	4	4	0.26745	359	62.1774	0	0	0	0.317781	130.413	0.489273	497.452	1	1	1	1	1	1	1	0
08.08.2015 20:04:44.943000	0.0250001	0.0299959	0.0169728	126.555	330.293	-0.00325521	5	4	4	4	0.266875	359	62.1774	0	0	0	0.316876	130.378	0.490799	497.312	1	1	1	1	1	1	1	0
08.08.2015 20:04:45.043000	0.0250001	0.0299959	0.0169728	126.555	376.513	0	5	4	4	4	0.268017	359	62.1774	0	0	0	0.316985	130.351	0.492264	497.202	1	1	1	1	1	1	1	0
08.08.2015 20:04:45.143000	0.0250001	0.0299959	0.0169728	126.555	428.105	-0.0016276	5	4	4	4	0.262152	359	62.1774	0	0	0	0.315828	130.279	0.492203	496.926	1	1	1	1	1	1	1	0
08.08.2015 20:04:45.243000	0.0250001	0.0299959	0.0169728	126.555	468.464	0.00180845	5	4	4	4	0.270156	359	62.1774	0	0	0	0.316659	130.322	0.49147	497.093	1	1	1	1	1	1	1	0
08.08.2015 20:04:45.343000	0.0250001	0.0299959	0.0169728	126.555	508.816	0.00379774	5	4	4	4	0.259985	359	62.1774	0	0	0	0.315574	130.276	0.49086	496.923	1	1	1	1	1	1	1	0
08.08.2015 20:04:45.443000	0.0250001	0.0299959	0.0169728	126.555	558.615	0.00506366	5	4	4	4	0.257384	359	62.1774	0	0	0	0.31543	130.251	0.491287	496.824	1	1	1	1	1	1	1	0
08.08.2015 20:04:45.543000	0.0250001	0.0299959	0.0169728	126.551	596.145	0.00596788	5	4	4	4	0.253516	359	62.1774	0	0	0	0.314417	130.221	0.492264	496.704	1	1	1	1	1	1	1	0
08.08.2015 20:04:45.643000	0.0250001	0.0299959	0.0169728	126.552	623.169	0.00759549	5	4	4	4	0.243588	359	62.1774	0	0	0	0.314308	130.199	0.49147	496.624	1	1	1	1	1	1	1	0
08.08.2015 20:04:45.743000	0.0250001	0.0299959	0.0169728	126.555	645.43	0.00759549	5	4	4	4	0.265404	359	62.1774	0	0	0	0.313694	130.169	0.488052	496.522	1	1	1	1	1	1	1	0
08.08.2015 20:04:45.843000	0.0250001	0.0299959	0.0169728	126.555	666.237	0.00831887	5	4	4	4	0.246767	359	62.1774	0	0	0	0.313296	130.135	0.491104	496.381	1	1	1	1	1	1	1	0
08.08.2015 20:04:45.943000	0.0250001	0.0299959	0.0169728	126.555	672.16	0.00868056	5	4	4	4	0.250838	359	62.1774	0	0	0	0.312681	130.135	0.491714	496.379	1	1	1	1	1	1	1	0
08.08.2015 20:04:46.043000	0.0250001	0.0299959	0.0169728	126.555	674.031	0.00868056	5	4	4	4	0.244719	359	62.1774	0	0	0	0.312572	130.108	0.495376	496.262	1	1	1	1	1	1	1	0
08.08.2015 20:04:46.143000	0.0250001	0.0299959	0.0169728	126.543	674.949	0.00651042	5	4	4	4	0.247226	359	62.1774	0	0	0	0.312247	130.073	0.494339	496.131	1	1	1	1	1	1	1	0
08.08.2015 20:04:46.243000	0.0250001	0.0299959	0.0169728	126.531	674.966	0.00578704	5	4	4	4	0.258265	359	62.1774	0	0	0	0.311017	130.054	0.497696	496.044	1	1	1	1	1	1	1	0
08.08.2015 20:04:46.343000	0.0250001	0.0299959	0.0169728	126.535	674.961	0.00651042	5	4	4	4	0.243136	359	62.1774	0	0	0	0.311777	130.038	0.497696	495.986	1	1	1	1	1	1	1	0
08.08.2015 20:04:46.443000	0.0250001	0.0299959	0.0169728	126.51	674.969	0.0036169	5	4	4	4	0.250801	359	62.1774	0	0	0	0.31033	130.012	0.491226	495.909	1	1	1	1	1	1	1	0
08.08.2015 20:04:46.543000	0.0250001	0.0299959	0.0169728	126.195	675	0.00325521	5	4	4	4	0.244249	359	62.1774	0	0	0	0.310945	129.675	0.496353	494.599	1	1	1	1	1	1	1	0
08.08.2015 20:04:46.643000	0.0250001	0.0299959	0.0169728	126.427	675.044	0.00108507	5	4	4	4	0.249626	359	62.1774	0	0	0	0.309932	129.955	0.493118	495.683	1	1	1	1	1	1	1	0
08.08.2015 20:04:46.743000	0.0250001	0.0299959	0.0169728	126.43	675.035	0	5	4	4	4	0.253719	359	62.1774	0	0	0	0.309968	129.931	0.495987	495.582	1	1	1	1	1	1	1	0
08.08.2015 20:04:46.843000	0.0250001	0.0299959	0.0169728	126.427	675.018	-0.00072338	5	4	4	4	0.259781	359	62.1774	0	0	0	0.309245	129.917	0.500931	495.508	1	1	1	1	1	1	1	0
08.08.2015 20:04:46.943000	0.0250001	0.0299959	0.0169728	126.426	674.992	-0.0016276	5	4	4	4	0.239326	359	62.1774	0	0	0	0.309498	129.905	0.505142	495.446	1	1	1	1	1	1	1	0
08.08.2015 20:04:47.043000	0.0250001	0.0299959	0.0169728	126.424	675	-0.00470197	5	4	4	4	0.260498	359	62.1774	0	0	0	0.308796	129.88	0.508866	495.335	1	1	1	1	1	1	1	0
08.08.2015 20:04:47.143000	0.0250001	0.0299959	0.0169728	126.43	675.023	-0.00434028	5	4	4	4	0.268912	359	62.1774	0	0	0	0.308377	129.831	0.501785	495.175	1	1	1	1	1	1	1	0
08.08.2015 20:04:47.243000	0.0250001	0.0299959	0.0169728	126.43	674.992	-0.00614873	5	4	4	4	0.262462	359	62.1774	0	0	0	0.308449	129.851	0.501846	495.252	1	1	1	1	1	1	1	0
08.08.2015 20:04:47.343000	0.0250001	0.0299959	0.0169728	126.43	674.992	-0.00651042	5	4	4	4	0.279123	359	62.1774	0	0	0	0.30769	129.815	0.502579	495.111	1	1	1	1	1	1	1	0
08.08.2015 20:04:47.443000	0.0250001	0.0299959	0.0169728	126.471	675.008	-0.00687211	5	4	4	4	0.255205	359	62.1774	0	0	0	0.307762	129.777	0.500076	494.976	1	1	1	1	1	1	1	0
08.08.2015 20:04:47.543000	0.0250001	0.0299959	0.0169728	126.445	675.047	-0.00813802	5	4	4	4	0.27135	359	62.1774	0	0	0	0.3074	129.757	0.498062	494.905	1	1	1	1	1	1	1	0
08.08.2015 20:04:47.643000	0.0250001	0.0299959	0.0169728	126.445	674.971	-0.0072338	5	4	4	4	0.26564	359	62.1774	0	0	0	0.307436	129.727	0.498795	494.79	1	1	1	1	1	1	1	0
08.08.2015 20:04:47.743000	0.0250001	0.0299959	0.0169728	126.445	675.117	-0.00705295	5	4	4	4	0.234894	359	62.1774	0	0	0	0.306966	129.699	0.497452	494.687	1	1	1	1	1	1	1	0
08.08.2015 20:04:47.843000	0.0250001	0.0299959	0.0169728	126.445	675.128	-0.00687211	5	4	4	4	0.266121	359	62.1774	0	0	0	0.30787	129.69	0.495743	494.658	1	1	1	1	1	1	1	0
08.08.2015 20:04:47.943000	0.0250001	0.0299959	0.0169728	126.445	675.09	-0.00651042	5	4	4	4	0.26034	359	62.1774	0	0	0	0.307364	129.636	0.498428	494.443	1	1	1	1	1	1	1	0
08.08.2015 20:04:48.043000	0.0250001	0.0299959	0.0169728	126.453	675.076	-0.00578704	5	4	4	4	0.283271	359	62.1774	0	0	0	0.308124	129.628	0.498978	494.41	1	1	1	1	1	1	1	0
08.08.2015 20:04:48.143000	0.0250001	0.0299959	0.0169728	126.453	675.059	-0.00379774	5	4	4	4	0.282096	359	62.1774	0	0	0	0.307617	129.616	0.500443	494.357	1	1	1	1	1	1	1	0
08.08.2015 20:04:48.243000	0.0250001	0.0299959	0.0169728	126.451	675.049	-0.00144676	5	4	4	4	0.269884	359	62.1774	0	0	0	0.307834	129.598	0.497879	494.299	1	1	1	1	1	1	1	0
08.08.2015 20:04:48.343000	0.0250001	0.0299959	0.0169728	126.453	675.035	0.00108507	5	4	4	4	0.264403	359	62.1774	0	0	0	0.30808	129.588	0.499649	494.255	1	1	1	1	1	1	1	0
08.08.2015 20:04:48.443000	0.0250001	0.0299959	0.0169728	126.453	675.01	0.00144676	5	4	4	4	0.241153	359	62.1774	0	0	0	0.307943	129.558	0.497803	494.175	1	1	1	1	1	1	1	0
08.08.2015 20:04:48.543000	0.0250001	0.0299959	0.0169728	126.453	675.02	0.00325521	5	4	4	4	0.254595	359	62.1774	0	0	0	0.307907	129.441	0.502503	493.694	1	1	1	1	1	1	1	0
08.08.2015 20:04:48.643000	0.0250001	0.0299959	0.0169728	126.453	675	0.00614873	5	4	4	4	0.240064	359	62.1774	0	0	0	0.306959	129.483	0.500076	493.866	1	1	1	1	1	1	1	0
08.08.2015 20:04:48.743000	0.0250001	0.0299959	0.0169728	126.453	675	0.00651042	5	4	4	4	0.241894	359	62.1774	0	0	0	0.307726	129.461	0.499771	493.765	1	1	1	1	1	1	1	0
08.08.2015 20:04:48.843000	0.0250001	0.0299959	0.0169728	126.453	675.005	0.00831887	5	4	4	4	0.243418	359	62.1774	0	0	0	0.306858	129.459	0.496658	493.771	1	1	1	1	1	1	1	0
08.08.2015 20:04:48.943000	0.0250001	0.0299959	0.0169728	126.453	675	0.00705295	5	4	4	4	0.246816	359	62.1774	0	0	0	0.307436	129.389	0.502152	493.481	1	1	1	1	1	1	1	0
08.08.2015 20:04:49.043000	0.0250001	0.0299959	0.0169728	126.453	675	0.00651042	5	4	4	4	0.247468	359	62.1774	0	0	0	0.306901	129.452	0.500015	493.73	1	1	1	1	1	1	1	0
08.08.2015 20:04:49.143000	0.0250001	0.0299959	0.0169728	126.453	675	0.00813802	5	4	4	4	0.247614	359	62.1774	0	0	0	0.307494	129.429	0.500992	493.638	1	1	1	1	1	1	1	0
08.08.2015 20:04:49.243000	0.0250001	0.0299959	0.0169728	126.453	674.995	0.00795718	5	4	4	4	0.231861	359	62.1774	0	0	0	0.307089	129.406	0.500809	493.554	1	1	1	1	1	1	1	0
08.08.2015 20:04:49.343000	0.0250001	0.0299959	0.0169728	126.449	674.996	0.00813802	5	4	4	4	0.23139	359	62.1774	0	0	0	0.307595	129.39	0.496414	493.507	1	1	1	1	1	1	1	0
08.08.2015 20:04:49.443000	0.0250001	0.0299959	0.0169728	126.451	674.99	0.00578704	5	4	4	4	0.244338	359	62.1774	0	0	0	0.307567	129.364	0.496841	493.406	1	1	1	1	1	1	1	0
08.08.2015 20:04:49.543000	0.0250001	0.0299959	0.0169728	126.453	674.984	0.00488281	5	4	4	4	0.253478	359	62.1774	0	0	0	0.307494	129.348	0.499466	493.336	1	1	1	1	1	1	1	0
08.08.2015 20:04:49.643000	0.0250001	0.0299959	0.0169728	126.453	674.984	0.00144676	5	4	4	4	0.242853	359	62.1774	0	0	0	0.307661	129.322	0.502029	493.224	1	1	1	1	1	1	1	0
08.08.2015 20:04:49.743000	0.0250001	0.0299959	0.0169728	126.453	674.984	0	5	4	4	4	0.245544	359	62.1774	0	0	0	0.307393	129.306	0.513871	493.12	1	1	1	1	1	1	1	0
08.08.2015 20:04:49.843000	0.0250001	0.0299959	0.0169728	126.453	674.982	-0.00108507	5	4	4	4	0.254633	359	62.1774	0	0	0	0.308348	129.281	0.513871	493.023	1	1	1	1	1	1	1	0
08.08.2015 20:04:49.943000	0.0250001	0.0299959	0.0169728	126.453	674.984	-0.00325521	5	4	4	4	0.252611	359	62.1774	0	0	0	0.307682	129.256	0.514176	492.928	1	1	1	1	1	1	1	0
08.08.2015 20:04:50.043000	0.0250001	0.0299959	0.0169728	126.453	674.977	-0.00506366	5	4	4	4	0.252213	359	62.1774	0	0	0	0.308594	129.235	0.510636	492.861	1	1	1	1	1	1	1	0
08.08.2015 20:04:50.143000	0.0250001	0.0299959	0.0169728	126.453	674.977	-0.00868056	5	4	4	4	0.236269	359	62.1774	0	0	0	0.307813	129.222	0.503861	492.834	1	1	1	1	1	1	1	0
08.08.2015 20:04:50.243000	0.0250001	0.0299959	0.0169728	126.453	674.961	-0.0108507	5	4	4	4	0.253081	359	62.1774	0	0	0	0.308796	129.212	0.505081	492.791	1	1	1	1	1	1	1	0
08.08.2015 20:04:50.343000	0.0250001	0.0299959	0.0169728	126.453	674.961	-0.0103082	5	4	4	4	0.248004	359	62.1774	0	0	0	0.307813	129.175	0.504166	492.655	1	1	1	1	1	1	1	0
08.08.2015 20:04:50.443000	0.0250001	0.0299959	0.0169728	126.453	674.961	-0.010489	5	4	4	4	0.270742	359	62.1774	0	0	0	0.308464	129.146	0.503861	492.546	1	1	1	1	1	1	1	0
08.08.2015 20:04:50.543000	0.0250001	0.0299959	0.0169728	126.453	674.961	-0.0108507	5	4	4	4	0.253305	359	62.1774	0	0	0	0.307668	129.128	0.505814	492.47	1	1	1	1	1	1	1	0
08.08.2015 20:04:50.643000	0.0250001	0.0299959	0.0169728	126.453	674.961	-0.00940394	5	4	4	4	0.252201	359	62.1774	0	0	0	0.307161	129.116	0.50148	492.439	1	1	1	1	1	1	1	0
08.08.2015 20:04:50.743000	0.0250001	0.0299959	0.0169728	126.453	674.961	-0.00651042	5	4	4	4	0.272333	359	62.1774	0	0	0	0.306467	129.093	0.500504	492.354	1	1	1	1	1	1	1	0
08.08.2015 20:04:50.843000	0.0250001	0.0299959	0.0169728	126.453	674.958	-0.00506366	5	4	4	4	0.245962	359	62.1774	0	0	0	0.30638	129.067	0.506058	492.235	1	1	1	1	1	1	1	0
08.08.2015 20:04:50.943000	0.0250001	0.0299959	0.0169728	126.453	674.953	-0.00379774	5	4	4	4	0.260653	359	62.1774	0	0	0	0.306467	129.052	0.502762	492.19	1	1	1	1	1	1	1	0
08.08.2015 20:04:51.043000	0.0250001	0.0299959	0.0169728	126.453	674.948	-0.00072338	5	4	4	4	0.255385	359	62.1774	0	0	0	0.30638	129.034	0.505264	492.112	1	1	1	1	1	1	1	0
08.08.2015 20:04:51.143000	0.0250001	0.0299959	0.0169728	126.453	674.969	-0.0016276	5	4	4	4	0.274719	359	62.1774	0	0	0	0.306655	129.018	0.505387	492.049	1	1	1	1	1	1	1	0
08.08.2015 20:04:51.243000	0.0250001	0.0299959	0.0169728	126.453	674.982	0.00180845	5	4	4	4	0.261196	359	62.1774	0	0	0	0.305946	128.992	0.502396	491.963	1	1	1	1	1	1	1	0
08.08.2015 20:04:51.343000	0.0250001	0.0299959	0.0169728	126.453	674.984	0.00271267	5	4	4	4	0.262817	359	62.1774	0	0	0	0.306713	128.976	0.502091	491.901	1	1	1	1	1	1	1	0
08.08.2015 20:04:51.443000	0.0250001	0.0299959	0.0169728	126.453	674.982	0.00651042	5	4	4	4	0.249918	359	62.1774	0	0	0	0.305556	128.956	0.503067	491.82	1	1	1	1	1	1	1	0
08.08.2015 20:04:51.543000	0.0250001	0.0299959	0.0169728	126.453	674.98	0.00868056	5	4	4	4	0.253017	359	62.1774	0	0	0	0.306337	128.938	0.503372	491.75	1	1	1	1	1	1	1	0
08.08.2015 20:04:51.643000	0.0250001	0.0299959	0.0169728	126.453	674.992	0.00976563	5	4	4	4	0.242967	359	62.1774	0	0	0	0.305599	128.918	0.501724	491.681	1	1	1	1	1	1	1	0
08.08.2015 20:04:51.743000	0.0250001	0.0299959	0.0169728	126.453	674.988	0.0113932	5	4	4	4	0.248042	359	62.1774	0	0	0	0.305802	128.898	0.504715	491.594	1	1	1	1	1	1	1	0
08.08.2015 20:04:51.843000	0.0250001	0.0299959	0.0169728	126.453	674.984	0.0122975	5	4	4	4	0.248032	359	62.1774	0	0	0	0.305353	128.883	0.505081	491.533	1	1	1	1	1	1	1	0
08.08.2015 20:04:51.943000	0.0250001	0.0299959	0.0169728	126.453	674.984	0.0124783	5	4	4	4	0.243531	359	62.1774	0	0	0	0.306047	128.858	0.506178	491.435	1	1	1	1	1	1	1	0
08.08.2015 20:04:52.043000	0.0250001	0.0299959	0.0169728	126.453	674.987	0.0122975	5	4	4	4	0.244236	359	62.1774	0	0	0	0.306264	128.842	0.505264	491.377	1	1	1	1	1	1	1	0
08.08.2015 20:04:52.143000	0.0250001	0.0299959	0.0169728	126.453	674.996	0.0124783	5	4	4	4	0.243993	359	62.1774	0	0	0	0.306004	128.818	0.506119	491.282	1	1	1	1	1	1	1	0
08.08.2015 20:04:52.243000	0.0250001	0.0299959	0.0169728	126.453	675	0.0101273	5	4	4	4	0.256917	359	62.1774	0	0	0	0.305888	128.799	0.504593	491.215	1	1	1	1	1	1	1	0
08.08.2015 20:04:52.343000	0.0250001	0.0299959	0.0169728	126.453	675	0.00868056	5	4	4	4	0.231157	359	62.1774	0	0	0	0.305223	128.776	0.50441	491.127	1	1	1	1	1	1	1	0
08.08.2015 20:04:52.443000	0.0250001	0.0299959	0.0169728	126.453	675.016	0.00614873	5	4	4	4	0.224752	359	62.1774	0	0	0	0.305512	128.769	0.507401	491.09	1	1	1	1	1	1	1	0
08.08.2015 20:04:52.543000	0.0250001	0.0299959	0.0169728	126.453	675.023	0.00379774	5	4	4	4	0.239487	359	62.1774	0	0	0	0.304065	128.739	0.504837	490.984	1	1	1	1	1	1	1	0
08.08.2015 20:04:52.643000	0.0250001	0.0299959	0.0169728	126.453	675.023	0.00180845	5	4	4	4	0.23136	359	62.1774	0	0	0	0.304311	128.723	0.505325	490.921	1	1	1	1	1	1	1	0
08.08.2015 20:04:52.743000	0.0250001	0.0299959	0.0169728	126.453	675.023	0.000542535	5	4	4	4	0.247584	359	62.1774	0	0	0	0.30285	128.71	0.507034	490.865	1	1	1	1	1	1	1	0
08.08.2015 20:04:52.843000	0.0250001	0.0299959	0.0169728	126.453	675.047	-0.00144676	5	4	4	4	0.261675	359	62.1774	0	0	0	0.303009	128.691	0.508866	490.785	1	1	1	1	1	1	1	0
08.08.2015 20:04:52.943000	0.0250001	0.0299959	0.0169728	126.449	675.047	-0.00434028	5	4	4	4	0.239423	359	62.1774	0	0	0	0.301649	128.671	0.512284	490.695	1	1	1	1	1	1	1	0
08.08.2015 20:04:53.043000	0.0250001	0.0299959	0.0169728	126.318	675.044	-0.00434028	5	4	4	4	0.255612	359	62.1774	0	0	0	0.301563	128.654	0.517289	490.61	1	1	1	1	1	1	1	0
08.08.2015 20:04:53.143000	0.0250001	0.0299959	0.0169728	126.203	675.086	-0.00759549	5	4	4	4	0.257714	359	62.1774	0	0	0	0.300868	128.638	0.521195	490.535	1	1	1	1	1	1	1	0
08.08.2015 20:04:53.243000	0.0250001	0.0299959	0.0169728	126.201	675.052	-0.00651042	5	4	4	4	0.24509	359	62.1774	0	0	0	0.30094	128.614	0.520157	490.447	1	1	1	1	1	1	1	0
08.08.2015 20:04:53.343000	0.0250001	0.0299959	0.0169728	126.199	675.066	-0.00651042	5	4	4	4	0.247117	359	62.1774	0	0	0	0.300145	128.588	0.515458	490.365	1	1	1	1	1	1	1	0
08.08.2015 20:04:53.443000	0.0250001	0.0299959	0.0169728	126.203	675.047	-0.00687211	5	4	4	4	0.250645	359	62.1774	0	0	0	0.299103	128.576	0.512833	490.328	1	1	1	1	1	1	1	0
08.08.2015 20:04:53.543000	0.0250001	0.0299959	0.0169728	126.203	675.055	-0.00651042	5	4	4	4	0.253821	359	62.1774	0	0	0	0.299769	128.563	0.51326	490.275	1	1	1	1	1	1	1	0
08.08.2015 20:04:53.643000	0.0250001	0.0299959	0.0169728	126.203	675.107	-0.00687211	5	4	4	4	0.242333	359	62.1774	0	0	0	0.298278	128.548	0.510941	490.227	1	1	1	1	1	1	1	0
08.08.2015 20:04:53.743000	0.0250001	0.0299959	0.0169728	126.195	675.094	-0.00542535	5	4	4	4	0.243493	359	62.1774	0	0	0	0.298857	128.531	0.510575	490.163	1	1	1	1	1	1	1	0
08.08.2015 20:04:53.843000	0.0250001	0.0299959	0.0169728	126.198	675.086	-0.00470197	5	4	4	4	0.262556	359	62.1774	0	0	0	0.297786	128.512	0.512406	490.087	1	1	1	1	1	1	1	0
08.08.2015 20:04:53.943000	0.0250001	0.0299959	0.0169728	126.227	675.105	-0.00434028	5	4	4	4	0.257109	359	62.1774	0	0	0	0.29838	128.489	0.509293	490.008	1	1	1	1	1	1	1	0
08.08.2015 20:04:54.043000	0.0250001	0.0299959	0.0169728	126.229	675.089	-0.00325521	5	4	4	4	0.265877	359	62.1774	0	0	0	0.297396	128.466	0.510208	489.918	1	1	1	1	1	1	1	0
08.08.2015 20:04:54.143000	0.0250001	0.0299959	0.0169728	126.234	675.125	-0.00217014	5	4	4	4	0.260413	359	62.1774	0	0	0	0.297801	128.444	0.509598	489.837	1	1	1	1	1	1	1	0
08.08.2015 20:04:54.243000	0.0250001	0.0299959	0.0169728	126.266	675.102	-0.00036169	5	4	4	4	0.257714	359	62.1774	0	0	0	0.297931	128.43	0.508133	489.788	1	1	1	1	1	1	1	0
08.08.2015 20:04:54.343000	0.0250001	0.0299959	0.0169728	126.266	675.102	0.00108507	5	4	4	4	0.267647	359	62.1774	0	0	0	0.297367	128.422	0.510941	489.745	1	1	1	1	1	1	1	0
08.08.2015 20:04:54.443000	0.0250001	0.0299959	0.0169728	126.266	675.096	0.00108507	5	4	4	4	0.264309	359	62.1774	0	0	0	0.297497	128.396	0.507767	489.658	1	1	1	1	1	1	1	0
08.08.2015 20:04:54.543000	0.0250001	0.0299959	0.0169728	126.266	675.09	0.00217014	5	4	4	4	0.26958	359	62.1774	0	0	0	0.296354	128.379	0.508011	489.592	1	1	1	1	1	1	1	0
08.08.2015 20:04:54.643000	0.0250001	0.0299959	0.0169728	126.266	675.091	0.00325521	5	4	4	4	0.242565	359	62.1774	0	0	0	0.297063	128.363	0.506302	489.539	1	1	1	1	1	1	1	0
08.08.2015 20:04:54.743000	0.0250001	0.0299959	0.0169728	126.266	675.086	0.00542535	5	4	4	4	0.254894	359	62.1774	0	0	0	0.295833	128.34	0.505753	489.451	1	1	1	1	1	1	1	0
08.08.2015 20:04:54.843000	0.0250001	0.0299959	0.0169728	126.266	675.086	0.00434028	5	4	4	4	0.243259	359	62.1774	0	0	0	0.296976	128.324	0.508744	489.378	1	1	1	1	1	1	1	0
08.08.2015 20:04:54.943000	0.0250001	0.0299959	0.0169728	126.266	675.086	0.00434028	5	4	4	4	0.231179	359	62.1774	0	0	0	0.295804	128.308	0.509964	489.312	1	1	1	1	1	1	1	0
08.08.2015 20:04:55.043000	0.0250001	0.0299959	0.0169728	126.266	675.086	0.00325521	5	4	4	4	0.237561	359	62.1774	0	0	0	0.297454	128.291	0.505936	489.262	1	1	1	1	1	1	1	0
08.08.2015 20:04:55.143000	0.0250001	0.0299959	0.0169728	126.266	675.086	0.00271267	5	4	4	4	0.238065	359	62.1774	0	0	0	0.296586	128.28	0.51208	489.198	1	1	1	1	1	1	1	0
