Time	[76:0]	[76:1]	[76:2]	[76:4]	[76:8]	[76:70]	[76:71]	[78:0]	[78:1]	[78:2]	[79:2]	[79:3]	[79:4]	[79:8]	[79:9]	[79:10]	[79:11]	[79:12]	[79:13]	[79:14]	[79.0]	[79.1]	[79.2]	[79.3]	[79.4]	[79.5]	[79.6]	[79.8]
time	Hoogteverstelling - Referentie positie (mm)	Hoogteverstelling - AZ gemeten positie (mm)	Hoogteverstelling - BZ gemeten positie (mm)	Transfert Ingang - Gemeten positie (mm)	Transfert Uitgang - Gemeten positie (mm)	Aardgas - actueel debiet	Stappenschakelaar - gemeten pos	Laspos Ing - positie discreet	Laspos Uitg - positie discreet	Schaafverstelling - positie discreet	Stuikraam - Totale Stroommeting RMS-waarde (A)	Stuikraam - Stroomreferentie (A)	Stuikraam - Positie AZ (mm, pulsgever)	Stuikraam - Referentie Servo-ventiel (%)	Stuikraam - Trim door I-regelaar (%)	Stuikraam - Gemeten snelheid (mm/s, pulsgever)	Secundaire lasspanning	Stuikraam - Druk stuikcilinder voorkamer (=laszijde)  (bar)	Stuikraam - Druk stuikcilinder terugloopkamer  (bar)	Stuikraam - Netto voorwaartse kracht op stuikraam (kN)	Stuikraam - P1	Stuikraam - P2	Stuikraam - P3	Stuikraam - P4	Stuikraam - P5	Stuikraam - P6	Stuikraam - P7	Stuikraam - Openen stuikventielen	

Lasparameter.Ingang - Coil ID	0320595S
Lasparameter.Ingang - Dikte (um)	4100
Lasparameter.Ingang - Breedte (mm)	1095
Lasparameter.Ingang - Materiaal	0002
Lasparameter.Uitgang - Coil ID	0323878S
Lasparameter.Uitgang - Dikte (um)	4370
Lasparameter.Uitgang - Breedte (mm)	1096
Lasparameter.Uitgang - Materiaal	0001
Lasparameter.P2 (mm)	24.0
Lasparameter.P3 (mm)	34.0
Lasparameter.P4 (mm)	42.2
Lasparameter.P5 (mm)	50.8
Lasparameter.P6 (mm)	57.5
Lasparameter.P7 (mm)	62.2
Lasparameter.Vonksnelheid (mm/s)	1.20
Lasparameter.Lassnelheid (mm/s)	0.48
Lasparameter.Stroom Referentie (A)	0284
Lasparameter.Stroomtoename (µA/s2)	59.9
Lasparameter.Stuikstroomtijd (per)	0009
Lasparameter.Afkoeltijd Stuik (per)	0013
Lasparameter.Stuikdruk (bar)	0102
Lasparameter.Stuiksnelheid (%)	90.0

12.08.2015 03:15:32.041000	0.135	0.141559	0.139487	0.0078125	0.0507813	0.00488281	6	4	4	4	0.238328	284	0	0	0	0	0.193323	3.52141	124.905	-464.754	1	0	0	0	0	0	0	0
12.08.2015 03:15:32.141000	0.135	0.141559	0.139487	0.0078125	0.0625	0.00271267	6	4	4	4	0.281668	284	0	0	0	0	0.192419	5.32676	124.925	-457.919	1	0	0	0	0	0	0	0
12.08.2015 03:15:32.241000	0.135	0.141559	0.139487	0.015625	0.0442708	0.00289352	6	4	4	4	0.245931	284	0	0	0	0	0.192744	4.6617	124.9	-460.369	1	0	0	0	0	0	0	0
12.08.2015 03:15:32.341000	0.135	0.141559	0.139487	0.015625	0.0390625	0.00325521	6	4	4	4	0.259563	284	0	0	0	0	0.19383	4.27381	124.865	-461.718	1	0	0	0	0	0	0	0
12.08.2015 03:15:32.441000	0.135	0.141559	0.139487	0.0130208	0.0260417	0.00542535	6	4	4	4	0.252159	284	0	0	0	0	0.193323	7.58873	124.973	-449.439	1	0	0	0	0	0	0	0
12.08.2015 03:15:32.541000	0.135	0.141559	0.139487	0	0.0234375	0.00434028	6	4	4	4	0.256907	284	0	0	0	0	0.193576	5.03531	124.897	-458.928	1	0	0	0	0	0	0	0
12.08.2015 03:15:32.641000	0.135	0.141559	0.139487	0	0.0546875	0.00434028	6	4	4	4	0.24653	284	0	0	0	0	0.190394	4.81259	124.853	-459.609	1	0	0	0	0	0	0	0
12.08.2015 03:15:32.741000	0.135	0.141559	0.139487	-0.0078125	0.136719	0.00434028	6	4	4	4	0.232368	284	0	0	0	0	0.193938	2.70199	124.746	-467.283	1	0	0	0	0	0	0	0
12.08.2015 03:15:32.841000	0.135	0.141559	0.139487	0	-0.0520833	0.0036169	6	4	4	4	0.260307	284	0	0	0	0	0.188694	2.57881	124.697	-467.563	1	0	0	0	0	0	0	0
12.08.2015 03:15:32.941000	0.135	0.141559	0.139487	0	-0.523438	0.00217014	6	4	4	4	0.251554	284	0	0	0	0	0.190623	3.45445	124.698	-464.211	1	0	0	0	0	0	0	0
12.08.2015 03:15:33.041000	0.135	0.141559	0.139487	0	-3.1849	0.00253183	6	4	4	4	0.244077	284	0	0	0	0	0.187724	4.98308	124.736	-458.51	1	0	0	0	0	0	0	0
12.08.2015 03:15:33.141000	0.135	0.141559	0.139487	0	-13.1172	0.00488281	6	4	4	4	0.254838	284	0	0	0	0	0.189902	5.65831	124.74	-455.938	1	0	0	0	0	0	0	0
12.08.2015 03:15:33.241000	0.135	0.141559	0.139487	-0.0078125	-31.5677	0.00542535	6	4	4	4	0.252711	284	0	0	0	0	0.186806	2.98843	124.639	-465.776	1	0	0	0	0	0	0	0
12.08.2015 03:15:33.341000	0.135	0.141559	0.139487	-0.0078125	-52.7734	0.00596788	6	4	4	4	0.264369	284	0	0	0	0	0.186053	3.95776	124.626	-462.015	1	0	0	0	0	0	0	0
12.08.2015 03:15:33.441000	0.135	0.141559	0.139487	0.00260417	-89.4245	0.00651042	6	4	4	4	0.244686	284	0	0	0	0	0.187529	7.20933	124.747	-450.026	1	0	0	0	0	0	0	0
12.08.2015 03:15:33.541000	0.135	0.141559	0.139487	0	-119.563	0.00651042	6	4	4	4	0.231908	284	0	0	0	0	0.185619	4.52425	124.654	-459.955	1	0	0	0	0	0	0	0
12.08.2015 03:15:33.641000	0.135	0.141559	0.139487	0	-153.688	0.00651042	6	4	4	4	0.26969	284	0	0	0	0	0.187703	5.04178	124.61	-457.802	1	0	0	0	0	0	0	0
12.08.2015 03:15:33.741000	0.135	0.141559	0.139487	0	-199.965	0.00379774	6	4	4	4	0.279748	284	0	0	0	0	0.184115	5.9762	124.637	-454.327	1	0	0	0	0	0	0	0
12.08.2015 03:15:33.841000	0.135	0.141559	0.139487	0	-248.25	0.00325521	6	4	4	4	0.246181	284	0	0	0	0	0.189931	5.67663	124.6	-455.336	1	0	0	0	0	0	0	0
12.08.2015 03:15:33.941000	0.135	0.141559	0.139487	0.00390625	-288.215	0.00217014	6	4	4	4	0.243179	284	0	0	0	0	0.186574	5.94574	124.581	-454.232	1	0	0	0	0	0	0	0
12.08.2015 03:15:34.041000	0.135	0.141559	0.139487	0.00260417	-328.063	0.00253183	6	4	4	4	0.239998	284	0	0	0	0	0.190799	5.28776	124.541	-456.595	1	0	0	0	0	0	0	0
12.08.2015 03:15:34.141000	0.135	0.141559	0.139487	0	-375.965	0.00271267	6	4	4	4	0.237477	284	0	0	0	0	0.188947	5.44633	124.524	-455.926	1	0	0	0	0	0	0	0
12.08.2015 03:15:34.241000	0.135	0.141559	0.139487	-0.00260417	-423.93	0.00325521	6	4	4	4	0.235247	284	0	0	0	0	0.192679	4.01801	124.432	-461.041	1	0	0	0	0	0	0	0
12.08.2015 03:15:34.341000	0.135	0.141559	0.139487	-0.0117188	-463.617	0.00217014	6	4	4	4	0.242315	284	0	0	0	0	0.189902	3.23606	124.387	-463.864	1	0	0	0	0	0	0	0
12.08.2015 03:15:34.441000	0.135	0.141559	0.139487	0.119792	-503.607	0.00289352	6	4	4	4	0.262631	284	0	0	0	0	0.191811	4.95907	124.404	-457.332	1	0	0	0	0	0	0	0
12.08.2015 03:15:34.541000	0.135	0.141559	0.139487	0.878906	-559.035	0.00217014	6	4	4	4	0.248597	284	0	0	0	0	0.192853	4.94571	124.385	-457.308	1	0	0	0	0	0	0	0
12.08.2015 03:15:34.641000	0.135	0.141559	0.139487	7.41406	-589.922	0.00397859	6	4	4	4	0.235739	284	0	0	0	0	0.192795	4.09442	124.336	-460.381	1	0	0	0	0	0	0	0
12.08.2015 03:15:34.741000	0.135	0.141559	0.139487	22.6992	-614.672	0.00488281	6	4	4	4	0.24444	284	0	0	0	0	0.193779	5.0632	124.341	-456.69	1	0	0	0	0	0	0	0
12.08.2015 03:15:34.841000	0.135	0.141559	0.139487	45.0313	-635.638	0.00325521	6	4	4	4	0.251175	284	0	0	0	0	0.191001	4.55129	124.302	-458.502	1	0	0	0	0	0	0	0
12.08.2015 03:15:34.941000	0.135	0.141559	0.139487	75.0586	-653.367	0.00271267	6	4	4	4	0.238172	284	0	0	0	0	0.195804	4.46089	124.282	-458.772	1	0	0	0	0	0	0	0
12.08.2015 03:15:35.041000	0.135	0.141559	0.139487	103.461	-662.068	0.00253183	6	4	4	4	0.24601	284	0	0	0	0	0.191348	4.20502	124.247	-459.616	1	0	0	0	0	0	0	0
12.08.2015 03:15:35.141000	0.135	0.141559	0.139487	136.527	-666.465	0.00217014	6	4	4	4	0.239089	284	0	0	0	0	0.193374	4.22779	124.225	-459.446	1	0	0	0	0	0	0	0
12.08.2015 03:15:35.241000	0.135	0.141559	0.139487	185.93	-667.995	0.00217014	6	4	4	4	0.272401	284	0	0	0	0	0.192477	5.24577	124.225	-455.548	1	0	0	0	0	0	0	0
12.08.2015 03:15:35.341000	0.135	0.141559	0.139487	233.555	-669.277	0.00434028	6	4	4	4	0.271892	284	0	0	0	0	0.193519	4.5895	124.19	-457.926	1	0	0	0	0	0	0	0
12.08.2015 03:15:35.441000	0.135	0.141559	0.139487	276.216	-669.664	0.00397859	6	4	4	4	0.257357	284	0	0	0	0	0.192448	4.44203	124.159	-458.374	1	0	0	0	0	0	0	0
12.08.2015 03:15:35.541000	0.135	0.141559	0.139487	318.852	-669.691	0.00271267	6	4	4	4	0.251595	284	0	0	0	0	0.19158	5.82928	124.176	-453.125	1	0	0	0	0	0	0	0
12.08.2015 03:15:35.641000	0.135	0.141559	0.139487	378.552	-669.693	0.00325521	6	4	4	4	0.23112	284	0	0	0	0	0.194676	4.50844	124.122	-457.976	1	0	0	0	0	0	0	0
12.08.2015 03:15:35.741000	0.135	0.141559	0.139487	420.641	-669.695	0.00434028	6	4	4	4	0.237978	284	0	0	0	0	0.192766	4.20545	124.09	-459.014	1	0	0	0	0	0	0	0
12.08.2015 03:15:35.841000	0.135	0.141559	0.139487	455.909	-669.703	0.0036169	6	4	4	4	0.225214	284	0	0	0	0	0.196123	4.64089	124.07	-457.269	1	0	0	0	0	0	0	0
12.08.2015 03:15:35.941000	0.135	0.141559	0.139487	481.672	-669.703	0.00271267	6	4	4	4	0.260766	284	0	0	0	0	0.193171	4.49092	124.046	-457.752	1	0	0	0	0	0	0	0
12.08.2015 03:15:36.041000	0.135	0.141559	0.139487	498.628	-669.703	0.00253183	6	4	4	4	0.257951	284	0	0	0	0	0.197685	4.47078	124.021	-457.732	1	0	0	0	0	0	0	0
12.08.2015 03:15:36.141000	0.135	0.141559	0.139487	514.629	-669.707	0.0016276	6	4	4	4	0.243859	284	0	0	0	0	0.193403	4.65676	124.004	-456.956	1	0	0	0	0	0	0	0
12.08.2015 03:15:36.241000	0.135	0.141559	0.139487	530.641	-669.711	0.00289352	6	4	4	4	0.256113	284	0	0	0	0	0.19647	4.71999	123.98	-456.624	1	0	0	0	0	0	0	0
12.08.2015 03:15:36.341000	0.135	0.141559	0.139487	552.445	-669.711	0.000542535	6	4	4	4	0.237732	284	0	0	0	0	0.196007	4.53841	123.954	-457.217	1	0	0	0	0	0	0	0
12.08.2015 03:15:36.441000	0.135	0.141559	0.139487	568.323	-669.716	0.00217014	6	4	4	4	0.24111	284	0	0	0	0	0.198351	4.57411	123.929	-456.985	1	0	0	0	0	0	0	0
12.08.2015 03:15:36.541000	0.135	0.141559	0.139487	584.086	-669.719	0.00325521	6	4	4	4	0.250945	284	0	0	0	0	0.196152	4.59487	123.905	-456.816	1	0	0	0	0	0	0	0
12.08.2015 03:15:36.641000	0.135	0.141559	0.139487	599.135	-669.719	0.00253183	6	4	4	4	0.236182	284	0	0	0	0	0.196557	4.59658	123.883	-456.725	1	0	0	0	0	0	0	0
12.08.2015 03:15:36.741000	0.135	0.141559	0.139487	619.75	-669.719	0.00217014	6	4	4	4	0.218339	284	0	0	0	0	0.198987	4.58773	123.859	-456.664	1	0	0	0	0	0	0	0
12.08.2015 03:15:36.841000	0.135	0.141559	0.139487	634.372	-669.721	0.00470197	6	4	4	4	0.258592	284	0	0	0	0	0.197135	4.59066	123.92	-456.89	1	0	0	0	0	0	0	0
12.08.2015 03:15:36.941000	0.135	0.141559	0.139487	648.379	-669.723	0.00651042	6	4	4	4	0.253304	284	0	0	0	0	0.198524	3.92615	124.07	-460.008	1	0	0	0	0	0	0	0
12.08.2015 03:15:37.041000	0.135	0.141559	0.139487	663.057	-669.727	0.00614873	6	4	4	4	0.236565	284	0	0	0	0	0.196065	4.20667	124.247	-459.61	1	0	0	0	0	0	0	0
12.08.2015 03:15:37.141000	0.135	0.141559	0.139487	678.492	-669.73	0.00596788	6	4	4	4	0.242884	284	0	0	0	0	0.200174	4.71444	124.454	-458.457	1	0	0	0	0	0	0	0
12.08.2015 03:15:37.241000	0.135	0.141559	0.139487	689.698	-669.734	0.00651042	6	4	4	4	0.247526	284	0	0	0	0	0.196528	4.35664	125.379	-463.371	1	0	0	0	0	0	0	0
12.08.2015 03:15:37.341000	0.135	0.141559	0.139487	699.262	-669.734	0.00596788	6	4	4	4	0.236754	284	0	0	0	0	0.199826	4.18415	125.77	-465.527	1	0	0	0	0	0	0	0
12.08.2015 03:15:37.441000	0.135	0.141559	0.139487	707.081	-669.734	0.00651042	6	4	4	4	0.230065	284	0	0	0	0	0.198177	4.47823	125.894	-464.875	1	0	0	0	0	0	0	0
12.08.2015 03:15:37.541000	0.135	0.141559	0.139487	710.055	-669.734	0.00651042	6	4	4	4	0.251044	284	0	0	0	0	0.200955	4.33644	126.617	-468.188	1	0	0	0	0	0	0	0
12.08.2015 03:15:37.641000	0.135	0.141559	0.139487	710.846	-669.734	0.00578704	6	4	4	4	0.280597	284	0	0	0	0	0.199132	4.30775	126.67	-468.5	1	0	0	0	0	0	0	0
12.08.2015 03:15:37.741000	0.135	0.141559	0.139487	711.078	-669.734	0.00542535	6	4	4	4	0.267913	284	0	0	0	0	0.198843	4.32337	126.749	-468.743	1	0	0	0	0	0	0	0
12.08.2015 03:15:37.841000	0.135	0.141559	0.139487	711.078	-669.734	0.00325521	6	4	4	4	0.256573	284	0	0	0	0	0.200723	4.64296	126.913	-468.146	1	0	0	0	0	0	0	0
12.08.2015 03:15:37.941000	0.135	0.141559	0.139487	711.078	-669.734	0.00379774	6	4	4	4	0.266514	284	0	0	0	0	0.19974	5.18925	127.241	-467.311	1	0	0	0	0	0	0	0
12.08.2015 03:15:38.041000	0.135	0.141559	0.139487	711.078	-669.734	0.00434028	6	4	4	4	0.261598	284	0	0	0	0	0.200463	4.20496	127.545	-472.244	1	0	0	0	0	0	0	0
12.08.2015 03:15:38.141000	0.135	0.141559	0.139487	711.078	-669.734	0.00488281	6	4	4	4	0.240509	284	0	0	0	0	0.198727	4.27168	127.78	-472.89	1	0	0	0	0	0	0	0
12.08.2015 03:15:38.241000	0.135	0.141559	0.139487	711.081	-669.737	0.00614873	6	4	4	4	0.234156	284	0	0	0	0	0.201765	4.74056	127.941	-471.709	1	0	0	0	0	0	0	0
12.08.2015 03:15:38.341000	0.135	0.141559	0.139487	711.078	-669.738	0.00488281	6	4	4	4	0.257441	284	0	0	0	0	0.198003	4.33308	128.074	-473.779	1	0	0	0	0	0	0	0
12.08.2015 03:15:38.441000	0.135	0.141559	0.139487	711.086	-669.742	0.00506366	6	4	4	4	0.257452	284	0	0	0	0	0.19864	4.38936	128.289	-474.387	1	0	0	0	0	0	0	0
12.08.2015 03:15:38.541000	0.135	0.141559	0.139487	711.086	-669.742	0.00434028	6	4	4	4	0.264061	284	0	0	0	0	0.196325	4.61708	128.501	-474.327	1	0	0	0	0	0	0	0
12.08.2015 03:15:38.641000	0.135	0.141559	0.139487	711.086	-669.742	0.00506366	6	4	4	4	0.245091	284	0	0	0	0	0.197541	4.54488	128.662	-475.221	1	0	0	0	0	0	0	0
12.08.2015 03:15:38.741000	0.135	0.141559	0.139487	711.086	-669.742	0.00651042	6	4	4	4	0.236993	284	0	0	0	0	0.194473	4.41957	128.658	-475.683	1	0	0	0	0	0	0	0
12.08.2015 03:15:38.841000	0.135	0.141559	0.139487	711.086	-669.747	0.00542535	6	4	4	4	0.232518	284	0	0	0	0	0.193142	4.48073	128.832	-476.117	1	0	0	0	0	0	0	0
12.08.2015 03:15:38.941000	0.135	0.141559	0.139487	711.09	-669.746	0.00434028	6	4	4	4	0.22136	284	0	0	0	0	0.194242	4.53572	129.401	-478.084	1	0	0	0	0	0	0	0
12.08.2015 03:15:39.041000	0.135	0.141559	0.139487	711.089	-669.742	0.00217014	6	4	4	4	0.254347	284	0	0	0	0	0.191233	4.46767	129.39	-478.302	1	0	0	0	0	0	0	0
12.08.2015 03:15:39.141000	0.135	0.141559	0.139487	711.086	-669.742	0.00271267	6	4	4	4	0.260305	284	0	0	0	0	0.191522	4.49355	129.373	-478.137	1	0	0	0	0	0	0	0
12.08.2015 03:15:39.241000	0.135	0.141559	0.139487	711.094	-669.745	0.00253183	6	4	4	4	0.247671	284	0	0	0	0	0.188368	4.00464	129.365	-479.978	1	0	0	0	0	0	0	0
12.08.2015 03:15:39.341000	0.135	0.141559	0.139487	711.094	-669.754	0.00271267	6	4	4	4	0.250882	284	0	0	0	0	0.192187	4.16852	128.681	-476.735	1	0	0	0	0	0	0	0
12.08.2015 03:15:39.441000	0.135	0.141559	0.139487	711.096	-669.753	0.0036169	6	4	4	4	0.250478	284	0	0	0	0	0.187211	4.61855	128.731	-475.2	1	0	0	0	0	0	0	0
12.08.2015 03:15:39.541000	0.135	0.141559	0.139487	711.098	-669.75	0.00217014	6	4	4	4	0.236807	284	0	0	0	0	0.188657	5.93658	130.315	-476.219	1	0	0	0	0	0	0	0
12.08.2015 03:15:39.641000	0.135	0.141559	0.139487	711.109	-669.75	0.00253183	6	4	4	4	0.227826	284	0	0	0	0	0.187674	4.704	130.209	-480.534	1	0	0	0	0	0	0	0
12.08.2015 03:15:39.741000	0.135	0.141559	0.139487	711.109	-669.754	0.00271267	6	4	4	4	0.243849	284	0	0	0	0	0.187674	4.65297	129.516	-478.076	1	0	0	0	0	0	0	0
12.08.2015 03:15:39.841000	0.135	0.141559	0.139487	711.109	-669.755	0.0036169	6	4	4	4	0.248489	284	0	0	0	0	0.186545	5.07071	129.059	-474.726	1	0	0	0	0	0	0	0
12.08.2015 03:15:39.941000	0.135	0.141559	0.139487	711.109	-669.75	0.00542535	6	4	4	4	0.253463	284	0	0	0	0	0.183767	4.98618	128.963	-474.681	1	0	0	0	0	0	0	0
12.08.2015 03:15:40.041000	0.135	0.141559	0.139487	711.109	-669.75	0.00434028	6	4	4	4	0.254927	284	0	0	0	0	0.187731	4.8511	128.957	-475.177	1	0	0	0	0	0	0	0
12.08.2015 03:15:40.141000	0.135	0.141559	0.139487	711.109	-669.75	0.00488281	6	4	4	4	0.263577	284	0	0	0	0	0.183854	4.83773	128.86	-474.858	1	0	0	0	0	0	0	0
12.08.2015 03:15:40.241000	0.135	0.141559	0.139487	711.109	-669.75	0.00506366	6	4	4	4	0.246852	284	0	0	0	0	0.184983	5.14011	128.777	-473.382	1	0	0	0	0	0	0	0
12.08.2015 03:15:40.341000	0.135	0.141559	0.139487	711.109	-669.75	0.00542535	6	4	4	4	0.239356	284	0	0	0	0	0.181684	4.8226	128.909	-475.101	1	0	0	0	0	0	0	0
12.08.2015 03:15:40.441000	0.135	0.141559	0.139487	711.109	-669.75	0.00651042	6	4	4	4	0.229525	284	0	0	0	0	0.185822	4.81411	128.61	-473.991	1	0	0	0	0	0	0	0
12.08.2015 03:15:40.541000	0.135	0.141559	0.139487	711.109	-669.75	0.00705295	6	4	4	4	0.228281	284	0	0	0	0	0.181366	4.38551	128.59	-475.555	1	0	0	0	0	0	0	0
12.08.2015 03:15:40.641000	0.135	0.141559	0.139487	711.109	-669.75	0.00578704	6	4	4	4	0.24672	284	0	0	0	0	0.181684	5.38151	124.843	-457.395	1	0	0	0	0	0	0	0
12.08.2015 03:15:40.741000	0.135	0.141559	0.139487	711.09	-669.75	0.00542535	6	4	4	4	0.253703	284	0	0	0	0	0.182726	20.9645	113.171	-353.042	1	0	0	0	0	0	0	0
12.08.2015 03:15:40.841000	0.135	0.141559	0.139487	710.729	-669.75	0.00614873	6	4	4	4	0.247192	284	0.695889	0	0	14.4404	0.182147	109.344	88.3886	80.2355	1	0	0	0	0	0	0	0
12.08.2015 03:15:40.941000	0.135	0.141559	0.139487	707.098	-669.746	0.00759549	6	4	4	4	0.241538	284	3.80923	0	0	35.1458	0.181684	109.527	83.6841	98.9491	1	0	0	0	0	0	0	0
12.08.2015 03:15:41.041000	0.135	0.141559	0.139487	692.477	-669.75	0.00651042	6	4	4	4	0.245618	284	7.30708	0	0	35.6375	0.179716	109.775	83.2931	101.394	1	0	0	0	0	0	0	0
12.08.2015 03:15:41.141000	0.135	0.141559	0.139487	667.086	-669.754	0.00596788	6	4	4	4	0.249242	284	10.9079	0	0	36.3622	0.183825	113.121	86.9614	100.162	1	0	0	0	0	0	0	0
12.08.2015 03:15:41.241000	0.135	0.141559	0.139487	644.656	-669.755	0.00614873	6	4	4	4	0.249573	284	14.5152	0	0	35.9521	0.17934	117.192	91.3678	98.875	1	0	0	0	0	0	0	0
12.08.2015 03:15:41.341000	0.135	0.141559	0.139487	619.027	-669.758	0.00759549	6	4	4	4	0.243016	284	18.0832	0	0	35.2226	0.182292	119.762	94.1603	98.0249	1	0	0	0	0	0	0	0
12.08.2015 03:15:41.441000	0.135	0.141559	0.139487	588.599	-669.758	0.00614873	6	4	4	4	0.265508	284	21.6049	0	0	35.2206	0.178443	120.158	94.6446	97.6848	1	0	0	0	0	0	0	0
12.08.2015 03:15:41.541000	0.135	0.141559	0.139487	539.418	-669.758	0.00542535	6	4	4	4	0.284847	284	25.2699	28.5	0	42.2923	0.182784	116.957	87.8367	111.497	1	0.82	0	0	0	0	0	0
12.08.2015 03:15:41.641000	0.135	0.141559	0.139487	500.615	-669.758	0.00470197	6	4	4	4	0.254959	284	29.7999	50	0	38.285	0.178588	102.222	83.4957	71.6992	1	1	0	0	0	0	0	0
12.08.2015 03:15:41.741000	0.135	0.141559	0.139487	460.953	-669.762	0.00651042	6	4	4	4	0.227151	284	31.8268	46.5971	0	14.3786	0.18044	79.5447	55.6581	91.4568	1	1	0	0	0	0	0	0
12.08.2015 03:15:41.841000	0.135	0.141559	0.139487	418.505	-669.779	0.00614873	6	4	4	4	0.233261	284	32.8938	36.7502	0	9.8711	0.180006	58.4784	33.9879	93.7694	1	1	0	0	0	0	0	0
12.08.2015 03:15:41.941000	0.135	0.141559	0.139487	373.082	-669.789	0.00651042	6	4	4	4	0.23826	284	33.6857	26.7503	0	7.48703	0.179832	50.7154	26.221	93.7842	1	1	0	0	0	0	0	0
12.08.2015 03:15:42.041000	0.135	0.141559	0.139487	339.591	-669.786	0.00506366	6	4	4	4	60.7286	284	34.1767	10.7453	0	5.28534	0.179282	46.4045	22.0958	93.073	1	1	1	0	0	0	0	0
12.08.2015 03:15:42.141000	0.135	0.141559	0.139487	308.473	-669.781	0.00379774	6	4	4	4	85.0199	284	34.3333	5.34893	0	4.10617	7.73194	45.3593	20.0762	96.804	1	1	1	0	0	0	0	0
12.08.2015 03:15:42.241000	0.135	0.141559	0.139487	272.268	-669.786	0.00325521	6	4	4	4	84.2982	284	34.4652	5.34893	0	1.6467	10.6799	44.7187	19.3262	97.2228	1	1	1	0	0	0	0	0
12.08.2015 03:15:42.341000	0.135	0.141559	0.139487	242.168	-669.789	0.00271267	6	4	4	4	84.3178	284	34.595	5.34893	0	1.59833	11.543	43.9688	18.8768	96.0723	1	1	1	0	0	0	0	0
12.08.2015 03:15:42.441000	0.135	0.141559	0.139487	222.596	-669.792	0.00108507	6	4	4	4	84.5017	284	34.7134	5.34893	0	1.24361	11.8003	43.54	18.4082	96.2247	1	1	1	0	0	0	0	0
12.08.2015 03:15:42.541000	0.135	0.141559	0.139487	208.191	-669.789	0.00379774	6	4	4	4	84.4968	284	34.8337	5.34893	0	1.2417	11.9076	43.2995	18.0321	96.7437	1	1	1	0	0	0	0	0
12.08.2015 03:15:42.641000	0.135	0.141559	0.139487	182.401	-669.789	0.00506366	6	4	4	4	84.2745	284	34.9591	5.34893	0	1.19579	11.9278	42.7766	17.8398	95.4778	1	1	1	0	0	0	0	0
12.08.2015 03:15:42.741000	0.135	0.141559	0.139487	165.848	-669.789	0.00271267	6	4	4	4	84.1121	284	35.075	5.34893	0	1.19579	11.9337	42.8827	17.6836	96.482	1	1	1	0	0	0	0	0
12.08.2015 03:15:42.841000	0.135	0.141559	0.139487	151.073	-669.799	0.00253183	6	4	4	4	84.2628	284	35.1914	5.34893	0	1.17039	11.9309	42.5839	17.5141	95.9872	1	1	1	0	0	0	0	0
12.08.2015 03:15:42.941000	0.135	0.141559	0.139487	139.316	-669.805	0.00379774	6	4	4	4	84.4285	284	35.3118	5.34893	0	1.16788	11.941	42.4824	17.3864	96.0877	1	1	1	0	0	0	0	0
12.08.2015 03:15:43.041000	0.135	0.141559	0.139487	130.214	-669.805	0.00397859	6	4	4	4	84.2812	284	35.4252	5.34893	0	1.17208	11.9455	42.4139	17.3315	96.0354	1	1	1	0	0	0	0	0
12.08.2015 03:15:43.141000	0.135	0.141559	0.139487	125.902	-669.805	0.00325521	6	4	4	4	84.1973	284	35.547	5.34893	0	1.17319	11.9498	42.2509	17.4076	95.12	1	1	1	0	0	0	0	0
12.08.2015 03:15:43.241000	0.135	0.141559	0.139487	125.708	-669.81	0.00253183	6	4	4	4	84.2898	284	35.6639	5.34893	0	1.185	11.945	42.1581	17.324	95.0849	1	1	1	0	0	0	0	0
12.08.2015 03:15:43.341000	0.135	0.141559	0.139487	127.699	-669.824	0.00108507	6	4	4	4	84.2967	284	35.7764	5.34893	0	1.19007	11.9506	42.1364	17.1931	95.5028	1	1	1	0	0	0	0	0
12.08.2015 03:15:43.441000	0.135	0.141559	0.139487	127.888	-669.839	0.00217014	6	4	4	4	84.3606	284	35.8972	5.34893	0	1.17179	11.952	41.9652	17.1535	95.4498	1	1	1	0	0	0	0	0
12.08.2015 03:15:43.541000	0.135	0.141559	0.139487	127.965	-669.84	0.00271267	6	4	4	4	84.3417	284	36.0106	5.34893	0	1.15684	11.9488	41.9837	17.1367	96.016	1	1	1	0	0	0	0	0
12.08.2015 03:15:43.641000	0.135	0.141559	0.139487	127.984	-669.844	0.00289352	6	4	4	4	84.5218	284	36.125	5.34893	0	1.16151	11.9503	42.3327	17.1494	96.3964	1	1	1	0	0	0	0	0
12.08.2015 03:15:43.741000	0.135	0.141559	0.139487	127.984	-669.844	0.00434028	6	4	4	4	84.5485	284	36.2449	5.34893	0	1.1677	11.9537	42.4543	17.1317	96.9552	1	1	1	0	0	0	0	0
12.08.2015 03:15:43.841000	0.135	0.141559	0.139487	127.984	-669.846	0.00470197	6	4	4	4	84.5941	284	36.3593	5.34893	0	1.16464	11.9563	41.8507	17.1445	94.5951	1	1	1	0	0	0	0	0
12.08.2015 03:15:43.941000	0.135	0.141559	0.139487	127.984	-669.852	0.00488281	6	4	4	4	84.4918	284	36.4732	5.34893	0	1.15677	11.9512	42.0269	17.1368	95.296	1	1	1	0	0	0	0	0
12.08.2015 03:15:44.041000	0.135	0.141559	0.139487	127.984	-669.852	0.00506366	6	4	4	4	84.659	284	36.5946	5.34893	0	1.15753	11.9531	42.5667	17.1516	97.3093	1	1	1	0	0	0	0	0
12.08.2015 03:15:44.141000	0.135	0.141559	0.139487	127.984	-669.855	0.00271267	6	4	4	4	84.7333	284	36.7105	5.34893	0	1.16222	11.9613	42.4933	17.1495	97.0363	1	1	1	0	0	0	0	0
12.08.2015 03:15:44.241000	0.135	0.141559	0.139487	127.984	-669.859	0.00542535	6	4	4	4	84.818	284	36.8229	5.34893	0	1.16222	11.9677	41.93	17.1632	94.8272	1	1	1	0	0	0	0	0
12.08.2015 03:15:44.341000	0.135	0.141559	0.139487	127.984	-669.859	0.000542535	6	4	4	4	84.6965	284	36.9438	5.34893	0	1.15672	11.9708	42.3076	17.1681	96.2541	1	1	1	0	0	0	0	0
12.08.2015 03:15:44.441000	0.135	0.141559	0.139487	127.984	-669.859	0.00253183	6	4	4	4	84.7243	284	37.0587	5.34893	0	1.15666	11.9708	42.1512	17.1591	95.69	1	1	1	0	0	0	0	0
12.08.2015 03:15:44.541000	0.135	0.141559	0.139487	127.988	-669.859	0.00217014	6	4	4	4	84.6143	284	37.1736	5.34893	0	1.1712	11.9702	42.202	17.1682	95.8494	1	1	1	0	0	0	0	0
12.08.2015 03:15:44.641000	0.135	0.141559	0.139487	127.984	-669.865	0.00108507	6	4	4	4	84.4478	284	37.294	5.34893	0	1.17337	11.9683	42.1447	17.1796	95.5862	1	1	1	0	0	0	0	0
12.08.2015 03:15:44.741000	0.135	0.141559	0.139487	127.984	-669.867	0.00379774	6	4	4	4	84.265	284	37.4074	5.34893	0	1.1691	11.9666	42.3091	17.1903	96.1747	1	1	1	0	0	0	0	0
12.08.2015 03:15:44.841000	0.135	0.141559	0.139487	127.984	-669.872	0.00072338	6	4	4	4	84.3306	284	37.5233	5.34893	0	1.16761	11.9623	42.1925	17.1916	95.7232	1	1	1	0	0	0	0	0
12.08.2015 03:15:44.941000	0.135	0.141559	0.139487	127.984	-669.871	0.00271267	6	4	4	4	84.3592	284	37.6437	5.34893	0	1.16769	11.9676	42.0182	17.2006	95.0218	1	1	1	0	0	0	0	0
12.08.2015 03:15:45.041000	0.135	0.141559	0.139487	127.984	-669.875	0.00253183	6	4	4	4	84.4831	284	37.7596	5.34893	0	1.16774	11.9664	42.187	17.2016	95.6638	1	1	1	0	0	0	0	0
12.08.2015 03:15:45.141000	0.135	0.141559	0.139487	127.984	-669.875	0.00434028	6	4	4	4	84.4215	284	37.875	5.34893	0	1.17042	11.9716	42.4478	17.2032	96.6563	1	1	1	0	0	0	0	0
12.08.2015 03:15:45.241000	0.135	0.141559	0.139487	127.984	-669.875	0.00434028	6	4	4	4	84.53	284	37.9929	5.34893	0	1.17321	11.9649	42.4724	17.2121	96.7166	1	1	1	0	0	0	0	0
12.08.2015 03:15:45.341000	0.135	0.141559	0.139487	127.984	-669.875	0.00271267	6	4	4	4	84.5887	284	38.1082	5.34893	0	1.16935	11.9701	41.8185	17.2212	94.1782	1	1	1	0	0	0	0	0
12.08.2015 03:15:45.441000	0.135	0.141559	0.139487	127.984	-669.875	0.00253183	6	4	4	4	84.6382	284	38.2251	5.34893	0	1.16218	11.9747	42.2658	17.2238	95.8807	1	1	1	0	0	0	0	0
12.08.2015 03:15:45.541000	0.135	0.141559	0.139487	127.984	-669.879	0.00217014	6	4	4	4	84.5772	284	38.3415	5.34893	0	1.1593	11.9728	42.7679	17.2286	97.7851	1	1	1	0	0	0	0	0
12.08.2015 03:15:45.641000	0.135	0.141559	0.139487	127.984	-669.878	0.00253183	6	4	4	4	84.7427	284	38.4525	5.34893	0	1.14617	11.9718	42.2005	17.2282	95.6138	1	1	1	0	0	0	0	0
12.08.2015 03:15:45.741000	0.135	0.141559	0.139487	127.984	-669.879	0.00379774	6	4	4	4	84.7999	284	38.5659	5.34893	0	1.14617	11.9714	42.1041	17.2279	95.2462	1	1	1	0	0	0	0	0
12.08.2015 03:15:45.841000	0.135	0.141559	0.139487	127.987	-669.883	0.00506366	6	4	4	4	84.6465	284	38.6877	5.34893	0	1.14617	11.9723	42.3043	17.222	96.0354	1	1	1	0	0	0	0	0
12.08.2015 03:15:45.941000	0.135	0.141559	0.139487	127.984	-669.883	0.00488281	6	4	4	4	84.4916	284	38.8017	5.34893	0	1.14617	11.959	42.3052	17.2282	96.015	1	1	1	0	0	0	0	0
12.08.2015 03:15:46.041000	0.135	0.141559	0.139487	127.987	-669.883	0.00253183	6	4	4	4	84.5685	284	38.921	5.34893	0	1.18093	11.952	42.2946	17.2332	95.9552	1	1	1	0	0	0	0	0
12.08.2015 03:15:46.141000	0.135	0.141559	0.139487	127.984	-669.891	0.00271267	6	4	4	4	84.5371	284	39.0399	5.34893	0	1.18436	11.9485	42.3286	17.2477	96.0298	1	1	1	0	0	0	0	0
12.08.2015 03:15:46.241000	0.135	0.141559	0.139487	127.987	-669.885	0.00289352	6	4	4	4	84.449	284	39.1553	5.34893	0	1.17988	11.9554	42.3677	17.2517	96.1641	1	1	1	0	0	0	0	0
12.08.2015 03:15:46.341000	0.135	0.141559	0.139487	127.988	-669.891	0.00325521	6	4	4	4	84.3142	284	39.2762	5.34893	0	1.17876	11.959	42.4385	17.2647	96.3852	1	1	1	0	0	0	0	0
12.08.2015 03:15:46.441000	0.135	0.141559	0.139487	127.984	-669.891	0.00434028	6	4	4	4	84.354	284	39.3931	5.34893	0	1.17877	11.9544	42.197	17.2813	95.3974	1	1	1	0	0	0	0	0
12.08.2015 03:15:46.541000	0.135	0.141559	0.139487	127.988	-669.891	0.00596788	6	4	4	4	84.3241	284	39.5095	5.34893	0	1.17878	11.9619	42.2031	17.3	95.349	1	1	1	0	0	0	0	0
12.08.2015 03:15:46.641000	0.135	0.141559	0.139487	127.984	-669.888	0.00578704	6	4	4	4	84.2857	284	39.6294	5.34893	0	1.17259	11.9608	42.3436	17.299	95.891	1	1	1	0	0	0	0	0
12.08.2015 03:15:46.741000	0.135	0.141559	0.139487	127.988	-669.891	0.00434028	6	4	4	4	86.5067	284	39.7438	5.34893	0	1.16773	11.9626	42.2676	17.3051	95.5766	1	1	1	0	0	0	0	0
12.08.2015 03:15:46.841000	0.135	0.141559	0.139487	127.984	-669.891	0.00434028	6	4	4	4	142.51	284	39.8572	5.34893	0	1.1654	11.9473	42.3919	17.3019	96.0648	1	1	1	0	0	0	0	0
12.08.2015 03:15:46.941000	0.135	0.141559	0.139487	127.992	-669.891	0.00488281	6	4	4	4	192.186	284	39.9766	5.34893	0	1.16218	11.6756	42.412	17.3103	96.1095	1	1	1	0	0	0	0	0
12.08.2015 03:15:47.041000	0.135	0.141559	0.139487	127.99	-669.891	0.00470197	6	4	4	4	321.821	284	40.093	5.34893	0	1.16548	11.4377	42.5615	17.3067	96.6956	1	1	1	0	0	0	0	0
12.08.2015 03:15:47.141000	0.135	0.141559	0.139487	127.988	-669.891	10.6152	6	4	4	4	326.791	284	40.2089	5.34893	0	1.17317	11.0952	42.3121	17.3594	95.539	1	1	1	0	0	0	0	0
12.08.2015 03:15:47.241000	0.135	0.141559	0.139487	127.99	-669.891	17.6454	6	4	4	4	379.649	284	40.3322	5.34893	0	1.17541	10.989	42.1473	17.3696	94.8688	1	1	1	0	0	0	0	0
12.08.2015 03:15:47.341000	0.135	0.141559	0.139487	127.988	-669.891	23.1548	6	4	4	4	433.467	284	40.4476	5.34893	0	1.18436	10.9615	42.6785	17.3648	96.9211	1	1	1	0	0	0	0	0
12.08.2015 03:15:47.441000	0.135	0.141559	0.139487	127.992	-669.891	25.8912	6	4	4	4	373.192	284	40.571	5.34893	0	1.18572	10.9529	42.2891	17.3691	95.4137	1	1	1	0	0	0	0	0
12.08.2015 03:15:47.541000	0.135	0.141559	0.139487	127.984	-669.891	27.6394	6	4	4	4	369.342	284	40.6889	5.34893	0	1.19568	10.9621	41.9966	17.3592	94.3319	1	1	1	0	0	0	0	0
12.08.2015 03:15:47.641000	0.135	0.141559	0.139487	127.99	-669.893	28.2107	6	4	4	4	552.925	284	40.8053	5.34893	0	1.19551	10.9294	42.2163	17.342	95.2387	1	1	1	0	0	0	0	0
12.08.2015 03:15:47.741000	0.135	0.141559	0.139487	127.984	-669.895	28.616	6	4	4	4	209.546	284	40.9296	5.34893	0	1.19002	10.9169	42.2888	17.357	95.4588	1	1	1	0	0	0	0	0
12.08.2015 03:15:47.841000	0.135	0.141559	0.139487	127.987	-669.891	28.8364	6	4	4	4	289.511	284	41.0445	5.34893	0	1.19002	11.1517	42.2954	17.36	95.4724	1	1	1	0	0	0	0	0
12.08.2015 03:15:47.941000	0.135	0.141559	0.139487	127.988	-669.891	29.0337	6	4	4	4	436.668	284	41.1659	5.34893	0	1.201	11.0734	42.5969	17.3444	96.6867	1	1	1	0	0	0	0	0
12.08.2015 03:15:48.041000	0.135	0.141559	0.139487	127.992	-669.891	29.128	6	4	4	4	502.933	284	41.2848	5.34893	0	1.20145	10.8553	42.1812	17.3592	95.0384	1	1	1	0	0	0	0	0
12.08.2015 03:15:48.141000	0.135	0.141559	0.139487	127.992	-669.898	29.1645	6	4	4	4	574.611	284	41.3982	5.34893	0	1.17774	10.7898	42.2827	17.3618	95.4172	1	1	1	0	0	0	0	0
12.08.2015 03:15:48.241000	0.135	0.141559	0.139487	127.987	-669.891	29.1739	6	4	4	4	603.392	284	41.5205	5.34893	0	1.17322	10.747	42.1306	17.3766	94.7781	1	1	1	0	0	0	0	0
12.08.2015 03:15:48.341000	0.135	0.141559	0.139487	127.988	-669.898	29.1781	6	4	4	4	606.256	284	41.6325	5.34893	0	1.16183	10.7474	42.1961	17.3813	95.0111	1	1	1	0	0	0	0	0
12.08.2015 03:15:48.441000	0.135	0.141559	0.139487	127.992	-669.898	29.1797	6	4	4	4	522.44	284	41.7474	5.34893	0	1.15671	10.767	42.6712	17.4007	96.7554	1	1	1	0	0	0	0	0
12.08.2015 03:15:48.541000	0.135	0.141559	0.139487	127.992	-669.898	29.1249	6	4	4	4	580.249	284	41.8702	5.34893	0	1.17671	10.8475	42.2753	17.3873	95.2913	1	1	1	0	0	0	0	0
12.08.2015 03:15:48.641000	0.135	0.141559	0.139487	127.99	-669.898	28.895	6	4	4	4	547.188	284	41.9856	5.34893	0	1.19004	10.8541	42.2347	17.3968	95.0994	1	1	1	0	0	0	0	0
12.08.2015 03:15:48.741000	0.135	0.141559	0.139487	127.992	-669.898	28.6778	6	4	4	4	602.116	284	42.1075	5.07579	0	1.19004	10.8301	42.117	17.3911	94.6706	1	1	1	0.08	0	0	0	0
12.08.2015 03:15:48.841000	0.135	0.141559	0.139487	127.99	-669.898	28.4248	6	4	4	4	210.2	284	42.1831	2.00365	0.0689855	1.19004	10.4391	42.5874	17.5843	95.7316	1	1	1	1	0	0	0	0
12.08.2015 03:15:48.941000	0.135	0.141559	0.139487	127.992	-669.898	28.2227	6	4	4	4	272.965	284	42.2363	2.22563	0.290968	1.19004	8.74963	42.8305	17.763	95.9784	1	1	1	1	0	0	0	0
12.08.2015 03:15:49.041000	0.135	0.141559	0.139487	127.992	-669.898	28.0657	6	4	4	4	334.9	284	42.2851	2.11405	0.179384	1.19004	8.03248	43.0409	17.9887	95.9197	1	1	1	1	0	0	0	0
12.08.2015 03:15:49.141000	0.135	0.141559	0.139487	127.992	-669.898	27.9004	6	4	4	4	318.62	284	42.3303	1.9385	0.00384076	1.19004	7.67557	43.1698	18.2073	95.5766	1	1	1	1	0	0	0	0
12.08.2015 03:15:49.241000	0.135	0.141559	0.139487	127.992	-669.898	27.8165	6	4	4	4	342.303	284	42.3801	1.84406	-0.090605	0.55145	7.62863	43.4593	18.3845	96.0066	1	1	1	1	0	0	0	0
12.08.2015 03:15:49.341000	0.135	0.141559	0.139487	127.992	-669.898	27.691	6	4	4	4	276.24	284	42.4268	1.77014	-0.164519	0.55145	7.60064	43.6238	18.5335	96.0658	1	1	1	1	0	0	0	0
12.08.2015 03:15:49.441000	0.135	0.141559	0.139487	127.995	-669.898	27.6157	6	4	4	4	307.84	284	42.4746	1.79439	-0.140276	0.55145	7.63901	43.7313	18.6691	95.958	1	1	1	1	0	0	0	0
12.08.2015 03:15:49.541000	0.135	0.141559	0.139487	127.992	-669.898	27.5765	6	4	4	4	275.118	284	42.5204	1.73962	-0.195044	0.55145	7.61594	43.9005	18.7796	96.1831	1	1	1	1	0	0	0	0
12.08.2015 03:15:49.641000	0.135	0.141559	0.139487	127.995	-669.898	27.5481	6	4	4	4	315.684	284	42.5626	1.75093	-0.183736	0.55145	7.62827	44.0272	18.8888	96.2499	1	1	1	1	0	0	0	0
12.08.2015 03:15:49.741000	0.135	0.141559	0.139487	127.992	-669.898	27.5228	6	4	4	4	282.838	284	42.6049	1.69433	-0.24033	0.500693	7.62259	44.1101	19	96.1412	1	1	1	1	0	0	0	0
12.08.2015 03:15:49.841000	0.135	0.141559	0.139487	127.995	-669.898	27.5033	6	4	4	4	310.168	284	42.6492	1.66547	-0.269194	0.453841	7.63094	44.2066	19.0945	96.149	1	1	1	1	0	0	0	0
12.08.2015 03:15:49.941000	0.135	0.141559	0.139487	127.992	-669.898	27.4962	6	4	4	4	331.696	284	42.6905	1.49298	-0.441684	0.453841	7.58972	44.3247	19.1744	96.2957	1	1	1	1	0	0	0	0
12.08.2015 03:15:50.041000	0.135	0.141559	0.139487	127.992	-669.898	27.4816	6	4	4	4	292.683	284	42.7283	1.43207	-0.502591	0.453841	7.55877	44.3878	19.263	96.1978	1	1	1	1	0	0	0	0
12.08.2015 03:15:50.141000	0.135	0.141559	0.139487	127.992	-669.898	27.4669	6	4	4	4	278.066	284	42.7775	1.41157	-0.523098	0.453841	7.59308	44.4647	19.3354	96.2149	1	1	1	1	0	0	0	0
12.08.2015 03:15:50.241000	0.135	0.141559	0.139487	127.997	-669.898	27.4562	6	4	4	4	299.257	284	42.8143	1.45326	-0.481402	0.453841	7.61856	44.5382	19.4025	96.2396	1	1	1	1	0	0	0	0
12.08.2015 03:15:50.341000	0.135	0.141559	0.139487	127.996	-669.898	27.4479	6	4	4	4	282.438	284	42.8541	1.38128	-0.553383	0.433348	7.59366	44.5954	19.4657	96.2163	1	1	1	1	0	0	0	0
12.08.2015 03:15:50.441000	0.135	0.141559	0.139487	128	-669.898	27.4284	6	4	4	4	260.73	284	42.8924	1.34887	-0.585794	0.415175	7.60614	44.6545	19.528	96.2043	1	1	1	1	0	0	0	0
12.08.2015 03:15:50.541000	0.135	0.141559	0.139487	128	-669.898	27.4224	6	4	4	4	279.399	284	42.9272	1.35443	-0.580232	0.415175	7.66052	44.7021	19.5833	96.1749	1	1	1	1	0	0	0	0
12.08.2015 03:15:50.641000	0.135	0.141559	0.139487	127.995	-669.898	27.4172	6	4	4	4	303.767	284	42.9765	1.36287	-0.57179	0.415175	7.64149	44.7485	19.6243	96.1957	1	1	1	1	0	0	0	0
12.08.2015 03:15:50.741000	0.135	0.141559	0.139487	128	-669.898	27.4127	6	4	4	4	318.717	284	43.0128	1.34606	-0.588606	0.415175	7.61398	44.7951	19.6689	96.2029	1	1	1	1	0	0	0	0
12.08.2015 03:15:50.841000	0.135	0.141559	0.139487	127.995	-669.898	27.4114	6	4	4	4	208.05	284	43.0491	1.33184	-0.602824	0.415175	7.59443	44.838	19.7063	96.2244	1	1	1	1	0	0	0	0
12.08.2015 03:15:50.941000	0.135	0.141559	0.139487	127.996	-669.898	27.4078	6	4	4	4	287.713	284	43.0839	1.3739	-0.560767	0.411376	7.6612	44.8675	19.744	96.1927	1	1	1	1	0	0	0	0
12.08.2015 03:15:51.041000	0.135	0.141559	0.139487	127.995	-669.898	27.4049	6	4	4	4	305.484	284	43.1262	1.39518	-0.539481	0.38985	7.64544	44.8982	19.7804	96.1712	1	1	1	1	0	0	0	0
12.08.2015 03:15:51.141000	0.135	0.141559	0.139487	128	-669.898	27.4023	6	4	4	4	228.379	284	43.1685	1.3992	-0.53546	0.38985	7.62886	44.9238	19.8179	96.1256	1	1	1	1	0	0	0	0
12.08.2015 03:15:51.241000	0.135	0.141559	0.139487	127.995	-669.898	27.3987	6	4	4	4	286.071	284	43.2058	1.44362	-0.491045	0.38985	7.66375	44.9668	19.827	96.2551	1	1	1	1	0	0	0	0
12.08.2015 03:15:51.341000	0.135	0.141559	0.139487	127.996	-669.898	27.3969	6	4	4	4	272.072	284	43.2476	1.47753	-0.457134	0.38985	7.66061	44.9724	19.8686	96.1176	1	1	1	1	0	0	0	0
12.08.2015 03:15:51.441000	0.135	0.141559	0.139487	128	-669.898	27.3951	6	4	4	4	239.224	284	43.2894	1.52115	-0.413514	0.38985	7.68244	45	19.878	96.187	1	1	1	1	0	0	0	0
12.08.2015 03:15:51.541000	0.135	0.141559	0.139487	128	-669.898	27.3964	6	4	4	4	278	284	43.3312	1.59025	-0.34441	0.392564	7.70784	45.0103	19.9105	96.1024	1	1	1	1	0	0	0	0
12.08.2015 03:15:51.641000	0.135	0.141559	0.139487	128	-669.898	27.3969	6	4	4	4	223.163	284	43.3749	1.66173	-0.272935	0.412463	7.68768	45.0266	19.9241	96.1125	1	1	1	1	0	0	0	0
12.08.2015 03:15:51.741000	0.135	0.141559	0.139487	128	-669.898	27.3969	6	4	4	4	269.792	284	43.4247	1.75221	-0.182458	0.412463	7.69849	45.043	19.9231	96.1791	1	1	1	1	0	0	0	0
12.08.2015 03:15:51.841000	0.135	0.141559	0.139487	128	-669.898	27.3969	6	4	4	4	300.292	284	43.4734	1.82245	-0.112209	0.412463	7.69792	45.0349	19.9305	96.1197	1	1	1	1	0	0	0	0
12.08.2015 03:15:51.941000	0.135	0.141559	0.139487	128	-669.898	27.3991	6	4	4	4	333.967	284	43.5241	1.84853	-0.0861338	0.412463	7.67305	45.006	19.941	95.9688	1	1	1	1	0	0	0	0
12.08.2015 03:15:52.041000	0.135	0.141559	0.139487	128	-669.898	27.3969	6	4	4	4	284.133	284	43.5739	1.82131	-0.113351	0.412463	7.64745	45.029	19.9486	96.0279	1	1	1	1	0	0	0	0
12.08.2015 03:15:52.141000	0.135	0.141559	0.139487	127.996	-669.898	27.398	6	4	4	4	319.476	284	43.6226	1.79005	-0.144615	0.48246	7.65601	45.0406	19.954	96.0515	1	1	1	1	0	0	0	0
12.08.2015 03:15:52.241000	0.135	0.141559	0.139487	128	-669.898	27.3973	6	4	4	4	307.945	284	43.6724	1.74336	-0.191303	0.483888	7.63313	45.0343	19.958	96.012	1	1	1	1	0	0	0	0
12.08.2015 03:15:52.341000	0.135	0.141559	0.139487	128	-669.898	27.398	6	4	4	4	301.683	284	43.7216	1.68502	-0.249643	0.483888	7.63599	45.032	19.9583	96.002	1	1	1	1	0	0	0	0
12.08.2015 03:15:52.441000	0.135	0.141559	0.139487	128	-669.901	27.4013	6	4	4	4	310.923	284	43.7659	1.62547	-0.309191	0.483888	7.63299	45.0405	19.9709	95.9865	1	1	1	1	0	0	0	0
12.08.2015 03:15:52.541000	0.135	0.141559	0.139487	128	-669.898	27.4013	6	4	4	4	264.037	284	43.8097	1.575	-0.359666	0.483888	7.62199	45.0623	19.972	96.0658	1	1	1	1	0	0	0	0
12.08.2015 03:15:52.641000	0.135	0.141559	0.139487	128	-669.898	27.4052	6	4	4	4	234.443	284	43.8554	1.55681	-0.377855	0.473083	7.64279	45.0657	19.9857	96.0263	1	1	1	1	0	0	0	0
12.08.2015 03:15:52.741000	0.135	0.141559	0.139487	128	-669.902	27.4067	6	4	4	4	291.449	284	43.8992	1.58741	-0.347249	0.467517	7.68236	45.0686	19.9911	96.0167	1	1	1	1	0	0	0	0
12.08.2015 03:15:52.841000	0.135	0.141559	0.139487	128	-669.898	27.4042	6	4	4	4	287.596	284	43.943	1.60858	-0.326084	0.467517	7.64791	45.073	20.0004	95.998	1	1	1	1	0	0	0	0
12.08.2015 03:15:52.941000	0.135	0.141559	0.139487	128	-669.898	27.4083	6	4	4	4	280.654	284	43.9872	1.61995	-0.314709	0.467517	7.65178	45.08	20.0106	95.9856	1	1	1	1	0	0	0	0
12.08.2015 03:15:53.041000	0.135	0.141559	0.139487	128	-669.898	27.4103	6	4	4	4	280.257	284	44.035	1.62878	-0.305887	0.467517	7.65124	45.0858	20.0167	95.9847	1	1	1	1	0	0	0	0
12.08.2015 03:15:53.141000	0.135	0.141559	0.139487	128	-669.898	27.4148	6	4	4	4	258.192	284	44.0808	1.63538	-0.299282	0.465077	7.62891	45.087	20.0133	96.0022	1	1	1	1	0	0	0	0
12.08.2015 03:15:53.241000	0.135	0.141559	0.139487	128	-669.901	27.4172	6	4	4	4	202.893	284	44.127	1.68441	-0.250251	0.454679	7.66725	45.0912	20.0265	95.9676	1	1	1	1	0	0	0	0
12.08.2015 03:15:53.341000	0.135	0.141559	0.139487	128	-669.898	27.4159	6	4	4	4	287.67	284	44.1773	1.77967	-0.154996	0.454679	7.67402	45.1031	20.0207	96.0356	1	1	1	1	0	0	0	0
12.08.2015 03:15:53.441000	0.135	0.141559	0.139487	128	-669.898	27.4168	6	4	4	4	260.031	284	44.2285	1.84654	-0.0881207	0.454679	7.65641	45.0964	20.0145	96.0337	1	1	1	1	0	0	0	0
12.08.2015 03:15:53.541000	0.135	0.141559	0.139487	128	-669.902	27.4148	6	4	4	4	284.534	284	44.2797	1.90907	-0.0255968	0.454679	7.64603	45.07	20.0132	95.9377	1	1	1	1	0	0	0	0
12.08.2015 03:15:53.641000	0.135	0.141559	0.139487	128.003	-669.901	27.4161	6	4	4	4	337.779	284	44.329	1.93269	-0.00197147	0.462193	7.62071	45.0492	20.0058	95.8863	1	1	1	1	0	0	0	0
12.08.2015 03:15:53.741000	0.135	0.141559	0.139487	128	-669.906	27.4154	6	4	4	4	272.112	284	44.3772	1.91008	-0.0245827	0.496424	7.58524	45.0525	20.0052	95.901	1	1	1	1	0	0	0	0
12.08.2015 03:15:53.841000	0.135	0.141559	0.139487	128.003	-669.901	27.4146	6	4	4	4	348.808	284	44.429	1.88647	-0.048196	0.496424	7.61216	45.0605	19.9854	96.0076	1	1	1	1	0	0	0	0
12.08.2015 03:15:53.941000	0.135	0.141559	0.139487	128.004	-669.898	27.4137	6	4	4	4	234.058	284	44.4822	1.83614	-0.0985198	0.496424	7.6047	45.0309	20.0004	95.837	1	1	1	1	0	0	0	0
12.08.2015 03:15:54.041000	0.135	0.141559	0.139487	128.008	-669.898	27.4165	6	4	4	4	248.678	284	44.5294	1.84417	-0.0904877	0.496424	7.65024	45.0083	20.029	95.624	1	1	1	1	0	0	0	0
12.08.2015 03:15:54.141000	0.135	0.141559	0.139487	128.004	-669.898	27.4186	6	4	4	4	263.179	284	44.5777	1.88624	-0.0483894	0.496609	7.64219	45.0075	20.0161	95.672	1	1	1	1	0	0	0	0
12.08.2015 03:15:54.241000	0.135	0.141559	0.139487	128.008	-669.898	27.4172	6	4	4	4	276.91	284	44.6294	1.92917	-0.00546235	0.497451	7.61915	45.0148	20.0043	95.7512	1	1	1	1	0	0	0	0
12.08.2015 03:15:54.341000	0.135	0.141559	0.139487	128.008	-669.898	27.4159	6	4	4	4	266.245	284	44.6806	1.96835	0.0336867	0.497451	7.62182	44.9789	19.9969	95.6509	1	1	1	1	0	0	0	0
12.08.2015 03:15:54.441000	0.135	0.141559	0.139487	128.008	-669.898	27.4154	6	4	4	4	272.892	284	44.7314	2.01398	0.0793157	0.497451	7.6283	44.9336	19.9926	95.4941	1	1	1	1	0	0	0	0
12.08.2015 03:15:54.541000	0.135	0.141559	0.139487	128.008	-669.898	27.4154	6	4	4	4	266.84	284	44.7841	2.06155	0.126891	0.497451	7.61743	44.9724	19.9721	95.7152	1	1	1	1	0	0	0	0
12.08.2015 03:15:54.641000	0.135	0.141559	0.139487	128.013	-669.898	27.4136	6	4	4	4	322.597	284	44.8378	2.09302	0.15836	0.506829	7.60911	44.963	19.9693	95.696	1	1	1	1	0	0	0	0
12.08.2015 03:15:54.741000	0.135	0.141559	0.139487	128.008	-669.898	27.417	6	4	4	4	226.136	284	44.8935	2.09984	0.165172	0.520326	7.61648	44.9214	19.9588	95.5766	1	1	1	1	0	0	0	0
12.08.2015 03:15:54.841000	0.135	0.141559	0.139487	128.01	-669.898	27.4161	6	4	4	4	315.556	284	44.9463	2.14545	0.210785	0.520326	7.6476	44.8991	19.9325	95.592	1	1	1	1	0	0	0	0
12.08.2015 03:15:54.941000	0.135	0.141559	0.139487	128.016	-669.898	27.4197	6	4	4	4	239.932	284	45.0005	2.16543	0.23077	0.520326	7.58882	44.9179	19.9358	95.6514	1	1	1	1	0	0	0	0
12.08.2015 03:15:55.041000	0.135	0.141559	0.139487	128.016	-669.898	27.4193	6	4	4	4	292.026	284	45.0557	2.20038	0.265713	0.520326	7.61716	44.9064	19.9139	95.6914	1	1	1	1	0	0	0	0
12.08.2015 03:15:55.141000	0.135	0.141559	0.139487	128.016	-669.898	27.417	6	4	4	4	298.924	284	45.1164	2.22051	0.285843	0.554198	7.59809	44.8642	19.8926	95.6115	1	1	1	1	0	0	0	0
12.08.2015 03:15:55.241000	0.135	0.141559	0.139487	128.016	-669.898	27.4081	6	4	4	4	250.987	284	45.1736	2.22622	0.291551	0.55636	7.60171	44.8338	19.891	95.5009	1	1	1	1	0	0	0	0
12.08.2015 03:15:55.341000	0.135	0.141559	0.139487	128.016	-669.902	27.4018	6	4	4	4	318.862	284	45.2328	2.24172	0.307059	0.55636	7.62208	44.8701	19.8833	95.6696	1	1	1	1	0	0	0	0
12.08.2015 03:15:55.441000	0.135	0.141559	0.139487	128.016	-669.901	27.4038	6	4	4	4	269.701	284	45.291	2.23659	0.301923	0.55636	7.61343	44.8516	19.8757	95.6276	1	1	1	1	0	0	0	0
12.08.2015 03:15:55.541000	0.135	0.141559	0.139487	128.016	-669.898	27.404	6	4	4	4	235.658	284	45.3467	2.25582	0.321156	0.570507	7.59803	44.8139	19.8732	95.493	1	1	1	1	0	0	0	0
12.08.2015 03:15:55.641000	0.135	0.141559	0.139487	128.016	-669.901	27.406	6	4	4	4	288.546	284	45.4019	2.29804	0.363378	0.578465	7.62635	44.7837	19.8564	95.4418	1	1	1	1	0	0	0	0
12.08.2015 03:15:55.741000	0.135	0.141559	0.139487	128.02	-669.902	27.4099	6	4	4	4	271.92	284	45.4676	2.33014	0.395474	0.578465	7.62253	44.8216	19.8442	95.6337	1	1	1	1	0	0	0	0
12.08.2015 03:15:55.841000	0.135	0.141559	0.139487	128.018	-669.898	27.4107	6	4	4	4	312.894	284	45.5282	2.35269	0.418029	0.578465	7.60258	44.85	19.8296	95.7979	1	1	1	1	0	0	0	0
12.08.2015 03:15:55.941000	0.135	0.141559	0.139487	128.02	-669.898	27.4127	6	4	4	4	288.295	284	45.5859	2.34809	0.413428	0.585269	7.58057	44.7598	19.8362	95.4278	1	1	1	1	0	0	0	0
12.08.2015 03:15:56.041000	0.135	0.141559	0.139487	128.021	-669.898	27.4114	6	4	4	4	270.68	284	45.6461	2.34684	0.412171	0.593585	7.59919	44.7001	19.8217	95.2544	1	1	1	1	0	0	0	0
12.08.2015 03:15:56.141000	0.135	0.141559	0.139487	128.02	-669.898	27.4121	6	4	4	4	300.784	284	45.7043	2.34829	0.413624	0.593585	7.60603	44.8527	19.8148	95.8655	1	1	1	1	0	0	0	0
12.08.2015 03:15:56.241000	0.135	0.141559	0.139487	128.021	-669.898	27.4143	6	4	4	4	248.38	284	45.768	2.34526	0.410598	0.593585	7.60966	44.7979	19.8115	95.6682	1	1	1	1	0	0	0	0
12.08.2015 03:15:56.341000	0.135	0.141559	0.139487	128.02	-669.898	27.4121	6	4	4	4	255.839	284	45.8272	2.37023	0.435565	0.595308	7.64938	44.7258	19.8035	95.4224	1	1	1	1	0	0	0	0
12.08.2015 03:15:56.441000	0.135	0.141559	0.139487	128.023	-669.901	27.4128	6	4	4	4	303.177	284	45.8869	2.4045	0.469835	0.599326	7.59478	44.7746	19.7953	95.6409	1	1	1	1	0	0	0	0
12.08.2015 03:15:56.541000	0.135	0.141559	0.139487	128.023	-669.898	27.411	6	4	4	4	272.219	284	45.9441	2.42515	0.490485	0.599326	7.54728	44.7816	19.7815	95.7201	1	1	1	1	0	0	0	0
12.08.2015 03:15:56.641000	0.135	0.141559	0.139487	128.023	-669.898	27.4114	6	4	4	4	265.625	284	46.0048	2.45218	0.517516	0.599326	7.58559	44.7304	19.7786	95.5355	1	1	1	1	0	0	0	0
12.08.2015 03:15:56.741000	0.135	0.141559	0.139487	128.023	-669.898	27.411	6	4	4	4	308.333	284	46.0729	2.47111	0.536451	0.60251	7.59903	44.7392	19.7656	95.6189	1	1	1	1	0	0	0	0
12.08.2015 03:15:56.841000	0.135	0.141559	0.139487	128.023	-669.901	27.411	6	4	4	4	246.12	284	46.1301	2.46975	0.535088	0.612595	7.56642	44.7263	19.7565	95.6042	1	1	1	1	0	0	0	0
12.08.2015 03:15:56.941000	0.135	0.141559	0.139487	128.023	-669.898	27.4105	6	4	4	4	257.854	284	46.1898	2.50417	0.569505	0.612595	7.61062	44.7333	19.755	95.6369	1	1	1	1	0	0	0	0
12.08.2015 03:15:57.041000	0.135	0.141559	0.139487	128.023	-669.901	27.4107	6	4	4	4	314.503	284	46.2505	2.55016	0.615495	0.612595	7.58021	44.71	19.7434	95.5923	1	1	1	1	0	0	0	0
12.08.2015 03:15:57.141000	0.135	0.141559	0.139487	128.023	-669.902	27.4099	6	4	4	4	300.007	284	46.3191	2.55133	0.616667	0.612881	7.53125	44.7061	19.7369	95.6021	1	1	1	1	0	0	0	0
12.08.2015 03:15:57.241000	0.135	0.141559	0.139487	128.023	-669.898	27.4103	6	4	4	4	246.561	284	46.3783	2.54718	0.612519	0.614097	7.5705	44.701	19.7384	95.5766	1	1	1	1	0	0	0	0
12.08.2015 03:15:57.341000	0.135	0.141559	0.139487	128.023	-669.898	27.4121	6	4	4	4	237.594	284	46.4405	2.57969	0.645028	0.614097	7.60317	44.6663	19.7294	95.4787	1	1	1	1	0	0	0	0
12.08.2015 03:15:57.441000	0.135	0.141559	0.139487	128.023	-669.898	27.4099	6	4	4	4	262.838	284	46.5052	2.63597	0.701311	0.614097	7.62082	44.6691	19.7143	95.5469	1	1	1	1	0	0	0	0
12.08.2015 03:15:57.541000	0.135	0.141559	0.139487	128.023	-669.902	27.4094	6	4	4	4	284.698	284	46.5738	2.69383	0.759164	0.622439	7.58876	44.6787	19.7006	95.6362	1	1	1	1	0	0	0	0
12.08.2015 03:15:57.641000	0.135	0.141559	0.139487	128.023	-669.898	27.4074	6	4	4	4	277.809	284	46.6385	2.73594	0.801278	0.641005	7.58524	44.6348	19.6945	95.4916	1	1	1	1	0	0	0	0
12.08.2015 03:15:57.741000	0.135	0.141559	0.139487	128.023	-669.898	27.4089	6	4	4	4	345.89	284	46.7061	2.75182	0.81716	0.641005	7.58446	44.6131	19.6676	95.5112	1	1	1	1	0	0	0	0
12.08.2015 03:15:57.841000	0.135	0.141559	0.139487	128.023	-669.898	27.4089	6	4	4	4	262.829	284	46.7753	2.72818	0.793515	0.641005	7.56849	44.5953	19.6589	95.4764	1	1	1	1	0	0	0	0
12.08.2015 03:15:57.941000	0.135	0.141559	0.139487	128.027	-669.898	27.4094	6	4	4	4	281.728	284	46.8385	2.72164	0.78698	0.662955	7.57092	44.6182	19.647	95.6098	1	1	1	1	0	0	0	0
12.08.2015 03:15:58.041000	0.135	0.141559	0.139487	128.023	-669.901	27.4081	6	4	4	4	253.494	284	46.9086	2.7294	0.794736	0.675846	7.59106	44.5771	19.6382	95.4862	1	1	1	1	0	0	0	0
12.08.2015 03:15:58.141000	0.135	0.141559	0.139487	128.023	-669.898	27.4089	6	4	4	4	301.098	284	46.9757	2.75646	0.821799	0.675846	7.60855	44.5327	19.6176	95.3948	1	1	1	1	0	0	0	0
12.08.2015 03:15:58.241000	0.135	0.141559	0.139487	128.023	-669.904	27.4096	6	4	4	4	284.212	284	47.0394	2.75771	0.82305	0.675846	7.54676	44.5592	19.6109	95.5222	1	1	1	1	0	0	0	0
12.08.2015 03:15:58.341000	0.135	0.141559	0.139487	128.023	-669.898	27.4127	6	4	4	4	284.47	284	47.112	2.7533	0.818634	0.675878	7.55055	44.5628	19.6033	95.5647	1	1	1	1	0	0	0	0
12.08.2015 03:15:58.441000	0.135	0.141559	0.139487	128.026	-669.898	27.4103	6	4	4	4	211.264	284	47.1762	2.77069	0.836024	0.67588	7.57303	44.5104	19.6023	95.3679	1	1	1	1	0	0	0	0
12.08.2015 03:15:58.541000	0.135	0.141559	0.139487	128.027	-669.898	27.4094	6	4	4	4	262.965	284	47.2419	2.84132	0.906652	0.67588	7.60446	44.5183	19.5843	95.4673	1	1	1	1	0	0	0	0
12.08.2015 03:15:58.641000	0.135	0.141559	0.139487	128.031	-669.904	27.4099	6	4	4	4	236.537	284	47.3175	2.91806	0.983394	0.675385	7.61881	44.5291	19.5658	95.5794	1	1	1	1	0	0	0	0
12.08.2015 03:15:58.741000	0.135	0.141559	0.139487	128.027	-669.898	27.4116	6	4	4	4	258.386	284	47.3826	3.00746	1.07279	0.673978	7.62047	44.4291	19.5456	95.2742	1	1	1	1	0	0	0	0
12.08.2015 03:15:58.841000	0.135	0.141559	0.139487	128.031	-669.898	27.4139	6	4	4	4	345.651	284	47.4597	3.08187	1.1472	0.673978	7.59925	44.4621	19.5082	95.5437	1	1	1	1	0	0	0	0
12.08.2015 03:15:58.941000	0.135	0.141559	0.139487	128.031	-669.898	27.417	6	4	4	4	343.587	284	47.5309	3.07749	1.14283	0.673978	7.51876	44.3394	19.4827	95.1714	1	1	1	1	0	0	0	0
12.08.2015 03:15:59.041000	0.135	0.141559	0.139487	128.034	-669.898	27.4193	6	4	4	4	324.702	284	47.6065	3.01623	1.08156	0.72354	7.50135	44.4012	19.4679	95.4647	1	1	1	1	0	0	0	0
12.08.2015 03:15:59.141000	0.135	0.141559	0.139487	128.031	-669.898	27.4202	6	4	4	4	247.627	284	47.6781	2.94251	1.00784	0.731608	7.53407	44.3511	19.4648	95.2847	1	1	1	1	0	0	0	0
12.08.2015 03:15:59.241000	0.135	0.141559	0.139487	128.031	-669.898	27.4233	6	4	4	4	288.447	284	47.7443	2.92181	0.987142	0.731608	7.57216	44.3861	19.453	95.4635	1	1	1	1	0	0	0	0
12.08.2015 03:15:59.341000	0.135	0.141559	0.139487	128.031	-669.898	27.424	6	4	4	4	261.389	284	47.8194	2.91329	0.978626	0.723547	7.58721	44.3714	19.447	95.4306	1	1	1	1	0	0	0	0
12.08.2015 03:15:59.441000	0.135	0.141559	0.139487	128.031	-669.901	27.4233	6	4	4	4	222.086	284	47.884	2.93247	0.997801	0.708576	7.6008	44.371	19.4587	95.3845	1	1	1	1	0	0	0	0
12.08.2015 03:15:59.541000	0.135	0.141559	0.139487	128.039	-669.898	27.423	6	4	4	4	272.224	284	47.9586	2.99727	1.0626	0.708576	7.63932	44.4107	19.4525	95.56	1	1	1	1	0	0	0	0
12.08.2015 03:15:59.641000	0.135	0.141559	0.139487	128.034	-669.901	27.424	6	4	4	4	248.319	284	48.0293	3.06414	1.12948	0.708576	7.62652	44.3465	19.4461	95.3387	1	1	1	1	0	0	0	0
12.08.2015 03:15:59.741000	0.135	0.141559	0.139487	128.039	-669.902	27.4213	6	4	4	4	320.484	284	48.1059	3.12038	1.18572	0.715793	7.62666	44.3354	19.4667	95.2172	1	1	1	1	0	0	0	0
12.08.2015 03:15:59.841000	0.135	0.141559	0.139487	128.039	-669.901	27.4201	6	4	4	4	274.762	284	48.177	3.13101	1.19635	0.716777	7.58394	44.2521	19.4347	95.0207	1	1	1	1	0	0	0	0
12.08.2015 03:15:59.941000	0.135	0.141559	0.139487	128.039	-669.898	27.4165	6	4	4	4	253.932	284	48.2556	3.1539	1.21923	0.716777	7.60457	44.2803	19.4155	95.2022	1	1	1	1	0	0	0	0
12.08.2015 03:16:00.041000	0.135	0.141559	0.139487	128.039	-669.901	27.4136	6	4	4	4	262.526	284	48.3277	3.20201	1.26734	0.736482	7.62714	44.247	19.3915	95.1667	1	1	1	1	0	0	0	0
12.08.2015 03:16:00.141000	0.135	0.141559	0.139487	128.039	-669.898	27.411	6	4	4	4	297.402	284	48.4093	3.2512	1.31654	0.751347	7.61645	44.3126	19.3663	95.5145	1	1	1	1	0	0	0	0
12.08.2015 03:16:00.241000	0.135	0.141559	0.139487	128.039	-669.898	27.4107	6	4	4	4	333.3	284	48.4819	3.26971	1.33504	0.751347	7.58786	44.203	19.3395	95.1973	1	1	1	1	0	0	0	0
12.08.2015 03:16:00.341000	0.135	0.141559	0.139487	128.039	-669.898	27.4105	6	4	4	4	280.938	284	48.5645	3.24406	1.30939	0.7577	7.52843	44.1431	19.3192	95.0459	1	1	1	1	0	0	0	0
12.08.2015 03:16:00.441000	0.135	0.141559	0.139487	128.039	-669.898	27.407	6	4	4	4	277.674	284	48.6356	3.21512	1.28046	0.770032	7.56393	44.1357	19.3036	95.0774	1	1	1	1	0	0	0	0
12.08.2015 03:16:00.541000	0.135	0.141559	0.139487	128.039	-669.898	27.4056	6	4	4	4	301.671	284	48.7172	3.19848	1.26382	0.770032	7.58495	44.2496	19.297	95.5388	1	1	1	1	0	0	0	0
12.08.2015 03:16:00.641000	0.135	0.141559	0.139487	128.039	-669.898	27.4042	6	4	4	4	252.103	284	48.7863	3.18771	1.25305	0.76937	7.58323	44.1003	19.2908	94.9907	1	1	1	1	0	0	0	0
12.08.2015 03:16:00.741000	0.135	0.141559	0.139487	128.039	-669.898	27.4029	6	4	4	4	286.503	284	48.8684	3.19419	1.25953	0.760577	7.56625	44.1913	19.2973	95.3139	1	1	1	1	0	0	0	0
12.08.2015 03:16:00.841000	0.135	0.141559	0.139487	128.039	-669.898	27.4038	6	4	4	4	263.123	284	48.9366	3.20587	1.27121	0.760577	7.56858	44.1777	19.2902	95.2892	1	1	1	1	0	0	0	0
12.08.2015 03:16:00.941000	0.135	0.141559	0.139487	128.039	-669.898	27.4061	6	4	4	4	242.954	284	49.0176	3.23416	1.29949	0.760577	7.58898	44.0828	19.2815	94.9592	1	1	1	1	0	0	0	0
12.08.2015 03:16:01.041000	0.135	0.141559	0.139487	128.039	-669.898	27.4063	6	4	4	4	272.318	284	49.0952	3.29098	1.35632	0.764423	7.61424	44.1079	19.2732	95.087	1	1	1	1	0	0	0	0
12.08.2015 03:16:01.141000	0.135	0.141559	0.139487	128.039	-669.902	27.4116	6	4	4	4	323.282	284	49.1723	3.33364	1.39898	0.765267	7.58926	44.0583	19.2558	94.9639	1	1	1	1	0	0	0	0
12.08.2015 03:16:01.241000	0.135	0.141559	0.139487	128.039	-669.898	27.4132	6	4	4	4	267.692	284	49.2584	3.33926	1.40459	0.765267	7.55781	44.0656	19.2372	95.063	1	1	1	1	0	0	0	0
12.08.2015 03:16:01.341000	0.135	0.141559	0.139487	128.039	-669.898	27.417	6	4	4	4	264.96	284	49.3305	3.34933	1.41467	0.785551	7.59795	44.1427	19.2315	95.3799	1	1	1	1	0	0	0	0
12.08.2015 03:16:01.441000	0.135	0.141559	0.139487	128.039	-669.898	27.4186	6	4	4	4	281.865	284	49.4166	3.36641	1.43175	0.794665	7.58945	43.9337	19.2137	94.6479	1	1	1	1	0	0	0	0
12.08.2015 03:16:01.541000	0.135	0.141559	0.139487	128.039	-669.902	27.4159	6	4	4	4	275.228	284	49.4932	3.38187	1.4472	0.794665	7.58785	44.1268	19.2036	95.4259	1	1	1	1	0	0	0	0
12.08.2015 03:16:01.641000	0.135	0.141559	0.139487	128.042	-669.898	27.4128	6	4	4	4	204.744	284	49.5698	3.41877	1.4841	0.7919	7.62345	43.9869	19.1896	94.9438	1	1	1	1	0	0	0	0
12.08.2015 03:16:01.741000	0.135	0.141559	0.139487	128.043	-669.898	27.4105	6	4	4	4	275.678	284	49.6573	3.50411	1.56944	0.789544	7.65758	44.0444	19.1644	95.2604	1	1	1	1	0	0	0	0
12.08.2015 03:16:01.841000	0.135	0.141559	0.139487	128.042	-669.901	27.4078	6	4	4	4	285.445	284	49.7359	3.57257	1.6379	0.789544	7.62018	44.0314	19.1429	95.2929	1	1	1	1	0	0	0	0
12.08.2015 03:16:01.941000	0.135	0.141559	0.139487	128.043	-669.898	27.4029	6	4	4	4	263.555	284	49.8195	3.62185	1.68719	0.814793	7.61551	43.9693	19.1082	95.188	1	1	1	1	0	0	0	0
12.08.2015 03:16:02.041000	0.135	0.141559	0.139487	128.047	-669.898	27.4009	6	4	4	4	270.272	284	49.9095	3.67031	1.73565	0.834632	7.59508	43.8326	19.0827	94.7622	1	1	1	1	0	0	0	0
12.08.2015 03:16:02.141000	0.135	0.141559	0.139487	128.047	-669.898	27.3991	6	4	4	4	266.419	284	49.9931	3.72434	1.78968	0.834632	7.60272	43.9009	19.0436	95.1735	1	1	1	1	0	0	0	0
12.08.2015 03:16:02.241000	0.135	0.141559	0.139487	128.047	-669.898	27.4009	6	4	4	4	308.106	284	50.0786	3.76794	1.83328	0.856703	7.61719	43.8361	19.0089	95.0583	1	1	1	1	0	0	0	0
12.08.2015 03:16:02.341000	0.135	0.141559	0.139487	128.047	-669.898	27.3985	6	4	4	4	316.615	284	50.1657	3.77213	1.83747	0.866619	7.58011	43.9508	18.9792	95.6115	1	1	1	1	0	0	0	0
12.08.2015 03:16:02.441000	0.135	0.141559	0.139487	128.047	-669.898	27.4002	6	4	4	4	292.827	284	50.2572	3.74644	1.81178	0.866619	7.55907	43.7283	18.9633	94.8201	1	1	1	1	0	0	0	0
12.08.2015 03:16:02.541000	0.135	0.141559	0.139487	128.047	-669.898	27.4029	6	4	4	4	321.037	284	50.3403	3.70783	1.77317	0.864177	7.5898	43.7009	18.9434	94.7912	1	1	1	1	0	0	0	0
12.08.2015 03:16:02.641000	0.135	0.141559	0.139487	128.047	-669.898	27.4023	6	4	4	4	252.537	284	50.4233	3.66718	1.73252	0.863604	7.56894	43.7818	18.9452	95.0945	1	1	1	1	0	0	0	0
12.08.2015 03:16:02.741000	0.135	0.141559	0.139487	128.047	-669.898	27.4029	6	4	4	4	280.214	284	50.5094	3.65603	1.72136	0.863604	7.58678	43.8213	18.9362	95.2801	1	1	1	1	0	0	0	0
12.08.2015 03:16:02.841000	0.135	0.141559	0.139487	128.047	-669.898	27.4009	6	4	4	4	284.091	284	50.593	3.66576	1.7311	0.841616	7.60273	43.604	18.9327	94.4614	1	1	1	1	0	0	0	0
12.08.2015 03:16:02.941000	0.135	0.141559	0.139487	128.047	-669.898	27.4018	6	4	4	4	282.203	284	50.6755	3.66773	1.73307	0.837428	7.56292	43.8706	18.9372	95.4652	1	1	1	1	0	0	0	0
12.08.2015 03:16:03.041000	0.135	0.141559	0.139487	128.049	-669.898	27.4034	6	4	4	4	248.881	284.023	50.7606	3.67441	1.73974	0.837428	7.57917	43.6928	18.9386	94.779	1	1	1	1	0.48	0	0	0
12.08.2015 03:16:03.141000	0.135	0.141559	0.139487	128.047	-669.898	27.4045	6	4	4	4	274.58	284.631	50.8511	3.75974	1.82508	0.856316	7.62606	43.6822	18.9408	94.7299	1	1	1	1	1	0	0	0
12.08.2015 03:16:03.241000	0.135	0.141559	0.139487	128.052	-669.901	27.4056	6	4	4	4	280.83	286.411	50.9362	3.86775	1.93308	0.857521	7.61947	43.7729	18.9254	95.1361	1	1	1	1	1	0	0	0
12.08.2015 03:16:03.341000	0.135	0.141559	0.139487	128.051	-669.898	27.4083	6	4	4	4	287.308	289.388	51.0257	3.98578	2.05112	0.861829	7.61424	43.5859	18.9174	94.4507	1	1	1	1	1	0	0	0
12.08.2015 03:16:03.441000	0.135	0.141559	0.139487	128.055	-669.898	27.4107	6	4	4	4	342.976	293.565	51.1182	4.07318	2.13852	0.888293	7.59337	43.6828	18.8682	95.0101	1	1	1	1	1	0	0	0
12.08.2015 03:16:03.541000	0.135	0.141559	0.139487	128.055	-669.898	27.4094	6	4	4	4	319.555	298.939	51.2147	4.0535	2.11884	0.888293	7.55512	43.5922	18.8288	94.8143	1	1	1	1	1	0	0	0
12.08.2015 03:16:03.641000	0.135	0.141559	0.139487	128.055	-669.898	27.407	6	4	4	4	294	305.512	51.3083	4.0186	2.08394	0.912952	7.5522	43.4272	18.7979	94.3004	1	1	1	1	1	0	0	0
12.08.2015 03:16:03.741000	0.135	0.141559	0.139487	128.055	-669.898	27.4061	6	4	4	4	274.286	313.283	51.4028	4.13165	2.19699	0.938619	7.59359	43.3441	18.7746	94.0718	1	1	1	1	1	0	0	0
12.08.2015 03:16:03.841000	0.135	0.141559	0.139487	128.055	-669.898	27.407	6	4	4	4	294.399	322.251	51.4993	4.39454	2.45987	0.938619	7.5684	43.4757	18.7276	94.7556	1	1	1	1	1	0	0	0
12.08.2015 03:16:03.941000	0.135	0.141559	0.139487	128.055	-669.902	27.4051	6	4	4	4	293.674	332.419	51.6012	4.72463	2.78996	0.961761	7.57095	43.3019	18.6508	94.3841	1	1	1	1	1	0	0	0
12.08.2015 03:16:04.041000	0.135	0.141559	0.139487	128.055	-669.898	27.407	6	4	4	4	335.331	343.784	51.7181	5.15024	3.21558	0.96405	7.56742	43.2013	18.504	94.5607	1	1	1	1	1	0	0	0
12.08.2015 03:16:04.141000	0.135	0.141559	0.139487	128.055	-669.898	27.4089	6	4	4	4	407.857	356.348	51.8375	5.57103	3.63637	1.10462	7.54864	42.9608	18.3113	94.3782	1	1	1	1	1	0	0	0
12.08.2015 03:16:04.241000	0.135	0.141559	0.139487	128.055	-669.898	27.4085	6	4	4	4	355.683	370.111	51.9728	5.82718	3.89251	1.15148	7.53524	42.647	18.0963	93.9262	1	1	1	1	1	0	0	0
12.08.2015 03:16:04.341000	0.135	0.141559	0.139487	128.055	-669.898	27.4083	6	4	4	4	393.718	385.073	52.1056	6.08723	4.15259	1.30857	7.54648	42.4754	17.882	94.1632	1	1	1	1	1	0	0	0
12.08.2015 03:16:04.441000	0.135	0.141559	0.139487	128.055	-669.898	27.4063	6	4	4	4	431.307	401.234	52.2464	6.37963	4.44497	1.33671	7.5271	42.2322	17.6619	94.0749	1	1	1	1	1	0	0	0
12.08.2015 03:16:04.541000	0.135	0.141559	0.139487	128.055	-669.898	27.4061	6	4	4	4	343.847	418.591	52.3921	6.6867	4.75204	1.39714	7.52684	42.0354	17.4525	94.109	1	1	1	1	1	0	0	0
12.08.2015 03:16:04.641000	0.135	0.141559	0.139487	128.055	-669.898	27.4085	6	4	4	4	410.56	437.151	52.5483	7.20467	5.27	1.45213	7.55722	41.7561	17.1953	94.0335	1	1	1	1	1	0	0	0
12.08.2015 03:16:04.741000	0.135	0.141559	0.139487	128.055	-669.898	27.4067	6	4	4	4	431.367	456.906	52.7179	7.79425	5.85959	1.52608	7.53095	41.483	16.9053	94.1029	1	1	1	1	1	0	0	0
12.08.2015 03:16:04.841000	0.135	0.141559	0.139487	128.055	-669.898	27.4085	6	4	4	4	421.398	477.998	52.9025	8.46387	6.52964	1.75157	7.56086	41.0719	16.5713	93.8468	1	1	1	1	1	0	0	0
12.08.2015 03:16:04.941000	0.135	0.141559	0.139487	128.055	-669.898	27.4105	6	4	4	4	441.309	500.192	53.1034	9.2476	7.31294	1.88574	7.52964	40.7181	16.2019	93.8676	1	1	1	1	1	0	0	0
12.08.2015 03:16:05.041000	0.135	0.141559	0.139487	128.055	-669.898	27.406	6	4	4	4	492.367	523.57	53.3173	10.142	8.20734	2.02048	7.51337	40.2504	15.8028	93.56	1	1	1	1	1	0	0	0
12.08.2015 03:16:05.141000	0.135	0.141559	0.139487	128.055	-669.902	27.3996	6	4	4	4	435.682	548.131	53.5546	11.0882	9.15364	2.23498	7.53359	39.7903	15.4028	93.3752	1	1	1	1	1	0	0	0
12.08.2015 03:16:05.241000	0.135	0.141559	0.139487	128.055	-669.898	27.3973	6	4	4	4	547.42	573.891	53.8108	12.2135	10.2788	2.47615	7.55281	39.305	14.9646	93.192	1	1	1	1	1	0	0	0
12.08.2015 03:16:05.341000	0.135	0.141559	0.139487	128.055	-669.898	27.3996	6	4	4	4	481.4	600.851	54.0913	13.3662	11.4316	2.71628	7.54951	38.8457	14.5743	92.9305	1	1	1	1	1	0	0	0
12.08.2015 03:16:05.441000	0.135	0.141559	0.139487	128.055	-669.898	27.3976	6	4	4	4	595.979	629.004	54.3952	14.67	12.7353	2.93981	7.54647	38.5015	14.1902	93.0831	1	1	1	1	1	0	0	0
12.08.2015 03:16:05.541000	0.135	0.141559	0.139487	128.055	-669.898	27.3985	6	4	4	4	644.896	658.353	54.7225	15.9235	13.9888	3.24081	7.45657	38.1766	13.8977	92.959	1	1	1	1	1	0	0	0
12.08.2015 03:16:05.641000	0.135	0.141559	0.139487	128.055	-669.898	27.3976	6	4	4	4	624.257	688.901	55.0727	17.0861	15.1514	3.44509	7.4284	37.8806	13.6656	92.7143	1	1	1	1	1	0	0	0
12.08.2015 03:16:05.741000	0.135	0.141559	0.139487	128.055	-669.898	27.4007	6	4	4	4	611.887	720.648	55.4413	18.3198	16.3851	3.67133	7.37102	37.6409	13.4696	92.5467	1	1	1	1	1	0	0	0
12.08.2015 03:16:05.841000	0.135	0.141559	0.139487	128.057	-669.898	27.4027	6	4	4	4	641.823	753.593	55.8387	19.7576	17.8229	3.92576	7.43035	37.4665	13.3028	92.5182	1	1	1	1	1	0	0	0
12.08.2015 03:16:05.941000	0.135	0.141559	0.139487	128.059	-669.898	27.4056	6	4	4	4	679.906	787.736	56.2616	21.3163	19.3817	4.20975	7.47017	37.3924	13.2422	92.4661	1	1	1	1	1	0	0	0
12.08.2015 03:16:06.041000	0.135	0.141559	0.139487	128.055	-669.898	27.4049	6	4	4	4	751.993	823.075	56.7112	23.0079	21.0732	4.46869	7.42205	37.4778	13.3566	92.3551	1	1	1	1	1	0	0	0
12.08.2015 03:16:06.141000	0.135	0.141559	0.139487	128.055	-669.898	27.4045	6	4	4	4	711.403	859.614	57.1902	24.7477	22.813	4.79927	7.34153	37.7279	13.6416	92.2217	1	1	1	1	1	0	0	0
12.08.2015 03:16:06.241000	0.135	0.141559	0.139487	128.055	-669.898	27.4045	6	4	4	4	1021.11	325.692	57.8259	26.0197	1.66598	14.2109	7.35723	48.3754	14.6037	129.305	1	1	1	1	1	0.93	0	0.93
12.08.2015 03:16:06.341000	0.135	0.141559	0.139487	128.055	-669.898	27.4078	6	4	4	4	2533.92	284	61.7172	26.0412	0	83.6626	6.94949	103.186	11.5778	350.751	1	1	1	1	1	1	0.69	1
12.08.2015 03:16:06.441000	0.135	0.141559	0.139487	128.081	-669.924	27.4063	6	4	4	4	369.046	284	62.1774	26.0412	0	82.6826	4.68648	107.876	0.781762	410.043	1	1	1	1	1	1	1	1
12.08.2015 03:16:06.541000	0.135	0.141559	0.14159	128.004	-669.883	26.046	6	4	4	4	8.28795	284	62.1774	26.0412	0	82.6826	3.00634	126.367	0.649068	481.347	1	1	1	1	1	1	1	1
12.08.2015 03:16:06.641000	0.135	0.141559	0.139487	128.008	-669.94	21.2142	6	4	4	4	1.56464	284	62.1774	11.979	0	82.6826	2.1519	140.941	0.650166	537.145	1	1	1	1	1	1	1	0.46
12.08.2015 03:16:06.741000	0.135	0.141559	0.139487	128.012	-669.945	16.8327	6	4	4	4	0.388938	284	62.1774	0	0	82.6826	1.57162	143.494	0.577532	547.2	1	1	1	1	1	1	1	0
12.08.2015 03:16:06.841000	0.135	0.141559	0.139487	128.005	-669.951	14.2752	6	4	4	4	0.27466	284	62.1774	0	0	82.6826	1.1637	142.566	0.626728	543.459	1	1	1	1	1	1	1	0
12.08.2015 03:16:06.941000	0.135	0.141559	0.139487	128	-669.953	11.4019	6	4	4	4	0.280805	284	62.1774	0	0	82.6826	0.957784	142.442	0.6086	543.052	1	1	1	1	1	1	1	0
12.08.2015 03:16:07.041000	0.135	0.141559	0.139487	127.997	-669.953	8.83789	6	4	4	4	0.277587	284	62.1774	0	0	82.6826	0.821021	142.335	0.600787	542.673	1	1	1	1	1	1	1	0
12.08.2015 03:16:07.141000	0.135	0.141559	0.139487	127.926	-669.949	7.61936	6	4	4	4	0.276852	284	62.1774	0	0	82.6826	0.692831	142.261	0.608539	542.361	1	1	1	1	1	1	1	0
12.08.2015 03:16:07.241000	0.135	0.141559	0.139487	127.906	-669.951	6.3444	6	4	4	4	0.297477	284	62.1774	0	0	82.6826	0.607726	142.203	0.616169	542.107	1	1	1	1	1	1	1	0
12.08.2015 03:16:07.341000	0.135	0.141559	0.139487	127.898	-669.957	5.49099	6	4	4	4	0.295769	284	62.1774	0	0	27.3519	0.547794	142.141	0.611957	541.887	1	1	1	1	1	1	1	0
12.08.2015 03:16:07.441000	0.135	0.141559	0.139487	127.898	-669.951	4.52221	6	4	4	4	0.291123	284	62.1774	0	0	0.0993925	0.504094	142.089	0.623859	541.64	1	1	1	1	1	1	1	0
12.08.2015 03:16:07.541000	0.135	0.141559	0.139487	127.898	-669.953	3.99251	6	4	4	4	0.296579	284	62.1774	0	0	0.0993925	0.457422	142.038	0.618915	541.467	1	1	1	1	1	1	1	0
12.08.2015 03:16:07.641000	0.135	0.141559	0.139487	127.898	-669.953	3.5395	6	4	4	4	0.258875	284	62.1774	0	0	0.0993925	0.423546	141.992	0.617573	541.295	1	1	1	1	1	1	1	0
12.08.2015 03:16:07.741000	0.135	0.141559	0.139487	127.898	-669.953	2.88628	6	4	4	4	0.259474	284	62.1774	0	0	0.0993925	0.397989	141.945	0.614032	541.126	1	1	1	1	1	1	1	0
12.08.2015 03:16:07.841000	0.135	0.141559	0.139487	127.896	-669.953	1.89272	6	4	4	4	0.242244	284	62.1774	0	0	0.0993925	0.377047	141.901	0.613422	540.96	1	1	1	1	1	1	1	0
12.08.2015 03:16:07.941000	0.135	0.141559	0.139487	127.898	-669.953	0.441081	6	4	4	4	0.25391	284	62.1774	0	0	0.0993925	0.351259	141.856	0.612934	540.792	1	1	1	1	1	1	1	0
12.08.2015 03:16:08.041000	0.135	0.141559	0.139487	127.898	-669.953	0.164207	6	4	4	4	0.249756	284	62.1774	0	0	0.0993925	0.33491	141.811	0.605304	540.647	1	1	1	1	1	1	1	0
12.08.2015 03:16:08.141000	0.135	0.141559	0.139487	127.898	-669.953	0.133464	6	4	4	4	0.264709	284	62.1774	0	0	0.0993925	0.321477	141.77	0.607929	540.483	1	1	1	1	1	1	1	0
12.08.2015 03:16:08.241000	0.135	0.141559	0.139487	127.898	-669.953	0.114294	6	4	4	4	0.284821	284	62.1774	0	0	0.0993925	0.306706	141.731	0.607135	540.333	1	1	1	1	1	1	1	0
12.08.2015 03:16:08.341000	0.135	0.141559	0.139487	127.898	-669.953	0.103624	6	4	4	4	0.283597	284	62.1774	0	0	0.0337934	0.293106	141.695	0.605853	540.203	1	1	1	1	1	1	1	0
12.08.2015 03:16:08.441000	0.135	0.141559	0.139487	127.898	-669.953	0.0875289	6	4	4	4	0.254113	284	62.1774	0	0	0	0.283478	141.659	0.605243	540.068	1	1	1	1	1	1	1	0
12.08.2015 03:16:08.541000	0.135	0.141559	0.139487	127.898	-669.953	0.0737847	6	4	4	4	0.291856	284	62.1774	0	0	0	0.276425	141.618	0.601154	539.926	1	1	1	1	1	1	1	0
12.08.2015 03:16:08.641000	0.135	0.141559	0.139487	127.875	-669.953	0.0614873	6	4	4	4	0.273394	284	62.1774	0	0	0	0.272844	141.579	0.60213	539.773	1	1	1	1	1	1	1	0
12.08.2015 03:16:08.741000	0.135	0.141559	0.139487	127.867	-669.941	0.0526259	6	4	4	4	0.268271	284	62.1774	0	0	0	0.273438	141.542	0.603107	539.626	1	1	1	1	1	1	1	0
12.08.2015 03:16:08.841000	0.135	0.141559	0.139487	127.859	-669.76	0.0434028	6	4	4	4	0.260945	284	62.1774	0	0	0	0.275145	141.508	0.615375	539.451	1	1	1	1	1	1	1	0
12.08.2015 03:16:08.941000	0.135	0.141559	0.139487	127.898	-668.766	0.0341797	6	4	4	4	0.239439	284	62.1774	0	0	0	0.274899	141.471	0.617695	539.298	1	1	1	1	1	1	1	0
12.08.2015 03:16:09.041000	0.135	0.141559	0.139487	127.927	-661.357	0.0296586	6	4	4	4	0.242574	284	62.1774	0	0	0	0.276888	141.435	0.622395	539.144	1	1	1	1	1	1	1	0
12.08.2015 03:16:09.141000	0.135	0.141559	0.139487	127.926	-636.406	0.0271267	6	4	4	4	0.250956	284	62.1774	0	0	0	0.276476	141.402	0.621418	539.019	1	1	1	1	1	1	1	0
12.08.2015 03:16:09.241000	0.135	0.141559	0.139487	127.93	-608.128	0.0213397	6	4	4	4	0.241215	284	62.1774	0	0	0	0.277626	141.371	0.619709	538.909	1	1	1	1	1	1	1	0
12.08.2015 03:16:09.341000	0.135	0.141559	0.139487	127.93	-582.859	0.0184462	6	4	4	4	0.265028	284	62.1774	0	0	0	0.276194	141.338	0.619648	538.781	1	1	1	1	1	1	1	0
12.08.2015 03:16:09.441000	0.135	0.141559	0.139487	127.93	-551.448	0.0169994	6	4	4	4	0.278629	284	62.1774	0	0	0	0.27649	141.302	0.619282	538.645	1	1	1	1	1	1	1	0
12.08.2015 03:16:09.541000	0.135	0.141559	0.139487	127.93	-500.172	0.0168186	6	4	4	4	0.273217	284	62.1774	0	0	0	0.27474	141.27	0.620258	538.521	1	1	1	1	1	1	1	0
12.08.2015 03:16:09.641000	0.135	0.141559	0.139487	127.93	-459.883	0.0126591	6	4	4	4	0.285276	284	62.1774	0	0	0	0.275043	141.239	0.618305	538.409	1	1	1	1	1	1	1	0
12.08.2015 03:16:09.741000	0.135	0.141559	0.139487	127.93	-417.863	0.0130208	6	4	4	4	0.28154	284	62.1774	0	0	0	0.274725	141.208	0.618122	538.289	1	1	1	1	1	1	1	0
12.08.2015 03:16:09.841000	0.135	0.141559	0.139487	127.93	-370.333	0.0130208	6	4	4	4	0.269531	284	62.1774	0	0	0	0.2739	141.247	0.620197	538.431	1	1	1	1	1	1	1	0
12.08.2015 03:16:09.941000	0.135	0.141559	0.139487	127.93	-316.797	0.0130208	6	4	4	4	0.272154	284	62.1774	0	0	0	0.275	141.137	0.619953	538.011	1	1	1	1	1	1	1	0
12.08.2015 03:16:10.041000	0.135	0.141559	0.139487	127.93	-274.385	0.010489	6	4	4	4	0.25264	284	62.1774	0	0	0	0.273618	141.109	0.619526	537.906	1	1	1	1	1	1	1	0
12.08.2015 03:16:10.141000	0.135	0.141559	0.139487	127.922	-232.805	0.0108507	6	4	4	4	0.233416	284	62.1774	0	0	0	0.273148	141.078	0.621967	537.777	1	1	1	1	1	1	1	0
12.08.2015 03:16:10.241000	0.135	0.141559	0.139487	127.927	-180.021	0.00940394	6	4	4	4	0.238931	284	62.1774	0	0	0	0.270276	141.051	0.622639	537.67	1	1	1	1	1	1	1	0
12.08.2015 03:16:10.341000	0.135	0.141559	0.139487	127.93	-132.813	0.0108507	6	4	4	4	0.242146	284	62.1774	0	0	0	0.270262	141.016	0.62331	537.536	1	1	1	1	1	1	1	0
12.08.2015 03:16:10.441000	0.135	0.141559	0.139487	127.93	-91.3333	0.0101273	6	4	4	4	0.254213	284	62.1774	0	0	0	0.267954	140.986	0.622883	537.422	1	1	1	1	1	1	1	0
12.08.2015 03:16:10.541000	0.135	0.141559	0.139487	127.93	-49.8906	0.0130208	6	4	4	4	0.261255	284	62.1774	0	0	0	0.267527	140.955	0.622272	537.306	1	1	1	1	1	1	1	0
12.08.2015 03:16:10.641000	0.135	0.141559	0.139487	127.93	2.96094	0.0122975	6	4	4	4	0.263966	284	62.1774	0	0	0	0.265762	140.929	0.621784	537.207	1	1	1	1	1	1	1	0
12.08.2015 03:16:10.741000	0.135	0.141559	0.139487	127.93	49.4141	0.0124783	6	4	4	4	0.273283	284	62.1774	0	0	0	0.266356	140.898	0.62215	537.089	1	1	1	1	1	1	1	0
12.08.2015 03:16:10.841000	0.135	0.141559	0.139487	127.93	90.5677	0.0126591	6	4	4	4	0.276065	284	62.1774	0	0	0	0.266045	140.873	0.620991	536.996	1	1	1	1	1	1	1	0
12.08.2015 03:16:10.941000	0.135	0.141559	0.139487	127.93	132.109	0.0130208	6	4	4	4	0.26953	284	62.1774	0	0	0	0.265922	140.84	0.625996	536.85	1	1	1	1	1	1	1	0
12.08.2015 03:16:11.041000	0.135	0.141559	0.139487	127.93	189.708	0.0141059	6	4	4	4	0.256883	284	62.1774	0	0	0	0.267911	140.808	0.629048	536.717	1	1	1	1	1	1	1	0
12.08.2015 03:16:11.141000	0.135	0.141559	0.139487	127.93	230.633	0.0130208	6	4	4	4	0.265445	284	62.1774	0	0	0	0.268092	140.78	0.631611	536.602	1	1	1	1	1	1	1	0
12.08.2015 03:16:11.241000	0.135	0.141559	0.139487	127.93	271.526	0.0115741	6	4	4	4	0.258878	284	62.1774	0	0	0	0.269806	140.756	0.629353	536.515	1	1	1	1	1	1	1	0
12.08.2015 03:16:11.341000	0.135	0.141559	0.139487	127.93	320.637	0.00976563	6	4	4	4	0.25803	284	62.1774	0	0	0	0.269379	140.73	0.621723	536.448	1	1	1	1	1	1	1	0
12.08.2015 03:16:11.441000	0.135	0.141559	0.139487	127.93	369.893	0.00904225	6	4	4	4	0.262163	284	62.1774	0	0	0	0.271405	140.705	0.623066	536.346	1	1	1	1	1	1	1	0
12.08.2015 03:16:11.541000	0.135	0.141559	0.139487	127.93	411.031	0.00868056	6	4	4	4	0.240195	284	62.1774	0	0	0	0.27011	140.675	0.625202	536.221	1	1	1	1	1	1	1	0
12.08.2015 03:16:11.641000	0.135	0.141559	0.139487	127.93	451.633	0.00795718	6	4	4	4	0.244248	284	62.1774	0	0	0	0.26985	140.643	0.627461	536.093	1	1	1	1	1	1	1	0
12.08.2015 03:16:11.741000	0.135	0.141559	0.139487	127.93	509.055	0.00759549	6	4	4	4	0.265164	284	62.1774	0	0	0	0.268938	140.617	0.625629	535.998	1	1	1	1	1	1	1	0
12.08.2015 03:16:11.841000	0.135	0.141559	0.139487	127.932	549.786	0.00614873	6	4	4	4	0.268909	284	62.1774	0	0	0	0.268685	140.593	0.625202	535.91	1	1	1	1	1	1	1	0
12.08.2015 03:16:11.941000	0.135	0.141559	0.139487	127.93	585.277	0.00488281	6	4	4	4	0.238354	284	62.1774	0	0	0	0.268077	140.567	0.623554	535.815	1	1	1	1	1	1	1	0
12.08.2015 03:16:12.041000	0.135	0.141559	0.139487	127.93	617.552	0.00397859	6	4	4	4	0.264422	284	62.1774	0	0	0	0.266949	140.54	0.624897	535.706	1	1	1	1	1	1	1	0
12.08.2015 03:16:12.141000	0.135	0.141559	0.139487	127.93	646.664	0.0016276	6	4	4	4	0.262785	284	62.1774	0	0	0	0.267347	140.514	0.624287	535.611	1	1	1	1	1	1	1	0
12.08.2015 03:16:12.241000	0.135	0.141559	0.139487	127.93	662.521	0.00144676	6	4	4	4	0.247033	284	62.1774	0	0	0	0.266508	140.49	0.624958	535.514	1	1	1	1	1	1	1	0
12.08.2015 03:16:12.341000	0.135	0.141559	0.139487	127.93	671.234	0.000542535	6	4	4	4	0.246511	284	62.1774	0	0	0	0.267788	140.465	0.62862	535.407	1	1	1	1	1	1	1	0
12.08.2015 03:16:12.441000	0.135	0.141559	0.139487	127.94	673.992	0.00072338	6	4	4	4	0.258733	284	62.1774	0	0	0	0.267209	140.439	0.628254	535.308	1	1	1	1	1	1	1	0
12.08.2015 03:16:12.541000	0.135	0.141559	0.139487	127.945	675.086	0.0016276	6	4	4	4	0.269386	284	62.1774	0	0	0	0.268945	140.412	0.629048	535.203	1	1	1	1	1	1	1	0
12.08.2015 03:16:12.641000	0.135	0.141559	0.139487	127.945	675.07	0.00072338	6	4	4	4	0.292075	284	62.1774	0	0	0	0.268656	140.388	0.630696	535.101	1	1	1	1	1	1	1	0
12.08.2015 03:16:12.741000	0.135	0.141559	0.139487	127.945	675.074	0.00217014	6	4	4	4	0.268134	284	62.1774	0	0	0	0.269676	140.38	0.627644	535.082	1	1	1	1	1	1	1	0
12.08.2015 03:16:12.841000	0.135	0.141559	0.139487	127.924	675.057	0.00325521	6	4	4	4	0.266518	284	62.1774	0	0	0	0.270233	140.339	0.629475	534.919	1	1	1	1	1	1	1	0
12.08.2015 03:16:12.941000	0.135	0.141559	0.139487	127.883	675.086	0.00488281	6	4	4	4	0.279946	284	62.1774	0	0	0	0.270276	140.295	0.62917	534.753	1	1	1	1	1	1	1	0
12.08.2015 03:16:13.041000	0.135	0.141559	0.139487	127.878	675.122	0.00506366	6	4	4	4	0.25973	284	62.1774	0	0	0	0.269661	140.31	0.635151	534.788	1	1	1	1	1	1	1	0
12.08.2015 03:16:13.141000	0.135	0.141559	0.139487	127.875	675.113	0.00651042	6	4	4	4	0.249835	284	62.1774	0	0	0	0.269112	140.272	0.625568	534.677	1	1	1	1	1	1	1	0
12.08.2015 03:16:13.241000	0.135	0.141559	0.139487	127.875	675.083	0.00651042	6	4	4	4	0.266005	284	62.1774	0	0	0	0.269951	140.245	0.622761	534.587	1	1	1	1	1	1	1	0
12.08.2015 03:16:13.341000	0.135	0.141559	0.139487	127.875	675.098	0.00651042	6	4	4	4	0.270106	284	62.1774	0	0	0	0.267679	140.223	0.623859	534.498	1	1	1	1	1	1	1	0
12.08.2015 03:16:13.441000	0.135	0.141559	0.139487	127.883	675.044	0.00470197	6	4	4	4	0.244246	284	62.1774	0	0	0	0.267658	140.197	0.622761	534.402	1	1	1	1	1	1	1	0
12.08.2015 03:16:13.541000	0.135	0.141559	0.139487	127.883	675.078	0.00271267	6	4	4	4	0.243347	284	62.1774	0	0	0	0.265922	140.175	0.625996	534.304	1	1	1	1	1	1	1	0
12.08.2015 03:16:13.641000	0.135	0.141559	0.139487	127.883	675.049	0.00434028	6	4	4	4	0.263079	284	62.1774	0	0	0	0.266211	140.148	0.627033	534.199	1	1	1	1	1	1	1	0
12.08.2015 03:16:13.741000	0.135	0.141559	0.139487	127.883	675.063	0.00434028	6	4	4	4	0.258433	284	62.1774	0	0	0	0.264185	140.122	0.625141	534.106	1	1	1	1	1	1	1	0
12.08.2015 03:16:13.841000	0.135	0.141559	0.139487	127.88	675.073	0.00578704	6	4	4	4	0.260961	284	62.1774	0	0	0	0.26305	140.103	0.625202	534.034	1	1	1	1	1	1	1	0
12.08.2015 03:16:13.941000	0.135	0.141559	0.139487	127.879	675.133	0.00705295	6	4	4	4	0.261516	284	62.1774	0	0	0	0.262001	140.081	0.626667	533.942	1	1	1	1	1	1	1	0
12.08.2015 03:16:14.041000	0.135	0.141559	0.139487	127.883	675.049	0.00795718	6	4	4	4	0.25652	284	62.1774	0	0	0	0.26088	140.057	0.627766	533.848	1	1	1	1	1	1	1	0
12.08.2015 03:16:14.141000	0.135	0.141559	0.139487	127.887	675.066	0.0103082	6	4	4	4	0.2609	284	62.1774	0	0	0	0.259266	140.032	0.629414	533.745	1	1	1	1	1	1	1	0
12.08.2015 03:16:14.241000	0.135	0.141559	0.139487	127.883	675.172	0.00940394	6	4	4	4	0.269404	284	62.1774	0	0	0	0.257263	140.008	0.632344	533.641	1	1	1	1	1	1	1	0
12.08.2015 03:16:14.341000	0.135	0.141559	0.139487	127.891	675.148	0.00868056	6	4	4	4	0.282926	284	62.1774	0	0	0	0.257935	139.985	0.629963	533.564	1	1	1	1	1	1	1	0
12.08.2015 03:16:14.441000	0.135	0.141559	0.139487	127.885	675.125	0.00831887	6	4	4	4	0.274257	284	62.1774	0	0	0	0.256532	139.962	0.632038	533.467	1	1	1	1	1	1	1	0
12.08.2015 03:16:14.541000	0.135	0.141559	0.139487	127.891	675.113	0.00705295	6	4	4	4	0.273247	284	62.1774	0	0	0	0.257509	139.939	0.632405	533.376	1	1	1	1	1	1	1	0
12.08.2015 03:16:14.641000	0.135	0.141559	0.139487	127.891	675.091	0.00614873	6	4	4	4	0.272325	284	62.1774	0	0	0	0.257516	139.914	0.635456	533.271	1	1	1	1	1	1	1	0
12.08.2015 03:16:14.741000	0.135	0.141559	0.139487	127.891	675.086	0.00651042	6	4	4	4	0.281194	284	62.1774	0	0	0	0.260684	139.893	0.637715	533.181	1	1	1	1	1	1	1	0
12.08.2015 03:16:14.841000	0.135	0.141559	0.139487	127.888	675.068	0.00651042	6	4	4	4	0.253039	284	62.1774	0	0	0	0.261263	139.871	0.632527	533.116	1	1	1	1	1	1	1	0
12.08.2015 03:16:14.941000	0.135	0.141559	0.139487	127.891	675.055	0.00651042	6	4	4	4	0.255419	284	62.1774	0	0	0	0.265589	139.851	0.628803	533.053	1	1	1	1	1	1	1	0
12.08.2015 03:16:15.041000	0.135	0.141559	0.139487	127.891	675.055	0.00759549	6	4	4	4	0.283135	284	62.1774	0	0	0	0.268764	139.824	0.628498	532.953	1	1	1	1	1	1	1	0
12.08.2015 03:16:15.141000	0.135	0.141559	0.139487	127.891	675.047	0.00705295	6	4	4	4	0.263345	284	62.1774	0	0	0	0.272114	139.808	0.627522	532.893	1	1	1	1	1	1	1	0
12.08.2015 03:16:15.241000	0.135	0.141559	0.139487	127.891	675.047	0.0072338	6	4	4	4	0.292986	284	62.1774	0	0	0	0.27555	139.787	0.627827	532.813	1	1	1	1	1	1	1	0
12.08.2015 03:16:15.341000	0.135	0.141559	0.139487	127.891	675.051	0.00596788	6	4	4	4	0.280135	284	62.1774	0	0	0	0.278776	139.758	0.631084	532.693	1	1	1	1	1	1	1	0
12.08.2015 03:16:15.441000	0.135	0.141559	0.139487	127.891	675.047	0.00759549	6	4	4	4	0.275697	284	62.1774	0	0	0	0.282263	139.738	0.627793	532.634	1	1	1	1	1	1	1	0
12.08.2015 03:16:15.541000	0.135	0.141559	0.139487	127.891	675.039	0.00651042	6	4	4	4	0.279794	284	62.1774	0	0	0	0.283131	139.716	0.627888	532.548	1	1	1	1	1	1	1	0
12.08.2015 03:16:15.641000	0.135	0.141559	0.139487	127.891	675.049	0.00904225	6	4	4	4	0.277183	284	62.1774	0	0	0	0.286314	139.698	0.627644	532.471	1	1	1	1	1	1	1	0
12.08.2015 03:16:15.741000	0.135	0.141559	0.139487	127.891	675.047	0.00813802	6	4	4	4	0.291074	284	62.1774	0	0	0	0.287037	139.672	0.630696	532.363	1	1	1	1	1	1	1	0
12.08.2015 03:16:15.841000	0.135	0.141559	0.139487	127.891	675.034	0.00868056	6	4	4	4	0.26151	284	62.1774	0	0	0	0.288484	139.649	0.629292	532.28	1	1	1	1	1	1	1	0
12.08.2015 03:16:15.941000	0.135	0.141559	0.139487	127.891	675.023	0.00651042	6	4	4	4	0.261745	284	62.1774	0	0	0	0.287616	139.628	0.631611	532.19	1	1	1	1	1	1	1	0
12.08.2015 03:16:16.041000	0.135	0.141559	0.139487	127.891	675.023	0.00651042	6	4	4	4	0.241007	284	62.1774	0	0	0	0.287616	139.609	0.632466	532.115	1	1	1	1	1	1	1	0
12.08.2015 03:16:16.141000	0.135	0.141559	0.139487	127.891	675.023	0.00651042	6	4	4	4	0.279486	284	62.1774	0	0	0	0.286458	139.588	0.634358	532.027	1	1	1	1	1	1	1	0
12.08.2015 03:16:16.241000	0.135	0.141559	0.139487	127.891	675.023	0.00687211	6	4	4	4	0.290662	284	62.1774	0	0	0	0.284722	139.564	0.638813	531.916	1	1	1	1	1	1	1	0
12.08.2015 03:16:16.341000	0.135	0.141559	0.139487	127.891	675.02	0.00596788	6	4	4	4	0.268261	284	62.1774	0	0	0	0.283131	139.545	0.632221	531.868	1	1	1	1	1	1	1	0
12.08.2015 03:16:16.441000	0.135	0.141559	0.139487	127.891	675.018	0.00578704	6	4	4	4	0.247918	284	62.1774	0	0	0	0.281395	139.523	0.630329	531.794	1	1	1	1	1	1	1	0
12.08.2015 03:16:16.541000	0.135	0.141559	0.139487	127.891	675.016	0.00651042	6	4	4	4	0.256274	284	62.1774	0	0	0	0.280816	139.504	0.630268	531.721	1	1	1	1	1	1	1	0
12.08.2015 03:16:16.641000	0.135	0.141559	0.139487	127.891	675.01	0.00651042	6	4	4	4	0.251469	284	62.1774	0	0	0	0.27908	139.486	0.630879	531.648	1	1	1	1	1	1	1	0
12.08.2015 03:16:16.741000	0.135	0.141559	0.139487	127.891	675	0.00651042	6	4	4	4	0.282867	284	62.1774	0	0	0	0.279225	139.463	0.631367	531.559	1	1	1	1	1	1	1	0
12.08.2015 03:16:16.841000	0.135	0.141559	0.139487	127.891	675	0.00868056	6	4	4	4	0.273328	284	62.1774	0	0	0	0.277778	139.44	0.632038	531.469	1	1	1	1	1	1	1	0
12.08.2015 03:16:16.941000	0.135	0.141559	0.139487	127.891	675	0.00596788	6	4	4	4	0.272209	284	62.1774	0	0	0	0.278935	139.417	0.632221	531.38	1	1	1	1	1	1	1	0
12.08.2015 03:16:17.041000	0.135	0.141559	0.139487	127.891	675	0.00578704	6	4	4	4	0.274488	284	62.1774	0	0	0	0.278356	139.398	0.635212	531.295	1	1	1	1	1	1	1	0
12.08.2015 03:16:17.141000	0.135	0.141559	0.139487	127.891	675	0.00759549	6	4	4	4	0.274738	284	62.1774	0	0	0	0.280237	139.377	0.633442	531.223	1	1	1	1	1	1	1	0
12.08.2015 03:16:17.241000	0.135	0.141559	0.139487	127.891	674.987	0.00614873	6	4	4	4	0.269106	284	62.1774	0	0	0	0.281395	139.357	0.633747	531.142	1	1	1	1	1	1	1	0
12.08.2015 03:16:17.341000	0.135	0.141559	0.139487	127.891	674.984	0.00759549	6	4	4	4	0.255738	284	62.1774	0	0	0	0.282407	139.335	0.634419	531.059	1	1	1	1	1	1	1	0
12.08.2015 03:16:17.441000	0.135	0.141559	0.139487	127.891	674.984	0.00651042	6	4	4	4	0.296023	284	62.1774	0	0	0	0.284144	139.313	0.635945	530.968	1	1	1	1	1	1	1	0
12.08.2015 03:16:17.541000	0.135	0.141559	0.139487	127.891	674.984	0.00596788	6	4	4	4	0.300754	284	62.1774	0	0	0	0.284867	139.294	0.634846	530.9	1	1	1	1	1	1	1	0
12.08.2015 03:16:17.641000	0.135	0.141559	0.139487	127.891	675.016	0.00542535	6	4	4	4	0.286251	284	62.1774	0	0	0	0.287471	139.274	0.639973	530.803	1	1	1	1	1	1	1	0
12.08.2015 03:16:17.741000	0.135	0.141559	0.139487	127.891	675.02	0.00596788	6	4	4	4	0.256452	284	62.1774	0	0	0	0.287616	139.261	0.638203	530.759	1	1	1	1	1	1	1	0
12.08.2015 03:16:17.841000	0.135	0.141559	0.139487	127.891	675.013	0.00651042	6	4	4	4	0.250778	284	62.1774	0	0	0	0.288773	139.241	0.637226	530.685	1	1	1	1	1	1	1	0
12.08.2015 03:16:17.941000	0.135	0.141559	0.139487	127.891	675.016	0.00651042	6	4	4	4	0.278359	284	62.1774	0	0	0	0.289207	139.219	0.633076	530.617	1	1	1	1	1	1	1	0
12.08.2015 03:16:18.041000	0.135	0.141559	0.139487	127.891	675.023	0.00614873	6	4	4	4	0.290393	284	62.1774	0	0	0	0.290654	139.198	0.633259	530.538	1	1	1	1	1	1	1	0
12.08.2015 03:16:18.141000	0.135	0.141559	0.139487	127.891	675.023	0.00488281	6	4	4	4	0.304878	284	62.1774	0	0	0	0.290365	139.18	0.636128	530.456	1	1	1	1	1	1	1	0
12.08.2015 03:16:18.241000	0.135	0.141559	0.139487	127.891	675.034	0.00217014	6	4	4	4	0.276789	284	62.1774	0	0	0	0.291233	139.16	0.636006	530.381	1	1	1	1	1	1	1	0
12.08.2015 03:16:18.341000	0.135	0.141559	0.139487	127.891	675.035	0.00217014	6	4	4	4	0.269672	284	62.1774	0	0	0	0.292101	139.139	0.637654	530.293	1	1	1	1	1	1	1	0
12.08.2015 03:16:18.441000	0.135	0.141559	0.139487	127.891	675.031	0.00289352	6	4	4	4	0.284684	284	62.1774	0	0	0	0.292679	139.121	0.635823	530.232	1	1	1	1	1	1	1	0
12.08.2015 03:16:18.541000	0.135	0.141559	0.139487	127.891	675.039	0.00217014	6	4	4	4	0.27517	284	62.1774	0	0	0	0.293113	139.101	0.635456	530.156	1	1	1	1	1	1	1	0
12.08.2015 03:16:18.641000	0.135	0.141559	0.139487	127.891	675.026	0.00144676	6	4	4	4	0.268755	284	62.1774	0	0	0	0.293113	139.079	0.635212	530.075	1	1	1	1	1	1	1	0
12.08.2015 03:16:18.741000	0.135	0.141559	0.139487	127.891	675.047	0.00108507	6	4	4	4	0.274262	284	62.1774	0	0	0	0.294416	139.061	0.638142	529.992	1	1	1	1	1	1	1	0
12.08.2015 03:16:18.841000	0.135	0.141559	0.139487	127.891	675.049	0.00253183	6	4	4	4	0.288724	284	62.1774	0	0	0	0.293837	139.041	0.641133	529.906	1	1	1	1	1	1	1	0
12.08.2015 03:16:18.941000	0.135	0.141559	0.139487	127.891	675.055	0.00325521	6	4	4	4	0.292742	284	62.1774	0	0	0	0.294705	139.022	0.644551	529.819	1	1	1	1	1	1	1	0
12.08.2015 03:16:19.041000	0.135	0.141559	0.139487	127.891	675.055	0.00289352	6	4	4	4	0.269242	284	62.1774	0	0	0	0.294705	139.003	0.645283	529.744	1	1	1	1	1	1	1	0
12.08.2015 03:16:19.141000	0.135	0.141559	0.139487	127.891	675.063	0.00488281	6	4	4	4	0.253895	284	62.1774	0	0	0	0.295862	138.986	0.638508	529.706	1	1	1	1	1	1	1	0
12.08.2015 03:16:19.241000	0.135	0.141559	0.139487	127.891	675.086	0.00614873	6	4	4	4	0.264585	284	62.1774	0	0	0	0.295284	138.962	0.636067	529.624	1	1	1	1	1	1	1	0
12.08.2015 03:16:19.341000	0.135	0.141559	0.139487	127.883	675.055	0.00434028	6	4	4	4	0.292221	284	62.1774	0	0	0	0.295718	138.953	0.632832	529.6	1	1	1	1	1	1	1	0
12.08.2015 03:16:19.441000	0.135	0.141559	0.139487	127.878	675.091	0.00651042	6	4	4	4	0.291979	284	62.1774	0	0	0	0.296296	138.934	0.636494	529.514	1	1	1	1	1	1	1	0
12.08.2015 03:16:19.541000	0.135	0.141559	0.139487	127.875	675.094	0.00651042	6	4	4	4	0.27557	284	62.1774	0	0	0	0.297164	138.914	0.635395	529.441	1	1	1	1	1	1	1	0
12.08.2015 03:16:19.641000	0.135	0.141559	0.139487	127.875	675.078	0.00614873	6	4	4	4	0.274458	284	62.1774	0	0	0	0.297454	138.897	0.633564	529.384	1	1	1	1	1	1	1	0
12.08.2015 03:16:19.741000	0.135	0.141559	0.139487	127.879	675.09	0.00596788	6	4	4	4	0.270197	284	62.1774	0	0	0	0.297598	138.877	0.636433	529.295	1	1	1	1	1	1	1	0
12.08.2015 03:16:19.841000	0.135	0.141559	0.139487	127.878	675.081	0.00614873	6	4	4	4	0.274629	284	62.1774	0	0	0	0.298756	138.854	0.637532	529.204	1	1	1	1	1	1	1	0
12.08.2015 03:16:19.941000	0.135	0.141559	0.139487	127.875	675.086	0.00596788	6	4	4	4	0.251533	284	62.1774	0	0	0	0.297743	138.84	0.634053	529.163	1	1	1	1	1	1	1	0
12.08.2015 03:16:20.041000	0.135	0.141559	0.139487	127.875	675.138	0.00506366	6	4	4	4	0.235951	284	62.1774	0	0	0	0.2989	138.825	0.635823	529.098	1	1	1	1	1	1	1	0
12.08.2015 03:16:20.141000	0.135	0.141559	0.139487	127.871	675.121	0.00325521	6	4	4	4	0.28739	284	62.1774	0	0	0	0.29919	138.797	0.639241	528.978	1	1	1	1	1	1	1	0
12.08.2015 03:16:20.241000	0.135	0.141559	0.139487	127.875	675.112	0.00289352	6	4	4	4	0.319349	284	62.1774	0	0	0	0.300637	138.785	0.641133	528.925	1	1	1	1	1	1	1	0
12.08.2015 03:16:20.341000	0.135	0.141559	0.139487	127.875	675.133	0.00271267	6	4	4	4	0.298721	284	62.1774	0	0	0	0.299769	138.766	0.642415	528.846	1	1	1	1	1	1	1	0
12.08.2015 03:16:20.441000	0.135	0.141559	0.139487	127.878	675.128	0.00253183	6	4	4	4	0.276607	284	62.1774	0	0	0	0.300347	138.752	0.641499	528.799	1	1	1	1	1	1	1	0
12.08.2015 03:16:20.541000	0.135	0.141559	0.139487	127.875	675.145	0.00325521	6	4	4	4	0.263602	284	62.1774	0	0	0	0.301505	138.732	0.635395	528.745	1	1	1	1	1	1	1	0
12.08.2015 03:16:20.641000	0.135	0.141559	0.139487	127.875	675.128	0.00217014	6	4	4	4	0.26437	284	62.1774	0	0	0	0.301215	138.719	0.637898	528.683	1	1	1	1	1	1	1	0
12.08.2015 03:16:20.741000	0.135	0.141559	0.139487	127.875	675.125	0.00108507	6	4	4	4	0.276194	284	62.1774	0	0	0	0.301215	138.699	0.638997	528.603	1	1	1	1	1	1	1	0
12.08.2015 03:16:20.841000	0.135	0.141559	0.139487	127.875	675.12	0.00217014	6	4	4	4	0.269882	284	62.1774	0	0	0	0.300637	138.679	0.637226	528.533	1	1	1	1	1	1	1	0
12.08.2015 03:16:20.941000	0.135	0.141559	0.139487	127.875	675.125	0.00325521	6	4	4	4	0.266448	284	62.1774	0	0	0	0.30136	138.657	0.637654	528.448	1	1	1	1	1	1	1	0
12.08.2015 03:16:21.041000	0.135	0.141559	0.139487	127.875	675.128	0.00289352	6	4	4	4	0.27348	284	62.1774	0	0	0	0.299913	138.636	0.639546	528.362	1	1	1	1	1	1	1	0
12.08.2015 03:16:21.141000	0.135	0.141559	0.139487	127.875	675.125	0.00379774	6	4	4	4	0.270847	284	62.1774	0	0	0	0.300637	138.62	0.639668	528.301	1	1	1	1	1	1	1	0
12.08.2015 03:16:21.241000	0.135	0.141559	0.139487	127.875	675.141	0.00253183	6	4	4	4	0.275914	284	62.1774	0	0	0	0.300637	138.602	0.640278	528.226	1	1	1	1	1	1	1	0
12.08.2015 03:16:21.341000	0.135	0.141559	0.139487	127.875	675.141	0.00271267	6	4	4	4	0.258982	284	62.1774	0	0	0	0.301649	138.58	0.638325	528.152	1	1	1	1	1	1	1	0
12.08.2015 03:16:21.441000	0.135	0.141559	0.139487	127.875	675.128	0.00289352	6	4	4	4	0.271528	284	62.1774	0	0	0	0.302228	138.561	0.641804	528.065	1	1	1	1	1	1	1	0
12.08.2015 03:16:21.541000	0.135	0.141559	0.139487	127.875	675.129	0.00325521	6	4	4	4	0.322004	284	62.1774	0	0	0	0.302951	138.543	0.645466	527.982	1	1	1	1	1	1	1	0
12.08.2015 03:16:21.641000	0.135	0.141559	0.139487	127.922	675.133	0.00488281	6	4	4	4	0.297679	284	62.1774	0	0	0	0.302782	138.526	0.645533	527.918	1	1	1	1	1	1	1	0
