Time	[76:0]	[76:1]	[76:2]	[76:4]	[76:8]	[76:70]	[76:71]	[78:0]	[78:1]	[78:2]	[79:2]	[79:3]	[79:4]	[79:8]	[79:9]	[79:10]	[79:11]	[79:12]	[79:13]	[79:14]	[79.0]	[79.1]	[79.2]	[79.3]	[79.4]	[79.5]	[79.6]	[79.8]
time	Hoogteverstelling - Referentie positie (mm)	Hoogteverstelling - AZ gemeten positie (mm)	Hoogteverstelling - BZ gemeten positie (mm)	Transfert Ingang - Gemeten positie (mm)	Transfert Uitgang - Gemeten positie (mm)	Aardgas - actueel debiet	Stappenschakelaar - gemeten pos	Laspos Ing - positie discreet	Laspos Uitg - positie discreet	Schaafverstelling - positie discreet	Stuikraam - Totale Stroommeting RMS-waarde (A)	Stuikraam - Stroomreferentie (A)	Stuikraam - Positie AZ (mm, pulsgever)	Stuikraam - Referentie Servo-ventiel (%)	Stuikraam - Trim door I-regelaar (%)	Stuikraam - Gemeten snelheid (mm/s, pulsgever)	Secundaire lasspanning	Stuikraam - Druk stuikcilinder voorkamer (=laszijde)  (bar)	Stuikraam - Druk stuikcilinder terugloopkamer  (bar)	Stuikraam - Netto voorwaartse kracht op stuikraam (kN)	Stuikraam - P1	Stuikraam - P2	Stuikraam - P3	Stuikraam - P4	Stuikraam - P5	Stuikraam - P6	Stuikraam - P7	Stuikraam - Openen stuikventielen	

Lasparameter.Ingang - Coil ID	0320671S
Lasparameter.Ingang - Dikte (um)	5400
Lasparameter.Ingang - Breedte (mm)	1274
Lasparameter.Ingang - Materiaal	0001
Lasparameter.Uitgang - Coil ID	0320672S
Lasparameter.Uitgang - Dikte (um)	5390
Lasparameter.Uitgang - Breedte (mm)	1275
Lasparameter.Uitgang - Materiaal	0001
Lasparameter.P2 (mm)	16.0
Lasparameter.P3 (mm)	26.0
Lasparameter.P4 (mm)	34.2
Lasparameter.P5 (mm)	44.9
Lasparameter.P6 (mm)	52.5
Lasparameter.P7 (mm)	58.2
Lasparameter.Vonksnelheid (mm/s)	1.20
Lasparameter.Lassnelheid (mm/s)	0.48
Lasparameter.Stroom Referentie (A)	0392
Lasparameter.Stroomtoename (µA/s2)	43.2
Lasparameter.Stuikstroomtijd (per)	0010
Lasparameter.Afkoeltijd Stuik (per)	0010
Lasparameter.Stuikdruk (bar)	0111
Lasparameter.Stuiksnelheid (%)	90.0

07.08.2015 06:33:20.244000	-0.00500011	0	0	0	0.125	0.000542535	6	5	5	5	0.370341	392	0	0	0	0	0.318895	9.81591	124.455	-438.93	1	0	0	0	0	0	0	0
07.08.2015 06:33:20.344000	-0.00500011	0	0	0	0.132813	0.00108507	6	5	5	5	0.390369	392	0	0	0	0	0.32011	2.82821	124.064	-464.189	1	0	0	0	0	0	0	0
07.08.2015 06:33:20.444000	-0.00500011	0	0	0.00520833	0.111979	0	6	5	5	5	0.371198	392	0	0	0	0	0.322078	2.54378	124.04	-465.185	1	0	0	0	0	0	0	0
07.08.2015 06:33:20.544000	-0.00500011	0	0	0	0.125	0.00108507	6	5	5	5	0.379201	392	0	0	0	0	0.323293	2.68166	124.01	-464.54	1	0	0	0	0	0	0	0
07.08.2015 06:33:20.644000	-0.00500011	0	0	0.00520833	0.09375	0.00108507	6	5	5	5	0.368625	392	0	0	0	0	0.323466	3.56798	124.015	-461.168	1	0	0	0	0	0	0	0
07.08.2015 06:33:20.744000	-0.00500011	0	0	0.00390625	0.164063	0.00271267	6	5	5	5	0.360616	392	0	0	0	0	0.32445	3.26383	123.985	-462.216	1	0	0	0	0	0	0	0
07.08.2015 06:33:20.844000	-0.00500011	0	0	0.00260417	0.0364583	0.00072338	6	5	5	5	0.394472	392	0	0	0	0	0.324219	6.6606	124.091	-449.616	1	0	0	0	0	0	0	0
07.08.2015 06:33:20.944000	-0.00500011	0	0	0.0078125	0.0507813	0.00325521	6	5	5	5	0.3717	392	0	0	0	0	0.319531	4.93948	124.068	-456.12	1	0	0	0	0	0	0	0
07.08.2015 06:33:21.044000	-0.00500011	0	0	0.0104167	0.015625	0.00036169	6	5	5	5	0.379282	392	0	0	0	0	0.314352	7.06003	124.108	-448.153	1	0	0	0	0	0	0	0
07.08.2015 06:33:21.144000	-0.00500011	0	0	0.0195313	0.0234375	0.000542535	6	5	5	5	0.39907	392	0	0	0	0	0.311227	4.53499	124.006	-457.431	1	0	0	0	0	0	0	0
07.08.2015 06:33:21.244000	-0.00500011	0	0	0.015625	0	0.00036169	6	5	5	5	0.393888	392	0	0	0	0	0.307118	5.35167	123.995	-454.261	1	0	0	0	0	0	0	0
07.08.2015 06:33:21.344000	-0.00500011	0	0	0.0195313	0	0.000542535	6	5	5	5	0.377894	392	0	0	0	0	0.303819	5.21384	123.964	-454.67	1	0	0	0	0	0	0	0
07.08.2015 06:33:21.444000	-0.00500011	0	0	0.015625	0.0546875	0.00072338	6	5	5	5	0.372017	392	0	0	0	0	0.300723	3.40342	123.871	-461.247	1	0	0	0	0	0	0	0
07.08.2015 06:33:21.544000	-0.00500011	0	0	0.0117188	0.0742188	0.000542535	6	5	5	5	0.385741	392	0	0	0	0	0.299682	3.53087	123.829	-460.598	1	0	0	0	0	0	0	0
07.08.2015 06:33:21.644000	-0.00500011	0	0	0.00260417	-0.174479	0.00253183	6	5	5	5	0.398249	392	0	0	0	0	0.297078	2.93387	123.78	-462.695	1	0	0	0	0	0	0	0
07.08.2015 06:33:21.744000	-0.00500011	0	0	0	-0.894531	0.00271267	6	5	5	5	0.404573	392	0	0	0	0	0.294763	4.45412	123.789	-456.91	1	0	0	0	0	0	0	0
07.08.2015 06:33:21.844000	-0.00500011	0	0	0.0182292	-6.23438	0.00470197	6	5	5	5	0.381018	392	0	0	0	0	0.293663	7.25559	123.932	-446.73	1	0	0	0	0	0	0	0
07.08.2015 06:33:21.944000	-0.00500011	0	0	0.015625	-19.6602	0.00434028	6	5	5	5	0.3789	392	0	0	0	0	0.292159	3.10843	123.75	-461.911	1	0	0	0	0	0	0	0
07.08.2015 06:33:22.044000	-0.00500011	0	0	0.015625	-39.3151	0.00434028	6	5	5	5	0.401566	392	0	0	0	0	0.292708	5.14682	123.766	-454.168	1	0	0	0	0	0	0	0
07.08.2015 06:33:22.144000	-0.00500011	0	0	0.015625	-67.2266	0.00434028	6	5	5	5	0.358001	392	0	0	0	0	0.296875	6.19086	123.784	-450.239	1	0	0	0	0	0	0	0
07.08.2015 06:33:22.244000	-0.00500011	0	0	0.015625	-100.958	0.00325521	6	5	5	5	0.382602	392	0	0	0	0	0.301563	4.87771	123.725	-455.044	1	0	0	0	0	0	0	0
07.08.2015 06:33:22.344000	-0.00500011	0	0	0.015625	-132.781	0.00271267	6	5	5	5	0.374983	392	0	0	0	0	0.30434	6.326	123.744	-449.572	1	0	0	0	0	0	0	0
07.08.2015 06:33:22.444000	-0.00500011	0	0	0.015625	-168.641	0.00289352	6	5	5	5	0.377555	392	0	0	0	0	0.309346	5.75762	123.706	-451.599	1	0	0	0	0	0	0	0
07.08.2015 06:33:22.544000	-0.00500011	0	0	0.015625	-215.344	0.00271267	6	5	5	5	0.370787	392	0	0	0	0	0.311603	4.84298	123.649	-454.886	1	0	0	0	0	0	0	0
07.08.2015 06:33:22.644000	-0.00500011	0	0	0.00520833	-263.419	0.00253183	6	5	5	5	0.38055	392	0	0	0	0	0.314149	3.10141	123.573	-461.263	1	0	0	0	0	0	0	0
07.08.2015 06:33:22.744000	-0.00500011	0	0	0.0273438	-303.332	0.00271267	6	5	5	5	0.383194	392	0	0	0	0	0.315828	3.99945	123.556	-457.756	1	0	0	0	0	0	0	0
07.08.2015 06:33:22.844000	-0.00500011	0	0	0.263021	-343.352	0.00542535	6	5	5	5	0.394942	392	0	0	0	0	0.318316	5.19334	123.567	-453.228	1	0	0	0	0	0	0	0
07.08.2015 06:33:22.944000	-0.00500011	0	0	2.77734	-399.754	0.00596788	6	5	5	5	0.384476	392	0	0	0	0	0.32011	5.09635	123.545	-453.517	1	0	0	0	0	0	0	0
07.08.2015 06:33:23.044000	-0.00500011	0	0	14.6042	-439.604	0.0072338	6	5	5	5	0.366813	392	0	0	0	0	0.32147	4.76315	123.512	-454.668	1	0	0	0	0	0	0	0
07.08.2015 06:33:23.144000	-0.00500011	0	0	31.5859	-479.699	0.00759549	6	5	5	5	0.392166	392	0	0	0	0	0.323032	4.93869	123.501	-453.951	1	0	0	0	0	0	0	0
07.08.2015 06:33:23.244000	-0.00500011	0	0	55.4766	-524.984	0.00614873	6	5	5	5	0.39176	392	0	0	0	0	0.324132	5.13454	123.477	-453.11	1	0	0	0	0	0	0	0
07.08.2015 06:33:23.344000	-0.00500011	0	0	88.2852	-573.344	0.00488281	6	5	5	5	0.388875	392	0	0	0	0	0.32581	4.11103	123.43	-456.85	1	0	0	0	0	0	0	0
07.08.2015 06:33:23.444000	-0.00500011	0	0	118.906	-602.388	0.00325521	6	5	5	5	0.387647	392	0	0	0	0	0.325608	4.10974	123.406	-456.755	1	0	0	0	0	0	0	0
07.08.2015 06:33:23.544000	-0.00500011	0	0	154.23	-625.578	0.00108507	6	5	5	5	0.363149	392	0	0	0	0	0.327517	5.1503	123.405	-452.773	1	0	0	0	0	0	0	0
07.08.2015 06:33:23.644000	-0.00500011	0	0	205.648	-647.258	0.00036169	6	5	5	5	0.381926	392	0	0	0	0	0.32793	4.36008	123.367	-455.659	1	0	0	0	0	0	0	0
07.08.2015 06:33:23.744000	-0.00500011	0	0	253.75	-661.609	0.000542535	6	5	5	5	0.392601	392	0	0	0	0	0.328957	4.40926	123.34	-455.342	1	0	0	0	0	0	0	0
07.08.2015 06:33:23.844000	-0.00500011	0	0	296.5	-668.99	0.00108507	6	5	5	5	0.399933	392	0	0	0	0	0.329094	4.29249	123.31	-455.693	1	0	0	0	0	0	0	0
07.08.2015 06:33:23.944000	-0.00500011	0	0	339.109	-672.512	0.00325521	6	5	5	5	0.376276	392	0	0	0	0	0.329825	4.69558	123.298	-454.103	1	0	0	0	0	0	0	0
07.08.2015 06:33:24.044000	-0.00500011	0	0	398.526	-674.12	0.00217014	6	5	5	5	0.378366	392	0	0	0	0	0.330801	4.71407	123.275	-453.945	1	0	0	0	0	0	0	0
07.08.2015 06:33:24.144000	-0.00500011	0	0	440.398	-675.031	0.00325521	6	5	5	5	0.377752	392	0	0	0	0	0.330838	4.21998	123.245	-455.725	1	0	0	0	0	0	0	0
07.08.2015 06:33:24.244000	-0.00500011	0	0	475.651	-675.253	0.00289352	6	5	5	5	0.389979	392	0	0	0	0	0.332718	4.65334	123.227	-453.994	1	0	0	0	0	0	0	0
07.08.2015 06:33:24.344000	-0.00500011	0	0	501.457	-675.25	0.00217014	6	5	5	5	0.363929	392	0	0	0	0	0.332935	5.29612	123.219	-451.502	1	0	0	0	0	0	0	0
07.08.2015 06:33:24.444000	-0.00500011	0	0	518.414	-675.255	0.00072338	6	5	5	5	0.370627	392	0	0	0	0	0.333767	4.29432	123.171	-455.154	1	0	0	0	0	0	0	0
07.08.2015 06:33:24.544000	-0.00500011	0	0	534.262	-675.258	0.00108507	6	5	5	5	0.375066	392	0	0	0	0	0.333478	4.47749	123.147	-454.36	1	0	0	0	0	0	0	0
07.08.2015 06:33:24.644000	-0.00500011	0	0	550.18	-675.258	0.00072338	6	5	5	5	0.357322	392	0	0	0	0	0.333767	4.7814	123.13	-453.134	1	0	0	0	0	0	0	0
07.08.2015 06:33:24.744000	-0.00500011	0	0	568.816	-675.258	0.000542535	6	5	5	5	0.382921	392	0	0	0	0	0.333659	4.46467	123.098	-454.224	1	0	0	0	0	0	0	0
07.08.2015 06:33:24.844000	-0.00500011	0	0	587.622	-675.263	0.00036169	6	5	5	5	0.36771	392	0	0	0	0	0.334165	4.4615	123.071	-454.131	1	0	0	0	0	0	0	0
07.08.2015 06:33:24.944000	-0.00500011	0	0	602.59	-675.266	0.00108507	6	5	5	5	0.380368	392	0	0	0	0	0.33384	4.70028	123.056	-453.159	1	0	0	0	0	0	0	0
07.08.2015 06:33:25.044000	-0.00500011	0	0	617.109	-675.266	0.00180845	6	5	5	5	0.386691	392	0	0	0	0	0.334021	4.68484	123.033	-453.131	1	0	0	0	0	0	0	0
07.08.2015 06:33:25.144000	-0.00500011	0	0	637.59	-675.266	0.00379774	6	5	5	5	0.373203	392	0	0	0	0	0.334382	4.5165	123.009	-453.685	1	0	0	0	0	0	0	0
07.08.2015 06:33:25.244000	-0.00500011	0	0	651.404	-675.266	0.00651042	6	5	5	5	0.388609	392	0	0	0	0	0.334599	4.54976	122.985	-453.465	1	0	0	0	0	0	0	0
07.08.2015 06:33:25.344000	-0.00500011	0	0	664.516	-675.266	0.00651042	6	5	5	5	0.37867	392	0	0	0	0	0.334672	4.61592	123.022	-453.352	1	0	0	0	0	0	0	0
07.08.2015 06:33:25.444000	-0.00500011	0	0	678.508	-675.266	0.00578704	6	5	5	5	0.356457	392	0	0	0	0	0.334346	4.54573	123.178	-454.218	1	0	0	0	0	0	0	0
07.08.2015 06:33:25.544000	-0.00500011	0	0	692.879	-675.27	0.00325521	6	5	5	5	0.369218	392	0	0	0	0	0.334925	4.53298	123.33	-454.852	1	0	0	0	0	0	0	0
07.08.2015 06:33:25.644000	-0.00500011	0	0	702.232	-675.273	0.00180845	6	5	5	5	0.311439	392	0	0	0	0	0.334021	4.45759	123.559	-456.015	1	0	0	0	0	0	0	0
07.08.2015 06:33:25.744000	-0.00500011	0	0	709.215	-675.27	0.000542535	6	5	5	5	0.292544	392	0	0	0	0	0.334021	3.72076	124.64	-462.974	1	0	0	0	0	0	0	0
07.08.2015 06:33:25.844000	-0.00500011	0	0	713.542	-675.276	0.00108507	6	5	5	5	0.263333	392	0	0	0	0	0.333804	4.26429	125.112	-462.7	1	0	0	0	0	0	0	0
07.08.2015 06:33:25.944000	-0.00500011	0	0	714.684	-675.27	0.00108507	6	5	5	5	0.277717	392	0	0	0	0	0.334021	4.62636	125.121	-461.349	1	0	0	0	0	0	0	0
07.08.2015 06:33:26.044000	-0.00500011	0	0	715.029	-675.281	0.00144676	6	5	5	5	0.288161	392	0	0	0	0	0.333189	4.21198	125.367	-463.878	1	0	0	0	0	0	0	0
07.08.2015 06:33:26.144000	-0.00500011	0	0	715.031	-675.281	0.00271267	6	5	5	5	0.275336	392	0	0	0	0	0.333297	4.26942	125.802	-465.322	1	0	0	0	0	0	0	0
07.08.2015 06:33:26.244000	-0.00500011	0	0	715.034	-675.286	0.00253183	6	5	5	5	0.28516	392	0	0	0	0	0.333659	5.17295	126.018	-462.691	1	0	0	0	0	0	0	0
07.08.2015 06:33:26.344000	-0.00500011	0	0	715.031	-675.281	0.00379774	6	5	5	5	0.302091	392	0	0	0	0	0.333297	4.66128	126.251	-465.541	1	0	0	0	0	0	0	0
07.08.2015 06:33:26.444000	-0.00500011	0	0	715.034	-675.279	0.00289352	6	5	5	5	0.281628	392	0	0	0	0	0.33337	4.09186	126.472	-468.57	1	0	0	0	0	0	0	0
07.08.2015 06:33:26.544000	-0.00500011	0	0	715.039	-675.285	0.00217014	6	5	5	5	0.292632	392	0	0	0	0	0.332646	4.55721	126.657	-467.494	1	0	0	0	0	0	0	0
07.08.2015 06:33:26.644000	-0.00500011	0	0	715.039	-675.289	0.00180845	6	5	5	5	0.304492	392	0	0	0	0	0.329608	4.59175	126.855	-468.12	1	0	0	0	0	0	0	0
07.08.2015 06:33:26.744000	-0.00500011	0	0	715.039	-675.289	0.00108507	6	5	5	5	0.294554	392	0	0	0	0	0.324942	4.26136	127.085	-470.266	1	0	0	0	0	0	0	0
07.08.2015 06:33:26.844000	-0.00500011	0	0	715.039	-675.289	0.00072338	6	5	5	5	0.306421	392	0	0	0	0	0.320457	4.53188	127.297	-470.042	1	0	0	0	0	0	0	0
07.08.2015 06:33:26.944000	-0.00500011	0	0	715.039	-675.289	0.0016276	6	5	5	5	0.305571	392	0	0	0	0	0.316804	4.63656	127.389	-469.993	1	0	0	0	0	0	0	0
07.08.2015 06:33:27.044000	-0.00500011	0	0	715.039	-675.289	0	6	5	5	5	0.287019	392	0	0	0	0	0.314851	4.39686	127.385	-470.897	1	0	0	0	0	0	0	0
07.08.2015 06:33:27.144000	-0.00500011	0	0	715.039	-675.289	0.000542535	6	5	5	5	0.288274	392	0	0	0	0	0.311306	4.49416	127.927	-472.598	1	0	0	0	0	0	0	0
07.08.2015 06:33:27.244000	-0.00500011	0	0	715.039	-675.289	0.00072338	6	5	5	5	0.289892	392	0	0	0	0	0.309172	4.51985	128.199	-473.544	1	0	0	0	0	0	0	0
07.08.2015 06:33:27.344000	-0.00500011	0	0	715.039	-675.289	0.00217014	6	5	5	5	0.288243	392	0	0	0	0	0.30787	4.49776	128.184	-473.57	1	0	0	0	0	0	0	0
07.08.2015 06:33:27.444000	-0.00500011	0	0	715.039	-675.289	0.00434028	6	5	5	5	0.274462	392	0	0	0	0	0.306243	4.50124	128.199	-473.615	1	0	0	0	0	0	0	0
07.08.2015 06:33:27.544000	-0.00500011	0	0	715.039	-675.289	0.00379774	6	5	5	5	0.263822	392	0	0	0	0	0.304832	4.34236	128.194	-474.205	1	0	0	0	0	0	0	0
07.08.2015 06:33:27.644000	-0.00500011	0	0	715.049	-675.289	0.00470197	6	5	5	5	0.293668	392	0	0	0	0	0.303349	3.75115	128.491	-477.604	1	0	0	0	0	0	0	0
07.08.2015 06:33:27.744000	-0.00500011	0	0	715.055	-675.293	0.00325521	6	5	5	5	0.301829	392	0	0	0	0	0.303639	4.63894	126.744	-467.515	1	0	0	0	0	0	0	0
07.08.2015 06:33:27.844000	-0.00500011	0	0	715.055	-675.292	0.00144676	6	5	5	5	0.327228	392	0	0	0	0	0.301866	5.15915	128.709	-473.046	1	0	0	0	0	0	0	0
07.08.2015 06:33:27.944000	-0.00500011	0	0	715.055	-675.289	0.000542535	6	5	5	5	0.31497	392	0	0	0	0	0.301288	5.54851	129.077	-472.965	1	0	0	0	0	0	0	0
07.08.2015 06:33:28.044000	-0.00500011	0	0	715.065	-675.286	0.00144676	6	5	5	5	0.299667	392	0	0	0	0	0.300528	4.53859	128.733	-475.515	1	0	0	0	0	0	0	0
07.08.2015 06:33:28.144000	-0.00500011	0	0	715.07	-675.289	0.000542535	6	5	5	5	0.309916	392	0	0	0	0	0.300745	4.80398	128.14	-472.23	1	0	0	0	0	0	0	0
07.08.2015 06:33:28.244000	-0.00500011	0	0	715.07	-675.289	0.00108507	6	5	5	5	0.297233	392	0	0	0	0	0.299949	5.27891	127.915	-469.549	1	0	0	0	0	0	0	0
07.08.2015 06:33:28.344000	-0.00500011	0	0	715.063	-675.289	0.000542535	6	5	5	5	0.287297	392	0	0	0	0	0.300275	4.82962	127.824	-470.92	1	0	0	0	0	0	0	0
07.08.2015 06:33:28.444000	-0.00500011	0	0	715.07	-675.289	0.00108507	6	5	5	5	0.299407	392	0	0	0	0	0.30013	4.88467	127.836	-470.756	1	0	0	0	0	0	0	0
07.08.2015 06:33:28.544000	-0.00500011	0	0	715.07	-675.289	0.00325521	6	5	5	5	0.275842	392	0	0	0	0	0.299805	5.08609	127.713	-469.513	1	0	0	0	0	0	0	0
07.08.2015 06:33:28.644000	-0.00500011	0	0	715.07	-675.289	0.00434028	6	5	5	5	0.297569	392	0	0	0	0	0.299624	4.90231	127.658	-470.008	1	0	0	0	0	0	0	0
07.08.2015 06:33:28.744000	-0.00500011	0	0	715.07	-675.289	0.00434028	6	5	5	5	0.318049	392	0	0	0	0	0.298286	4.83938	127.764	-470.652	1	0	0	0	0	0	0	0
07.08.2015 06:33:28.844000	-0.00500011	0	0	715.068	-675.289	0.00506366	6	5	5	5	0.300782	392	0	0	0	0	0.298575	4.63088	127.541	-470.599	1	0	0	0	0	0	0	0
07.08.2015 06:33:28.944000	-0.00500011	0	0	715.07	-675.289	0.00271267	6	5	5	5	0.28272	392	0	0	0	0	0.29702	4.82943	125.492	-461.994	1	0	0	0	0	0	0	0
07.08.2015 06:33:29.044000	-0.00500011	0	0	715.065	-675.292	0.00289352	6	5	5	5	0.307139	392	0.00348193	0	0	0	0.297562	32.7302	113.323	-308.574	1	0	0	0	0	0	0	0
07.08.2015 06:33:29.144000	-0.00500011	0	0	714.715	-675.289	0.00271267	6	5	5	5	0.311852	392	0.728221	0	0	12.5427	0.296947	113.815	86.1695	105.848	1	0	0	0	0	0	0	0
07.08.2015 06:33:29.244000	-0.00500011	0	0	709.792	-675.289	0.00289352	6	5	5	5	0.283407	392	3.61822	0	0	34.5067	0.297678	110.853	83.3526	105.292	1	0	0	0	0	0	0	0
07.08.2015 06:33:29.344000	-0.00500011	0	0	696.977	-675.289	0.00325521	6	5	5	5	0.297707	392	7.12304	0	0	35.3227	0.296766	110.604	84.2607	100.865	1	0	0	0	0	0	0	0
07.08.2015 06:33:29.444000	-0.00500011	0	0	681.169	-675.289	0.00253183	6	5	5	5	0.273915	392	10.687	0	0	35.9506	0.296369	113.062	86.7697	100.67	1	0	0	0	0	0	0	0
07.08.2015 06:33:29.544000	-0.00500011	0	0	651.324	-675.293	0.00271267	6	5	5	5	0.291021	392	14.263	0	0	35.5276	0.296984	116.678	90.5981	99.8528	1	0.01	0	0	0	0	0	0
07.08.2015 06:33:29.644000	-0.00500011	0	0	625.698	-675.294	0.00253183	6	5	5	5	0.314179	392	18.2762	43	0	47.9505	0.296803	112.235	83.973	108.209	1	1	0	0	0	0	0	0
07.08.2015 06:33:29.744000	-0.00500011	0	0	597.586	-675.297	0.00271267	6	5	5	5	0.316242	392	22.1565	49.999	0	25.577	0.296405	97.5749	78.0686	74.6856	1	1	0	0	0	0	0	0
07.08.2015 06:33:29.844000	-0.00500011	0	0	564.195	-675.302	0.00253183	6	5	5	5	0.286981	392	23.6115	44.8501	0	12.1167	0.294958	70.8253	45.3653	97.4815	1	1	0	0	0	0	0	0
07.08.2015 06:33:29.944000	-0.00500011	0	0	511.23	-675.32	0.00271267	6	5	5	5	0.277159	392	24.6133	34.8502	0	9.29141	0.295428	55.5541	30.4383	96.1632	1	1	0	0	0	0	0	0
07.08.2015 06:33:30.044000	-0.00500011	0	0	471.776	-675.318	0.00289352	6	5	5	5	0.303932	392	25.339	24.9262	0	7.08138	0.293938	49.5316	24.3513	96.4102	1	1	0	0	0	0	0	0
07.08.2015 06:33:30.144000	-0.00500011	0	0	433.766	-675.313	0.00217014	6	5	5	5	0.28641	392	25.8235	14.9502	0	4.90051	0.294705	45.8408	20.7068	96.2331	1	1	0	0	0	0	0	0
07.08.2015 06:33:30.244000	-0.00500011	0	0	393.182	-675.315	0.00108507	6	5	5	5	58.4339	392	26.0707	5.63482	0	4.0117	0.52364	44.3112	18.7227	97.973	1	1	1	0	0	0	0	0
07.08.2015 06:33:30.344000	-0.00500011	0	0	350.074	-675.316	0	6	5	5	5	85.9676	392	26.1986	5.17381	0	1.85574	6.65975	43.5834	18.0792	97.6502	1	1	1	0	0	0	0	0
07.08.2015 06:33:30.444000	-0.00500011	0	0	317.802	-675.318	0.00253183	6	5	5	5	86.3193	392	26.3194	5.17381	0	1.85574	10.2144	43.5454	17.7352	98.8222	1	1	1	0	0	0	0	0
07.08.2015 06:33:30.544000	-0.00500011	0	0	288.375	-675.32	0.00217014	6	5	5	5	86.3584	392	26.4443	5.17381	0	1.25012	11.4231	43.2395	17.4656	98.6834	1	1	1	0	0	0	0	0
07.08.2015 06:33:30.644000	-0.00500011	0	0	255.151	-675.32	0.00578704	6	5	5	5	86.5984	392	26.5642	5.17381	0	1.19022	11.6084	42.9694	17.1682	98.7876	1	1	1	0	0	0	0	0
07.08.2015 06:33:30.744000	-0.00500011	0	0	231.508	-675.32	0.00596788	6	5	5	5	86.7645	392	26.6865	5.17381	0	1.25823	11.6785	42.8042	17.0079	98.7687	1	1	1	0	0	0	0	0
07.08.2015 06:33:30.844000	-0.00500011	0	0	216.404	-675.32	0.00614873	6	5	5	5	86.9637	392	26.8079	5.17381	0	1.26257	11.7101	42.6777	16.9432	98.5322	1	1	1	0	0	0	0	0
07.08.2015 06:33:30.944000	-0.00500011	0	0	198.969	-675.324	0.00651042	6	5	5	5	87.1747	392	26.9248	5.17381	0	1.19698	11.7248	42.5643	16.8637	98.4025	1	1	1	0	0	0	0	0
07.08.2015 06:33:31.044000	-0.00500011	0	0	174.76	-675.328	0.00578704	6	5	5	5	87.3734	392	27.0491	5.17381	0	1.18448	11.7261	42.5227	16.7995	98.489	1	1	1	0	0	0	0	0
07.08.2015 06:33:31.144000	-0.00500011	0	0	158.254	-675.328	0.00379774	6	5	5	5	86.3804	392	27.163	5.17381	0	1.18444	11.7272	42.4797	16.7293	98.593	1	1	1	0	0	0	0	0
07.08.2015 06:33:31.244000	-0.00500011	0	0	144.578	-675.328	0.00289352	6	5	5	5	87.2773	392	27.2859	5.17381	0	1.18443	11.7486	42.4128	16.6891	98.4909	1	1	1	0	0	0	0	0
07.08.2015 06:33:31.344000	-0.00500011	0	0	134.734	-675.332	0.00596788	6	5	5	5	87.9464	392	27.4068	5.17381	0	1.20876	11.7422	42.3667	16.6679	98.3957	1	1	1	0	0	0	0	0
07.08.2015 06:33:31.444000	-0.00500011	0	0	128.909	-675.341	0.00253183	6	5	5	5	87.9298	392	27.5212	5.17381	0	1.21919	11.7276	42.3621	16.6521	98.4383	1	1	1	0	0	0	0	0
07.08.2015 06:33:31.544000	-0.00500011	0	0	125.379	-675.344	0.00325521	6	5	5	5	87.9414	392	27.6535	5.17381	0	1.21915	11.7319	42.1583	16.943	96.5446	1	1	1	0	0	0	0	0
07.08.2015 06:33:31.644000	-0.00500011	0	0	124.307	-675.344	0.00253183	6	5	5	5	87.6655	392	27.7664	5.17381	0	1.21912	11.7305	42.0687	16.8952	96.3843	1	1	1	0	0	0	0	0
07.08.2015 06:33:31.744000	-0.00500011	0	0	125.816	-675.344	0.00596788	6	5	5	5	87.9028	392	27.8863	5.17381	0	1.1875	11.7348	42.1417	16.6743	97.5096	1	1	1	0	0	0	0	0
07.08.2015 06:33:31.844000	-0.00500011	0	0	126.099	-675.349	0.00506366	6	5	5	5	87.8091	392	28.0047	5.17381	0	1.15712	11.7422	42.0536	16.7474	96.8926	1	1	1	0	0	0	0	0
07.08.2015 06:33:31.944000	-0.00500011	0	0	126.289	-675.348	0.00596788	6	5	5	5	86.7599	392	28.1186	5.17381	0	1.17096	11.7496	42.114	16.6243	97.5946	1	1	1	0	0	0	0	0
07.08.2015 06:33:32.044000	-0.00500011	0	0	126.203	-675.349	0.00614873	6	5	5	5	86.1215	392	28.241	5.17381	0	1.19006	11.7915	42.1575	16.5756	97.948	1	1	1	0	0	0	0	0
07.08.2015 06:33:32.144000	-0.00500011	0	0	126.215	-675.359	0.00596788	6	5	5	5	86.0674	392	28.3549	5.17381	0	1.18654	11.8143	42.2095	16.5331	98.31	1	1	1	0	0	0	0	0
07.08.2015 06:33:32.244000	-0.00500011	0	0	126.26	-675.359	0.00325521	6	5	5	5	86.2117	392	28.4742	5.17381	0	1.17871	11.8204	42.2458	16.56	98.3457	1	1	1	0	0	0	0	0
07.08.2015 06:33:32.344000	-0.00500011	0	0	126.313	-675.359	0.00217014	6	5	5	5	86.045	392	28.5951	5.17381	0	1.18121	11.8078	42.286	16.5812	98.4184	1	1	1	0	0	0	0	0
07.08.2015 06:33:32.444000	-0.00500011	0	0	126.331	-675.359	0.00108507	6	5	5	5	86.111	392	28.71	5.17381	0	1.19007	11.7976	42.3248	16.5965	98.5086	1	1	1	0	0	0	0	0
07.08.2015 06:33:32.544000	-0.00500011	0	0	126.348	-675.359	0.000542535	6	5	5	5	86.1441	392	28.8334	5.17381	0	1.19007	11.7944	42.3372	16.613	98.493	1	1	1	0	0	0	0	0
07.08.2015 06:33:32.644000	-0.00500011	0	0	126.354	-675.359	0.00144676	6	5	5	5	85.9436	392	28.9513	5.17381	0	1.19009	11.7923	42.3603	16.6275	98.5257	1	1	1	0	0	0	0	0
07.08.2015 06:33:32.744000	-0.00500011	0	0	126.363	-675.367	0.00108507	6	5	5	5	86.1021	392	29.0711	5.17381	0	1.19078	11.7978	42.3933	16.6417	98.5974	1	1	1	0	0	0	0	0
07.08.2015 06:33:32.844000	-0.00500011	0	0	126.37	-675.367	0.00397859	6	5	5	5	85.9289	392	29.1925	5.17381	0	1.20156	11.785	42.3925	16.6541	98.5469	1	1	1	0	0	0	0	0
07.08.2015 06:33:32.944000	-0.00500011	0	0	126.375	-675.367	0.00271267	6	5	5	5	84.9829	392	29.3079	5.17381	0	1.20156	11.7978	42.4122	16.6765	98.5369	1	1	1	0	0	0	0	0
07.08.2015 06:33:33.044000	-0.00500011	0	0	126.378	-675.367	0.00253183	6	5	5	5	84.7832	392	29.4313	5.17381	0	1.19581	11.8254	42.4227	16.69	98.5254	1	1	1	0	0	0	0	0
07.08.2015 06:33:33.144000	-0.00500011	0	0	126.383	-675.367	0.00379774	6	5	5	5	84.7751	392	29.5472	5.17381	0	1.19569	11.8299	42.4561	16.707	98.5881	1	1	1	0	0	0	0	0
07.08.2015 06:33:33.244000	-0.00500011	0	0	126.391	-675.372	0.00253183	6	5	5	5	84.7622	392	29.6656	5.17381	0	1.19066	11.8271	42.4415	16.7178	98.4909	1	1	1	0	0	0	0	0
07.08.2015 06:33:33.344000	-0.00500011	0	0	126.391	-675.375	0.00488281	6	5	5	5	85.352	392	29.7889	5.17381	0	1.19004	11.8283	42.4337	16.7164	98.4665	1	1	1	0	0	0	0	0
07.08.2015 06:33:33.444000	-0.00500011	0	0	126.396	-675.375	0.00578704	6	5	5	5	85.473	392	29.9048	5.17381	0	1.19941	11.7918	42.4719	16.7285	98.5666	1	1	1	0	0	0	0	0
07.08.2015 06:33:33.544000	-0.00500011	0	0	126.398	-675.375	0.00271267	6	5	5	5	86.0345	392	30.0297	5.17381	0	1.20147	11.7676	42.4816	16.7364	98.5736	1	1	1	0	0	0	0	0
07.08.2015 06:33:33.644000	-0.00500011	0	0	126.404	-675.375	0.00144676	6	5	5	5	87.7031	392	30.1476	5.17381	0	1.19325	11.741	42.4855	16.7293	98.603	1	1	1	0	0	0	0	0
07.08.2015 06:33:33.744000	-0.00500011	0	0	126.402	-675.375	0.0016276	6	5	5	5	152.358	392	30.2679	5.17381	0	1.19021	11.7066	42.4883	16.7411	98.5711	1	1	1	0	0	0	0	0
07.08.2015 06:33:33.844000	-0.00500011	0	0	126.409	-675.375	0.00108507	6	5	5	5	262.805	392	30.3898	5.17381	0	1.20586	11.1707	42.5369	16.7834	98.6049	1	1	1	0	0	0	0	0
07.08.2015 06:33:33.944000	-0.00500011	0	0	126.414	-675.375	0.00108507	6	5	5	5	376.423	392	30.5072	5.17381	0	1.21322	10.8447	42.518	16.7921	98.4995	1	1	1	0	0	0	0	0
07.08.2015 06:33:34.044000	-0.00500011	0	0	126.414	-675.375	0.00036169	6	5	5	5	715.153	392	30.633	5.17381	0	1.21324	10.6995	42.5352	16.7594	98.6902	1	1	1	0	0	0	0	0
07.08.2015 06:33:34.144000	-0.00500011	0	0	126.414	-675.379	0.00217014	6	5	5	5	307.097	392	30.7504	5.17381	0	1.21325	10.6151	42.5055	16.7921	98.4516	1	1	1	0	0	0	0	0
07.08.2015 06:33:34.244000	-0.00500011	0	0	126.417	-675.38	0.00108507	6	5	5	5	895.389	392	30.8758	5.17381	0	1.21322	10.7202	42.5227	16.7189	98.8078	1	1	1	0	0	0	0	0
07.08.2015 06:33:34.344000	-0.00500011	0	0	126.422	-675.383	0.00271267	6	5	5	5	422.001	392	30.9972	5.17381	0	1.2132	10.5439	42.5098	16.7962	98.4439	1	1	1	0	0	0	0	0
07.08.2015 06:33:34.444000	-0.00500011	0	0	126.422	-675.38	0.00108507	6	5	5	5	1318.09	392	31.1175	5.17381	0	1.20439	10.6138	42.5618	16.6894	99.077	1	1	1	0	0	0	0	0
07.08.2015 06:33:34.544000	-0.00500011	0	0	126.43	-675.383	0.00108507	6	5	5	5	408.455	392	31.2399	5.17381	0	1.19559	10.4157	42.4748	16.8131	98.2518	1	1	1	0	0	0	0	0
07.08.2015 06:33:34.644000	-0.00500011	0	0	126.43	-675.383	0.00036169	6	5	5	5	1013.98	392	31.3598	5.17381	0	1.20669	10.5449	42.5271	16.7404	98.7318	1	1	1	0	0	0	0	0
07.08.2015 06:33:34.744000	-0.00500011	0	0	126.43	-675.383	0.00108507	6	5	5	5	1030.12	392	31.4796	5.17381	0	1.21921	10.46	42.5238	16.7298	98.7542	1	1	1	0	0	0	0	0
07.08.2015 06:33:34.844000	-0.00500011	0	0	126.43	-675.383	0.00072338	6	5	5	5	1069.56	392	31.5985	5.17381	0	1.22187	10.3311	42.5332	16.7655	98.6596	1	1	1	0	0	0	0	0
07.08.2015 06:33:34.944000	-0.00500011	0	0	126.43	-675.383	0	6	5	5	5	960.568	392	31.7239	5.17381	0	1.22527	10.3843	42.5238	16.7528	98.6717	1	1	1	0	0	0	0	0
07.08.2015 06:33:35.044000	-0.00500011	0	0	126.435	-675.383	0.00217014	6	5	5	5	1162.93	392	31.8418	5.17381	0	1.21647	10.2904	42.5369	16.7577	98.7035	1	1	1	0	0	0	0	0
07.08.2015 06:33:35.144000	-0.00500011	0	0	126.434	-675.383	0.00325521	6	5	5	5	616.43	392	31.9681	5.17381	0	1.20148	10.3495	42.5084	16.8035	98.4189	1	1	1	0	0	0	0	0
07.08.2015 06:33:35.244000	-0.00500011	0	0	126.435	-675.385	0.00651042	6	5	5	5	1208.48	392	32.0865	5.17381	0	1.20147	10.5039	42.5343	16.741	98.7575	1	1	1	0	0	0	0	0
07.08.2015 06:33:35.344000	-0.00500011	0	0	126.438	-675.387	0.00922309	6	5	5	5	664.996	392	32.2113	5.17381	0	1.20145	10.41	42.479	16.8074	98.2913	1	1	1	0	0	0	0	0
07.08.2015 06:33:35.444000	-0.00500011	0	0	126.443	-675.391	0.00795718	6	5	5	5	811.487	392	32.3317	5.17381	0	1.21189	10.6025	42.4852	16.7939	98.367	1	1	1	0	0	0	0	0
07.08.2015 06:33:35.544000	-0.00500011	0	0	126.438	-675.387	0.00759549	6	5	5	5	708.297	392	32.4511	5.17381	0	1.23746	10.6292	42.5	16.8195	98.3252	1	1	1	0	0	0	0	0
07.08.2015 06:33:35.644000	-0.00500011	0	0	126.445	-675.391	0.00651042	6	5	5	5	826.449	392	32.574	5.17381	0	1.2305	10.6584	42.4901	16.8135	98.3107	1	1	1	0	0	0	0	0
07.08.2015 06:33:35.744000	-0.00500011	0	0	126.445	-675.391	0.00596788	6	5	5	5	717.074	392	32.6899	5.17381	0	1.2072	10.6648	42.4929	16.8253	98.2761	1	1	1	0	0	0	0	0
07.08.2015 06:33:35.844000	-0.00500011	0	0	126.445	-675.391	0.0036169	6	5	5	5	814.188	392	32.8167	5.17381	0	1.20722	10.6869	42.4979	16.8196	98.3172	1	1	1	0	0	0	0	0
07.08.2015 06:33:35.944000	-0.00500011	0	0	126.445	-675.391	0.00217014	6	5	5	5	669.213	392	32.9351	5.17381	0	1.2073	10.7253	42.4912	16.8393	98.2163	1	1	1	0	0	0	0	0
07.08.2015 06:33:36.044000	-0.00500011	0	0	126.445	-675.391	0.00036169	6	5	5	5	777.414	392	33.0575	5.17381	0	1.20729	10.7595	42.5029	16.8402	98.2576	1	1	1	0	0	0	0	0
07.08.2015 06:33:36.144000	-0.00500011	0	0	126.445	-675.391	0.000542535	6	5	5	5	707.591	392	33.1788	5.17381	0	1.2072	10.7586	42.5018	16.8417	98.2473	1	1	1	0	0	0	0	0
07.08.2015 06:33:36.244000	-0.00500011	0	0	126.451	-675.391	0.00036169	6	5	5	5	629.067	392	33.2992	5.17381	0	1.20937	10.7952	42.4915	16.846	98.1915	1	1	1	0	0	0	0	0
07.08.2015 06:33:36.344000	-0.00500011	0	0	126.449	-675.391	0.000542535	6	5	5	5	581.206	392	33.4226	5.17381	0	1.23125	10.8306	42.4877	16.8344	98.2214	1	1	1	0	0	0	0	0
07.08.2015 06:33:36.444000	-0.00500011	0	0	126.453	-675.391	0.00072338	6	5	5	5	757.229	392	33.5424	5.17381	0	1.23053	10.8484	42.4815	16.8271	98.2256	1	1	1	0	0	0	0	0
07.08.2015 06:33:36.544000	-0.00500011	0	0	126.453	-675.391	0.00108507	6	5	5	5	776.187	392	33.6668	5.17381	0	1.21323	10.7932	42.4758	16.8258	98.2088	1	1	1	0	0	0	0	0
07.08.2015 06:33:36.644000	-0.00500011	0	0	126.453	-675.391	0.00108507	6	5	5	5	542.191	392	33.7857	5.17381	0	1.21323	10.8211	42.4793	16.8363	98.1819	1	1	1	0	0	0	0	0
07.08.2015 06:33:36.744000	-0.00500011	0	0	126.453	-675.391	0.000542535	6	5	5	5	669.271	392	33.912	5.17381	0	1.21319	10.865	42.4828	16.8256	98.2364	1	1	1	0	0	0	0	0
07.08.2015 06:33:36.844000	-0.00500011	0	0	126.453	-675.391	0.00072338	6	5	5	5	620.658	392	34.0309	5.17381	0	1.21319	10.8446	42.4775	16.8311	98.1948	1	1	1	0	0	0	0	0
07.08.2015 06:33:36.944000	-0.00500011	0	0	126.453	-675.391	0.000542535	6	5	5	5	585.605	392	34.1563	4.66031	0	1.22473	10.8542	42.4437	16.851	97.9893	1	1	1	0.15	0	0	0	0
07.08.2015 06:33:37.044000	-0.00500011	0	0	126.453	-675.391	0.00144676	6	5	5	5	188.09	392	34.2274	1.92123	0.170741	1.22521	10.7271	42.6537	17.041	98.0658	1	1	1	1	0	0	0	0
07.08.2015 06:33:37.144000	-0.00500011	0	0	126.461	-675.391	0.00108507	6	5	5	5	155.733	392	34.2866	2.71438	0.963888	1.22521	8.83333	42.9876	17.2742	98.4514	1	1	1	1	0	0	0	0
07.08.2015 06:33:37.244000	-0.00500011	0	0	126.458	-675.391	0.00144676	6	5	5	5	328.907	392	34.3592	3.13422	1.38373	0.898611	7.94401	43.2141	17.496	98.4696	1	1	1	1	0	0	0	0
07.08.2015 06:33:37.344000	-0.00500011	0	0	126.461	-675.391	0.00325521	6	5	5	5	492.524	392	34.4388	3.01689	1.2664	0.76521	7.61241	43.3853	17.6624	98.4878	1	1	1	1	0	0	0	0
07.08.2015 06:33:37.444000	-0.00500011	0	0	126.461	-675.391	0.00614873	6	5	5	5	541.282	392	34.503	2.63263	0.882141	0.76521	7.41005	43.6026	17.8216	98.7103	1	1	1	1	0	0	0	0
07.08.2015 06:33:37.544000	-0.00500011	0	0	126.461	-675.391	0.00813802	6	5	5	5	560.7	392	34.5641	2.07397	0.323481	0.76521	7.23973	43.7567	17.9872	98.6661	1	1	1	1	0	0	0	0
07.08.2015 06:33:37.644000	-0.00500011	0	0	126.466	-675.391	0.010489	6	5	5	5	451.566	392	34.6189	1.79539	0.0448979	0.668026	7.24472	43.9381	18.1549	98.7187	1	1	1	1	0	0	0	0
07.08.2015 06:33:37.744000	-0.00500011	0	0	126.469	-675.391	0.00976563	6	5	5	5	401.976	392	34.6676	1.68457	-0.0659198	0.66502	7.27394	44.1074	18.3084	98.7792	1	1	1	1	0	0	0	0
07.08.2015 06:33:37.844000	-0.00500011	0	0	126.469	-675.391	0.00940393	6	5	5	5	353.918	392	34.7154	1.7552	0.00471073	0.66502	7.3405	44.2453	18.4544	98.7482	1	1	1	1	0	0	0	0
07.08.2015 06:33:37.944000	-0.00500011	0	0	126.469	-675.391	0.00705295	6	5	5	5	409.11	392	34.7711	1.84682	0.0963241	0.66502	7.45815	44.3644	18.5662	98.7762	1	1	1	1	0	0	0	0
07.08.2015 06:33:38.044000	-0.00500011	0	0	126.469	-675.391	0.00614873	6	5	5	5	392.712	392	34.8208	1.73936	-0.011127	0.660173	7.42679	44.4661	18.6628	98.7958	1	1	1	1	0	0	0	0
07.08.2015 06:33:38.144000	-0.00500011	0	0	126.469	-675.391	0.00379774	6	5	5	5	462.8	392	34.8701	1.65569	-0.0948033	0.503464	7.40683	44.5704	18.7527	98.851	1	1	1	1	0	0	0	0
07.08.2015 06:33:38.244000	-0.00500011	0	0	126.469	-675.391	0.00144676	6	5	5	5	424.499	392	34.9188	1.43313	-0.317365	0.503464	7.32846	44.6755	18.8428	98.9082	1	1	1	1	0	0	0	0
07.08.2015 06:33:38.344000	-0.00500011	0	0	126.469	-675.391	0.00271267	6	5	5	5	368.2	392	34.9666	1.51669	-0.233798	0.503464	7.37616	44.7576	18.9234	98.9138	1	1	1	1	0	0	0	0
07.08.2015 06:33:38.444000	-0.00500011	0	0	126.474	-675.391	0.00470197	6	5	5	5	416.702	392	35.0153	1.46882	-0.281668	0.503464	7.38469	44.8297	19	98.8968	1	1	1	1	0	0	0	0
07.08.2015 06:33:38.544000	-0.00500011	0	0	126.477	-675.391	0.00651042	6	5	5	5	432.012	392	35.0591	1.37826	-0.372235	0.503464	7.35127	44.912	19.0765	98.9187	1	1	1	1	0	0	0	0
07.08.2015 06:33:38.644000	-0.00500011	0	0	126.477	-675.391	0.00651042	6	5	5	5	381.647	392	35.1028	1.31861	-0.431886	0.47767	7.33583	44.9831	19.148	98.9174	1	1	1	1	0	0	0	0
07.08.2015 06:33:38.744000	-0.00500011	0	0	126.48	-675.391	0.00759549	6	5	5	5	335.746	392	35.1471	1.28424	-0.466247	0.466616	7.36664	45.0395	19.201	98.9302	1	1	1	1	0	0	0	0
07.08.2015 06:33:38.844000	-0.00500011	0	0	126.479	-675.391	0.00795718	6	5	5	5	289.775	392	35.1914	1.32319	-0.427298	0.466616	7.42582	45.0893	19.2557	98.9115	1	1	1	1	0	0	0	0
07.08.2015 06:33:38.944000	-0.00500011	0	0	126.48	-675.391	0.00813802	6	5	5	5	455.595	392	35.2337	1.4206	-0.32989	0.466616	7.477	45.1349	19.2926	98.9447	1	1	1	1	0	0	0	0
07.08.2015 06:33:39.044000	-0.00500011	0	0	126.479	-675.391	0.00868056	6	5	5	5	457.254	392	35.2799	1.43971	-0.310784	0.466616	7.39059	45.1782	19.3375	98.9389	1	1	1	1	0	0	0	0
07.08.2015 06:33:39.144000	-0.00500011	0	0	126.484	-675.391	0.00596788	6	5	5	5	370.185	392	35.3272	1.40316	-0.347332	0.463759	7.33077	45.2139	19.3844	98.8961	1	1	1	1	0	0	0	0
07.08.2015 06:33:39.244000	-0.00500011	0	0	126.482	-675.391	0.00397859	6	5	5	5	387.637	392	35.3729	1.37465	-0.375843	0.453014	7.35022	45.2488	19.4156	98.9101	1	1	1	1	0	0	0	0
07.08.2015 06:33:39.344000	-0.00500011	0	0	126.484	-675.391	0.00651042	6	5	5	5	386.786	392	35.4167	1.37747	-0.373017	0.453014	7.38563	45.2765	19.4447	98.905	1	1	1	1	0	0	0	0
07.08.2015 06:33:39.444000	-0.00500011	0	0	126.484	-675.391	0.00289352	6	5	5	5	373.095	392	35.466	1.39027	-0.36022	0.453014	7.36377	45.2977	19.4745	98.8718	1	1	1	1	0	0	0	0
07.08.2015 06:33:39.544000	-0.00500011	0	0	126.484	-675.391	0.00325521	6	5	5	5	373.483	392	35.5117	1.4183	-0.332187	0.453014	7.36798	45.3194	19.4947	98.8776	1	1	1	1	0	0	0	0
07.08.2015 06:33:39.644000	-0.00500011	0	0	126.484	-675.391	0.00542535	6	5	5	5	404.195	392	35.5595	1.44946	-0.301032	0.453014	7.39359	45.3411	19.5199	98.8643	1	1	1	1	0	0	0	0
07.08.2015 06:33:39.744000	-0.00500011	0	0	126.484	-675.391	0.00542535	6	5	5	5	416.029	392	35.6077	1.45254	-0.297955	0.462406	7.40126	45.3594	19.5361	98.8722	1	1	1	1	0	0	0	0
07.08.2015 06:33:39.844000	-0.00500011	0	0	126.484	-675.391	0.00651042	6	5	5	5	401.498	392	35.6525	1.43388	-0.316607	0.464063	7.3826	45.3761	19.5585	98.8507	1	1	1	1	0	0	0	0
07.08.2015 06:33:39.944000	-0.00500011	0	0	126.484	-675.391	0.00542535	6	5	5	5	471.61	392	35.6983	1.39029	-0.360206	0.464063	7.34292	45.3935	19.5632	98.8994	1	1	1	1	0	0	0	0
07.08.2015 06:33:40.044000	-0.00500011	0	0	126.487	-675.391	0.00289352	6	5	5	5	394.138	392	35.746	1.30629	-0.444197	0.464063	7.27825	45.4014	19.5897	98.8278	1	1	1	1	0	0	0	0
07.08.2015 06:33:40.144000	-0.00500011	0	0	126.488	-675.391	0.00271267	6	5	5	5	356.543	392	35.7913	1.24786	-0.502628	0.464063	7.36202	45.4139	19.6111	98.7937	1	1	1	1	0	0	0	0
07.08.2015 06:33:40.244000	-0.00500011	0	0	126.492	-675.393	0.00217014	6	5	5	5	323.432	392	35.8311	1.24274	-0.507754	0.459764	7.39826	45.4425	19.6236	98.8554	1	1	1	1	0	0	0	0
07.08.2015 06:33:40.344000	-0.00500011	0	0	126.492	-675.391	0.000542535	6	5	5	5	365.127	392	35.8738	1.29973	-0.450761	0.451418	7.4158	45.4612	19.6393	98.8671	1	1	1	1	0	0	0	0
07.08.2015 06:33:40.444000	-0.00500011	0	0	126.497	-675.391	0.00036169	6	5	5	5	387.609	392	35.9206	1.36681	-0.383685	0.451418	7.41786	45.4675	19.6515	98.8444	1	1	1	1	0	0	0	0
07.08.2015 06:33:40.544000	-0.00500011	0	0	126.492	-675.391	0.00217014	6	5	5	5	392.118	392	35.9679	1.41323	-0.33726	0.451418	7.37373	45.4711	19.659	98.8292	1	1	1	1	0	0	0	0
07.08.2015 06:33:40.644000	-0.00500011	0	0	126.495	-675.391	0.00289352	6	5	5	5	345.881	392	36.0131	1.45191	-0.298586	0.451418	7.35601	45.4656	19.6709	98.7626	1	1	1	1	0	0	0	0
07.08.2015 06:33:40.744000	-0.00500011	0	0	126.496	-675.391	0.00217014	6	5	5	5	327.479	392	36.0629	1.52564	-0.224848	0.451418	7.38123	45.4814	19.6703	98.8257	1	1	1	1	0	0	0	0
07.08.2015 06:33:40.844000	-0.00500011	0	0	126.5	-675.391	0.00470197	6	5	5	5	384.376	392	36.1116	1.63058	-0.119915	0.460948	7.42871	45.4726	19.6703	98.7918	1	1	1	1	0	0	0	0
07.08.2015 06:33:40.944000	-0.00500011	0	0	126.5	-675.391	0.00542535	6	5	5	5	394.247	392	36.1668	1.72276	-0.0277311	0.46145	7.40723	45.454	19.6609	98.7566	1	1	1	1	0	0	0	0
07.08.2015 06:33:41.044000	-0.00500011	0	0	126.5	-675.391	0.00614873	6	5	5	5	399.072	392	36.22	1.789	0.0385044	0.46145	7.41312	45.4335	19.6504	98.7185	1	1	1	1	0	0	0	0
07.08.2015 06:33:41.144000	-0.00500011	0	0	126.5	-675.395	0.00596788	6	5	5	5	429.633	392	36.2743	1.80034	0.0498506	0.46145	7.38028	45.4077	19.6334	98.6848	1	1	1	1	0	0	0	0
07.08.2015 06:33:41.244000	-0.00500011	0	0	126.5	-675.391	0.00542535	6	5	5	5	423.931	392	36.33	1.7723	0.0218089	0.491648	7.32313	45.3963	19.6266	98.6671	1	1	1	1	0	0	0	0
07.08.2015 06:33:41.344000	-0.00500011	0	0	126.5	-675.391	0.0016276	6	5	5	5	431.449	392	36.3847	1.71366	-0.0368309	0.543068	7.31858	45.3977	19.6151	98.7166	1	1	1	1	0	0	0	0
07.08.2015 06:33:41.444000	-0.00500011	0	0	126.5	-675.391	0.00144676	6	5	5	5	365.098	392	36.4364	1.65299	-0.0975	0.543068	7.31019	45.3876	19.6222	98.6505	1	1	1	1	0	0	0	0
07.08.2015 06:33:41.544000	-0.00500011	0	0	126.508	-675.391	-0.000542535	6	5	5	5	323.18	392	36.4867	1.65145	-0.0990385	0.543068	7.37261	45.3828	19.6304	98.6007	1	1	1	1	0	0	0	0
07.08.2015 06:33:41.644000	-0.00500011	0	0	126.503	-675.391	0.00144676	6	5	5	5	359.768	392	36.5399	1.70727	-0.0432172	0.543068	7.40303	45.3851	19.6247	98.6311	1	1	1	1	0	0	0	0
07.08.2015 06:33:41.744000	-0.00500011	0	0	126.508	-675.391	0	6	5	5	5	398.192	392	36.5936	1.76706	0.016568	0.53376	7.38281	45.3875	19.622	98.6509	1	1	1	1	0	0	0	0
07.08.2015 06:33:41.844000	-0.00500011	0	0	126.508	-675.393	0.00072338	6	5	5	5	367.184	392	36.6453	1.81543	0.0649388	0.529176	7.37377	45.3758	19.6102	98.6516	1	1	1	1	0	0	0	0
07.08.2015 06:33:41.944000	-0.00500011	0	0	126.516	-675.391	0	6	5	5	5	416.181	392	36.6991	1.86432	0.113828	0.529176	7.36787	45.3623	19.5914	98.672	1	1	1	1	0	0	0	0
07.08.2015 06:33:42.044000	-0.00500011	0	0	126.513	-675.393	0.00253183	6	5	5	5	396.32	392	36.7602	1.87601	0.125523	0.529176	7.36824	45.3404	19.5805	98.6297	1	1	1	1	0	0	0	0
07.08.2015 06:33:42.144000	-0.00500011	0	0	126.516	-675.391	0.00217014	6	5	5	5	426.794	392	36.817	1.86742	0.116929	0.532746	7.37529	45.3362	19.5666	98.6668	1	1	1	1	0	0	0	0
07.08.2015 06:33:42.244000	-0.00500011	0	0	126.516	-675.391	0.00289352	6	5	5	5	400.353	392	36.8707	1.83186	0.0813654	0.551487	7.36621	45.3265	19.5641	98.639	1	1	1	1	0	0	0	0
07.08.2015 06:33:42.344000	-0.00500011	0	0	126.516	-675.391	0.00325521	6	5	5	5	383.473	392	36.9269	1.80607	0.0555813	0.551487	7.39797	45.3202	19.5605	98.629	1	1	1	1	0	0	0	0
07.08.2015 06:33:42.444000	-0.00500011	0	0	126.516	-675.391	0.00144676	6	5	5	5	345.409	392	36.9811	1.79289	0.0423955	0.551487	7.36791	45.3167	19.56	98.6173	1	1	1	1	0	0	0	0
07.08.2015 06:33:42.544000	-0.00500011	0	0	126.516	-675.391	0.00108507	6	5	5	5	304.685	392	37.0328	1.84601	0.0955199	0.551487	7.41815	45.3172	19.5595	98.621	1	1	1	1	0	0	0	0
07.08.2015 06:33:42.644000	-0.00500011	0	0	126.523	-675.391	0.00036169	6	5	5	5	441.289	392	37.0875	1.94051	0.190021	0.547865	7.43222	45.3197	19.5414	98.7	1	1	1	1	0	0	0	0
07.08.2015 06:33:42.744000	-0.00500011	0	0	126.523	-675.391	0.000542535	6	5	5	5	374.84	392	37.1457	1.98486	0.234369	0.54545	7.35022	45.2958	19.5369	98.6255	1	1	1	1	0	0	0	0
07.08.2015 06:33:42.844000	-0.00500011	0	0	126.523	-675.391	0.00108507	6	5	5	5	419.219	392	37.2059	2.0098	0.259308	0.54545	7.36404	45.2757	19.5235	98.6	1	1	1	1	0	0	0	0
07.08.2015 06:33:42.944000	-0.00500011	0	0	126.523	-675.391	0.000542535	6	5	5	5	338.479	392	37.2676	2.01081	0.260316	0.54545	7.35106	45.2496	19.5168	98.5259	1	1	1	1	0	0	0	0
07.08.2015 06:33:43.044000	-0.00500011	0	0	126.523	-675.391	0.00108507	6	5	5	5	349.172	392	37.3258	2.05637	0.305874	0.563136	7.395	45.2441	19.4965	98.5825	1	1	1	1	0	0	0	0
07.08.2015 06:33:43.144000	-0.00500011	0	0	126.527	-675.391	0.00325521	6	5	5	5	380.973	392	37.386	2.13353	0.383036	0.590798	7.41786	45.2213	19.4737	98.5825	1	1	1	1	0	0	0	0
07.08.2015 06:33:43.244000	-0.00500011	0	0	126.531	-675.391	0.00325521	6	5	5	5	441.262	392	37.4457	2.18193	0.43144	0.590798	7.38531	45.1822	19.4526	98.5137	1	1	1	1	0	0	0	0
07.08.2015 06:33:43.344000	-0.00500011	0	0	126.531	-675.391	0.00379774	6	5	5	5	390.325	392	37.5148	2.18075	0.430261	0.590798	7.33727	45.1667	19.4383	98.5086	1	1	1	1	0	0	0	0
07.08.2015 06:33:43.444000	-0.00500011	0	0	126.531	-675.391	0.00144676	6	5	5	5	416.608	392	37.576	2.17309	0.422602	0.605801	7.33427	45.1471	19.4197	98.5051	1	1	1	1	0	0	0	0
07.08.2015 06:33:43.544000	-0.00500011	0	0	126.539	-675.391	0.000542535	6	5	5	5	421.973	392	37.6347	2.15645	0.405962	0.626518	7.35699	45.1267	19.4028	98.4918	1	1	1	1	0	0	0	0
07.08.2015 06:33:43.644000	-0.00500011	0	0	126.539	-675.391	0	6	5	5	5	367.383	392	37.6934	2.11585	0.365359	0.626518	7.35977	45.1196	19.4028	98.4644	1	1	1	1	0	0	0	0
07.08.2015 06:33:43.744000	-0.00500011	0	0	126.539	-675.391	-0.000542535	6	5	5	5	306.842	392	37.7616	2.11614	0.36565	0.626518	7.43305	45.109	19.3975	98.4441	1	1	1	1	0	0	0	0
07.08.2015 06:33:43.844000	-0.00500011	0	0	126.539	-675.391	0.00108507	6	5	5	5	374.238	392	37.8207	2.18961	0.439119	0.62077	7.45884	45.0978	19.3838	98.4539	1	1	1	1	0	0	0	0
07.08.2015 06:33:43.944000	-0.00500011	0	0	126.539	-675.391	0.000542535	6	5	5	5	461.881	392	37.8804	2.24909	0.498602	0.609613	7.43276	45.0924	19.3601	98.5238	1	1	1	1	0	0	0	0
07.08.2015 06:33:44.044000	-0.00500011	0	0	126.539	-675.393	0.00578704	6	5	5	5	375.929	392	37.9431	2.23461	0.484119	0.609613	7.35315	45.0642	19.3564	98.4299	1	1	1	1	0	0	0	0
07.08.2015 06:33:44.144000	-0.00500011	0	0	126.539	-675.391	0.00596788	6	5	5	5	330.371	392	38.0122	2.23703	0.486537	0.609613	7.42495	45.048	19.3439	98.4158	1	1	1	1	0	0	0	0
07.08.2015 06:33:44.244000	-0.00500011	0	0	126.539	-675.391	0.0072338	6	5	5	5	372.83	392	38.0724	2.29469	0.544196	0.618278	7.48376	45.0444	19.3243	98.4773	1	1	1	1	0	0	0	0
07.08.2015 06:33:44.344000	-0.00500011	0	0	126.539	-675.391	0.00759549	6	5	5	5	375.571	392	38.1356	2.35869	0.608194	0.631276	7.43663	45.0171	19.307	98.4387	1	1	1	1	0	0	0	0
07.08.2015 06:33:44.444000	-0.00500011	0	0	126.542	-675.391	0.00868056	6	5	5	5	366.26	392	38.2028	2.42465	0.674156	0.631276	7.43088	44.9967	19.282	98.4565	1	1	1	1	0	0	0	0
07.08.2015 06:33:44.544000	-0.00500011	0	0	126.547	-675.391	0.00651042	6	5	5	5	399.105	392	38.2709	2.48751	0.737022	0.631276	7.41699	44.9568	19.2627	98.3777	1	1	1	1	0	0	0	0
07.08.2015 06:33:44.644000	-0.00500011	0	0	126.547	-675.391	0.00578704	6	5	5	5	402.757	392	38.3356	2.51931	0.768817	0.658262	7.37363	44.9372	19.2242	98.45	1	1	1	1	0	0	0	0
07.08.2015 06:33:44.744000	-0.00500011	0	0	126.551	-675.391	0.00271267	6	5	5	5	343.351	392	38.4122	2.53901	0.788514	0.670387	7.38462	44.9257	19.2064	98.4743	1	1	1	1	0	0	0	0
07.08.2015 06:33:44.844000	-0.00500011	0	0	126.552	-675.391	0.00217014	6	5	5	5	392.605	392	38.4768	2.59168	0.841194	0.670387	7.43482	44.8413	19.1827	98.2606	1	1	1	1	0	0	0	0
07.08.2015 06:33:44.944000	-0.00500011	0	0	126.555	-675.391	0.0016276	6	5	5	5	414.365	392	38.55	2.62745	0.87696	0.676901	7.38487	44.8549	19.16	98.3738	1	1	1	1	0	0	0	0
07.08.2015 06:33:45.044000	-0.00500011	0	0	126.555	-675.391	0.00036169	6	5	5	5	393.938	392	38.6221	2.62179	0.871293	0.706575	7.33233	44.7975	19.1352	98.256	1	1	1	1	0	0	0	0
07.08.2015 06:33:45.144000	-0.00500011	0	0	126.555	-675.391	0.00108507	6	5	5	5	414.46	392	38.6917	2.62206	0.871567	0.706575	7.34936	44.792	19.1062	98.3457	1	1	1	1	0	0	0	0
07.08.2015 06:33:45.244000	-0.00500011	0	0	126.555	-675.391	0.00289352	6	5	5	5	418.389	392	38.7693	2.59819	0.847698	0.706575	7.3366	44.747	19.0909	98.2319	1	1	1	1	0	0	0	0
07.08.2015 06:33:45.344000	-0.00500011	0	0	126.555	-675.391	0.00217014	6	5	5	5	365.532	392	38.8335	2.55803	0.807534	0.712254	7.35781	44.7306	19.0845	98.1936	1	1	1	1	0	0	0	0
07.08.2015 06:33:45.444000	-0.00500011	0	0	126.555	-675.391	0.00542535	6	5	5	5	362.537	392	38.9111	2.55606	0.805568	0.714689	7.42105	44.7342	19.0696	98.2646	1	1	1	1	0	0	0	0
07.08.2015 06:33:45.544000	-0.00500011	0	0	126.559	-675.391	0.00217014	6	5	5	5	340.068	392	38.9767	2.59722	0.846729	0.714689	7.43963	44.7041	19.0572	98.1966	1	1	1	1	0	0	0	0
07.08.2015 06:33:45.644000	-0.00500011	0	0	126.56	-675.391	0.00036169	6	5	5	5	380.813	392	39.0499	2.66739	0.916896	0.713534	7.41707	44.7229	19.0459	98.3123	1	1	1	1	0	0	0	0
07.08.2015 06:33:45.744000	-0.00500011	0	0	126.563	-675.391	0.000542535	6	5	5	5	373.701	392	39.1225	2.73225	0.981757	0.708614	7.40528	44.6526	19.0219	98.1349	1	1	1	1	0	0	0	0
07.08.2015 06:33:45.844000	-0.00500011	0	0	126.563	-675.391	0	6	5	5	5	420.396	392	39.1991	2.77986	1.02936	0.708614	7.39005	44.6722	18.9974	98.3037	1	1	1	1	0	0	0	0
07.08.2015 06:33:45.944000	-0.00500011	0	0	126.57	-675.391	-0.00325521	6	5	5	5	319.507	392	39.2722	2.81024	1.05975	0.708614	7.414	44.5946	18.9803	98.0718	1	1	1	1	0	0	0	0
07.08.2015 06:33:46.044000	-0.00500011	0	0	126.565	-675.391	-0.00108507	6	5	5	5	353.453	392	39.3508	2.88356	1.13306	0.741538	7.45569	44.6259	18.9505	98.3058	1	1	1	1	0	0	0	0
07.08.2015 06:33:46.144000	-0.00500011	0	0	126.57	-675.391	-0.0016276	6	5	5	5	387.642	392	39.4234	2.96109	1.2106	0.746898	7.43767	44.5082	18.9179	97.98	1	1	1	1	0	0	0	0
07.08.2015 06:33:46.244000	-0.00500011	0	0	126.57	-675.391	0.00036169	6	5	5	5	403.955	392	39.5065	3.01681	1.26632	0.746898	7.4156	44.5465	18.8744	98.2934	1	1	1	1	0	0	0	0
07.08.2015 06:33:46.344000	-0.00500011	0	0	126.57	-675.391	0	6	5	5	5	451.213	392	39.5806	3.03659	1.2861	0.772907	7.41143	44.4232	18.8384	97.9592	1	1	1	1	0	0	0	0
07.08.2015 06:33:46.444000	-0.00500011	0	0	126.57	-675.391	0.00253183	6	5	5	5	399.939	392	39.6637	3.00938	1.25889	0.784592	7.38961	44.4675	18.8142	98.2212	1	1	1	1	0	0	0	0
07.08.2015 06:33:46.544000	-0.00500011	0	0	126.57	-675.391	0.00488281	6	5	5	5	383.033	392	39.7388	2.97504	1.22455	0.784592	7.37371	44.3962	18.7887	98.0459	1	1	1	1	0	0	0	0
07.08.2015 06:33:46.644000	-0.00500011	0	0	126.57	-675.391	0.00434028	6	5	5	5	364.946	392	39.8164	2.96237	1.21188	0.77788	7.42681	44.4075	18.7711	98.1564	1	1	1	1	0	0	0	0
07.08.2015 06:33:46.744000	-0.00500011	0	0	126.574	-675.391	0.00325521	6	5	5	5	368.733	392	39.893	2.97487	1.22438	0.77	7.42833	44.365	18.7548	98.0564	1	1	1	1	0	0	0	0
07.08.2015 06:33:46.844000	-0.00500011	0	0	126.576	-675.391	0.00289352	6	5	5	5	350.239	392	39.9706	3.02345	1.27296	0.77	7.47907	44.3305	18.749	97.9461	1	1	1	1	0	0	0	0
07.08.2015 06:33:46.944000	-0.00500011	0	0	126.578	-675.391	0.00108507	6	5	5	5	345.174	392	40.0532	3.09336	1.34287	0.775132	7.44792	44.3846	18.7249	98.2457	1	1	1	1	0	0	0	0
07.08.2015 06:33:47.044000	-0.00500011	0	0	126.578	-675.391	0.00036169	6	5	5	5	378.492	392	40.1327	3.17822	1.42773	0.787105	7.44317	44.2604	18.7025	97.8559	1	1	1	1	0	0	0	0
07.08.2015 06:33:47.144000	-0.00500011	0	0	126.578	-675.391	0.00108507	6	5	5	5	374.504	392	40.2158	3.25704	1.50654	0.787105	7.45734	44.3347	18.6719	98.2579	1	1	1	1	0	0	0	0
07.08.2015 06:33:47.244000	-0.00500011	0	0	126.578	-675.391	0.00108507	6	5	5	5	380.151	392	40.3049	3.3249	1.5744	0.808297	7.48579	44.2207	18.6348	97.9632	1	1	1	1	0	0	0	0
07.08.2015 06:33:47.344000	-0.00500011	0	0	126.582	-675.391	0.000542535	6	5	5	5	404.225	392	40.3899	3.37668	1.62619	0.845973	7.48695	44.1643	18.5978	97.8891	1	1	1	1	0	0	0	0
07.08.2015 06:33:47.444000	-0.00500011	0	0	126.586	-675.391	0.00072338	6	5	5	5	412.333	392	40.4735	3.39545	1.64496	0.845973	7.46385	44.1906	18.5631	98.1223	1	1	1	1	0	0	0	0
07.08.2015 06:33:47.544000	-0.00500011	0	0	126.59	-675.391	0.00271267	6	5	5	5	416.829	392	40.5645	3.38818	1.63769	0.857818	7.42128	44.1006	18.5342	97.8886	1	1	1	1	0	0	0	0
07.08.2015 06:33:47.644000	-0.00500011	0	0	126.591	-675.391	0.00397859	6	5	5	5	446.796	392	40.6501	3.35567	1.60517	0.869662	7.40156	44.0666	18.5155	97.8302	1	1	1	1	0	0	0	0
07.08.2015 06:33:47.744000	-0.00500011	0	0	126.594	-675.391	0.00488281	6	5	5	5	423.971	392	40.7356	3.27775	1.52726	0.869662	7.39206	44.1104	18.4962	98.0714	1	1	1	1	0	0	0	0
07.08.2015 06:33:47.844000	-0.00500011	0	0	126.594	-675.391	0.00506366	6	5	5	5	351.483	392	40.8162	3.21152	1.46102	0.856387	7.40592	44.0499	18.5123	97.7785	1	1	1	1	0	0	0	0
07.08.2015 06:33:47.944000	-0.00500011	0	0	126.594	-675.391	0.00325521	6	5	5	5	369.336	392	40.9028	3.18915	1.43866	0.845956	7.43831	44.0905	18.5165	97.9176	1	1	1	1	0	0	0	0
07.08.2015 06:33:48.044000	-0.00500011	0	0	126.594	-675.391	0.00217014	6	5	5	5	307.497	392	40.9813	3.21469	1.46419	0.845956	7.42218	44.1545	18.5194	98.1517	1	1	1	1	0	0	0	0
07.08.2015 06:33:48.144000	-0.00500011	0	0	126.594	-675.391	0	6	5	5	5	384.494	392	41.0634	3.30507	1.55458	0.83263	7.44747	44.0457	18.5157	97.7491	1	1	1	1	0	0	0	0
07.08.2015 06:33:48.244000	-0.00500011	0	0	126.596	-675.391	0.00108507	6	5	5	5	379.669	392	41.1544	3.3788	1.6283	0.820812	7.45253	44.0871	18.5098	97.9302	1	1	1	1	0	0	0	0
07.08.2015 06:33:48.344000	-0.00500011	0	0	126.602	-675.391	0.000542535	6	5	5	5	343.69	392	41.237	3.44202	1.69153	0.820812	7.43919	44.0551	18.4878	97.8919	1	1	1	1	0	0	0	0
07.08.2015 06:33:48.444000	-0.00500011	0	0	126.604	-675.391	0.00144676	6	5	5	5	437.82	392	41.3231	3.51761	1.76711	0.851045	7.45506	43.9858	18.4742	97.679	1	1	1	1	0	0	0	0
07.08.2015 06:33:48.544000	-0.00500011	0	0	126.609	-675.391	0.00217014	6	5	5	5	386.952	392	41.4111	3.54654	1.79605	0.86662	7.40948	43.9318	18.4639	97.5117	1	1	1	1	0	0	0	0
07.08.2015 06:33:48.644000	-0.00500011	0	0	126.607	-675.391	0.00325521	6	5	5	5	406.512	392	41.5031	3.55597	1.80548	0.86662	7.37561	43.9151	18.4321	97.5694	1	1	1	1	0	0	0	0
07.08.2015 06:33:48.744000	-0.00500011	0	0	126.609	-675.391	0.00271267	6	5	5	5	390.231	392	41.5917	3.55373	1.80324	0.891299	7.40142	43.8884	18.4096	97.5535	1	1	1	1	0	0	0	0
07.08.2015 06:33:48.844000	-0.00500011	0	0	126.609	-675.391	0.00289352	6	5	5	5	402.734	392	41.6787	3.55308	1.80258	0.894664	7.4648	43.839	18.3902	97.4387	1	1	1	1	0	0	0	0
07.08.2015 06:33:48.944000	-0.00500011	0	0	126.609	-675.391	0.00217014	6	5	5	5	440.83	392	41.7683	3.52129	1.7708	0.893903	7.40647	43.834	18.3791	97.4619	1	1	1	1	0	0	0	0
07.08.2015 06:33:49.044000	-0.00500011	0	0	126.612	-675.391	0	6	5	5	5	375.646	392	41.8578	3.4671	1.71661	0.881977	7.35249	43.8742	18.369	97.6544	1	1	1	1	0	0	0	0
07.08.2015 06:33:49.144000	-0.00500011	0	0	126.609	-675.391	0.00108507	6	5	5	5	361.45	392	41.9488	3.44626	1.69577	0.881977	7.39685	43.8486	18.3855	97.493	1	1	1	1	0	0	0	0
07.08.2015 06:33:49.244000	-0.00500011	0	0	126.617	-675.391	0.00072338	6	5	5	5	335.128	392	42.0339	3.46973	1.71924	0.881961	7.46636	43.8283	18.3818	97.4296	1	1	1	1	0	0	0	0
07.08.2015 06:33:49.344000	-0.00500011	0	0	126.617	-675.391	0	6	5	5	5	438.054	392	42.1229	3.5144	1.7639	0.881911	7.48646	43.8362	18.3721	97.4972	1	1	1	1	0	0	0	0
07.08.2015 06:33:49.444000	-0.00500011	0	0	126.62	-675.391	0.00036169	6	5	5	5	344.645	392	42.2095	3.53747	1.78698	0.881911	7.44907	43.8494	18.3715	97.5495	1	1	1	1	0	0	0	0
07.08.2015 06:33:49.544000	-0.00500011	0	0	126.617	-675.391	0	6	5	5	5	360.855	392	42.3045	3.58714	1.83664	0.891152	7.45203	43.7798	18.359	97.3312	1	1	1	1	0	0	0	0
07.08.2015 06:33:49.644000	-0.00500011	0	0	126.625	-675.391	0.00325521	6	5	5	5	396.349	392	42.396	3.64775	1.89726	0.901164	7.44404	43.7841	18.3416	97.4144	1	1	1	1	0	0	0	0
07.08.2015 06:33:49.744000	-0.00500011	0	0	126.625	-675.391	0.00922309	6	5	5	5	372.58	392	42.4875	3.69246	1.94197	0.901164	7.39083	43.7477	18.319	97.3614	1	1	1	1	0	0	0	0
07.08.2015 06:33:49.844000	-0.00500011	0	0	126.625	-675.391	0.00578704	6	5	5	5	429.376	392	42.5791	3.72044	1.96995	0.91392	7.38085	43.7742	18.2927	97.5635	1	1	1	1	0	0	0	0
07.08.2015 06:33:49.944000	-0.00500011	0	0	126.625	-675.391	0.00596788	6	5	5	5	399.758	392	42.6706	3.71563	1.96514	0.91773	7.38277	43.7117	18.2797	97.374	1	1	1	1	0	0	0	0
07.08.2015 06:33:50.044000	-0.00500011	0	0	126.625	-675.391	0.00253183	6	5	5	5	415.708	392	42.7626	3.69733	1.94684	0.917971	7.37588	43.6737	18.2625	97.2943	1	1	1	1	0	0	0	0
07.08.2015 06:33:50.144000	-0.00500011	0	0	126.625	-675.391	0.0016276	6	5	5	5	416.501	392	42.8511	3.65335	1.90286	0.92117	7.39695	43.6841	18.2632	97.3315	1	1	1	1	0	0	0	0
07.08.2015 06:33:50.244000	-0.00500011	0	0	126.625	-675.391	0	6	5	5	5	296.725	392	42.9447	3.63483	1.88434	0.92117	7.43306	43.6235	18.2664	97.0873	1	1	1	1	0	0	0	0
07.08.2015 06:33:50.344000	-0.00500011	0	0	126.629	-675.391	-0.00217014	6	5	5	5	364.108	392	43.0322	3.70007	1.94958	0.912853	7.4581	43.7262	18.257	97.5166	1	1	1	1	0	0	0	0
07.08.2015 06:33:50.444000	-0.00500011	0	0	126.633	-675.391	-0.00434028	6	5	5	5	414.605	392	43.1262	3.76388	2.01339	0.891467	7.43611	43.7142	18.2456	97.5145	1	1	1	1	0	0	0	0
07.08.2015 06:33:50.544000	-0.00500011	0	0	126.633	-675.391	-0.00271267	6	5	5	5	435.148	392	43.2182	3.77107	2.02058	0.891467	7.39149	43.6914	18.2277	97.4953	1	1	1	1	0	0	0	0
07.08.2015 06:33:50.644000	-0.00500011	0	0	126.633	-675.391	-0.00144676	6	5	5	5	403.689	392	43.3137	3.75429	2.00379	0.923917	7.32241	43.6446	18.2188	97.3504	1	1	1	1	0	0	0	0
07.08.2015 06:33:50.744000	-0.00500011	0	0	126.641	-675.391	0.000542535	6	5	5	5	398.424	392	43.4063	3.72745	1.97696	0.94217	7.33022	43.6684	18.218	97.4448	1	1	1	1	0	0	0	0
07.08.2015 06:33:50.844000	-0.00500011	0	0	126.641	-675.391	0.00144676	6	5	5	5	319.77	392	43.5008	3.72132	1.97083	0.942205	7.37159	43.6661	18.2272	97.4004	1	1	1	1	0	0	0	0
07.08.2015 06:33:50.944000	-0.00500011	0	0	126.641	-675.391	0.00108507	6	5	5	5	362.992	392	43.5963	3.78227	2.03178	0.945692	7.41085	43.641	18.2126	97.3602	1	1	1	1	0	0	0	0
07.08.2015 06:33:51.044000	-0.00500011	0	0	126.641	-675.391	0.00036169	6	5	5	5	424.88	392	43.6903	3.83675	2.08625	0.945692	7.38668	43.6183	18.2031	97.31	1	1	1	1	0	0	0	0
07.08.2015 06:33:51.144000	-0.00500011	0	0	126.641	-675.391	0.000542535	6	5	5	5	439.904	392	43.7858	3.83402	2.08353	0.941969	7.31338	43.6089	18.1885	97.3294	1	1	1	1	0	0	0	0
07.08.2015 06:33:51.244000	-0.00500011	0	0	126.641	-675.391	0.00036169	6	5	5	5	405.364	392	43.8793	3.79434	2.04385	0.935054	7.30919	43.5901	18.1846	97.2726	1	1	1	1	0	0	0	0
07.08.2015 06:33:51.344000	-0.00500011	0	0	126.641	-675.391	0.000542535	6	5	5	5	381.788	392	43.9743	3.76333	2.01284	0.935054	7.36283	43.589	18.189	97.2513	1	1	1	1	0	0	0	0
07.08.2015 06:33:51.444000	-0.00500011	0	0	126.643	-675.391	0.00072338	6	5	5	5	307.364	392	44.0688	3.75843	2.00793	0.948175	7.37319	43.6262	18.207	97.3252	1	1	1	1	0	0	0	0
07.08.2015 06:33:51.544000	-0.00500011	0	0	126.645	-675.391	0.00217014	6	5	5	5	372.228	392	44.1618	3.81337	2.06288	0.952786	7.41997	43.6001	18.1951	97.2707	1	1	1	1	0	0	0	0
07.08.2015 06:33:51.644000	-0.00500011	0	0	126.648	-675.391	0.00470197	6	5	5	5	337.795	392	44.2559	3.88474	2.13425	0.95173	7.41266	43.5488	18.1847	97.1141	1	1	1	1	0	0	0	0
07.08.2015 06:33:51.744000	-0.00500011	0	0	126.648	-675.391	0.00325521	6	5	5	5	389.114	392	44.3528	3.97431	2.22382	0.942231	7.46152	43.5442	18.1611	97.1868	1	1	1	1	0	0	0	0
07.08.2015 06:33:51.844000	-0.00500011	0	0	126.648	-675.391	0.00397859	6	5	5	5	338.118	392	44.4503	4.04843	2.29794	0.942231	7.46046	43.5141	18.1371	97.1634	1	1	1	1	0	0	0	0
07.08.2015 06:33:51.944000	-0.00500011	0	0	126.648	-675.391	0.00542535	6	5	5	5	376.423	392	44.5498	4.15538	2.40489	0.960425	7.4511	43.5217	18.0906	97.3705	1	1	1	1	0	0	0	0
07.08.2015 06:33:52.044000	-0.00500011	0	0	126.651	-675.391	0.00614873	6	5	5	5	431.134	392	44.6523	4.23136	2.48087	0.975312	7.39874	43.4551	18.0491	97.2745	1	1	1	1	0	0	0	0
07.08.2015 06:33:52.144000	-0.00500011	0	0	126.652	-675.391	0.00651042	6	5	5	5	388.721	392	44.7568	4.25403	2.50354	0.983224	7.39442	43.4066	18.0059	97.2543	1	1	1	1	0	0	0	0
07.08.2015 06:33:52.244000	-0.00500011	0	0	126.656	-675.391	0.00651042	6	5	5	5	424.031	392.001	44.8592	4.26048	2.50999	1.03183	7.42434	43.3827	17.9874	97.2333	1	1	1	1	0.18	0	0	0
07.08.2015 06:33:52.344000	-0.00500011	0	0	126.656	-675.391	0.00596788	6	5	5	5	443.533	392.239	44.9632	4.16967	2.41918	1.03183	7.40003	43.3047	17.9658	97.0176	1	1	1	1	1	0	0	0
07.08.2015 06:33:52.444000	-0.00500011	0	0	126.661	-675.391	0.00506366	6	5	5	5	391.397	393.264	45.0632	3.97083	2.22034	1.0261	7.3853	43.3189	17.9774	97.0274	1	1	1	1	1	0	0	0
07.08.2015 06:33:52.544000	-0.00500011	0	0	126.664	-675.391	0.00325521	6	5	5	5	346.468	395.154	45.1597	3.86363	2.11314	1.02375	7.37581	43.3443	18.0095	97.002	1	1	1	1	1	0	0	0
07.08.2015 06:33:52.644000	-0.00500011	0	0	126.664	-675.391	0.0036169	6	5	5	5	365.902	397.908	45.2542	3.93732	2.18683	1.01593	7.43274	43.398	18.0302	97.1284	1	1	1	1	1	0	0	0
07.08.2015 06:33:52.744000	-0.00500011	0	0	126.664	-675.391	0.00217014	6	5	5	5	355.965	401.528	45.3551	4.14678	2.39629	0.971578	7.42253	43.3766	18.0287	97.052	1	1	1	1	1	0	0	0
07.08.2015 06:33:52.844000	-0.00500011	0	0	126.664	-675.391	0.00289352	6	5	5	5	438.164	406.012	45.4611	4.42302	2.67253	0.971578	7.46095	43.384	17.9816	97.2607	1	1	1	1	1	0	0	0
07.08.2015 06:33:52.944000	-0.00500011	0	0	126.668	-675.391	0.00271267	6	5	5	5	389.062	411.362	45.5715	4.60098	2.85049	1.04551	7.43424	43.2517	17.9094	97.0305	1	1	1	1	1	0	0	0
07.08.2015 06:33:53.044000	-0.00500011	0	0	126.664	-675.391	0.00253183	6	5	5	5	493.96	417.576	45.6859	4.75653	3.00603	1.06285	7.37998	43.0972	17.807	96.8311	1	1	1	1	1	0	0	0
07.08.2015 06:33:53.144000	-0.00500011	0	0	126.672	-675.391	0.00325521	6	5	5	5	449.89	424.656	45.8008	4.72428	2.97379	1.10413	7.34812	43.0354	17.7369	96.8629	1	1	1	1	1	0	0	0
07.08.2015 06:33:53.244000	-0.00500011	0	0	126.672	-675.391	0.00180845	6	5	5	5	454.464	432.6	45.9132	4.67283	2.92234	1.13053	7.35752	42.9655	17.6774	96.8232	1	1	1	1	1	0	0	0
07.08.2015 06:33:53.344000	-0.00500011	0	0	126.672	-675.391	0.00271267	6	5	5	5	379.563	441.409	46.0207	4.67645	2.92595	1.12305	7.35754	42.9245	17.6481	96.7781	1	1	1	1	1	0	0	0
07.08.2015 06:33:53.444000	-0.00500011	0	0	126.674	-675.391	0.00108507	6	5	5	5	371.755	451.083	46.1366	4.94697	3.19648	1.11031	7.37318	42.9267	17.5954	96.9886	1	1	1	1	1	0	0	0
07.08.2015 06:33:53.544000	-0.00500011	0	0	126.68	-675.391	0.000542535	6	5	5	5	445.958	461.622	46.2595	5.43412	3.68363	1.14041	7.4291	42.7558	17.4787	96.7809	1	1	1	1	1	0	0	0
07.08.2015 06:33:53.644000	-0.00500011	0	0	126.68	-675.391	0.00072338	6	5	5	5	508.527	473.026	46.3962	5.89626	4.14576	1.20743	7.41157	42.572	17.2864	96.8136	1	1	1	1	1	0	0	0
07.08.2015 06:33:53.744000	-0.00500011	0	0	126.68	-675.391	0.0016276	6	5	5	5	465.782	485.293	46.542	6.24341	4.49292	1.32721	7.35271	42.3201	17.0786	96.6444	1	1	1	1	1	0	0	0
07.08.2015 06:33:53.844000	-0.00500011	0	0	126.68	-675.391	0.00072338	6	5	5	5	486.173	498.426	46.6942	6.59717	4.84668	1.42133	7.33906	42.0706	16.8441	96.5869	1	1	1	1	1	0	0	0
07.08.2015 06:33:53.944000	-0.00500011	0	0	126.68	-675.391	0.00108507	6	5	5	5	578.394	512.425	46.8534	6.93961	5.18912	1.52812	7.35094	41.8135	16.5949	96.557	1	1	1	1	1	0	0	0
07.08.2015 06:33:54.044000	-0.00500011	0	0	126.682	-675.391	0.00325521	6	5	5	5	524.92	527.289	47.021	7.12345	5.37296	1.58335	7.25909	41.5688	16.3852	96.4229	1	1	1	1	1	0	0	0
07.08.2015 06:33:54.144000	-0.00500011	0	0	126.688	-675.391	0.00325521	6	5	5	5	443.366	543.017	47.1881	7.40401	5.65352	1.64753	7.3326	41.3637	16.1916	96.3789	1	1	1	1	1	0	0	0
07.08.2015 06:33:54.244000	-0.00500011	0	0	126.69	-675.391	0.00253183	6	5	5	5	561.272	559.612	47.3647	7.95454	6.20405	1.70194	7.382	41.1537	15.9744	96.4063	1	1	1	1	1	0	0	0
07.08.2015 06:33:54.344000	-0.00500011	0	0	126.691	-675.391	0.00325521	6	5	5	5	603.794	577.07	47.5522	8.52476	6.77427	1.79957	7.30596	40.8872	15.7304	96.3203	1	1	1	1	1	0	0	0
07.08.2015 06:33:54.444000	-0.00500011	0	0	126.695	-675.391	0.00325521	6	5	5	5	568.698	595.393	47.7502	8.97149	7.221	1.89949	7.28108	40.5861	15.4953	96.0676	1	1	1	1	1	0	0	0
07.08.2015 06:33:54.544000	-0.00500011	0	0	126.695	-675.391	0.00325521	6	5	5	5	609.524	614.583	47.9596	9.47314	7.72264	1.9991	7.2787	40.2933	15.2276	95.9716	1	1	1	1	1	0	0	0
07.08.2015 06:33:54.644000	-0.00500011	0	0	126.695	-675.391	0.00036169	6	5	5	5	557.413	634.635	48.1825	10.0549	8.30436	2.1214	7.31004	40.0442	14.984	95.9503	1	1	1	1	1	0	0	0
07.08.2015 06:33:54.744000	-0.00500011	0	0	126.695	-675.391	0.000542535	6	5	5	5	610.71	655.552	48.4163	10.7827	9.03224	2.2739	7.30723	39.7645	14.7326	95.8421	1	1	1	1	1	0	0	0
07.08.2015 06:33:54.844000	-0.00500011	0	0	126.695	-675.391	0.00072338	6	5	5	5	706.263	677.334	48.664	11.5683	9.81777	2.44185	7.2672	39.5057	14.4673	95.8671	1	1	1	1	1	0	0	0
07.08.2015 06:33:54.944000	-0.00500011	0	0	126.699	-675.391	0.00217014	6	5	5	5	634.473	699.981	48.9281	12.2421	10.4916	2.53393	7.2667	39.2308	14.2507	95.6437	1	1	1	1	1	0	0	0
07.08.2015 06:33:55.044000	-0.00500011	0	0	126.701	-675.391	0.00253183	6	5	5	5	688.656	723.501	49.2111	13.0581	11.3076	2.78224	7.3557	39.0113	14.0267	95.6612	1	1	1	1	1	0	0	0
07.08.2015 06:33:55.144000	-0.00500011	0	0	126.703	-675.391	0.00217014	6	5	5	5	768.991	747.871	49.5056	13.918	12.1675	2.9049	7.3136	38.7902	13.8333	95.5579	1	1	1	1	1	0	0	0
07.08.2015 06:33:55.244000	-0.00500011	0	0	126.703	-675.391	0.00434028	6	5	5	5	737.563	773.118	49.819	14.6543	12.9038	3.07081	7.21732	38.5619	13.6753	95.2857	1	1	1	1	1	0	0	0
07.08.2015 06:33:55.344000	-0.00500011	0	0	126.703	-675.391	0.00434028	6	5	5	5	724.068	799.23	50.1433	15.4901	13.7396	3.20281	7.23505	38.3726	13.5072	95.2143	1	1	1	1	1	0	0	0
07.08.2015 06:33:55.444000	-0.00500011	0	0	126.703	-675.391	0.00542535	6	5	5	5	809.439	826.2	50.487	16.4701	14.7196	3.4233	7.24754	38.1974	13.3445	95.164	1	1	1	1	1	0	0	0
07.08.2015 06:33:55.544000	-0.00500011	0	0	126.703	-675.391	0.00434028	6	5	5	5	860.504	854.064	50.8501	17.3646	15.6142	3.58238	7.13184	38.0598	13.2243	95.0819	1	1	1	1	1	0	0	0
07.08.2015 06:33:55.644000	-0.00500011	0	0	126.703	-675.391	0.00651042	6	5	5	5	855.231	882.932	51.2297	18.2024	16.4521	3.75279	7.06745	37.9605	13.1575	94.9585	1	1	1	1	1	0	0	0
07.08.2015 06:33:55.744000	-0.00500011	0	0	126.707	-675.391	0.00488281	6	5	5	5	826.497	912.566	51.6231	19.0961	17.3456	3.90844	7.07396	37.9305	13.1863	94.7409	1	1	1	1	1	0	0	0
07.08.2015 06:33:55.844000	-0.00500011	0	0	126.708	-675.391	0.00470197	6	5	5	5	940.662	943.024	52.033	20.1749	18.4244	4.048	7.19437	37.9626	13.211	94.7631	1	1	1	1	1	0	0	0
07.08.2015 06:33:55.944000	-0.00500011	0	0	126.711	-675.391	0.00379774	6	5	5	5	1048.99	731.73	52.4608	21.1975	11.3526	4.30381	7.08568	38.0482	13.2992	94.7589	1	1	1	1	1	0.41	0	0.41
07.08.2015 06:33:56.044000	-0.00500011	0	0	126.711	-675.391	0.00253183	6	5	5	5	1968.23	392	54.8106	21.4928	0	55.6777	6.90508	85.1568	20.6234	247.086	1	1	1	1	1	1	0.09	1
07.08.2015 06:33:56.144000	-0.00500011	0	0	126.723	-675.383	0.00325521	6	5	5	5	2338.06	392	58.1547	21.4928	0	35.647	5.56777	112.883	1.36991	426.962	1	1	1	1	1	1	1	1
07.08.2015 06:33:56.244000	-0.00500011	0	0	126.727	-675.357	0.00253183	6	5	5	5	40.0068	392	58.1483	21.4928	0	35.647	3.94173	120.082	0.541826	457.696	1	1	1	1	1	1	1	1
07.08.2015 06:33:56.344000	-0.00500011	0	0	126.539	-675.391	0.00271267	6	5	5	5	5.19944	392	58.1483	12.6808	0	35.647	2.38121	134.829	0.429884	514.588	1	1	1	1	1	1	1	0.59
07.08.2015 06:33:56.444000	-0.00500011	0	0	126.518	-675.357	0.00325521	6	5	5	5	1.00559	392	58.1483	0	0	35.647	1.75875	139.487	0.582537	531.838	1	1	1	1	1	1	1	0
07.08.2015 06:33:56.544000	-0.00500011	0	0	126.523	-675.391	0.00271267	6	5	5	5	0.477336	392	58.1483	0	0	35.647	1.35865	138.188	0.457717	527.342	1	1	1	1	1	1	1	0
07.08.2015 06:33:56.644000	-0.00500011	0	0	126.523	-675.404	0.00325521	6	5	5	5	0.460844	392	58.1483	0	0	35.647	1.06892	137.742	0.436171	525.717	1	1	1	1	1	1	1	0
07.08.2015 06:33:56.744000	-0.00500011	0	0	126.508	-675.402	0.00542535	6	5	5	5	0.464273	392	58.1483	0	0	35.647	0.863317	137.613	0.468276	525.101	1	1	1	1	1	1	1	0
07.08.2015 06:33:56.844000	-0.00500011	0	0	126.375	-675.414	0.00397859	6	5	5	5	0.464078	392	58.1483	0	0	35.647	0.749421	137.532	0.477554	524.755	1	1	1	1	1	1	1	0
07.08.2015 06:33:56.944000	-0.00500011	0	0	126.203	-675.414	0.00325521	6	5	5	5	0.381644	392	58.1483	0	0	35.647	0.665025	137.465	0.461684	524.559	1	1	1	1	1	1	1	0
07.08.2015 06:33:57.044000	-0.00500011	0	0	126.18	-675.419	0.00217014	6	5	5	5	0.304188	392	58.1483	0	0	35.2896	0.580382	137.403	0.46321	524.315	1	1	1	1	1	1	1	0
07.08.2015 06:33:57.144000	-0.00500011	0	0	126.18	-675.418	0.000542535	6	5	5	5	0.306589	392	58.1483	0	0	-0.0993941	0.528971	137.342	0.472121	524.046	1	1	1	1	1	1	1	0
07.08.2015 06:33:57.244000	-0.00500011	0	0	126.211	-675.419	0.00180845	6	5	5	5	0.287292	392	58.1483	0	0	-0.0993941	0.492687	137.29	0.476272	523.833	1	1	1	1	1	1	1	0
07.08.2015 06:33:57.344000	-0.00500011	0	0	126.227	-675.422	0.00379774	6	5	5	5	0.304295	392	58.1483	0	0	-0.0993941	0.461755	137.244	0.476394	523.655	1	1	1	1	1	1	1	0
07.08.2015 06:33:57.444000	-0.00500011	0	0	126.234	-675.422	0.00470197	6	5	5	5	0.269618	392	58.1483	0	0	-0.0993941	0.431821	137.192	0.478469	523.448	1	1	1	1	1	1	1	0
07.08.2015 06:33:57.544000	-0.00500011	0	0	126.234	-675.414	0.00434028	6	5	5	5	0.294526	392	58.1483	0	0	-0.0993941	0.412565	137.144	0.478957	523.265	1	1	1	1	1	1	1	0
07.08.2015 06:33:57.644000	-0.00500011	0	0	126.237	-675.414	0.00397859	6	5	5	5	0.291683	392	58.1483	0	0	-0.0993941	0.39524	137.098	0.482376	523.073	1	1	1	1	1	1	1	0
07.08.2015 06:33:57.744000	-0.00500011	0	0	126.238	-675.414	0.00542535	6	5	5	5	0.299102	392	58.1483	0	0	-0.0993941	0.378848	137.053	0.481338	522.904	1	1	1	1	1	1	1	0
07.08.2015 06:33:57.844000	-0.00500011	0	0	126.237	-675.414	0.00253183	6	5	5	5	0.2745	392	58.1483	0	0	-0.0993941	0.36208	137.005	0.48146	522.721	1	1	1	1	1	1	1	0
07.08.2015 06:33:57.944000	-0.00500011	0	0	126.242	-675.414	0.00217014	6	5	5	5	0.267661	392	58.1483	0	0	-0.0993941	0.350615	136.97	0.487747	522.562	1	1	1	1	1	1	1	0
07.08.2015 06:33:58.044000	-0.00500011	0	0	126.24	-675.414	0.00108507	6	5	5	5	0.30102	392	58.1483	0	0	-0.0993941	0.340726	136.926	0.483413	522.41	1	1	1	1	1	1	1	0
07.08.2015 06:33:58.144000	-0.00500011	0	0	126.242	-675.414	0.000542535	6	5	5	5	0.285228	392	58.1483	0	0	0	0.329731	136.881	0.483779	522.239	1	1	1	1	1	1	1	0
07.08.2015 06:33:58.244000	-0.00500011	0	0	126.237	-675.414	0	6	5	5	5	0.294143	392	58.1483	0	0	0	0.323532	136.847	0.488845	522.09	1	1	1	1	1	1	1	0
07.08.2015 06:33:58.344000	-0.00500011	0	0	126.234	-675.414	0.00108507	6	5	5	5	0.265135	392	58.1483	0	0	0	0.32045	136.813	0.48909	521.959	1	1	1	1	1	1	1	0
07.08.2015 06:33:58.444000	-0.00500011	0	0	126.234	-675.414	0.00180845	6	5	5	5	0.302238	392	58.1483	0	0	0	0.319191	136.772	0.490249	521.794	1	1	1	1	1	1	1	0
07.08.2015 06:33:58.544000	-0.00500011	0	0	126.234	-675.383	0.00271267	6	5	5	5	0.283957	392	58.1483	0	0	0	0.315632	136.732	0.500504	521.605	1	1	1	1	1	1	1	0
07.08.2015 06:33:58.644000	-0.00500011	0	0	126.305	-674.234	0.00217014	6	5	5	5	0.278108	392	58.1483	0	0	0	0.315307	136.694	0.492019	521.488	1	1	1	1	1	1	1	0
07.08.2015 06:33:58.744000	-0.00500011	0	0	126.66	-667.5	0.00434028	6	5	5	5	0.279992	392	58.1483	0	0	0	0.313947	136.652	0.489029	521.341	1	1	1	1	1	1	1	0
07.08.2015 06:33:58.844000	-0.00500011	0	0	126.648	-648.763	0.00651042	6	5	5	5	0.281348	392	58.1483	0	0	0	0.313694	136.612	0.485305	521.204	1	1	1	1	1	1	1	0
07.08.2015 06:33:58.944000	-0.00500011	0	0	126.648	-626.539	0.00596788	6	5	5	5	0.300959	392	58.1483	0	0	0	0.310815	136.579	0.497269	521.028	1	1	1	1	1	1	1	0
07.08.2015 06:33:59.044000	-0.00500011	0	0	126.648	-590.396	0.00578704	6	5	5	5	0.285471	392	58.1483	0	0	0	0.309303	136.546	0.498123	520.901	1	1	1	1	1	1	1	0
07.08.2015 06:33:59.144000	-0.00500011	0	0	126.648	-559.492	0.00759549	6	5	5	5	0.305457	392	58.1483	0	0	0	0.306033	136.509	0.497879	520.76	1	1	1	1	1	1	1	0
07.08.2015 06:33:59.244000	-0.00500011	0	0	126.651	-525.82	0.00831887	6	5	5	5	0.29427	392	58.1483	0	0	0	0.301917	136.476	0.498489	520.632	1	1	1	1	1	1	1	0
07.08.2015 06:33:59.344000	-0.00500011	0	0	126.648	-487.938	0.00651042	6	5	5	5	0.304022	392	58.1483	0	0	0	0.298271	136.444	0.503494	520.49	1	1	1	1	1	1	1	0
07.08.2015 06:33:59.444000	-0.00500011	0	0	126.648	-429.503	0.00434028	6	5	5	5	0.305072	392	58.1483	0	0	0	0.295414	136.41	0.503983	520.358	1	1	1	1	1	1	1	0
07.08.2015 06:33:59.544000	-0.00500011	0	0	126.652	-388.191	0.00271267	6	5	5	5	0.315314	392	58.1483	0	0	0	0.294177	135.54	0.504044	517.027	1	1	1	1	1	1	1	0
07.08.2015 06:33:59.644000	-0.00500011	0	0	126.669	-346.552	0.00253183	6	5	5	5	0.322007	392	58.1483	0	0	0	0.290979	136.344	0.507706	520.091	1	1	1	1	1	1	1	0
07.08.2015 06:33:59.744000	-0.00500011	0	0	126.676	-296.797	0.00217014	6	5	5	5	0.29421	392	58.1483	0	0	0	0.289243	136.315	0.509232	519.973	1	1	1	1	1	1	1	0
07.08.2015 06:33:59.844000	-0.00500011	0	0	126.664	-247.063	0.0036169	6	5	5	5	0.300799	392	58.1483	0	0	0	0.285923	136.283	0.507462	519.857	1	1	1	1	1	1	1	0
07.08.2015 06:33:59.944000	-0.00500011	0	0	126.672	-206.609	0.00379774	6	5	5	5	0.30854	392	58.1483	0	0	0	0.28431	136.248	0.506424	519.728	1	1	1	1	1	1	1	0
07.08.2015 06:34:00.044000	-0.00500011	0	0	126.682	-166.031	0.00614873	6	5	5	5	0.327287	392	58.1483	0	0	0	0.281395	136.22	0.509476	519.609	1	1	1	1	1	1	1	0
07.08.2015 06:34:00.144000	-0.00500011	0	0	126.695	-109.301	0.00705295	6	5	5	5	0.324423	392	58.1483	0	0	0	0.280035	136.187	0.510392	519.478	1	1	1	1	1	1	1	0
07.08.2015 06:34:00.244000	-0.00500011	0	0	126.695	-68.9557	0.00795718	6	5	5	5	0.292079	392	58.1483	0	0	0	0.278501	136.152	0.511002	519.343	1	1	1	1	1	1	1	0
07.08.2015 06:34:00.344000	-0.00500011	0	0	126.695	-28.8945	0.00813802	6	5	5	5	0.279596	392	58.1483	0	0	0	0.276758	136.128	0.511063	519.25	1	1	1	1	1	1	1	0
07.08.2015 06:34:00.444000	-0.00500011	0	0	126.701	16.5807	0.0072338	6	5	5	5	0.307784	392	58.1483	0	0	0	0.27628	136.099	0.508438	519.149	1	1	1	1	1	1	1	0
07.08.2015 06:34:00.544000	-0.00500011	0	0	126.699	66.7656	0.00488281	6	5	5	5	0.267266	392	58.1483	0	0	0	0.274638	136.069	0.501846	519.06	1	1	1	1	1	1	1	0
07.08.2015 06:34:00.644000	-0.00500011	0	0	126.706	106.932	0.00217014	6	5	5	5	0.299001	392	58.1483	0	0	0	0.274588	136.04	0.496414	518.97	1	1	1	1	1	1	1	0
07.08.2015 06:34:00.744000	-0.00500011	0	0	126.719	147.266	0	6	5	5	5	0.297804	392	58.1483	0	0	0	0.271897	136.016	0.499039	518.868	1	1	1	1	1	1	1	0
07.08.2015 06:34:00.844000	-0.00500011	0	0	126.719	197.44	0.00072338	6	5	5	5	0.296598	392	58.1483	0	0	0	0.271644	135.986	0.501785	518.742	1	1	1	1	1	1	1	0
07.08.2015 06:34:00.944000	-0.00500011	0	0	126.719	242.516	0	6	5	5	5	0.311239	392	58.1483	0	0	0	0.269531	135.955	0.50441	518.614	1	1	1	1	1	1	1	0
07.08.2015 06:34:01.044000	-0.00500011	0	0	126.719	282.604	0.00072338	6	5	5	5	0.307064	392	58.1483	0	0	0	0.269958	135.926	0.505387	518.498	1	1	1	1	1	1	1	0
07.08.2015 06:34:01.144000	-0.00500011	0	0	126.719	322.797	0.000542535	6	5	5	5	0.257551	392	58.1483	0	0	0	0.268815	135.903	0.508744	518.396	1	1	1	1	1	1	1	0
07.08.2015 06:34:01.244000	-0.00500011	0	0	126.719	379.044	0.00108507	6	5	5	5	0.301736	392	58.1483	0	0	0	0.269734	135.874	0.506851	518.293	1	1	1	1	1	1	1	0
07.08.2015 06:34:01.344000	-0.00500011	0	0	126.719	419.582	0.00271267	6	5	5	5	0.283196	392	58.1483	0	0	0	0.269538	135.845	0.507157	518.181	1	1	1	1	1	1	1	0
07.08.2015 06:34:01.444000	-0.00500011	0	0	126.719	460.466	0.00253183	6	5	5	5	0.310324	392	58.1483	0	0	0	0.269575	135.82	0.507157	518.085	1	1	1	1	1	1	1	0
07.08.2015 06:34:01.544000	-0.00500011	0	0	126.719	501.273	0.00271267	6	5	5	5	0.304349	392	58.1483	0	0	0	0.269582	135.791	0.507706	517.974	1	1	1	1	1	1	1	0
07.08.2015 06:34:01.644000	-0.00500011	0	0	126.727	557.823	0.00072338	6	5	5	5	0.308344	392	58.1483	0	0	0	0.268273	135.763	0.50679	517.87	1	1	1	1	1	1	1	0
07.08.2015 06:34:01.744000	-0.00500011	0	0	126.723	590.664	-0.00217014	6	5	5	5	0.285486	392	58.1483	0	0	0	0.269343	135.735	0.50679	517.764	1	1	1	1	1	1	1	0
07.08.2015 06:34:01.844000	-0.00500011	0	0	126.727	617.932	0.00072338	6	5	5	5	0.270848	392	58.1483	0	0	0	0.268323	135.709	0.508499	517.654	1	1	1	1	1	1	1	0
07.08.2015 06:34:01.944000	-0.00500011	0	0	126.727	644.16	0.000542535	6	5	5	5	0.283202	392	58.1483	0	0	0	0.268902	135.679	0.508438	517.543	1	1	1	1	1	1	1	0
07.08.2015 06:34:02.044000	-0.00500011	0	0	126.729	662.435	0.00072338	6	5	5	5	0.277782	392	58.1483	0	0	0	0.268186	135.657	0.510147	517.449	1	1	1	1	1	1	1	0
07.08.2015 06:34:02.144000	-0.00500011	0	0	126.734	669.672	0	6	5	5	5	0.292709	392	58.1483	0	0	0	0.26943	135.633	0.509659	517.361	1	1	1	1	1	1	1	0
07.08.2015 06:34:02.244000	-0.00500011	0	0	126.758	671.628	0.00325521	6	5	5	5	0.283805	392	58.1483	0	0	0	0.269683	135.605	0.51088	517.248	1	1	1	1	1	1	1	0
07.08.2015 06:34:02.344000	-0.00500011	0	0	126.73	672.645	0.00488281	6	5	5	5	0.296769	392	58.1483	0	0	0	0.269669	135.574	0.510697	517.129	1	1	1	1	1	1	1	0
07.08.2015 06:34:02.444000	-0.00500011	0	0	126.734	672.677	0.00578704	6	5	5	5	0.276996	392	58.1483	0	0	0	0.268764	135.55	0.511124	517.037	1	1	1	1	1	1	1	0
07.08.2015 06:34:02.544000	-0.00500011	0	0	126.707	672.68	0.00705295	6	5	5	5	0.299708	392	58.1483	0	0	0	0.267911	135.53	0.511795	516.957	1	1	1	1	1	1	1	0
07.08.2015 06:34:02.644000	-0.00500011	0	0	126.651	672.688	0.00506366	6	5	5	5	0.288177	392	58.1483	0	0	0	0.267846	135.504	0.510575	516.862	1	1	1	1	1	1	1	0
07.08.2015 06:34:02.744000	-0.00500011	0	0	126.383	672.703	0.00271267	6	5	5	5	0.300577	392	58.1483	0	0	0	0.26697	135.87	0.511063	518.261	1	1	1	1	1	1	1	0
07.08.2015 06:34:02.844000	-0.00500011	0	0	126.422	672.74	0.00144676	6	5	5	5	0.290916	392	58.1483	0	0	0	0.267752	135.454	0.512528	516.664	1	1	1	1	1	1	1	0
07.08.2015 06:34:02.944000	-0.00500011	0	0	126.414	672.734	0.000542535	6	5	5	5	0.283854	392	58.1483	0	0	0	0.267072	135.425	0.50972	516.565	1	1	1	1	1	1	1	0
07.08.2015 06:34:03.044000	-0.00500011	0	0	126.404	672.721	0.00036169	6	5	5	5	0.284215	392	58.1483	0	0	0	0.267839	135.399	0.512528	516.454	1	1	1	1	1	1	1	0
07.08.2015 06:34:03.144000	-0.00500011	0	0	126.324	672.715	0.00108507	6	5	5	5	0.30252	392	58.1483	0	0	0	0.26611	135.377	0.513504	516.365	1	1	1	1	1	1	1	0
07.08.2015 06:34:03.244000	-0.00500011	0	0	126.367	672.685	0.00036169	6	5	5	5	0.292862	392	58.1483	0	0	0	0.267455	135.35	0.511307	516.27	1	1	1	1	1	1	1	0
07.08.2015 06:34:03.344000	-0.00500011	0	0	126.375	672.715	0.000542535	6	5	5	5	0.289818	392	58.1483	0	0	0	0.266884	135.32	0.513321	516.149	1	1	1	1	1	1	1	0
07.08.2015 06:34:03.444000	-0.00500011	0	0	126.372	672.69	0.00578704	6	5	5	5	0.280154	392	58.1483	0	0	0	0.267889	135.299	0.512589	516.071	1	1	1	1	1	1	1	0
07.08.2015 06:34:03.544000	-0.00500011	0	0	126.367	672.699	0.00488281	6	5	5	5	0.288442	392	58.1483	0	0	0	0.267802	135.281	0.518876	515.979	1	1	1	1	1	1	1	0
07.08.2015 06:34:03.644000	-0.00500011	0	0	126.435	672.695	0.00325521	6	5	5	5	0.307821	392	58.1483	0	0	0	0.269047	135.252	0.514908	515.88	1	1	1	1	1	1	1	0
07.08.2015 06:34:03.744000	-0.00500011	0	0	126.465	672.801	0.00271267	6	5	5	5	0.305372	392	58.1483	0	0	0	0.269538	135.228	0.514237	515.794	1	1	1	1	1	1	1	0
07.08.2015 06:34:03.844000	-0.00500011	0	0	126.422	672.685	0.00217014	6	5	5	5	0.297599	392	58.1483	0	0	0	0.26867	135.203	0.519059	515.678	1	1	1	1	1	1	1	0
07.08.2015 06:34:03.944000	-0.00500011	0	0	126.426	672.703	0	6	5	5	5	0.288584	392	58.1483	0	0	0	0.269343	135.185	0.519974	515.604	1	1	1	1	1	1	1	0
07.08.2015 06:34:04.044000	-0.00500011	0	0	126.419	672.732	-0.00289352	6	5	5	5	0.283859	392	58.1483	0	0	0	0.268273	135.157	0.517411	515.507	1	1	1	1	1	1	1	0
07.08.2015 06:34:04.144000	-0.00500011	0	0	126.43	672.688	-0.00108507	6	5	5	5	0.285565	392	58.1483	0	0	0	0.268663	135.133	0.519791	515.406	1	1	1	1	1	1	1	0
07.08.2015 06:34:04.244000	-0.00500011	0	0	126.43	672.69	0.00108507	6	5	5	5	0.265739	392	58.1483	0	0	0	0.267115	135.11	0.520768	515.314	1	1	1	1	1	1	1	0
07.08.2015 06:34:04.344000	-0.00500011	0	0	126.426	672.672	0.00108507	6	5	5	5	0.301826	392	58.1483	0	0	0	0.267216	135.087	0.522172	515.221	1	1	1	1	1	1	1	0
07.08.2015 06:34:04.444000	-0.00500011	0	0	126.43	672.664	0.00289352	6	5	5	5	0.29131	392	58.1483	0	0	0	0.26577	135.061	0.524796	515.111	1	1	1	1	1	1	1	0
07.08.2015 06:34:04.544000	-0.00500011	0	0	126.43	672.641	0.00651042	6	5	5	5	0.291152	392	58.1483	0	0	0	0.266052	135.04	0.526139	515.028	1	1	1	1	1	1	1	0
07.08.2015 06:34:04.644000	-0.00500011	0	0	126.43	672.625	0.00651042	6	5	5	5	0.300327	392	58.1483	0	0	0	0.265437	135.02	0.528398	514.941	1	1	1	1	1	1	1	0
07.08.2015 06:34:04.744000	-0.00500011	0	0	126.43	672.633	0.00651042	6	5	5	5	0.282245	392	58.1483	0	0	0	0.265813	134.99	0.532304	514.81	1	1	1	1	1	1	1	0
07.08.2015 06:34:04.844000	-0.00500011	0	0	126.43	672.628	0.00651042	6	5	5	5	0.286601	392	58.1483	0	0	0	0.266016	134.971	0.5309	514.746	1	1	1	1	1	1	1	0
07.08.2015 06:34:04.944000	-0.00500011	0	0	126.43	672.625	0.00434028	6	5	5	5	0.269231	392	58.1483	0	0	0	0.26475	134.951	0.525773	514.686	1	1	1	1	1	1	1	0
07.08.2015 06:34:05.044000	-0.00500011	0	0	126.427	672.628	0.00180845	6	5	5	5	0.294397	392	58.1483	0	0	0	0.265589	134.925	0.518937	514.614	1	1	1	1	1	1	1	0
07.08.2015 06:34:05.144000	-0.00500011	0	0	126.43	672.625	0.00108507	6	5	5	5	0.3188	392	58.1483	0	0	0	0.264902	134.905	0.519974	514.533	1	1	1	1	1	1	1	0
07.08.2015 06:34:05.244000	-0.00500011	0	0	126.43	672.625	0.00072338	6	5	5	5	0.287532	392	58.1483	0	0	0	0.266348	134.888	0.520707	514.467	1	1	1	1	1	1	1	0
07.08.2015 06:34:05.344000	-0.00500011	0	0	126.43	672.633	0.000542535	6	5	5	5	0.296489	392	58.1483	0	0	0	0.265386	134.865	0.521134	514.377	1	1	1	1	1	1	1	0
07.08.2015 06:34:05.444000	-0.00500011	0	0	126.43	672.63	0.00289352	6	5	5	5	0.286569	392	58.1483	0	0	0	0.267701	134.841	0.51857	514.295	1	1	1	1	1	1	1	0
07.08.2015 06:34:05.544000	-0.00500011	0	0	126.43	672.625	0.00217014	6	5	5	5	0.303388	392	58.1483	0	0	0	0.268287	134.823	0.519059	514.218	1	1	1	1	1	1	1	0
07.08.2015 06:34:05.644000	-0.00500011	0	0	126.43	672.615	0.00253183	6	5	5	5	0.277268	392	58.1483	0	0	0	0.27011	134.798	0.517533	514.131	1	1	1	1	1	1	1	0
07.08.2015 06:34:05.744000	-0.00500011	0	0	126.43	672.609	0.00217014	6	5	5	5	0.30548	392	58.1483	0	0	0	0.270891	134.775	0.524064	514.019	1	1	1	1	1	1	1	0
07.08.2015 06:34:05.844000	-0.00500011	0	0	126.43	672.604	0.00289352	6	5	5	5	0.294004	392	58.1483	0	0	0	0.272374	134.752	0.525101	513.929	1	1	1	1	1	1	1	0
07.08.2015 06:34:05.944000	-0.00500011	0	0	126.43	672.602	0.00108507	6	5	5	5	0.301635	392	58.1483	0	0	0	0.273155	134.736	0.523615	513.876	1	1	1	1	1	1	1	0
07.08.2015 06:34:06.044000	-0.00500011	0	0	126.43	672.602	0.00180845	6	5	5	5	0.245022	392	58.1483	0	0	0	0.273532	134.712	0.521989	513.786	1	1	1	1	1	1	1	0
07.08.2015 06:34:06.144000	-0.00500011	0	0	126.43	672.602	0.000542535	6	5	5	5	0.256177	392	58.1483	0	0	0	0.274327	134.695	0.525468	513.701	1	1	1	1	1	1	1	0
07.08.2015 06:34:06.244000	-0.00500011	0	0	126.43	672.602	0.00072338	6	5	5	5	0.275033	392	58.1483	0	0	0	0.27474	134.666	0.526439	513.589	1	1	1	1	1	1	1	0
07.08.2015 06:34:06.344000	-0.00500011	0	0	126.43	672.602	0.0016276	6	5	5	5	0.261055	392	58.1483	0	0	0	0.275412	134.644	0.532121	513.482	1	1	1	1	1	1	1	0
07.08.2015 06:34:06.444000	-0.00500011	0	0	126.43	672.602	0.00253183	6	5	5	5	0.290662	392	58.1483	0	0	0	0.274306	134.626	0.537065	513.397	1	1	1	1	1	1	1	0
07.08.2015 06:34:06.544000	-0.00500011	0	0	126.43	672.602	0.00488281	6	5	5	5	0.280576	392	58.1483	0	0	0	0.275174	134.606	0.541215	513.301	1	1	1	1	1	1	1	0
07.08.2015 06:34:06.644000	-0.00500011	0	0	126.43	672.599	0.00614873	6	5	5	5	0.307323	392	58.1483	0	0	0	0.273669	134.584	0.545793	513.205	1	1	1	1	1	1	1	0
07.08.2015 06:34:06.744000	-0.00500011	0	0	126.43	672.594	0.00759549	6	5	5	5	0.271853	392	58.1483	0	0	0	0.273756	134.563	0.549028	513.115	1	1	1	1	1	1	1	0
07.08.2015 06:34:06.844000	-0.00500011	0	0	126.43	672.591	0.00687211	6	5	5	5	0.262127	392	58.1483	0	0	0	0.272483	134.539	0.550859	513.013	1	1	1	1	1	1	1	0
07.08.2015 06:34:06.944000	-0.00500011	0	0	126.43	672.586	0.00434028	6	5	5	5	0.283778	392	58.1483	0	0	0	0.272541	134.521	0.553301	512.938	1	1	1	1	1	1	1	0
07.08.2015 06:34:07.044000	-0.00500011	0	0	126.43	672.586	0.00325521	6	5	5	5	0.284977	392	58.1483	0	0	0	0.272251	134.5	0.55324	512.856	1	1	1	1	1	1	1	0
07.08.2015 06:34:07.144000	-0.00500011	0	0	126.43	672.586	0.00108507	6	5	5	5	0.314568	392	58.1483	0	0	0	0.271325	134.479	0.552934	512.776	1	1	1	1	1	1	1	0
07.08.2015 06:34:07.244000	-0.00500011	0	0	126.43	672.586	0.00144676	6	5	5	5	0.382945	392	58.1483	0	0	0	0.271441	134.458	0.554155	512.691	1	1	1	1	1	1	1	0
07.08.2015 06:34:07.344000	-0.00500011	0	0	126.43	672.586	0.000542535	6	5	5	5	0.361019	392	58.1483	0	0	0	0.27121	134.44	0.56032	512.6	1	1	1	1	1	1	1	0
07.08.2015 06:34:07.444000	-0.00500011	0	0	126.43	672.591	0.00072338	6	5	5	5	0.3741	392	58.1483	0	0	0	0.271846	134.42	0.562517	512.512	1	1	1	1	1	1	1	0
07.08.2015 06:34:07.544000	-0.00500011	0	0	126.43	672.602	0.000542535	6	5	5	5	0.379956	392	58.1483	0	0	0	0.270284	134.401	0.568072	512.418	1	1	1	1	1	1	1	0
07.08.2015 06:34:07.644000	-0.00500011	0	0	126.43	672.604	0.00253183	6	5	5	5	0.40217	392	58.1483	0	0	0	0.270978	134.379	0.574297	512.313	1	1	1	1	1	1	1	0
07.08.2015 06:34:07.744000	-0.00500011	0	0	126.43	672.602	0.00217014	6	5	5	5	0.394118	392	58.1483	0	0	0	0.269039	134.357	0.580828	512.203	1	1	1	1	1	1	1	0
07.08.2015 06:34:07.844000	-0.00500011	0	0	126.43	672.604	0.00289352	6	5	5	5	0.381424	392	58.1483	0	0	0	0.269271	134.336	0.585589	512.102	1	1	1	1	1	1	1	0
07.08.2015 06:34:07.944000	-0.00500011	0	0	126.43	672.602	-0.0016276	6	5	5	5	0.398626	392	58.1483	0	0	0	0.267853	134.32	0.594195	512.01	1	1	1	1	1	1	1	0
07.08.2015 06:34:08.044000	-0.00500011	0	0	126.43	672.612	0	6	5	5	5	0.389711	392	58.1483	0	0	0	0.268605	134.301	0.602496	511.905	1	1	1	1	1	1	1	0
07.08.2015 06:34:08.144000	-0.00500011	0	0	126.43	672.605	0.00271267	6	5	5	5	0.373203	392	58.1483	0	0	0	0.268547	134.277	0.60506	511.804	1	1	1	1	1	1	1	0
07.08.2015 06:34:08.244000	-0.00500011	0	0	126.43	672.607	-0.00144676	6	5	5	5	0.385588	392	58.1483	0	0	0	0.269821	134.26	0.607685	511.726	1	1	1	1	1	1	1	0
07.08.2015 06:34:08.344000	-0.00500011	0	0	126.43	672.625	-0.00325521	6	5	5	5	0.386107	392	58.1483	0	0	0	0.271209	134.243	0.611103	511.649	1	1	1	1	1	1	1	0
07.08.2015 06:34:08.444000	-0.00500011	0	0	126.43	672.62	-0.00325521	6	5	5	5	0.36929	392	58.1483	0	0	0	0.27283	134.222	0.618122	511.543	1	1	1	1	1	1	1	0
07.08.2015 06:34:08.544000	-0.00500011	0	0	126.43	672.625	-0.00271267	6	5	5	5	0.386939	392	58.1483	0	0	0	0.275637	134.201	0.625751	511.433	1	1	1	1	1	1	1	0
07.08.2015 06:34:08.644000	-0.00500011	0	0	126.43	672.625	-0.00072338	6	5	5	5	0.391729	392	58.1483	0	0	0	0.276157	134.182	0.629231	511.345	1	1	1	1	1	1	1	0
07.08.2015 06:34:08.744000	-0.00500011	0	0	126.43	672.633	0.000542535	6	5	5	5	0.317875	392	58.1483	0	0	0	0.278964	134.164	0.636067	511.251	1	1	1	1	1	1	1	0
07.08.2015 06:34:08.844000	-0.00500011	0	0	126.43	672.635	0.00072338	6	5	5	5	0.252131	392	58.1483	0	0	0	0.279485	134.143	0.637165	511.169	1	1	1	1	1	1	1	0
07.08.2015 06:34:08.944000	-0.00500011	0	0	126.43	672.637	0.000542535	6	5	5	5	0.263023	392	58.1483	0	0	0	0.281192	134.127	0.637349	511.107	1	1	1	1	1	1	1	0
07.08.2015 06:34:09.044000	-0.00500011	0	0	126.43	672.656	0.00072338	6	5	5	5	0.275543	392	58.1483	0	0	0	0.280729	134.111	0.633442	511.061	1	1	1	1	1	1	1	0
07.08.2015 06:34:09.144000	-0.00500011	0	0	126.43	672.66	0.000542535	6	5	5	5	0.270461	392	58.1483	0	0	0	0.280787	134.091	0.632344	510.988	1	1	1	1	1	1	1	0
07.08.2015 06:34:09.244000	-0.00500011	0	0	126.38	672.633	0.00108507	6	5	5	5	0.265668	392	58.1483	0	0	0	0.279861	134.071	0.631611	510.914	1	1	1	1	1	1	1	0
07.08.2015 06:34:09.344000	-0.00500011	0	0	125.664	672.676	0.00108507	6	5	5	5	0.281753	392	58.1483	0	0	0	0.278559	134.053	0.634053	510.833	1	1	1	1	1	1	1	0
07.08.2015 06:34:09.444000	-0.00500011	0	0	125.578	672.664	0.00108507	6	5	5	5	0.282798	392	58.1483	0	0	0	0.27746	134.034	0.639241	510.743	1	1	1	1	1	1	1	0
07.08.2015 06:34:09.544000	-0.00500011	0	0	125.586	672.656	0.0016276	6	5	5	5	0.28295	392	58.1483	0	0	0	0.276244	134.013	0.636738	510.67	1	1	1	1	1	1	1	0
07.08.2015 06:34:09.644000	-0.00500011	0	0	125.591	672.661	0.00253183	6	5	5	5	0.267268	392	58.1483	0	0	0	0.275318	133.991	0.636433	510.588	1	1	1	1	1	1	1	0
07.08.2015 06:34:09.744000	-0.00500011	0	0	125.598	672.668	0.00434028	6	5	5	5	0.28567	392	58.1483	0	0	0	0.271007	133.978	0.638081	510.53	1	1	1	1	1	1	1	0
07.08.2015 06:34:09.844000	-0.00500011	0	0	125.596	672.667	0.00651042	6	5	5	5	0.291866	392	58.1483	0	0	0	0.269792	133.964	0.637715	510.48	1	1	1	1	1	1	1	0
07.08.2015 06:34:09.944000	-0.00500011	0	0	125.586	672.719	0.00651042	6	5	5	5	0.278809	392	58.1483	0	0	0	0.268084	133.94	0.633808	510.403	1	1	1	1	1	1	1	0
07.08.2015 06:34:10.044000	-0.00500011	0	0	125.594	672.667	0.00614873	6	5	5	5	0.275098	392	58.1483	0	0	0	0.268316	133.925	0.633381	510.346	1	1	1	1	1	1	1	0
07.08.2015 06:34:10.144000	-0.00500011	0	0	125.594	672.691	0.00542535	6	5	5	5	0.27648	392	58.1483	0	0	0	0.270226	133.902	0.632771	510.263	1	1	1	1	1	1	1	0
07.08.2015 06:34:10.244000	-0.00500011	0	0	125.685	672.674	0.00289352	6	5	5	5	0.289791	392	58.1483	0	0	0	0.275007	133.88	0.63332	510.174	1	1	1	1	1	1	1	0
07.08.2015 06:34:10.344000	-0.00500011	0	0	125.715	672.691	0.00271267	6	5	5	5	0.280412	392	58.1483	0	0	0	0.278414	133.866	0.63625	510.108	1	1	1	1	1	1	1	0
07.08.2015 06:34:10.444000	-0.00500011	0	0	125.755	672.68	0.00072338	6	5	5	5	0.278662	392	58.1483	0	0	0	0.281134	133.843	0.636189	510.024	1	1	1	1	1	1	1	0
07.08.2015 06:34:10.544000	-0.00500011	0	0	125.758	672.688	0	6	5	5	5	0.279918	392	58.1483	0	0	0	0.285214	133.826	0.637776	509.953	1	1	1	1	1	1	1	0
07.08.2015 06:34:10.644000	-0.00500011	0	0	125.768	672.68	0.00036169	6	5	5	5	0.268301	392	58.1483	0	0	0	0.287934	133.808	0.639912	509.872	1	1	1	1	1	1	1	0
07.08.2015 06:34:10.744000	-0.00500011	0	0	125.766	672.668	0.00325521	6	5	5	5	0.278046	392	58.1483	0	0	0	0.290538	133.789	0.635456	509.816	1	1	1	1	1	1	1	0
07.08.2015 06:34:10.844000	-0.00500011	0	0	125.755	672.68	0.00217014	6	5	5	5	0.273435	392	58.1483	0	0	0	0.292679	133.771	0.637776	509.742	1	1	1	1	1	1	1	0
07.08.2015 06:34:10.944000	-0.00500011	0	0	125.75	672.68	0.00488281	6	5	5	5	0.267917	392	58.1483	0	0	0	0.296123	133.749	0.636067	509.661	1	1	1	1	1	1	1	0
07.08.2015 06:34:11.044000	-0.00500011	0	0	125.75	672.68	0.00470197	6	5	5	5	0.304384	392	58.1483	0	0	0	0.298032	133.73	0.640522	509.573	1	1	1	1	1	1	1	0
07.08.2015 06:34:11.144000	-0.00500011	0	0	125.75	672.68	0.00325521	6	5	5	5	0.297746	392	58.1483	0	0	0	0.300984	133.712	0.634297	509.528	1	1	1	1	1	1	1	0
07.08.2015 06:34:11.244000	-0.00500011	0	0	125.75	672.677	0.00180845	6	5	5	5	0.286243	392	58.1483	0	0	0	0.301736	133.693	0.635762	509.449	1	1	1	1	1	1	1	0
07.08.2015 06:34:11.344000	-0.00500011	0	0	125.75	672.68	0.000542535	6	5	5	5	0.281842	392	58.1483	0	0	0	0.303819	133.678	0.639958	509.378	1	1	1	1	1	1	1	0
