Time	[76:0]	[76:1]	[76:2]	[76:4]	[76:8]	[76:70]	[76:71]	[78:0]	[78:1]	[78:2]	[79:2]	[79:3]	[79:4]	[79:8]	[79:9]	[79:10]	[79:11]	[79:12]	[79:13]	[79:14]	[79.0]	[79.1]	[79.2]	[79.3]	[79.4]	[79.5]	[79.6]	[79.8]
time	Hoogteverstelling - Referentie positie (mm)	Hoogteverstelling - AZ gemeten positie (mm)	Hoogteverstelling - BZ gemeten positie (mm)	Transfert Ingang - Gemeten positie (mm)	Transfert Uitgang - Gemeten positie (mm)	Aardgas - actueel debiet	Stappenschakelaar - gemeten pos	Laspos Ing - positie discreet	Laspos Uitg - positie discreet	Schaafverstelling - positie discreet	Stuikraam - Totale Stroommeting RMS-waarde (A)	Stuikraam - Stroomreferentie (A)	Stuikraam - Positie AZ (mm, pulsgever)	Stuikraam - Referentie Servo-ventiel (%)	Stuikraam - Trim door I-regelaar (%)	Stuikraam - Gemeten snelheid (mm/s, pulsgever)	Secundaire lasspanning	Stuikraam - Druk stuikcilinder voorkamer (=laszijde)  (bar)	Stuikraam - Druk stuikcilinder terugloopkamer  (bar)	Stuikraam - Netto voorwaartse kracht op stuikraam (kN)	Stuikraam - P1	Stuikraam - P2	Stuikraam - P3	Stuikraam - P4	Stuikraam - P5	Stuikraam - P6	Stuikraam - P7	Stuikraam - Openen stuikventielen	

Lasparameter.Ingang - Coil ID	0321803S
Lasparameter.Ingang - Dikte (um)	3490
Lasparameter.Ingang - Breedte (mm)	1487
Lasparameter.Ingang - Materiaal	0001
Lasparameter.Uitgang - Coil ID	0321801S
Lasparameter.Uitgang - Dikte (um)	3580
Lasparameter.Uitgang - Breedte (mm)	1488
Lasparameter.Uitgang - Materiaal	0001
Lasparameter.P2 (mm)	32.0
Lasparameter.P3 (mm)	42.0
Lasparameter.P4 (mm)	50.1
Lasparameter.P5 (mm)	56.5
Lasparameter.P6 (mm)	62.2
Lasparameter.P7 (mm)	66.1
Lasparameter.Vonksnelheid (mm/s)	1.20
Lasparameter.Lassnelheid (mm/s)	0.48
Lasparameter.Stroom Referentie (A)	0329
Lasparameter.Stroomtoename (µA/s2)	52.4
Lasparameter.Stuikstroomtijd (per)	0008
Lasparameter.Afkoeltijd Stuik (per)	0010
Lasparameter.Stuikdruk (bar)	0105
Lasparameter.Stuiksnelheid (%)	90.0

09.08.2015 00:47:24.545000	0.045	0.0514341	0.0466345	0	-666.945	0.00108507	6	3	3	3	0.245699	329	0	0	0	0	0.399038	4.06183	130.168	-482.835	1	0	0	0	0	0	0	0
09.08.2015 00:47:24.645000	0.045	0.0514341	0.0466345	0	-666.953	-0.0016276	6	3	3	3	0.247187	329	0	0	0	0	0.398582	5.22202	130.21	-478.555	1	0	0	0	0	0	0	0
09.08.2015 00:47:24.745000	0.045	0.0514341	0.0466345	0	-666.948	-0.00072338	6	3	3	3	0.248713	329	0	0	0	0	0.397758	3.66509	130.156	-484.309	1	0	0	0	0	0	0	0
09.08.2015 00:47:24.845000	0.045	0.0514341	0.0466345	0	-666.945	0.00108507	6	3	3	3	0.238565	329	0	0	0	0	0.396188	4.84664	130.175	-479.856	1	0	0	0	0	0	0	0
09.08.2015 00:47:24.945000	0.045	0.0514341	0.0466345	0.00260417	-666.943	0.00072338	6	3	3	3	0.242634	329	0	0	0	0	0.394141	5.96368	130.21	-475.713	1	0	0	0	0	0	0	0
09.08.2015 00:47:25.045000	0.045	0.0514341	0.0466345	0.0117188	-666.945	0.00108507	6	3	3	3	0.246521	329	0	0	0	0	0.393273	3.56066	130.141	-484.649	1	0	0	0	0	0	0	0
09.08.2015 00:47:25.145000	0.045	0.0514341	0.0466345	0.0130208	-666.945	0.00072338	6	3	3	3	0.259664	329	0	0	0	0	0.391225	4.45302	130.149	-481.264	1	0	0	0	0	0	0	0
09.08.2015 00:47:25.245000	0.045	0.0514341	0.0466345	0.00390625	-666.945	0.000542535	6	3	3	3	0.257599	329	0	0	0	0	0.390524	5.49834	130.171	-477.345	1	0	0	0	0	0	0	0
09.08.2015 00:47:25.345000	0.045	0.0514341	0.0466345	0.0078125	-666.945	0.00108507	6	3	3	3	0.26543	329	0	0	0	0	0.389345	5.36692	130.171	-477.85	1	0	0	0	0	0	0	0
09.08.2015 00:47:25.445000	0.045	0.0514341	0.0466345	0	-666.945	0.00108507	6	3	3	3	0.279742	329	0	0	0	0	0.388932	4.41517	130.155	-481.433	1	0	0	0	0	0	0	0
09.08.2015 00:47:25.545000	0.045	0.0514341	0.0466345	0.00520833	-666.943	0.00036169	6	3	3	3	0.267052	329	0	0	0	0	0.387999	2.69515	130.054	-487.631	1	0	0	0	0	0	0	0
09.08.2015 00:47:25.645000	0.045	0.0514341	0.0466345	0	-666.945	0	6	3	3	3	0.259255	329	0	0	0	0	0.387218	5.83801	130.152	-475.973	1	0	0	0	0	0	0	0
09.08.2015 00:47:25.745000	0.045	0.0514341	0.0466345	0.0208333	-666.943	0.00108507	6	3	3	3	0.257012	329	0	0	0	0	0.386842	6.56655	130.252	-473.568	1	0	0	0	0	0	0	0
09.08.2015 00:47:25.845000	0.045	0.0514341	0.0466345	0.0117188	-666.938	0.00108507	6	3	3	3	0.235307	329	0	0	0	0	0.386596	4.14393	130.139	-482.41	1	0	0	0	0	0	0	0
09.08.2015 00:47:25.945000	0.045	0.0514341	0.0466345	0.0104167	-666.94	0.00036169	6	3	3	3	0.244522	329	0	0	0	0	0.387666	5.68603	130.167	-476.613	1	0	0	0	0	0	0	0
09.08.2015 00:47:26.045000	0.045	0.0514341	0.0466345	0.015625	-666.938	0.000542535	6	3	3	3	0.224045	329	0	0	0	0	0.389692	4.28657	130.112	-481.761	1	0	0	0	0	0	0	0
09.08.2015 00:47:26.145000	0.045	0.0514341	0.0466345	0.015625	-666.943	0.00072338	6	3	3	3	0.238995	329	0	0	0	0	0.392296	6.27937	130.167	-474.342	1	0	0	0	0	0	0	0
09.08.2015 00:47:26.245000	0.045	0.0514341	0.0466345	0.015625	-666.945	0.00108507	6	3	3	3	0.258624	329	0	0	0	0	0.394032	5.29936	130.126	-477.937	1	0	0	0	0	0	0	0
09.08.2015 00:47:26.345000	0.045	0.0514341	0.0466345	0.0208333	-666.938	0.00036169	6	3	3	3	0.278718	329	0	0	0	0	0.395522	5.20969	130.118	-478.25	1	0	0	0	0	0	0	0
09.08.2015 00:47:26.445000	0.045	0.0514341	0.0466345	0.0195313	-666.938	0	6	3	3	3	0.268041	329	0	0	0	0	0.395689	4.84292	130.098	-479.577	1	0	0	0	0	0	0	0
09.08.2015 00:47:26.545000	0.045	0.0514341	0.0466345	0.0104167	-666.94	0.00144676	6	3	3	3	0.268666	329	0	0	0	0	0.395132	3.09348	130.012	-485.946	1	0	0	0	0	0	0	0
09.08.2015 00:47:26.645000	0.045	0.0514341	0.0466345	0.015625	-666.941	0.00271267	6	3	3	3	0.278648	329	0	0	0	0	0.394553	3.25034	129.994	-485.276	1	0	0	0	0	0	0	0
09.08.2015 00:47:26.745000	0.045	0.0514341	0.0466345	0.200521	-666.945	0.00253183	6	3	3	3	0.252501	329	0	0	0	0	0.393685	4.9147	130.037	-479.07	1	0	0	0	0	0	0	0
09.08.2015 00:47:26.845000	0.045	0.0514341	0.0466345	0.632813	-666.945	0.00217014	6	3	3	3	0.248927	329	0	0	0	0	0.392817	4.77261	130.022	-479.555	1	0	0	0	0	0	0	0
09.08.2015 00:47:26.945000	0.045	0.0514341	0.0466345	5.49479	-666.943	0.00325521	6	3	3	3	0.247981	329	0	0	0	0	0.392817	4.38874	130.005	-480.959	1	0	0	0	0	0	0	0
09.08.2015 00:47:27.045000	0.045	0.0514341	0.0466345	20.7188	-666.945	0.00434028	6	3	3	3	0.245208	329	0	0	0	0	0.392773	4.78219	130.008	-479.465	1	0	0	0	0	0	0	0
09.08.2015 00:47:27.145000	0.045	0.0514341	0.0466345	49.5417	-666.945	0.00506366	6	3	3	3	0.242587	329	0	0	0	0	0.39197	5.00552	130	-478.579	1	0	0	0	0	0	0	0
09.08.2015 00:47:27.245000	0.045	0.0514341	0.0466345	73.6094	-666.945	0.00596788	6	3	3	3	0.25434	329	0	0	0	0	0.390234	4.44368	129.979	-480.651	1	0	0	0	0	0	0	0
09.08.2015 00:47:27.345000	0.045	0.0514341	0.0466345	102.5	-666.945	0.00651042	6	3	3	3	0.249119	329	0	0	0	0	0.386603	4.05737	129.964	-482.072	1	0	0	0	0	0	0	0
09.08.2015 00:47:27.445000	0.045	0.0514341	0.0466345	136.102	-666.945	0.00488281	6	3	3	3	0.24181	329	0	0	0	0	0.382219	5.13834	129.974	-477.97	1	0	0	0	0	0	0	0
09.08.2015 00:47:27.545000	0.045	0.0514341	0.0466345	191.578	-666.945	0.00289352	6	3	3	3	0.256439	329	0	0	0	0	0.378393	4.66829	129.955	-479.699	1	0	0	0	0	0	0	0
09.08.2015 00:47:27.645000	0.045	0.0514341	0.0466345	234.547	-666.945	0.00325521	6	3	3	3	0.261894	329	0	0	0	0	0.375709	4.41023	129.941	-480.632	1	0	0	0	0	0	0	0
09.08.2015 00:47:27.745000	0.045	0.0514341	0.0466345	277.526	-666.945	0.00470197	6	3	3	3	0.246052	329	0	0	0	0	0.371593	4.74014	129.938	-479.356	1	0	0	0	0	0	0	0
09.08.2015 00:47:27.845000	0.045	0.0514341	0.0466345	329.141	-666.945	0.00271267	6	3	3	3	0.259413	329	0	0	0	0	0.370558	4.62038	129.926	-479.771	1	0	0	0	0	0	0	0
09.08.2015 00:47:27.945000	0.045	0.0514341	0.0466345	380.862	-666.945	0.00217014	6	3	3	3	0.230508	329	0	0	0	0	0.369915	4.50978	129.911	-480.138	1	0	0	0	0	0	0	0
09.08.2015 00:47:28.045000	0.045	0.0514341	0.0466345	423.254	-666.945	0.00217014	6	3	3	3	0.235772	329	0	0	0	0	0.369712	4.47554	129.903	-480.235	1	0	0	0	0	0	0	0
09.08.2015 00:47:28.145000	0.045	0.0514341	0.0466345	458.826	-666.945	0.00289352	6	3	3	3	0.238489	329	0	0	0	0	0.3682	4.30384	129.891	-480.847	1	0	0	0	0	0	0	0
09.08.2015 00:47:28.245000	0.045	0.0514341	0.0466345	488.125	-666.945	0.00325521	6	3	3	3	0.248498	329	0	0	0	0	0.365972	4.45131	129.882	-480.248	1	0	0	0	0	0	0	0
09.08.2015 00:47:28.345000	0.045	0.0514341	0.0466345	502.484	-666.945	0.00253183	6	3	3	3	0.233548	329	0	0	0	0	0.365039	4.53096	129.876	-479.921	1	0	0	0	0	0	0	0
09.08.2015 00:47:28.445000	0.045	0.0514341	0.0466345	518.637	-666.945	0.0016276	6	3	3	3	0.247676	329	0	0	0	0	0.36182	4.50044	129.865	-479.997	1	0	0	0	0	0	0	0
09.08.2015 00:47:28.545000	0.045	0.0514341	0.0466345	536.648	-666.945	0.00289352	6	3	3	3	0.249379	329	0	0	0	0	0.359418	4.46937	129.859	-480.09	1	0	0	0	0	0	0	0
09.08.2015 00:47:28.645000	0.045	0.0514341	0.0466345	556.703	-666.945	0.00271267	6	3	3	3	0.266463	329	0	0	0	0	0.356858	4.51143	129.845	-479.877	1	0	0	0	0	0	0	0
09.08.2015 00:47:28.745000	0.045	0.0514341	0.0466345	572.576	-666.948	0.00253183	6	3	3	3	0.242909	329	0	0	0	0	0.355635	4.5439	129.833	-479.705	1	0	0	0	0	0	0	0
09.08.2015 00:47:28.845000	0.045	0.0514341	0.0466345	588.234	-666.945	0.00325521	6	3	3	3	0.233653	329	0	0	0	0	0.352662	4.4781	129.823	-479.922	1	0	0	0	0	0	0	0
09.08.2015 00:47:28.945000	0.045	0.0514341	0.0466345	607.008	-666.948	0.00253183	6	3	3	3	0.228606	329	0	0	0	0	0.350637	4.47316	129.811	-479.893	1	0	0	0	0	0	0	0
09.08.2015 00:47:29.045000	0.045	0.0514341	0.0466345	623.801	-666.953	0.0016276	6	3	3	3	0.238083	329	0	0	0	0	0.348155	4.50294	129.806	-479.759	1	0	0	0	0	0	0	0
09.08.2015 00:47:29.145000	0.045	0.0514341	0.0466345	638.141	-666.953	0.00072338	6	3	3	3	0.242779	329	0	0	0	0	0.345595	4.46608	129.796	-479.863	1	0	0	0	0	0	0	0
09.08.2015 00:47:29.245000	0.045	0.0514341	0.0466345	651.656	-666.949	0.000542535	6	3	3	3	0.239416	329	0	0	0	0	0.342947	4.43342	129.782	-479.936	1	0	0	0	0	0	0	0
09.08.2015 00:47:29.345000	0.045	0.0514341	0.0466345	669.474	-666.953	0.00108507	6	3	3	3	0.246626	329	0	0	0	0	0.339786	4.43117	129.773	-479.91	1	0	0	0	0	0	0	0
09.08.2015 00:47:29.445000	0.045	0.0514341	0.0466345	681.141	-666.953	0.000542535	6	3	3	3	0.253588	329	0	0	0	0	0.337883	4.43568	129.764	-479.858	1	0	0	0	0	0	0	0
09.08.2015 00:47:29.545000	0.045	0.0514341	0.0466345	691.234	-666.953	0.00108507	6	3	3	3	0.249991	329	0	0	0	0	0.334455	4.39607	129.756	-479.978	1	0	0	0	0	0	0	0
09.08.2015 00:47:29.645000	0.045	0.0514341	0.0466345	700.535	-666.953	0.00325521	6	3	3	3	0.227203	329	0	0	0	0	0.331684	4.34785	129.744	-480.115	1	0	0	0	0	0	0	0
09.08.2015 00:47:29.745000	0.045	0.0514341	0.0466345	705.568	-666.953	0.00144676	6	3	3	3	0.234668	329	0	0	0	0	0.327922	4.32307	129.732	-480.145	1	0	0	0	0	0	0	0
09.08.2015 00:47:29.845000	0.045	0.0514341	0.0466345	706.531	-666.953	0.000542535	6	3	3	3	0.237193	329	0	0	0	0	0.325608	4.43299	129.728	-479.696	1	0	0	0	0	0	0	0
09.08.2015 00:47:29.945000	0.045	0.0514341	0.0466345	707.081	-666.953	0.00072338	6	3	3	3	0.241457	329	0	0	0	0	0.321571	4.38356	129.713	-479.861	1	0	0	0	0	0	0	0
09.08.2015 00:47:30.045000	0.045	0.0514341	0.0466345	707.121	-666.953	0.000542535	6	3	3	3	0.252808	329	0	0	0	0	0.318519	4.42549	129.71	-479.688	1	0	0	0	0	0	0	0
09.08.2015 00:47:30.145000	0.045	0.0514341	0.0466345	707.117	-666.953	0.00036169	6	3	3	3	0.231486	329	0	0	0	0	0.315553	4.99277	129.71	-477.518	1	0	0	0	0	0	0	0
09.08.2015 00:47:30.245000	0.045	0.0514341	0.0466345	707.117	-666.953	0.000542535	6	3	3	3	0.22759	329	0	0	0	0	0.314034	4.73988	129.701	-478.452	1	0	0	0	0	0	0	0
09.08.2015 00:47:30.345000	0.045	0.0514341	0.0466345	707.117	-666.953	0.00108507	6	3	3	3	0.246996	329	0	0	0	0	0.311617	4.3166	129.683	-480.024	1	0	0	0	0	0	0	0
09.08.2015 00:47:30.445000	0.045	0.0514341	0.0466345	707.125	-666.953	0	6	3	3	3	0.229055	329	0	0	0	0	0.308131	4.50899	129.678	-479.247	1	0	0	0	0	0	0	0
09.08.2015 00:47:30.545000	0.045	0.0514341	0.0466345	707.122	-666.953	0.00036169	6	3	3	3	0.262727	329	0	0	0	0	0.30515	4.55867	129.67	-479.025	1	0	0	0	0	0	0	0
09.08.2015 00:47:30.645000	0.045	0.0514341	0.0466345	707.121	-666.953	0.00108507	6	3	3	3	0.248237	329	0	0	0	0	0.300477	4.42866	129.655	-479.468	1	0	0	0	0	0	0	0
09.08.2015 00:47:30.745000	0.045	0.0514341	0.0466345	707.122	-666.956	0.00072338	6	3	3	3	0.257556	329	0	0	0	0	0.296918	4.4897	129.649	-479.21	1	0	0	0	0	0	0	0
09.08.2015 00:47:30.845000	0.045	0.0514341	0.0466345	707.125	-666.961	0.000542535	6	3	3	3	0.252506	329	0	0	0	0	0.292636	4.63393	129.64	-478.625	1	0	0	0	0	0	0	0
09.08.2015 00:47:30.945000	0.045	0.0514341	0.0466345	707.125	-666.958	0.00108507	6	3	3	3	0.25588	329	0	0	0	0	0.290799	4.55184	129.632	-478.906	1	0	0	0	0	0	0	0
09.08.2015 00:47:31.045000	0.045	0.0514341	0.0466345	707.125	-666.961	0.00108507	6	3	3	3	0.229945	329	0	0	0	0	0.287543	4.48311	129.622	-479.132	1	0	0	0	0	0	0	0
09.08.2015 00:47:31.145000	0.045	0.0514341	0.0466345	707.125	-666.958	0.00036169	6	3	3	3	0.223938	329	0	0	0	0	0.286632	4.53938	129.61	-478.872	1	0	0	0	0	0	0	0
09.08.2015 00:47:31.245000	0.045	0.0514341	0.0466345	707.125	-666.961	0.000542535	6	3	3	3	0.236394	329	0	0	0	0	0.284317	4.55672	129.606	-478.789	1	0	0	0	0	0	0	0
09.08.2015 00:47:31.345000	0.045	0.0514341	0.0466345	707.125	-666.961	0.00036169	6	3	3	3	0.235085	329	0	0	0	0	0.284303	4.54079	129.616	-478.887	1	0	0	0	0	0	0	0
09.08.2015 00:47:31.445000	0.045	0.0514341	0.0466345	707.125	-666.961	0.00108507	6	3	3	3	0.224386	329	0	0	0	0	0.281149	4.49306	129.692	-479.361	1	0	0	0	0	0	0	0
09.08.2015 00:47:31.545000	0.045	0.0514341	0.0466345	707.128	-666.964	0.00072338	6	3	3	3	0.239817	329	0	0	0	0	0.280281	3.7998	129.769	-482.309	1	0	0	0	0	0	0	0
09.08.2015 00:47:31.645000	0.045	0.0514341	0.0466345	707.137	-666.965	0.00108507	6	3	3	3	0.258707	329	0	0	0	0	0.279774	4.58699	128.29	-473.633	1	0	0	0	0	0	0	0
09.08.2015 00:47:31.745000	0.045	0.0514341	0.0466345	707.133	-666.969	0.00036169	6	3	3	3	0.247215	329	0	0	0	0	0.280671	4.81533	126.551	-466.1	1	0	0	0	0	0	0	0
09.08.2015 00:47:31.845000	0.045	0.0514341	0.0466345	707.133	-666.969	0.00108507	6	3	3	3	0.220184	329	0	0	0	0	0.283058	6.09339	130.633	-476.839	1	0	0	0	0	0	0	0
09.08.2015 00:47:31.945000	0.045	0.0514341	0.0466345	707.141	-666.961	0.00144676	6	3	3	3	0.223998	329	0	0	0	0	0.285127	4.87918	130.477	-480.889	1	0	0	0	0	0	0	0
09.08.2015 00:47:32.045000	0.045	0.0514341	0.0466345	707.141	-666.969	0.00108507	6	3	3	3	0.233585	329	0	0	0	0	0.289511	4.75747	129.974	-479.428	1	0	0	0	0	0	0	0
09.08.2015 00:47:32.145000	0.045	0.0514341	0.0466345	707.141	-666.966	0.00072338	6	3	3	3	0.231803	329	0	0	0	0	0.294473	5.32402	129.62	-475.903	1	0	0	0	0	0	0	0
09.08.2015 00:47:32.245000	0.045	0.0514341	0.0466345	707.141	-666.969	0	6	3	3	3	0.260476	329	0	0	0	0	0.300521	4.96567	129.446	-476.612	1	0	0	0	0	0	0	0
09.08.2015 00:47:32.345000	0.045	0.0514341	0.0466345	707.141	-666.969	0.00072338	6	3	3	3	0.250559	329	0	0	0	0	0.304326	4.93551	129.327	-476.272	1	0	0	0	0	0	0	0
09.08.2015 00:47:32.445000	0.045	0.0514341	0.0466345	707.141	-666.969	0.00108507	6	3	3	3	0.268575	329	0	0	0	0	0.310764	5.14035	129.3	-475.383	1	0	0	0	0	0	0	0
09.08.2015 00:47:32.545000	0.045	0.0514341	0.0466345	707.141	-666.966	0.00072338	6	3	3	3	0.271214	329	0	0	0	0	0.315741	5.09403	129.242	-475.339	1	0	0	0	0	0	0	0
09.08.2015 00:47:32.645000	0.045	0.0514341	0.0466345	707.141	-666.969	0.00108507	6	3	3	3	0.257061	329	0	0	0	0	0.319821	4.89895	129.07	-475.425	1	0	0	0	0	0	0	0
09.08.2015 00:47:32.745000	0.045	0.0514341	0.0466345	707.141	-666.969	0.00108507	6	3	3	3	0.253292	329	0	0	0	0	0.320732	4.91458	128.839	-474.481	1	0	0	0	0	0	0	0
09.08.2015 00:47:32.845000	0.045	0.0514341	0.0466345	707.141	-666.969	0	6	3	3	3	0.257861	329	0	0	0	0	0.321209	4.42738	128.699	-475.811	1	0	0	0	0	0	0	0
09.08.2015 00:47:32.945000	0.045	0.0514341	0.0466345	707.141	-666.966	0.00144676	6	3	3	3	0.26545	329	0	0	0	0	0.320862	4.95608	127.267	-468.304	1	0	0	0	0	0	0	0
09.08.2015 00:47:33.045000	0.045	0.0514341	0.0466345	707.141	-666.969	0.00108507	6	3	3	3	0.242818	329	0.00198968	0	0	0	0.318793	26.119	115.503	-342.234	1	0	0	0	0	0	0	0
09.08.2015 00:47:33.145000	0.045	0.0514341	0.0466345	706.844	-666.969	0.00036169	6	3	3	3	0.240938	329	0.904307	0	0	17.9378	0.317289	112.638	87.5079	96.2163	1	0	0	0	0	0	0	0
09.08.2015 00:47:33.245000	0.045	0.0514341	0.0466345	703.688	-666.965	0.000542535	6	3	3	3	0.225523	329	4.06242	0	0	34.1679	0.314873	110.707	84.5032	100.327	1	0	0	0	0	0	0	0
09.08.2015 00:47:33.345000	0.045	0.0514341	0.0466345	686.966	-666.964	0.00072338	6	3	3	3	0.237567	329	7.4777	0	0	34.9433	0.313672	111.489	84.9088	101.769	1	0	0	0	0	0	0	0
09.08.2015 00:47:33.445000	0.045	0.0514341	0.0466345	664.605	-666.969	0	6	3	3	3	0.23301	329	10.9905	0	0	35.3662	0.312095	114.851	88.7221	100.043	1	0	0	0	0	0	0	0
09.08.2015 00:47:33.545000	0.045	0.0514341	0.0466345	643.419	-666.969	0.00072338	6	3	3	3	0.238409	329	14.4858	0	0	34.5966	0.312066	118.615	92.6655	99.3555	1	0	0	0	0	0	0	0
09.08.2015 00:47:33.645000	0.045	0.0514341	0.0466345	617.406	-666.969	-0.00108507	6	3	3	3	0.238816	329	17.9548	0	0	34.9093	0.311748	120.6	94.7785	98.8669	1	0	0	0	0	0	0	0
09.08.2015 00:47:33.745000	0.045	0.0514341	0.0466345	578.279	-666.969	0.00036169	6	3	3	3	0.234929	329	21.4019	0	0	34.59	0.312659	120.615	95.037	97.9332	1	0	0	0	0	0	0	0
09.08.2015 00:47:33.845000	0.045	0.0514341	0.0466345	539.109	-666.969	0.00379774	6	3	3	3	0.260807	329	24.8411	0	0	34.325	0.313889	120.196	94.8003	97.2364	1	0	0	0	0	0	0	0
09.08.2015 00:47:33.945000	0.045	0.0514341	0.0466345	500.914	-666.969	-0.00072338	6	3	3	3	0.266392	329	28.2748	0	0	34.5632	0.317636	120.309	94.8673	97.4102	1	0	0	0	0	0	0	0
09.08.2015 00:47:34.045000	0.045	0.0514341	0.0466345	461.113	-666.969	-0.00217014	6	3	3	3	0.26381	329	31.7294	9.5	0	35.2546	0.322917	120.992	94.9095	99.8631	1	0.42	0	0	0	0	0	0
09.08.2015 00:47:34.145000	0.045	0.0514341	0.0466345	408.622	-666.971	-0.00108507	6	3	3	3	0.269836	329	36.1643	50	0	49.4081	0.327922	109.898	85.1836	94.6257	1	1	0	0	0	0	0	0
09.08.2015 00:47:34.245000	0.045	0.0514341	0.0466345	372.887	-666.977	0	6	3	3	3	0.272196	329	39.4194	49.097	0	20.3365	0.333464	94.3518	72.6648	83.0352	1	1	0	0	0	0	0	0
09.08.2015 00:47:34.345000	0.045	0.0514341	0.0466345	339.865	-666.982	0.00072338	6	3	3	3	0.248342	329	40.7222	40.7501	0	11.7539	0.340176	65.8914	42.1946	90.7302	1	1	0	0	0	0	0	0
09.08.2015 00:47:34.445000	0.045	0.0514341	0.0466345	303	-666.992	0.000542535	6	3	3	3	0.247015	329	41.6335	30.7503	0	8.55049	0.345255	53.9478	29.5851	93.2796	1	1	0	0	0	0	0	0
09.08.2015 00:47:34.545000	0.045	0.0514341	0.0466345	268.612	-667.003	0.00108507	6	3	3	3	47.9913	329	42.2383	13.672	0	5.96831	0.346774	48.4021	24.2142	92.6103	1	1	1	0	0	0	0	0
09.08.2015 00:47:34.645000	0.045	0.0514341	0.0466345	243.398	-667	0	6	3	3	3	90.2726	329	42.4373	5.22952	0	4.78315	5.06845	46.8036	21.696	96.1321	1	1	1	0	0	0	0	0
09.08.2015 00:47:34.745000	0.045	0.0514341	0.0466345	227.073	-667	0.00289352	6	3	3	3	89.9781	329	42.5751	5.22952	0	2.71781	10.2325	45.8287	20.8116	95.7853	1	1	1	0	0	0	0	0
09.08.2015 00:47:34.845000	0.045	0.0514341	0.0466345	207.824	-667	0.00325521	6	3	3	3	89.9147	329	42.7014	5.22952	0	1.39735	11.3772	45.2195	20.1508	95.983	1	1	1	0	0	0	0	0
09.08.2015 00:47:34.945000	0.045	0.0514341	0.0466345	186.029	-667	0.00253183	6	3	3	3	90.078	329	42.8253	5.22952	0	1.32012	11.6194	44.7833	19.6611	96.188	1	1	1	0	0	0	0	0
09.08.2015 00:47:35.045000	0.045	0.0514341	0.0466345	170.039	-667	0.00271267	6	3	3	3	90.1317	329	42.9471	5.22952	0	1.28207	11.7163	44.2907	19.261	95.8337	1	1	1	0	0	0	0	0
09.08.2015 00:47:35.145000	0.045	0.0514341	0.0466345	153.875	-667	0.0036169	6	3	3	3	89.9685	329	43.069	5.22952	0	1.24562	11.7492	43.9706	18.9485	95.8047	1	1	1	0	0	0	0	0
09.08.2015 00:47:35.245000	0.045	0.0514341	0.0466345	137.922	-667	0.00488281	6	3	3	3	89.9496	329	43.1864	5.22952	0	1.22512	11.7541	43.7544	18.6929	95.9557	1	1	1	0	0	0	0	0
09.08.2015 00:47:35.345000	0.045	0.0514341	0.0466345	129.971	-667.003	0.00651042	6	3	3	3	89.8168	329	43.3113	5.22952	0	1.20581	11.7586	43.5508	18.5493	95.7257	1	1	1	0	0	0	0	0
09.08.2015 00:47:35.445000	0.045	0.0514341	0.0466345	125.789	-667.012	0.00596788	6	3	3	3	89.5913	329	43.4316	5.22952	0	1.19001	11.7625	43.2975	18.5861	94.6147	1	1	1	0	0	0	0	0
09.08.2015 00:47:35.545000	0.045	0.0514341	0.0466345	126.635	-667.016	0.00614873	6	3	3	3	89.575	329	43.5545	5.22952	0	1.2119	11.7448	43.1771	18.4801	94.5598	1	1	1	0	0	0	0	0
09.08.2015 00:47:35.645000	0.045	0.0514341	0.0466345	127.527	-667.016	0.00651042	6	3	3	3	89.5551	329	43.6729	5.22952	0	1.2313	11.743	43.0794	18.3612	94.6411	1	1	1	0	0	0	0	0
09.08.2015 00:47:35.745000	0.045	0.0514341	0.0466345	127.586	-667.016	0.00506366	6	3	3	3	89.506	329	43.7903	5.22952	0	1.21309	11.7457	43.0491	18.1929	95.1695	1	1	1	0	0	0	0	0
09.08.2015 00:47:35.845000	0.045	0.0514341	0.0466345	127.695	-667.016	0.00271267	6	3	3	3	89.5717	329	43.9106	5.22952	0	1.18992	11.7344	43.0041	18.1918	95.0013	1	1	1	0	0	0	0	0
09.08.2015 00:47:35.945000	0.045	0.0514341	0.0466345	127.685	-667.018	-0.00108507	6	3	3	3	89.6091	329	44.026	5.22952	0	1.18161	11.7383	43.0049	18.1077	95.3263	1	1	1	0	0	0	0	0
09.08.2015 00:47:36.045000	0.045	0.0514341	0.0466345	127.676	-667.023	0.00108507	6	3	3	3	89.5464	329	44.1469	5.22952	0	1.16224	11.742	42.9789	18.0972	95.267	1	1	1	0	0	0	0	0
09.08.2015 00:47:36.145000	0.045	0.0514341	0.0466345	127.68	-667.026	0.00072338	6	3	3	3	89.736	329	44.2643	5.22952	0	1.16962	11.7369	42.9753	18.0681	95.3647	1	1	1	0	0	0	0	0
09.08.2015 00:47:36.245000	0.045	0.0514341	0.0466345	127.68	-667.023	0.000542535	6	3	3	3	89.7758	329	44.3802	5.22952	0	1.19579	11.7462	42.9796	18.0583	95.4189	1	1	1	0	0	0	0	0
09.08.2015 00:47:36.345000	0.045	0.0514341	0.0466345	127.682	-667.029	0.00036169	6	3	3	3	89.7171	329	44.4976	5.22952	0	1.19353	11.7471	42.9814	18.057	95.4306	1	1	1	0	0	0	0	0
09.08.2015 00:47:36.445000	0.045	0.0514341	0.0466345	127.68	-667.031	0.00108507	6	3	3	3	89.8254	329	44.6135	5.22952	0	1.17317	11.7454	42.9811	18.0572	95.4287	1	1	1	0	0	0	0	0
09.08.2015 00:47:36.545000	0.045	0.0514341	0.0466345	127.68	-667.031	0.00108507	6	3	3	3	89.8932	329	44.7274	5.22952	0	1.17317	11.7498	42.9834	18.0797	95.3516	1	1	1	0	0	0	0	0
09.08.2015 00:47:36.645000	0.045	0.0514341	0.0466345	127.68	-667.031	0.000542535	6	3	3	3	89.8706	329	44.8483	5.22952	0	1.17324	11.7475	42.9721	18.0903	95.2672	1	1	1	0	0	0	0	0
09.08.2015 00:47:36.745000	0.045	0.0514341	0.0466345	127.682	-667.034	0.00108507	6	3	3	3	89.9239	329	44.9677	5.22952	0	1.17324	11.7502	42.9713	18.0955	95.2448	1	1	1	0	0	0	0	0
09.08.2015 00:47:36.845000	0.045	0.0514341	0.0466345	127.68	-667.039	0.00108507	6	3	3	3	89.9298	329	45.0855	5.22952	0	1.17809	11.7497	42.9691	18.093	95.2457	1	1	1	0	0	0	0	0
09.08.2015 00:47:36.945000	0.045	0.0514341	0.0466345	127.682	-667.039	0.00072338	6	3	3	3	89.8587	329	45.2084	5.22952	0	1.17881	11.748	42.961	18.0931	95.2142	1	1	1	0	0	0	0	0
09.08.2015 00:47:37.045000	0.045	0.0514341	0.0466345	127.684	-667.039	0.00108507	6	3	3	3	89.868	329	45.3243	5.22952	0	1.197	11.7459	42.9547	18.0918	95.195	1	1	1	0	0	0	0	0
09.08.2015 00:47:37.145000	0.045	0.0514341	0.0466345	127.68	-667.039	0.00036169	6	3	3	3	89.7628	329	45.4497	5.22952	0	1.20155	11.7415	42.9475	18.091	95.1705	1	1	1	0	0	0	0	0
09.08.2015 00:47:37.245000	0.045	0.0514341	0.0466345	127.688	-667.039	0.000542535	6	3	3	3	89.5483	329	45.568	5.22952	0	1.21032	11.7359	42.9488	18.0869	95.191	1	1	1	0	0	0	0	0
09.08.2015 00:47:37.345000	0.045	0.0514341	0.0466345	127.682	-667.039	0.00036169	6	3	3	3	89.907	329	45.6869	5.22952	0	1.21325	11.7197	42.9517	18.0861	95.2053	1	1	1	0	0	0	0	0
09.08.2015 00:47:37.445000	0.045	0.0514341	0.0466345	127.688	-667.039	0.000542535	6	3	3	3	120.518	329	45.8063	5.22952	0	1.19794	11.6964	42.95	18.0901	95.1835	1	1	1	0	0	0	0	0
09.08.2015 00:47:37.545000	0.045	0.0514341	0.0466345	127.685	-667.047	0.00253183	6	3	3	3	122.583	329	45.9212	5.22952	0	1.19006	11.5291	42.9328	18.1021	95.0718	1	1	1	0	0	0	0	0
09.08.2015 00:47:37.645000	0.045	0.0514341	0.0466345	127.688	-667.047	0.00271267	6	3	3	3	205.382	329	46.0441	5.22952	0	1.18388	11.2943	42.9275	18.1048	95.041	1	1	1	0	0	0	0	0
09.08.2015 00:47:37.745000	0.045	0.0514341	0.0466345	127.685	-667.047	0.00325521	6	3	3	3	355.09	329	46.161	5.22952	0	1.17882	11.2057	42.9304	18.0953	95.0887	1	1	1	0	0	0	0	0
09.08.2015 00:47:37.845000	0.045	0.0514341	0.0466345	127.688	-667.047	0.00217014	6	3	3	3	425.682	329	46.2764	5.22952	0	1.17878	10.934	42.9317	18.0914	95.1088	1	1	1	0	0	0	0	0
09.08.2015 00:47:37.945000	0.045	0.0514341	0.0466345	127.688	-667.055	0.00072338	6	3	3	3	410.854	329	46.3987	5.22952	0	1.17872	10.7036	42.9451	18.0969	95.1389	1	1	1	0	0	0	0	0
09.08.2015 00:47:38.045000	0.045	0.0514341	0.0466345	127.691	-667.051	0.000542535	6	3	3	3	609.484	329	46.5136	5.22952	0	1.18268	10.6588	42.9598	18.0809	95.2562	1	1	1	0	0	0	0	0
09.08.2015 00:47:38.145000	0.045	0.0514341	0.0466345	127.685	-667.055	0	6	3	3	3	454.041	329	46.6365	5.22952	0	1.19001	10.6741	42.966	18.1081	95.1761	1	1	1	0	0	0	0	0
09.08.2015 00:47:38.245000	0.045	0.0514341	0.0466345	127.688	-667.055	-0.0016276	6	3	3	3	716.926	329	46.7544	5.22952	0	1.19152	10.6427	42.9787	18.0912	95.2894	1	1	1	0	0	0	0	0
09.08.2015 00:47:38.345000	0.045	0.0514341	0.0466345	127.688	-667.055	-0.00072338	6	3	3	3	337.528	329	46.8713	5.22952	0	1.19559	10.6028	42.9637	18.1241	95.1057	1	1	1	0	0	0	0	0
09.08.2015 00:47:38.445000	0.045	0.0514341	0.0466345	127.684	-667.055	-0.000542535	6	3	3	3	564.432	329	46.9951	5.22952	0	1.19562	10.784	42.9787	18.112	95.2097	1	1	1	0	0	0	0	0
09.08.2015 00:47:38.545000	0.045	0.0514341	0.0466345	127.688	-667.055	0.00108507	6	3	3	3	734.426	329	47.1095	5.22952	0	1.19573	10.638	42.99	18.1066	95.2738	1	1	1	0	0	0	0	0
09.08.2015 00:47:38.645000	0.045	0.0514341	0.0466345	127.688	-667.055	0.000542535	6	3	3	3	636.469	329	47.2284	5.22952	0	1.19403	10.5307	42.9822	18.1221	95.1845	1	1	1	0	0	0	0	0
09.08.2015 00:47:38.745000	0.045	0.0514341	0.0466345	127.69	-667.055	0.00217014	6	3	3	3	740.524	329	47.3493	5.22952	0	1.16743	10.5669	42.9914	18.1287	95.1943	1	1	1	0	0	0	0	0
09.08.2015 00:47:38.845000	0.045	0.0514341	0.0466345	127.688	-667.055	0.00271267	6	3	3	3	818.453	329	47.4642	5.22952	0	1.16743	10.5897	43.0087	18.1191	95.2974	1	1	1	0	0	0	0	0
09.08.2015 00:47:38.945000	0.045	0.0514341	0.0466345	127.69	-667.055	0.00470197	6	3	3	3	976.813	329	47.5876	5.22952	0	1.20138	10.5497	43.0221	18.113	95.3721	1	1	1	0	0	0	0	0
09.08.2015 00:47:39.045000	0.045	0.0514341	0.0466345	127.688	-667.055	0.00434028	6	3	3	3	1166.33	329	47.702	5.22952	0	1.20173	10.3851	43.0445	18.1399	95.3549	1	1	1	0	0	0	0	0
09.08.2015 00:47:39.145000	0.045	0.0514341	0.0466345	127.688	-667.055	0.00614873	6	3	3	3	510.497	329	47.8204	5.22952	0	1.17684	10.5031	43.0002	18.2029	94.944	1	1	1	0	0	0	0	0
09.08.2015 00:47:39.245000	0.045	0.0514341	0.0466345	127.691	-667.055	0.00651042	6	3	3	3	618.307	329	47.9442	5.22952	0	1.17312	10.697	42.9918	18.1868	94.9734	1	1	1	0	0	0	0	0
09.08.2015 00:47:39.345000	0.045	0.0514341	0.0466345	127.688	-667.055	0.00651042	6	3	3	3	696.212	329	48.0591	5.22952	0	1.19089	10.7251	42.9928	18.1735	95.0281	1	1	1	0	0	0	0	0
09.08.2015 00:47:39.445000	0.045	0.0514341	0.0466345	127.691	-667.055	0.00759549	6	3	3	3	734.455	329	48.1825	5.22952	0	1.19561	10.7157	42.9904	18.1724	95.0235	1	1	1	0	0	0	0	0
09.08.2015 00:47:39.545000	0.045	0.0514341	0.0466345	127.69	-667.055	0.00831887	6	3	3	3	598.782	329	48.3004	5.22952	0	1.19567	10.7541	42.9878	18.1784	94.99	1	1	1	0	0	0	0	0
09.08.2015 00:47:39.645000	0.045	0.0514341	0.0466345	127.691	-667.055	0.00759549	6	3	3	3	701.415	329	48.4188	5.22952	0	1.19569	10.773	42.9876	18.1751	95.0022	1	1	1	0	0	0	0	0
09.08.2015 00:47:39.745000	0.045	0.0514341	0.0466345	127.69	-667.057	0.0072338	6	3	3	3	465.049	329	48.5416	5.22952	0	1.19942	10.8001	42.9859	18.2058	94.8781	1	1	1	0	0	0	0	0
09.08.2015 00:47:39.845000	0.045	0.0514341	0.0466345	127.695	-667.059	0.00813802	6	3	3	3	700.832	329	48.6565	5.22952	0	1.20151	10.8112	42.9889	18.191	94.9463	1	1	1	0	0	0	0	0
09.08.2015 00:47:39.945000	0.045	0.0514341	0.0466345	127.69	-667.057	0.00759549	6	3	3	3	402.617	329	48.7814	5.22952	0	1.19828	10.8097	42.9759	18.1999	94.8624	1	1	1	0	0	0	0	0
09.08.2015 00:47:40.045000	0.045	0.0514341	0.0466345	127.691	-667.063	0.00596788	6	3	3	3	718.719	329	48.8963	5.22952	0	1.19574	11.0087	42.9872	18.1622	95.0499	1	1	1	0	0	0	0	0
09.08.2015 00:47:40.145000	0.045	0.0514341	0.0466345	127.693	-667.06	0.00506366	6	3	3	3	526.701	329	49.0181	5.22952	0	1.19567	10.864	42.9755	18.1827	94.9267	1	1	1	0	0	0	0	0
09.08.2015 00:47:40.245000	0.045	0.0514341	0.0466345	127.695	-667.055	0.00488281	6	3	3	3	521.138	329	49.1415	5.22952	0	1.19559	10.8326	42.9712	18.1812	94.916	1	1	1	0	0	0	0	0
09.08.2015 00:47:40.345000	0.045	0.0514341	0.0466345	127.69	-667.063	0.0036169	6	3	3	3	536.21	329	49.2564	5.22952	0	1.19801	10.8311	42.9684	18.1737	94.9242	1	1	1	0	0	0	0	0
09.08.2015 00:47:40.445000	0.045	0.0514341	0.0466345	127.688	-667.055	0.00217014	6	3	3	3	612.478	329	49.3808	5.22952	0	1.20151	10.8216	42.9696	18.1523	95.0168	1	1	1	0	0	0	0	0
09.08.2015 00:47:40.545000	0.045	0.0514341	0.0466345	127.695	-667.063	0.00036169	6	3	3	3	558.617	329	49.4981	5.22952	0	1.20146	10.8036	42.9746	18.1816	94.905	1	1	1	0	0	0	0	0
09.08.2015 00:47:40.645000	0.045	0.0514341	0.0466345	127.695	-667.059	0.000542535	6	3	3	3	460.635	329	49.6185	5.22952	0	1.20136	10.897	42.9528	18.1816	94.8339	1	1	1	0	0	0	0	0
09.08.2015 00:47:40.745000	0.045	0.0514341	0.0466345	127.693	-667.06	0.00036169	6	3	3	3	514.222	329	49.7389	5.22952	0	1.19844	10.8763	42.9391	18.167	94.8475	1	1	1	0	0	0	0	0
09.08.2015 00:47:40.845000	0.045	0.0514341	0.0466345	127.695	-667.063	0.000542535	6	3	3	3	516.263	329	49.8548	5.22952	0	1.19015	10.8505	42.9409	18.1759	94.8002	1	1	1	0	0	0	0	0
09.08.2015 00:47:40.945000	0.045	0.0514341	0.0466345	127.69	-667.063	-0.00036169	6	3	3	3	529.162	329	49.9792	5.22952	0	1.19013	10.8655	42.933	18.1634	94.8377	1	1	1	0	0	0	0	0
09.08.2015 00:47:41.045000	0.045	0.0514341	0.0466345	127.691	-667.063	0	6	3	3	3	354.114	329	50.0771	2.71346	0.0130437	1.19	10.7797	42.9441	18.3542	94.1499	1	1	1	0.74	0	0	0	0
09.08.2015 00:47:41.145000	0.045	0.0514341	0.0466345	127.695	-667.063	0.00072338	6	3	3	3	54.9554	329	50.1269	2.38298	0.571169	1.19	9.5099	43.3308	18.4598	95.2261	1	1	1	1	0	0	0	0
09.08.2015 00:47:41.245000	0.045	0.0514341	0.0466345	127.695	-667.063	0.00108507	6	3	3	3	105.028	329	50.198	3.13271	1.3209	1.19	8.42149	43.5812	18.6973	95.2756	1	1	1	1	0	0	0	0
09.08.2015 00:47:41.345000	0.045	0.0514341	0.0466345	127.695	-667.063	0.00108507	6	3	3	3	230.631	329	50.2721	3.62782	1.81601	0.886549	7.86139	43.7189	18.8573	95.1901	1	1	1	1	0	0	0	0
09.08.2015 00:47:41.445000	0.045	0.0514341	0.0466345	127.695	-667.063	0.00108507	6	3	3	3	412.349	329	50.3632	3.5795	1.76769	0.700561	7.53816	43.8156	18.9602	95.1665	1	1	1	1	0	0	0	0
09.08.2015 00:47:41.545000	0.045	0.0514341	0.0466345	127.695	-667.063	0.00072338	6	3	3	3	458.33	329	50.4403	3.28881	1.477	0.700561	7.3667	43.9199	19.0606	95.181	1	1	1	1	0	0	0	0
09.08.2015 00:47:41.645000	0.045	0.0514341	0.0466345	127.695	-667.063	0.00108507	6	3	3	3	456.077	329	50.5149	2.8672	1.05539	0.758302	7.27078	44.0551	19.1756	95.2588	1	1	1	1	0	0	0	0
09.08.2015 00:47:41.745000	0.045	0.0514341	0.0466345	127.695	-667.063	0.00036169	6	3	3	3	403.668	329	50.5765	2.56123	0.749422	0.80749	7.23498	44.1961	19.3166	95.2588	1	1	1	1	0	0	0	0
09.08.2015 00:47:41.845000	0.045	0.0514341	0.0466345	127.695	-667.066	0	6	3	3	3	356.485	329	50.6452	2.44318	0.631367	0.80749	7.26881	44.3428	19.4398	95.3485	1	1	1	1	0	0	0	0
09.08.2015 00:47:41.945000	0.045	0.0514341	0.0466345	127.695	-667.065	0.00180845	6	3	3	3	438.21	329	50.7044	2.16511	0.353304	0.80749	7.28469	44.4761	19.565	95.3796	1	1	1	1	0	0	0	0
09.08.2015 00:47:42.045000	0.045	0.0514341	0.0466345	127.695	-667.063	0.0016276	6	3	3	3	411.883	329	50.7586	1.96165	0.149838	0.719097	7.27706	44.6073	19.6749	95.4612	1	1	1	1	0	0	0	0
09.08.2015 00:47:42.145000	0.045	0.0514341	0.0466345	127.695	-667.063	0.00072338	6	3	3	3	302.293	329	50.8088	1.86037	0.0485588	0.606597	7.29005	44.7197	19.7872	95.4617	1	1	1	1	0	0	0	0
09.08.2015 00:47:42.245000	0.045	0.0514341	0.0466345	127.695	-667.066	0.000542535	6	3	3	3	313.95	329	50.8586	1.88298	0.0711673	0.606597	7.36717	44.8184	19.8823	95.4754	1	1	1	1	0	0	0	0
09.08.2015 00:47:42.345000	0.045	0.0514341	0.0466345	127.695	-667.065	0.00036169	6	3	3	3	297.692	329	50.9128	1.99231	0.180499	0.606597	7.41481	44.8961	19.9628	95.4645	1	1	1	1	0	0	0	0
09.08.2015 00:47:42.445000	0.045	0.0514341	0.0466345	127.695	-667.066	0	6	3	3	3	360.076	329	50.968	1.96331	0.151502	0.606597	7.40714	44.9627	20.0366	95.4373	1	1	1	1	0	0	0	0
09.08.2015 00:47:42.545000	0.045	0.0514341	0.0466345	127.698	-667.068	0.00072338	6	3	3	3	374.809	329	51.0207	1.87988	0.0680741	0.549231	7.37018	45.0348	20.1012	95.4659	1	1	1	1	0	0	0	0
09.08.2015 00:47:42.645000	0.045	0.0514341	0.0466345	127.695	-667.063	0.000542535	6	3	3	3	343.55	329	51.073	1.81252	0.000708212	0.525801	7.34662	45.1004	20.1596	95.4934	1	1	1	1	0	0	0	0
09.08.2015 00:47:42.745000	0.045	0.0514341	0.0466345	127.695	-667.063	0.00072338	6	3	3	3	265.524	329	51.1252	1.77043	-0.0413838	0.525801	7.39029	45.1571	20.2177	95.4878	1	1	1	1	0	0	0	0
09.08.2015 00:47:42.845000	0.045	0.0514341	0.0466345	127.695	-667.063	0.000542535	6	3	3	3	339.349	329	51.1759	1.78009	-0.031716	0.525801	7.45072	45.2087	20.259	95.5273	1	1	1	1	0	0	0	0
09.08.2015 00:47:42.945000	0.045	0.0514341	0.0466345	127.701	-667.063	0.00108507	6	3	3	3	375.036	329	51.2262	1.77677	-0.0350388	0.525801	7.39747	45.2554	20.3021	95.5411	1	1	1	1	0	0	0	0
09.08.2015 00:47:43.045000	0.045	0.0514341	0.0466345	127.695	-667.066	0.0016276	6	3	3	3	321.677	329	51.2759	1.74497	-0.0668443	0.51311	7.38416	45.2834	20.3684	95.3946	1	1	1	1	0	0	0	0
09.08.2015 00:47:43.145000	0.045	0.0514341	0.0466345	127.701	-667.065	0.00253183	6	3	3	3	300.478	329	51.3272	1.72399	-0.0878193	0.510693	7.39525	45.3146	20.4096	95.356	1	1	1	1	0	0	0	0
09.08.2015 00:47:43.245000	0.045	0.0514341	0.0466345	127.699	-667.063	0.00271267	6	3	3	3	291.529	329	51.3794	1.7399	-0.0719097	0.510693	7.42445	45.3429	20.444	95.3329	1	1	1	1	0	0	0	0
09.08.2015 00:47:43.345000	0.045	0.0514341	0.0466345	127.703	-667.065	0.00253183	6	3	3	3	329.284	329	51.4281	1.78333	-0.0284771	0.510693	7.42655	45.3718	20.4708	95.3411	1	1	1	1	0	0	0	0
09.08.2015 00:47:43.445000	0.045	0.0514341	0.0466345	127.699	-667.063	0.00271267	6	3	3	3	354.517	329	51.4789	1.81669	0.00488236	0.510693	7.43343	45.398	20.499	95.3333	1	1	1	1	0	0	0	0
09.08.2015 00:47:43.545000	0.045	0.0514341	0.0466345	127.703	-667.063	0.00470197	6	3	3	3	356.159	329	51.5311	1.81213	0.000316761	0.50972	7.41676	45.419	20.5211	95.3289	1	1	1	1	0	0	0	0
09.08.2015 00:47:43.645000	0.045	0.0514341	0.0466345	127.703	-667.066	0.00705295	6	3	3	3	359.869	329	51.5833	1.77047	-0.0413357	0.50968	7.37272	45.4351	20.5432	95.306	1	1	1	1	0	0	0	0
09.08.2015 00:47:43.745000	0.045	0.0514341	0.0466345	127.703	-667.068	0.00542535	6	3	3	3	358.41	329	51.6321	1.71212	-0.0996947	0.50968	7.33672	45.4412	20.5631	95.2532	1	1	1	1	0	0	0	0
09.08.2015 00:47:43.845000	0.045	0.0514341	0.0466345	127.703	-667.066	0.00705295	6	3	3	3	280.597	329	51.6838	1.66391	-0.147896	0.50968	7.34771	45.4541	20.5849	95.2195	1	1	1	1	0	0	0	0
09.08.2015 00:47:43.945000	0.045	0.0514341	0.0466345	127.703	-667.068	0.00578704	6	3	3	3	347.656	329	51.734	1.66888	-0.142926	0.509525	7.41215	45.4738	20.5878	95.2833	1	1	1	1	0	0	0	0
09.08.2015 00:47:44.045000	0.045	0.0514341	0.0466345	127.703	-667.07	0.00651042	6	3	3	3	280.297	329	51.7818	1.67093	-0.140877	0.506579	7.41207	45.4848	20.6059	95.2567	1	1	1	1	0	0	0	0
09.08.2015 00:47:44.145000	0.045	0.0514341	0.0466345	127.703	-667.068	0.00614873	6	3	3	3	266.105	329	51.8325	1.71061	-0.101203	0.506579	7.44546	45.5035	20.6219	95.2667	1	1	1	1	0	0	0	0
09.08.2015 00:47:44.245000	0.045	0.0514341	0.0466345	127.707	-667.07	0.00542535	6	3	3	3	298.852	329	51.8868	1.80347	-0.00833973	0.506579	7.44668	45.5215	20.6243	95.3263	1	1	1	1	0	0	0	0
09.08.2015 00:47:44.345000	0.045	0.0514341	0.0466345	127.703	-667.068	0.00651042	6	3	3	3	368.174	329	51.939	1.88104	0.0692346	0.506579	7.41338	45.5299	20.6386	95.3039	1	1	1	1	0	0	0	0
09.08.2015 00:47:44.445000	0.045	0.0514341	0.0466345	127.711	-667.07	0.00651042	6	3	3	3	365.354	329	51.9917	1.89484	0.083031	0.508748	7.35173	45.5316	20.6476	95.2759	1	1	1	1	0	0	0	0
09.08.2015 00:47:44.545000	0.045	0.0514341	0.0466345	127.703	-667.068	0.00578704	6	3	3	3	356.669	329	52.0439	1.86471	0.0529038	0.516012	7.37378	45.5389	20.6478	95.303	1	1	1	1	0	0	0	0
09.08.2015 00:47:44.645000	0.045	0.0514341	0.0466345	127.711	-667.07	0.00488281	6	3	3	3	276.617	329	52.0977	1.83202	0.0202131	0.516012	7.40372	45.5395	20.6607	95.2562	1	1	1	1	0	0	0	0
09.08.2015 00:47:44.745000	0.045	0.0514341	0.0466345	127.703	-667.068	0.00470197	6	3	3	3	333.33	329	52.1504	1.85136	0.0395516	0.516012	7.41587	45.5467	20.6546	95.3069	1	1	1	1	0	0	0	0
09.08.2015 00:47:44.845000	0.045	0.0514341	0.0466345	127.711	-667.066	0.00379774	6	3	3	3	257.267	329	52.2026	1.87997	0.0681635	0.516012	7.42065	45.5342	20.6698	95.2006	1	1	1	1	0	0	0	0
09.08.2015 00:47:44.945000	0.045	0.0514341	0.0466345	127.711	-667.068	0.00289352	6	3	3	3	308.579	329	52.2558	1.95824	0.146428	0.523736	7.45336	45.5392	20.6591	95.2607	1	1	1	1	0	0	0	0
09.08.2015 00:47:45.045000	0.045	0.0514341	0.0466345	127.711	-667.066	0.00325521	6	3	3	3	345.56	329	52.312	2.03158	0.219765	0.530315	7.45731	45.5351	20.6438	95.3039	1	1	1	1	0	0	0	0
09.08.2015 00:47:45.145000	0.045	0.0514341	0.0466345	127.714	-667.068	0.00072338	6	3	3	3	394.14	329	52.3683	2.05081	0.238998	0.530315	7.40199	45.5295	20.639	95.3006	1	1	1	1	0	0	0	0
09.08.2015 00:47:45.245000	0.045	0.0514341	0.0466345	127.711	-667.07	0.000542535	6	3	3	3	319.048	329	52.4274	2.0138	0.201994	0.530315	7.38302	45.5165	20.643	95.2357	1	1	1	1	0	0	0	0
09.08.2015 00:47:45.345000	0.045	0.0514341	0.0466345	127.711	-667.07	0.00072338	6	3	3	3	328.578	329	52.4876	1.99659	0.184783	0.538865	7.42891	45.5063	20.6386	95.2137	1	1	1	1	0	0	0	0
09.08.2015 00:47:45.445000	0.045	0.0514341	0.0466345	127.711	-667.066	0.00108507	6	3	3	3	297.345	329	52.5438	1.9938	0.181992	0.573063	7.42365	45.5004	20.6287	95.2287	1	1	1	1	0	0	0	0
09.08.2015 00:47:45.545000	0.045	0.0514341	0.0466345	127.711	-667.07	0.00072338	6	3	3	3	319.874	329	52.6001	2.00903	0.19722	0.573063	7.42149	45.4873	20.6304	95.1721	1	1	1	1	0	0	0	0
09.08.2015 00:47:45.645000	0.045	0.0514341	0.0466345	127.711	-667.07	0.00217014	6	3	3	3	290.8	329	52.6558	2.03689	0.225082	0.573063	7.44393	45.4835	20.6283	95.1658	1	1	1	1	0	0	0	0
09.08.2015 00:47:45.745000	0.045	0.0514341	0.0466345	127.711	-667.07	0.00289352	6	3	3	3	310.194	329	52.7125	2.08727	0.275459	0.573063	7.44159	45.4841	20.6168	95.2118	1	1	1	1	0	0	0	0
09.08.2015 00:47:45.845000	0.045	0.0514341	0.0466345	127.711	-667.07	0.00271267	6	3	3	3	303.676	329	52.7727	2.13689	0.325081	0.57664	7.43417	45.4778	20.6088	95.2184	1	1	1	1	0	0	0	0
09.08.2015 00:47:45.945000	0.045	0.0514341	0.0466345	127.716	-667.07	0.00144676	6	3	3	3	271.427	329	52.8353	2.1998	0.387991	0.577082	7.45875	45.4677	20.5996	95.2151	1	1	1	1	0	0	0	0
09.08.2015 00:47:46.045000	0.045	0.0514341	0.0466345	127.711	-667.07	0.0016276	6	3	3	3	301.065	329	52.897	2.29954	0.487732	0.577082	7.45927	45.4421	20.5899	95.1541	1	1	1	1	0	0	0	0
09.08.2015 00:47:46.145000	0.045	0.0514341	0.0466345	127.716	-667.068	0.00289352	6	3	3	3	406.469	329	52.9577	2.37299	0.561176	0.577082	7.39752	45.4174	20.565	95.155	1	1	1	1	0	0	0	0
09.08.2015 00:47:46.245000	0.045	0.0514341	0.0466345	127.719	-667.07	0.0016276	6	3	3	3	311.222	329	53.0224	2.36964	0.557833	0.615026	7.36335	45.3869	20.5698	95.0195	1	1	1	1	0	0	0	0
09.08.2015 00:47:46.345000	0.045	0.0514341	0.0466345	127.719	-667.07	0.00180845	6	3	3	3	364.595	329	53.0895	2.3691	0.557293	0.6202	7.38737	45.3708	20.5631	94.9837	1	1	1	1	0	0	0	0
09.08.2015 00:47:46.445000	0.045	0.0514341	0.0466345	127.719	-667.07	0.00271267	6	3	3	3	329.187	329	53.1507	2.3435	0.531687	0.6202	7.36918	45.3525	20.551	94.9601	1	1	1	1	0	0	0	0
09.08.2015 00:47:46.545000	0.045	0.0514341	0.0466345	127.719	-667.068	0.00325521	6	3	3	3	295.137	329	53.2099	2.33321	0.521401	0.6202	7.42355	45.3394	20.5424	94.9428	1	1	1	1	0	0	0	0
09.08.2015 00:47:46.645000	0.045	0.0514341	0.0466345	127.719	-667.07	0.00542535	6	3	3	3	324.271	329	53.2775	2.35285	0.541041	0.627445	7.44228	45.3382	20.5389	94.9517	1	1	1	1	0	0	0	0
09.08.2015 00:47:46.745000	0.045	0.0514341	0.0466345	127.719	-667.07	0.00470197	6	3	3	3	353.857	329	53.3427	2.36771	0.555899	0.628075	7.44494	45.3349	20.5311	94.969	1	1	1	1	0	0	0	0
09.08.2015 00:47:46.845000	0.045	0.0514341	0.0466345	127.719	-667.07	0.00651042	6	3	3	3	289.038	329	53.4024	2.35731	0.545497	0.628075	7.46452	45.3197	20.5317	94.9085	1	1	1	1	0	0	0	0
09.08.2015 00:47:46.945000	0.045	0.0514341	0.0466345	127.719	-667.07	0.0072338	6	3	3	3	279.02	329	53.4651	2.39581	0.584002	0.628591	7.49364	45.3106	20.5175	94.9276	1	1	1	1	0	0	0	0
09.08.2015 00:47:47.045000	0.045	0.0514341	0.0466345	127.719	-667.07	0.00813802	6	3	3	3	305.569	329	53.5377	2.47333	0.66152	0.640986	7.49438	45.2923	20.5112	94.8818	1	1	1	1	0	0	0	0
09.08.2015 00:47:47.145000	0.045	0.0514341	0.0466345	127.719	-667.07	0.00831887	6	3	3	3	329.408	329	53.5999	2.53845	0.72664	0.640986	7.47491	45.282	20.5068	94.8592	1	1	1	1	0	0	0	0
09.08.2015 00:47:47.245000	0.045	0.0514341	0.0466345	127.719	-667.07	0.00813802	6	3	3	3	360.363	329	53.667	2.57542	0.76361	0.640986	7.44534	45.2647	20.4877	94.8662	1	1	1	1	0	0	0	0
09.08.2015 00:47:47.345000	0.045	0.0514341	0.0466345	127.721	-667.07	0.00831887	6	3	3	3	317.556	329	53.7401	2.57577	0.763963	0.655639	7.43895	45.2287	20.4694	94.7986	1	1	1	1	0	0	0	0
09.08.2015 00:47:47.445000	0.045	0.0514341	0.0466345	127.719	-667.07	0.00868056	6	3	3	3	260.842	329	53.8018	2.6008	0.788986	0.679547	7.45685	45.2135	20.4464	94.8283	1	1	1	1	0	0	0	0
09.08.2015 00:47:47.545000	0.045	0.0514341	0.0466345	127.719	-667.07	0.00831887	6	3	3	3	320.534	329	53.8749	2.67266	0.860852	0.679547	7.48861	45.2009	20.4257	94.8594	1	1	1	1	0	0	0	0
09.08.2015 00:47:47.645000	0.045	0.0514341	0.0466345	127.719	-667.07	0.00813802	6	3	3	3	366.857	329	53.9446	2.72392	0.912111	0.679547	7.4989	45.1675	20.4064	94.8052	1	1	1	1	0	0	0	0
09.08.2015 00:47:47.745000	0.045	0.0514341	0.0466345	127.719	-667.07	0.00868056	6	3	3	3	355.399	329	54.0127	2.71958	0.907767	0.688401	7.49125	45.1482	20.3724	94.8617	1	1	1	1	0	0	0	0
09.08.2015 00:47:47.845000	0.045	0.0514341	0.0466345	127.719	-667.07	0.00868056	6	3	3	3	240.635	329	54.0888	2.71726	0.905454	0.690898	7.50781	45.1393	20.3749	94.818	1	1	1	1	0	0	0	0
09.08.2015 00:47:47.945000	0.045	0.0514341	0.0466345	127.719	-667.07	0.00687211	6	3	3	3	280.455	329	54.1535	2.79541	0.983602	0.690898	7.5565	45.1258	20.3535	94.848	1	1	1	1	0	0	0	0
09.08.2015 00:47:48.045000	0.045	0.0514341	0.0466345	127.719	-667.07	0.00813802	6	3	3	3	415.053	329	54.2341	2.87165	1.05984	0.700807	7.4855	45.0938	20.324	94.8388	1	1	1	1	0	0	0	0
09.08.2015 00:47:48.145000	0.045	0.0514341	0.0466345	127.721	-667.07	0.00614873	6	3	3	3	336.208	329	54.3012	2.84891	1.0371	0.720924	7.43512	45.072	20.3117	94.8024	1	1	1	1	0	0	0	0
09.08.2015 00:47:48.245000	0.045	0.0514341	0.0466345	127.719	-667.07	0.00542535	6	3	3	3	296.365	329	54.3813	2.83332	1.02151	0.720924	7.4661	45.062	20.2949	94.8281	1	1	1	1	0	0	0	0
09.08.2015 00:47:48.345000	0.045	0.0514341	0.0466345	127.719	-667.07	0.00253183	6	3	3	3	300.142	329	54.4465	2.85828	1.04647	0.720924	7.47282	45.031	20.283	94.7552	1	1	1	1	0	0	0	0
09.08.2015 00:47:48.445000	0.045	0.0514341	0.0466345	127.719	-667.07	0.00217014	6	3	3	3	293.076	329	54.5266	2.90245	1.09064	0.730774	7.4999	45.0198	20.2675	94.7718	1	1	1	1	0	0	0	0
09.08.2015 00:47:48.545000	0.045	0.0514341	0.0466345	127.719	-667.07	0.00253183	6	3	3	3	332.511	329	54.5957	2.96205	1.15024	0.731515	7.49224	44.994	20.2591	94.7049	1	1	1	1	0	0	0	0
09.08.2015 00:47:48.645000	0.045	0.0514341	0.0466345	127.723	-667.07	0.0016276	6	3	3	3	362.764	329	54.6753	2.98386	1.17205	0.731515	7.45617	44.9593	20.2382	94.6521	1	1	1	1	0	0	0	0
09.08.2015 00:47:48.745000	0.045	0.0514341	0.0466345	127.724	-667.07	0.00036169	6	3	3	3	338.559	329	54.7479	2.97875	1.16694	0.747159	7.46024	44.9452	20.2227	94.6575	1	1	1	1	0	0	0	0
09.08.2015 00:47:48.845000	0.045	0.0514341	0.0466345	127.723	-667.07	0.000542535	6	3	3	3	327.184	329	54.827	2.95898	1.14717	0.755958	7.43465	44.9262	20.2027	94.6615	1	1	1	1	0	0	0	0
09.08.2015 00:47:48.945000	0.045	0.0514341	0.0466345	127.721	-667.07	0.00108507	6	3	3	3	320.056	329	54.8976	2.94847	1.13666	0.755958	7.43163	44.9175	20.1902	94.6759	1	1	1	1	0	0	0	0
09.08.2015 00:47:49.045000	0.045	0.0514341	0.0466345	127.727	-667.07	0.000542535	6	3	3	3	288.541	329	54.9772	2.95025	1.13844	0.751567	7.42333	44.9033	20.1865	94.6358	1	1	1	1	0	0	0	0
09.08.2015 00:47:49.145000	0.045	0.0514341	0.0466345	127.727	-667.07	0.00072338	6	3	3	3	274.26	329	55.0449	2.99957	1.18776	0.740277	7.49687	44.8899	20.1729	94.6362	1	1	1	1	0	0	0	0
09.08.2015 00:47:49.245000	0.045	0.0514341	0.0466345	127.727	-667.07	0.000542535	6	3	3	3	299.251	329	55.1289	3.08561	1.2738	0.740277	7.49744	44.8797	20.1628	94.6358	1	1	1	1	0	0	0	0
09.08.2015 00:47:49.345000	0.045	0.0514341	0.0466345	127.727	-667.07	-0.00144676	6	3	3	3	309.957	329	55.1991	3.17312	1.3613	0.741372	7.4564	44.8529	20.1325	94.6495	1	1	1	1	0	0	0	0
09.08.2015 00:47:49.445000	0.045	0.0514341	0.0466345	127.727	-667.07	-0.00108507	6	3	3	3	341.588	329	55.2856	3.24848	1.43666	0.767657	7.46396	44.8204	20.1058	94.6273	1	1	1	1	0	0	0	0
09.08.2015 00:47:49.545000	0.045	0.0514341	0.0466345	127.724	-667.07	-0.00072338	6	3	3	3	328.112	329	55.3662	3.293	1.48119	0.767657	7.4505	44.7805	20.0761	94.5883	1	1	1	1	0	0	0	0
09.08.2015 00:47:49.645000	0.045	0.0514341	0.0466345	127.727	-667.066	-0.00217014	6	3	3	3	363.904	329	55.4443	3.31193	1.50012	0.768775	7.44472	44.7474	20.0494	94.5638	1	1	1	1	0	0	0	0
09.08.2015 00:47:49.745000	0.045	0.0514341	0.0466345	127.729	-667.07	0.00072338	6	3	3	3	342.296	329	55.5333	3.29291	1.4811	0.823579	7.44434	44.7199	20.0339	94.5175	1	1	1	1	0	0	0	0
09.08.2015 00:47:49.845000	0.045	0.0514341	0.0466345	127.727	-667.07	0.000542535	6	3	3	3	342.598	329	55.6114	3.26587	1.45406	0.823579	7.42747	44.6934	20.0191	94.4729	1	1	1	1	0	0	0	0
09.08.2015 00:47:49.945000	0.045	0.0514341	0.0466345	127.732	-667.07	0.00072338	6	3	3	3	308.423	329	55.693	3.24	1.42819	0.823826	7.4277	44.6791	19.9926	94.5196	1	1	1	1	0	0	0	0
09.08.2015 00:47:50.045000	0.045	0.0514341	0.0466345	127.734	-667.07	0.000542535	6	3	3	3	340.51	329	55.7791	3.23831	1.4265	0.831804	7.44249	44.6667	19.9861	94.4969	1	1	1	1	0	0	0	0
09.08.2015 00:47:50.145000	0.045	0.0514341	0.0466345	127.732	-667.07	0.00253183	6	3	3	3	324.88	329	55.8557	3.2313	1.41949	0.831804	7.44905	44.6714	19.9738	94.5621	1	1	1	1	0	0	0	0
09.08.2015 00:47:50.245000	0.045	0.0514341	0.0466345	127.73	-667.07	0.00271267	6	3	3	3	305.323	329	55.9377	3.22104	1.40923	0.831804	7.47051	44.6489	19.9965	94.389	1	1	1	1	0	0	0	0
09.08.2015 00:47:50.345000	0.045	0.0514341	0.0466345	127.734	-667.07	0.00397859	6	3	3	3	302.494	329	56.0208	3.23895	1.42714	0.804372	7.48492	44.6554	19.9867	94.4516	1	1	1	1	0	0	0	0
09.08.2015 00:47:50.445000	0.045	0.0514341	0.0466345	127.734	-667.07	0.00379774	6	3	3	3	269.476	329	56.0994	3.29372	1.48191	0.802307	7.49967	44.6373	19.9838	94.3934	1	1	1	1	0	0	0	0
09.08.2015 00:47:50.545000	0.045	0.0514341	0.0466345	127.734	-667.07	0.00434028	6	3	3	3	336.291	329	56.183	3.37179	1.55998	0.802307	7.48211	44.6289	19.9545	94.4731	1	1	1	1	0	0	0	0
09.08.2015 00:47:50.645000	0.045	0.0514341	0.0466345	127.734	-667.07	0.00542535	6	3	3	3	414.571	329	56.2685	3.403	1.59119	0.816405	7.42408	44.6023	19.9355	94.4441	1	1	1	1	0	0	0	0
09.08.2015 00:47:50.745000	0.045	0.0514341	0.0466345	127.734	-667.07	0.00578704	6	3	3	3	274.341	329	56.3496	3.37128	1.55947	0.818147	7.42091	44.5832	19.9309	94.3887	1	1	1	1	0	0	0	0
09.08.2015 00:47:50.845000	0.045	0.0514341	0.0466345	127.734	-667.07	0.00705295	6	3	3	3	262.088	329	56.4327	3.39868	1.58687	0.818147	7.49287	44.5636	19.9061	94.4079	1	1	1	1	0	0	0	0
09.08.2015 00:47:50.945000	0.045	0.0514341	0.0466345	127.734	-667.07	0.00614873	6	3	3	3	285.29	329.143	56.5222	3.57497	1.76316	0.838704	7.4983	44.551	19.8848	94.442	1	1	1	1	0.94	0	0	0
09.08.2015 00:47:51.045000	0.045	0.0514341	0.0466345	127.734	-667.066	0.00705295	6	3	3	3	376.562	330.124	56.6107	3.8535	2.04169	0.840251	7.46931	44.4911	19.8193	94.4633	1	1	1	1	1	0	0	0
09.08.2015 00:47:51.145000	0.045	0.0514341	0.0466345	127.734	-667.07	0.00795718	6	3	3	3	365.05	332.161	56.7087	3.93803	2.12638	0.865803	7.42361	44.4018	19.7459	94.3931	1	1	1	1	1	0	0	0
09.08.2015 00:47:51.245000	0.045	0.0514341	0.0466345	127.734	-667.07	0.00813802	6	3	3	3	398.954	335.258	56.8057	3.84808	2.03622	0.934888	7.41982	44.3278	19.6855	94.3567	1	1	1	1	1	0	0	0
09.08.2015 00:47:51.345000	0.045	0.0514341	0.0466345	127.734	-667.07	0.00795718	6	3	3	3	318.74	339.404	56.8997	3.66122	1.84941	0.934888	7.41247	44.2929	19.6531	94.3408	1	1	1	1	1	0	0	0
09.08.2015 00:47:51.445000	0.045	0.0514341	0.0466345	127.734	-667.07	0.00759549	6	3	3	3	326.718	344.589	56.9853	3.62127	1.80946	0.93088	7.42564	44.2864	19.6463	94.357	1	1	1	1	1	0	0	0
09.08.2015 00:47:51.545000	0.045	0.0514341	0.0466345	127.734	-667.07	0.00904225	6	3	3	3	299.613	350.826	57.0788	3.74447	1.93266	0.928208	7.47627	44.2808	19.6285	94.3964	1	1	1	1	1	0	0	0
09.08.2015 00:47:51.645000	0.045	0.0514341	0.0466345	127.734	-667.07	0.00976563	6	3	3	3	368.878	358.112	57.1728	4.02079	2.20898	0.928208	7.49219	44.2421	19.5879	94.396	1	1	1	1	1	0	0	0
09.08.2015 00:47:51.745000	0.045	0.0514341	0.0466345	127.734	-667.07	0.0112124	6	3	3	3	371.622	366.446	57.2728	4.24515	2.43334	0.93461	7.4375	44.1539	19.5148	94.3383	1	1	1	1	1	0	0	0
09.08.2015 00:47:51.845000	0.045	0.0514341	0.0466345	127.734	-667.07	0.0124783	6	3	3	3	310.978	375.829	57.3802	4.49274	2.68093	0.935019	7.41508	44.0258	19.427	94.1838	1	1	1	1	1	0	0	0
09.08.2015 00:47:51.945000	0.045	0.0514341	0.0466345	127.734	-667.065	0.0122975	6	3	3	3	390.834	386.26	57.4947	4.90688	3.09507	1.02428	7.4171	43.8694	19.274	94.1707	1	1	1	1	1	0	0	0
09.08.2015 00:47:52.045000	0.045	0.0514341	0.0466345	127.734	-667.07	0.00976563	6	3	3	3	462.995	397.74	57.612	5.23028	3.41847	1.0767	7.41652	43.6623	19.0763	94.1349	1	1	1	1	1	0	0	0
09.08.2015 00:47:52.145000	0.045	0.0514341	0.0466345	127.737	-667.07	0.0101273	6	3	3	3	445.989	410.269	57.7424	5.34903	3.53722	1.1763	7.42925	43.4567	18.9071	93.9954	1	1	1	1	1	0	0	0
09.08.2015 00:47:52.245000	0.045	0.0514341	0.0466345	127.734	-667.07	0.00976563	6	3	3	3	362.761	423.847	57.8642	5.45253	3.64072	1.23735	7.45269	43.2885	18.755	93.934	1	1	1	1	1	0	0	0
09.08.2015 00:47:52.345000	0.045	0.0514341	0.0466345	127.74	-667.07	0.0101273	6	3	3	3	426.476	438.475	57.9946	5.80334	3.99153	1.25368	7.47121	43.1376	18.5904	93.9863	1	1	1	1	1	0	0	0
09.08.2015 00:47:52.445000	0.045	0.0514341	0.0466345	127.742	-667.07	0.00868056	6	3	3	3	428.315	454.151	58.1338	6.21436	4.40255	1.26248	7.40741	42.9212	18.4064	93.8622	1	1	1	1	1	0	0	0
09.08.2015 00:47:52.545000	0.045	0.0514341	0.0466345	127.742	-667.07	0.00868056	6	3	3	3	456.427	470.876	58.2826	6.70903	4.89722	1.38807	7.41464	42.6774	18.1507	93.9078	1	1	1	1	1	0	0	0
09.08.2015 00:47:52.645000	0.045	0.0514341	0.0466345	127.742	-667.07	0.00759549	6	3	3	3	412.15	488.649	58.4477	7.2471	5.43529	1.48839	7.42144	42.3612	17.8712	93.7671	1	1	1	1	1	0	0	0
09.08.2015 00:47:52.745000	0.045	0.0514341	0.0466345	127.747	-667.07	0.00687211	6	3	3	3	432.399	507.47	58.6218	7.96449	6.15268	1.6363	7.44777	41.988	17.5298	93.6456	1	1	1	1	1	0	0	0
09.08.2015 00:47:52.845000	0.045	0.0514341	0.0466345	127.75	-667.07	0.00596788	6	3	3	3	530.871	527.341	58.8168	8.82952	7.01771	1.81371	7.45906	41.5511	17.1106	93.5778	1	1	1	1	1	0	0	0
09.08.2015 00:47:52.945000	0.045	0.0514341	0.0466345	127.75	-667.07	0.00614873	6	3	3	3	522.114	548.262	59.0302	9.59948	7.78767	1.98729	7.41102	41.0821	16.6751	93.4495	1	1	1	1	1	0	0	0
09.08.2015 00:47:53.045000	0.045	0.0514341	0.0466345	127.742	-667.07	0.00596788	6	3	3	3	547.062	570.231	59.2535	10.3601	8.54824	2.15712	7.40611	40.6213	16.2324	93.3801	1	1	1	1	1	0	0	0
09.08.2015 00:47:53.145000	0.045	0.0514341	0.0466345	127.75	-667.068	0.00434028	6	3	3	3	538.424	593.249	59.4958	11.1511	9.3393	2.34111	7.4333	40.1935	15.827	93.2943	1	1	1	1	1	0	0	0
09.08.2015 00:47:53.245000	0.045	0.0514341	0.0466345	127.746	-667.07	0.00488281	6	3	3	3	579.961	617.315	59.7544	12.0183	10.2065	2.49349	7.46832	39.7891	15.4474	93.1994	1	1	1	1	1	0	0	0
09.08.2015 00:47:53.345000	0.045	0.0514341	0.0466345	127.75	-667.07	0.00253183	6	3	3	3	596.444	642.431	60.0315	12.9438	11.132	2.68056	7.48134	39.41	15.0898	93.117	1	1	1	1	1	0	0	0
09.08.2015 00:47:53.445000	0.045	0.0514341	0.0466345	127.75	-667.07	0.00217014	6	3	3	3	603.115	668.596	60.325	13.9251	12.1133	2.88208	7.4796	39.0712	14.778	93.0139	1	1	1	1	1	0	0	0
09.08.2015 00:47:53.545000	0.045	0.0514341	0.0466345	127.75	-667.07	0.00108507	6	3	3	3	632.205	695.812	60.6408	15.001	13.1892	3.11645	7.51519	38.7569	14.4886	92.9185	1	1	1	1	1	0	0	0
09.08.2015 00:47:53.645000	0.045	0.0514341	0.0466345	127.75	-667.07	0.000542535	6	3	3	3	696.44	724.076	60.9786	16.135	14.3232	3.30173	7.45992	38.4801	14.2188	92.8919	1	1	1	1	1	0	0	0
09.08.2015 00:47:53.745000	0.045	0.0514341	0.0466345	127.75	-667.07	0.00144676	6	3	3	3	681.04	753.386	61.3362	17.2681	15.4563	3.54263	7.44922	38.2177	13.9906	92.7606	1	1	1	1	1	0	0	0
09.08.2015 00:47:53.845000	0.045	0.0514341	0.0466345	127.75	-667.07	0.00108507	6	3	3	3	693.054	783.745	61.7162	18.4777	16.6658	3.77855	7.4022	38.0211	13.8343	92.6066	1	1	1	1	1	0	0	0
09.08.2015 00:47:53.945000	0.045	0.0514341	0.0466345	127.75	-667.07	0.00036169	6	3	3	3	744.582	665.948	62.1192	19.8066	12.4442	4.00107	7.39178	37.894	13.6967	92.6465	1	1	1	1	1	0.3	0	0.3
09.08.2015 00:47:54.045000	0.045	0.0514341	0.0466345	127.75	-667.07	0.00108507	6	3	3	3	1521.49	329	63.5169	20.3138	0	38.5288	7.40176	70.2137	18.7866	196.904	1	1	1	1	1	1	0.1	1
09.08.2015 00:47:54.145000	0.045	0.0514341	0.0466345	127.758	-667.07	0.00108507	6	3	3	3	1700.33	329	66.1264	20.3138	0	81.9471	6.51606	106.531	1.16453	403.425	1	1	1	1	1	1	1	1
09.08.2015 00:47:54.245000	0.045	0.0514341	0.0466345	127.746	-667.082	0.000542535	6	3	3	3	24.5437	329	66.107	20.3138	0	81.9471	4.01461	114.687	0.611042	436.775	1	1	1	1	1	1	1	1
09.08.2015 00:47:54.345000	0.045	0.0514341	0.0466345	127.688	-667.091	0.00072338	6	3	3	3	3.54537	329	66.107	5.89099	0	81.9471	2.56091	126.724	0.535478	483.152	1	1	1	1	1	1	1	0.29
09.08.2015 00:47:54.445000	0.045	0.0514341	0.0466345	127.68	-667.09	0.00108507	6	3	3	3	0.625497	329	66.107	0	0	81.9471	1.83898	127.851	0.521805	487.519	1	1	1	1	1	1	1	0
09.08.2015 00:47:54.545000	0.045	0.0514341	0.0466345	127.68	-667.094	0	6	3	3	3	0.595629	329	66.107	0	0	81.9471	1.42925	128.401	0.546403	489.529	1	1	1	1	1	1	1	0
09.08.2015 00:47:54.645000	0.045	0.0514341	0.0466345	127.68	-667.09	-0.00108507	6	3	3	3	0.389398	329	66.107	0	0	81.9471	1.09042	127.752	0.52504	487.128	1	1	1	1	1	1	1	0
09.08.2015 00:47:54.745000	0.045	0.0514341	0.0466345	127.659	-667.096	-0.00108507	6	3	3	3	0.294629	329	66.107	0	0	81.9471	0.892506	127.815	0.514054	487.409	1	1	1	1	1	1	1	0
09.08.2015 00:47:54.845000	0.045	0.0514341	0.0466345	127.648	-667.074	-0.00108507	6	3	3	3	0.291794	329	66.107	0	0	81.9471	0.76548	128.032	0.508011	488.264	1	1	1	1	1	1	1	0
09.08.2015 00:47:54.945000	0.045	0.0514341	0.0466345	127.602	-667.089	-0.00108507	6	3	3	3	0.283431	329	66.107	0	0	81.9471	0.680122	128.035	0.502274	488.298	1	1	1	1	1	1	1	0
09.08.2015 00:47:55.045000	0.045	0.0514341	0.0466345	127.582	-667.09	0.00108507	6	3	3	3	0.29603	329	66.107	0	0	76.2177	0.588108	128.044	0.50087	488.336	1	1	1	1	1	1	1	0
09.08.2015 00:47:55.145000	0.045	0.0514341	0.0466345	127.586	-667.078	0.00108507	6	3	3	3	0.301497	329	66.107	0	0	0.0993968	0.543258	128.07	0.505997	488.417	1	1	1	1	1	1	1	0
09.08.2015 00:47:55.245000	0.045	0.0514341	0.0466345	127.59	-667.086	0.000542535	6	3	3	3	0.296679	329	66.107	0	0	0.0993968	0.50217	128.094	0.504349	488.514	1	1	1	1	1	1	1	0
09.08.2015 00:47:55.345000	0.045	0.0514341	0.0466345	127.591	-667.089	0	6	3	3	3	0.297828	329	66.107	0	0	0.0993968	0.466291	128.114	0.503372	488.596	1	1	1	1	1	1	1	0
09.08.2015 00:47:55.445000	0.045	0.0514341	0.0466345	127.59	-667.082	0.00108507	6	3	3	3	0.278019	329	66.107	0	0	0.0993968	0.431713	128.14	0.503555	488.695	1	1	1	1	1	1	1	0
09.08.2015 00:47:55.545000	0.045	0.0514341	0.0466345	127.591	-667.081	0.00072338	6	3	3	3	0.270295	329	66.107	0	0	0.0993968	0.412326	128.173	0.504044	488.82	1	1	1	1	1	1	1	0
09.08.2015 00:47:55.645000	0.045	0.0514341	0.0466345	127.594	-667.082	0.0016276	6	3	3	3	0.243173	329	66.107	0	0	0.0993968	0.393663	128.199	0.504715	488.917	1	1	1	1	1	1	1	0
09.08.2015 00:47:55.745000	0.045	0.0514341	0.0466345	127.591	-667.086	0.00180845	6	3	3	3	0.241567	329	66.107	0	0	0.0993968	0.376013	128.228	0.4991	489.049	1	1	1	1	1	1	1	0
09.08.2015 00:47:55.845000	0.045	0.0514341	0.0466345	127.594	-667.086	0.00271267	6	3	3	3	0.30688	329	66.107	0	0	0.0993968	0.362413	128.25	0.503739	489.116	1	1	1	1	1	1	1	0
09.08.2015 00:47:55.945000	0.045	0.0514341	0.0466345	127.594	-667.081	0.00434028	6	3	3	3	0.30958	329	66.107	0	0	0.0993968	0.352865	128.272	0.505203	489.193	1	1	1	1	1	1	1	0
09.08.2015 00:47:56.045000	0.045	0.0514341	0.0466345	127.594	-667.086	0.00651042	6	3	3	3	0.326889	329	66.107	0	0	0.093433	0.342159	128.297	0.507401	489.28	1	1	1	1	1	1	1	0
09.08.2015 00:47:56.145000	0.045	0.0514341	0.0466345	127.594	-667.081	0.00687211	6	3	3	3	0.304512	329	66.107	0	0	0	0.33261	128.315	0.508866	489.345	1	1	1	1	1	1	1	0
09.08.2015 00:47:56.245000	0.045	0.0514341	0.0466345	127.594	-667.078	0.00596788	6	3	3	3	0.279399	329	66.107	0	0	0	0.331019	128.328	0.505081	489.407	1	1	1	1	1	1	1	0
09.08.2015 00:47:56.345000	0.045	0.0514341	0.0466345	127.586	-667.078	0.00614873	6	3	3	3	0.232551	329	66.107	0	0	0	0.331887	128.344	0.507218	489.462	1	1	1	1	1	1	1	0
09.08.2015 00:47:56.445000	0.045	0.0514341	0.0466345	127.578	-667.078	0.00651042	6	3	3	3	0.234509	329	66.107	0	0	0	0.34375	128.36	0.507035	489.525	1	1	1	1	1	1	1	0
09.08.2015 00:47:56.545000	0.045	0.0514341	0.0466345	127.552	-666.88	0.00651042	6	3	3	3	0.247923	329	66.107	0	0	0	0.354745	128.377	0.510758	489.573	1	1	1	1	1	1	1	0
09.08.2015 00:47:56.645000	0.045	0.0514341	0.0466345	127.609	-665.262	0.00651042	6	3	3	3	0.255028	329	66.107	0	0	0	0.364294	128.389	0.512101	489.613	1	1	1	1	1	1	1	0
09.08.2015 00:47:56.745000	0.045	0.0514341	0.0466345	127.698	-655.599	0.00759549	6	3	3	3	0.279619	329	66.107	0	0	0	0.371238	128.402	0.515946	489.649	1	1	1	1	1	1	1	0
09.08.2015 00:47:56.845000	0.045	0.0514341	0.0466345	127.699	-635.578	0.00542535	6	3	3	3	0.248045	329	66.107	0	0	0	0.380064	128.4	0.529069	489.591	1	1	1	1	1	1	1	0
09.08.2015 00:47:56.945000	0.045	0.0514341	0.0466345	127.703	-609.128	0.00470197	6	3	3	3	0.273492	329	66.107	0	0	0	0.385851	128.393	0.527299	489.571	1	1	1	1	1	1	1	0
09.08.2015 00:47:57.045000	0.045	0.0514341	0.0466345	127.703	-575.738	0.00271267	6	3	3	3	0.28204	329	66.107	0	0	0	0.391927	128.38	0.521867	489.545	1	1	1	1	1	1	1	0
09.08.2015 00:47:57.145000	0.045	0.0514341	0.0466345	127.703	-544.326	0.00325521	6	3	3	3	0.284367	329	66.107	0	0	0	0.396267	128.368	0.518998	489.508	1	1	1	1	1	1	1	0
09.08.2015 00:47:57.245000	0.045	0.0514341	0.0466345	127.703	-509.27	0.00271267	6	3	3	3	0.274032	329	66.107	0	0	0	0.402488	128.347	0.514298	489.446	1	1	1	1	1	1	1	0
09.08.2015 00:47:57.345000	0.045	0.0514341	0.0466345	127.703	-457.987	0.00325521	6	3	3	3	0.27386	329	66.107	0	0	0	0.405961	128.325	0.512162	489.371	1	1	1	1	1	1	1	0
09.08.2015 00:47:57.445000	0.045	0.0514341	0.0466345	127.699	-410.395	0.00271267	6	3	3	3	0.274806	329	66.107	0	0	0	0.408131	128.286	0.508682	489.236	1	1	1	1	1	1	1	0
09.08.2015 00:47:57.545000	0.045	0.0514341	0.0466345	127.703	-368.307	0.00253183	6	3	3	3	0.273296	329	66.107	0	0	0	0.410446	128.304	0.513138	489.285	1	1	1	1	1	1	1	0
09.08.2015 00:47:57.645000	0.045	0.0514341	0.0466345	127.699	-325.398	0.00217014	6	3	3	3	0.297708	329	66.107	0	0	0	0.411748	128.253	0.513443	489.09	1	1	1	1	1	1	1	0
09.08.2015 00:47:57.745000	0.045	0.0514341	0.0466345	127.695	-266.672	0.00180845	6	3	3	3	0.284938	329	66.107	0	0	0	0.412905	128.226	0.511307	488.992	1	1	1	1	1	1	1	0
09.08.2015 00:47:57.845000	0.045	0.0514341	0.0466345	127.695	-225.016	0.000542535	6	3	3	3	0.284985	329	66.107	0	0	0	0.413194	128.198	0.507706	488.899	1	1	1	1	1	1	1	0
09.08.2015 00:47:57.945000	0.045	0.0514341	0.0466345	127.695	-183.555	0.00036169	6	3	3	3	0.267719	329	66.107	0	0	0	0.414352	128.166	0.513382	488.755	1	1	1	1	1	1	1	0
09.08.2015 00:47:58.045000	0.045	0.0514341	0.0466345	127.699	-133.477	0	6	3	3	3	0.282425	329	66.107	0	0	0	0.414786	128.138	0.508805	488.669	1	1	1	1	1	1	1	0
09.08.2015 00:47:58.145000	0.045	0.0514341	0.0466345	127.695	-83.7526	0.00289352	6	3	3	3	0.292375	329	66.107	0	0	0	0.416522	128.113	0.514603	488.55	1	1	1	1	1	1	1	0
09.08.2015 00:47:58.245000	0.045	0.0514341	0.0466345	127.699	-42.4102	0.00108507	6	3	3	3	0.284521	329	66.107	0	0	0	0.416377	128.084	0.513688	488.443	1	1	1	1	1	1	1	0
09.08.2015 00:47:58.345000	0.045	0.0514341	0.0466345	127.703	-0.955729	0.00072338	6	3	3	3	0.279977	329	66.107	0	0	0	0.416956	128.059	0.51326	488.347	1	1	1	1	1	1	1	0
09.08.2015 00:47:58.445000	0.045	0.0514341	0.0466345	127.703	48.6133	0.00271267	6	3	3	3	0.284798	329	66.107	0	0	0	0.416667	128.031	0.509659	488.254	1	1	1	1	1	1	1	0
09.08.2015 00:47:58.545000	0.045	0.0514341	0.0466345	127.701	97.9479	0.00217014	6	3	3	3	0.290516	329	66.107	0	0	0	0.416088	128.002	0.511734	488.135	1	1	1	1	1	1	1	0
09.08.2015 00:47:58.645000	0.045	0.0514341	0.0466345	127.703	139.313	0.00271267	6	3	3	3	0.29875	329	66.107	0	0	0	0.41522	127.977	0.510025	488.046	1	1	1	1	1	1	1	0
09.08.2015 00:47:58.745000	0.045	0.0514341	0.0466345	127.703	180.182	0.00217014	6	3	3	3	0.247223	329	66.107	0	0	0	0.414641	127.951	0.511795	487.939	1	1	1	1	1	1	1	0
09.08.2015 00:47:58.845000	0.045	0.0514341	0.0466345	127.703	237.66	0.00325521	6	3	3	3	0.266523	329	66.107	0	0	0	0.414497	127.924	0.514359	487.827	1	1	1	1	1	1	1	0
09.08.2015 00:47:58.945000	0.045	0.0514341	0.0466345	127.703	278.435	0.00506366	6	3	3	3	0.252168	329	66.107	0	0	0	0.413918	127.9	0.513688	487.738	1	1	1	1	1	1	1	0
09.08.2015 00:47:59.045000	0.045	0.0514341	0.0466345	127.703	319.496	0.00488281	6	3	3	3	0.252648	329	66.107	0	0	0	0.414063	127.874	0.515275	487.633	1	1	1	1	1	1	1	0
09.08.2015 00:47:59.145000	0.045	0.0514341	0.0466345	127.703	366.016	0.00506366	6	3	3	3	0.270912	329	66.107	0	0	0	0.413484	127.848	0.516068	487.527	1	1	1	1	1	1	1	0
09.08.2015 00:47:59.245000	0.045	0.0514341	0.0466345	127.703	417.941	0.00542535	6	3	3	3	0.277158	329	66.107	0	0	0	0.413918	127.821	0.53328	487.361	1	1	1	1	1	1	1	0
09.08.2015 00:47:59.345000	0.045	0.0514341	0.0466345	127.703	458.643	0.00614873	6	3	3	3	0.272624	329	66.107	0	0	0	0.412471	127.796	0.538774	487.243	1	1	1	1	1	1	1	0
09.08.2015 00:47:59.445000	0.045	0.0514341	0.0466345	127.703	499.695	0.00542535	6	3	3	3	0.274847	329	66.107	0	0	0	0.411458	127.764	0.532853	487.144	1	1	1	1	1	1	1	0
09.08.2015 00:47:59.545000	0.045	0.0514341	0.0466345	127.703	550.576	0.00759549	6	3	3	3	0.293378	329	66.107	0	0	0	0.411169	127.738	0.527238	487.063	1	1	1	1	1	1	1	0
09.08.2015 00:47:59.645000	0.045	0.0514341	0.0466345	127.703	590.473	0.00813802	6	3	3	3	0.288021	329	66.107	0	0	0	0.410735	127.714	0.520218	487	1	1	1	1	1	1	1	0
09.08.2015 00:47:59.745000	0.045	0.0514341	0.0466345	127.703	618.823	0.00868056	6	3	3	3	0.294826	329	66.107	0	0	0	0.410446	127.689	0.519181	486.906	1	1	1	1	1	1	1	0
09.08.2015 00:47:59.845000	0.045	0.0514341	0.0466345	127.703	642.129	0.00759549	6	3	3	3	0.278568	329	66.107	0	0	0	0.409867	127.665	0.51442	486.833	1	1	1	1	1	1	1	0
09.08.2015 00:47:59.945000	0.045	0.0514341	0.0466345	127.703	665.148	0.0072338	6	3	3	3	0.267711	329	66.107	0	0	0	0.410446	127.644	0.518387	486.738	1	1	1	1	1	1	1	0
09.08.2015 00:48:00.045000	0.045	0.0514341	0.0466345	127.703	673.211	0.00651042	6	3	3	3	0.255461	329	66.107	0	0	0	0.411024	127.618	0.513749	486.657	1	1	1	1	1	1	1	0
09.08.2015 00:48:00.145000	0.045	0.0514341	0.0466345	127.703	675.195	0.00651042	6	3	3	3	0.26832	329	66.107	0	0	0	0.411024	127.596	0.514664	486.569	1	1	1	1	1	1	1	0
09.08.2015 00:48:00.245000	0.045	0.0514341	0.0466345	127.703	676.613	0.00542535	6	3	3	3	0.300098	329	66.107	0	0	0	0.41088	127.573	0.519608	486.462	1	1	1	1	1	1	1	0
09.08.2015 00:48:00.345000	0.045	0.0514341	0.0466345	127.69	676.685	0.00217014	6	3	3	3	0.273766	329	66.107	0	0	0	0.411458	127.551	0.517289	486.385	1	1	1	1	1	1	1	0
09.08.2015 00:48:00.445000	0.045	0.0514341	0.0466345	127.688	676.703	0.00271267	6	3	3	3	0.279005	329	66.107	0	0	0	0.41059	127.529	0.517472	486.301	1	1	1	1	1	1	1	0
09.08.2015 00:48:00.545000	0.045	0.0514341	0.0466345	127.688	676.69	0.00289352	6	3	3	3	0.26171	329	66.107	0	0	0	0.41059	127.513	0.518815	486.234	1	1	1	1	1	1	1	0
09.08.2015 00:48:00.645000	0.045	0.0514341	0.0466345	127.594	676.703	0.00379774	6	3	3	3	0.275889	329	66.107	0	0	0	0.409867	127.509	0.513749	486.238	1	1	1	1	1	1	1	0
09.08.2015 00:48:00.745000	0.045	0.0514341	0.0466345	127.576	676.74	0.00325521	6	3	3	3	0.280243	329	66.107	0	0	0	0.410156	127.467	0.51265	486.082	1	1	1	1	1	1	1	0
09.08.2015 00:48:00.845000	0.045	0.0514341	0.0466345	127.57	676.746	0.00271267	6	3	3	3	0.282139	329	66.107	0	0	0	0.409433	127.443	0.517594	485.971	1	1	1	1	1	1	1	0
09.08.2015 00:48:00.945000	0.045	0.0514341	0.0466345	127.576	676.711	0.00289352	6	3	3	3	0.271205	329	66.107	0	0	0	0.408565	127.419	0.51857	485.877	1	1	1	1	1	1	1	0
09.08.2015 00:48:01.045000	0.045	0.0514341	0.0466345	127.574	676.727	0.00271267	6	3	3	3	0.287234	329	66.107	0	0	0	0.408275	127.397	0.516007	485.803	1	1	1	1	1	1	1	0
09.08.2015 00:48:01.145000	0.045	0.0514341	0.0466345	127.578	676.674	0.00217014	6	3	3	3	0.287456	329	66.107	0	0	0	0.407697	127.374	0.516434	485.71	1	1	1	1	1	1	1	0
09.08.2015 00:48:01.245000	0.045	0.0514341	0.0466345	127.578	676.715	0.000542535	6	3	3	3	0.280968	329	66.107	0	0	0	0.407986	127.353	0.518998	485.623	1	1	1	1	1	1	1	0
09.08.2015 00:48:01.345000	0.045	0.0514341	0.0466345	127.578	676.688	0.00036169	6	3	3	3	0.27974	329	66.107	0	0	0	0.407407	127.323	0.517777	485.513	1	1	1	1	1	1	1	0
09.08.2015 00:48:01.445000	0.045	0.0514341	0.0466345	127.578	676.695	0.00108507	6	3	3	3	0.2697	329	66.107	0	0	0	0.406829	127.303	0.517167	485.436	1	1	1	1	1	1	1	0
09.08.2015 00:48:01.545000	0.045	0.0514341	0.0466345	127.576	676.693	0.00108507	6	3	3	3	0.26164	329	66.107	0	0	0	0.405961	127.288	0.51735	485.382	1	1	1	1	1	1	1	0
09.08.2015 00:48:01.645000	0.045	0.0514341	0.0466345	127.578	676.773	0.00108507	6	3	3	3	0.270658	329	66.107	0	0	0	0.404941	127.263	0.517655	485.284	1	1	1	1	1	1	1	0
09.08.2015 00:48:01.745000	0.045	0.0514341	0.0466345	127.586	676.701	0	6	3	3	3	0.262513	329	66.107	0	0	0	0.403783	127.242	0.521403	485.187	1	1	1	1	1	1	1	0
09.08.2015 00:48:01.845000	0.045	0.0514341	0.0466345	127.586	676.773	0.00108507	6	3	3	3	0.263901	329	66.107	0	0	0	0.403494	127.217	0.518387	485.105	1	1	1	1	1	1	1	0
09.08.2015 00:48:01.945000	0.045	0.0514341	0.0466345	127.591	676.88	0.00036169	6	3	3	3	0.284382	329	66.107	0	0	0	0.402922	127.195	0.519425	485.017	1	1	1	1	1	1	1	0
09.08.2015 00:48:02.045000	0.045	0.0514341	0.0466345	127.594	676.832	0.00108507	6	3	3	3	0.270158	329	66.107	0	0	0	0.402771	127.173	0.51912	484.933	1	1	1	1	1	1	1	0
09.08.2015 00:48:02.145000	0.045	0.0514341	0.0466345	127.594	676.813	0.00036169	6	3	3	3	0.275603	329	66.107	0	0	0	0.403378	127.147	0.531877	484.781	1	1	1	1	1	1	1	0
09.08.2015 00:48:02.245000	0.045	0.0514341	0.0466345	127.594	676.793	-0.00108507	6	3	3	3	0.278996	329	66.107	0	0	0	0.404217	127.125	0.541826	484.661	1	1	1	1	1	1	1	0
09.08.2015 00:48:02.345000	0.045	0.0514341	0.0466345	127.594	676.792	-0.00144676	6	3	3	3	0.28072	329	66.107	0	0	0	0.404225	127.097	0.540788	484.56	1	1	1	1	1	1	1	0
09.08.2015 00:48:02.445000	0.045	0.0514341	0.0466345	127.594	676.781	-0.00379774	6	3	3	3	0.280277	329	66.107	0	0	0	0.403205	127.077	0.534867	484.503	1	1	1	1	1	1	1	0
09.08.2015 00:48:02.545000	0.045	0.0514341	0.0466345	127.594	676.75	-0.00470197	6	3	3	3	0.259146	329	66.107	0	0	0	0.403212	127.054	0.533586	484.42	1	1	1	1	1	1	1	0
09.08.2015 00:48:02.645000	0.045	0.0514341	0.0466345	127.594	676.766	-0.00434028	6	3	3	3	0.277507	329	66.107	0	0	0	0.402481	127.033	0.527665	484.364	1	1	1	1	1	1	1	0
09.08.2015 00:48:02.745000	0.045	0.0514341	0.0466345	127.591	676.758	-0.00434028	6	3	3	3	0.268395	329	66.107	0	0	0	0.403067	127.014	0.526811	484.294	1	1	1	1	1	1	1	0
09.08.2015 00:48:02.845000	0.045	0.0514341	0.0466345	127.594	676.742	-0.00488281	6	3	3	3	0.277825	329	66.107	0	0	0	0.402199	126.993	0.525163	484.222	1	1	1	1	1	1	1	0
09.08.2015 00:48:02.945000	0.045	0.0514341	0.0466345	127.594	676.742	-0.00289352	6	3	3	3	0.271643	329	66.107	0	0	0	0.403082	126.97	0.52266	484.143	1	1	1	1	1	1	1	0
09.08.2015 00:48:03.045000	0.045	0.0514341	0.0466345	127.594	676.742	-0.00325521	6	3	3	3	0.250061	329	66.107	0	0	0	0.403356	126.951	0.525346	484.06	1	1	1	1	1	1	1	0
09.08.2015 00:48:03.145000	0.045	0.0514341	0.0466345	127.594	676.742	-0.00217014	6	3	3	3	0.265192	329	66.107	0	0	0	0.404225	126.93	0.521378	483.992	1	1	1	1	1	1	1	0
09.08.2015 00:48:03.245000	0.045	0.0514341	0.0466345	127.594	676.742	-0.0016276	6	3	3	3	0.276828	329	66.107	0	0	0	0.404239	126.91	0.522233	483.915	1	1	1	1	1	1	1	0
09.08.2015 00:48:03.345000	0.045	0.0514341	0.0466345	127.594	676.737	-0.00144676	6	3	3	3	0.28572	329	66.107	0	0	0	0.404499	126.889	0.521867	483.835	1	1	1	1	1	1	1	0
09.08.2015 00:48:03.445000	0.045	0.0514341	0.0466345	127.594	676.742	-0.00108507	6	3	3	3	0.281196	329	66.107	0	0	0	0.403356	126.868	0.518204	483.769	1	1	1	1	1	1	1	0
09.08.2015 00:48:03.545000	0.045	0.0514341	0.0466345	127.594	676.729	-0.00144676	6	3	3	3	0.259962	329	66.107	0	0	0	0.402756	126.843	0.519669	483.668	1	1	1	1	1	1	1	0
09.08.2015 00:48:03.645000	0.045	0.0514341	0.0466345	127.594	676.727	-0.00108507	6	3	3	3	0.275943	329	66.107	0	0	0	0.402206	126.827	0.515946	483.618	1	1	1	1	1	1	1	0
09.08.2015 00:48:03.745000	0.045	0.0514341	0.0466345	127.594	676.721	-0.00108507	6	3	3	3	0.257751	329	66.107	0	0	0	0.401606	126.81	0.521928	483.533	1	1	1	1	1	1	1	0
09.08.2015 00:48:03.845000	0.045	0.0514341	0.0466345	127.594	676.719	0.000542535	6	3	3	3	0.250704	329	66.107	0	0	0	0.4006	126.785	0.521805	483.437	1	1	1	1	1	1	1	0
09.08.2015 00:48:03.945000	0.045	0.0514341	0.0466345	127.594	676.711	0.00072338	6	3	3	3	0.250928	329	66.107	0	0	0	0.399443	126.767	0.520218	483.373	1	1	1	1	1	1	1	0
09.08.2015 00:48:04.045000	0.045	0.0514341	0.0466345	127.594	676.703	0.00217014	6	3	3	3	0.274046	329	66.107	0	0	0	0.399306	126.746	0.524125	483.279	1	1	1	1	1	1	1	0
09.08.2015 00:48:04.145000	0.045	0.0514341	0.0466345	127.594	676.703	0.00180845	6	3	3	3	0.252067	329	66.107	0	0	0	0.398727	126.726	0.524003	483.204	1	1	1	1	1	1	1	0
09.08.2015 00:48:04.245000	0.045	0.0514341	0.0466345	127.594	676.703	0.00325521	6	3	3	3	0.281235	329	66.107	0	0	0	0.399002	126.707	0.52266	483.136	1	1	1	1	1	1	1	0
09.08.2015 00:48:04.345000	0.045	0.0514341	0.0466345	127.594	676.703	0.00434028	6	3	3	3	0.291252	329	66.107	0	0	0	0.398155	126.691	0.523942	483.067	1	1	1	1	1	1	1	0
09.08.2015 00:48:04.445000	0.045	0.0514341	0.0466345	127.594	676.703	0.00542535	6	3	3	3	0.279854	329	66.107	0	0	0	0.397989	126.672	0.524125	482.993	1	1	1	1	1	1	1	0
09.08.2015 00:48:04.545000	0.045	0.0514341	0.0466345	127.594	676.701	0.00687211	6	3	3	3	0.278663	329	66.107	0	0	0	0.397432	126.648	0.523576	482.907	1	1	1	1	1	1	1	0
09.08.2015 00:48:04.645000	0.045	0.0514341	0.0466345	127.594	676.703	0.00813802	6	3	3	3	0.281629	329	66.107	0	0	0	0.396976	126.632	0.52559	482.838	1	1	1	1	1	1	1	0
09.08.2015 00:48:04.745000	0.045	0.0514341	0.0466345	127.594	676.69	0.00795718	6	3	3	3	0.255406	329	66.107	0	0	0	0.397287	126.61	0.524735	482.754	1	1	1	1	1	1	1	0
09.08.2015 00:48:04.845000	0.045	0.0514341	0.0466345	127.594	676.695	0.00759549	6	3	3	3	0.258785	329	66.107	0	0	0	0.396542	126.59	0.526627	482.672	1	1	1	1	1	1	1	0
09.08.2015 00:48:04.945000	0.045	0.0514341	0.0466345	127.594	676.685	0.00795718	6	3	3	3	0.244755	329	66.107	0	0	0	0.396557	126.569	0.524613	482.598	1	1	1	1	1	1	1	0
09.08.2015 00:48:05.045000	0.045	0.0514341	0.0466345	127.594	676.695	0.00813802	6	3	3	3	0.263257	329	66.107	0	0	0	0.39613	126.551	0.525529	482.528	1	1	1	1	1	1	1	0
09.08.2015 00:48:05.145000	0.045	0.0514341	0.0466345	127.594	676.68	0.00795718	6	3	3	3	0.264491	329	66.107	0	0	0	0.39728	126.527	0.526261	482.431	1	1	1	1	1	1	1	0
09.08.2015 00:48:05.245000	0.045	0.0514341	0.0466345	127.594	676.68	0.00813802	6	3	3	3	0.287341	329	66.107	0	0	0	0.396564	126.513	0.534684	482.346	1	1	1	1	1	1	1	0
09.08.2015 00:48:05.345000	0.045	0.0514341	0.0466345	127.594	676.703	0.00831887	6	3	3	3	0.266571	329	66.107	0	0	0	0.397128	126.49	0.554155	482.182	1	1	1	1	1	1	1	0
09.08.2015 00:48:05.445000	0.045	0.0514341	0.0466345	127.594	676.707	0.00759549	6	3	3	3	0.286188	329	66.107	0	0	0	0.396564	126.464	0.553362	482.087	1	1	1	1	1	1	1	0
09.08.2015 00:48:05.545000	0.045	0.0514341	0.0466345	127.594	676.706	0.00614873	6	3	3	3	0.253588	329	66.107	0	0	0	0.396846	126.446	0.552507	482.022	1	1	1	1	1	1	1	0
09.08.2015 00:48:05.645000	0.045	0.0514341	0.0466345	127.594	676.711	0.00651042	6	3	3	3	0.282483	329	66.107	0	0	0	0.397135	126.425	0.545488	481.967	1	1	1	1	1	1	1	0
09.08.2015 00:48:05.745000	0.045	0.0514341	0.0466345	127.594	676.721	0.00614873	6	3	3	3	0.300401	329	66.107	0	0	0	0.396839	126.406	0.549333	481.879	1	1	1	1	1	1	1	0
09.08.2015 00:48:05.845000	0.045	0.0514341	0.0466345	127.594	676.727	0.00596788	6	3	3	3	0.279333	329	66.107	0	0	0	0.396564	126.389	0.553484	481.798	1	1	1	1	1	1	1	0
09.08.2015 00:48:05.945000	0.045	0.0514341	0.0466345	127.594	676.716	0.00687211	6	3	3	3	0.265334	329	66.107	0	0	0	0.395956	126.371	0.557573	481.716	1	1	1	1	1	1	1	0
09.08.2015 00:48:06.045000	0.045	0.0514341	0.0466345	127.594	676.727	0.00542535	6	3	3	3	0.28581	329	66.107	0	0	0	0.395696	126.352	0.560015	481.63	1	1	1	1	1	1	1	0
09.08.2015 00:48:06.145000	0.045	0.0514341	0.0466345	127.594	676.727	0.00470197	6	3	3	3	0.285592	329	66.107	0	0	0	0.395399	126.333	0.563616	481.548	1	1	1	1	1	1	1	0
09.08.2015 00:48:06.245000	0.045	0.0514341	0.0466345	127.594	676.727	0.00379774	6	3	3	3	0.290887	329	66.107	0	0	0	0.395689	126.32	0.562395	481.499	1	1	1	1	1	1	1	0
09.08.2015 00:48:06.345000	0.045	0.0514341	0.0466345	127.594	676.732	0.00289352	6	3	3	3	0.267706	329	66.107	0	0	0	0.394524	126.298	0.567888	481.396	1	1	1	1	1	1	1	0
09.08.2015 00:48:06.445000	0.045	0.0514341	0.0466345	127.594	676.734	-0.0016276	6	3	3	3	0.290377	329	66.107	0	0	0	0.394813	126.281	0.569231	481.327	1	1	1	1	1	1	1	0
09.08.2015 00:48:06.545000	0.045	0.0514341	0.0466345	127.594	676.742	0.00108507	6	3	3	3	0.274914	329	66.107	0	0	0	0.39396	126.262	0.573504	481.235	1	1	1	1	1	1	1	0
09.08.2015 00:48:06.645000	0.045	0.0514341	0.0466345	127.594	676.75	0	6	3	3	3	0.277386	329	66.107	0	0	0	0.394965	126.244	0.575701	481.159	1	1	1	1	1	1	1	0
09.08.2015 00:48:06.745000	0.045	0.0514341	0.0466345	127.594	676.75	0.00108507	6	3	3	3	0.271937	329	66.107	0	0	0	0.394676	126.228	0.575152	481.1	1	1	1	1	1	1	1	0
09.08.2015 00:48:06.845000	0.045	0.0514341	0.0466345	127.594	676.758	0.000542535	6	3	3	3	0.27275	329	66.107	0	0	0	0.394372	126.212	0.582598	481.01	1	1	1	1	1	1	1	0
09.08.2015 00:48:06.945000	0.045	0.0514341	0.0466345	127.594	676.768	-0.00036169	6	3	3	3	0.269151	329	66.107	0	0	0	0.393222	126.186	0.585711	480.898	1	1	1	1	1	1	1	0
09.08.2015 00:48:07.045000	0.045	0.0514341	0.0466345	127.594	676.781	-0.000542535	6	3	3	3	0.283736	329	66.107	0	0	0	0.393084	126.177	0.590899	480.844	1	1	1	1	1	1	1	0
09.08.2015 00:48:07.145000	0.045	0.0514341	0.0466345	127.591	676.763	-0.00108507	6	3	3	3	0.295365	329	66.107	0	0	0	0.393967	126.161	0.588763	480.792	1	1	1	1	1	1	1	0
09.08.2015 00:48:07.245000	0.045	0.0514341	0.0466345	127.566	676.781	-0.00108507	6	3	3	3	0.304047	329	66.107	0	0	0	0.393953	126.14	0.592791	480.694	1	1	1	1	1	1	1	0
09.08.2015 00:48:07.345000	0.045	0.0514341	0.0466345	127.555	676.794	-0.00108507	6	3	3	3	0.302975	329	66.107	0	0	0	0.393019	126.123	0.589068	480.645	1	1	1	1	1	1	1	0
09.08.2015 00:48:07.445000	0.045	0.0514341	0.0466345	127.547	676.777	-0.0016276	6	3	3	3	0.278434	329	66.107	0	0	0	0.385511	126.104	0.590899	480.563	1	1	1	1	1	1	1	0
09.08.2015 00:48:07.545000	0.045	0.0514341	0.0466345	127.547	676.789	-0.00325521	6	3	3	3	0.259061	329	66.107	0	0	0	0.37913	126.088	0.591205	480.503	1	1	1	1	1	1	1	0
09.08.2015 00:48:07.645000	0.045	0.0514341	0.0466345	127.551	676.777	-0.00325521	6	3	3	3	0.261191	329	66.107	0	0	0	0.375275	126.064	0.589862	480.417	1	1	1	1	1	1	1	0
09.08.2015 00:48:07.745000	0.045	0.0514341	0.0466345	127.544	676.786	-0.00325521	6	3	3	3	0.282783	329	66.107	0	0	0	0.373792	126.051	0.592853	480.354	1	1	1	1	1	1	1	0
09.08.2015 00:48:07.845000	0.045	0.0514341	0.0466345	127.539	676.84	-0.00379774	6	3	3	3	0.290126	329	66.107	0	0	0	0.368309	126.04	0.594195	480.308	1	1	1	1	1	1	1	0
09.08.2015 00:48:07.945000	0.045	0.0514341	0.0466345	127.536	676.841	-0.00397859	6	3	3	3	0.295066	329	66.107	0	0	0	0.36454	126.013	0.612507	480.132	1	1	1	1	1	1	1	0
09.08.2015 00:48:08.045000	0.045	0.0514341	0.0466345	127.527	676.816	-0.00379774	6	3	3	3	0.294563	329	66.107	0	0	0	0.361249	125.992	0.62093	480.019	1	1	1	1	1	1	1	0
09.08.2015 00:48:08.145000	0.045	0.0514341	0.0466345	127.529	676.826	-0.00253183	6	3	3	3	0.28839	329	66.107	0	0	0	0.359773	125.974	0.615192	479.975	1	1	1	1	1	1	1	0
09.08.2015 00:48:08.245000	0.045	0.0514341	0.0466345	127.531	676.828	-0.00108507	6	3	3	3	0.29937	329	66.107	0	0	0	0.358825	125.947	0.6086	479.896	1	1	1	1	1	1	1	0
09.08.2015 00:48:08.345000	0.045	0.0514341	0.0466345	127.526	676.841	-0.00144676	6	3	3	3	0.272248	329	66.107	0	0	0	0.35965	125.934	0.603351	479.866	1	1	1	1	1	1	1	0
09.08.2015 00:48:08.445000	0.045	0.0514341	0.0466345	127.527	676.82	-0.00108507	6	3	3	3	0.267556	329	66.107	0	0	0	0.359086	125.922	0.597125	479.843	1	1	1	1	1	1	1	0
09.08.2015 00:48:08.545000	0.045	0.0514341	0.0466345	127.526	676.826	0.00108507	6	3	3	3	0.274611	329	66.107	0	0	0	0.357024	125.902	0.597064	479.768	1	1	1	1	1	1	1	0
09.08.2015 00:48:08.645000	0.045	0.0514341	0.0466345	127.527	676.832	-0.00108507	6	3	3	3	0.264516	329	66.107	0	0	0	0.3534	125.885	0.593951	479.714	1	1	1	1	1	1	1	0
09.08.2015 00:48:08.745000	0.045	0.0514341	0.0466345	127.531	676.82	-0.00180845	6	3	3	3	0.275257	329	66.107	0	0	0	0.349653	125.87	0.595477	479.653	1	1	1	1	1	1	1	0
09.08.2015 00:48:08.845000	0.045	0.0514341	0.0466345	127.531	676.82	-0.00108507	6	3	3	3	0.303676	329	66.107	0	0	0	0.347049	125.855	0.592853	479.604	1	1	1	1	1	1	1	0
09.08.2015 00:48:08.945000	0.045	0.0514341	0.0466345	127.531	676.82	-0.00072338	6	3	3	3	0.295045	329	66.107	0	0	0	0.343591	125.835	0.592303	479.53	1	1	1	1	1	1	1	0
09.08.2015 00:48:09.045000	0.045	0.0514341	0.0466345	127.531	676.82	-0.00108507	6	3	3	3	0.254932	329	66.107	0	0	0	0.343012	125.818	0.592914	479.462	1	1	1	1	1	1	1	0
09.08.2015 00:48:09.145000	0.045	0.0514341	0.0466345	127.534	676.82	-0.00144676	6	3	3	3	0.25886	329	66.107	0	0	0	0.34247	125.801	0.594623	479.391	1	1	1	1	1	1	1	0
09.08.2015 00:48:09.245000	0.045	0.0514341	0.0466345	127.531	676.82	-0.0016276	6	3	3	3	0.243316	329	66.107	0	0	0	0.343432	125.786	0.59798	479.319	1	1	1	1	1	1	1	0
09.08.2015 00:48:09.345000	0.045	0.0514341	0.0466345	127.531	676.82	-0.0016276	6	3	3	3	0.236806	329	66.107	0	0	0	0.340687	125.778	0.595427	479.298	1	1	1	1	1	1	1	0
