Time	[76:0]	[76:1]	[76:2]	[76:4]	[76:8]	[76:70]	[76:71]	[78:0]	[78:1]	[78:2]	[79:2]	[79:3]	[79:4]	[79:8]	[79:9]	[79:10]	[79:11]	[79:12]	[79:13]	[79:14]	[79.0]	[79.1]	[79.2]	[79.3]	[79.4]	[79.5]	[79.6]	[79.8]
time	Hoogteverstelling - Referentie positie (mm)	Hoogteverstelling - AZ gemeten positie (mm)	Hoogteverstelling - BZ gemeten positie (mm)	Transfert Ingang - Gemeten positie (mm)	Transfert Uitgang - Gemeten positie (mm)	Aardgas - actueel debiet	Stappenschakelaar - gemeten pos	Laspos Ing - positie discreet	Laspos Uitg - positie discreet	Schaafverstelling - positie discreet	Stuikraam - Totale Stroommeting RMS-waarde (A)	Stuikraam - Stroomreferentie (A)	Stuikraam - Positie AZ (mm, pulsgever)	Stuikraam - Referentie Servo-ventiel (%)	Stuikraam - Trim door I-regelaar (%)	Stuikraam - Gemeten snelheid (mm/s, pulsgever)	Secundaire lasspanning	Stuikraam - Druk stuikcilinder voorkamer (=laszijde)  (bar)	Stuikraam - Druk stuikcilinder terugloopkamer  (bar)	Stuikraam - Netto voorwaartse kracht op stuikraam (kN)	Stuikraam - P1	Stuikraam - P2	Stuikraam - P3	Stuikraam - P4	Stuikraam - P5	Stuikraam - P6	Stuikraam - P7	Stuikraam - Openen stuikventielen	

Lasparameter.Ingang - Coil ID	0321182S
Lasparameter.Ingang - Dikte (um)	4020
Lasparameter.Ingang - Breedte (mm)	1456
Lasparameter.Ingang - Materiaal	0001
Lasparameter.Uitgang - Coil ID	0321181S
Lasparameter.Uitgang - Dikte (um)	4060
Lasparameter.Uitgang - Breedte (mm)	1458
Lasparameter.Uitgang - Materiaal	0001
Lasparameter.P2 (mm)	24.0
Lasparameter.P3 (mm)	34.0
Lasparameter.P4 (mm)	42.1
Lasparameter.P5 (mm)	51.0
Lasparameter.P6 (mm)	57.8
Lasparameter.P7 (mm)	62.1
Lasparameter.Vonksnelheid (mm/s)	1.20
Lasparameter.Lassnelheid (mm/s)	0.48
Lasparameter.Stroom Referentie (A)	0368
Lasparameter.Stroomtoename (µA/s2)	46.3
Lasparameter.Stuikstroomtijd (per)	0009
Lasparameter.Afkoeltijd Stuik (per)	0010
Lasparameter.Stuikdruk (bar)	0108
Lasparameter.Stuiksnelheid (%)	90.0

07.08.2015 01:01:58.198000	0.02	0.0299959	0.0254529	0.0234375	0.144531	0	6	4	4	4	0.293398	368	0	0	0	0	0.34367	2.49342	125.11	-469.473	1	0	0	0	0	0	0	0
07.08.2015 01:01:58.298000	0.02	0.0299959	0.0254529	0.0390625	0.0625	-0.000542535	6	4	4	4	0.317397	368	0	0	0	0	0.346398	2.51686	125.069	-469.226	1	0	0	0	0	0	0	0
07.08.2015 01:01:58.398000	0.02	0.0299959	0.0254529	0.0364583	0.0494792	0.00072338	6	4	4	4	0.294309	368	0	0	0	0	0.347266	3.30601	125.081	-466.252	1	0	0	0	0	0	0	0
07.08.2015 01:01:58.498000	0.02	0.0299959	0.0254529	0.0429688	0.078125	-0.00108507	6	4	4	4	0.288473	368	0	0	0	0	0.348835	5.24857	125.13	-459.003	1	0	0	0	0	0	0	0
07.08.2015 01:01:58.598000	0.02	0.0299959	0.0254529	0.046875	-0.0130208	-0.00108507	6	4	4	4	0.306709	368	0	0	0	0	0.349436	5.61187	125.138	-457.642	1	0	0	0	0	0	0	0
07.08.2015 01:01:58.698000	0.02	0.0299959	0.0254529	0.0234375	-0.015625	-0.00108507	6	4	4	4	0.310269	368	0	0	0	0	0.351128	4.88168	125.12	-460.367	1	0	0	0	0	0	0	0
07.08.2015 01:01:58.798000	0.02	0.0299959	0.0254529	0	-0.0208333	-0.00217014	6	4	4	4	0.290721	368	0	0	0	0	0.350593	4.27973	125.067	-462.469	1	0	0	0	0	0	0	0
07.08.2015 01:01:58.898000	0.02	0.0299959	0.0254529	0	-0.0078125	-0.00108507	6	4	4	4	0.283725	368	0	0	0	0	0.351953	8.30103	125.205	-447.603	1	0	0	0	0	0	0	0
07.08.2015 01:01:58.998000	0.02	0.0299959	0.0254529	0.0078125	-0.0260417	0	6	4	4	4	0.270115	368	0	0	0	0	0.351751	4.51149	125.078	-461.626	1	0	0	0	0	0	0	0
07.08.2015 01:01:59.098000	0.02	0.0299959	0.0254529	0.0117188	-0.0195313	0.000542535	6	4	4	4	0.285753	368	0	0	0	0	0.351541	6.15577	125.102	-455.42	1	0	0	0	0	0	0	0
07.08.2015 01:01:59.198000	0.02	0.0299959	0.0254529	0.0104167	0.046875	0.00108507	6	4	4	4	0.313111	368	0	0	0	0	0.352185	2.5992	124.933	-468.393	1	0	0	0	0	0	0	0
07.08.2015 01:01:59.298000	0.02	0.0299959	0.0254529	0	0.0234375	0.00325521	6	4	4	4	0.292551	368	0	0	0	0	0.353176	2.57399	124.909	-468.397	1	0	0	0	0	0	0	0
07.08.2015 01:01:59.398000	0.02	0.0299959	0.0254529	0.00260417	-0.393229	0.00289352	6	4	4	4	0.301428	368	0	0	0	0	0.354333	3.08152	124.897	-466.408	1	0	0	0	0	0	0	0
07.08.2015 01:01:59.498000	0.02	0.0299959	0.0254529	0	-1.14063	0.00488281	6	4	4	4	0.286458	368	0	0	0	0	0.354167	3.1998	124.884	-465.905	1	0	0	0	0	0	0	0
07.08.2015 01:01:59.598000	0.02	0.0299959	0.0254529	0.0078125	-4.25521	0.00506366	6	4	4	4	0.301668	368	0	0	0	0	0.355657	7.43059	125.025	-450.245	1	0	0	0	0	0	0	0
07.08.2015 01:01:59.698000	0.02	0.0299959	0.0254529	0.0078125	-15.4727	0.00596788	6	4	4	4	0.303811	368	0	0	0	0	0.356525	5.1843	124.986	-458.696	1	0	0	0	0	0	0	0
07.08.2015 01:01:59.798000	0.02	0.0299959	0.0254529	0.0078125	-41.1849	0.00651042	6	4	4	4	0.283367	368	0	0	0	0	0.357017	5.18668	124.95	-458.548	1	0	0	0	0	0	0	0
07.08.2015 01:01:59.898000	0.02	0.0299959	0.0254529	0.0078125	-67.4648	0.00651042	6	4	4	4	0.311716	368	0	0	0	0	0.356525	4.9075	124.919	-459.499	1	0	0	0	0	0	0	0
07.08.2015 01:01:59.998000	0.02	0.0299959	0.0254529	0	-94.4557	0.00470197	6	4	4	4	0.300864	368	0	0	0	0	0.357661	5.73888	124.918	-456.311	1	0	0	0	0	0	0	0
07.08.2015 01:02:00.098000	0.02	0.0299959	0.0254529	0.00390625	-125.832	0.00271267	6	4	4	4	0.308944	368	0	0	0	0	0.358529	6.37269	124.931	-453.935	1	0	0	0	0	0	0	0
07.08.2015 01:02:00.198000	0.02	0.0299959	0.0254529	0.00520833	-176.729	0.00072338	6	4	4	4	0.276092	368	0	0	0	0	0.357907	5.5117	124.883	-457.048	1	0	0	0	0	0	0	0
07.08.2015 01:02:00.298000	0.02	0.0299959	0.0254529	0.0117188	-216.055	0.000542535	6	4	4	4	0.297437	368	0	0	0	0	0.358984	5.40281	124.864	-457.393	1	0	0	0	0	0	0	0
07.08.2015 01:02:00.398000	0.02	0.0299959	0.0254529	0	-255.966	0.00108507	6	4	4	4	0.279174	368	0	0	0	0	0.358941	4.65444	124.807	-460.041	1	0	0	0	0	0	0	0
07.08.2015 01:02:00.498000	0.02	0.0299959	0.0254529	-0.0078125	-303.516	0.00108507	6	4	4	4	0.331558	368	0	0	0	0	0.359809	2.98526	124.708	-466.054	1	0	0	0	0	0	0	0
07.08.2015 01:02:00.598000	0.02	0.0299959	0.0254529	0.114583	-351.813	0.00072338	6	4	4	4	0.309924	368	0	0	0	0	0.358963	4.65242	124.735	-459.771	1	0	0	0	0	0	0	0
07.08.2015 01:02:00.698000	0.02	0.0299959	0.0254529	0.535156	-392.156	0.00108507	6	4	4	4	0.320342	368	0	0	0	0	0.360077	5.40312	124.751	-456.958	1	0	0	0	0	0	0	0
07.08.2015 01:02:00.798000	0.02	0.0299959	0.0254529	4.75781	-432.331	0.00072338	6	4	4	4	0.297363	368	0	0	0	0	0.359252	4.65566	124.714	-459.678	1	0	0	0	0	0	0	0
07.08.2015 01:02:00.898000	0.02	0.0299959	0.0254529	26.7852	-488.652	0.00325521	6	4	4	4	0.26591	368	0	0	0	0	0.360077	5.20231	124.703	-457.546	1	0	0	0	0	0	0	0
07.08.2015 01:02:00.998000	0.02	0.0299959	0.0254529	46.7526	-528.466	-0.00036169	6	4	4	4	0.29834	368	0	0	0	0	0.360764	5.05692	124.683	-458.029	1	0	0	0	0	0	0	0
07.08.2015 01:02:01.098000	0.02	0.0299959	0.0254529	69.375	-567.039	0	6	4	4	4	0.308004	368	0	0	0	0	0.362247	4.33137	124.644	-460.654	1	0	0	0	0	0	0	0
07.08.2015 01:02:01.198000	0.02	0.0299959	0.0254529	102.156	-599.721	0.00072338	6	4	4	4	0.31418	368	0	0	0	0	0.362558	4.39985	124.624	-460.315	1	0	0	0	0	0	0	0
07.08.2015 01:02:01.298000	0.02	0.0299959	0.0254529	145.07	-628.523	0.000542535	6	4	4	4	0.284743	368	0	0	0	0	0.361523	4.18354	124.595	-461.031	1	0	0	0	0	0	0	0
07.08.2015 01:02:01.398000	0.02	0.0299959	0.0254529	184.372	-644.997	0.00036169	6	4	4	4	0.297057	368	0	0	0	0	0.361263	4.90896	124.593	-458.246	1	0	0	0	0	0	0	0
07.08.2015 01:02:01.498000	0.02	0.0299959	0.0254529	225.852	-657.438	0.00108507	6	4	4	4	0.302574	368	0	0	0	0	0.360229	4.57643	124.565	-459.411	1	0	0	0	0	0	0	0
07.08.2015 01:02:01.598000	0.02	0.0299959	0.0254529	274.078	-665.419	0.00108507	6	4	4	4	0.290025	368	0	0	0	0	0.360815	4.19061	124.537	-460.795	1	0	0	0	0	0	0	0
07.08.2015 01:02:01.698000	0.02	0.0299959	0.0254529	327.949	-669.102	0	6	4	4	4	0.284638	368	0	0	0	0	0.361502	4.8551	124.531	-458.214	1	0	0	0	0	0	0	0
07.08.2015 01:02:01.798000	0.02	0.0299959	0.0254529	370.523	-670.25	0.00072338	6	4	4	4	0.285314	368	0	0	0	0	0.364663	4.57735	124.507	-459.184	1	0	0	0	0	0	0	0
07.08.2015 01:02:01.898000	0.02	0.0299959	0.0254529	412.684	-671.145	0.00108507	6	4	4	4	0.279162	368	0	0	0	0	0.367159	4.43477	124.484	-459.643	1	0	0	0	0	0	0	0
07.08.2015 01:02:01.998000	0.02	0.0299959	0.0254529	454.688	-671.375	0.00072338	6	4	4	4	0.33149	368	0	0	0	0	0.368808	4.52309	124.464	-459.23	1	0	0	0	0	0	0	0
07.08.2015 01:02:02.098000	0.02	0.0299959	0.0254529	480.379	-671.375	0.00108507	6	4	4	4	0.318963	368	0	0	0	0	0.369734	4.94302	124.458	-457.598	1	0	0	0	0	0	0	0
07.08.2015 01:02:02.198000	0.02	0.0299959	0.0254529	495.51	-671.375	0.00072338	6	4	4	4	0.307341	368	0	0	0	0	0.371152	4.93399	124.442	-457.571	1	0	0	0	0	0	0	0
07.08.2015 01:02:02.298000	0.02	0.0299959	0.0254529	510.391	-671.375	0.000542535	6	4	4	4	0.275173	368	0	0	0	0	0.373177	4.45167	124.409	-459.292	1	0	0	0	0	0	0	0
07.08.2015 01:02:02.398000	0.02	0.0299959	0.0254529	532.747	-671.375	0.00036169	6	4	4	4	0.269466	368	0	0	0	0	0.373409	4.57564	124.387	-458.735	1	0	0	0	0	0	0	0
07.08.2015 01:02:02.498000	0.02	0.0299959	0.0254529	548.375	-671.383	0.00108507	6	4	4	4	0.300771	368	0	0	0	0	0.374624	4.60103	124.368	-458.563	1	0	0	0	0	0	0	0
07.08.2015 01:02:02.598000	0.02	0.0299959	0.0254529	564.026	-671.38	0.00253183	6	4	4	4	0.307551	368	0	0	0	0	0.374884	4.47487	124.346	-458.964	1	0	0	0	0	0	0	0
07.08.2015 01:02:02.698000	0.02	0.0299959	0.0254529	579.684	-671.383	0.00271267	6	4	4	4	0.274667	368	0	0	0	0	0.376447	4.59932	124.328	-458.416	1	0	0	0	0	0	0	0
07.08.2015 01:02:02.798000	0.02	0.0299959	0.0254529	600.786	-671.388	0.00289352	6	4	4	4	0.253927	368	0	0	0	0	0.375897	4.6791	124.311	-458.045	1	0	0	0	0	0	0	0
07.08.2015 01:02:02.898000	0.02	0.0299959	0.0254529	615.414	-671.391	0.00325521	6	4	4	4	0.283963	368	0	0	0	0	0.376707	4.60079	124.29	-458.266	1	0	0	0	0	0	0	0
07.08.2015 01:02:02.998000	0.02	0.0299959	0.0254529	630.06	-671.391	0.00144676	6	4	4	4	0.298465	368	0	0	0	0	0.376476	4.56862	124.269	-458.309	1	0	0	0	0	0	0	0
07.08.2015 01:02:03.098000	0.02	0.0299959	0.0254529	646.875	-671.391	0.000542535	6	4	4	4	0.3002	368	0	0	0	0	0.376418	4.57619	124.251	-458.21	1	0	0	0	0	0	0	0
07.08.2015 01:02:03.198000	0.02	0.0299959	0.0254529	662.57	-671.391	0.00072338	6	4	4	4	0.282317	368	0	0	0	0	0.376447	4.58156	124.234	-458.126	1	0	0	0	0	0	0	0
07.08.2015 01:02:03.298000	0.02	0.0299959	0.0254529	674.715	-671.391	0.000542535	6	4	4	4	0.29616	368	0	0	0	0	0.375694	4.58913	124.213	-458.017	1	0	0	0	0	0	0	0
07.08.2015 01:02:03.398000	0.02	0.0299959	0.0254529	686.128	-671.391	0.00072338	6	4	4	4	0.319125	368	0	0	0	0	0.375434	4.59047	124.193	-457.936	1	0	0	0	0	0	0	0
07.08.2015 01:02:03.498000	0.02	0.0299959	0.0254529	699.645	-671.395	0.000542535	6	4	4	4	0.282656	368	0	0	0	0	0.374508	4.06592	124.187	-459.919	1	0	0	0	0	0	0	0
07.08.2015 01:02:03.598000	0.02	0.0299959	0.0254529	706.091	-671.404	0.00108507	6	4	4	4	0.283161	368	0	0	0	0	0.374566	3.97833	124.271	-460.576	1	0	0	0	0	0	0	0
07.08.2015 01:02:03.698000	0.02	0.0299959	0.0254529	709.641	-671.402	0.00108507	6	4	4	4	0.266127	368	0	0	0	0	0.373351	4.58614	124.437	-458.885	1	0	0	0	0	0	0	0
07.08.2015 01:02:03.798000	0.02	0.0299959	0.0254529	710.547	-671.401	0.00108507	6	4	4	4	0.311033	368	0	0	0	0	0.372772	4.44911	124.631	-460.152	1	0	0	0	0	0	0	0
07.08.2015 01:02:03.898000	0.02	0.0299959	0.0254529	711.016	-671.398	0.00108507	6	4	4	4	0.280697	368	0	0	0	0	0.371094	4.15577	124.916	-462.367	1	0	0	0	0	0	0	0
07.08.2015 01:02:03.998000	0.02	0.0299959	0.0254529	711.016	-671.401	0.00072338	6	4	4	4	0.268602	368	0	0	0	0	0.370747	4.65493	126.086	-464.936	1	0	0	0	0	0	0	0
07.08.2015 01:02:04.098000	0.02	0.0299959	0.0254529	711.016	-671.406	0.000542535	6	4	4	4	0.295333	368	0	0	0	0	0.369473	5.10324	126.184	-463.594	1	0	0	0	0	0	0	0
07.08.2015 01:02:04.198000	0.02	0.0299959	0.0254529	711.016	-671.404	0.00180845	6	4	4	4	0.283021	368	0	0	0	0	0.368605	4.37043	126.376	-467.135	1	0	0	0	0	0	0	0
07.08.2015 01:02:04.298000	0.02	0.0299959	0.0254529	711.016	-671.41	0.00108507	6	4	4	4	0.297303	368	0	0	0	0	0.3682	4.64827	126.731	-467.429	1	0	0	0	0	0	0	0
07.08.2015 01:02:04.398000	0.02	0.0299959	0.0254529	711.016	-671.406	0.00072338	6	4	4	4	0.294089	368	0	0	0	0	0.366319	4.5909	126.825	-468.009	1	0	0	0	0	0	0	0
07.08.2015 01:02:04.498000	0.02	0.0299959	0.0254529	711.02	-671.41	0.000542535	6	4	4	4	0.275153	368	0	0	0	0	0.363773	4.44453	126.842	-468.634	1	0	0	0	0	0	0	0
07.08.2015 01:02:04.598000	0.02	0.0299959	0.0254529	711.016	-671.411	-0.00072338	6	4	4	4	0.266519	368	0	0	0	0	0.359925	4.41157	127.432	-471.021	1	0	0	0	0	0	0	0
07.08.2015 01:02:04.698000	0.02	0.0299959	0.0254529	711.023	-671.414	-0.00108507	6	4	4	4	0.292724	368	0	0	0	0	0.357726	4.57198	127.693	-471.407	1	0	0	0	0	0	0	0
07.08.2015 01:02:04.798000	0.02	0.0299959	0.0254529	711.023	-671.414	-0.00036169	6	4	4	4	0.302737	368	0	0	0	0	0.354745	4.63839	127.698	-471.17	1	0	0	0	0	0	0	0
07.08.2015 01:02:04.898000	0.02	0.0299959	0.0254529	711.023	-671.414	-0.00488281	6	4	4	4	0.284656	368	0	0	0	0	0.351736	4.4698	127.749	-472.011	1	0	0	0	0	0	0	0
07.08.2015 01:02:04.998000	0.02	0.0299959	0.0254529	711.023	-671.414	-0.00470197	6	4	4	4	0.296929	368	0	0	0	0	0.3489	4.54909	127.877	-472.197	1	0	0	0	0	0	0	0
07.08.2015 01:02:05.098000	0.02	0.0299959	0.0254529	711.023	-671.414	-0.00217014	6	4	4	4	0.330006	368	0	0	0	0	0.347396	4.55788	128.15	-473.209	1	0	0	0	0	0	0	0
07.08.2015 01:02:05.198000	0.02	0.0299959	0.0254529	711.023	-671.414	-0.00470197	6	4	4	4	0.315493	368	0	0	0	0	0.345457	4.55129	128.367	-474.067	1	0	0	0	0	0	0	0
07.08.2015 01:02:05.298000	0.02	0.0299959	0.0254529	711.023	-671.414	-0.00488281	6	4	4	4	0.27943	368	0	0	0	0	0.344126	4.53572	128.525	-474.732	1	0	0	0	0	0	0	0
07.08.2015 01:02:05.398000	0.02	0.0299959	0.0254529	711.023	-671.414	-0.00397859	6	4	4	4	0.274868	368	0	0	0	0	0.343895	4.42079	128.6	-475.458	1	0	0	0	0	0	0	0
07.08.2015 01:02:05.498000	0.02	0.0299959	0.0254529	711.031	-671.414	-0.00325521	6	4	4	4	0.310334	368	0	0	0	0	0.343142	3.80602	128.738	-478.341	1	0	0	0	0	0	0	0
07.08.2015 01:02:05.598000	0.02	0.0299959	0.0254529	711.031	-671.414	-0.00325521	6	4	4	4	0.276981	368	0	0	0	0	0.343779	4.62313	126.803	-467.801	1	0	0	0	0	0	0	0
07.08.2015 01:02:05.698000	0.02	0.0299959	0.0254529	711.039	-671.414	-0.00379774	6	4	4	4	0.319364	368	0	0	0	0	0.343432	4.94827	128.854	-474.409	1	0	0	0	0	0	0	0
07.08.2015 01:02:05.798000	0.02	0.0299959	0.0254529	711.034	-671.414	-0.00397859	6	4	4	4	0.322874	368	0	0	0	0	0.343142	6.10816	129.355	-471.888	1	0	0	0	0	0	0	0
07.08.2015 01:02:05.898000	0.02	0.0299959	0.0254529	711.039	-671.406	-0.00325521	6	4	4	4	0.27967	368	0	0	0	0	0.341696	4.84384	128.894	-474.962	1	0	0	0	0	0	0	0
07.08.2015 01:02:05.998000	0.02	0.0299959	0.0254529	711.039	-671.406	-0.00325521	6	4	4	4	0.268421	368	0	0	0	0	0.341377	4.85623	128.08	-471.799	1	0	0	0	0	0	0	0
07.08.2015 01:02:06.098000	0.02	0.0299959	0.0254529	711.039	-671.414	-0.00217014	6	4	4	4	0.298164	368	0	0	0	0	0.340162	5.25266	128.171	-470.631	1	0	0	0	0	0	0	0
07.08.2015 01:02:06.198000	0.02	0.0299959	0.0254529	711.039	-671.414	-0.00108507	6	4	4	4	0.32377	368	0	0	0	0	0.340654	4.96213	128.222	-471.939	1	0	0	0	0	0	0	0
07.08.2015 01:02:06.298000	0.02	0.0299959	0.0254529	711.039	-671.414	-0.000542535	6	4	4	4	0.311678	368	0	0	0	0	0.339902	5.06156	128.089	-471.049	1	0	0	0	0	0	0	0
07.08.2015 01:02:06.398000	0.02	0.0299959	0.0254529	711.042	-671.414	-0.00108507	6	4	4	4	0.304895	368	0	0	0	0	0.340422	5.05795	127.978	-470.636	1	0	0	0	0	0	0	0
07.08.2015 01:02:06.498000	0.02	0.0299959	0.0254529	711.039	-671.414	-0.0016276	6	4	4	4	0.318419	368	0	0	0	0	0.341348	5.14664	127.867	-469.871	1	0	0	0	0	0	0	0
07.08.2015 01:02:06.598000	0.02	0.0299959	0.0254529	711.039	-671.414	-0.00108507	6	4	4	4	0.325759	368	0	0	0	0	0.341262	4.94888	127.761	-470.222	1	0	0	0	0	0	0	0
07.08.2015 01:02:06.698000	0.02	0.0299959	0.0254529	711.039	-671.414	-0.0016276	6	4	4	4	0.32761	368	0	0	0	0	0.342187	4.85092	127.63	-470.098	1	0	0	0	0	0	0	0
07.08.2015 01:02:06.798000	0.02	0.0299959	0.0254529	711.042	-671.414	-0.00180845	6	4	4	4	0.289715	368	0	0	0	0	0.34158	4.42097	127.685	-471.954	1	0	0	0	0	0	0	0
07.08.2015 01:02:06.898000	0.02	0.0299959	0.0254529	711.047	-671.414	-0.00217014	6	4	4	4	0.284581	368	0	0	0	0	0.342448	6.094	122.754	-446.668	1	0	0	0	0	0	0	0
07.08.2015 01:02:06.998000	0.02	0.0299959	0.0254529	710.956	-671.414	-0.00470197	6	4	4	4	0.299803	368	0.0557109	0	0	0.0558263	0.341869	60.4035	106.089	-174.919	1	0	0	0	0	0	0	0
07.08.2015 01:02:07.098000	0.02	0.0299959	0.0254529	709.805	-671.414	-0.00325521	6	4	4	4	0.288879	368	1.84194	0	0	29.238	0.342448	113.282	82.7571	116.873	1	0	0	0	0	0	0	0
07.08.2015 01:02:07.198000	0.02	0.0299959	0.0254529	693.326	-671.414	-0.00397859	6	4	4	4	0.292079	368	5.2234	0	0	34.3014	0.342506	109.929	83.6003	100.808	1	0	0	0	0	0	0	0
07.08.2015 01:02:07.298000	0.02	0.0299959	0.0254529	677.238	-671.414	-0.00488281	6	4	4	4	0.319282	368	8.70433	0	0	35.3217	0.343432	111.652	84.9735	102.146	1	0	0	0	0	0	0	0
07.08.2015 01:02:07.398000	0.02	0.0299959	0.0254529	658.615	-671.414	-0.00434028	6	4	4	4	0.288577	368	12.24	0	0	35.6368	0.343547	115.126	88.7674	100.924	1	0	0	0	0	0	0	0
07.08.2015 01:02:07.498000	0.02	0.0299959	0.0254529	633.738	-671.414	-0.00596788	6	4	4	4	0.294646	368	15.7871	0	0	35.527	0.344589	118.206	92.0417	100.18	1	0	0	0	0	0	0	0
07.08.2015 01:02:07.598000	0.02	0.0299959	0.0254529	593.19	-671.419	-0.00831887	6	4	4	4	0.290156	368	19.2824	0	0	34.5803	0.345255	119.571	93.5911	99.4726	1	0	0	0	0	0	0	0
07.08.2015 01:02:07.698000	0.02	0.0299959	0.0254529	560.555	-671.426	-0.0103082	6	4	4	4	0.289302	368	22.7475	0	0	34.9634	0.345139	119.849	93.9536	99.1473	1	0.14	0	0	0	0	0	0
07.08.2015 01:02:07.798000	0.02	0.0299959	0.0254529	523.789	-671.422	-0.0108507	6	4	4	4	0.264344	368	26.6378	42.5	0	45.4331	0.345197	112.588	85.2078	104.834	1	1	0	0	0	0	0	0
07.08.2015 01:02:07.898000	0.02	0.0299959	0.0254529	476.059	-671.426	-0.0124783	6	4	4	4	0.303954	368	30.733	49.895	0	32.5089	0.343866	102.602	82.0066	78.8567	1	1	0	0	0	0	0	0
07.08.2015 01:02:07.998000	0.02	0.0299959	0.0254529	429.953	-671.438	-0.0133825	6	4	4	4	0.323322	368	32.5625	43.5501	0	13.1326	0.344184	77.7658	52.7802	95.6647	1	1	0	0	0	0	0	0
07.08.2015 01:02:08.098000	0.02	0.0299959	0.0254529	393.313	-671.449	-0.0119358	6	4	4	4	0.30354	368	33.5827	33.5502	0	9.8399	0.343316	59.2412	34.227	95.7746	1	1	0	0	0	0	0	0
07.08.2015 01:02:08.198000	0.02	0.0299959	0.0254529	359.057	-671.451	-0.0112124	6	4	4	4	60.607	368	34.2841	16.1248	0	6.76233	0.954485	51.7404	27.3224	93.4916	1	1	1	0	0	0	0	0
07.08.2015 01:02:08.298000	0.02	0.0299959	0.0254529	314.617	-671.445	-0.0108507	6	4	4	4	89.6148	368	34.5219	5.15129	0	4.66218	7.40599	48.9624	23.6728	96.8288	1	1	1	0	0	0	0	0
07.08.2015 01:02:08.398000	0.02	0.0299959	0.0254529	284.727	-671.445	-0.00868056	6	4	4	4	89.7537	368	34.6785	5.15129	0	2.10792	10.5381	47.4272	21.8791	97.8183	1	1	1	0	0	0	0	0
07.08.2015 01:02:08.498000	0.02	0.0299959	0.0254529	257.492	-671.449	-0.00922309	6	4	4	4	89.9632	368	34.8233	5.15129	0	1.70412	11.4706	45.7439	20.4806	96.7283	1	1	1	0	0	0	0	0
07.08.2015 01:02:08.598000	0.02	0.0299959	0.0254529	236.661	-671.453	-0.00759549	6	4	4	4	89.9145	368	34.9601	5.15129	0	1.55477	11.7656	44.773	19.4844	96.8248	1	1	1	0	0	0	0	0
07.08.2015 01:02:08.698000	0.02	0.0299959	0.0254529	217.125	-671.453	-0.00705295	6	4	4	4	90.041	368	35.0914	5.15129	0	1.3633	11.8176	44.2967	18.749	97.8169	1	1	1	0	0	0	0	0
07.08.2015 01:02:08.798000	0.02	0.0299959	0.0254529	198.344	-671.453	-0.00542535	6	4	4	4	89.9338	368	35.2182	5.15129	0	1.33469	11.8377	43.7989	18.1369	98.2546	1	1	1	0	0	0	0	0
07.08.2015 01:02:08.898000	0.02	0.0299959	0.0254529	181.754	-671.453	-0.00325521	6	4	4	4	89.7682	368	35.3456	5.15129	0	1.28189	11.8435	43.3753	17.7059	98.2833	1	1	1	0	0	0	0	0
07.08.2015 01:02:08.998000	0.02	0.0299959	0.0254529	160.516	-671.456	-0.00397859	6	4	4	4	89.8128	368	35.4675	5.15129	0	1.2773	11.8566	42.6372	17.4541	96.4212	1	1	1	0	0	0	0	0
07.08.2015 01:02:09.098000	0.02	0.0299959	0.0254529	143.543	-671.457	-0.00325521	6	4	4	4	89.4975	368	35.5903	5.15129	0	1.23116	11.8585	42.3289	17.2346	96.0812	1	1	1	0	0	0	0	0
07.08.2015 01:02:09.198000	0.02	0.0299959	0.0254529	134.161	-671.461	-0.00144676	6	4	4	4	89.9053	368	35.7102	5.15129	0	1.22545	11.859	42.4707	17.0512	97.3261	1	1	1	0	0	0	0	0
07.08.2015 01:02:09.298000	0.02	0.0299959	0.0254529	129.742	-671.469	0	6	4	4	4	89.9136	368	35.8276	5.15129	0	1.20583	11.8675	42.0538	16.903	96.2976	1	1	1	0	0	0	0	0
07.08.2015 01:02:09.398000	0.02	0.0299959	0.0254529	124.003	-671.469	-0.00253183	6	4	4	4	90.0244	368	35.95	5.15129	0	1.20152	11.8667	42.1301	16.8369	96.8426	1	1	1	0	0	0	0	0
07.08.2015 01:02:09.498000	0.02	0.0299959	0.0254529	121.602	-671.469	-0.00434028	6	4	4	4	90.0718	368	36.0673	5.15129	0	1.22018	11.8724	42.1075	16.9118	96.4691	1	1	1	0	0	0	0	0
07.08.2015 01:02:09.598000	0.02	0.0299959	0.0254529	124.628	-671.469	-0.00470197	6	4	4	4	90.0571	368	36.1857	5.15129	0	1.22514	11.8673	41.8436	16.8001	95.8865	1	1	1	0	0	0	0	0
07.08.2015 01:02:09.698000	0.02	0.0299959	0.0254529	124.684	-671.469	-0.00596788	6	4	4	4	90.2	368	36.3046	5.15129	0	1.18145	11.8642	42.2499	16.7507	97.6315	1	1	1	0	0	0	0	0
07.08.2015 01:02:09.798000	0.02	0.0299959	0.0254529	124.784	-671.477	-0.00795718	6	4	4	4	90.1025	368	36.4175	5.15129	0	1.15687	11.8669	42.0284	16.6016	97.3539	1	1	1	0	0	0	0	0
07.08.2015 01:02:09.898000	0.02	0.0299959	0.0254529	125.008	-671.477	-0.00868056	6	4	4	4	90.0442	368	36.5394	5.15129	0	1.15957	11.8625	41.8285	16.6331	96.4684	1	1	1	0	0	0	0	0
07.08.2015 01:02:09.998000	0.02	0.0299959	0.0254529	124.93	-671.479	-0.0115741	6	4	4	4	89.9175	368	36.6558	5.15129	0	1.16227	11.8604	41.7106	16.5857	96.1983	1	1	1	0	0	0	0	0
07.08.2015 01:02:10.098000	0.02	0.0299959	0.0254529	124.945	-671.484	-0.0135634	6	4	4	4	89.6137	368	36.7712	5.15129	0	1.17364	11.8662	42.228	16.5818	98.1943	1	1	1	0	0	0	0	0
07.08.2015 01:02:10.198000	0.02	0.0299959	0.0254529	124.945	-671.484	-0.0126591	6	4	4	4	89.8224	368	36.8916	5.15129	0	1.19	11.8632	42.1751	16.5579	98.0833	1	1	1	0	0	0	0	0
07.08.2015 01:02:10.298000	0.02	0.0299959	0.0254529	124.949	-671.484	-0.0113932	6	4	4	4	90.0477	368	37.0085	5.15129	0	1.18658	11.8702	42.0783	16.5599	97.7047	1	1	1	0	0	0	0	0
07.08.2015 01:02:10.398000	0.02	0.0299959	0.0254529	124.953	-671.484	-0.0108507	6	4	4	4	90.1365	368	37.1209	5.15129	0	1.17862	11.8731	42.2786	16.5629	98.46	1	1	1	0	0	0	0	0
07.08.2015 01:02:10.498000	0.02	0.0299959	0.0254529	124.953	-671.484	-0.0108507	6	4	4	4	90.204	368	37.2447	5.15129	0	1.17676	11.8755	42.0594	16.596	97.4944	1	1	1	0	0	0	0	0
07.08.2015 01:02:10.598000	0.02	0.0299959	0.0254529	124.953	-671.487	-0.0108507	6	4	4	4	90.2592	368	37.3596	5.15129	0	1.16767	11.8724	42.1364	16.6381	97.6276	1	1	1	0	0	0	0	0
07.08.2015 01:02:10.698000	0.02	0.0299959	0.0254529	124.957	-671.492	-0.0108507	6	4	4	4	100.054	368	37.48	5.15129	0	1.16945	11.8694	41.8467	16.6457	96.4895	1	1	1	0	0	0	0	0
07.08.2015 01:02:10.798000	0.02	0.0299959	0.0254529	124.958	-671.492	-0.0108507	6	4	4	4	140.854	368	37.6004	5.15129	0	1.18996	11.7812	41.9193	16.6335	96.8143	1	1	1	0	0	0	0	0
07.08.2015 01:02:10.898000	0.02	0.0299959	0.0254529	124.965	-671.492	-0.0119358	6	4	4	4	132.859	368	37.7158	5.15129	0	1.18996	11.4187	42.1292	16.6359	97.6089	1	1	1	0	0	0	0	0
07.08.2015 01:02:10.998000	0.02	0.0299959	0.0254529	124.956	-671.497	-0.0108507	6	4	4	4	185.435	368	37.8406	5.15129	0	1.19568	11.4033	42.1624	16.6373	97.7304	1	1	1	0	0	0	0	0
07.08.2015 01:02:11.098000	0.02	0.0299959	0.0254529	124.961	-671.5	-0.0108507	6	4	4	4	261.169	368	37.9555	5.15129	0	1.19568	11.2413	41.8914	16.6453	96.6622	1	1	1	0	0	0	0	0
07.08.2015 01:02:11.198000	0.02	0.0299959	0.0254529	124.961	-671.497	-0.00940393	6	4	4	4	267.85	368	38.0754	5.15129	0	1.19047	11.0704	42.0447	16.6505	97.2293	1	1	1	0	0	0	0	0
07.08.2015 01:02:11.298000	0.02	0.0299959	0.0254529	124.961	-671.5	-0.0108507	6	4	4	4	430.629	368	38.1968	5.15129	0	1.18995	10.9928	42.075	16.6316	97.4175	1	1	1	0	0	0	0	0
07.08.2015 01:02:11.398000	0.02	0.0299959	0.0254529	124.961	-671.5	-0.0115741	6	4	4	4	419.326	368	38.3092	5.15129	0	1.18078	10.8432	41.8418	16.6343	96.5145	1	1	1	0	0	0	0	0
07.08.2015 01:02:11.498000	0.02	0.0299959	0.0254529	124.965	-671.5	-0.00922309	6	4	4	4	651.999	368	38.4306	5.15129	0	1.17848	10.7834	41.7778	16.6095	96.3644	1	1	1	0	0	0	0	0
07.08.2015 01:02:11.598000	0.02	0.0299959	0.0254529	124.966	-671.5	-0.0072338	6	4	4	4	232.096	368	38.548	5.15129	0	1.18281	10.8668	42.2095	16.651	97.9753	1	1	1	0	0	0	0	0
07.08.2015 01:02:11.698000	0.02	0.0299959	0.0254529	124.965	-671.5	-0.00651042	6	4	4	4	680.2	368	38.6659	5.15129	0	1.18466	11.1566	42.3288	16.6262	98.41	1	1	1	0	0	0	0	0
07.08.2015 01:02:11.798000	0.02	0.0299959	0.0254529	124.966	-671.5	-0.00687211	6	4	4	4	495.397	368	38.7922	5.15129	0	1.1991	10.8154	42.2417	16.643	98.0125	1	1	1	0	0	0	0	0
07.08.2015 01:02:11.898000	0.02	0.0299959	0.0254529	124.969	-671.5	-0.00651042	6	4	4	4	547.275	368	38.9061	5.15129	0	1.20723	10.7562	42.0122	16.6502	97.106	1	1	1	0	0	0	0	0
07.08.2015 01:02:11.998000	0.02	0.0299959	0.0254529	124.969	-671.505	-0.00687211	6	4	4	4	718.033	368	39.03	5.15129	0	1.1977	10.7508	41.9266	16.6549	96.7603	1	1	1	0	0	0	0	0
07.08.2015 01:02:12.098000	0.02	0.0299959	0.0254529	124.969	-671.504	-0.00651042	6	4	4	4	590.432	368	39.1479	5.15129	0	1.18991	10.6856	42.4963	16.678	98.8531	1	1	1	0	0	0	0	0
07.08.2015 01:02:12.198000	0.02	0.0299959	0.0254529	124.969	-671.508	-0.00976563	6	4	4	4	654.833	368	39.2667	5.15129	0	1.19261	10.7093	41.6364	16.6845	96.1378	1	1	1	0	0	0	0	0
07.08.2015 01:02:12.298000	0.02	0.0299959	0.0254529	124.969	-671.508	-0.0124783	6	4	4	4	638.523	368	39.3901	5.15129	0	1.19566	10.7501	42.2878	16.6807	97.6355	1	1	1	0	0	0	0	0
07.08.2015 01:02:12.398000	0.02	0.0299959	0.0254529	124.969	-671.508	-0.015191	6	4	4	4	615.355	368	39.5055	5.15129	0	1.19567	10.7817	42.4487	16.6765	98.9678	1	1	1	0	0	0	0	0
07.08.2015 01:02:12.498000	0.02	0.0299959	0.0254529	124.969	-671.508	-0.0130208	6	4	4	4	680.392	368	39.6309	5.15129	0	1.1957	10.8321	41.6677	16.674	95.6961	1	1	1	0	0	0	0	0
07.08.2015 01:02:12.598000	0.02	0.0299959	0.0254529	124.971	-671.508	-0.0159144	6	4	4	4	817.968	368	39.7463	5.15129	0	1.19966	10.7616	42.3317	16.6557	98.3081	1	1	1	0	0	0	0	0
07.08.2015 01:02:12.698000	0.02	0.0299959	0.0254529	124.977	-671.512	-0.0141059	6	4	4	4	574.738	368	39.8636	5.15129	0	1.20734	10.7542	41.8233	16.6895	96.4422	1	1	1	0	0	0	0	0
07.08.2015 01:02:12.798000	0.02	0.0299959	0.0254529	124.977	-671.51	-0.0130208	6	4	4	4	817.613	368	39.9855	5.15129	0	1.20076	10.786	42.3458	16.6543	98.3675	1	1	1	0	0	0	0	0
07.08.2015 01:02:12.898000	0.02	0.0299959	0.0254529	124.977	-671.516	-0.0108507	6	4	4	4	1052.5	368	40.1004	5.15129	0	1.17871	10.664	42.2157	16.6757	97.7874	1	1	1	0	0	0	0	0
07.08.2015 01:02:12.998000	0.02	0.0299959	0.0254529	124.974	-671.513	-0.00940393	6	4	4	4	551.141	368	40.2258	5.15129	0	1.18126	10.69	42.1414	16.7388	97.2616	1	1	1	0	0	0	0	0
07.08.2015 01:02:13.098000	0.02	0.0299959	0.0254529	124.977	-671.516	-0.00705295	6	4	4	4	706.33	368	40.3432	5.15129	0	1.19572	10.8508	42.3557	16.7222	98.1454	1	1	1	0	0	0	0	0
07.08.2015 01:02:13.198000	0.02	0.0299959	0.0254529	124.977	-671.516	-0.00506366	6	4	4	4	674.628	368	40.4645	5.15129	0	1.19572	10.8177	41.3516	16.7442	94.2167	1	1	1	0	0	0	0	0
07.08.2015 01:02:13.298000	0.02	0.0299959	0.0254529	124.984	-671.516	-0.00434028	6	4	4	4	717.324	368	40.5859	5.15129	0	1.19567	10.877	42.0385	16.7442	96.8465	1	1	1	0	0	0	0	0
07.08.2015 01:02:13.398000	0.02	0.0299959	0.0254529	124.984	-671.516	-0.00289352	6	4	4	4	590.827	368	40.7038	5.15129	0	1.19638	10.9288	42.3886	16.7365	98.2167	1	1	1	0	0	0	0	0
07.08.2015 01:02:13.498000	0.02	0.0299959	0.0254529	124.984	-671.516	-0.00108507	6	4	4	4	594.02	368	40.8291	5.15129	0	1.21921	10.9528	42.2194	16.7251	97.6126	1	1	1	0	0	0	0	0
07.08.2015 01:02:13.598000	0.02	0.0299959	0.0254529	124.984	-671.516	0	6	4	4	4	621.347	368	40.9455	5.15129	0	1.21921	10.9445	41.9221	16.7208	96.4904	1	1	1	0	0	0	0	0
07.08.2015 01:02:13.698000	0.02	0.0299959	0.0254529	124.984	-671.516	0.0016276	6	4	4	4	589.349	368	41.0684	5.15129	0	1.20215	10.9582	41.9064	16.7137	96.4579	1	1	1	0	0	0	0	0
07.08.2015 01:02:13.798000	0.02	0.0299959	0.0254529	124.984	-671.516	0.00072338	6	4	4	4	639.38	368	41.1883	5.15129	0	1.20144	10.962	42.0082	16.7228	96.8129	1	1	1	0	0	0	0	0
07.08.2015 01:02:13.898000	0.02	0.0299959	0.0254529	124.984	-671.516	0.000542535	6	4	4	4	618.025	368	41.3062	5.15129	0	1.19639	10.9888	41.6518	16.7389	95.3864	1	1	1	0	0	0	0	0
07.08.2015 01:02:13.998000	0.02	0.0299959	0.0254529	124.984	-671.516	0.00036169	6	4	4	4	482.995	368	41.4275	5.15129	0	1.1957	10.9943	42.1573	16.7544	97.2628	1	1	1	0	0	0	0	0
07.08.2015 01:02:14.098000	0.02	0.0299959	0.0254529	124.984	-671.516	0	6	4	4	4	815.483	368	41.5424	5.15129	0	1.18683	10.962	42.3621	16.7308	98.137	1	1	1	0	0	0	0	0
07.08.2015 01:02:14.198000	0.02	0.0299959	0.0254529	124.987	-671.516	0	6	4	4	4	503.047	368	41.6638	5.15129	0	1.18432	10.9515	42.1362	16.7534	97.1856	1	1	1	0	0	0	0	0
07.08.2015 01:02:14.298000	0.02	0.0299959	0.0254529	124.984	-671.516	0.00108507	6	4	4	4	524.992	368	41.7837	5.15129	0	1.1964	10.9957	42.0373	16.7436	96.8444	1	1	1	0	0	0	0	0
07.08.2015 01:02:14.398000	0.02	0.0299959	0.0254529	124.99	-671.516	-0.00072338	6	4	4	4	703.981	368	41.9031	5.15129	0	1.20134	10.9816	42.7182	16.7431	99.4535	1	1	1	0	0	0	0	0
07.08.2015 01:02:14.498000	0.02	0.0299959	0.0254529	124.988	-671.516	-0.0016276	6	4	4	4	586.448	368	42.0264	5.15129	0	1.20141	10.9906	41.9702	16.7455	96.5801	1	1	1	0	0	0	0	0
07.08.2015 01:02:14.598000	0.02	0.0299959	0.0254529	124.99	-671.516	-0.00036169	6	4	4	4	246.689	368	42.1219	2.41234	0.0303551	1.20145	10.9796	42.1543	16.9243	96.6005	1	1	1	0.81	0	0	0	0
07.08.2015 01:02:14.698000	0.02	0.0299959	0.0254529	124.992	-671.516	0.000542535	6	4	4	4	96.0649	368	42.1761	2.40087	0.668472	1.20145	9.54507	42.7213	17.0536	98.2766	1	1	1	1	0	0	0	0
07.08.2015 01:02:14.798000	0.02	0.0299959	0.0254529	124.992	-671.516	-0.00036169	6	4	4	4	197.024	368	42.2473	3.03065	1.29825	1.0529	8.26606	42.4702	17.3127	96.3231	1	1	1	1	0	0	0	0
07.08.2015 01:02:14.898000	0.02	0.0299959	0.0254529	124.996	-671.516	-0.00217014	6	4	4	4	387.005	368	42.3219	3.2584	1.526	0.751293	7.77528	42.7977	17.4758	96.9524	1	1	1	1	0	0	0	0
07.08.2015 01:02:14.998000	0.02	0.0299959	0.0254529	125	-671.516	-0.00180845	6	4	4	4	453.107	368	42.4059	3.11772	1.38532	0.751293	7.58496	42.8982	17.6164	96.7989	1	1	1	1	0	0	0	0
07.08.2015 01:02:15.098000	0.02	0.0299959	0.0254529	125	-671.516	-0.00379774	6	4	4	4	476.018	368	42.4716	2.73429	1.00189	0.751642	7.48043	43.0315	17.7443	96.8197	1	1	1	1	0	0	0	0
07.08.2015 01:02:15.198000	0.02	0.0299959	0.0254529	125	-671.516	-0.0036169	6	4	4	4	484.864	368	42.5467	2.43489	0.702486	0.758275	7.44756	43.2715	17.8707	97.2546	1	1	1	1	0	0	0	0
07.08.2015 01:02:15.298000	0.02	0.0299959	0.0254529	125	-671.516	0.000542535	6	4	4	4	447.879	368	42.6034	2.10448	0.372084	0.758275	7.44278	43.5234	18.0129	97.6745	1	1	1	1	0	0	0	0
07.08.2015 01:02:15.398000	0.02	0.0299959	0.0254529	125	-671.516	-0.00180845	6	4	4	4	481.31	368	42.6552	1.81229	0.0798903	0.758275	7.42039	43.5895	18.1617	97.3579	1	1	1	1	0	0	0	0
07.08.2015 01:02:15.498000	0.02	0.0299959	0.0254529	125.004	-671.516	-0.00108507	6	4	4	4	379.374	368	42.7049	1.69019	-0.0422068	0.758275	7.42817	43.7535	18.2675	97.5808	1	1	1	1	0	0	0	0
07.08.2015 01:02:15.598000	0.02	0.0299959	0.0254529	125	-671.516	0.000723379	6	4	4	4	353.747	368	42.7551	1.64698	-0.0854147	0.646595	7.50358	43.7999	18.3958	97.2672	1	1	1	1	0	0	0	0
07.08.2015 01:02:15.698000	0.02	0.0299959	0.0254529	125.008	-671.516	-0.00108507	6	4	4	4	350.014	368	42.8049	1.74888	0.0164809	0.551461	7.53447	43.8979	18.4885	97.2875	1	1	1	1	0	0	0	0
07.08.2015 01:02:15.798000	0.02	0.0299959	0.0254529	125.008	-671.516	-0.00144676	6	4	4	4	355.697	368	42.8531	1.78555	0.0531489	0.551461	7.56174	44.0452	18.5763	97.5154	1	1	1	1	0	0	0	0
07.08.2015 01:02:15.898000	0.02	0.0299959	0.0254529	125.008	-671.516	-0.0016276	6	4	4	4	414.774	368	42.9034	1.70886	-0.0235394	0.551461	7.54612	44.1076	18.654	97.4567	1	1	1	1	0	0	0	0
07.08.2015 01:02:15.998000	0.02	0.0299959	0.0254529	125.005	-671.518	-0.00108507	6	4	4	4	399.962	368	42.9531	1.61188	-0.120517	0.551461	7.47967	44.205	18.7156	97.5939	1	1	1	1	0	0	0	0
07.08.2015 01:02:16.098000	0.02	0.0299959	0.0254529	125.008	-671.516	-0.00108507	6	4	4	4	361.173	368	43.0009	1.56712	-0.165282	0.522686	7.48933	44.2335	18.7844	97.4394	1	1	1	1	0	0	0	0
07.08.2015 01:02:16.198000	0.02	0.0299959	0.0254529	125.008	-671.516	-0.00144676	6	4	4	4	378.857	368	43.0471	1.52926	-0.203141	0.491514	7.51628	44.3087	18.8378	97.5229	1	1	1	1	0	0	0	0
07.08.2015 01:02:16.298000	0.02	0.0299959	0.0254529	125.004	-671.516	-0.00108507	6	4	4	4	375.082	368	43.0939	1.481	-0.251402	0.491514	7.49562	44.3613	18.9009	97.4827	1	1	1	1	0	0	0	0
07.08.2015 01:02:16.398000	0.02	0.0299959	0.0254529	125.01	-671.516	-0.00180845	6	4	4	4	369.313	368	43.1421	1.44714	-0.285264	0.491514	7.49758	44.4127	18.9478	97.4997	1	1	1	1	0	0	0	0
07.08.2015 01:02:16.498000	0.02	0.0299959	0.0254529	125.008	-671.516	-0.0016276	6	4	4	4	361.214	368	43.1884	1.42958	-0.302818	0.491514	7.47956	44.4677	19	97.5107	1	1	1	1	0	0	0	0
07.08.2015 01:02:16.598000	0.02	0.0299959	0.0254529	125.016	-671.516	-0.00180845	6	4	4	4	413.855	368	43.2312	1.40962	-0.322775	0.488397	7.48282	44.5179	19.032	97.5806	1	1	1	1	0	0	0	0
07.08.2015 01:02:16.698000	0.02	0.0299959	0.0254529	125.012	-671.516	-0.00108507	6	4	4	4	306.99	368	43.2754	1.37824	-0.35416	0.46318	7.46842	44.5439	19.0868	97.4703	1	1	1	1	0	0	0	0
07.08.2015 01:02:16.798000	0.02	0.0299959	0.0254529	125.016	-671.518	-0.00325521	6	4	4	4	397.709	368	43.3252	1.38904	-0.343357	0.46318	7.51356	44.5835	19.1126	97.5229	1	1	1	1	0	0	0	0
07.08.2015 01:02:16.898000	0.02	0.0299959	0.0254529	125.016	-671.516	-0.00325521	6	4	4	4	223.551	368	43.3714	1.40768	-0.32472	0.46318	7.51024	44.617	19.158	97.4773	1	1	1	1	0	0	0	0
07.08.2015 01:02:16.998000	0.02	0.0299959	0.0254529	125.016	-671.516	-0.00253183	6	4	4	4	353.615	368	43.4177	1.5239	-0.208498	0.46318	7.57715	44.6439	19.1778	97.5046	1	1	1	1	0	0	0	0
07.08.2015 01:02:17.098000	0.02	0.0299959	0.0254529	125.016	-671.516	-0.00108507	6	4	4	4	393.858	368	43.464	1.6224	-0.109996	0.46318	7.55642	44.63	19.2062	97.3427	1	1	1	1	0	0	0	0
07.08.2015 01:02:17.198000	0.02	0.0299959	0.0254529	125.016	-671.516	0.00108507	6	4	4	4	384.27	368	43.5147	1.66116	-0.0712419	0.468091	7.52033	44.6701	19.222	97.4357	1	1	1	1	0	0	0	0
07.08.2015 01:02:17.298000	0.02	0.0299959	0.0254529	125.016	-671.516	-0.000542535	6	4	4	4	374.234	368	43.5714	1.68155	-0.050845	0.469243	7.50655	44.6874	19.2301	97.4708	1	1	1	1	0	0	0	0
07.08.2015 01:02:17.398000	0.02	0.0299959	0.0254529	125.016	-671.518	0	6	4	4	4	393.94	368	43.6236	1.68206	-0.0503381	0.469243	7.50166	44.694	19.2371	97.4694	1	1	1	1	0	0	0	0
07.08.2015 01:02:17.498000	0.02	0.0299959	0.0254529	125.016	-671.516	-0.00108507	6	4	4	4	367.362	368	43.6734	1.66456	-0.0678361	0.469243	7.52977	44.6919	19.2555	97.3911	1	1	1	1	0	0	0	0
07.08.2015 01:02:17.598000	0.02	0.0299959	0.0254529	125.016	-671.516	-0.00144676	6	4	4	4	382.736	368	43.7256	1.64393	-0.0884679	0.472507	7.53107	44.7161	19.2572	97.4768	1	1	1	1	0	0	0	0
07.08.2015 01:02:17.698000	0.02	0.0299959	0.0254529	125.016	-671.516	-0.00271267	6	4	4	4	328.391	368	43.7798	1.64078	-0.0916238	0.523641	7.55689	44.7176	19.2627	97.4616	1	1	1	1	0	0	0	0
07.08.2015 01:02:17.798000	0.02	0.0299959	0.0254529	125.016	-671.516	-0.00397859	6	4	4	4	411.56	368	43.8311	1.64899	-0.0834051	0.523641	7.51537	44.7165	19.2731	97.4177	1	1	1	1	0	0	0	0
07.08.2015 01:02:17.898000	0.02	0.0299959	0.0254529	125.016	-671.516	-0.00488281	6	4	4	4	380.123	368	43.8813	1.61525	-0.117153	0.523641	7.48047	44.7281	19.2875	97.407	1	1	1	1	0	0	0	0
07.08.2015 01:02:17.998000	0.02	0.0299959	0.0254529	125.016	-671.518	-0.00434028	6	4	4	4	403.292	368	43.932	1.57964	-0.152758	0.523641	7.50633	44.7301	19.2981	97.374	1	1	1	1	0	0	0	0
07.08.2015 01:02:18.098000	0.02	0.0299959	0.0254529	125.016	-671.516	-0.00325521	6	4	4	4	403.216	368	43.9813	1.51704	-0.215355	0.521183	7.46549	44.7478	19.3025	97.4249	1	1	1	1	0	0	0	0
07.08.2015 01:02:18.198000	0.02	0.0299959	0.0254529	125.018	-671.516	-0.00217014	6	4	4	4	270.553	368	44.0285	1.46963	-0.262765	0.510705	7.49291	44.7508	19.3313	97.3261	1	1	1	1	0	0	0	0
07.08.2015 01:02:18.298000	0.02	0.0299959	0.0254529	125.016	-671.516	-0.000542535	6	4	4	4	240.418	368	44.0783	1.53089	-0.201512	0.510705	7.57371	44.7578	19.3374	97.3298	1	1	1	1	0	0	0	0
07.08.2015 01:02:18.398000	0.02	0.0299959	0.0254529	125.018	-671.518	0.00108507	6	4	4	4	346.925	368	44.133	1.67223	-0.0601679	0.510705	7.60916	44.7724	19.3314	97.4086	1	1	1	1	0	0	0	0
07.08.2015 01:02:18.498000	0.02	0.0299959	0.0254529	125.016	-671.516	0.00108507	6	4	4	4	367.424	368	44.1857	1.80114	0.06874	0.510705	7.55534	44.7619	19.3238	97.3974	1	1	1	1	0	0	0	0
07.08.2015 01:02:18.598000	0.02	0.0299959	0.0254529	125.018	-671.516	0.00072338	6	4	4	4	405.465	368	44.2379	1.86943	0.137033	0.511805	7.51356	44.7432	19.3231	97.3284	1	1	1	1	0	0	0	0
07.08.2015 01:02:18.698000	0.02	0.0299959	0.0254529	125.016	-671.52	0.000542535	6	4	4	4	364.861	368	44.2917	1.89198	0.159585	0.51385	7.49978	44.731	19.3132	97.3195	1	1	1	1	0	0	0	0
07.08.2015 01:02:18.798000	0.02	0.0299959	0.0254529	125.018	-671.516	0	6	4	4	4	354.36	368	44.3509	1.913	0.180598	0.51385	7.49277	44.7158	19.3136	97.2602	1	1	1	1	0	0	0	0
07.08.2015 01:02:18.898000	0.02	0.0299959	0.0254529	125.016	-671.52	-0.00108507	6	4	4	4	378.492	368	44.4071	1.92624	0.193838	0.51385	7.51421	44.6776	19.3233	97.0765	1	1	1	1	0	0	0	0
07.08.2015 01:02:18.998000	0.02	0.0299959	0.0254529	125.018	-671.516	-0.00217014	6	4	4	4	381.59	368	44.4593	1.93183	0.199434	0.51385	7.51693	44.6587	19.3049	97.0746	1	1	1	1	0	0	0	0
07.08.2015 01:02:19.098000	0.02	0.0299959	0.0254529	125.02	-671.52	-0.00488281	6	4	4	4	317.227	368	44.518	1.93677	0.204372	0.552846	7.49718	44.6556	19.2956	97.0982	1	1	1	1	0	0	0	0
07.08.2015 01:02:19.198000	0.02	0.0299959	0.0254529	125.018	-671.516	-0.00397859	6	4	4	4	370.108	368	44.5797	1.97297	0.240569	0.557666	7.48752	44.6407	19.2815	97.0952	1	1	1	1	0	0	0	0
07.08.2015 01:02:19.298000	0.02	0.0299959	0.0254529	125.023	-671.516	-0.00705295	6	4	4	4	349.205	368	44.6334	2.00208	0.269682	0.557666	7.49678	44.624	19.2758	97.0531	1	1	1	1	0	0	0	0
07.08.2015 01:02:19.398000	0.02	0.0299959	0.0254529	125.018	-671.516	-0.00289352	6	4	4	4	347.19	368	44.6881	2.04349	0.311095	0.557666	7.53718	44.6153	19.2653	97.0599	1	1	1	1	0	0	0	0
07.08.2015 01:02:19.498000	0.02	0.0299959	0.0254529	125.023	-671.516	-0.00325521	6	4	4	4	366.167	368	44.7503	2.09487	0.36247	0.576449	7.52771	44.5863	19.2432	97.0337	1	1	1	1	0	0	0	0
07.08.2015 01:02:19.598000	0.02	0.0299959	0.0254529	125.023	-671.516	-0.00470197	6	4	4	4	357.626	368	44.808	2.12542	0.393018	0.586563	7.50586	44.5758	19.2271	97.0548	1	1	1	1	0	0	0	0
07.08.2015 01:02:19.698000	0.02	0.0299959	0.0254529	125.023	-671.516	-0.00434028	6	4	4	4	360.574	368	44.8717	2.15424	0.421836	0.586563	7.51183	44.5527	19.2084	97.0382	1	1	1	1	0	0	0	0
07.08.2015 01:02:19.798000	0.02	0.0299959	0.0254529	125.023	-671.516	-0.00470197	6	4	4	4	406.037	368	44.9358	2.17347	0.441073	0.586563	7.52998	44.5327	19.188	97.0396	1	1	1	1	0	0	0	0
07.08.2015 01:02:19.898000	0.02	0.0299959	0.0254529	125.023	-671.516	-0.00488281	6	4	4	4	336.058	368	44.995	2.15727	0.424866	0.599685	7.53234	44.4872	19.1792	96.8991	1	1	1	1	0	0	0	0
07.08.2015 01:02:19.998000	0.02	0.0299959	0.0254529	125.023	-671.516	-0.0072338	6	4	4	4	309.724	368	45.0547	2.18421	0.451811	0.609584	7.54894	44.4788	19.1677	96.911	1	1	1	1	0	0	0	0
07.08.2015 01:02:20.098000	0.02	0.0299959	0.0254529	125.023	-671.516	-0.00705295	6	4	4	4	319.425	368	45.1253	2.26085	0.528446	0.609584	7.5587	44.4746	19.1483	96.969	1	1	1	1	0	0	0	0
07.08.2015 01:02:20.198000	0.02	0.0299959	0.0254529	125.023	-671.516	-0.00687211	6	4	4	4	360.232	368	45.191	2.35002	0.617621	0.609584	7.53378	44.4616	19.1225	97.0183	1	1	1	1	0	0	0	0
07.08.2015 01:02:20.298000	0.02	0.0299959	0.0254529	125.023	-671.516	-0.00488281	6	4	4	4	342.779	368	45.2522	2.42705	0.694646	0.639047	7.48777	44.4163	19.0994	96.9333	1	1	1	1	0	0	0	0
07.08.2015 01:02:20.398000	0.02	0.0299959	0.0254529	125.023	-671.516	-0.00506366	6	4	4	4	361.377	368	45.3283	2.49758	0.765184	0.649399	7.53418	44.3988	19.075	96.9594	1	1	1	1	0	0	0	0
07.08.2015 01:02:20.498000	0.02	0.0299959	0.0254529	125.023	-671.516	-0.00434028	6	4	4	4	353.509	368	45.3939	2.55341	0.821008	0.649399	7.5459	44.323	19.0375	96.8131	1	1	1	1	0	0	0	0
07.08.2015 01:02:20.598000	0.02	0.0299959	0.0254529	125.023	-671.516	-0.00325521	6	4	4	4	412.989	368	45.4681	2.59061	0.858213	0.660034	7.54018	44.3004	18.9977	96.879	1	1	1	1	0	0	0	0
07.08.2015 01:02:20.698000	0.02	0.0299959	0.0254529	125.023	-671.516	-0.00488281	6	4	4	4	413.113	368	45.5382	2.58663	0.854227	0.702577	7.48423	44.2767	18.9566	96.9456	1	1	1	1	0	0	0	0
07.08.2015 01:02:20.798000	0.02	0.0299959	0.0254529	125.023	-671.516	-0.00506366	6	4	4	4	348.738	368	45.6093	2.54429	0.811886	0.702577	7.4549	44.2441	18.9354	96.9022	1	1	1	1	0	0	0	0
07.08.2015 01:02:20.898000	0.02	0.0299959	0.0254529	125.023	-671.516	-0.00271267	6	4	4	4	386.461	368	45.6805	2.51576	0.783362	0.702577	7.51483	44.2161	18.914	96.8769	1	1	1	1	0	0	0	0
07.08.2015 01:02:20.998000	0.02	0.0299959	0.0254529	125.023	-671.516	-0.00108507	6	4	4	4	327.285	368	45.7461	2.50006	0.767663	0.703893	7.51295	44.2598	18.9011	97.0931	1	1	1	1	0	0	0	0
07.08.2015 01:02:21.098000	0.02	0.0299959	0.0254529	125.023	-671.516	-0.00108507	6	4	4	4	352.775	368	45.8172	2.51964	0.787244	0.704541	7.51154	44.1666	18.8919	96.7718	1	1	1	1	0	0	0	0
07.08.2015 01:02:21.198000	0.02	0.0299959	0.0254529	125.023	-671.516	-0.00144676	6	4	4	4	418.373	368	45.8839	2.53505	0.802647	0.704541	7.50799	44.2192	18.8734	97.044	1	1	1	1	0	0	0	0
07.08.2015 01:02:21.298000	0.02	0.0299959	0.0254529	125.023	-671.52	-0.00108507	6	4	4	4	366.227	368	45.9496	2.51638	0.783984	0.703765	7.4651	44.1876	18.875	96.9169	1	1	1	1	0	0	0	0
07.08.2015 01:02:21.398000	0.02	0.0299959	0.0254529	125.023	-671.516	-0.00180845	6	4	4	4	350.543	368	46.0242	2.49447	0.762071	0.685137	7.48687	44.1879	18.8748	96.919	1	1	1	1	0	0	0	0
07.08.2015 01:02:21.498000	0.02	0.0299959	0.0254529	125.023	-671.516	-0.00379774	6	4	4	4	332.668	368	46.0859	2.49631	0.76391	0.685137	7.52456	44.1783	18.8769	96.8741	1	1	1	1	0	0	0	0
07.08.2015 01:02:21.598000	0.02	0.0299959	0.0254529	125.023	-671.516	-0.00289352	6	4	4	4	253.228	368	46.152	2.54843	0.816027	0.685137	7.55783	44.0886	18.8689	96.5614	1	1	1	1	0	0	0	0
07.08.2015 01:02:21.698000	0.02	0.0299959	0.0254529	125.023	-671.516	-0.00434028	6	4	4	4	269.46	368	46.2266	2.686	0.953604	0.680268	7.60229	44.1545	18.8544	96.869	1	1	1	1	0	0	0	0
07.08.2015 01:02:21.798000	0.02	0.0299959	0.0254529	125.023	-671.516	-0.00470197	6	4	4	4	328.163	368	46.2928	2.87727	1.14487	0.670383	7.59165	44.2872	18.8224	97.5	1	1	1	1	0	0	0	0
07.08.2015 01:02:21.898000	0.02	0.0299959	0.0254529	125.023	-671.516	-0.00434028	6	4	4	4	425.374	368	46.3783	3.03377	1.30137	0.670383	7.54203	43.9737	18.7669	96.5119	1	1	1	1	0	0	0	0
07.08.2015 01:02:21.998000	0.02	0.0299959	0.0254529	125.023	-671.516	-0.00470197	6	4	4	4	454.491	368	46.4539	3.07584	1.34344	0.682913	7.48774	44.228	18.7147	97.6851	1	1	1	1	0	0	0	0
07.08.2015 01:02:22.098000	0.02	0.0299959	0.0254529	125.023	-671.516	-0.00434028	6	4	4	4	377.951	368	46.536	3.02965	1.29725	0.7748	7.47287	43.906	18.6851	96.5659	1	1	1	1	0	0	0	0
07.08.2015 01:02:22.198000	0.02	0.0299959	0.0254529	125.023	-671.516	-0.00470197	6	4	4	4	311.484	368	46.6171	2.99404	1.26164	0.7748	7.55501	44.1534	18.6491	97.6507	1	1	1	1	0	0	0	0
07.08.2015 01:02:22.298000	0.02	0.0299959	0.0254529	125.023	-671.516	-0.00434028	6	4	4	4	380.485	368	46.6897	3.00713	1.27473	0.77535	7.54912	43.9474	18.6205	96.9716	1	1	1	1	0	0	0	0
07.08.2015 01:02:22.398000	0.02	0.0299959	0.0254529	125.023	-671.516	-0.00325521	6	4	4	4	345.973	368	46.7778	3.0234	1.29101	0.802301	7.52503	43.7142	18.603	96.1457	1	1	1	1	0	0	0	0
07.08.2015 01:02:22.498000	0.02	0.0299959	0.0254529	125.023	-671.516	-0.00271267	6	4	4	4	369.434	368	46.8504	3.04898	1.31658	0.802301	7.55462	44.3227	18.5839	98.5488	1	1	1	1	0	0	0	0
07.08.2015 01:02:22.598000	0.02	0.0299959	0.0254529	125.023	-671.516	-0.00289352	6	4	4	4	390.665	368	46.9325	3.06094	1.32854	0.802301	7.53917	43.3877	18.5701	95.0073	1	1	1	1	0	0	0	0
07.08.2015 01:02:22.698000	0.02	0.0299959	0.0254529	125.023	-671.516	-0.00271267	6	4	4	4	304.981	368	47.014	3.06589	1.33349	0.795453	7.5489	44.3246	18.5483	98.6145	1	1	1	1	0	0	0	0
07.08.2015 01:02:22.798000	0.02	0.0299959	0.0254529	125.031	-671.516	-0.00108507	6	4	4	4	421.406	368	47.0886	3.10663	1.37424	0.794606	7.54763	43.5163	18.522	95.7274	1	1	1	1	0	0	0	0
07.08.2015 01:02:22.898000	0.02	0.0299959	0.0254529	125.023	-671.516	-0.00108507	6	4	4	4	363.128	368	47.1777	3.10012	1.36771	0.794606	7.52572	43.553	18.5137	95.8842	1	1	1	1	0	0	0	0
07.08.2015 01:02:22.998000	0.02	0.0299959	0.0254529	125.026	-671.518	-0.00180845	6	4	4	4	329.601	368	47.2538	3.10225	1.36985	0.798656	7.52752	44.0657	18.4911	97.8549	1	1	1	1	0	0	0	0
07.08.2015 01:02:23.098000	0.02	0.0299959	0.0254529	125.027	-671.516	-0.0016276	6	4	4	4	316.536	368	47.3319	3.14223	1.40983	0.799732	7.55048	43.0968	18.4901	94.2139	1	1	1	1	0	0	0	0
07.08.2015 01:02:23.198000	0.02	0.0299959	0.0254529	125.031	-671.516	-0.00144676	6	4	4	4	349.77	368	47.415	3.20933	1.47694	0.799732	7.56625	43.6586	18.4646	96.4628	1	1	1	1	0	0	0	0
07.08.2015 01:02:23.298000	0.02	0.0299959	0.0254529	125.027	-671.516	-0.00434028	6	4	4	4	360.915	368	47.4926	3.27557	1.54318	0.801507	7.57922	43.56	18.4446	96.162	1	1	1	1	0	0	0	0
07.08.2015 01:02:23.398000	0.02	0.0299959	0.0254529	125.029	-671.516	-0.00180845	6	4	4	4	359.141	368	47.5791	3.32964	1.59724	0.802304	7.55007	43.3064	18.4352	95.2268	1	1	1	1	0	0	0	0
07.08.2015 01:02:23.498000	0.02	0.0299959	0.0254529	125.031	-671.516	0	6	4	4	4	371.095	368	47.6637	3.36791	1.63551	0.802304	7.55858	43.7222	18.3963	96.9676	1	1	1	1	0	0	0	0
07.08.2015 01:02:23.598000	0.02	0.0299959	0.0254529	125.031	-671.516	-0.00072338	6	4	4	4	381.721	368	47.7482	3.3906	1.6582	0.83506	7.53704	43.8203	18.366	97.4595	1	1	1	1	0	0	0	0
07.08.2015 01:02:23.698000	0.02	0.0299959	0.0254529	125.031	-671.516	-0.00108507	6	4	4	4	372.965	368	47.8313	3.39695	1.66455	0.845979	7.48315	43.4217	18.3438	96.0183	1	1	1	1	0	0	0	0
07.08.2015 01:02:23.798000	0.02	0.0299959	0.0254529	125.031	-671.518	-0.00325521	6	4	4	4	293.221	368	47.9233	3.40659	1.67419	0.845979	7.53131	43.9864	18.3285	98.2389	1	1	1	1	0	0	0	0
07.08.2015 01:02:23.898000	0.02	0.0299959	0.0254529	125.031	-671.516	-0.00325521	6	4	4	4	377.249	368	48.0099	3.46817	1.73577	0.864151	7.59958	43.5045	18.2863	96.5556	1	1	1	1	0	0	0	0
07.08.2015 01:02:23.998000	0.02	0.0299959	0.0254529	125.031	-671.516	-0.00434028	6	4	4	4	372.015	368	48.0959	3.51545	1.78305	0.866629	7.57795	43.0157	18.2593	94.7872	1	1	1	1	0	0	0	0
07.08.2015 01:02:24.098000	0.02	0.0299959	0.0254529	125.031	-671.516	-0.00488281	6	4	4	4	419.404	368	48.184	3.52839	1.796	0.86724	7.53613	43.5865	18.2258	97.101	1	1	1	1	0	0	0	0
07.08.2015 01:02:24.198000	0.02	0.0299959	0.0254529	125.031	-671.518	-0.00289352	6	4	4	4	400.474	368	48.2745	3.4852	1.7528	0.878851	7.50139	43.5256	18.2141	96.9127	1	1	1	1	0	0	0	0
07.08.2015 01:02:24.298000	0.02	0.0299959	0.0254529	125.031	-671.516	-0.00108507	6	4	4	4	347.359	368	48.364	3.42954	1.69714	0.878851	7.47642	42.75	18.2084	93.9646	1	1	1	1	0	0	0	0
07.08.2015 01:02:24.398000	0.02	0.0299959	0.0254529	125.031	-671.516	-0.00108507	6	4	4	4	374.601	368	48.4466	3.40251	1.67011	0.877091	7.48341	43.5828	18.2034	97.1726	1	1	1	1	0	0	0	0
07.08.2015 01:02:24.498000	0.02	0.0299959	0.0254529	125.031	-671.516	-0.000542535	6	4	4	4	360.579	368	48.5302	3.38896	1.65656	0.869592	7.47946	43.5137	18.2	96.9211	1	1	1	1	0	0	0	0
07.08.2015 01:02:24.598000	0.02	0.0299959	0.0254529	125.036	-671.516	-0.00144676	6	4	4	4	255.403	368	48.6202	3.40639	1.67399	0.869592	7.52446	42.8982	18.2165	94.5014	1	1	1	1	0	0	0	0
07.08.2015 01:02:24.698000	0.02	0.0299959	0.0254529	125.031	-671.516	-0.00108507	6	4	4	4	315.192	368	48.7068	3.50864	1.77624	0.869605	7.54884	43.6712	18.2063	97.5	1	1	1	1	0	0	0	0
07.08.2015 01:02:24.798000	0.02	0.0299959	0.0254529	125.039	-671.516	-0.00144676	6	4	4	4	363.682	368	48.7943	3.62981	1.89741	0.869632	7.56907	44.2288	18.1787	99.7407	1	1	1	1	0	0	0	0
07.08.2015 01:02:24.898000	0.02	0.0299959	0.0254529	125.035	-671.516	-0.00108507	6	4	4	4	339.34	368	48.8838	3.71872	1.98632	0.869632	7.50405	43.4084	18.1453	96.7274	1	1	1	1	0	0	0	0
07.08.2015 01:02:24.998000	0.02	0.0299959	0.0254529	125.039	-671.516	-0.00108507	6	4	4	4	336.853	368	48.9793	3.81248	2.08008	0.894489	7.53442	43.0166	18.1013	95.3955	1	1	1	1	0	0	0	0
07.08.2015 01:02:25.098000	0.02	0.0299959	0.0254529	125.039	-671.516	-0.00108507	6	4	4	4	412.605	368	49.0758	3.89143	2.15903	0.91106	7.49714	43.337	18.0597	96.7818	1	1	1	1	0	0	0	0
07.08.2015 01:02:25.198000	0.02	0.0299959	0.0254529	125.039	-671.516	-0.00253183	6	4	4	4	424.247	368	49.1748	3.89985	2.16745	0.912118	7.42752	42.977	18.0143	95.5773	1	1	1	1	0	0	0	0
07.08.2015 01:02:25.298000	0.02	0.0299959	0.0254529	125.039	-671.516	-0.00271267	6	4	4	4	398.735	368	49.2688	3.85052	2.11812	0.963941	7.44527	43.3383	17.9696	97.1317	1	1	1	1	0	0	0	0
07.08.2015 01:02:25.398000	0.02	0.0299959	0.0254529	125.039	-671.516	-0.00506366	6	4	4	4	298.205	368	49.3658	3.8074	2.075	0.963941	7.45875	43.1402	17.9716	96.3656	1	1	1	1	0	0	0	0
07.08.2015 01:02:25.498000	0.02	0.0299959	0.0254529	125.039	-671.52	-0.00488281	6	4	4	4	374.189	368	49.4569	3.82427	2.09187	0.953582	7.50317	42.9841	17.9517	95.844	1	1	1	1	0	0	0	0
07.08.2015 01:02:25.598000	0.02	0.0299959	0.0254529	125.039	-671.516	-0.0036169	6	4	4	4	370.659	368	49.5524	3.8417	2.1093	0.935166	7.49782	43.4284	17.9384	97.5962	1	1	1	1	0	0	0	0
07.08.2015 01:02:25.698000	0.02	0.0299959	0.0254529	125.039	-671.516	-0.00596788	6	4	4	4	367.173	368	49.6449	3.85042	2.11802	0.935166	7.52519	43.1401	17.9398	96.4871	1	1	1	1	0	0	0	0
07.08.2015 01:02:25.798000	0.02	0.0299959	0.0254529	125.039	-671.516	-0.0072338	6	4	4	4	364.082	368	49.7414	3.85256	2.12016	0.948518	7.49517	43.2779	17.9318	97.045	1	1	1	1	0	0	0	0
07.08.2015 01:02:25.898000	0.02	0.0299959	0.0254529	125.039	-671.516	-0.00542535	6	4	4	4	323.872	368	49.8344	3.86166	2.12926	0.952968	7.47908	42.9558	17.9181	95.8641	1	1	1	1	0	0	0	0
07.08.2015 01:02:25.998000	0.02	0.0299959	0.0254529	125.039	-671.516	-0.00470197	6	4	4	4	345.735	368	49.9309	3.91056	2.17816	0.953506	7.50778	42.564	17.9089	94.3997	1	1	1	1	0	0	0	0
07.08.2015 01:02:26.098000	0.02	0.0299959	0.0254529	125.039	-671.516	-0.00488281	6	4	4	4	369.949	368	50.0249	3.96513	2.23273	0.956556	7.54449	43.0948	17.8981	96.4729	1	1	1	1	0	0	0	0
07.08.2015 01:02:26.198000	0.02	0.0299959	0.0254529	125.039	-671.516	-0.00470197	6	4	4	4	349.794	368	50.1239	4.00182	2.26942	0.956556	7.5318	42.8647	17.9005	95.5829	1	1	1	1	0	0	0	0
07.08.2015 01:02:26.298000	0.02	0.0299959	0.0254529	125.039	-671.516	-0.00488281	6	4	4	4	387.229	368	50.2214	4.04533	2.31293	0.965401	7.48157	43.3321	17.8696	97.4911	1	1	1	1	0	0	0	0
07.08.2015 01:02:26.398000	0.02	0.0299959	0.0254529	125.039	-671.516	-0.00542535	6	4	4	4	354.829	368	50.3214	4.06346	2.33106	0.971548	7.47365	42.9266	17.8562	95.9896	1	1	1	1	0	0	0	0
07.08.2015 01:02:26.498000	0.02	0.0299959	0.0254529	125.039	-671.516	-0.00488281	6	4	4	4	364.551	368	50.4184	4.0809	2.34851	0.971701	7.47947	43.0841	17.8244	96.7145	1	1	1	1	0	0	0	0
07.08.2015 01:02:26.598000	0.02	0.0299959	0.0254529	125.039	-671.516	-0.00434028	6	4	4	4	350.718	368	50.5189	4.09141	2.35901	0.975377	7.48913	43.2152	17.8157	97.2497	1	1	1	1	0	0	0	0
07.08.2015 01:02:26.698000	0.02	0.0299959	0.0254529	125.043	-671.516	-0.00488281	6	4	4	4	402.72	368	50.6158	4.10991	2.37751	0.975377	7.50061	42.4888	17.7925	94.5572	1	1	1	1	0	0	0	0
07.08.2015 01:02:26.798000	0.02	0.0299959	0.0254529	125.044	-671.516	-0.00578704	6	4	4	4	390.633	368	50.7183	4.09359	2.36119	0.988298	7.47331	42.9583	17.7827	96.3925	1	1	1	1	0	0	0	0
07.08.2015 01:02:26.898000	0.02	0.0299959	0.0254529	125.043	-671.516	-0.00488281	6	4	4	4	343.543	368	50.8163	4.05953	2.32713	0.998869	7.45245	42.9311	17.7826	96.2885	1	1	1	1	0	0	0	0
07.08.2015 01:02:26.998000	0.02	0.0299959	0.0254529	125.044	-671.516	-0.00434028	6	4	4	4	337.451	368	50.9158	4.05801	2.32561	0.998551	7.47106	42.8342	17.7723	95.9569	1	1	1	1	0	0	0	0
07.08.2015 01:02:27.098000	0.02	0.0299959	0.0254529	125.043	-671.516	-0.00434028	6	4	4	4	303.9	368.028	51.0148	4.12802	2.39562	0.990922	7.4704	42.9803	17.7687	96.5299	1	1	1	1	0.56	0	0	0
07.08.2015 01:02:27.198000	0.02	0.0299959	0.0254529	125.044	-671.516	-0.00506366	6	4	4	4	379.372	368.562	51.1207	4.38135	2.64895	0.990922	7.48435	42.5434	17.7321	94.9973	1	1	1	1	1	0	0	0
07.08.2015 01:02:27.298000	0.02	0.0299959	0.0254529	125.043	-671.516	-0.00379774	6	4	4	4	361.612	370.011	51.2277	4.55631	2.82391	1.02325	7.4889	42.4583	17.6797	94.8723	1	1	1	1	1	0	0	0
07.08.2015 01:02:27.398000	0.02	0.0299959	0.0254529	125.047	-671.516	-0.00506366	6	4	4	4	394.019	372.386	51.3386	4.67602	2.94363	1.04065	7.4626	43.0636	17.5964	97.5086	1	1	1	1	1	0	0	0
07.08.2015 01:02:27.498000	0.02	0.0299959	0.0254529	125.047	-671.516	-0.00488281	6	4	4	4	439.826	375.687	51.4495	4.68943	2.95704	1.07492	7.40389	42.6587	17.522	96.2436	1	1	1	1	1	0	0	0
07.08.2015 01:02:27.598000	0.02	0.0299959	0.0254529	125.044	-671.516	-0.00470197	6	4	4	4	347.833	379.916	51.5629	4.64147	2.90907	1.12034	7.40231	42.3941	17.4836	95.3773	1	1	1	1	1	0	0	0
07.08.2015 01:02:27.698000	0.02	0.0299959	0.0254529	125.047	-671.516	-0.00488281	6	4	4	4	417.774	385.071	51.6719	4.66851	2.93611	1.11764	7.43484	42.7894	17.4476	97.0286	1	1	1	1	1	0	0	0
07.08.2015 01:02:27.798000	0.02	0.0299959	0.0254529	125.047	-671.516	-0.00506366	6	4	4	4	318.214	391.153	51.7833	4.66776	2.93536	1.10534	7.44319	41.9617	17.4236	93.9515	1	1	1	1	1	0	0	0
07.08.2015 01:02:27.898000	0.02	0.0299959	0.0254529	125.051	-671.516	-0.00488281	6	4	4	4	434.243	398.161	51.8957	4.85528	3.12288	1.10626	7.43798	42.5878	17.37	96.5537	1	1	1	1	1	0	0	0
07.08.2015 01:02:27.998000	0.02	0.0299959	0.0254529	125.049	-671.516	-0.00759549	6	4	4	4	400.852	406.096	52.0156	5.02096	3.28856	1.15148	7.36118	42.2341	17.3097	95.4303	1	1	1	1	1	0	0	0
07.08.2015 01:02:28.098000	0.02	0.0299959	0.0254529	125.055	-671.516	-0.00813802	6	4	4	4	413.858	414.958	52.1345	5.21409	3.48169	1.15148	7.38041	42.7863	17.2304	97.8486	1	1	1	1	1	0	0	0
07.08.2015 01:02:28.198000	0.02	0.0299959	0.0254529	125.052	-671.518	-0.0112124	6	4	4	4	376.727	424.745	52.2613	5.45471	3.72231	1.19896	7.44706	42.6075	17.1543	97.4553	1	1	1	1	1	0	0	0
07.08.2015 01:02:28.298000	0.02	0.0299959	0.0254529	125.055	-671.516	-0.0113932	6	4	4	4	384.478	435.461	52.3921	5.81983	4.08743	1.20996	7.47716	41.4827	17.018	93.6706	1	1	1	1	1	0	0	0
07.08.2015 01:02:28.398000	0.02	0.0299959	0.0254529	125.055	-671.516	-0.0108507	6	4	4	4	448.376	447.103	52.5379	6.29152	4.55912	1.32293	7.44819	41.9991	16.8318	96.3605	1	1	1	1	1	0	0	0
07.08.2015 01:02:28.498000	0.02	0.0299959	0.0254529	125.055	-671.516	-0.00976563	6	4	4	4	513.069	459.67	52.6926	6.69706	4.96466	1.41221	7.3894	41.6845	16.6112	96.0006	1	1	1	1	1	0	0	0
07.08.2015 01:02:28.598000	0.02	0.0299959	0.0254529	125.055	-671.516	-0.00868056	6	4	4	4	500.616	473.165	52.8517	6.94186	5.20946	1.52584	7.34096	41.313	16.3842	95.4472	1	1	1	1	1	0	0	0
07.08.2015 01:02:28.698000	0.02	0.0299959	0.0254529	125.055	-671.516	-0.00868056	6	4	4	4	467.014	487.586	53.0144	7.14135	5.40895	1.60614	7.32896	41.0761	16.1862	95.2985	1	1	1	1	1	0	0	0
07.08.2015 01:02:28.798000	0.02	0.0299959	0.0254529	125.055	-671.516	-0.0108507	6	4	4	4	483.562	502.934	53.186	7.42806	5.69566	1.6425	7.3458	40.9448	16.0014	95.5033	1	1	1	1	1	0	0	0
07.08.2015 01:02:28.898000	0.02	0.0299959	0.0254529	125.055	-671.516	-0.0113932	6	4	4	4	437.147	519.208	53.3581	7.85653	6.12413	1.68124	7.42629	40.7481	15.8199	95.4451	1	1	1	1	1	0	0	0
07.08.2015 01:02:28.998000	0.02	0.0299959	0.0254529	125.055	-671.516	-0.0108507	6	4	4	4	479.179	536.409	53.5461	8.52683	6.79443	1.76421	7.45378	40.5208	15.5754	95.511	1	1	1	1	1	0	0	0
07.08.2015 01:02:29.098000	0.02	0.0299959	0.0254529	125.055	-671.516	-0.00976563	6	4	4	4	581.26	554.537	53.7521	9.2776	7.5452	1.93536	7.38184	40.1146	15.2867	95.0611	1	1	1	1	1	0	0	0
07.08.2015 01:02:29.198000	0.02	0.0299959	0.0254529	125.055	-671.516	-0.00759549	6	4	4	4	532.686	573.59	53.9694	9.87217	8.13977	2.10885	7.33618	39.8412	14.9972	95.123	1	1	1	1	1	0	0	0
07.08.2015 01:02:29.298000	0.02	0.0299959	0.0254529	125.055	-671.516	-0.00651042	6	4	4	4	521.602	593.568	54.1983	10.52	8.7876	2.22323	7.38896	39.5454	14.7218	95.0447	1	1	1	1	1	0	0	0
07.08.2015 01:02:29.398000	0.02	0.0299959	0.0254529	125.055	-671.516	-0.00397859	6	4	4	4	587.813	614.475	54.442	11.3478	9.61541	2.34989	7.34433	39.1925	14.4505	94.732	1	1	1	1	1	0	0	0
07.08.2015 01:02:29.498000	0.02	0.0299959	0.0254529	125.055	-671.516	-0.00434028	6	4	4	4	558.515	636.308	54.7021	12.2312	10.4988	2.52029	7.39974	38.9241	14.195	94.6827	1	1	1	1	1	0	0	0
07.08.2015 01:02:29.598000	0.02	0.0299959	0.0254529	125.055	-671.516	-0.00542535	6	4	4	4	668.154	659.068	54.9837	13.1781	11.4457	2.72366	7.34463	38.6399	13.9531	94.521	1	1	1	1	1	0	0	0
07.08.2015 01:02:29.698000	0.02	0.0299959	0.0254529	125.055	-671.516	-0.00488281	6	4	4	4	637.829	682.756	55.2787	14.0107	12.2783	2.89971	7.32464	38.4409	13.7303	94.6122	1	1	1	1	1	0	0	0
07.08.2015 01:02:29.798000	0.02	0.0299959	0.0254529	125.055	-671.516	-0.00578704	6	4	4	4	631.255	707.369	55.5945	14.9089	13.1765	3.08392	7.37782	38.2341	13.5257	94.6037	1	1	1	1	1	0	0	0
07.08.2015 01:02:29.898000	0.02	0.0299959	0.0254529	125.055	-671.516	-0.00705295	6	4	4	4	699.306	732.907	55.9293	15.948	14.2156	3.33875	7.42287	37.9764	13.3287	94.3714	1	1	1	1	1	0	0	0
07.08.2015 01:02:29.998000	0.02	0.0299959	0.0254529	125.055	-671.516	-0.00651042	6	4	4	4	735.313	759.373	56.2834	16.9936	15.2612	3.46185	7.44239	37.7704	13.1678	94.1987	1	1	1	1	1	0	0	0
07.08.2015 01:02:30.098000	0.02	0.0299959	0.0254529	125.055	-671.516	-0.00434028	6	4	4	4	724.359	786.764	56.656	18.0082	16.2758	3.73218	7.3751	37.662	13.0799	94.1202	1	1	1	1	1	0	0	0
07.08.2015 01:02:30.198000	0.02	0.0299959	0.0254529	125.055	-671.516	-0.00506366	6	4	4	4	785.298	815.083	57.05	19.0903	17.3579	3.89697	7.32428	37.6052	13.0523	94.0078	1	1	1	1	1	0	0	0
07.08.2015 01:02:30.298000	0.02	0.0299959	0.0254529	125.055	-671.516	-0.00325521	6	4	4	4	782.339	844.33	57.4623	20.1424	18.41	4.08863	7.35017	37.6079	13.0967	93.8487	1	1	1	1	1	0	0	0
07.08.2015 01:02:30.398000	0.02	0.0299959	0.0254529	125.055	-671.516	-0.00397859	6	4	4	4	852.223	551.84	57.8841	21.1798	7.09146	4.21514	7.3148	37.7056	13.251	93.632	1	1	1	1	1	0.63	0	0.63
07.08.2015 01:02:30.498000	0.02	0.0299959	0.0254529	125.059	-671.516	-0.00108507	6	4	4	4	2310.55	368	60.7204	21.345	0	66.6699	7.22902	98.2464	15.5173	316.753	1	1	1	1	1	1	0.44	1
07.08.2015 01:02:30.598000	0.02	0.0299959	0.0282785	125.086	-671.521	-0.00180845	6	4	4	4	1240.51	368	62.0799	21.345	0	74.5011	5.65605	110.366	0.625141	420.176	1	1	1	1	1	1	1	1
07.08.2015 01:02:30.698000	0.02	0.0299959	0.0296914	125.039	-671.547	-0.00271267	6	4	4	4	18.1536	368	62.0779	21.345	0	74.5011	3.2729	123.174	0.596698	469.323	1	1	1	1	1	1	1	1
07.08.2015 01:02:30.798000	0.02	0.0299959	0.0296914	124.927	-671.539	-0.00289352	6	4	4	4	2.7748	368	62.0779	3.62865	0	74.5011	2.29508	134.067	0.500565	511.398	1	1	1	1	1	1	1	0.17
07.08.2015 01:02:30.898000	0.02	0.0299959	0.0296914	124.945	-671.547	-0.00434028	6	4	4	4	0.661846	368	62.0779	0	0	74.5011	1.68911	135.108	0.47615	515.479	1	1	1	1	1	1	1	0
07.08.2015 01:02:30.998000	0.02	0.0299959	0.0296914	124.953	-671.547	-0.00325521	6	4	4	4	0.322426	368	62.0779	0	0	74.5011	1.2786	135.136	0.482498	515.562	1	1	1	1	1	1	1	0
07.08.2015 01:02:31.098000	0.02	0.0299959	0.0296914	124.953	-671.543	-0.00271267	6	4	4	4	0.287342	368	62.0913	0	0	74.5011	0.995906	134.99	0.483963	514.997	1	1	1	1	1	1	1	0
07.08.2015 01:02:31.198000	0.02	0.0299959	0.0296914	124.919	-671.547	-0.00144676	6	4	4	4	0.275678	368	62.1276	0	0	74.5011	0.847627	134.92	0.482559	514.735	1	1	1	1	1	1	1	0
07.08.2015 01:02:31.298000	0.02	0.0299959	0.0296914	124.902	-671.539	0.00108507	6	4	4	4	0.297341	368	62.1276	0	0	74.5011	0.733955	134.863	0.479934	514.525	1	1	1	1	1	1	1	0
07.08.2015 01:02:31.398000	0.02	0.0299959	0.0296914	124.859	-671.555	0.00072338	6	4	4	4	0.267036	368	62.1276	0	0	74.5011	0.640307	134.797	0.478042	514.28	1	1	1	1	1	1	1	0
07.08.2015 01:02:31.498000	0.02	0.0299959	0.0296914	124.871	-671.551	0.00108507	6	4	4	4	0.274797	368	62.1276	0	0	43.976	0.564308	134.748	0.479507	514.085	1	1	1	1	1	1	1	0
07.08.2015 01:02:31.598000	0.02	0.0299959	0.0296914	124.859	-671.552	0.00108507	6	4	4	4	0.297889	368	62.1276	0	0	0.0496974	0.519806	134.703	0.480422	513.91	1	1	1	1	1	1	1	0
07.08.2015 01:02:31.698000	0.02	0.0299959	0.0296914	124.859	-671.547	0.00108507	6	4	4	4	0.289277	368	62.1276	0	0	0.0496974	0.482523	134.658	0.482253	513.73	1	1	1	1	1	1	1	0
07.08.2015 01:02:31.798000	0.02	0.0299959	0.0296914	124.859	-671.552	0.00072338	6	4	4	4	0.290029	368	62.1276	0	0	0.0496974	0.44333	134.615	0.481765	513.569	1	1	1	1	1	1	1	0
07.08.2015 01:02:31.898000	0.02	0.0299959	0.0296914	124.859	-671.547	0.000542535	6	4	4	4	0.28462	368	62.1276	0	0	0.0496974	0.418938	134.572	0.484817	513.391	1	1	1	1	1	1	1	0
07.08.2015 01:02:31.998000	0.02	0.0299959	0.0296914	124.859	-671.547	-0.00108507	6	4	4	4	0.283393	368	62.1276	0	0	0.0496974	0.400029	134.538	0.484207	513.266	1	1	1	1	1	1	1	0
07.08.2015 01:02:32.098000	0.02	0.0299959	0.0296914	124.859	-671.543	-0.00108507	6	4	4	4	0.292598	368	62.1276	0	0	0.0496974	0.382639	134.501	0.483474	513.126	1	1	1	1	1	1	1	0
07.08.2015 01:02:32.198000	0.02	0.0299959	0.0296914	124.859	-671.547	-0.00144676	6	4	4	4	0.267145	368	62.1276	0	0	0.0496974	0.364627	134.471	0.490188	512.986	1	1	1	1	1	1	1	0
07.08.2015 01:02:32.298000	0.02	0.0299959	0.0296914	124.867	-671.547	-0.00325521	6	4	4	4	0.294685	368	62.1276	0	0	0.0496974	0.35408	134.436	0.48323	512.876	1	1	1	1	1	1	1	0
07.08.2015 01:02:32.398000	0.02	0.0299959	0.0296914	124.859	-671.547	-0.00397859	6	4	4	4	0.311855	368	62.1276	0	0	0.0496974	0.34349	134.404	0.485366	512.747	1	1	1	1	1	1	1	0
07.08.2015 01:02:32.498000	0.02	0.0299959	0.0296914	124.859	-671.547	-0.00488281	6	4	4	4	0.305044	368	62.1276	0	0	0.0298184	0.333058	134.369	0.485305	512.615	1	1	1	1	1	1	1	0
07.08.2015 01:02:32.598000	0.02	0.0299959	0.0296914	124.859	-671.547	-0.00470197	6	4	4	4	0.301473	368	62.1276	0	0	0	0.32542	134.333	0.483779	512.482	1	1	1	1	1	1	1	0
07.08.2015 01:02:32.698000	0.02	0.0299959	0.0296914	124.859	-671.547	-0.00434028	6	4	4	4	0.308801	368	62.1276	0	0	0	0.318576	134.304	0.483169	512.372	1	1	1	1	1	1	1	0
07.08.2015 01:02:32.798000	0.02	0.0299959	0.0296914	124.859	-671.542	-0.00434028	6	4	4	4	0.307308	368	62.1276	0	0	0	0.312428	134.27	0.484939	512.236	1	1	1	1	1	1	1	0
07.08.2015 01:02:32.898000	0.02	0.0299959	0.0296914	124.859	-671.543	-0.00488281	6	4	4	4	0.284922	368	62.1276	0	0	0	0.309621	134.245	0.485427	512.138	1	1	1	1	1	1	1	0
07.08.2015 01:02:32.998000	0.02	0.0299959	0.0296914	124.857	-671.344	-0.00506366	6	4	4	4	0.283875	368	62.1276	0	0	0	0.310127	134.212	0.488357	512.001	1	1	1	1	1	1	1	0
07.08.2015 01:02:33.098000	0.02	0.0299959	0.0296914	124.844	-670.527	-0.00488281	6	4	4	4	0.287	368	62.1276	0	0	0	0.309852	134.188	0.489456	511.905	1	1	1	1	1	1	1	0
07.08.2015 01:02:33.198000	0.02	0.0299959	0.0296914	124.984	-662.495	-0.00289352	6	4	4	4	0.288996	368	62.1276	0	0	0	0.311097	134.159	0.481826	511.823	1	1	1	1	1	1	1	0
07.08.2015 01:02:33.298000	0.02	0.0299959	0.0296914	124.992	-642.34	-0.00108507	6	4	4	4	0.298681	368	62.1276	0	0	0	0.311183	134.133	0.484353	511.69	1	1	1	1	1	1	1	0
07.08.2015 01:02:33.398000	0.02	0.0299959	0.0296914	125	-609.268	-0.00217014	6	4	4	4	0.286712	368	62.1276	0	0	0	0.312457	134.101	0.483897	511.596	1	1	1	1	1	1	1	0
07.08.2015 01:02:33.498000	0.02	0.0299959	0.0296914	125	-583.703	-0.00108507	6	4	4	4	0.297493	368	62.1276	0	0	0	0.312167	134.075	0.48323	511.501	1	1	1	1	1	1	1	0
07.08.2015 01:02:33.598000	0.02	0.0299959	0.0296914	125	-552.68	-0.00108507	6	4	4	4	0.2894	368	62.1276	0	0	0	0.313223	134.051	0.485291	511.396	1	1	1	1	1	1	1	0
07.08.2015 01:02:33.698000	0.02	0.0299959	0.0296914	125	-509.418	-0.00325521	6	4	4	4	0.283892	368	62.1276	0	0	0	0.314388	134.019	0.484329	511.277	1	1	1	1	1	1	1	0
07.08.2015 01:02:33.798000	0.02	0.0299959	0.0296914	125	-461.216	-0.00542535	6	4	4	4	0.303989	368	62.1276	0	0	0	0.314764	133.987	0.486648	511.181	1	1	1	1	1	1	1	0
07.08.2015 01:02:33.898000	0.02	0.0299959	0.0296914	125	-419.414	-0.00434028	6	4	4	4	0.3064	368	62.1276	0	0	0	0.315155	133.967	0.491592	511.051	1	1	1	1	1	1	1	0
07.08.2015 01:02:33.998000	0.02	0.0299959	0.0296914	124.982	-377.37	-0.00506366	6	4	4	4	0.288694	368	62.1276	0	0	0	0.314764	133.972	0.487259	511.088	1	1	1	1	1	1	1	0
07.08.2015 01:02:34.098000	0.02	0.0299959	0.0296914	124.984	-317.762	-0.00705295	6	4	4	4	0.292109	368	62.1276	0	0	0	0.315155	133.924	0.487442	510.902	1	1	1	1	1	1	1	0
07.08.2015 01:02:34.198000	0.02	0.0299959	0.0296914	124.984	-275.714	-0.00976563	6	4	4	4	0.296997	368	62.1276	0	0	0	0.314475	133.896	0.487442	510.794	1	1	1	1	1	1	1	0
07.08.2015 01:02:34.298000	0.02	0.0299959	0.0296914	124.984	-233.988	-0.0108507	6	4	4	4	0.286911	368	62.1276	0	0	0	0.314475	133.869	0.485916	510.702	1	1	1	1	1	1	1	0
07.08.2015 01:02:34.398000	0.02	0.0299959	0.0296914	124.992	-192.552	-0.0108507	6	4	4	4	0.328794	368	62.1276	0	0	0	0.313997	133.845	0.486648	510.603	1	1	1	1	1	1	1	0
07.08.2015 01:02:34.498000	0.02	0.0299959	0.0296914	124.992	-134.527	-0.0146484	6	4	4	4	0.327822	368	62.1276	0	0	0	0.314764	133.819	0.488479	510.498	1	1	1	1	1	1	1	0
07.08.2015 01:02:34.598000	0.02	0.0299959	0.0296914	124.99	-93.3932	-0.0137442	6	4	4	4	0.313469	368	62.1276	0	0	0	0.314048	133.794	0.492447	510.385	1	1	1	1	1	1	1	0
07.08.2015 01:02:34.698000	0.02	0.0299959	0.0296914	124.996	-51.9961	-0.015191	6	4	4	4	0.294817	368	62.1276	0	0	0	0.315003	133.767	0.494583	510.275	1	1	1	1	1	1	1	0
07.08.2015 01:02:34.798000	0.02	0.0299959	0.0296914	125	-5.27604	-0.0177228	6	4	4	4	0.315427	368	62.1276	0	0	0	0.314627	133.742	0.495926	510.173	1	1	1	1	1	1	1	0
07.08.2015 01:02:34.898000	0.02	0.0299959	0.0296914	125	46.6602	-0.0189887	6	4	4	4	0.308248	368	62.1276	0	0	0	0.314424	133.72	0.491775	510.104	1	1	1	1	1	1	1	0
07.08.2015 01:02:34.998000	0.02	0.0299959	0.0296914	125	87.4063	-0.0191696	6	4	4	4	0.313332	368	62.1276	0	0	0	0.314287	133.696	0.49086	510.018	1	1	1	1	1	1	1	0
07.08.2015 01:02:35.098000	0.02	0.0299959	0.0296914	125	128.395	-0.0217014	6	4	4	4	0.313454	368	62.1276	0	0	0	0.313411	133.679	0.490616	509.951	1	1	1	1	1	1	1	0
07.08.2015 01:02:35.198000	0.02	0.0299959	0.0296914	125	180.156	-0.0217014	6	4	4	4	0.294723	368	62.1276	0	0	0	0.313802	133.653	0.490982	509.851	1	1	1	1	1	1	1	0
07.08.2015 01:02:35.298000	0.02	0.0299959	0.0296914	125	226.309	-0.0195313	6	4	4	4	0.317481	368	62.1276	0	0	0	0.312934	133.628	0.49147	509.752	1	1	1	1	1	1	1	0
07.08.2015 01:02:35.398000	0.02	0.0299959	0.0296914	125	267.057	-0.0180845	6	4	4	4	0.319897	368	62.1276	0	0	0	0.313751	133.605	0.493057	509.659	1	1	1	1	1	1	1	0
07.08.2015 01:02:35.498000	0.02	0.0299959	0.0296914	125	307.961	-0.0168186	6	4	4	4	0.317174	368	62.1276	0	0	0	0.312891	133.584	0.492935	509.579	1	1	1	1	1	1	1	0
07.08.2015 01:02:35.598000	0.02	0.0299959	0.0296914	125	364.82	-0.015191	6	4	4	4	0.310529	368	62.1276	0	0	0	0.312927	133.563	0.496475	509.484	1	1	1	1	1	1	1	0
07.08.2015 01:02:35.698000	0.02	0.0299959	0.0296914	125	405.438	-0.0124783	6	4	4	4	0.29902	368	62.1276	0	0	0	0.312457	133.541	0.494644	509.41	1	1	1	1	1	1	1	0
07.08.2015 01:02:35.798000	0.02	0.0299959	0.0296914	125	446.354	-0.0112124	6	4	4	4	0.27848	368	62.1276	0	0	0	0.311914	133.517	0.492141	509.326	1	1	1	1	1	1	1	0
07.08.2015 01:02:35.898000	0.02	0.0299959	0.0296914	125	494.785	-0.00922309	6	4	4	4	0.307378	368	62.1276	0	0	0	0.311343	133.496	0.49147	509.249	1	1	1	1	1	1	1	0
07.08.2015 01:02:35.998000	0.02	0.0299959	0.0296914	125	543.029	-0.00940394	6	4	4	4	0.297366	368	62.1276	0	0	0	0.309795	133.472	0.489456	509.163	1	1	1	1	1	1	1	0
07.08.2015 01:02:36.098000	0.02	0.0299959	0.0296914	125.004	579.707	-0.00705295	6	4	4	4	0.338141	368	62.1276	0	0	0	0.309606	133.452	0.493484	509.073	1	1	1	1	1	1	1	0
07.08.2015 01:02:36.198000	0.02	0.0299959	0.0296914	125.013	609.211	-0.00687211	6	4	4	4	0.292311	368	62.1276	0	0	0	0.308348	133.423	0.492996	508.962	1	1	1	1	1	1	1	0
07.08.2015 01:02:36.298000	0.02	0.0299959	0.0296914	125.008	642.465	-0.00651042	6	4	4	4	0.27538	368	62.1276	0	0	0	0.308058	133.385	0.493912	508.813	1	1	1	1	1	1	1	0
07.08.2015 01:02:36.398000	0.02	0.0299959	0.0296914	125.01	659.542	-0.00651042	6	4	4	4	0.335595	368	62.1276	0	0	0	0.306764	133.402	0.49678	508.868	1	1	1	1	1	1	1	0
07.08.2015 01:02:36.498000	0.02	0.0299959	0.0296914	125.012	669.914	-0.00651042	6	4	4	4	0.291827	368	62.1276	0	0	0	0.307046	133.376	0.500137	508.756	1	1	1	1	1	1	1	0
07.08.2015 01:02:36.598000	0.02	0.0299959	0.0296914	125.01	673.229	-0.00651042	6	4	4	4	0.29535	368	62.1276	0	0	0	0.306959	133.359	0.49208	508.722	1	1	1	1	1	1	1	0
07.08.2015 01:02:36.698000	0.02	0.0299959	0.0296914	125.016	674.867	-0.00651042	6	4	4	4	0.302612	368	62.1276	0	0	0	0.306756	133.341	0.492508	508.649	1	1	1	1	1	1	1	0
07.08.2015 01:02:36.798000	0.02	0.0299959	0.0296914	125.013	674.919	-0.00651042	6	4	4	4	0.286104	368	62.1276	0	0	0	0.30667	133.316	0.493667	508.549	1	1	1	1	1	1	1	0
07.08.2015 01:02:36.898000	0.02	0.0299959	0.0296914	125.012	674.926	-0.00705295	6	4	4	4	0.285042	368	62.1276	0	0	0	0.307046	133.289	0.490677	508.46	1	1	1	1	1	1	1	0
07.08.2015 01:02:36.998000	0.02	0.0299959	0.0296914	125.013	674.911	-0.00868056	6	4	4	4	0.316296	368	62.1276	0	0	0	0.306908	133.296	0.496536	508.462	1	1	1	1	1	1	1	0
07.08.2015 01:02:37.098000	0.02	0.0299959	0.0296914	124.922	674.934	-0.0108507	6	4	4	4	0.278214	368	62.1276	0	0	0	0.305744	133.26	0.496353	508.327	1	1	1	1	1	1	1	0
07.08.2015 01:02:37.198000	0.02	0.0299959	0.0296914	124.914	674.956	-0.0108507	6	4	4	4	0.312343	368	62.1276	0	0	0	0.306474	133.256	0.493362	508.323	1	1	1	1	1	1	1	0
07.08.2015 01:02:37.298000	0.02	0.0299959	0.0296914	124.914	674.984	-0.0103082	6	4	4	4	0.339816	368	62.1276	0	0	0	0.3057	133.212	0.501907	508.122	1	1	1	1	1	1	1	0
07.08.2015 01:02:37.398000	0.02	0.0299959	0.0296914	124.911	674.956	-0.0119358	6	4	4	4	0.287612	368	62.1276	0	0	0	0.306858	133.196	0.503494	508.053	1	1	1	1	1	1	1	0
07.08.2015 01:02:37.498000	0.02	0.0299959	0.0296914	124.914	674.969	-0.0119358	6	4	4	4	0.291096	368	62.1276	0	0	0	0.30638	133.176	0.497085	508.002	1	1	1	1	1	1	1	0
07.08.2015 01:02:37.598000	0.02	0.0299959	0.0296914	124.914	674.93	-0.010489	6	4	4	4	0.297967	368	62.1276	0	0	0	0.307964	133.154	0.496475	507.92	1	1	1	1	1	1	1	0
07.08.2015 01:02:37.698000	0.02	0.0299959	0.0296914	124.914	674.949	-0.00976563	6	4	4	4	0.305482	368	62.1276	0	0	0	0.307393	133.132	0.498428	507.827	1	1	1	1	1	1	1	0
07.08.2015 01:02:37.798000	0.02	0.0299959	0.0296914	124.914	674.938	-0.00868056	6	4	4	4	0.320039	368	62.1276	0	0	0	0.30748	133.113	0.497635	507.758	1	1	1	1	1	1	1	0
07.08.2015 01:02:37.898000	0.02	0.0299959	0.0296914	124.914	674.945	-0.00813802	6	4	4	4	0.305945	368	62.1276	0	0	0	0.307198	133.093	0.497147	507.683	1	1	1	1	1	1	1	0
07.08.2015 01:02:37.998000	0.02	0.0299959	0.0296914	124.914	674.951	-0.0072338	6	4	4	4	0.287987	368	62.1276	0	0	0	0.306807	133.077	0.500076	507.609	1	1	1	1	1	1	1	0
07.08.2015 01:02:38.098000	0.02	0.0299959	0.0296914	124.922	675.004	-0.00651042	6	4	4	4	0.314797	368	62.1276	0	0	0	0.306713	133.055	0.499771	507.527	1	1	1	1	1	1	1	0
07.08.2015 01:02:38.198000	0.02	0.0299959	0.0296914	124.919	674.977	-0.00651042	6	4	4	4	0.3105	368	62.1276	0	0	0	0.305794	133.033	0.506424	507.417	1	1	1	1	1	1	1	0
07.08.2015 01:02:38.298000	0.02	0.0299959	0.0296914	124.926	674.938	-0.00705295	6	4	4	4	0.317361	368	62.1276	0	0	0	0.306474	133.018	0.500443	507.384	1	1	1	1	1	1	1	0
07.08.2015 01:02:38.398000	0.02	0.0299959	0.0296914	124.93	675.044	-0.00651042	6	4	4	4	0.325617	368	62.1276	0	0	0	0.305845	133.001	0.495499	507.339	1	1	1	1	1	1	1	0
07.08.2015 01:02:38.498000	0.02	0.0299959	0.0296914	124.93	675.074	-0.00651042	6	4	4	4	0.305752	368	62.1276	0	0	0	0.306518	132.98	0.496414	507.252	1	1	1	1	1	1	1	0
07.08.2015 01:02:38.598000	0.02	0.0299959	0.0296914	124.938	675.034	-0.00687211	6	4	4	4	0.307236	368	62.1276	0	0	0	0.306431	132.959	0.499588	507.161	1	1	1	1	1	1	1	0
07.08.2015 01:02:38.698000	0.02	0.0299959	0.0296914	124.934	675.047	-0.00705295	6	4	4	4	0.326122	368	62.1276	0	0	0	0.307769	132.939	0.500748	507.08	1	1	1	1	1	1	1	0
07.08.2015 01:02:38.798000	0.02	0.0299959	0.0296914	124.938	675.013	-0.0072338	6	4	4	4	0.312793	368	62.1276	0	0	0	0.307053	132.918	0.500565	507.001	1	1	1	1	1	1	1	0
07.08.2015 01:02:38.898000	0.02	0.0299959	0.0296914	124.934	675	-0.00705295	6	4	4	4	0.323915	368	62.1276	0	0	0	0.306756	132.898	0.501175	506.92	1	1	1	1	1	1	1	0
07.08.2015 01:02:38.998000	0.02	0.0299959	0.0296914	124.938	674.99	-0.00506366	6	4	4	4	0.301619	368	62.1276	0	0	0	0.306908	132.883	0.502152	506.859	1	1	1	1	1	1	1	0
07.08.2015 01:02:39.098000	0.02	0.0299959	0.0296914	124.938	674.984	-0.00488281	6	4	4	4	0.311293	368	62.1276	0	0	0	0.306424	132.865	0.504776	506.781	1	1	1	1	1	1	1	0
07.08.2015 01:02:39.198000	0.02	0.0299959	0.0296914	124.938	674.984	-0.00470197	6	4	4	4	0.317485	368	62.1276	0	0	0	0.307002	132.844	0.502152	506.711	1	1	1	1	1	1	1	0
07.08.2015 01:02:39.298000	0.02	0.0299959	0.0296914	124.938	674.977	-0.00488281	6	4	4	4	0.314831	368	62.1276	0	0	0	0.306228	132.824	0.503006	506.629	1	1	1	1	1	1	1	0
07.08.2015 01:02:39.398000	0.02	0.0299959	0.0296914	124.938	674.961	-0.00506366	6	4	4	4	0.304417	368	62.1276	0	0	0	0.306908	132.809	0.502884	506.573	1	1	1	1	1	1	1	0
07.08.2015 01:02:39.498000	0.02	0.0299959	0.0296914	124.938	674.969	-0.00542535	6	4	4	4	0.293422	368	62.1276	0	0	0	0.306908	132.793	0.502518	506.514	1	1	1	1	1	1	1	0
07.08.2015 01:02:39.598000	0.02	0.0299959	0.0296914	124.94	674.961	-0.00614873	6	4	4	4	0.297934	368	62.1276	0	0	0	0.307386	132.773	0.50264	506.438	1	1	1	1	1	1	1	0
07.08.2015 01:02:39.698000	0.02	0.0299959	0.0296914	124.938	674.961	-0.00434028	6	4	4	4	0.307951	368	62.1276	0	0	0	0.307198	132.756	0.500931	506.377	1	1	1	1	1	1	1	0
07.08.2015 01:02:39.798000	0.02	0.0299959	0.0296914	124.938	674.974	-0.00470197	6	4	4	4	0.284203	368	62.1276	0	0	0	0.307675	132.732	0.50325	506.278	1	1	1	1	1	1	1	0
07.08.2015 01:02:39.898000	0.02	0.0299959	0.0296914	124.938	674.961	-0.00434028	6	4	4	4	0.316895	368	62.1276	0	0	0	0.307198	132.716	0.503128	506.215	1	1	1	1	1	1	1	0
07.08.2015 01:02:39.998000	0.02	0.0299959	0.0296914	124.938	674.958	-0.00542535	6	4	4	4	0.288763	368	62.1276	0	0	0	0.306467	132.702	0.505264	506.153	1	1	1	1	1	1	1	0
07.08.2015 01:02:40.098000	0.02	0.0299959	0.0296914	124.938	674.957	-0.00488281	6	4	4	4	0.302668	368	62.1276	0	0	0	0.306959	132.687	0.502701	506.109	1	1	1	1	1	1	1	0
07.08.2015 01:02:40.198000	0.02	0.0299959	0.0296914	124.938	674.951	-0.00434028	6	4	4	4	0.306088	368	62.1276	0	0	0	0.306279	132.668	0.50032	506.044	1	1	1	1	1	1	1	0
07.08.2015 01:02:40.298000	0.02	0.0299959	0.0296914	124.938	674.945	-0.00488281	6	4	4	4	0.30575	368	62.1276	0	0	0	0.307241	132.654	0.505631	505.97	1	1	1	1	1	1	1	0
07.08.2015 01:02:40.398000	0.02	0.0299959	0.0296914	124.938	674.945	-0.00397859	6	4	4	4	0.318255	368	62.1276	0	0	0	0.306474	132.637	0.504105	505.909	1	1	1	1	1	1	1	0
07.08.2015 01:02:40.498000	0.02	0.0299959	0.0296914	124.938	674.945	-0.00271267	6	4	4	4	0.333275	368	62.1276	0	0	0	0.307241	132.615	0.502823	505.832	1	1	1	1	1	1	1	0
07.08.2015 01:02:40.598000	0.02	0.0299959	0.0296914	124.938	674.945	-0.0036169	6	4	4	4	0.28416	368	62.1276	0	0	0	0.306764	132.593	0.504715	505.74	1	1	1	1	1	1	1	0
07.08.2015 01:02:40.698000	0.02	0.0299959	0.0296914	124.938	674.938	-0.00379774	6	4	4	4	0.321361	368	62.1276	0	0	0	0.307241	132.583	0.507828	505.691	1	1	1	1	1	1	1	0
07.08.2015 01:02:40.798000	0.02	0.0299959	0.0296914	124.94	674.927	-0.00217014	6	4	4	4	0.311674	368	62.1276	0	0	0	0.307104	132.562	0.511551	505.593	1	1	1	1	1	1	1	0
07.08.2015 01:02:40.898000	0.02	0.0299959	0.0296914	124.938	674.922	-0.0016276	6	4	4	4	0.293325	368	62.1276	0	0	0	0.307284	132.547	0.507034	505.553	1	1	1	1	1	1	1	0
07.08.2015 01:02:40.998000	0.02	0.0299959	0.0296914	124.94	674.922	-0.00180845	6	4	4	4	0.307918	368	62.1276	0	0	0	0.306568	132.53	0.503922	505.501	1	1	1	1	1	1	1	0
07.08.2015 01:02:41.098000	0.02	0.0299959	0.0296914	124.938	674.922	-0.00325521	6	4	4	4	0.286545	368	62.1276	0	0	0	0.304825	132.514	0.504288	505.438	1	1	1	1	1	1	1	0
07.08.2015 01:02:41.198000	0.02	0.0299959	0.0296914	124.938	674.922	-0.00217014	6	4	4	4	0.284275	368	62.1276	0	0	0	0.304738	132.494	0.503494	505.364	1	1	1	1	1	1	1	0
07.08.2015 01:02:41.298000	0.02	0.0299959	0.0296914	124.941	674.922	-0.00108507	6	4	4	4	0.309072	368	62.1276	0	0	0	0.303769	132.477	0.504654	505.296	1	1	1	1	1	1	1	0
07.08.2015 01:02:41.398000	0.02	0.0299959	0.0296914	124.938	674.919	-0.00108507	6	4	4	4	0.307643	368	62.1276	0	0	0	0.303769	132.459	0.503128	505.234	1	1	1	1	1	1	1	0
07.08.2015 01:02:41.498000	0.02	0.0299959	0.0296914	124.938	674.914	-0.00217014	6	4	4	4	0.296501	368	62.1276	0	0	0	0.303096	132.443	0.508499	505.153	1	1	1	1	1	1	1	0
07.08.2015 01:02:41.598000	0.02	0.0299959	0.0296914	124.938	674.911	-0.00108507	6	4	4	4	0.311078	368	62.1276	0	0	0	0.303913	132.424	0.509537	505.073	1	1	1	1	1	1	1	0
07.08.2015 01:02:41.698000	0.02	0.0299959	0.0296914	124.941	674.91	-0.00325521	6	4	4	4	0.304485	368	62.1276	0	0	0	0.302763	132.41	0.517777	504.989	1	1	1	1	1	1	1	0
07.08.2015 01:02:41.798000	0.02	0.0299959	0.0296914	124.94	674.927	-0.00036169	6	4	4	4	0.305773	368	62.1276	0	0	0	0.303089	132.391	0.508805	504.952	1	1	1	1	1	1	1	0
07.08.2015 01:02:41.898000	0.02	0.0299959	0.0296914	124.938	674.926	0.00108507	6	4	4	4	0.287426	368	62.1276	0	0	0	0.302619	132.373	0.509598	504.878	1	1	1	1	1	1	1	0
07.08.2015 01:02:41.998000	0.02	0.0299959	0.0296914	124.938	674.932	0.00108507	6	4	4	4	0.295446	368	62.1276	0	0	0	0.302365	132.361	0.509781	504.831	1	1	1	1	1	1	1	0
07.08.2015 01:02:42.098000	0.02	0.0299959	0.0296914	124.938	674.945	0.000542535	6	4	4	4	0.319375	368	62.1276	0	0	0	0.3017	132.341	0.510086	504.753	1	1	1	1	1	1	1	0
07.08.2015 01:02:42.198000	0.02	0.0299959	0.0296914	124.938	674.948	0.00108507	6	4	4	4	0.338627	368	62.1276	0	0	0	0.300731	132.326	0.510453	504.697	1	1	1	1	1	1	1	0
07.08.2015 01:02:42.298000	0.02	0.0299959	0.0296914	124.941	674.945	0.00108507	6	4	4	4	0.307906	368	62.1276	0	0	0	0.301411	132.309	0.513443	504.621	1	1	1	1	1	1	1	0
07.08.2015 01:02:42.398000	0.02	0.0299959	0.0296914	124.938	674.953	0.00144676	6	4	4	4	0.306915	368	62.1276	0	0	0	0.300781	132.291	0.520951	504.522	1	1	1	1	1	1	1	0
07.08.2015 01:02:42.498000	0.02	0.0299959	0.0296914	124.938	674.949	0.00108507	6	4	4	4	0.326402	368	62.1276	0	0	0	0.301454	132.274	0.5309	504.418	1	1	1	1	1	1	1	0
07.08.2015 01:02:42.598000	0.02	0.0299959	0.0296914	124.943	674.948	0.00072338	6	4	4	4	0.298402	368	62.1276	0	0	0	0.300687	132.262	0.535417	504.355	1	1	1	1	1	1	1	0
07.08.2015 01:02:42.698000	0.02	0.0299959	0.0296914	124.941	674.953	0.00108507	6	4	4	4	0.32078	368	62.1276	0	0	0	0.301454	132.246	0.538652	504.281	1	1	1	1	1	1	1	0
07.08.2015 01:02:42.798000	0.02	0.0299959	0.0296914	124.943	674.948	0.00108507	6	4	4	4	0.326537	368	62.1276	0	0	0	0.300977	132.229	0.543779	504.196	1	1	1	1	1	1	1	0
07.08.2015 01:02:42.898000	0.02	0.0299959	0.0296914	124.941	674.961	0.000542535	6	4	4	4	0.292765	368	62.1276	0	0	0	0.300969	132.212	0.54799	504.114	1	1	1	1	1	1	1	0
07.08.2015 01:02:42.998000	0.02	0.0299959	0.0296914	124.938	674.971	0.00108507	6	4	4	4	0.31397	368	62.1276	0	0	0	0.300593	132.196	0.549638	504.049	1	1	1	1	1	1	1	0
07.08.2015 01:02:43.098000	0.02	0.0299959	0.0296914	124.945	674.961	0.000542535	6	4	4	4	0.318408	368	62.1276	0	0	0	0.300969	132.179	0.554033	503.966	1	1	1	1	1	1	1	0
07.08.2015 01:02:43.198000	0.02	0.0299959	0.0296914	124.945	674.971	0.00108507	6	4	4	4	0.278138	368	62.1276	0	0	0	0.300832	132.16	0.556169	503.885	1	1	1	1	1	1	1	0
07.08.2015 01:02:43.298000	0.02	0.0299959	0.0296914	124.941	674.984	0.00108507	6	4	4	4	0.289616	368	62.1276	0	0	0	0.300441	132.145	0.559648	503.815	1	1	1	1	1	1	1	0
07.08.2015 01:02:43.398000	0.02	0.0299959	0.0296914	124.943	675	0.00072338	6	4	4	4	0.299244	368	62.1276	0	0	0	0.301411	132.133	0.563982	503.751	1	1	1	1	1	1	1	0
07.08.2015 01:02:43.498000	0.02	0.0299959	0.0296914	124.938	674.996	0.000542535	6	4	4	4	0.320786	368	62.1276	0	0	0	0.300637	132.117	0.559343	503.706	1	1	1	1	1	1	1	0
07.08.2015 01:02:43.598000	0.02	0.0299959	0.0296914	124.875	674.979	0.00036169	6	4	4	4	0.314541	368	62.1276	0	0	0	0.300094	132.102	0.558794	503.651	1	1	1	1	1	1	1	0
07.08.2015 01:02:43.698000	0.02	0.0299959	0.0296914	124.766	675.023	0	6	4	4	4	0.307102	368	62.1276	0	0	0	0.296434	132.091	0.56093	503.602	1	1	1	1	1	1	1	0
07.08.2015 01:02:43.798000	0.02	0.0299959	0.0296914	124.766	675.005	0.00036169	6	4	4	4	0.337108	368	62.1276	0	0	0	0.294307	132.069	0.558123	503.528	1	1	1	1	1	1	1	0
07.08.2015 01:02:43.898000	0.02	0.0299959	0.0296914	124.766	675.02	0.0016276	6	4	4	4	0.314643	368	62.1276	0	0	0	0.289388	132.055	0.560747	503.467	1	1	1	1	1	1	1	0
07.08.2015 01:02:43.998000	0.02	0.0299959	0.0296914	124.766	675.005	0.00180845	6	4	4	4	0.293221	368	62.1276	0	0	0	0.284115	132.043	0.562212	503.414	1	1	1	1	1	1	1	0
07.08.2015 01:02:44.098000	0.02	0.0299959	0.0296914	124.77	675.008	0.00217014	6	4	4	4	0.326685	368	62.1276	0	0	0	0.278328	132.028	0.563682	503.352	1	1	1	1	1	1	1	0
07.08.2015 01:02:44.198000	0.02	0.0299959	0.0296914	124.766	675.052	0.00253183	6	4	4	4	0.335288	368	62.1276	0	0	0	0.272975	132.015	0.570147	503.286	1	1	1	1	1	1	1	0
07.08.2015 01:02:44.298000	0.02	0.0299959	0.0296914	124.766	675.063	0.00271267	6	4	4	4	0.314858	368	62.1276	0	0	0	0.267998	132.006	0.561419	503.275	1	1	1	1	1	1	1	0
07.08.2015 01:02:44.398000	0.02	0.0299959	0.0296914	124.771	675.039	0.00289352	6	4	4	4	0.325023	368	62.1276	0	0	0	0.262674	131.984	0.562151	503.187	1	1	1	1	1	1	1	0
07.08.2015 01:02:44.498000	0.02	0.0299959	0.0296914	124.773	675.055	0.00217014	6	4	4	4	0.315565	368	62.1276	0	0	0	0.261661	131.972	0.564592	503.131	1	1	1	1	1	1	1	0
07.08.2015 01:02:44.598000	0.02	0.0299959	0.0296914	124.776	675.047	0.00325521	6	4	4	4	0.321435	368	62.1276	0	0	0	0.260098	131.955	0.563616	503.073	1	1	1	1	1	1	1	0
07.08.2015 01:02:44.698000	0.02	0.0299959	0.0296914	124.766	675.066	0.00217014	6	4	4	4	0.350122	368	62.1276	0	0	0	0.26169	131.935	0.561541	503.003	1	1	1	1	1	1	1	0
07.08.2015 01:02:44.798000	0.02	0.0299959	0.0296914	124.776	675.049	0.00289352	6	4	4	4	0.291402	368	62.1276	0	0	0	0.261806	131.923	0.564348	502.947	1	1	1	1	1	1	1	0
07.08.2015 01:02:44.898000	0.02	0.0299959	0.0296914	124.77	675.055	0.00217014	6	4	4	4	0.296549	368	62.1276	0	0	0	0.262616	131.906	0.566729	502.871	1	1	1	1	1	1	1	0
07.08.2015 01:02:44.998000	0.02	0.0299959	0.0296914	124.773	675.047	0.00289352	6	4	4	4	0.301321	368	62.1276	0	0	0	0.2625	131.894	0.571062	502.811	1	1	1	1	1	1	1	0
07.08.2015 01:02:45.098000	0.02	0.0299959	0.0296914	124.773	675.047	0.00217014	6	4	4	4	0.286422	368	62.1276	0	0	0	0.261603	131.879	0.567034	502.766	1	1	1	1	1	1	1	0
07.08.2015 01:02:45.198000	0.02	0.0299959	0.0296914	124.773	675.047	0.00144676	6	4	4	4	0.32106	368	62.1276	0	0	0	0.262703	131.864	0.565081	502.717	1	1	1	1	1	1	1	0
07.08.2015 01:02:45.298000	0.02	0.0299959	0.0296914	124.773	675.047	0.000542535	6	4	4	4	0.284309	368	62.1276	0	0	0	0.261603	131.849	0.564165	502.662	1	1	1	1	1	1	1	0
07.08.2015 01:02:45.398000	0.02	0.0299959	0.0296914	124.773	675.047	0.00072338	6	4	4	4	0.309033	368	62.1276	0	0	0	0.262934	131.835	0.562883	502.615	1	1	1	1	1	1	1	0
07.08.2015 01:02:45.498000	0.02	0.0299959	0.0296914	124.773	675.047	-0.000542535	6	4	4	4	0.324372	368	62.1276	0	0	0	0.262269	131.818	0.564531	502.544	1	1	1	1	1	1	1	0
07.08.2015 01:02:45.598000	0.02	0.0299959	0.0296914	124.773	675.047	-0.00180845	6	4	4	4	0.342886	368	62.1276	0	0	0	0.264468	131.803	0.567705	502.473	1	1	1	1	1	1	1	0
07.08.2015 01:02:45.698000	0.02	0.0299959	0.0296914	124.773	675.047	-0.00217014	6	4	4	4	0.296123	368	62.1276	0	0	0	0.264207	131.784	0.571245	502.386	1	1	1	1	1	1	1	0
07.08.2015 01:02:45.798000	0.02	0.0299959	0.0296914	124.773	675.047	-0.00434028	6	4	4	4	0.340187	368	62.1276	0	0	0	0.26548	131.771	0.568003	502.349	1	1	1	1	1	1	1	0
