Time	[76:0]	[76:1]	[76:2]	[76:4]	[76:8]	[76:70]	[76:71]	[78:0]	[78:1]	[78:2]	[79:2]	[79:3]	[79:4]	[79:8]	[79:9]	[79:10]	[79:11]	[79:12]	[79:13]	[79:14]	[79.0]	[79.1]	[79.2]	[79.3]	[79.4]	[79.5]	[79.6]	[79.8]
time	Hoogteverstelling - Referentie positie (mm)	Hoogteverstelling - AZ gemeten positie (mm)	Hoogteverstelling - BZ gemeten positie (mm)	Transfert Ingang - Gemeten positie (mm)	Transfert Uitgang - Gemeten positie (mm)	Aardgas - actueel debiet	Stappenschakelaar - gemeten pos	Laspos Ing - positie discreet	Laspos Uitg - positie discreet	Schaafverstelling - positie discreet	Stuikraam - Totale Stroommeting RMS-waarde (A)	Stuikraam - Stroomreferentie (A)	Stuikraam - Positie AZ (mm, pulsgever)	Stuikraam - Referentie Servo-ventiel (%)	Stuikraam - Trim door I-regelaar (%)	Stuikraam - Gemeten snelheid (mm/s, pulsgever)	Secundaire lasspanning	Stuikraam - Druk stuikcilinder voorkamer (=laszijde)  (bar)	Stuikraam - Druk stuikcilinder terugloopkamer  (bar)	Stuikraam - Netto voorwaartse kracht op stuikraam (kN)	Stuikraam - P1	Stuikraam - P2	Stuikraam - P3	Stuikraam - P4	Stuikraam - P5	Stuikraam - P6	Stuikraam - P7	Stuikraam - Openen stuikventielen	

Lasparameter.Ingang - Coil ID	0321824S
Lasparameter.Ingang - Dikte (um)	3870
Lasparameter.Ingang - Breedte (mm)	1313
Lasparameter.Ingang - Materiaal	0001
Lasparameter.Uitgang - Coil ID	0331242S
Lasparameter.Uitgang - Dikte (um)	4000
Lasparameter.Uitgang - Breedte (mm)	1358
Lasparameter.Uitgang - Materiaal	0001
Lasparameter.P2 (mm)	24.0
Lasparameter.P3 (mm)	34.0
Lasparameter.P4 (mm)	42.2
Lasparameter.P5 (mm)	51.2
Lasparameter.P6 (mm)	58.1
Lasparameter.P7 (mm)	62.2
Lasparameter.Vonksnelheid (mm/s)	1.20
Lasparameter.Lassnelheid (mm/s)	0.48
Lasparameter.Stroom Referentie (A)	0361
Lasparameter.Stroomtoename (µA/s2)	46.5
Lasparameter.Stuikstroomtijd (per)	0008
Lasparameter.Afkoeltijd Stuik (per)	0010
Lasparameter.Stuikdruk (bar)	0105
Lasparameter.Stuiksnelheid (%)	90.0

19.08.2015 08:44:05.062000	0.0650001	0.0685913	0.0635598	-0.0625	-668.328	-0.00108507	5	4	4	4	0.35616	361	0	0	0	0	0.224248	2.47755	126.591	-475.205	1	0	0	0	0	0	0	0
19.08.2015 08:44:05.162000	0.0650001	0.0685913	0.0635598	-0.0625	-668.316	-0.000542535	5	4	4	4	0.377849	361	0	0	0	0	0.225984	3.17197	126.456	-472.031	1	0	0	0	0	0	0	0
19.08.2015 08:44:05.262000	0.0650001	0.0685913	0.0635598	-0.0598958	-668.318	-0.00072338	5	4	4	4	0.357222	361	0	0	0	0	0.224248	4.48347	126.461	-467.029	1	0	0	0	0	0	0	0
19.08.2015 08:44:05.362000	0.0650001	0.0685913	0.0635598	-0.0546875	-668.313	-0.0016276	5	4	4	4	0.368505	361	0	0	0	0	0.224595	4.47957	126.442	-466.968	1	0	0	0	0	0	0	0
19.08.2015 08:44:05.462000	0.0650001	0.0685913	0.0635598	-0.0520833	-668.318	0.00036169	5	4	4	4	0.357878	361	0	0	0	0	0.226273	3.97467	126.404	-468.757	1	0	0	0	0	0	0	0
19.08.2015 08:44:05.562000	0.0650001	0.0685913	0.0635598	0.00390625	-668.316	0.000542535	5	4	4	4	0.346236	361	0	0	0	0	0.225376	4.65212	126.398	-466.142	1	0	0	0	0	0	0	0
19.08.2015 08:44:05.662000	0.0650001	0.0685913	0.0635598	0.0078125	-668.313	0.00072338	5	4	4	4	0.37453	361	0	0	0	0	0.224566	5.7304	126.421	-462.099	1	0	0	0	0	0	0	0
19.08.2015 08:44:05.762000	0.0650001	0.0685913	0.0635598	0.0117188	-668.309	0.000542535	5	4	4	4	0.373968	361	0	0	0	0	0.221557	5.03378	126.399	-464.682	1	0	0	0	0	0	0	0
19.08.2015 08:44:05.862000	0.0650001	0.0685913	0.0635598	0.015625	-668.307	0.00036169	5	4	4	4	0.379611	361	0	0	0	0	0.222193	2.68966	126.286	-473.225	1	0	0	0	0	0	0	0
19.08.2015 08:44:05.962000	0.0650001	0.0685913	0.0635598	0.015625	-668.309	0.00325521	5	4	4	4	0.369177	361	0	0	0	0	0.218692	4.51576	126.31	-466.327	1	0	0	0	0	0	0	0
19.08.2015 08:44:06.062000	0.0650001	0.0685913	0.0635598	0.0130208	-668.313	0.00325521	5	4	4	4	0.369381	361	0	0	0	0	0.219213	4.42232	126.292	-466.615	1	0	0	0	0	0	0	0
19.08.2015 08:44:06.162000	0.0650001	0.0685913	0.0635598	0.015625	-668.305	0.00271267	5	4	4	4	0.373945	361	0	0	0	0	0.217101	4.57173	126.286	-466.021	1	0	0	0	0	0	0	0
19.08.2015 08:44:06.262000	0.0650001	0.0685913	0.0635598	0.0130208	-668.307	0.00325521	5	4	4	4	0.346577	361	0	0	0	0	0.218027	6.24976	126.339	-459.796	1	0	0	0	0	0	0	0
19.08.2015 08:44:06.362000	0.0650001	0.0685913	0.0635598	0.0117188	-668.305	0.00271267	5	4	4	4	0.371439	361	0	0	0	0	0.215336	2.62282	126.204	-473.169	1	0	0	0	0	0	0	0
19.08.2015 08:44:06.462000	0.0650001	0.0685913	0.0635598	0.0130208	-668.31	0.00036169	5	4	4	4	0.369899	361	0	0	0	0	0.214525	5.27909	126.25	-463.174	1	0	0	0	0	0	0	0
19.08.2015 08:44:06.562000	0.0650001	0.0685913	0.0635598	0.0234375	-668.305	0	5	4	4	4	0.369696	361	0	0	0	0	0.214525	7.00296	126.321	-456.846	1	0	0	0	0	0	0	0
19.08.2015 08:44:06.662000	0.0650001	0.0685913	0.0635598	0.0234375	-668.302	0	5	4	4	4	0.364366	361	0	0	0	0	0.212905	4.14081	126.215	-467.396	1	0	0	0	0	0	0	0
19.08.2015 08:44:06.762000	0.0650001	0.0685913	0.0635598	0.0234375	-668.305	0	5	4	4	4	0.378789	361	0	0	0	0	0.212558	5.4904	126.249	-462.359	1	0	0	0	0	0	0	0
19.08.2015 08:44:06.862000	0.0650001	0.0685913	0.0635598	0.00520833	-668.305	0.00108507	5	4	4	4	0.360388	361	0	0	0	0	0.210359	5.54601	126.222	-462.044	1	0	0	0	0	0	0	0
19.08.2015 08:44:06.962000	0.0650001	0.0685913	0.0635598	0.0117188	-668.301	0.00108507	5	4	4	4	0.397632	361	0	0	0	0	0.212963	4.92764	126.169	-464.211	1	0	0	0	0	0	0	0
19.08.2015 08:44:07.062000	0.0650001	0.0685913	0.0635598	0.015625	-668.302	-0.00036169	5	4	4	4	0.375905	361	0	0	0	0	0.209722	5.66625	126.159	-461.341	1	0	0	0	0	0	0	0
19.08.2015 08:44:07.162000	0.0650001	0.0685913	0.0635598	0.0234375	-668.297	-0.00108507	5	4	4	4	0.366109	361	0	0	0	0	0.212587	5.49107	126.127	-461.892	1	0	0	0	0	0	0	0
19.08.2015 08:44:07.262000	0.0650001	0.0685913	0.0635598	0.015625	-668.289	-0.00108507	5	4	4	4	0.342506	361	0	0	0	0	0.21739	4.96078	126.079	-463.739	1	0	0	0	0	0	0	0
19.08.2015 08:44:07.362000	0.0650001	0.0685913	0.0635598	0.00390625	-668.301	0.000542535	5	4	4	4	0.364426	361	0	0	0	0	0.222714	3.02946	125.972	-470.725	1	0	0	0	0	0	0	0
19.08.2015 08:44:07.462000	0.0650001	0.0685913	0.0635598	0.0208333	-668.294	-0.00180845	5	4	4	4	0.371414	361	0	0	0	0	0.222135	3.56182	125.955	-468.619	1	0	0	0	0	0	0	0
19.08.2015 08:44:07.562000	0.0650001	0.0685913	0.0635598	0.210938	-668.305	-0.00108507	5	4	4	4	0.354805	361	0	0	0	0	0.222569	4.58693	125.967	-464.739	1	0	0	0	0	0	0	0
19.08.2015 08:44:07.662000	0.0650001	0.0685913	0.0635598	1.82552	-668.305	-0.00144676	5	4	4	4	0.359352	361	0	0	0	0	0.222627	4.89352	125.956	-463.522	1	0	0	0	0	0	0	0
19.08.2015 08:44:07.762000	0.0650001	0.0685913	0.0635598	10.8711	-668.305	-0.000542535	5	4	4	4	0.352542	361	0	0	0	0	0.222946	4.39082	125.918	-465.301	1	0	0	0	0	0	0	0
19.08.2015 08:44:07.862000	0.0650001	0.0685913	0.0635598	27.7057	-668.305	0.00036169	5	4	4	4	0.370195	361	0	0	0	0	0.22174	4.71916	125.912	-464.041	1	0	0	0	0	0	0	0
19.08.2015 08:44:07.962000	0.0650001	0.0685913	0.0635598	47.1602	-668.301	0.000542535	5	4	4	4	0.369165	361	0	0	0	0	0.22071	5.04076	125.894	-462.708	1	0	0	0	0	0	0	0
19.08.2015 08:44:08.062000	0.0650001	0.0685913	0.0635598	82.9245	-668.302	0.00036169	5	4	4	4	0.369156	361	0	0	0	0	0.222765	4.54427	125.859	-464.46	1	0	0	0	0	0	0	0
19.08.2015 08:44:08.162000	0.0650001	0.0685913	0.0635598	113.23	-668.305	0.000542535	5	4	4	4	0.379338	361	0	0	0	0	0.220197	3.93762	125.821	-466.668	1	0	0	0	0	0	0	0
19.08.2015 08:44:08.262000	0.0650001	0.0685913	0.0635598	147.979	-668.305	0.00108507	5	4	4	4	0.370494	361	0	0	0	0	0.22168	5.10971	125.822	-462.184	1	0	0	0	0	0	0	0
19.08.2015 08:44:08.362000	0.0650001	0.0685913	0.0635598	195.598	-668.305	0.000542535	5	4	4	4	0.37417	361	0	0	0	0	0.220884	4.71773	125.794	-463.577	1	0	0	0	0	0	0	0
19.08.2015 08:44:08.462000	0.0650001	0.0685913	0.0635598	246.409	-668.305	0.00072338	5	4	4	4	0.355581	361	0	0	0	0	0.22262	4.33033	125.761	-464.934	1	0	0	0	0	0	0	0
19.08.2015 08:44:08.562000	0.0650001	0.0685913	0.0635598	289.18	-668.305	0.000542535	5	4	4	4	0.380345	361	0	0	0	0	0.220812	4.74191	125.747	-463.305	1	0	0	0	0	0	0	0
19.08.2015 08:44:08.662000	0.0650001	0.0685913	0.0635598	331.253	-668.305	0	5	4	4	4	0.385568	361	0	0	0	0	0.22895	4.62569	125.721	-463.648	1	0	0	0	0	0	0	0
19.08.2015 08:44:08.762000	0.0650001	0.0685913	0.0635598	382.316	-668.305	0.00108507	5	4	4	4	0.345487	361	0	0	0	0	0.23593	4.49672	125.697	-464.053	1	0	0	0	0	0	0	0
19.08.2015 08:44:08.862000	0.0650001	0.0685913	0.0635598	433.081	-668.305	0.00036169	5	4	4	4	0.386382	361	0	0	0	0	0.24226	4.51668	125.677	-463.9	1	0	0	0	0	0	0	0
19.08.2015 08:44:08.962000	0.0650001	0.0685913	0.0635598	470.984	-668.305	0.00108507	5	4	4	4	0.363133	361	0	0	0	0	0.247251	4.36634	125.651	-464.373	1	0	0	0	0	0	0	0
19.08.2015 08:44:09.062000	0.0650001	0.0685913	0.0635598	495.974	-668.305	0.00108507	5	4	4	4	0.390812	361	0	0	0	0	0.253219	4.31031	125.629	-464.503	1	0	0	0	0	0	0	0
19.08.2015 08:44:09.162000	0.0650001	0.0685913	0.0635598	516.316	-668.305	0.000542535	5	4	4	4	0.364052	361	0	0	0	0	0.258789	4.48256	125.605	-463.755	1	0	0	0	0	0	0	0
19.08.2015 08:44:09.262000	0.0650001	0.0685913	0.0635598	532.133	-668.307	0.00072338	5	4	4	4	0.371353	361	0	0	0	0	0.261249	4.54061	125.586	-463.459	1	0	0	0	0	0	0	0
19.08.2015 08:44:09.362000	0.0650001	0.0685913	0.0635598	548.199	-668.309	0	5	4	4	4	0.36914	361	0	0	0	0	0.266023	4.42665	125.563	-463.806	1	0	0	0	0	0	0	0
19.08.2015 08:44:09.462000	0.0650001	0.0685913	0.0635598	565.763	-668.313	0.00108507	5	4	4	4	0.383436	361	0	0	0	0	0.269133	4.46327	125.541	-463.583	1	0	0	0	0	0	0	0
19.08.2015 08:44:09.562000	0.0650001	0.0685913	0.0635598	585.676	-668.313	0.00108507	5	4	4	4	0.345464	361	0	0	0	0	0.272786	4.52699	125.518	-463.25	1	0	0	0	0	0	0	0
19.08.2015 08:44:09.662000	0.0650001	0.0685913	0.0635598	600.534	-668.313	0.00108507	5	4	4	4	0.381619	361	0	0	0	0	0.274016	4.43843	125.495	-463.503	1	0	0	0	0	0	0	0
19.08.2015 08:44:09.762000	0.0650001	0.0685913	0.0635598	614.969	-668.313	0.000542535	5	4	4	4	0.386739	361	0	0	0	0	0.277452	4.45857	125.473	-463.341	1	0	0	0	0	0	0	0
19.08.2015 08:44:09.862000	0.0650001	0.0685913	0.0635598	633.44	-668.315	-0.00144676	5	4	4	4	0.382269	361	0	0	0	0	0.27908	4.49849	125.452	-463.106	1	0	0	0	0	0	0	0
19.08.2015 08:44:09.962000	0.0650001	0.0685913	0.0635598	649.195	-668.316	-0.0016276	5	4	4	4	0.374409	361	0	0	0	0	0.280997	4.48927	125.507	-463.354	1	0	0	0	0	0	0	0
19.08.2015 08:44:10.062000	0.0650001	0.0685913	0.0635598	662.227	-668.32	-0.00108507	5	4	4	4	0.360735	361	0	0	0	0	0.282407	4.46754	125.691	-464.139	1	0	0	0	0	0	0	0
19.08.2015 08:44:10.162000	0.0650001	0.0685913	0.0635598	674.48	-668.32	-0.0016276	5	4	4	4	0.377399	361	0	0	0	0	0.284035	4.45918	125.865	-464.837	1	0	0	0	0	0	0	0
19.08.2015 08:44:10.262000	0.0650001	0.0685913	0.0635598	690.13	-668.32	-0.00036169	5	4	4	4	0.372115	361	0	0	0	0	0.286133	4.46852	126.039	-465.468	1	0	0	0	0	0	0	0
19.08.2015 08:44:10.362000	0.0650001	0.0685913	0.0635598	699.512	-668.32	0	5	4	4	4	0.345529	361	0	0	0	0	0.286024	4.42738	126.559	-467.616	1	0	0	0	0	0	0	0
19.08.2015 08:44:10.462000	0.0650001	0.0685913	0.0635598	706.07	-668.32	-0.00036169	5	4	4	4	0.38048	361	0	0	0	0	0.28776	4.36207	127.204	-470.339	1	0	0	0	0	0	0	0
19.08.2015 08:44:10.562000	0.0650001	0.0685913	0.0635598	709.922	-668.32	-0.0016276	5	4	4	4	0.385065	361	0	0	0	0	0.28758	4.32984	127.292	-470.796	1	0	0	0	0	0	0	0
19.08.2015 08:44:10.662000	0.0650001	0.0685913	0.0635598	710.922	-668.32	-0.00144676	5	4	4	4	0.383111	361	0	0	0	0	0.289641	4.42634	127.564	-471.469	1	0	0	0	0	0	0	0
19.08.2015 08:44:10.762000	0.0650001	0.0685913	0.0635598	711.156	-668.32	-0.000542535	5	4	4	4	0.366346	361	0	0	0	0	0.289135	4.38441	127.764	-472.395	1	0	0	0	0	0	0	0
19.08.2015 08:44:10.862000	0.0650001	0.0685913	0.0635598	711.156	-668.32	-0.00108507	5	4	4	4	0.394631	361	0	0	0	0	0.290618	4.43068	127.89	-472.7	1	0	0	0	0	0	0	0
19.08.2015 08:44:10.962000	0.0650001	0.0685913	0.0635598	711.156	-668.32	-0.0016276	5	4	4	4	0.402691	361	0	0	0	0	0.290762	4.94076	128.074	-471.451	1	0	0	0	0	0	0	0
19.08.2015 08:44:11.062000	0.0650001	0.0685913	0.0635598	711.156	-668.32	-0.00253183	5	4	4	4	0.375439	361	0	0	0	0	0.291594	4.81796	128.276	-472.696	1	0	0	0	0	0	0	0
19.08.2015 08:44:11.162000	0.0650001	0.0685913	0.0635598	711.156	-668.32	-0.00434028	5	4	4	4	0.371011	361	0	0	0	0	0.291558	4.3816	128.45	-475.033	1	0	0	0	0	0	0	0
19.08.2015 08:44:11.262000	0.0650001	0.0685913	0.0635598	711.156	-668.32	-0.00397859	5	4	4	4	0.359264	361	0	0	0	0	0.285554	4.46986	128.452	-474.704	1	0	0	0	0	0	0	0
19.08.2015 08:44:11.362000	0.0650001	0.0685913	0.0635598	711.156	-668.32	-0.00108507	5	4	4	4	0.37228	361	0	0	0	0	0.279731	4.4955	128.655	-475.384	1	0	0	0	0	0	0	0
19.08.2015 08:44:11.462000	0.0650001	0.0685913	0.0635598	711.154	-668.32	-0.00180845	5	4	4	4	0.368739	361	0	0	0	0	0.27228	4.44704	129.16	-477.501	1	0	0	0	0	0	0	0
19.08.2015 08:44:11.562000	0.0650001	0.0685913	0.0635598	711.156	-668.324	-0.00108507	5	4	4	4	0.362693	361	0	0	0	0	0.26671	4.50069	129.148	-477.251	1	0	0	0	0	0	0	0
19.08.2015 08:44:11.662000	0.0650001	0.0685913	0.0635598	711.156	-668.323	0	5	4	4	4	0.374594	361	0	0	0	0	0.260272	4.60292	129.168	-476.934	1	0	0	0	0	0	0	0
19.08.2015 08:44:11.762000	0.0650001	0.0685913	0.0635598	711.156	-668.324	0.00108507	5	4	4	4	0.376151	361	0	0	0	0	0.257523	4.52992	129.193	-477.31	1	0	0	0	0	0	0	0
19.08.2015 08:44:11.862000	0.0650001	0.0685913	0.0635598	711.156	-668.323	0.00036169	5	4	4	4	0.369113	361	0	0	0	0	0.252062	4.48866	129.298	-477.871	1	0	0	0	0	0	0	0
19.08.2015 08:44:11.962000	0.0650001	0.0685913	0.0635598	711.156	-668.328	0.000542535	5	4	4	4	0.393339	361	0	0	0	0	0.248662	4.52321	129.545	-478.684	1	0	0	0	0	0	0	0
19.08.2015 08:44:12.062000	0.0650001	0.0685913	0.0635598	711.156	-668.328	0.00036169	5	4	4	4	0.347737	361	0	0	0	0	0.244502	4.51863	129.708	-479.324	1	0	0	0	0	0	0	0
19.08.2015 08:44:12.162000	0.0650001	0.0685913	0.0635598	711.156	-668.328	0.00108507	5	4	4	4	0.343528	361	0	0	0	0	0.241862	4.52376	129.776	-479.566	1	0	0	0	0	0	0	0
19.08.2015 08:44:12.262000	0.0650001	0.0685913	0.0635598	711.159	-668.328	0.00036169	5	4	4	4	0.364735	361	0	0	0	0	0.238173	4.3976	129.801	-480.145	1	0	0	0	0	0	0	0
19.08.2015 08:44:12.362000	0.0650001	0.0685913	0.0635598	711.164	-668.328	0	5	4	4	4	0.366594	361	0	0	0	0	0.234375	3.79241	129.926	-482.942	1	0	0	0	0	0	0	0
19.08.2015 08:44:12.462000	0.0650001	0.0685913	0.0635598	711.167	-668.328	0.00108507	5	4	4	4	0.373235	361	0	0	0	0	0.233507	4.50868	128.031	-472.944	1	0	0	0	0	0	0	0
19.08.2015 08:44:12.562000	0.0650001	0.0685913	0.0635598	711.168	-668.328	0.00108507	5	4	4	4	0.364812	361	0	0	0	0	0.229528	5.27238	129.959	-477.401	1	0	0	0	0	0	0	0
19.08.2015 08:44:12.662000	0.0650001	0.0685913	0.0635598	711.172	-668.328	0.00072338	5	4	4	4	0.341019	361	0	0	0	0	0.228335	5.64391	130.394	-477.644	1	0	0	0	0	0	0	0
19.08.2015 08:44:12.762000	0.0650001	0.0685913	0.0635598	711.18	-668.328	0.00108507	5	4	4	4	0.383734	361	0	0	0	0	0.224682	4.65041	129.857	-479.391	1	0	0	0	0	0	0	0
19.08.2015 08:44:12.862000	0.0650001	0.0685913	0.0635598	711.18	-668.333	-0.00036169	5	4	4	4	0.382106	361	0	0	0	0	0.225405	4.79458	129.521	-477.554	1	0	0	0	0	0	0	0
19.08.2015 08:44:12.962000	0.0650001	0.0685913	0.0635598	711.18	-668.332	-0.00108507	5	4	4	4	0.366077	361	0	0	0	0	0.221463	5.15366	129.242	-475.111	1	0	0	0	0	0	0	0
19.08.2015 08:44:13.062000	0.0650001	0.0685913	0.0635598	711.18	-668.328	-0.00144676	5	4	4	4	0.366609	361	0	0	0	0	0.220378	4.94028	129.048	-475.183	1	0	0	0	0	0	0	0
19.08.2015 08:44:13.162000	0.0650001	0.0685913	0.0635598	711.18	-668.332	-0.00108507	5	4	4	4	0.376911	361	0	0	0	0	0.219039	4.75704	128.934	-475.447	1	0	0	0	0	0	0	0
19.08.2015 08:44:13.262000	0.0650001	0.0685913	0.0635598	711.18	-668.331	-0.00072338	5	4	4	4	0.361154	361	0	0	0	0	0.218207	5.11509	128.894	-473.925	1	0	0	0	0	0	0	0
19.08.2015 08:44:13.362000	0.0650001	0.0685913	0.0635598	711.18	-668.328	-0.00271267	5	4	4	4	0.375737	361	0	0	0	0	0.216725	4.95572	128.835	-474.307	1	0	0	0	0	0	0	0
19.08.2015 08:44:13.462000	0.0650001	0.0685913	0.0635598	711.18	-668.328	-0.00144676	5	4	4	4	0.372387	361	0	0	0	0	0.214337	4.80905	128.654	-474.178	1	0	0	0	0	0	0	0
19.08.2015 08:44:13.562000	0.0650001	0.0685913	0.0635598	711.18	-668.328	-0.00108507	5	4	4	4	0.373824	361	0	0	0	0	0.215893	4.7922	128.483	-473.589	1	0	0	0	0	0	0	0
19.08.2015 08:44:13.662000	0.0650001	0.0685913	0.0635598	711.18	-668.331	0.00036169	5	4	4	4	0.376601	361	0	0	0	0	0.212963	4.2284	128.512	-475.858	1	0	0	0	0	0	0	0
19.08.2015 08:44:13.762000	0.0650001	0.0685913	0.0635598	711.18	-668.332	-0.0016276	5	4	4	4	0.384221	361	0	0	0	0	0.213288	10.092	119.297	-418.123	1	0	0	0	0	0	0	0
19.08.2015 08:44:13.862000	0.0650001	0.0685913	0.0635598	710.932	-668.331	-0.00144676	5	4	4	4	0.379358	361	0.207921	0	0	2.59507	0.210323	92.4198	97.3055	-18.7062	1	0	0	0	0	0	0	0
19.08.2015 08:44:13.962000	0.0650001	0.0685913	0.0635598	707.855	-668.328	-0.00325521	5	4	4	4	0.358808	361	2.26077	0	0	29.7002	0.212384	113.917	85.128	110.227	1	0	0	0	0	0	0	0
19.08.2015 08:44:14.062000	0.0650001	0.0685913	0.0635598	695.826	-668.328	0.00036169	5	4	4	4	0.392779	361	5.58999	0	0	34.4709	0.20931	111.507	84.7954	102.274	1	0	0	0	0	0	0	0
19.08.2015 08:44:14.162000	0.0650001	0.0685913	0.0635598	680.891	-668.328	0.000542535	5	4	4	4	0.371511	361	9.06695	0	0	35.2202	0.210467	112.913	86.4418	101.354	1	0	0	0	0	0	0	0
19.08.2015 08:44:14.262000	0.0650001	0.0685913	0.0635598	657.966	-668.331	0.00036169	5	4	4	4	0.370427	361	12.632	0	0	35.954	0.209852	115.727	89.5832	100.1	1	0	0	0	0	0	0	0
19.08.2015 08:44:14.362000	0.0650001	0.0685913	0.0635598	626.859	-668.336	0.000542535	5	4	4	4	0.365756	361	16.2263	0	0	35.9469	0.209346	118.519	92.6449	99.0653	1	0	0	0	0	0	0	0
19.08.2015 08:44:14.462000	0.0650001	0.0685913	0.0635598	599.065	-668.336	0.00036169	5	4	4	4	0.358474	361	19.7759	0	0	35.2201	0.208116	119.955	94.2685	98.3499	1	0	0	0	0	0	0	0
19.08.2015 08:44:14.562000	0.0650001	0.0685913	0.0635598	566.711	-668.34	0.000542535	5	4	4	4	0.376277	361	23.2613	3	0	34.6016	0.206887	120.37	94.7839	97.9638	1	0.29	0	0	0	0	0	0
19.08.2015 08:44:14.662000	0.0650001	0.0685913	0.0635598	519.049	-668.341	0.00036169	5	4	4	4	0.357925	361	27.4988	50	0	50.1754	0.209021	110.461	83.6678	102.586	1	1	0	0	0	0	0	0
19.08.2015 08:44:14.762000	0.0650001	0.0685913	0.0635598	474.262	-668.348	0	5	4	4	4	0.361489	361	31.2444	49.565	0	24.14	0.206163	97.2468	76.1408	80.8106	1	1	0	0	0	0	0	0
19.08.2015 08:44:14.862000	0.0650001	0.0685913	0.0635598	435.852	-668.352	0.00108507	5	4	4	4	0.329264	361	32.6486	42.0501	0	11.6659	0.207755	69.0154	44.7741	92.815	1	1	0	0	0	0	0	0
19.08.2015 08:44:14.962000	0.0650001	0.0685913	0.0635598	399.551	-668.359	0.000542535	5	4	4	4	0.389924	361	33.6011	32.0503	0	9.03144	0.205512	55.1513	30.635	93.8681	1	1	0	0	0	0	0	0
19.08.2015 08:44:15.062000	0.0650001	0.0685913	0.0635598	351.521	-668.367	0.00072338	5	4	4	4	60.0292	361	34.2358	14.7633	0	6.83208	0.507017	49.1678	24.9849	92.5916	1	1	1	0	0	0	0	0
19.08.2015 08:44:15.162000	0.0650001	0.0685913	0.0635598	318.961	-668.359	0.00108507	5	4	4	4	91.1084	361	34.4512	5.14192	0	3.28815	6.28266	47.2461	22.009	96.6278	1	1	1	0	0	0	0	0
19.08.2015 08:44:15.262000	0.0650001	0.0685913	0.0635598	289.25	-668.367	-0.00072338	5	4	4	4	90.9376	361	34.5965	5.14192	0	2.67442	10.9039	45.9404	20.7177	96.5729	1	1	1	0	0	0	0	0
19.08.2015 08:44:15.362000	0.0650001	0.0685913	0.0635598	256.91	-668.363	-0.0016276	5	4	4	4	91.1246	361	34.7243	5.14192	0	1.44613	11.8865	45.0809	19.8	96.7956	1	1	1	0	0	0	0	0
19.08.2015 08:44:15.462000	0.0650001	0.0685913	0.0635598	232.029	-668.367	-0.00108507	5	4	4	4	91.183	361	34.8586	5.14192	0	1.40938	12.1067	44.2899	19.1245	96.3534	1	1	1	0	0	0	0	0
19.08.2015 08:44:15.562000	0.0650001	0.0685913	0.0635598	216.641	-668.375	0	5	4	4	4	91.1717	361	34.9815	5.14192	0	1.26238	12.1714	43.7137	18.5773	96.2422	1	1	1	0	0	0	0	0
19.08.2015 08:44:15.662000	0.0650001	0.0685913	0.0635598	198.846	-668.375	0.00072338	5	4	4	4	91.1623	361	35.1088	5.14192	0	1.261	12.2032	43.6107	18.1359	97.5378	1	1	1	0	0	0	0	0
19.08.2015 08:44:15.762000	0.0650001	0.0685913	0.0635598	178.25	-668.375	0.000542535	5	4	4	4	91.2104	361	35.2272	5.14192	0	1.25612	12.2081	43.1271	17.8298	96.8585	1	1	1	0	0	0	0	0
19.08.2015 08:44:15.862000	0.0650001	0.0685913	0.0635598	158.305	-668.375	0.00108507	5	4	4	4	91.1607	361	35.3511	5.14192	0	1.24793	12.2145	42.8401	17.5935	96.664	1	1	1	0	0	0	0	0
19.08.2015 08:44:15.962000	0.0650001	0.0685913	0.0635598	143.473	-668.375	0	5	4	4	4	91.0462	361	35.4689	5.14192	0	1.20151	12.2182	42.6784	17.4494	96.597	1	1	1	0	0	0	0	0
19.08.2015 08:44:16.062000	0.0650001	0.0685913	0.0635598	135.479	-668.375	0.00072338	5	4	4	4	91.3516	361	35.5853	5.14192	0	1.2006	12.2182	42.5999	17.3224	96.7823	1	1	1	0	0	0	0	0
19.08.2015 08:44:16.162000	0.0650001	0.0685913	0.0635598	128.953	-668.383	0.000542535	5	4	4	4	91.3731	361	35.7057	5.14192	0	1.17876	12.2263	42.4775	17.2304	96.6659	1	1	1	0	0	0	0	0
19.08.2015 08:44:16.262000	0.0650001	0.0685913	0.0635598	125.49	-668.383	0.00289352	5	4	4	4	91.3315	361	35.8226	5.14192	0	1.17876	12.23	42.5052	17.3254	96.4084	1	1	1	0	0	0	0	0
19.08.2015 08:44:16.362000	0.0650001	0.0685913	0.0635598	125.574	-668.391	0.00217014	5	4	4	4	91.1217	361	35.942	5.14192	0	1.18944	12.2228	42.168	17.2571	95.3792	1	1	1	0	0	0	0	0
19.08.2015 08:44:16.462000	0.0650001	0.0685913	0.0635598	127.182	-668.388	0.00253183	5	4	4	4	91.2518	361	36.0594	5.14192	0	1.19	12.2244	42.0912	17.2027	95.2929	1	1	1	0	0	0	0	0
19.08.2015 08:44:16.562000	0.0650001	0.0685913	0.0635598	127.195	-668.395	0.00108507	5	4	4	4	91.2069	361	36.1718	5.14192	0	1.16334	12.2223	42.2625	17.0904	96.3789	1	1	1	0	0	0	0	0
19.08.2015 08:44:16.662000	0.0650001	0.0685913	0.0635598	127.315	-668.398	0.00036169	5	4	4	4	91.1609	361	36.2907	5.14192	0	1.15667	12.223	42.1508	17.0464	96.1197	1	1	1	0	0	0	0	0
19.08.2015 08:44:16.762000	0.0650001	0.0685913	0.0635598	127.316	-668.398	0.0016276	5	4	4	4	91.1275	361	36.4076	5.14192	0	1.16408	12.2175	42.176	16.9972	96.4046	1	1	1	0	0	0	0	0
19.08.2015 08:44:16.862000	0.0650001	0.0685913	0.0635598	127.315	-668.398	0.00072338	5	4	4	4	91.2952	361	36.5205	5.14192	0	1.16773	12.222	42.2288	16.9693	96.7136	1	1	1	0	0	0	0	0
19.08.2015 08:44:16.962000	0.0650001	0.0685913	0.0635598	127.316	-668.398	0	5	4	4	4	91.3448	361	36.6419	5.14192	0	1.17075	12.2257	42.1735	16.9627	96.5271	1	1	1	0	0	0	0	0
19.08.2015 08:44:17.062000	0.0650001	0.0685913	0.0635598	127.318	-668.404	-0.00072338	5	4	4	4	91.2848	361	36.7563	5.14192	0	1.17322	12.2333	42.4569	16.9737	97.5701	1	1	1	0	0	0	0	0
19.08.2015 08:44:17.162000	0.0650001	0.0685913	0.0635598	127.32	-668.406	-0.00217014	5	4	4	4	91.3838	361	36.8712	5.14192	0	1.16665	12.2314	42.2681	16.9895	96.7867	1	1	1	0	0	0	0	0
19.08.2015 08:44:17.262000	0.0650001	0.0685913	0.0635598	127.32	-668.411	-0.00180845	5	4	4	4	91.4084	361	36.9925	5.14192	0	1.15678	12.2324	42.264	17.0099	96.693	1	1	1	0	0	0	0	0
19.08.2015 08:44:17.362000	0.0650001	0.0685913	0.0635598	127.32	-668.414	0.000542535	5	4	4	4	91.4283	361	37.1064	5.14192	0	1.16134	12.2377	42.2523	17.0445	96.5154	1	1	1	0	0	0	0	0
19.08.2015 08:44:17.462000	0.0650001	0.0685913	0.0635598	127.32	-668.414	0.00072338	5	4	4	4	91.2746	361	37.2243	5.14192	0	1.17307	12.2344	42.5015	17.0757	97.3504	1	1	1	0	0	0	0	0
19.08.2015 08:44:17.562000	0.0650001	0.0685913	0.0635598	127.32	-668.414	0.000542535	5	4	4	4	91.2354	361	37.3457	5.14192	0	1.17761	12.2262	42.2567	17.0914	96.353	1	1	1	0	0	0	0	0
19.08.2015 08:44:17.662000	0.0650001	0.0685913	0.0635598	127.32	-668.417	0	5	4	4	4	91.1971	361	37.4616	5.14192	0	1.19576	12.2237	42.263	17.0869	96.3941	1	1	1	0	0	0	0	0
19.08.2015 08:44:17.762000	0.0650001	0.0685913	0.0635598	127.32	-668.418	0	5	4	4	4	91.0336	361	37.5805	5.14192	0	1.19422	12.2218	42.3721	17.092	96.786	1	1	1	0	0	0	0	0
19.08.2015 08:44:17.862000	0.0650001	0.0685913	0.0635598	127.32	-668.419	0	5	4	4	4	91.175	361	37.6989	5.14192	0	1.1787	12.2204	42.4029	17.0901	96.9178	1	1	1	0	0	0	0	0
19.08.2015 08:44:17.962000	0.0650001	0.0685913	0.0635598	127.32	-668.418	0.00108507	5	4	4	4	91.2745	361	37.8158	5.14192	0	1.1787	12.2172	42.1907	17.0915	96.0999	1	1	1	0	0	0	0	0
19.08.2015 08:44:18.062000	0.0650001	0.0685913	0.0635598	127.32	-668.422	0.00144676	5	4	4	4	91.2451	361	37.9376	5.14192	0	1.17868	12.222	42.3056	17.0895	96.5474	1	1	1	0	0	0	0	0
19.08.2015 08:44:18.162000	0.0650001	0.0685913	0.0635598	127.32	-668.426	0.000542535	5	4	4	4	91.0625	361	38.0545	5.14192	0	1.17868	12.2262	42.4674	17.0971	97.138	1	1	1	0	0	0	0	0
19.08.2015 08:44:18.262000	0.0650001	0.0685913	0.0635598	127.32	-668.422	0.00036169	5	4	4	4	91.281	361	38.1734	5.14192	0	1.18868	12.2274	42.247	17.1076	96.2534	1	1	1	0	0	0	0	0
19.08.2015 08:44:18.362000	0.0650001	0.0685913	0.0635598	127.32	-668.426	0.000542535	5	4	4	4	91.2427	361	38.2923	5.14192	0	1.18992	12.2343	42.323	17.1155	96.3647	1	1	1	0	0	0	0	0
19.08.2015 08:44:18.462000	0.0650001	0.0685913	0.0635598	127.32	-668.43	0.00072338	5	4	4	4	91.1234	361	38.4082	5.14192	0	1.18118	12.2359	42.3702	17.1243	96.79	1	1	1	0	0	0	0	0
19.08.2015 08:44:18.562000	0.0650001	0.0685913	0.0635598	127.328	-668.43	0.00217014	5	4	4	4	91.1957	361	38.5266	5.14192	0	1.17872	12.2375	42.2503	17.1242	96.5418	1	1	1	0	0	0	0	0
19.08.2015 08:44:18.662000	0.0650001	0.0685913	0.0635598	127.323	-668.43	0.0036169	5	4	4	4	91.2752	361	38.6475	5.14192	0	1.18667	12.2416	42.4121	17.1374	96.7411	1	1	1	0	0	0	0	0
19.08.2015 08:44:18.762000	0.0650001	0.0685913	0.0635598	127.324	-668.43	0.00217014	5	4	4	4	91.2905	361	38.7653	5.14192	0	1.19008	12.2451	42.38	17.151	96.5967	1	1	1	0	0	0	0	0
19.08.2015 08:44:18.862000	0.0650001	0.0685913	0.0635598	127.323	-668.43	0.00325521	5	4	4	4	91.1326	361	38.8877	5.14192	0	1.18661	12.2517	42.6187	17.1512	97.5103	1	1	1	0	0	0	0	0
19.08.2015 08:44:18.962000	0.0650001	0.0685913	0.0635598	127.324	-668.43	0.00271267	5	4	4	4	91.1316	361	39.0041	5.14192	0	1.18429	12.2439	42.2601	17.1556	96.1204	1	1	1	0	0	0	0	0
19.08.2015 08:44:19.062000	0.0650001	0.0685913	0.0635598	127.326	-668.432	0.00180845	5	4	4	4	91.1644	361	39.1235	5.14192	0	1.18431	12.2455	42.385	17.1573	96.5916	1	1	1	0	0	0	0	0
19.08.2015 08:44:19.162000	0.0650001	0.0685913	0.0635598	127.324	-668.434	0.000542535	5	4	4	4	90.9226	361	39.2439	5.14192	0	1.18434	12.2487	42.4357	17.1679	96.7451	1	1	1	0	0	0	0	0
19.08.2015 08:44:19.262000	0.0650001	0.0685913	0.0635598	127.326	-668.435	0.00036169	5	4	4	4	90.9031	361	39.3608	5.14192	0	1.19172	12.2426	42.5857	17.1781	97.2805	1	1	1	0	0	0	0	0
19.08.2015 08:44:19.362000	0.0650001	0.0685913	0.0635598	127.324	-668.434	-0.0016276	5	4	4	4	90.978	361	39.4841	5.14192	0	1.20151	12.244	42.4855	17.1786	96.8952	1	1	1	0	0	0	0	0
19.08.2015 08:44:19.462000	0.0650001	0.0685913	0.0635598	127.326	-668.438	-0.00144676	5	4	4	4	91.0324	361	39.601	5.14192	0	1.20149	12.2412	42.4251	17.1939	96.6049	1	1	1	0	0	0	0	0
19.08.2015 08:44:19.562000	0.0650001	0.0685913	0.0635598	127.324	-668.438	-0.00108507	5	4	4	4	90.9105	361	39.7204	5.14192	0	1.20144	12.2401	42.4279	17.199	96.5965	1	1	1	0	0	0	0	0
19.08.2015 08:44:19.662000	0.0650001	0.0685913	0.0635598	127.328	-668.44	-0.00325521	5	4	4	4	91.1078	361	39.8388	5.14192	0	1.19463	12.2402	42.3381	17.2049	96.2303	1	1	1	0	0	0	0	0
19.08.2015 08:44:19.762000	0.0650001	0.0685913	0.0635598	127.324	-668.438	0.00108507	5	4	4	4	91.1073	361	39.9537	5.14192	0	1.17307	12.2413	42.5242	17.2113	96.9178	1	1	1	0	0	0	0	0
19.08.2015 08:44:19.862000	0.0650001	0.0685913	0.0635598	127.328	-668.445	-0.00325521	5	4	4	4	91.0844	361	40.077	5.14192	0	1.17462	12.2433	42.328	17.2094	96.174	1	1	1	0	0	0	0	0
19.08.2015 08:44:19.962000	0.0650001	0.0685913	0.0635598	127.328	-668.441	-0.00542535	5	4	4	4	90.9833	361	40.1944	5.14192	0	1.18414	12.2409	42.2892	17.2179	95.9931	1	1	1	0	0	0	0	0
19.08.2015 08:44:20.062000	0.0650001	0.0685913	0.0635598	127.328	-668.443	-0.00470197	5	4	4	4	91.1511	361	40.3123	5.14192	0	1.18538	12.2407	42.3413	17.2248	96.166	1	1	1	0	0	0	0	0
19.08.2015 08:44:20.162000	0.0650001	0.0685913	0.0635598	127.324	-668.445	-0.00217014	5	4	4	4	91.14	361	40.4347	5.14192	0	1.20173	12.2346	42.4562	17.2276	96.5953	1	1	1	0	0	0	0	0
19.08.2015 08:44:20.262000	0.0650001	0.0685913	0.0635598	127.328	-668.44	-0.00072338	5	4	4	4	91.0655	361	40.5501	5.14192	0	1.20173	12.2336	42.5605	17.2436	96.9333	1	1	1	0	0	0	0	0
19.08.2015 08:44:20.362000	0.0650001	0.0685913	0.0635598	127.328	-668.445	0	5	4	4	4	91.1678	361	40.6729	5.14192	0	1.1957	12.2297	42.5094	17.2519	96.7056	1	1	1	0	0	0	0	0
19.08.2015 08:44:20.462000	0.0650001	0.0685913	0.0635598	127.328	-668.445	0.00072338	5	4	4	4	118.921	361	40.7918	5.14192	0	1.19564	12.2013	42.5062	17.2474	96.711	1	1	1	0	0	0	0	0
19.08.2015 08:44:20.562000	0.0650001	0.0685913	0.0635598	127.328	-668.445	0.000542535	5	4	4	4	153.94	361	40.9102	5.14192	0	1.18546	12.0693	42.5838	17.2403	97.0349	1	1	1	0	0	0	0	0
19.08.2015 08:44:20.662000	0.0650001	0.0685913	0.0635598	127.326	-668.445	0.00036169	5	4	4	4	176.505	361	41.0321	5.14192	0	1.18421	11.8668	42.6645	17.2477	97.316	1	1	1	0	0	0	0	0
19.08.2015 08:44:20.762000	0.0650001	0.0685913	0.0635598	127.328	-668.445	-0.000542535	5	4	4	4	343.856	361	41.149	5.14192	0	1.19834	11.867	42.379	17.2388	96.2567	1	1	1	0	0	0	0	0
19.08.2015 08:44:20.862000	0.0650001	0.0685913	0.0635598	127.328	-668.445	-0.00108507	5	4	4	4	396.859	361	41.2723	5.14192	0	1.20144	11.2887	42.6329	17.2412	97.2198	1	1	1	0	0	0	0	0
19.08.2015 08:44:20.962000	0.0650001	0.0685913	0.0635598	127.328	-668.445	-0.00217014	5	4	4	4	472.341	361	41.3887	5.14192	0	1.1971	11.1193	42.6726	17.2475	97.3474	1	1	1	0	0	0	0	0
19.08.2015 08:44:21.062000	0.0650001	0.0685913	0.0635598	127.328	-668.445	-0.00144676	5	4	4	4	516.139	361	41.5046	5.14192	0	1.19558	11.059	42.5808	17.2481	96.9938	1	1	1	0	0	0	0	0
19.08.2015 08:44:21.162000	0.0650001	0.0685913	0.0635598	127.328	-668.445	-0.00108507	5	4	4	4	621.543	361	41.626	5.14192	0	1.18849	11.0166	42.287	17.2423	95.891	1	1	1	0	0	0	0	0
19.08.2015 08:44:21.262000	0.0650001	0.0685913	0.0635598	127.328	-668.445	-0.00180845	5	4	4	4	446.565	361	41.7419	5.14192	0	1.1845	11.0177	42.5019	17.2627	96.636	1	1	1	0	0	0	0	0
19.08.2015 08:44:21.362000	0.0650001	0.0685913	0.0635598	127.328	-668.445	-0.00108507	5	4	4	4	624.272	361	41.8638	5.14192	0	1.18432	11.0755	42.5651	17.25	96.9265	1	1	1	0	0	0	0	0
19.08.2015 08:44:21.462000	0.0650001	0.0685913	0.0635598	127.328	-668.445	-0.00036169	5	4	4	4	538.819	361	41.9831	5.14192	0	1.18417	11.0603	42.2947	17.2615	95.8473	1	1	1	0	0	0	0	0
19.08.2015 08:44:21.562000	0.0650001	0.0685913	0.0635598	127.328	-668.445	0	5	4	4	4	588.955	361	42.1025	5.14192	0	1.19232	11.1152	42.6477	17.2621	97.1962	1	1	1	0	0	0	0	0
19.08.2015 08:44:21.662000	0.0650001	0.0685913	0.0635598	127.328	-668.445	-0.00108507	5	4	4	4	419.532	361	42.2134	2.92261	0.0034181	1.20151	11.1121	42.3967	17.4578	95.4862	1	1	1	0.65	0	0	0	0
19.08.2015 08:44:21.762000	0.0650001	0.0685913	0.0635598	127.328	-668.445	0.00271267	5	4	4	4	70.0021	361	42.2612	2.27151	0.549174	1.20151	9.69193	42.8878	17.55	97.0132	1	1	1	1	0	0	0	0
19.08.2015 08:44:21.862000	0.0650001	0.0685913	0.0635598	127.328	-668.445	0.00253183	5	4	4	4	253.188	361	42.3264	2.90156	1.17923	1.14211	8.08293	43.142	17.823	96.9414	1	1	1	1	0	0	0	0
19.08.2015 08:44:21.962000	0.0650001	0.0685913	0.0635598	127.328	-668.445	0.00217014	5	4	4	4	427.958	361	42.4025	2.88369	1.16136	0.744601	7.25111	43.3457	18.024	96.9517	1	1	1	1	0	0	0	0
19.08.2015 08:44:22.062000	0.0650001	0.0685913	0.0635598	127.328	-668.445	0.00072338	5	4	4	4	484.421	361	42.4641	2.57823	0.855902	0.744601	6.94795	43.4554	18.1881	96.7435	1	1	1	1	0	0	0	0
19.08.2015 08:44:22.162000	0.0650001	0.0685913	0.0635598	127.328	-668.445	0.00108507	5	4	4	4	476.805	361	42.5253	2.22183	0.499498	0.744601	6.7685	43.764	18.3543	97.2887	1	1	1	1	0	0	0	0
19.08.2015 08:44:22.262000	0.0650001	0.0685913	0.0635598	127.328	-668.445	0.00072338	5	4	4	4	451.664	361	42.5835	1.8955	0.173165	0.732993	6.63261	43.8555	18.5144	97.0258	1	1	1	1	0	0	0	0
19.08.2015 08:44:22.362000	0.0650001	0.0685913	0.0635598	127.328	-668.445	0.000542535	5	4	4	4	440.464	361	42.6288	1.61927	-0.103058	0.615625	6.60734	44.0298	18.6555	97.1532	1	1	1	1	0	0	0	0
19.08.2015 08:44:22.462000	0.0650001	0.0685913	0.0635598	127.328	-668.445	0.00036169	5	4	4	4	405.745	361	42.6775	1.42941	-0.292921	0.615625	6.61178	44.1794	18.7818	97.2424	1	1	1	1	0	0	0	0
19.08.2015 08:44:22.562000	0.0650001	0.0685913	0.0635598	127.328	-668.445	0.0016276	5	4	4	4	405.437	361	42.7193	1.34084	-0.381496	0.615625	6.61623	44.3058	18.9018	97.267	1	1	1	1	0	0	0	0
19.08.2015 08:44:22.662000	0.0650001	0.0685913	0.0635598	127.328	-668.445	0.00289352	5	4	4	4	362.939	361	42.7596	1.2639	-0.458428	0.615625	6.68129	44.4209	19.0101	97.2929	1	1	1	1	0	0	0	0
19.08.2015 08:44:22.762000	0.0650001	0.0685913	0.0635598	127.328	-668.449	0.00217014	5	4	4	4	378.988	361	42.7979	1.18142	-0.540914	0.615625	6.73462	44.5282	19.1068	97.3333	1	1	1	1	0	0	0	0
19.08.2015 08:44:22.862000	0.0650001	0.0685913	0.0635598	127.328	-668.445	0.00253183	5	4	4	4	318.682	361	42.8357	1.29868	-0.423649	0.584231	6.74411	44.6214	19.1998	97.3343	1	1	1	1	0	0	0	0
19.08.2015 08:44:22.962000	0.0650001	0.0685913	0.0635598	127.336	-668.445	0.00271267	5	4	4	4	340.996	361	42.8775	1.34933	-0.372998	0.419412	6.78313	44.7061	19.2733	97.3773	1	1	1	1	0	0	0	0
19.08.2015 08:44:23.062000	0.0650001	0.0685913	0.0635598	127.336	-668.445	0.00253183	5	4	4	4	354.711	361	42.9258	1.44059	-0.281738	0.419412	6.78024	44.7764	19.3501	97.352	1	1	1	1	0	0	0	0
19.08.2015 08:44:23.162000	0.0650001	0.0685913	0.0635598	127.336	-668.449	0.00271267	5	4	4	4	367.56	361	42.9695	1.3776	-0.344735	0.419412	6.75425	44.8497	19.4163	97.3794	1	1	1	1	0	0	0	0
19.08.2015 08:44:23.262000	0.0650001	0.0685913	0.0635598	127.336	-668.445	0.00144676	5	4	4	4	337.097	361	43.0118	1.37561	-0.346718	0.419412	6.73584	44.9131	19.4754	97.3957	1	1	1	1	0	0	0	0
19.08.2015 08:44:23.362000	0.0650001	0.0685913	0.0635598	127.336	-668.445	0.00217014	5	4	4	4	342.808	361	43.0526	1.40093	-0.321407	0.419412	6.7827	44.9671	19.5323	97.3845	1	1	1	1	0	0	0	0
19.08.2015 08:44:23.462000	0.0650001	0.0685913	0.0635598	127.339	-668.445	0.00036169	5	4	4	4	329.556	361	43.0969	1.43896	-0.283376	0.424794	6.78064	45.0172	19.5841	97.3784	1	1	1	1	0	0	0	0
19.08.2015 08:44:23.562000	0.0650001	0.0685913	0.0635598	127.336	-668.445	-0.00217014	5	4	4	4	345.252	361	43.1436	1.49276	-0.229577	0.432538	6.79155	45.0656	19.6191	97.4296	1	1	1	1	0	0	0	0
19.08.2015 08:44:23.662000	0.0650001	0.0685913	0.0635598	127.336	-668.451	0.00144676	5	4	4	4	355.557	361	43.1909	1.54023	-0.182097	0.432538	6.77269	45.0761	19.7021	97.1522	1	1	1	1	0	0	0	0
19.08.2015 08:44:23.762000	0.0650001	0.0685913	0.0635598	127.336	-668.453	0.00108507	5	4	4	4	335.17	361	43.2391	1.5856	-0.136729	0.432538	6.76613	45.1036	19.7277	97.1595	1	1	1	1	0	0	0	0
19.08.2015 08:44:23.862000	0.0650001	0.0685913	0.0635598	127.336	-668.453	0.00072338	5	4	4	4	363.979	361	43.2874	1.63593	-0.0863992	0.432538	6.74264	45.1325	19.743	97.2113	1	1	1	1	0	0	0	0
19.08.2015 08:44:23.962000	0.0650001	0.0685913	0.0635598	127.336	-668.453	0.000542535	5	4	4	4	382.113	361	43.3381	1.66316	-0.0591765	0.445645	6.73322	45.1408	19.7689	97.1441	1	1	1	1	0	0	0	0
19.08.2015 08:44:24.062000	0.0650001	0.0685913	0.0635598	127.336	-668.453	-0.00036169	5	4	4	4	354.103	361	43.3898	1.6686	-0.0537335	0.48295	6.71619	45.153	19.7883	97.1162	1	1	1	1	0	0	0	0
19.08.2015 08:44:24.162000	0.0650001	0.0685913	0.0635598	127.34	-668.453	-0.00108507	5	4	4	4	357.207	361	43.4391	1.67435	-0.04798	0.48295	6.70836	45.1754	19.8024	97.148	1	1	1	1	0	0	0	0
19.08.2015 08:44:24.262000	0.0650001	0.0685913	0.0635598	127.336	-668.453	-0.00072338	5	4	4	4	369.748	361	43.4898	1.67657	-0.0457672	0.48295	6.71357	45.1874	19.8185	97.1324	1	1	1	1	0	0	0	0
19.08.2015 08:44:24.362000	0.0650001	0.0685913	0.0635598	127.336	-668.453	-0.00108507	5	4	4	4	351.367	361	43.5421	1.67229	-0.0500474	0.48295	6.71405	45.1924	19.84	97.0693	1	1	1	1	0	0	0	0
19.08.2015 08:44:24.462000	0.0650001	0.0685913	0.0635598	127.336	-668.453	-0.00144676	5	4	4	4	356.775	361	43.5938	1.68165	-0.0406859	0.49448	6.75389	45.2072	19.8416	97.1197	1	1	1	1	0	0	0	0
19.08.2015 08:44:24.562000	0.0650001	0.0685913	0.0635598	127.34	-668.449	-0.0016276	5	4	4	4	332.94	361	43.6435	1.69747	-0.0248649	0.511775	6.73361	45.2083	19.8619	97.0461	1	1	1	1	0	0	0	0
19.08.2015 08:44:24.662000	0.0650001	0.0685913	0.0635598	127.336	-668.453	-0.00072338	5	4	4	4	324.103	361	43.6953	1.73802	0.0156875	0.511775	6.74877	45.2163	19.8701	97.0457	1	1	1	1	0	0	0	0
19.08.2015 08:44:24.762000	0.0650001	0.0685913	0.0635598	127.34	-668.453	0.000542535	5	4	4	4	358.514	361	43.7485	1.79239	0.0700618	0.511775	6.77122	45.2264	19.8629	97.1118	1	1	1	1	0	0	0	0
19.08.2015 08:44:24.862000	0.0650001	0.0685913	0.0635598	127.341	-668.453	0.00036169	5	4	4	4	318.899	361	43.8022	1.84209	0.119753	0.511775	6.74401	45.2143	19.8675	97.0475	1	1	1	1	0	0	0	0
19.08.2015 08:44:24.962000	0.0650001	0.0685913	0.0635598	127.34	-668.453	0.000542535	5	4	4	4	343.182	361	43.8559	1.90871	0.186376	0.521181	6.76189	45.2066	19.8632	97.0349	1	1	1	1	0	0	0	0
19.08.2015 08:44:25.062000	0.0650001	0.0685913	0.0635598	127.341	-668.453	0.00072338	5	4	4	4	332.948	361	43.9106	1.97833	0.255997	0.525814	6.76545	45.2011	19.8564	97.04	1	1	1	1	0	0	0	0
19.08.2015 08:44:25.162000	0.0650001	0.0685913	0.0635598	127.344	-668.453	0.000542535	5	4	4	4	375.47	361	43.9723	2.04286	0.320532	0.525814	6.77436	45.1946	19.846	97.0545	1	1	1	1	0	0	0	0
19.08.2015 08:44:25.262000	0.0650001	0.0685913	0.0635598	127.344	-668.453	0.00036169	5	4	4	4	367.543	361	44.0325	2.0704	0.34807	0.525814	6.74604	45.1652	19.8411	96.9611	1	1	1	1	0	0	0	0
19.08.2015 08:44:25.362000	0.0650001	0.0685913	0.0635598	127.344	-668.453	0.000542535	5	4	4	4	380.183	361	44.0897	2.08555	0.363218	0.545269	6.73417	45.156	19.8222	96.998	1	1	1	1	0	0	0	0
19.08.2015 08:44:25.462000	0.0650001	0.0685913	0.0635598	127.344	-668.453	0.00036169	5	4	4	4	332.303	361	44.1484	2.08333	0.360998	0.578397	6.73011	45.1308	19.8162	96.9248	1	1	1	1	0	0	0	0
19.08.2015 08:44:25.562000	0.0650001	0.0685913	0.0635598	127.344	-668.453	0.000542535	5	4	4	4	312.004	361	44.2066	2.10321	0.380876	0.578397	6.77284	45.1302	19.8199	96.9082	1	1	1	1	0	0	0	0
19.08.2015 08:44:25.662000	0.0650001	0.0685913	0.0635598	127.344	-668.453	0.00072338	5	4	4	4	303.701	361	44.2658	2.17266	0.450326	0.578397	6.80705	45.1225	19.8034	96.9417	1	1	1	1	0	0	0	0
19.08.2015 08:44:25.762000	0.0650001	0.0685913	0.0635598	127.344	-668.453	0.000542535	5	4	4	4	360.625	361	44.3335	2.27047	0.54814	0.586011	6.8111	45.0989	19.7884	96.9087	1	1	1	1	0	0	0	0
19.08.2015 08:44:25.862000	0.0650001	0.0685913	0.0635598	127.344	-668.453	0.00108507	5	4	4	4	361.186	361	44.3946	2.34121	0.618876	0.606597	6.77546	45.0672	19.7707	96.855	1	1	1	1	0	0	0	0
19.08.2015 08:44:25.962000	0.0650001	0.0685913	0.0635598	127.344	-668.453	0	5	4	4	4	346.482	361	44.4543	2.38511	0.662774	0.606597	6.74964	45.0386	19.7497	96.826	1	1	1	1	0	0	0	0
19.08.2015 08:44:26.062000	0.0650001	0.0685913	0.0635598	127.344	-668.453	-0.00036169	5	4	4	4	390.767	361	44.5269	2.41404	0.69171	0.606597	6.73135	45.0288	19.7399	96.8262	1	1	1	1	0	0	0	0
19.08.2015 08:44:26.162000	0.0650001	0.0685913	0.0635598	127.344	-668.453	-0.000542535	5	4	4	4	366.665	361	44.5901	2.41644	0.694111	0.624258	6.7329	45.0396	19.7191	96.947	1	1	1	1	0	0	0	0
19.08.2015 08:44:26.262000	0.0650001	0.0685913	0.0635598	127.344	-668.453	-0.00180845	5	4	4	4	343.602	361	44.6513	2.41878	0.696451	0.647671	6.74149	44.9374	19.6937	96.653	1	1	1	1	0	0	0	0
19.08.2015 08:44:26.362000	0.0650001	0.0685913	0.0635598	127.344	-668.453	-0.0016276	5	4	4	4	316.305	361	44.7204	2.44126	0.718929	0.647671	6.75644	44.8354	19.6714	96.3478	1	1	1	1	0	0	0	0
19.08.2015 08:44:26.462000	0.0650001	0.0685913	0.0635598	127.349	-668.453	-0.00144676	5	4	4	4	315.277	361	44.7886	2.49755	0.775218	0.647671	6.77198	44.9195	19.6592	96.7166	1	1	1	1	0	0	0	0
19.08.2015 08:44:26.562000	0.0650001	0.0685913	0.0635598	127.359	-668.449	-0.00217014	5	4	4	4	325.489	361	44.8503	2.58123	0.858896	0.655613	6.80414	45.0037	19.6258	97.1669	1	1	1	1	0	0	0	0
19.08.2015 08:44:26.662000	0.0650001	0.0685913	0.0635598	127.357	-668.451	-0.0036169	5	4	4	4	372.72	361	44.9269	2.66262	0.940289	0.659705	6.80299	44.857	19.5903	96.7411	1	1	1	1	0	0	0	0
19.08.2015 08:44:26.762000	0.0650001	0.0685913	0.0635598	127.359	-668.453	-0.00325521	5	4	4	4	410.58	361	44.9955	2.70368	0.981349	0.659705	6.74634	44.8844	19.5598	96.9627	1	1	1	1	0	0	0	0
19.08.2015 08:44:26.862000	0.0650001	0.0685913	0.0635598	127.359	-668.453	-0.00180845	5	4	4	4	368.361	361	45.0671	2.68885	0.966522	0.667852	6.70812	44.7674	19.5362	96.6051	1	1	1	1	0	0	0	0
19.08.2015 08:44:26.962000	0.0650001	0.0685913	0.0635598	127.359	-668.453	-0.0016276	5	4	4	4	320.74	361	45.1398	2.67115	0.948822	0.710625	6.71247	44.812	19.5159	96.8536	1	1	1	1	0	0	0	0
19.08.2015 08:44:27.062000	0.0650001	0.0685913	0.0635598	127.359	-668.453	-0.00144676	5	4	4	4	346.294	361	45.2089	2.69249	0.970162	0.710625	6.76581	44.7494	19.5007	96.6724	1	1	1	1	0	0	0	0
19.08.2015 08:44:27.162000	0.0650001	0.0685913	0.0635598	127.359	-668.453	0	5	4	4	4	307.595	361	45.2835	2.736	1.01366	0.710625	6.77807	44.6455	19.485	96.3343	1	1	1	1	0	0	0	0
19.08.2015 08:44:27.262000	0.0650001	0.0685913	0.0635598	127.359	-668.453	0.00036169	5	4	4	4	334.88	361	45.3527	2.80848	1.08615	0.717949	6.81251	44.7314	19.4549	96.7788	1	1	1	1	0	0	0	0
19.08.2015 08:44:27.362000	0.0650001	0.0685913	0.0635598	127.359	-668.453	0	5	4	4	4	313.732	361	45.4337	2.89057	1.16824	0.720941	6.82096	44.6814	19.4294	96.6846	1	1	1	1	0	0	0	0
19.08.2015 08:44:27.462000	0.0650001	0.0685913	0.0635598	127.359	-668.453	0.00036169	5	4	4	4	381.201	361	45.5064	2.97636	1.25403	0.720941	6.81743	44.7521	19.3891	97.1099	1	1	1	1	0	0	0	0
19.08.2015 08:44:27.562000	0.0650001	0.0685913	0.0635598	127.359	-668.453	0.00108507	5	4	4	4	335.416	361	45.5879	3.0258	1.30347	0.746167	6.81441	44.4789	19.3484	96.2195	1	1	1	1	0	0	0	0
19.08.2015 08:44:27.662000	0.0650001	0.0685913	0.0635598	127.359	-668.453	0.00036169	5	4	4	4	384.611	361	45.6645	3.07124	1.34891	0.772423	6.82144	44.6444	19.3124	96.9912	1	1	1	1	0	0	0	0
19.08.2015 08:44:27.762000	0.0650001	0.0685913	0.0635598	127.359	-668.453	0.000542535	5	4	4	4	385.447	361	45.7411	3.08174	1.35941	0.772423	6.80409	44.521	19.274	96.6654	1	1	1	1	0	0	0	0
19.08.2015 08:44:27.862000	0.0650001	0.0685913	0.0635598	127.359	-668.453	0.00180845	5	4	4	4	348.869	361	45.8252	3.07361	1.35127	0.774596	6.79113	44.5617	19.2434	96.9386	1	1	1	1	0	0	0	0
19.08.2015 08:44:27.962000	0.0650001	0.0685913	0.0635598	127.359	-668.453	0.00217014	5	4	4	4	360.99	361	45.8978	3.07528	1.35295	0.779666	6.80554	44.4111	19.2488	96.3415	1	1	1	1	0	0	0	0
19.08.2015 08:44:28.062000	0.0650001	0.0685913	0.0635598	127.359	-668.453	0.00253183	5	4	4	4	329.151	361	45.9824	3.08222	1.35989	0.779666	6.81487	44.3923	19.2234	96.3665	1	1	1	1	0	0	0	0
19.08.2015 08:44:28.162000	0.0650001	0.0685913	0.0635598	127.359	-668.453	0.00217014	5	4	4	4	377.723	361	46.0575	3.10496	1.38263	0.780706	6.8388	44.5082	19.193	96.9267	1	1	1	1	0	0	0	0
19.08.2015 08:44:28.262000	0.0650001	0.0685913	0.0635598	127.362	-668.453	0.00217014	5	4	4	4	357.803	361	46.1366	3.10987	1.38754	0.787095	6.85113	44.3905	19.1764	96.5397	1	1	1	1	0	0	0	0
19.08.2015 08:44:28.362000	0.0650001	0.0685913	0.0635598	127.359	-668.453	0.000542535	5	4	4	4	312.589	361	46.2182	3.13002	1.40769	0.787095	6.83764	44.3438	19.1581	96.4313	1	1	1	1	0	0	0	0
19.08.2015 08:44:28.462000	0.0650001	0.0685913	0.0635598	127.367	-668.453	0.00108507	5	4	4	4	344.569	361	46.2933	3.18473	1.46239	0.787705	6.82124	44.4509	19.1331	96.937	1	1	1	1	0	0	0	0
19.08.2015 08:44:28.562000	0.0650001	0.0685913	0.0635598	127.367	-668.453	0.000542535	5	4	4	4	357.969	361	46.3818	3.23741	1.51508	0.802343	6.80629	44.4638	19.1085	97.0604	1	1	1	1	0	0	0	0
19.08.2015 08:44:28.662000	0.0650001	0.0685913	0.0635598	127.367	-668.453	0.00072338	5	4	4	4	333.213	361	46.4614	3.27435	1.55201	0.802343	6.79874	44.4868	19.0876	97.2483	1	1	1	1	0	0	0	0
19.08.2015 08:44:28.762000	0.0650001	0.0685913	0.0635598	127.359	-668.453	0	5	4	4	4	342.872	361	46.5425	3.32436	1.60204	0.803817	6.80971	43.6406	19.0534	94.1394	1	1	1	1	0	0	0	0
19.08.2015 08:44:28.862000	0.0650001	0.0685913	0.0635598	127.367	-668.453	0	5	4	4	4	372.568	361	46.6305	3.37419	1.65186	0.831832	6.81019	44.7082	19.0172	98.3658	1	1	1	1	0	0	0	0
19.08.2015 08:44:28.962000	0.0650001	0.0685913	0.0635598	127.367	-668.453	0.000542535	5	4	4	4	351.048	361	46.7151	3.39912	1.67679	0.831832	6.77143	44.1975	18.9879	96.5391	1	1	1	1	0	0	0	0
19.08.2015 08:44:29.062000	0.0650001	0.0685913	0.0635598	127.367	-668.453	0	5	4	4	4	292.663	361	46.7992	3.43429	1.71196	0.833881	6.82034	44.1569	18.9642	96.796	1	1	1	1	0	0	0	0
19.08.2015 08:44:29.162000	0.0650001	0.0685913	0.0635598	127.367	-668.453	0	5	4	4	4	351.673	361	46.8837	3.50625	1.78392	0.84891	6.83023	44.5978	18.9315	97.9217	1	1	1	1	0	0	0	0
19.08.2015 08:44:29.262000	0.0650001	0.0685913	0.0635598	127.367	-668.453	0.00036169	5	4	4	4	358.241	361	46.9782	3.56888	1.84655	0.84891	6.83508	43.7933	18.8968	95.1492	1	1	1	1	0	0	0	0
19.08.2015 08:44:29.362000	0.0650001	0.0685913	0.0635598	127.367	-668.453	0.00108507	5	4	4	4	356.017	361	47.0643	3.6199	1.89757	0.857895	6.83681	43.8801	18.8503	95.8342	1	1	1	1	0	0	0	0
19.08.2015 08:44:29.462000	0.0650001	0.0685913	0.0635598	127.367	-668.453	0.00072338	5	4	4	4	367.313	361	47.1538	3.6524	1.93007	0.87886	6.83673	44.4	18.8252	97.9209	1	1	1	1	0	0	0	0
19.08.2015 08:44:29.562000	0.0650001	0.0685913	0.0635598	127.367	-668.453	0	5	4	4	4	349.4	361	47.2404	3.67288	1.95054	0.87886	6.81442	43.6961	18.7873	95.46	1	1	1	1	0	0	0	0
19.08.2015 08:44:29.662000	0.0650001	0.0685913	0.0635598	127.367	-668.453	0	5	4	4	4	359.551	361	47.3309	3.69194	1.96961	0.888919	6.83598	43.8597	18.7569	96.1139	1	1	1	1	0	0	0	0
19.08.2015 08:44:29.762000	0.0650001	0.0685913	0.0635598	127.375	-668.453	-0.00217014	5	4	4	4	302.846	361	47.4259	3.717	1.99467	0.897839	6.89575	43.9108	18.7345	96.395	1	1	1	1	0	0	0	0
19.08.2015 08:44:29.862000	0.0650001	0.0685913	0.0635598	127.367	-668.453	-0.00036169	5	4	4	4	289.488	361	47.5174	3.79852	2.07619	0.897839	6.89659	43.8557	18.7044	96.2995	1	1	1	1	0	0	0	0
19.08.2015 08:44:29.962000	0.0650001	0.0685913	0.0635598	127.367	-668.453	0.0016276	5	4	4	4	349.308	361	47.6119	3.90967	2.18734	0.926763	6.84417	44.0778	18.6646	97.3023	1	1	1	1	0	0	0	0
19.08.2015 08:44:30.062000	0.0650001	0.0685913	0.0635598	127.367	-668.453	0.00108507	5	4	4	4	389.932	361	47.7064	3.98659	2.26425	0.931472	6.80536	43.8368	18.6251	96.5308	1	1	1	1	0	0	0	0
19.08.2015 08:44:30.162000	0.0650001	0.0685913	0.0635598	127.375	-668.453	0.0016276	5	4	4	4	364.621	361	47.8049	4.02105	2.29872	0.939242	6.80809	43.5278	18.5847	95.5021	1	1	1	1	0	0	0	0
19.08.2015 08:44:30.262000	0.0650001	0.0685913	0.0635598	127.375	-668.451	0.00289352	5	4	4	4	370.071	361	47.9034	4.03309	2.31076	0.960249	6.86824	43.7088	18.5395	96.3682	1	1	1	1	0	0	0	0
19.08.2015 08:44:30.362000	0.0650001	0.0685913	0.0635598	127.375	-668.453	0.00271267	5	4	4	4	335.978	361	48.0019	4.03978	2.31745	0.960249	6.87161	43.5806	18.5071	96.0013	1	1	1	1	0	0	0	0
19.08.2015 08:44:30.462000	0.0650001	0.0685913	0.0635598	127.375	-668.453	0.00217014	5	4	4	4	397.534	361	48.0994	4.05153	2.3292	0.97715	6.82458	43.8854	18.5001	97.195	1	1	1	1	0	0	0	0
19.08.2015 08:44:30.562000	0.0650001	0.0685913	0.0635598	127.379	-668.453	0.00217014	5	4	4	4	349.136	361	48.1984	4.03869	2.31635	0.983088	6.8432	43.4657	18.4828	95.6547	1	1	1	1	0	0	0	0
19.08.2015 08:44:30.662000	0.0650001	0.0685913	0.0635598	127.375	-668.453	0.00289352	5	4	4	4	345.354	361	48.2949	4.04082	2.31849	0.983086	6.86348	43.761	18.4628	96.8617	1	1	1	1	0	0	0	0
19.08.2015 08:44:30.762000	0.0650001	0.0685913	0.0635598	127.375	-668.453	0.00217014	5	4	4	4	365.522	361	48.3934	4.05926	2.33692	0.98308	6.86889	43.3963	18.4509	95.511	1	1	1	1	0	0	0	0
19.08.2015 08:44:30.862000	0.0650001	0.0685913	0.0635598	127.375	-668.453	0.00253183	5	4	4	4	337.065	361	48.4904	4.07296	2.35062	0.98308	6.85775	43.6087	18.4389	96.37	1	1	1	1	0	0	0	0
19.08.2015 08:44:30.962000	0.0650001	0.0685913	0.0635598	127.375	-668.453	0.0016276	5	4	4	4	357.509	361	48.5904	4.09471	2.37238	0.983075	6.88962	42.5425	18.4244	92.3434	1	1	1	1	0	0	0	0
19.08.2015 08:44:31.062000	0.0650001	0.0685913	0.0635598	127.383	-668.453	0.00072338	5	4	4	4	378.197	361	48.6893	4.11664	2.3943	0.983072	6.88984	43.5665	18.4131	96.3072	1	1	1	1	0	0	0	0
19.08.2015 08:44:31.162000	0.0650001	0.0685913	0.0635598	127.375	-668.453	0.000542535	5	4	4	4	344.007	361	48.7888	4.11704	2.39471	0.983698	6.84916	43.423	18.3947	95.8281	1	1	1	1	0	0	0	0
19.08.2015 08:44:31.262000	0.0650001	0.0685913	0.0635598	127.378	-668.453	0.00072338	5	4	4	4	347.764	361	48.8863	4.12668	2.40435	0.986985	6.85071	43.5155	18.3814	96.2338	1	1	1	1	0	0	0	0
19.08.2015 08:44:31.362000	0.0650001	0.0685913	0.0635598	127.379	-668.453	0.000542535	5	4	4	4	327.532	361	48.9888	4.15288	2.43055	0.986985	6.86357	43.6572	18.373	96.808	1	1	1	1	0	0	0	0
19.08.2015 08:44:31.462000	0.0650001	0.0685913	0.0635598	127.38	-668.453	0.00072338	5	4	4	4	360.156	361	49.0903	4.20083	2.4785	1.00078	6.8674	43.133	18.3515	94.8837	1	1	1	1	0	0	0	0
19.08.2015 08:44:31.562000	0.0650001	0.0685913	0.0635598	127.379	-668.453	0.000542535	5	4	4	4	366.083	361	49.1932	4.23261	2.51028	1.00697	6.83173	43.6208	18.3262	96.8479	1	1	1	1	0	0	0	0
19.08.2015 08:44:31.662000	0.0650001	0.0685913	0.0635598	127.38	-668.453	0.00036169	5	4	4	4	311.073	361	49.2942	4.25422	2.53189	1.01259	6.85914	43.5126	18.3154	96.475	1	1	1	1	0	0	0	0
19.08.2015 08:44:31.762000	0.0650001	0.0685913	0.0635598	127.383	-668.453	0.000542535	5	4	4	4	314.04	361	49.3977	4.31772	2.59538	1.02777	6.90995	43.5544	18.2919	96.7248	1	1	1	1	0	0	0	0
19.08.2015 08:44:31.862000	0.0650001	0.0685913	0.0635598	127.383	-668.453	0	5	4	4	4	360.817	361	49.5016	4.40295	2.68062	1.02777	6.89096	43.2262	18.2639	95.5759	1	1	1	1	0	0	0	0
19.08.2015 08:44:31.962000	0.0650001	0.0685913	0.0635598	127.383	-668.453	0.000542535	5	4	4	4	377.69	361	49.6076	4.46189	2.73956	1.04311	6.86412	43.3933	18.2316	96.3392	1	1	1	1	0	0	0	0
19.08.2015 08:44:32.062000	0.0650001	0.0685913	0.0635598	127.383	-668.453	0.00036169	5	4	4	4	339.798	361	49.7135	4.48868	2.76635	1.04501	6.8547	42.9049	18.2144	94.5353	1	1	1	1	0	0	0	0
19.08.2015 08:44:32.162000	0.0650001	0.0685913	0.0635598	127.383	-668.453	0.000542535	5	4	4	4	310.444	361	49.8215	4.53104	2.8087	1.05222	6.89667	43.2887	18.1899	96.0982	1	1	1	1	0	0	0	0
19.08.2015 08:44:32.262000	0.0650001	0.0685913	0.0635598	127.38	-668.453	0.00072338	5	4	4	4	367.405	361	49.9309	4.60125	2.87892	1.05837	6.87331	43.6176	18.1453	97.5282	1	1	1	1	0	0	0	0
19.08.2015 08:44:32.362000	0.0650001	0.0685913	0.0635598	127.383	-668.453	0	5	4	4	4	371.136	361	50.0378	4.63901	2.91668	1.06529	6.8574	42.9751	18.1072	95.2139	1	1	1	1	0	0	0	0
19.08.2015 08:44:32.462000	0.0650001	0.0685913	0.0635598	127.383	-668.453	-0.00108507	5	4	4	4	400.677	361	50.1473	4.65356	2.93123	1.08606	6.79959	43.1089	18.0871	95.8036	1	1	1	1	0	0	0	0
19.08.2015 08:44:32.562000	0.0650001	0.0685913	0.0635598	127.383	-668.453	-0.0016276	5	4	4	4	377.619	361	50.2562	4.62994	2.9076	1.08606	6.81432	43.5005	18.0685	97.374	1	1	1	1	0	0	0	0
19.08.2015 08:44:32.662000	0.0650001	0.0685913	0.0635598	127.383	-668.453	-0.00108507	5	4	4	4	333.458	361	50.3686	4.59612	2.87379	1.10535	6.82778	43.2847	18.0608	96.5773	1	1	1	1	0	0	0	0
19.08.2015 08:44:32.762000	0.0650001	0.0685913	0.0635598	127.383	-668.453	-0.0016276	5	4	4	4	290.132	361	50.4746	4.60877	2.88643	1.10535	6.84821	42.9448	18.0559	95.2946	1	1	1	1	0	0	0	0
19.08.2015 08:44:32.862000	0.0650001	0.0685913	0.0635598	127.383	-668.453	-0.00072338	5	4	4	4	354.736	361	50.5845	4.67529	2.95296	1.08856	6.88747	42.8054	18.0337	94.8461	1	1	1	1	0	0	0	0
19.08.2015 08:44:32.962000	0.0650001	0.0685913	0.0635598	127.383	-668.453	0.00108507	5	4	4	4	355.478	361	50.6939	4.72395	3.00162	1.08136	6.85499	42.9967	18.0135	95.6554	1	1	1	1	0	0	0	0
19.08.2015 08:44:33.062000	0.0650001	0.0685913	0.0635598	127.383	-668.453	-0.00036169	5	4	4	4	378.482	361	50.8054	4.76381	3.04148	1.09471	6.86841	42.9217	17.9897	95.4595	1	1	1	1	0	0	0	0
19.08.2015 08:44:33.162000	0.0650001	0.0685913	0.0635598	127.383	-668.453	0.00108507	5	4	4	4	366.55	361	50.9228	4.78206	3.05973	1.11038	6.83146	43.1567	17.968	96.4427	1	1	1	1	0	0	0	0
19.08.2015 08:44:33.262000	0.0650001	0.0685913	0.0635598	127.383	-668.453	0.00036169	5	4	4	4	335.596	361	51.0332	4.79429	3.07196	1.11563	6.81242	42.6311	17.9565	94.4743	1	1	1	1	0	0	0	0
19.08.2015 08:44:33.362000	0.0650001	0.0685913	0.0635598	127.383	-668.453	0.00108507	5	4	4	4	323.538	361	51.1461	4.82703	3.1047	1.13057	6.87023	42.6274	17.9425	94.5135	1	1	1	1	0	0	0	0
19.08.2015 08:44:33.462000	0.0650001	0.0685913	0.0635598	127.383	-668.453	0.00036169	5	4	4	4	392.317	361.139	51.2635	4.91666	3.19433	1.13346	6.84411	43.1093	17.9152	96.463	1	1	1	1	0.96	0	0	0
19.08.2015 08:44:33.562000	0.0650001	0.0685913	0.0635598	127.383	-668.453	0.000542535	5	4	4	4	350.832	362.037	51.3794	4.9545	3.23217	1.15687	6.87007	42.8509	17.8947	95.5523	1	1	1	1	1	0	0	0
19.08.2015 08:44:33.662000	0.0650001	0.0685913	0.0635598	127.383	-668.453	-0.00180845	5	4	4	4	357.05	363.865	51.4923	5.00391	3.28158	1.15687	6.91279	42.818	17.8632	95.5472	1	1	1	1	1	0	0	0
19.08.2015 08:44:33.762000	0.0650001	0.0685913	0.0635598	127.387	-668.449	-0.00271267	5	4	4	4	377.88	366.623	51.6122	5.06074	3.3384	1.15677	6.90403	42.7954	17.8308	95.5846	1	1	1	1	1	0	0	0
19.08.2015 08:44:33.862000	0.0650001	0.0685913	0.0635598	127.391	-668.453	-0.0036169	5	4	4	4	338.584	370.312	51.7311	5.1006	3.37826	1.15677	6.89807	42.5406	17.7975	94.7365	1	1	1	1	1	0	0	0
19.08.2015 08:44:33.962000	0.0650001	0.0685913	0.0635598	127.391	-668.453	-0.00705295	5	4	4	4	383.437	374.931	51.8509	5.24261	3.52028	1.18576	6.88798	42.9066	17.77	96.2431	1	1	1	1	1	0	0	0
19.08.2015 08:44:34.062000	0.0650001	0.0685913	0.0635598	127.391	-668.453	-0.00434028	5	4	4	4	375.88	380.48	51.9763	5.39503	3.6727	1.19009	6.85263	42.7105	17.7209	95.6804	1	1	1	1	1	0	0	0
19.08.2015 08:44:34.162000	0.0650001	0.0685913	0.0635598	127.391	-668.453	-0.00434028	5	4	4	4	409.716	386.959	52.1031	5.54078	3.81845	1.23659	6.86095	42.5946	17.6432	95.5336	1	1	1	1	1	0	0	0
19.08.2015 08:44:34.262000	0.0650001	0.0685913	0.0635598	127.391	-668.453	-0.00542535	5	4	4	4	367.112	394.369	52.2315	5.63006	3.90772	1.24354	6.83712	42.3039	17.5649	94.7208	1	1	1	1	1	0	0	0
19.08.2015 08:44:34.362000	0.0650001	0.0685913	0.0635598	127.391	-668.453	-0.00596788	5	4	4	4	380.55	402.71	52.3668	5.83188	4.10955	1.29995	6.85286	42.4633	17.4753	95.6741	1	1	1	1	1	0	0	0
19.08.2015 08:44:34.462000	0.0650001	0.0685913	0.0635598	127.391	-668.453	-0.0036169	5	4	4	4	384.619	411.981	52.5055	6.11551	4.39318	1.3194	6.85559	42.2324	17.3649	95.2125	1	1	1	1	1	0	0	0
19.08.2015 08:44:34.562000	0.0650001	0.0685913	0.0635598	127.391	-668.453	-0.00271267	5	4	4	4	414.792	422.181	52.6518	6.47393	4.75159	1.39732	6.89912	42.0734	17.2013	95.2303	1	1	1	1	1	0	0	0
19.08.2015 08:44:34.662000	0.0650001	0.0685913	0.0635598	127.391	-668.453	-0.00108507	5	4	4	4	414.676	433.312	52.808	6.85958	5.13724	1.46784	6.85632	41.871	17.0194	95.1515	1	1	1	1	1	0	0	0
19.08.2015 08:44:34.762000	0.0650001	0.0685913	0.0635598	127.391	-668.453	0	5	4	4	4	429.407	445.373	52.9721	7.26066	5.53833	1.52887	6.80156	41.6475	16.808	95.1055	1	1	1	1	1	0	0	0
19.08.2015 08:44:34.862000	0.0650001	0.0685913	0.0635598	127.391	-668.453	0.00072338	5	4	4	4	488.519	458.365	53.1442	7.63609	5.91376	1.63631	6.73513	41.4126	16.5712	95.1127	1	1	1	1	1	0	0	0
19.08.2015 08:44:34.962000	0.0650001	0.0685913	0.0635598	127.391	-668.453	0.000542535	5	4	4	4	404.489	472.286	53.3238	7.98068	6.25835	1.73464	6.73336	41.1632	16.3725	94.9188	1	1	1	1	1	0	0	0
19.08.2015 08:44:35.062000	0.0650001	0.0685913	0.0635598	127.393	-668.453	-0.00036169	5	4	4	4	465.649	487.138	53.5123	8.46017	6.73783	1.82011	6.77112	40.9131	16.1578	94.783	1	1	1	1	1	0	0	0
19.08.2015 08:44:35.162000	0.0650001	0.0685913	0.0635598	127.395	-668.453	-0.0016276	5	4	4	4	487.154	502.92	53.7118	8.98614	7.26381	1.89662	6.7671	40.6426	15.9046	94.7169	1	1	1	1	1	0	0	0
19.08.2015 08:44:35.262000	0.0650001	0.0685913	0.0635598	127.393	-668.453	-0.00144676	5	4	4	4	500.339	519.633	53.9207	9.54924	7.82691	2.02199	6.72583	40.373	15.6516	94.6533	1	1	1	1	1	0	0	0
19.08.2015 08:44:35.362000	0.0650001	0.0685913	0.0635598	127.398	-668.453	-0.0016276	5	4	4	4	521.772	537.274	54.1411	10.1223	8.39995	2.11767	6.72548	40.0981	15.3949	94.5834	1	1	1	1	1	0	0	0
19.08.2015 08:44:35.462000	0.0650001	0.0685913	0.0635598	127.393	-668.453	-0.00144676	5	4	4	4	524.514	555.846	54.3724	10.7169	8.99459	2.27507	6.73546	39.8293	15.1235	94.5935	1	1	1	1	1	0	0	0
19.08.2015 08:44:35.562000	0.0650001	0.0685913	0.0635598	127.395	-668.453	-0.00108507	5	4	4	4	516.32	575.347	54.6191	11.3766	9.65426	2.39364	6.65426	39.5586	14.8774	94.4993	1	1	1	1	1	0	0	0
19.08.2015 08:44:35.662000	0.0650001	0.0685913	0.0635598	127.396	-668.453	-0.00144676	5	4	4	4	573.056	595.78	54.8772	12.1179	10.3956	2.49501	6.63676	39.2951	14.654	94.3462	1	1	1	1	1	0	0	0
19.08.2015 08:44:35.762000	0.0650001	0.0685913	0.0635598	127.395	-668.453	-0.00108507	5	4	4	4	567.054	617.143	55.1488	12.8899	11.1676	2.65811	6.68669	39.0473	14.4233	94.2805	1	1	1	1	1	0	0	0
19.08.2015 08:44:35.862000	0.0650001	0.0685913	0.0635598	127.398	-668.453	-0.00072338	5	4	4	4	608.541	639.436	55.4403	13.7537	12.0314	2.85731	6.73126	38.8421	14.2167	94.2859	1	1	1	1	1	0	0	0
19.08.2015 08:44:35.962000	0.0650001	0.0685913	0.0635598	127.398	-668.453	-0.0016276	5	4	4	4	588.644	662.658	55.7512	14.64	12.9176	3.05586	6.70658	38.6076	14.0247	94.1228	1	1	1	1	1	0	0	0
19.08.2015 08:44:36.062000	0.0650001	0.0685913	0.0635598	127.398	-668.453	-0.00180845	5	4	4	4	575.396	686.812	56.08	15.6447	13.9223	3.22598	6.78239	38.3692	13.8266	93.9688	1	1	1	1	1	0	0	0
19.08.2015 08:44:36.162000	0.0650001	0.0685913	0.0635598	127.398	-668.453	-0.0016276	5	4	4	4	682.639	711.898	56.4287	16.8416	15.1193	3.47219	6.84308	38.1688	13.6238	93.9779	1	1	1	1	1	0	0	0
19.08.2015 08:44:36.262000	0.0650001	0.0685913	0.0635598	127.398	-668.453	-0.00144676	5	4	4	4	723.629	737.913	56.8032	17.9786	16.2563	3.69648	6.76212	38.0106	13.4781	93.9298	1	1	1	1	1	0	0	0
19.08.2015 08:44:36.362000	0.0650001	0.0685913	0.0635598	127.398	-668.453	-0.00108507	5	4	4	4	721.939	764.859	57.1987	19.0158	17.2934	3.91428	6.74477	37.8891	13.4042	93.7479	1	1	1	1	1	0	0	0
19.08.2015 08:44:36.462000	0.0650001	0.0685913	0.0635598	127.398	-668.453	-0.00072338	5	4	4	4	808.875	792.735	57.6071	20.0191	18.2968	4.09863	6.67869	37.8554	13.3881	93.6804	1	1	1	1	1	0	0	0
19.08.2015 08:44:36.562000	0.0650001	0.0685913	0.0635598	127.398	-668.453	0	5	4	4	4	776.94	689.633	58.0279	20.9584	13.7333	4.14678	6.63777	37.912	13.4573	93.6323	1	1	1	1	1	0.28	0	0.28
19.08.2015 08:44:36.662000	0.0650001	0.0685913	0.0635598	127.398	-668.453	-0.00108507	5	4	4	4	1240.16	361	59.351	21.3749	0	37.5398	6.65027	67.5443	19.1863	185.153	1	1	1	1	1	1	0.06	1
19.08.2015 08:44:36.762000	0.0650001	0.0685913	0.0635598	127.422	-668.441	-0.0016276	5	4	4	4	1313.62	361	62.2221	21.3749	0	74.4825	5.74593	107.027	1.70122	403.271	1	1	1	1	1	1	1	1
19.08.2015 08:44:36.862000	0.0650001	0.0685913	0.06215	127.424	-668.461	-0.00253183	5	4	4	4	23.2353	361	62.2211	21.3749	0	74.4825	3.95437	114.076	0.664022	434.231	1	1	1	1	1	1	1	1
19.08.2015 08:44:36.962000	0.0650001	0.0685913	0.061445	127.383	-668.555	-0.00379774	5	4	4	4	3.34412	361	62.2271	6.62623	0	74.4825	2.6719	127.141	0.55678	484.666	1	1	1	1	1	1	1	0.31
19.08.2015 08:44:37.062000	0.0650001	0.0685913	0.0635598	127.375	-668.513	-0.00253183	5	4	4	4	0.351919	361	62.2271	0	0	74.4825	1.71573	128.712	0.533219	490.772	1	1	1	1	1	1	1	0
19.08.2015 08:44:37.162000	0.0650001	0.0685913	0.0635598	127.383	-668.504	-0.0016276	5	4	4	4	0.253142	361	62.2271	0	0	74.4825	1.33926	128.775	0.536393	491.002	1	1	1	1	1	1	1	0
19.08.2015 08:44:37.262000	0.0650001	0.0685913	0.0635598	127.383	-668.5	-0.00144676	5	4	4	4	0.266202	361	62.2271	0	0	74.4825	1.08356	128.65	0.550676	490.467	1	1	1	1	1	1	1	0
19.08.2015 08:44:37.362000	0.0650001	0.0685913	0.0635598	127.383	-668.496	-0.00108507	5	4	4	4	0.262098	361	62.2271	0	0	74.4825	0.88588	128.578	0.528886	490.276	1	1	1	1	1	1	1	0
19.08.2015 08:44:37.462000	0.0650001	0.0685913	0.0635598	127.339	-668.513	-0.00144676	5	4	4	4	0.270408	361	62.2271	0	0	74.4825	0.739764	128.54	0.523148	490.15	1	1	1	1	1	1	1	0
19.08.2015 08:44:37.562000	0.0650001	0.0685913	0.0635598	127.297	-668.52	0.000542535	5	4	4	4	0.258186	361	62.2271	0	0	74.4825	0.655758	128.506	0.530168	489.995	1	1	1	1	1	1	1	0
19.08.2015 08:44:37.662000	0.0650001	0.0685913	0.0635598	127.297	-668.526	0	5	4	4	4	0.265585	361	62.2271	0	0	71.5091	0.587999	128.479	0.533219	489.877	1	1	1	1	1	1	1	0
19.08.2015 08:44:37.762000	0.0650001	0.0685913	0.0635598	127.297	-668.523	0.00108507	5	4	4	4	0.278276	361	62.2271	0	0	0.149093	0.527148	128.462	0.531693	489.818	1	1	1	1	1	1	1	0
19.08.2015 08:44:37.862000	0.0650001	0.0685913	0.0635598	127.299	-668.523	0.00072338	5	4	4	4	0.277897	361	62.2271	0	0	0.149093	0.476852	128.451	0.538224	489.754	1	1	1	1	1	1	1	0
19.08.2015 08:44:37.962000	0.0650001	0.0685913	0.0635598	127.297	-668.523	0.00108507	5	4	4	4	0.277788	361	62.2271	0	0	0.149093	0.443309	128.434	0.538285	489.687	1	1	1	1	1	1	1	0
19.08.2015 08:44:38.062000	0.0650001	0.0685913	0.0635598	127.297	-668.523	0.00072338	5	4	4	4	0.250689	361	62.2271	0	0	0.149093	0.415394	128.425	0.539567	489.646	1	1	1	1	1	1	1	0
19.08.2015 08:44:38.162000	0.0650001	0.0685913	0.0635598	127.297	-668.523	-0.0016276	5	4	4	4	0.240609	361	62.2271	0	0	0.149093	0.384049	128.428	0.54268	489.646	1	1	1	1	1	1	1	0
19.08.2015 08:44:38.262000	0.0650001	0.0685913	0.0635598	127.305	-668.523	0	5	4	4	4	0.231092	361	62.2271	0	0	0.149093	0.363375	128.417	0.543474	489.602	1	1	1	1	1	1	1	0
19.08.2015 08:44:38.362000	0.0650001	0.0685913	0.0635598	127.305	-668.523	0.000542535	5	4	4	4	0.243752	361	62.2271	0	0	0.149093	0.34639	128.411	0.549211	489.558	1	1	1	1	1	1	1	0
19.08.2015 08:44:38.462000	0.0650001	0.0685913	0.0635598	127.299	-668.523	-0.00036169	5	4	4	4	0.250574	361	62.2271	0	0	0.149093	0.330093	128.41	0.542558	489.58	1	1	1	1	1	1	1	0
19.08.2015 08:44:38.562000	0.0650001	0.0685913	0.0635598	127.301	-668.523	-0.000542535	5	4	4	4	0.245314	361	62.2271	0	0	0.149093	0.313274	128.407	0.537248	489.586	1	1	1	1	1	1	1	0
19.08.2015 08:44:38.662000	0.0650001	0.0685913	0.0635598	127.302	-668.523	-0.00108507	5	4	4	4	0.240602	361	62.2271	0	0	0.14462	0.301425	128.402	0.539567	489.56	1	1	1	1	1	1	1	0
19.08.2015 08:44:38.762000	0.0650001	0.0685913	0.0635598	127.297	-668.523	-0.0016276	5	4	4	4	0.253428	361	62.2271	0	0	0	0.291826	128.399	0.537797	489.557	1	1	1	1	1	1	1	0
19.08.2015 08:44:38.862000	0.0650001	0.0685913	0.0635598	127.297	-668.523	-0.00253183	5	4	4	4	0.244929	361	62.2271	0	0	0	0.280736	128.399	0.540849	489.542	1	1	1	1	1	1	1	0
19.08.2015 08:44:38.962000	0.0650001	0.0685913	0.0635598	127.277	-668.523	-0.00325521	5	4	4	4	0.232472	361	62.2271	0	0	0	0.275405	128.392	0.540727	489.516	1	1	1	1	1	1	1	0
19.08.2015 08:44:39.062000	0.0650001	0.0685913	0.0635598	127.221	-668.523	-0.00434028	5	4	4	4	0.252662	361	62.2271	0	0	0	0.275521	128.39	0.540849	489.509	1	1	1	1	1	1	1	0
19.08.2015 08:44:39.162000	0.0650001	0.0685913	0.0635598	127.211	-668.512	-0.00542535	5	4	4	4	0.260138	361	62.2271	0	0	0	0.279282	128.391	0.541337	489.511	1	1	1	1	1	1	1	0
19.08.2015 08:44:39.262000	0.0650001	0.0685913	0.0635598	127.214	-668.146	-0.00470197	5	4	4	4	0.286128	361	62.2271	0	0	0	0.281988	128.389	0.540239	489.508	1	1	1	1	1	1	1	0
19.08.2015 08:44:39.362000	0.0650001	0.0685913	0.0635598	127.301	-663.945	-0.00434028	5	4	4	4	0.260854	361	62.2271	0	0	0	0.285019	128.392	0.538102	489.526	1	1	1	1	1	1	1	0
19.08.2015 08:44:39.462000	0.0650001	0.0685913	0.0635598	127.32	-647.604	-0.00325521	5	4	4	4	0.231196	361	62.2271	0	0	0	0.287334	128.39	0.535478	489.53	1	1	1	1	1	1	1	0
19.08.2015 08:44:39.562000	0.0650001	0.0685913	0.0635598	127.32	-626.711	-0.00271267	5	4	4	4	0.244239	361	62.2271	0	0	0	0.289598	128.376	0.539062	489.464	1	1	1	1	1	1	1	0
19.08.2015 08:44:39.662000	0.0650001	0.0685913	0.0635598	127.32	-604.169	-0.00289352	5	4	4	4	0.252548	361	62.2271	0	0	0	0.291725	128.357	0.540178	489.385	1	1	1	1	1	1	1	0
19.08.2015 08:44:39.762000	0.0650001	0.0685913	0.0635598	127.32	-563.828	-0.00217014	5	4	4	4	0.252641	361	62.2271	0	0	0	0.292093	128.341	0.538285	489.326	1	1	1	1	1	1	1	0
19.08.2015 08:44:39.862000	0.0650001	0.0685913	0.0635598	127.32	-530.802	0.00036169	5	4	4	4	0.255819	361	62.2271	0	0	0	0.293663	128.317	0.540422	489.229	1	1	1	1	1	1	1	0
19.08.2015 08:44:39.962000	0.0650001	0.0685913	0.0635598	127.32	-494.754	0	5	4	4	4	0.274039	361	62.2271	0	0	0	0.29511	128.297	0.543229	489.14	1	1	1	1	1	1	1	0
19.08.2015 08:44:40.062000	0.0650001	0.0685913	0.0635598	127.32	-448.635	-0.00072338	5	4	4	4	0.255777	361	62.2271	0	0	0	0.296354	128.272	0.541642	489.053	1	1	1	1	1	1	1	0
19.08.2015 08:44:40.162000	0.0650001	0.0685913	0.0635598	127.32	-395.695	0.0016276	5	4	4	4	0.259977	361	62.2271	0	0	0	0.296065	128.236	0.544084	488.908	1	1	1	1	1	1	1	0
19.08.2015 08:44:40.262000	0.0650001	0.0685913	0.0635598	127.32	-353.984	0.00253183	5	4	4	4	0.256132	361	62.2271	0	0	0	0.297801	128.223	0.54152	488.866	1	1	1	1	1	1	1	0
19.08.2015 08:44:40.362000	0.0650001	0.0685913	0.0635598	127.316	-312.25	0.00325521	5	4	4	4	0.241212	361	62.2271	0	0	0	0.298148	128.195	0.545305	488.745	1	1	1	1	1	1	1	0
19.08.2015 08:44:40.462000	0.0650001	0.0685913	0.0635598	127.32	-259.674	0.00434028	5	4	4	4	0.258788	361	62.2271	0	0	0	0.298785	128.166	0.545549	488.633	1	1	1	1	1	1	1	0
19.08.2015 08:44:40.562000	0.0650001	0.0685913	0.0635598	127.32	-212.871	0.00488281	5	4	4	4	0.264252	361	62.2271	0	0	0	0.298785	128.136	0.544389	488.525	1	1	1	1	1	1	1	0
19.08.2015 08:44:40.662000	0.0650001	0.0685913	0.0635598	127.326	-171.661	0.00434028	5	4	4	4	0.264535	361	62.2271	0	0	0	0.299508	128.112	0.544206	488.43	1	1	1	1	1	1	1	0
19.08.2015 08:44:40.762000	0.0650001	0.0685913	0.0635598	127.324	-130.348	0.00434028	5	4	4	4	0.255793	361	62.2271	0	0	0	0.29974	128.084	0.545854	488.317	1	1	1	1	1	1	1	0
19.08.2015 08:44:40.862000	0.0650001	0.0685913	0.0635598	127.326	-73.1198	0.00289352	5	4	4	4	0.262144	361	62.2271	0	0	0	0.299508	128.054	0.547868	488.194	1	1	1	1	1	1	1	0
19.08.2015 08:44:40.962000	0.0650001	0.0685913	0.0635598	127.328	-32.2773	0.0016276	5	4	4	4	0.243876	361	62.2271	0	0	0	0.300029	128.027	0.546953	488.097	1	1	1	1	1	1	1	0
19.08.2015 08:44:41.062000	0.0650001	0.0685913	0.0635598	127.328	8.75781	0.00072338	5	4	4	4	0.243107	361	62.2271	0	0	0	0.299711	128.001	0.548662	487.99	1	1	1	1	1	1	1	0
19.08.2015 08:44:41.162000	0.0650001	0.0685913	0.0635598	127.328	57.7461	0.00108507	5	4	4	4	0.254522	361	62.2271	0	0	0	0.300347	127.979	0.549944	487.902	1	1	1	1	1	1	1	0
19.08.2015 08:44:41.262000	0.0650001	0.0685913	0.0635598	127.328	107.208	0.00036169	5	4	4	4	0.259688	361	62.2271	0	0	0	0.299392	127.953	0.551408	487.795	1	1	1	1	1	1	1	0
19.08.2015 08:44:41.362000	0.0650001	0.0685913	0.0635598	127.328	147.871	0.00108507	5	4	4	4	0.244611	361	62.2271	0	0	0	0.300781	127.93	0.553789	487.696	1	1	1	1	1	1	1	0
19.08.2015 08:44:41.462000	0.0650001	0.0685913	0.0635598	127.328	188.112	0.00036169	5	4	4	4	0.260616	361	62.2271	0	0	0	0.299913	127.9	0.552873	487.588	1	1	1	1	1	1	1	0
19.08.2015 08:44:41.562000	0.0650001	0.0685913	0.0635598	127.328	236.598	0.00108507	5	4	4	4	0.275474	361	62.2271	0	0	0	0.300145	127.879	0.547502	487.529	1	1	1	1	1	1	1	0
19.08.2015 08:44:41.662000	0.0650001	0.0685913	0.0635598	127.328	285.148	-0.00108507	5	4	4	4	0.245064	361	62.2271	0	0	0	0.299884	127.853	0.545427	487.436	1	1	1	1	1	1	1	0
19.08.2015 08:44:41.762000	0.0650001	0.0685913	0.0635598	127.328	325.512	-0.0016276	5	4	4	4	0.250148	361	62.2271	0	0	0	0.300231	127.831	0.543901	487.356	1	1	1	1	1	1	1	0
19.08.2015 08:44:41.862000	0.0650001	0.0685913	0.0635598	127.328	365.857	-0.00217014	5	4	4	4	0.266108	361	62.2271	0	0	0	0.299971	127.801	0.545671	487.236	1	1	1	1	1	1	1	0
19.08.2015 08:44:41.962000	0.0650001	0.0685913	0.0635598	127.336	422.211	-0.00379774	5	4	4	4	0.267066	361	62.2271	0	0	0	0.299219	127.779	0.545427	487.153	1	1	1	1	1	1	1	0
19.08.2015 08:44:42.062000	0.0650001	0.0685913	0.0635598	127.333	462.758	-0.00434028	5	4	4	4	0.256347	361	62.2271	0	0	0	0.299942	127.756	0.544023	487.07	1	1	1	1	1	1	1	0
19.08.2015 08:44:42.162000	0.0650001	0.0685913	0.0635598	127.328	503.254	-0.00542535	5	4	4	4	0.271109	361	62.2271	0	0	0	0.299711	127.731	0.545366	486.969	1	1	1	1	1	1	1	0
19.08.2015 08:44:42.262000	0.0650001	0.0685913	0.0635598	127.339	548.352	-0.00325521	5	4	4	4	0.255605	361	62.2271	0	0	0	0.300203	127.709	0.546159	486.881	1	1	1	1	1	1	1	0
19.08.2015 08:44:42.362000	0.0650001	0.0685913	0.0635598	127.34	592.648	-0.00488281	5	4	4	4	0.256007	361	62.2271	0	0	0	0.299045	127.685	0.547075	486.785	1	1	1	1	1	1	1	0
19.08.2015 08:44:42.462000	0.0650001	0.0685913	0.0635598	127.341	620.435	-0.00434028	5	4	4	4	0.271383	361	62.2271	0	0	0	0.300203	127.657	0.544633	486.687	1	1	1	1	1	1	1	0
19.08.2015 08:44:42.562000	0.0650001	0.0685913	0.0635598	127.344	643.359	-0.00217014	5	4	4	4	0.271793	361	62.2271	0	0	0	0.299334	127.635	0.544939	486.602	1	1	1	1	1	1	1	0
19.08.2015 08:44:42.662000	0.0650001	0.0685913	0.0635598	127.344	663.125	-0.00108507	5	4	4	4	0.254861	361	62.2271	0	0	0	0.299797	127.612	0.546037	486.509	1	1	1	1	1	1	1	0
19.08.2015 08:44:42.762000	0.0650001	0.0685913	0.0635598	127.344	671.926	0	5	4	4	4	0.265197	361	62.2271	0	0	0	0.299161	127.591	0.545366	486.43	1	1	1	1	1	1	1	0
19.08.2015 08:44:42.862000	0.0650001	0.0685913	0.0635598	127.344	673.766	0	5	4	4	4	0.261752	361	62.2271	0	0	0	0.299797	127.567	0.546281	486.337	1	1	1	1	1	1	1	0
19.08.2015 08:44:42.962000	0.0650001	0.0685913	0.0635598	127.352	675.023	0.000542535	5	4	4	4	0.266768	361	62.2271	0	0	0	0.29974	127.541	0.546098	486.237	1	1	1	1	1	1	1	0
19.08.2015 08:44:43.062000	0.0650001	0.0685913	0.0635598	127.352	675.052	0.00108507	5	4	4	4	0.24337	361	62.2271	0	0	0	0.299508	127.519	0.54561	486.157	1	1	1	1	1	1	1	0
19.08.2015 08:44:43.162000	0.0650001	0.0685913	0.0635598	127.352	675.047	0.00271267	5	4	4	4	0.249382	361	62.2271	0	0	0	0.29974	127.497	0.544633	486.076	1	1	1	1	1	1	1	0
19.08.2015 08:44:43.262000	0.0650001	0.0685913	0.0635598	127.349	675.036	0.00253183	5	4	4	4	0.254342	361	62.2271	0	0	0	0.299508	127.468	0.546159	485.957	1	1	1	1	1	1	1	0
19.08.2015 08:44:43.362000	0.0650001	0.0685913	0.0635598	127.293	675.047	0.00217014	5	4	4	4	0.257373	361	62.2271	0	0	0	0.299913	127.443	0.545915	485.863	1	1	1	1	1	1	1	0
19.08.2015 08:44:43.462000	0.0650001	0.0685913	0.0635598	127.255	675.073	0.00217014	5	4	4	4	0.248087	361	62.2271	0	0	0	0.297164	127.43	0.544877	485.819	1	1	1	1	1	1	1	0
19.08.2015 08:44:43.562000	0.0650001	0.0685913	0.0635598	127.227	675.063	0.0016276	5	4	4	4	0.256103	361	62.2271	0	0	0	0.293692	127.406	0.547441	485.715	1	1	1	1	1	1	1	0
19.08.2015 08:44:43.662000	0.0650001	0.0685913	0.0635598	127.232	675.044	0.00253183	5	4	4	4	0.265135	361	62.2271	0	0	0	0.291725	127.384	0.545183	485.641	1	1	1	1	1	1	1	0
19.08.2015 08:44:43.762000	0.0650001	0.0685913	0.0635598	127.234	675.055	0.00271267	5	4	4	4	0.267904	361	62.2271	0	0	0	0.2886	127.362	0.548723	485.544	1	1	1	1	1	1	1	0
19.08.2015 08:44:43.862000	0.0650001	0.0685913	0.0635598	127.234	675.013	0.00180845	5	4	4	4	0.257556	361	62.2271	0	0	0	0.281076	127.342	0.548112	485.469	1	1	1	1	1	1	1	0
19.08.2015 08:44:43.962000	0.0650001	0.0685913	0.0635598	127.234	675.035	0.00271267	5	4	4	4	0.250458	361	62.2271	0	0	0	0.281308	127.316	0.549699	485.362	1	1	1	1	1	1	1	0
19.08.2015 08:44:44.062000	0.0650001	0.0685913	0.0635598	127.237	675.021	0.00108507	5	4	4	4	0.254542	361	62.2271	0	0	0	0.276505	127.298	0.552995	485.281	1	1	1	1	1	1	1	0
19.08.2015 08:44:44.162000	0.0650001	0.0685913	0.0635598	127.242	675.02	0.00217014	5	4	4	4	0.233923	361	62.2271	0	0	0	0.275637	127.274	0.554704	485.183	1	1	1	1	1	1	1	0
19.08.2015 08:44:44.262000	0.0650001	0.0685913	0.0635598	127.237	675.031	0.00108507	5	4	4	4	0.245018	361	62.2271	0	0	0	0.275984	127.256	0.557878	485.101	1	1	1	1	1	1	1	0
19.08.2015 08:44:44.362000	0.0650001	0.0685913	0.0635598	127.234	675.117	0.000542535	5	4	4	4	0.244723	361	62.2271	0	0	0	0.278299	127.237	0.558977	485.023	1	1	1	1	1	1	1	0
19.08.2015 08:44:44.462000	0.0650001	0.0685913	0.0635598	127.242	675.044	0.00072338	5	4	4	4	0.242861	361	62.2271	0	0	0	0.281655	127.216	0.552202	484.97	1	1	1	1	1	1	1	0
19.08.2015 08:44:44.562000	0.0650001	0.0685913	0.0635598	127.25	675.086	0	5	4	4	4	0.234982	361	62.2271	0	0	0	0.282581	127.195	0.547868	484.906	1	1	1	1	1	1	1	0
19.08.2015 08:44:44.662000	0.0650001	0.0685913	0.0635598	127.25	675.174	0.00036169	5	4	4	4	0.240736	361	62.2271	0	0	0	0.285475	127.176	0.547319	484.835	1	1	1	1	1	1	1	0
19.08.2015 08:44:44.762000	0.0650001	0.0685913	0.0635598	127.25	675.113	0.000542535	5	4	4	4	0.252363	361	62.2271	0	0	0	0.286921	127.154	0.549333	484.745	1	1	1	1	1	1	1	0
19.08.2015 08:44:44.862000	0.0650001	0.0685913	0.0635598	127.25	675.094	0.00072338	5	4	4	4	0.242762	361	62.2271	0	0	0	0.288715	127.133	0.548357	484.669	1	1	1	1	1	1	1	0
19.08.2015 08:44:44.962000	0.0650001	0.0685913	0.0635598	127.25	675.078	-0.00108507	5	4	4	4	0.252719	361	62.2271	0	0	0	0.289063	127.113	0.549699	484.587	1	1	1	1	1	1	1	0
19.08.2015 08:44:45.062000	0.0650001	0.0685913	0.0635598	127.25	675.065	-0.00180845	5	4	4	4	0.237098	361	62.2271	0	0	0	0.291319	127.089	0.548296	484.5	1	1	1	1	1	1	1	0
19.08.2015 08:44:45.162000	0.0650001	0.0685913	0.0635598	127.25	675.059	0	5	4	4	4	0.248295	361	62.2271	0	0	0	0.292188	127.068	0.54915	484.415	1	1	1	1	1	1	1	0
19.08.2015 08:44:45.262000	0.0650001	0.0685913	0.0635598	127.25	675.042	0.00072338	5	4	4	4	0.249471	361	62.2271	0	0	0	0.292911	127.049	0.551469	484.336	1	1	1	1	1	1	1	0
19.08.2015 08:44:45.362000	0.0650001	0.0685913	0.0635598	127.25	675.047	0.00108507	5	4	4	4	0.240428	361	62.2271	0	0	0	0.29401	127.029	0.556169	484.239	1	1	1	1	1	1	1	0
19.08.2015 08:44:45.462000	0.0650001	0.0685913	0.0635598	127.25	675.034	0.00108507	5	4	4	4	0.260462	361	62.2271	0	0	0	0.29456	127.008	0.558733	484.15	1	1	1	1	1	1	1	0
19.08.2015 08:44:45.562000	0.0650001	0.0685913	0.0635598	127.25	675.023	0.00108507	5	4	4	4	0.251413	361	62.2271	0	0	0	0.295718	126.985	0.561419	484.049	1	1	1	1	1	1	1	0
19.08.2015 08:44:45.662000	0.0650001	0.0685913	0.0635598	127.25	675.023	0.00108507	5	4	4	4	0.248579	361	62.2271	0	0	0	0.295052	126.963	0.563555	483.957	1	1	1	1	1	1	1	0
19.08.2015 08:44:45.762000	0.0650001	0.0685913	0.0635598	127.25	675.023	0.00108507	5	4	4	4	0.242149	361	62.2271	0	0	0	0.296441	126.941	0.565996	483.863	1	1	1	1	1	1	1	0
19.08.2015 08:44:45.862000	0.0650001	0.0685913	0.0635598	127.25	675.021	0.00036169	5	4	4	4	0.265424	361	62.2271	0	0	0	0.296557	126.921	0.569109	483.777	1	1	1	1	1	1	1	0
19.08.2015 08:44:45.962000	0.0650001	0.0685913	0.0635598	127.25	675.02	0.00271267	5	4	4	4	0.251975	361	62.2271	0	0	0	0.297251	126.905	0.571612	483.706	1	1	1	1	1	1	1	0
19.08.2015 08:44:46.062000	0.0650001	0.0685913	0.0635598	127.25	675.023	0.00289352	5	4	4	4	0.253901	361	62.2271	0	0	0	0.29728	126.879	0.573199	483.601	1	1	1	1	1	1	1	0
19.08.2015 08:44:46.162000	0.0650001	0.0685913	0.0635598	127.25	675.023	0.00271267	5	4	4	4	0.269031	361	62.2271	0	0	0	0.297627	126.86	0.576006	483.515	1	1	1	1	1	1	1	0
19.08.2015 08:44:46.262000	0.0650001	0.0685913	0.0635598	127.25	675.008	0.00289352	5	4	4	4	0.250125	361	62.2271	0	0	0	0.297772	126.841	0.577044	483.438	1	1	1	1	1	1	1	0
19.08.2015 08:44:46.362000	0.0650001	0.0685913	0.0635598	127.25	675	0.00108507	5	4	4	4	0.256479	361	62.2271	0	0	0	0.297483	126.821	0.580218	483.349	1	1	1	1	1	1	1	0
19.08.2015 08:44:46.462000	0.0650001	0.0685913	0.0635598	127.25	675	0.00108507	5	4	4	4	0.251272	361	62.2271	0	0	0	0.298293	126.798	0.581133	483.261	1	1	1	1	1	1	1	0
19.08.2015 08:44:46.562000	0.0650001	0.0685913	0.0635598	127.25	675	0.000542535	5	4	4	4	0.258239	361	62.2271	0	0	0	0.29783	126.78	0.58327	483.183	1	1	1	1	1	1	1	0
19.08.2015 08:44:46.662000	0.0650001	0.0685913	0.0635598	127.25	674.992	-0.00036169	5	4	4	4	0.257049	361	62.2271	0	0	0	0.298322	126.761	0.586261	483.098	1	1	1	1	1	1	1	0
19.08.2015 08:44:46.762000	0.0650001	0.0685913	0.0635598	127.25	674.984	0	5	4	4	4	0.26006	361	62.2271	0	0	0	0.297454	126.738	0.589435	482.996	1	1	1	1	1	1	1	0
19.08.2015 08:44:46.862000	0.0650001	0.0685913	0.0635598	127.25	674.987	-0.00108507	5	4	4	4	0.263273	361	62.2271	0	0	0	0.298524	126.718	0.592975	482.908	1	1	1	1	1	1	1	0
19.08.2015 08:44:46.962000	0.0650001	0.0685913	0.0635598	127.25	674.984	-0.00271267	5	4	4	4	0.242709	361	62.2271	0	0	0	0.297888	126.703	0.596026	482.838	1	1	1	1	1	1	1	0
19.08.2015 08:44:47.062000	0.0650001	0.0685913	0.0635598	127.25	674.987	-0.00470197	5	4	4	4	0.251478	361	62.2271	0	0	0	0.298351	126.683	0.600665	482.745	1	1	1	1	1	1	1	0
19.08.2015 08:44:47.162000	0.0650001	0.0685913	0.0635598	127.25	674.984	-0.00488281	5	4	4	4	0.2477	361	62.2271	0	0	0	0.297714	126.665	0.604755	482.658	1	1	1	1	1	1	1	0
19.08.2015 08:44:47.262000	0.0650001	0.0685913	0.0635598	127.25	674.984	-0.00542535	5	4	4	4	0.268929	361	62.2271	0	0	0	0.298553	126.647	0.607562	482.58	1	1	1	1	1	1	1	0
19.08.2015 08:44:47.362000	0.0650001	0.0685913	0.0635598	127.25	674.984	-0.00488281	5	4	4	4	0.271566	361	62.2271	0	0	0	0.298669	126.628	0.602679	482.524	1	1	1	1	1	1	1	0
19.08.2015 08:44:47.462000	0.0650001	0.0685913	0.0635598	127.25	674.982	-0.00434028	5	4	4	4	0.252335	361	62.2271	0	0	0	0.298061	126.61	0.602618	482.458	1	1	1	1	1	1	1	0
19.08.2015 08:44:47.562000	0.0650001	0.0685913	0.0635598	127.25	674.98	-0.00108507	5	4	4	4	0.258409	361	62.2271	0	0	0	0.298351	126.594	0.605976	482.382	1	1	1	1	1	1	1	0
19.08.2015 08:44:47.662000	0.0650001	0.0685913	0.0635598	127.25	674.961	-0.00144676	5	4	4	4	0.249825	361	62.2271	0	0	0	0.298495	126.574	0.607074	482.3	1	1	1	1	1	1	1	0
19.08.2015 08:44:47.762000	0.0650001	0.0685913	0.0635598	127.25	674.961	0	5	4	4	4	0.263215	361	62.2271	0	0	0	0.2989	126.551	0.607624	482.212	1	1	1	1	1	1	1	0
19.08.2015 08:44:47.862000	0.0650001	0.0685913	0.0635598	127.253	674.958	0	5	4	4	4	0.26628	361	62.2271	0	0	0	0.297743	126.536	0.61214	482.136	1	1	1	1	1	1	1	0
19.08.2015 08:44:47.962000	0.0650001	0.0685913	0.0635598	127.25	674.953	0.00108507	5	4	4	4	0.238634	361	62.2271	0	0	0	0.298958	126.519	0.612384	482.073	1	1	1	1	1	1	1	0
19.08.2015 08:44:48.062000	0.0650001	0.0685913	0.0635598	127.25	674.992	0.00108507	5	4	4	4	0.258211	361	62.2271	0	0	0	0.298177	126.497	0.616474	481.973	1	1	1	1	1	1	1	0
19.08.2015 08:44:48.162000	0.0650001	0.0685913	0.0635598	127.25	674.992	0.0016276	5	4	4	4	0.264604	361	62.2271	0	0	0	0.298987	126.481	0.620502	481.895	1	1	1	1	1	1	1	0
19.08.2015 08:44:48.262000	0.0650001	0.0685913	0.0635598	127.25	674.992	0.00144676	5	4	4	4	0.254154	361	62.2271	0	0	0	0.298235	126.461	0.622028	481.814	1	1	1	1	1	1	1	0
19.08.2015 08:44:48.362000	0.0650001	0.0685913	0.0635598	127.254	674.984	0.00705295	5	4	4	4	0.24991	361	62.2271	0	0	0	0.29864	126.443	0.626057	481.728	1	1	1	1	1	1	1	0
19.08.2015 08:44:48.462000	0.0650001	0.0685913	0.0635598	127.25	674.997	0.00325521	5	4	4	4	0.245034	361	62.2271	0	0	0	0.298495	126.425	0.62978	481.644	1	1	1	1	1	1	1	0
19.08.2015 08:44:48.562000	0.0650001	0.0685913	0.0635598	127.25	675	0.00217014	5	4	4	4	0.26317	361	62.2271	0	0	0	0.298148	126.408	0.632771	481.567	1	1	1	1	1	1	1	0
19.08.2015 08:44:48.662000	0.0650001	0.0685913	0.0635598	127.25	675	0.00217014	5	4	4	4	0.261379	361	62.2271	0	0	0	0.298003	126.388	0.636738	481.475	1	1	1	1	1	1	1	0
19.08.2015 08:44:48.762000	0.0650001	0.0685913	0.0635598	127.25	675	0.00325521	5	4	4	4	0.25978	361	62.2271	0	0	0	0.297483	126.371	0.63918	481.403	1	1	1	1	1	1	1	0
19.08.2015 08:44:48.862000	0.0650001	0.0685913	0.0635598	127.25	675	0.00289352	5	4	4	4	0.281228	361	62.2271	0	0	0	0.297598	126.351	0.641316	481.319	1	1	1	1	1	1	1	0
19.08.2015 08:44:48.962000	0.0650001	0.0685913	0.0635598	127.25	675	0.00217014	5	4	4	4	0.262167	361	62.2271	0	0	0	0.296672	126.333	0.645527	481.232	1	1	1	1	1	1	1	0
19.08.2015 08:44:49.062000	0.0650001	0.0685913	0.0635598	127.25	675.01	0.00217014	5	4	4	4	0.261607	361	62.2271	0	0	0	0.297569	126.318	0.651692	481.15	1	1	1	1	1	1	1	0
19.08.2015 08:44:49.162000	0.0650001	0.0685913	0.0635598	127.254	675.016	0	5	4	4	4	0.249247	361	62.2271	0	0	0	0.297164	126.305	0.653951	481.092	1	1	1	1	1	1	1	0
19.08.2015 08:44:49.262000	0.0650001	0.0685913	0.0635598	127.253	675.021	0.00036169	5	4	4	4	0.249118	361	62.2271	0	0	0	0.297338	126.277	0.658834	480.968	1	1	1	1	1	1	1	0
19.08.2015 08:44:49.362000	0.0650001	0.0685913	0.0635598	127.254	675.023	0.00108507	5	4	4	4	0.263404	361	62.2271	0	0	0	0.296354	126.263	0.66213	480.901	1	1	1	1	1	1	1	0
19.08.2015 08:44:49.462000	0.0650001	0.0685913	0.0635598	127.25	675.034	0	5	4	4	4	0.263557	361	62.2271	0	0	0	0.297396	126.249	0.666891	480.829	1	1	1	1	1	1	1	0
19.08.2015 08:44:49.562000	0.0650001	0.0685913	0.0635598	127.254	675.031	0	5	4	4	4	0.278664	361	62.2271	0	0	0	0.297222	126.231	0.670247	480.745	1	1	1	1	1	1	1	0
19.08.2015 08:44:49.662000	0.0650001	0.0685913	0.0635598	127.25	675.047	0.00108507	5	4	4	4	0.245359	361	62.2271	0	0	0	0.296904	126.21	0.673116	480.655	1	1	1	1	1	1	1	0
19.08.2015 08:44:49.762000	0.0650001	0.0685913	0.0635598	127.25	675.055	0	5	4	4	4	0.240329	361	62.2271	0	0	0	0.296904	126.19	0.681539	480.549	1	1	1	1	1	1	1	0
19.08.2015 08:44:49.862000	0.0650001	0.0685913	0.0635598	127.25	675.063	0.00072338	5	4	4	4	0.251732	361	62.2271	0	0	0	0.297049	126.174	0.686422	480.466	1	1	1	1	1	1	1	0
19.08.2015 08:44:49.962000	0.0650001	0.0685913	0.0635598	127.246	675.012	0.000542535	5	4	4	4	0.237109	361	62.2271	0	0	0	0.297049	126.162	0.6835	480.429	1	1	1	1	1	1	1	0
19.08.2015 08:44:50.062000	0.0650001	0.0685913	0.0635598	127.164	675.096	0.00036169	5	4	4	4	0.240931	361	62.2271	0	0	0	0.293953	126.147	0.68685	480.362	1	1	1	1	1	1	1	0
19.08.2015 08:44:50.162000	0.0650001	0.0685913	0.0635598	127.141	675.055	0.000542535	5	4	4	4	0.261146	361	62.2271	0	0	0	0.292159	126.133	0.683004	480.322	1	1	1	1	1	1	1	0
19.08.2015 08:44:50.262000	0.0650001	0.0685913	0.0635598	127.141	675.073	0	5	4	4	4	0.265019	361	62.2271	0	0	0	0.288802	126.114	0.681173	480.275	1	1	1	1	1	1	1	0
19.08.2015 08:44:50.362000	0.0650001	0.0685913	0.0635598	127.141	675.059	0.00108507	5	4	4	4	0.257173	361	62.2271	0	0	0	0.287336	126.089	0.680436	480.148	1	1	1	1	1	1	1	0
19.08.2015 08:44:50.462000	0.0650001	0.0685913	0.0635598	127.141	675.063	0.00144676	5	4	4	4	0.242708	361	62.2271	0	0	0	0.282863	126.082	0.680074	480.136	1	1	1	1	1	1	1	0
19.08.2015 08:44:50.562000	0.0650001	0.0685913	0.0635598	127.141	675.066	0.00108507	5	4	4	4	0.263188	361	62.2271	0	0	0	0.280216	126.063	0.680563	480.064	1	1	1	1	1	1	1	0
19.08.2015 08:44:50.662000	0.0650001	0.0685913	0.0635598	127.141	675.148	0.00144676	5	4	4	4	0.258201	361	62.2271	0	0	0	0.275347	126.054	0.680929	480.028	1	1	1	1	1	1	1	0
19.08.2015 08:44:50.762000	0.0650001	0.0685913	0.0635598	127.137	675.109	0.00271267	5	4	4	4	0.272885	361	62.2271	0	0	0	0.27168	126.037	0.683615	479.947	1	1	1	1	1	1	1	0
19.08.2015 08:44:50.862000	0.0650001	0.0685913	0.0635598	127.135	675.104	0.00144676	5	4	4	4	0.263971	361	62.2271	0	0	0	0.269307	126.016	0.68276	479.875	1	1	1	1	1	1	1	0
19.08.2015 08:44:50.962000	0.0650001	0.0685913	0.0635598	127.133	675.102	0.00108507	5	4	4	4	0.26909	361	62.2271	0	0	0	0.267115	126.005	0.681417	479.84	1	1	1	1	1	1	1	0
19.08.2015 08:44:51.062000	0.0650001	0.0685913	0.0635598	127.138	675.117	0.00036169	5	4	4	4	0.253373	361	62.2271	0	0	0	0.266479	125.981	0.681906	479.745	1	1	1	1	1	1	1	0
19.08.2015 08:44:51.162000	0.0650001	0.0685913	0.0635598	127.141	675.109	0.000542535	5	4	4	4	0.248838	361	62.2271	0	0	0	0.263708	125.965	0.683432	479.677	1	1	1	1	1	1	1	0
19.08.2015 08:44:51.262000	0.0650001	0.0685913	0.0635598	127.138	675.112	0.00108507	5	4	4	4	0.265374	361	62.2271	0	0	0	0.2636	125.946	0.683187	479.606	1	1	1	1	1	1	1	0
19.08.2015 08:44:51.362000	0.0650001	0.0685913	0.0635598	127.137	675.102	0.00108507	5	4	4	4	0.255015	361	62.2271	0	0	0	0.260865	125.925	0.682272	479.53	1	1	1	1	1	1	1	0
19.08.2015 08:44:51.462000	0.0650001	0.0685913	0.0635598	127.141	675.096	0.00253183	5	4	4	4	0.26996	361	62.2271	0	0	0	0.261444	125.912	0.684042	479.471	1	1	1	1	1	1	1	0
19.08.2015 08:44:51.562000	0.0650001	0.0685913	0.0635598	127.141	675.098	0.00271267	5	4	4	4	0.266664	361	62.2271	0	0	0	0.259549	125.894	0.685324	479.4	1	1	1	1	1	1	1	0
19.08.2015 08:44:51.662000	0.0650001	0.0685913	0.0635598	127.141	675.099	0.00289352	5	4	4	4	0.253853	361	62.2271	0	0	0	0.260496	125.878	0.686544	479.331	1	1	1	1	1	1	1	0
19.08.2015 08:44:51.762000	0.0650001	0.0685913	0.0635598	127.141	675.098	0.00217014	5	4	4	4	0.244962	361	62.2271	0	0	0	0.259534	125.861	0.686605	479.269	1	1	1	1	1	1	1	0
19.08.2015 08:44:51.862000	0.0650001	0.0685913	0.0635598	127.141	675.102	0.00108507	5	4	4	4	0.251566	361	62.2271	0	0	0	0.259722	125.845	0.685751	479.208	1	1	1	1	1	1	1	0
19.08.2015 08:44:51.962000	0.0650001	0.0685913	0.0635598	127.141	675.102	0.00108507	5	4	4	4	0.255415	361	62.2271	0	0	0	0.258713	125.83	0.686371	479.151	1	1	1	1	1	1	1	0
