Time	[76:0]	[76:1]	[76:2]	[76:4]	[76:8]	[76:70]	[76:71]	[78:0]	[78:1]	[78:2]	[79:2]	[79:3]	[79:4]	[79:8]	[79:9]	[79:10]	[79:11]	[79:12]	[79:13]	[79:14]	[79.0]	[79.1]	[79.2]	[79.3]	[79.4]	[79.5]	[79.6]	[79.8]
time	Hoogteverstelling - Referentie positie (mm)	Hoogteverstelling - AZ gemeten positie (mm)	Hoogteverstelling - BZ gemeten positie (mm)	Transfert Ingang - Gemeten positie (mm)	Transfert Uitgang - Gemeten positie (mm)	Aardgas - actueel debiet	Stappenschakelaar - gemeten pos	Laspos Ing - positie discreet	Laspos Uitg - positie discreet	Schaafverstelling - positie discreet	Stuikraam - Totale Stroommeting RMS-waarde (A)	Stuikraam - Stroomreferentie (A)	Stuikraam - Positie AZ (mm, pulsgever)	Stuikraam - Referentie Servo-ventiel (%)	Stuikraam - Trim door I-regelaar (%)	Stuikraam - Gemeten snelheid (mm/s, pulsgever)	Secundaire lasspanning	Stuikraam - Druk stuikcilinder voorkamer (=laszijde)  (bar)	Stuikraam - Druk stuikcilinder terugloopkamer  (bar)	Stuikraam - Netto voorwaartse kracht op stuikraam (kN)	Stuikraam - P1	Stuikraam - P2	Stuikraam - P3	Stuikraam - P4	Stuikraam - P5	Stuikraam - P6	Stuikraam - P7	Stuikraam - Openen stuikventielen	

Lasparameter.Ingang - Coil ID	0321826S
Lasparameter.Ingang - Dikte (um)	2940
Lasparameter.Ingang - Breedte (mm)	1377
Lasparameter.Ingang - Materiaal	0001
Lasparameter.Uitgang - Coil ID	0313681S
Lasparameter.Uitgang - Dikte (um)	2970
Lasparameter.Uitgang - Breedte (mm)	1376
Lasparameter.Uitgang - Materiaal	0001
Lasparameter.P2 (mm)	32.0
Lasparameter.P3 (mm)	42.0
Lasparameter.P4 (mm)	50.1
Lasparameter.P5 (mm)	57.0
Lasparameter.P6 (mm)	62.9
Lasparameter.P7 (mm)	66.1
Lasparameter.Vonksnelheid (mm/s)	1.20
Lasparameter.Lassnelheid (mm/s)	0.48
Lasparameter.Stroom Referentie (A)	0333
Lasparameter.Stroomtoename (µA/s2)	49.5
Lasparameter.Stuikstroomtijd (per)	0007
Lasparameter.Afkoeltijd Stuik (per)	0010
Lasparameter.Stuikdruk (bar)	0101
Lasparameter.Stuiksnelheid (%)	90.0

09.08.2015 23:06:03.448000	0.015	0.0214234	0.0169728	0	-666.508	-0.00108507	4	3	3	3	0.265094	333	0	0	0	0	0.260786	3.53087	129.876	-483.751	1	0	0	0	0	0	0	0
09.08.2015 23:06:03.548000	0.015	0.0214234	0.0169728	-0.0078125	-666.496	-0.0016276	4	3	3	3	0.243414	333	0	0	0	0	0.262073	4.55086	129.892	-479.907	1	0	0	0	0	0	0	0
09.08.2015 23:06:03.648000	0.015	0.0214234	0.0169728	0	-666.503	-0.00108507	4	3	3	3	0.239952	333	0	0	0	0	0.261118	4.31544	129.871	-480.729	1	0	0	0	0	0	0	0
09.08.2015 23:06:03.748000	0.015	0.0214234	0.0169728	0	-666.508	-0.00108507	4	3	3	3	0.230423	333	0	0	0	0	0.263498	4.88766	129.872	-478.539	1	0	0	0	0	0	0	0
09.08.2015 23:06:03.848000	0.015	0.0214234	0.0169728	0	-666.5	-0.00397859	4	3	3	3	0.275035	333	0	0	0	0	0.262464	3.7138	129.819	-482.832	1	0	0	0	0	0	0	0
09.08.2015 23:06:03.948000	0.015	0.0214234	0.0169728	0	-666.504	-0.00434028	4	3	3	3	0.284331	333	0	0	0	0	0.262023	5.04239	129.841	-477.831	1	0	0	0	0	0	0	0
09.08.2015 23:06:04.048000	0.015	0.0214234	0.0169728	0	-666.495	-0.0036169	4	3	3	3	0.259932	333	0	0	0	0	0.259136	5.3383	129.835	-476.673	1	0	0	0	0	0	0	0
09.08.2015 23:06:04.148000	0.015	0.0214234	0.0169728	0	-666.5	-0.00434028	4	3	3	3	0.245119	333	0	0	0	0	0.259028	3.82342	129.777	-482.251	1	0	0	0	0	0	0	0
09.08.2015 23:06:04.248000	0.015	0.0214234	0.0169728	0.00260417	-666.5	-0.00470197	4	3	3	3	0.260046	333	0	0	0	0	0.256966	5.4445	129.811	-476.173	1	0	0	0	0	0	0	0
09.08.2015 23:06:04.348000	0.015	0.0214234	0.0169728	0.0117188	-666.5	-0.00325521	4	3	3	3	0.246725	333	0	0	0	0	0.255679	6.37648	129.854	-472.77	1	0	0	0	0	0	0	0
09.08.2015 23:06:04.448000	0.015	0.0214234	0.0169728	0.00520833	-666.495	-0.00434028	4	3	3	3	0.259615	333	0	0	0	0	0.254528	2.84909	129.739	-485.836	1	0	0	0	0	0	0	0
09.08.2015 23:06:04.548000	0.015	0.0214234	0.0169728	0.0078125	-666.504	-0.00434028	4	3	3	3	0.272017	333	0	0	0	0	0.254109	3.60765	129.714	-482.837	1	0	0	0	0	0	0	0
09.08.2015 23:06:04.648000	0.015	0.0214234	0.0169728	0.0130208	-666.495	-0.00325521	4	3	3	3	0.265501	333	0	0	0	0	0.25366	7.12436	129.842	-469.862	1	0	0	0	0	0	0	0
09.08.2015 23:06:04.748000	0.015	0.0214234	0.0169728	0.0117188	-666.492	-0.00434028	4	3	3	3	0.242161	333	0	0	0	0	0.252416	3.58037	129.701	-482.892	1	0	0	0	0	0	0	0
09.08.2015 23:06:04.848000	0.015	0.0214234	0.0169728	0.015625	-666.5	-0.00325521	4	3	3	3	0.252919	333	0	0	0	0	0.253371	5.29215	129.727	-476.437	1	0	0	0	0	0	0	0
09.08.2015 23:06:04.948000	0.015	0.0214234	0.0169728	0.015625	-666.492	-0.00271267	4	3	3	3	0.25979	333	0	0	0	0	0.253393	4.93954	129.704	-477.698	1	0	0	0	0	0	0	0
09.08.2015 23:06:05.048000	0.015	0.0214234	0.0169728	0.015625	-666.495	-0.00108507	4	3	3	3	0.251972	333	0	0	0	0	0.255454	6.29762	129.728	-472.592	1	0	0	0	0	0	0	0
09.08.2015 23:06:05.148000	0.015	0.0214234	0.0169728	0.0234375	-666.492	-0.00108507	4	3	3	3	0.255382	333	0	0	0	0	0.254384	5.03159	129.682	-477.261	1	0	0	0	0	0	0	0
09.08.2015 23:06:05.248000	0.015	0.0214234	0.0169728	0.0208333	-666.487	-0.00144676	4	3	3	3	0.264559	333	0	0	0	0	0.256366	4.94284	129.661	-477.52	1	0	0	0	0	0	0	0
09.08.2015 23:06:05.348000	0.015	0.0214234	0.0169728	0.0195313	-666.492	-0.00108507	4	3	3	3	0.231505	333	0	0	0	0	0.25672	5.64861	129.671	-474.857	1	0	0	0	0	0	0	0
09.08.2015 23:06:05.448000	0.015	0.0214234	0.0169728	0.0182292	-666.495	-0.00108507	4	3	3	3	0.2747	333	0	0	0	0	0.257169	3.05564	129.567	-484.385	1	0	0	0	0	0	0	0
09.08.2015 23:06:05.548000	0.015	0.0214234	0.0169728	0.015625	-666.492	-0.00108507	4	3	3	3	0.277928	333	0	0	0	0	0.257921	2.86776	129.53	-484.965	1	0	0	0	0	0	0	0
09.08.2015 23:06:05.648000	0.015	0.0214234	0.0169728	0.143229	-666.5	-0.00108507	4	3	3	3	0.251118	333	0	0	0	0	0.258905	4.98795	129.58	-477.039	1	0	0	0	0	0	0	0
09.08.2015 23:06:05.748000	0.015	0.0214234	0.0169728	0.542969	-666.496	-0.00108507	4	3	3	3	0.245454	333	0	0	0	0	0.259635	4.98697	129.564	-476.981	1	0	0	0	0	0	0	0
09.08.2015 23:06:05.848000	0.015	0.0214234	0.0169728	8.375	-666.497	-0.00180845	4	3	3	3	0.231466	333	0	0	0	0	0.260127	3.92743	129.525	-480.888	1	0	0	0	0	0	0	0
09.08.2015 23:06:05.948000	0.015	0.0214234	0.0169728	26.1836	-666.5	-0.00217014	4	3	3	3	0.234684	333	0	0	0	0	0.261929	5.15458	129.543	-476.257	1	0	0	0	0	0	0	0
09.08.2015 23:06:06.048000	0.015	0.0214234	0.0169728	45.026	-666.497	-0.00434028	4	3	3	3	0.2379	333	0	0	0	0	0.261675	5.01352	129.516	-476.694	1	0	0	0	0	0	0	0
09.08.2015 23:06:06.148000	0.015	0.0214234	0.0169728	68.0547	-666.496	-0.00434028	4	3	3	3	0.266114	333	0	0	0	0	0.263809	4.27595	129.486	-479.402	1	0	0	0	0	0	0	0
09.08.2015 23:06:06.248000	0.015	0.0214234	0.0169728	105.638	-666.5	-0.00578704	4	3	3	3	0.249809	333	0	0	0	0	0.262854	4.10736	129.466	-479.972	1	0	0	0	0	0	0	0
09.08.2015 23:06:06.348000	0.015	0.0214234	0.0169728	144.254	-666.5	-0.00217014	4	3	3	3	0.24787	333	0	0	0	0	0.262854	5.11875	129.466	-476.1	1	0	0	0	0	0	0	0
09.08.2015 23:06:06.448000	0.015	0.0214234	0.0169728	182.883	-666.5	-0.00108507	4	3	3	3	0.226057	333	0	0	0	0	0.262529	4.66842	129.443	-477.736	1	0	0	0	0	0	0	0
09.08.2015 23:06:06.548000	0.015	0.0214234	0.0169728	224.734	-666.5	-0.00108507	4	3	3	3	0.236054	333	0	0	0	0	0.263513	4.38276	129.42	-478.743	1	0	0	0	0	0	0	0
09.08.2015 23:06:06.648000	0.015	0.0214234	0.0169728	284.513	-666.5	-0.00144676	4	3	3	3	0.285546	333	0	0	0	0	0.263108	4.77944	129.41	-477.186	1	0	0	0	0	0	0	0
09.08.2015 23:06:06.748000	0.015	0.0214234	0.0169728	327.348	-666.5	-0.00379774	4	3	3	3	0.245891	333	0	0	0	0	0.263845	4.61922	129.388	-477.714	1	0	0	0	0	0	0	0
09.08.2015 23:06:06.848000	0.015	0.0214234	0.0169728	370.13	-666.5	-0.00180845	4	3	3	3	0.22878	333	0	0	0	0	0.264967	4.49873	129.369	-478.104	1	0	0	0	0	0	0	0
09.08.2015 23:06:06.948000	0.015	0.0214234	0.0169728	419.543	-666.5	-0.0016276	4	3	3	3	0.234041	333	0	0	0	0	0.264923	4.50703	129.351	-478.003	1	0	0	0	0	0	0	0
09.08.2015 23:06:07.048000	0.015	0.0214234	0.0169728	460.867	-666.5	-0.00144676	4	3	3	3	0.270382	333	0	0	0	0	0.266659	4.37806	129.33	-478.414	1	0	0	0	0	0	0	0
09.08.2015 23:06:07.148000	0.015	0.0214234	0.0169728	484.379	-666.5	-0.00108507	4	3	3	3	0.292869	333	0	0	0	0	0.265791	4.42244	129.312	-478.179	1	0	0	0	0	0	0	0
09.08.2015 23:06:07.248000	0.015	0.0214234	0.0169728	498.164	-666.5	-0.00144676	4	3	3	3	0.260008	333	0	0	0	0	0.267318	4.47584	129.301	-477.929	1	0	0	0	0	0	0	0
09.08.2015 23:06:07.348000	0.015	0.0214234	0.0169728	519.645	-666.5	-0.00108507	4	3	3	3	0.239003	333	0	0	0	0	0.266869	4.553	129.287	-477.582	1	0	0	0	0	0	0	0
09.08.2015 23:06:07.448000	0.015	0.0214234	0.0169728	535.56	-666.5	-0.00108507	4	3	3	3	0.231391	333	0	0	0	0	0.268764	4.47218	129.269	-477.823	1	0	0	0	0	0	0	0
09.08.2015 23:06:07.548000	0.015	0.0214234	0.0169728	550.992	-666.5	-0.00108507	4	3	3	3	0.239205	333	0	0	0	0	0.268584	4.45998	129.254	-477.792	1	0	0	0	0	0	0	0
09.08.2015 23:06:07.648000	0.015	0.0214234	0.0169728	568.747	-666.508	-0.00217014	4	3	3	3	0.261929	333	0	0	0	0	0.268909	4.50972	129.236	-477.552	1	0	0	0	0	0	0	0
09.08.2015 23:06:07.748000	0.015	0.0214234	0.0169728	588.461	-666.504	-0.0016276	4	3	3	3	0.28911	333	0	0	0	0	0.269596	4.47253	129.219	-477.628	1	0	0	0	0	0	0	0
09.08.2015 23:06:07.848000	0.015	0.0214234	0.0169728	602.927	-666.508	-0.00144676	4	3	3	3	0.250256	333	0	0	0	0	0.269444	4.42408	129.199	-477.762	1	0	0	0	0	0	0	0
09.08.2015 23:06:07.948000	0.015	0.0214234	0.0169728	617.734	-666.508	-0.00108507	4	3	3	3	0.239934	333	0	0	0	0	0.270457	4.48378	129.188	-477.465	1	0	0	0	0	0	0	0
09.08.2015 23:06:08.048000	0.015	0.0214234	0.0169728	635.807	-666.508	-0.00144676	4	3	3	3	0.252864	333	0	0	0	0	0.269531	4.48787	129.168	-477.374	1	0	0	0	0	0	0	0
09.08.2015 23:06:08.148000	0.015	0.0214234	0.0169728	651.105	-666.504	-0.00434028	4	3	3	3	0.263854	333	0	0	0	0	0.270978	4.43275	129.149	-477.512	1	0	0	0	0	0	0	0
09.08.2015 23:06:08.248000	0.015	0.0214234	0.0169728	663.995	-666.508	-0.00470197	4	3	3	3	0.253642	333	0	0	0	0	0.269531	4.44148	129.131	-477.413	1	0	0	0	0	0	0	0
09.08.2015 23:06:08.348000	0.015	0.0214234	0.0169728	675.758	-666.508	-0.00217014	4	3	3	3	0.238557	333	0	0	0	0	0.270949	4.44557	129.113	-477.326	1	0	0	0	0	0	0	0
09.08.2015 23:06:08.448000	0.015	0.0214234	0.0169728	689.169	-666.51	-0.00397859	4	3	3	3	0.226721	333	0	0	0	0	0.269907	4.41536	129.094	-477.369	1	0	0	0	0	0	0	0
09.08.2015 23:06:08.548000	0.015	0.0214234	0.0169728	698.832	-666.508	-0.00434028	4	3	3	3	0.290884	333	0	0	0	0	0.27121	4.39296	129.076	-477.387	1	0	0	0	0	0	0	0
09.08.2015 23:06:08.648000	0.015	0.0214234	0.0169728	704.167	-666.513	-0.00470197	4	3	3	3	0.26812	333	0	0	0	0	0.270631	4.3863	129.059	-477.349	1	0	0	0	0	0	0	0
09.08.2015 23:06:08.748000	0.015	0.0214234	0.0169728	706.148	-666.516	-0.00379774	4	3	3	3	0.254525	333	0	0	0	0	0.271065	4.38661	129.048	-477.305	1	0	0	0	0	0	0	0
09.08.2015 23:06:08.848000	0.015	0.0214234	0.0169728	707.068	-666.516	-0.00289352	4	3	3	3	0.246312	333	0	0	0	0	0.271644	4.41188	129.034	-477.152	1	0	0	0	0	0	0	0
09.08.2015 23:06:08.948000	0.015	0.0214234	0.0169728	707.129	-666.516	-0.00379774	4	3	3	3	0.226014	333	0	0	0	0	0.271181	4.41102	129.018	-477.095	1	0	0	0	0	0	0	0
09.08.2015 23:06:09.048000	0.015	0.0214234	0.0169728	707.13	-666.516	-0.00325521	4	3	3	3	0.257554	333	0	0	0	0	0.271586	4.67556	129.009	-476.047	1	0	0	0	0	0	0	0
09.08.2015 23:06:09.148000	0.015	0.0214234	0.0169728	707.125	-666.516	-0.00379774	4	3	3	3	0.253787	333	0	0	0	0	0.270718	4.9191	129.001	-475.083	1	0	0	0	0	0	0	0
09.08.2015 23:06:09.248000	0.015	0.0214234	0.0169728	707.128	-666.516	-0.00108507	4	3	3	3	0.230388	333	0	0	0	0	0.271991	4.50557	128.974	-476.564	1	0	0	0	0	0	0	0
09.08.2015 23:06:09.348000	0.015	0.0214234	0.0169728	707.129	-666.516	-0.00108507	4	3	3	3	0.226749	333	0	0	0	0	0.271123	4.49532	128.958	-476.542	1	0	0	0	0	0	0	0
09.08.2015 23:06:09.448000	0.015	0.0214234	0.0169728	707.128	-666.516	-0.00108507	4	3	3	3	0.249184	333	0	0	0	0	0.271181	4.53468	128.943	-476.333	1	0	0	0	0	0	0	0
09.08.2015 23:06:09.548000	0.015	0.0214234	0.0169728	707.137	-666.516	-0.0016276	4	3	3	3	0.277459	333	0	0	0	0	0.269878	4.40107	128.921	-476.764	1	0	0	0	0	0	0	0
09.08.2015 23:06:09.648000	0.015	0.0214234	0.0169728	707.133	-666.518	-0.00108507	4	3	3	3	0.268482	333	0	0	0	0	0.270631	4.48854	128.906	-476.369	1	0	0	0	0	0	0	0
09.08.2015 23:06:09.748000	0.015	0.0214234	0.0169728	707.133	-666.52	-0.00108507	4	3	3	3	0.247367	333	0	0	0	0	0.269589	4.5876	128.891	-475.932	1	0	0	0	0	0	0	0
09.08.2015 23:06:09.848000	0.015	0.0214234	0.0169728	707.133	-666.516	-0.00108507	4	3	3	3	0.23296	333	0	0	0	0	0.269994	4.54854	128.905	-476.136	1	0	0	0	0	0	0	0
09.08.2015 23:06:09.948000	0.015	0.0214234	0.0169728	707.133	-666.52	-0.00108507	4	3	3	3	0.276673	333	0	0	0	0	0.269907	4.52803	129.028	-476.687	1	0	0	0	0	0	0	0
09.08.2015 23:06:10.048000	0.015	0.0214234	0.0169728	707.133	-666.518	-0.00180845	4	3	3	3	0.29077	333	0	0	0	0	0.269271	4.52571	129.161	-477.205	1	0	0	0	0	0	0	0
09.08.2015 23:06:10.148000	0.015	0.0214234	0.0169728	707.133	-666.516	-0.00108507	4	3	3	3	0.258377	333	0	0	0	0	0.269126	4.55916	129.287	-477.558	1	0	0	0	0	0	0	0
09.08.2015 23:06:10.248000	0.015	0.0214234	0.0169728	707.138	-666.516	-0.00180845	4	3	3	3	0.247001	333	0	0	0	0	0.267911	4.52193	129.397	-478.12	1	0	0	0	0	0	0	0
09.08.2015 23:06:10.348000	0.015	0.0214234	0.0169728	707.137	-666.523	-0.00108507	4	3	3	3	0.244752	333	0	0	0	0	0.268171	4.52937	129.47	-478.374	1	0	0	0	0	0	0	0
09.08.2015 23:06:10.448000	0.015	0.0214234	0.0169728	707.141	-666.523	-0.00072338	4	3	3	3	0.244204	333	0	0	0	0	0.264815	4.15156	129.652	-480.518	1	0	0	0	0	0	0	0
09.08.2015 23:06:10.548000	0.015	0.0214234	0.0169728	707.145	-666.523	-0.00108507	4	3	3	3	0.274461	333	0	0	0	0	0.262413	4.1167	130.335	-483.264	1	0	0	0	0	0	0	0
09.08.2015 23:06:10.648000	0.015	0.0214234	0.0169728	707.148	-666.523	-0.00144676	4	3	3	3	0.269563	333	0	0	0	0	0.259693	4.38502	128.113	-473.729	1	0	0	0	0	0	0	0
09.08.2015 23:06:10.748000	0.015	0.0214234	0.0169728	707.148	-666.523	-0.00108507	4	3	3	3	0.235489	333	0	0	0	0	0.25897	5.14499	129.98	-477.969	1	0	0	0	0	0	0	0
09.08.2015 23:06:10.848000	0.015	0.0214234	0.0169728	707.154	-666.523	-0.00144676	4	3	3	3	0.255122	333	0	0	0	0	0.256076	5.78314	130.505	-477.536	1	0	0	0	0	0	0	0
09.08.2015 23:06:10.948000	0.015	0.0214234	0.0169728	707.152	-666.52	-0.0016276	4	3	3	3	0.279506	333	0	0	0	0	0.254514	4.72744	130.185	-480.352	1	0	0	0	0	0	0	0
09.08.2015 23:06:11.048000	0.015	0.0214234	0.0169728	707.156	-666.523	-0.00108507	4	3	3	3	0.251585	333	0	0	0	0	0.253646	4.67281	129.575	-478.225	1	0	0	0	0	0	0	0
09.08.2015 23:06:11.148000	0.015	0.0214234	0.0169728	707.156	-666.523	-0.00325521	4	3	3	3	0.260065	333	0	0	0	0	0.251736	5.23319	129.263	-474.884	1	0	0	0	0	0	0	0
09.08.2015 23:06:11.248000	0.015	0.0214234	0.0169728	707.156	-666.523	-0.00325521	4	3	3	3	0.241273	333	0	0	0	0	0.250405	4.92935	129.132	-475.547	1	0	0	0	0	0	0	0
09.08.2015 23:06:11.348000	0.015	0.0214234	0.0169728	707.156	-666.523	-0.00325521	4	3	3	3	0.258773	333	0	0	0	0	0.24838	4.78365	129.111	-476.023	1	0	0	0	0	0	0	0
09.08.2015 23:06:11.448000	0.015	0.0214234	0.0169728	707.156	-666.523	-0.00180845	4	3	3	3	0.300758	333	0	0	0	0	0.248958	5.12967	129.098	-474.65	1	0	0	0	0	0	0	0
09.08.2015 23:06:11.548000	0.015	0.0214234	0.0169728	707.156	-666.523	-0.00108507	4	3	3	3	0.274423	333	0	0	0	0	0.246644	5.02542	129.008	-474.704	1	0	0	0	0	0	0	0
09.08.2015 23:06:11.648000	0.015	0.0214234	0.0169728	707.156	-666.523	-0.00144676	4	3	3	3	0.251508	333	0	0	0	0	0.246701	4.85415	128.716	-474.243	1	0	0	0	0	0	0	0
09.08.2015 23:06:11.748000	0.015	0.0214234	0.0169728	707.156	-666.523	-0.00108507	4	3	3	3	0.247346	333	0	0	0	0	0.245457	4.75301	128.409	-473.455	1	0	0	0	0	0	0	0
09.08.2015 23:06:11.848000	0.015	0.0214234	0.0169728	707.156	-666.523	-0.00108507	4	3	3	3	0.253817	333	0	0	0	0	0.245689	4.27772	128.754	-476.595	1	0	0	0	0	0	0	0
09.08.2015 23:06:11.948000	0.015	0.0214234	0.0169728	707.156	-666.523	-0.00108507	4	3	3	3	0.266722	333	0	0	0	0	0.244416	9.66033	120.186	-423.182	1	0	0	0	0	0	0	0
09.08.2015 23:06:12.048000	0.015	0.0214234	0.0169728	707.07	-666.523	-0.00144676	4	3	3	3	0.27895	333	0.194988	0	0	1.92888	0.243837	90.7378	98.5567	-29.9368	1	0	0	0	0	0	0	0
09.08.2015 23:06:12.148000	0.015	0.0214234	0.0169728	703.875	-666.523	-0.0016276	4	3	3	3	0.246202	333	2.18964	0	0	29.6168	0.243953	113.826	84.2846	113.108	1	0	0	0	0	0	0	0
09.08.2015 23:06:12.248000	0.015	0.0214234	0.0169728	691.612	-666.523	-0.00325521	4	3	3	3	0.247334	333	5.63277	0	0	35.3229	0.242679	110.912	84.7461	100.183	1	0	0	0	0	0	0	0
09.08.2015 23:06:12.348000	0.015	0.0214234	0.0169728	676.156	-666.523	-0.00542535	4	3	3	3	0.264994	333	9.16992	0	0	36.0495	0.243056	112.366	85.8187	101.645	1	0	0	0	0	0	0	0
09.08.2015 23:06:12.448000	0.015	0.0214234	0.0169728	653.203	-666.523	-0.00470197	4	3	3	3	0.2793	333	12.7697	0	0	36.0557	0.241493	115.785	90.048	98.542	1	0	0	0	0	0	0	0
09.08.2015 23:06:12.548000	0.015	0.0214234	0.0169728	621.73	-666.523	-0.00434028	4	3	3	3	0.244803	333	16.3417	0	0	35.9477	0.243461	118.731	92.8509	99.0903	1	0	0	0	0	0	0	0
09.08.2015 23:06:12.648000	0.015	0.0214234	0.0169728	593.539	-666.523	-0.00434028	4	3	3	3	0.228436	333	19.8878	0	0	35.3234	0.241493	119.899	94.396	97.6474	1	0	0	0	0	0	0	0
09.08.2015 23:06:12.748000	0.015	0.0214234	0.0169728	560.813	-666.523	-0.00325521	4	3	3	3	0.287851	333	23.3991	0	0	35.2208	0.241956	120.054	94.5148	97.7846	1	0	0	0	0	0	0	0
09.08.2015 23:06:12.848000	0.015	0.0214234	0.0169728	512.38	-666.523	-0.00289352	4	3	3	3	0.295428	333	26.9004	0	0	34.9124	0.240972	119.812	94.3749	97.3939	1	0	0	0	0	0	0	0
09.08.2015 23:06:12.948000	0.015	0.0214234	0.0169728	467.191	-666.523	-0.0016276	4	3	3	3	0.262019	333	30.4117	0	0	35.2184	0.242245	120.086	94.766	96.9461	1	0.05	0	0	0	0	0	0
09.08.2015 23:06:13.048000	0.015	0.0214234	0.0169728	428.547	-666.529	-0.00144676	4	3	3	3	0.242578	333	34.1657	32.5	0	44.2751	0.240683	116.914	88.1508	110.128	1	1	0	0	0	0	0	0
09.08.2015 23:06:13.148000	0.015	0.0214234	0.0169728	392.246	-666.531	-0.0016276	4	3	3	3	0.254077	333	38.3599	49.985	0	32.9109	0.240509	103.829	83.7671	76.8125	1	1	0	0	0	0	0	0
09.08.2015 23:06:13.248000	0.015	0.0214234	0.0169728	349.255	-666.542	-0.00072338	4	3	3	3	0.266474	333	40.461	44.4501	0	15.8061	0.241262	82.3398	60.1561	84.9368	1	1	0	0	0	0	0	0
09.08.2015 23:06:13.348000	0.015	0.0214234	0.0169728	312.484	-666.551	-0.0016276	4	3	3	3	0.264214	333	41.5215	34.4502	0	9.87898	0.24048	61.4412	37.0128	93.5313	1	1	0	0	0	0	0	0
09.08.2015 23:06:13.448000	0.015	0.0214234	0.0169728	282.536	-666.563	-0.00108507	4	3	3	3	57.6576	333	42.2532	16.9861	0	8.47329	1.08076	52.8867	28.6765	92.6961	1	1	1	0	0	0	0	0
09.08.2015 23:06:13.548000	0.015	0.0214234	0.0169728	255.727	-666.555	-0.00217014	4	3	3	3	86.2242	333	42.5233	5.20991	0	3.84487	7.35483	49.3614	24.9717	93.3834	1	1	1	0	0	0	0	0
09.08.2015 23:06:13.648000	0.015	0.0214234	0.0169728	230.419	-666.555	-0.00325521	4	3	3	3	86.5639	333	42.6711	5.20991	0	3.60501	10.5363	47.6688	22.8875	94.8823	1	1	1	0	0	0	0	0
09.08.2015 23:06:13.748000	0.015	0.0214234	0.0169728	214.676	-666.555	-0.00379774	4	3	3	3	86.8138	333	42.8158	5.20991	0	1.4561	11.3773	46.898	21.3835	97.6902	1	1	1	0	0	0	0	0
09.08.2015 23:06:13.848000	0.015	0.0214234	0.0169728	195.953	-666.56	-0.00434028	4	3	3	3	87.6298	333	42.9516	5.20991	0	1.36311	11.6633	44.7691	20.3571	93.4687	1	1	1	0	0	0	0	0
09.08.2015 23:06:13.948000	0.015	0.0214234	0.0169728	175.758	-666.563	-0.00488281	4	3	3	3	87.9895	333	43.0824	5.20991	0	1.30909	11.7116	44.655	19.467	96.4399	1	1	1	0	0	0	0	0
09.08.2015 23:06:14.048000	0.015	0.0214234	0.0169728	155.305	-666.563	-0.00434028	4	3	3	3	86.624	333	43.2108	5.20991	0	1.31849	11.709	44.1174	18.7522	97.1181	1	1	1	0	0	0	0	0
09.08.2015 23:06:14.148000	0.015	0.0214234	0.0169728	141.051	-666.563	-0.00325521	4	3	3	3	86.0837	333	43.3326	5.20991	0	1.35181	11.7303	43.6758	18.3364	97.0197	1	1	1	0	0	0	0	0
09.08.2015 23:06:14.248000	0.015	0.0214234	0.0169728	134.01	-666.565	-0.00217014	4	3	3	3	85.9889	333	43.4615	5.20991	0	1.32925	11.7663	43.0197	18.0529	95.5928	1	1	1	0	0	0	0	0
09.08.2015 23:06:14.348000	0.015	0.0214234	0.0169728	127.586	-666.57	-0.0016276	4	3	3	3	86.9705	333	43.5794	5.20991	0	1.20146	11.776	42.87	17.7693	96.1055	1	1	1	0	0	0	0	0
09.08.2015 23:06:14.448000	0.015	0.0214234	0.0169728	123.93	-666.57	-0.00217014	4	3	3	3	86.6066	333	43.6992	5.20991	0	1.20342	11.756	42.5852	17.6169	95.5984	1	1	1	0	0	0	0	0
09.08.2015 23:06:14.548000	0.015	0.0214234	0.0169728	124.418	-666.57	-0.00488281	4	3	3	3	85.6908	333	43.8191	5.20991	0	1.21927	11.7455	42.8095	17.4662	97.0342	1	1	1	0	0	0	0	0
09.08.2015 23:06:14.648000	0.015	0.0214234	0.0169728	126.318	-666.573	-0.00614873	4	3	3	3	85.5656	333	43.9355	5.20991	0	1.21892	11.799	42.4972	17.3909	96.1272	1	1	1	0	0	0	0	0
09.08.2015 23:06:14.748000	0.015	0.0214234	0.0169728	126.246	-666.578	-0.00488281	4	3	3	3	85.7633	333	44.0574	5.20991	0	1.18439	11.8313	42.6925	17.2809	97.2962	1	1	1	0	0	0	0	0
09.08.2015 23:06:14.848000	0.015	0.0214234	0.0169728	126.289	-666.578	-0.00434028	4	3	3	3	85.7309	333	44.1733	5.20991	0	1.18439	11.8578	41.0805	17.2306	91.3165	1	1	1	0	0	0	0	0
09.08.2015 23:06:14.948000	0.015	0.0214234	0.0169728	126.297	-666.586	-0.00379774	4	3	3	3	85.6523	333	44.2882	5.20991	0	1.17442	11.8589	42.2935	17.1763	96.1688	1	1	1	0	0	0	0	0
09.08.2015 23:06:15.048000	0.015	0.0214234	0.0169728	126.294	-666.583	-0.0036169	4	3	3	3	85.4804	333	44.4066	5.20991	0	1.17319	11.8536	42.4218	17.1538	96.7461	1	1	1	0	0	0	0	0
09.08.2015 23:06:15.148000	0.015	0.0214234	0.0169728	126.297	-666.59	-0.00434028	4	3	3	3	85.2561	333	44.5195	5.20991	0	1.15354	11.8385	42.0038	17.1486	95.1656	1	1	1	0	0	0	0	0
09.08.2015 23:06:15.248000	0.015	0.0214234	0.0169728	126.292	-666.589	-0.00434028	4	3	3	3	85.1091	333	44.6324	5.20991	0	1.14591	11.8237	42.0466	17.147	95.3357	1	1	1	0	0	0	0	0
09.08.2015 23:06:15.348000	0.015	0.0214234	0.0169728	126.297	-666.594	-0.00434028	4	3	3	3	84.9224	333	44.7523	5.20991	0	1.14916	11.8109	42.714	17.1361	97.9325	1	1	1	0	0	0	0	0
09.08.2015 23:06:15.448000	0.015	0.0214234	0.0169728	126.297	-666.594	-0.00470197	4	3	3	3	84.9548	333	44.8657	5.20991	0	1.15172	11.812	42.2568	17.1561	96.1055	1	1	1	0	0	0	0	0
09.08.2015 23:06:15.548000	0.015	0.0214234	0.0169728	126.297	-666.594	-0.00379774	4	3	3	3	84.8922	333	44.9811	5.20991	0	1.15859	11.8164	41.6731	17.1523	93.8851	1	1	1	0	0	0	0	0
09.08.2015 23:06:15.648000	0.015	0.0214234	0.0169728	126.294	-666.594	-0.0036169	4	3	3	3	85.0958	333	45.1015	5.20991	0	1.1677	11.8203	42.3004	17.1604	96.256	1	1	1	0	0	0	0	0
09.08.2015 23:06:15.748000	0.015	0.0214234	0.0169728	126.297	-666.594	-0.00271267	4	3	3	3	85.2231	333	45.2169	5.20991	0	1.16771	11.8382	41.9855	17.1828	94.9648	1	1	1	0	0	0	0	0
09.08.2015 23:06:15.848000	0.015	0.0214234	0.0169728	126.297	-666.602	-0.00506366	4	3	3	3	88.8158	333	45.3333	5.20991	0	1.16772	11.8461	42.0128	17.164	95.1413	1	1	1	0	0	0	0	0
09.08.2015 23:06:15.948000	0.015	0.0214234	0.0169728	126.297	-666.602	-0.00488281	4	3	3	3	115.899	333	45.4541	5.20991	0	1.16872	11.8291	41.858	17.1572	94.5745	1	1	1	0	0	0	0	0
09.08.2015 23:06:16.048000	0.015	0.0214234	0.0169728	126.297	-666.602	-0.00542535	4	3	3	3	113.145	333	45.571	5.20991	0	1.17328	11.6021	42.5199	17.1568	97.1102	1	1	1	0	0	0	0	0
09.08.2015 23:06:16.148000	0.015	0.0214234	0.0169728	126.297	-666.605	-0.00651042	4	3	3	3	183.251	333	45.6899	5.20991	0	1.17551	11.5723	42.4332	17.153	96.7928	1	1	1	0	0	0	0	0
09.08.2015 23:06:16.248000	0.015	0.0214234	0.0169728	126.297	-666.609	-0.00687211	4	3	3	3	141.703	333	45.8073	5.20991	0	1.19563	11.402	42.372	17.1708	96.4906	1	1	1	0	0	0	0	0
09.08.2015 23:06:16.348000	0.015	0.0214234	0.0169728	126.297	-666.609	-0.00922309	4	3	3	3	249.101	333	45.9212	5.20991	0	1.19563	11.4483	41.8885	17.1814	94.5988	1	1	1	0	0	0	0	0
09.08.2015 23:06:16.448000	0.015	0.0214234	0.0169728	126.297	-666.609	-0.00868056	4	3	3	3	214.558	333	46.0421	5.20991	0	1.17367	11.2339	42.6798	17.1985	97.5631	1	1	1	0	0	0	0	0
09.08.2015 23:06:16.548000	0.015	0.0214234	0.0169728	126.293	-666.609	-0.0108507	4	3	3	3	260.321	333	46.1585	5.20991	0	1.17322	11.3034	41.6547	17.2053	93.6117	1	1	1	0	0	0	0	0
09.08.2015 23:06:16.648000	0.015	0.0214234	0.0169728	126.297	-666.615	-0.00578704	4	3	3	3	330.373	333	46.2724	5.20991	0	1.16393	11.0345	42.1171	17.2165	95.3394	1	1	1	0	0	0	0	0
09.08.2015 23:06:16.748000	0.015	0.0214234	0.0169728	126.297	-666.633	-0.00488281	4	3	3	3	337.398	333	46.3962	5.20991	0	1.16216	10.8843	41.9264	17.2193	94.5986	1	1	1	0	0	0	0	0
09.08.2015 23:06:16.848000	0.015	0.0214234	0.0169728	126.297	-666.63	-0.00289352	4	3	3	3	180.871	333	46.5121	5.20991	0	1.183	10.9631	42.245	17.2234	95.8026	1	1	1	0	0	0	0	0
09.08.2015 23:06:16.948000	0.015	0.0214234	0.0169728	126.297	-666.633	-0.00325521	4	3	3	3	396.008	333	46.6285	5.20991	0	1.18995	11.0484	42.2795	17.2165	95.9613	1	1	1	0	0	0	0	0
09.08.2015 23:06:17.048000	0.015	0.0214234	0.0169728	126.297	-666.633	-0.00397859	4	3	3	3	411.481	333	46.7499	5.20991	0	1.18279	10.9153	42.0207	17.2171	94.9681	1	1	1	0	0	0	0	0
09.08.2015 23:06:17.148000	0.015	0.0214234	0.0169728	126.297	-666.633	-0.00542535	4	3	3	3	346.31	333	46.8643	5.20991	0	1.17877	10.9087	42.2767	17.2019	96.0064	1	1	1	0	0	0	0	0
09.08.2015 23:06:17.248000	0.015	0.0214234	0.0169728	126.297	-666.633	-0.00470197	4	3	3	3	337.218	333	46.9862	5.20991	0	1.17876	10.9578	42.1182	17.2102	95.3677	1	1	1	0	0	0	0	0
09.08.2015 23:06:17.348000	0.015	0.0214234	0.0169728	126.297	-666.633	-0.00434028	4	3	3	3	496.577	333	47.1041	5.20991	0	1.17876	10.9333	42.0739	17.2144	95.1819	1	1	1	0	0	0	0	0
09.08.2015 23:06:17.448000	0.015	0.0214234	0.0169728	126.297	-666.635	-0.00470197	4	3	3	3	220.765	333	47.2215	5.20991	0	1.18366	10.9343	42.3103	17.2195	96.0679	1	1	1	0	0	0	0	0
09.08.2015 23:06:17.548000	0.015	0.0214234	0.0169728	126.297	-666.637	-0.00434028	4	3	3	3	418.31	333	47.3408	5.20991	0	1.18991	10.9383	41.9597	17.2166	94.7365	1	1	1	0	0	0	0	0
09.08.2015 23:06:17.648000	0.015	0.0214234	0.0169728	126.297	-666.635	-0.00470197	4	3	3	3	367.15	333	47.4548	5.20991	0	1.18158	10.9229	42.409	17.2256	96.4221	1	1	1	0	0	0	0	0
09.08.2015 23:06:17.748000	0.015	0.0214234	0.0169728	126.297	-666.633	-0.00379774	4	3	3	3	315.938	333	47.5721	5.20991	0	1.16216	10.9722	42.3361	17.2431	96.076	1	1	1	0	0	0	0	0
09.08.2015 23:06:17.848000	0.015	0.0214234	0.0169728	126.297	-666.635	-0.00614873	4	3	3	3	449.428	333	47.691	5.20991	0	1.16415	10.9388	42.2166	17.2667	95.5283	1	1	1	0	0	0	0	0
09.08.2015 23:06:17.948000	0.015	0.0214234	0.0169728	126.297	-666.641	-0.00596788	4	3	3	3	382.044	333	47.8064	5.20991	0	1.17319	10.9321	42.3806	17.2752	96.1235	1	1	1	0	0	0	0	0
09.08.2015 23:06:18.048000	0.015	0.0214234	0.0169728	126.297	-666.641	-0.00651042	4	3	3	3	605.084	333	47.9248	5.20991	0	1.17358	10.8951	41.9091	17.2788	94.3046	1	1	1	0	0	0	0	0
09.08.2015 23:06:18.148000	0.015	0.0214234	0.0169728	126.297	-666.641	-0.00868056	4	3	3	3	445.35	333	48.0432	5.20991	0	1.17876	10.8706	42.6174	17.3046	97.2275	1	1	1	0	0	0	0	0
09.08.2015 23:06:18.248000	0.015	0.0214234	0.0169728	126.297	-666.641	-0.00759549	4	3	3	3	514.374	333	48.1596	5.20991	0	1.17876	10.9021	42.5359	17.2964	96.6369	1	1	1	0	0	0	0	0
09.08.2015 23:06:18.348000	0.015	0.0214234	0.0169728	126.293	-666.637	-0.00705295	4	3	3	3	517.313	333	48.282	5.20991	0	1.18406	10.9028	41.6056	17.2928	93.5967	1	1	1	0	0	0	0	0
09.08.2015 23:06:18.448000	0.015	0.0214234	0.0169728	126.297	-666.641	-0.00795718	4	3	3	3	482.219	333	48.3998	5.20991	0	1.18422	10.9056	41.9818	17.3009	94.9649	1	1	1	0	0	0	0	0
09.08.2015 23:06:18.548000	0.015	0.0214234	0.0169728	126.297	-666.641	-0.00705295	4	3	3	3	538.899	333	48.5182	5.20991	0	1.18946	10.914	42.2891	17.2835	95.5472	1	1	1	0	0	0	0	0
09.08.2015 23:06:18.648000	0.015	0.0214234	0.0169728	126.297	-666.641	-0.00651042	4	3	3	3	599.661	333	48.6391	5.20991	0	1.19011	10.8652	42.3344	17.2766	95.9412	1	1	1	0	0	0	0	0
09.08.2015 23:06:18.748000	0.015	0.0214234	0.0169728	126.297	-666.641	-0.00325521	4	3	3	3	530.11	333	48.756	5.20991	0	1.19003	10.8687	41.1713	17.2745	91.4963	1	1	1	0	0	0	0	0
09.08.2015 23:06:18.848000	0.015	0.0214234	0.0169728	126.297	-666.641	-0.00759549	4	3	3	3	436.303	333	48.8719	5.20991	0	1.19001	10.9319	42.1896	17.2846	95.3518	1	1	1	0	0	0	0	0
09.08.2015 23:06:18.948000	0.015	0.0214234	0.0169728	126.301	-666.641	-0.00705295	4	3	3	3	392.415	333	48.9933	5.20991	0	1.1822	10.9688	41.7133	17.316	93.4123	1	1	1	0	0	0	0	0
09.08.2015 23:06:19.048000	0.015	0.0214234	0.0169728	126.299	-666.641	-0.00651042	4	3	3	3	424.616	333	49.1122	5.20991	0	1.1787	11.0446	42.5201	17.3164	96.5	1	1	1	0	0	0	0	0
09.08.2015 23:06:19.148000	0.015	0.0214234	0.0169728	126.301	-666.641	-0.00813802	4	3	3	3	677.449	333	49.2335	5.20991	0	1.1855	10.9873	42.2847	17.3199	95.5853	1	1	1	0	0	0	0	0
09.08.2015 23:06:19.248000	0.015	0.0214234	0.0169728	126.297	-666.641	-0.00904225	4	3	3	3	334.688	333	49.3509	5.20991	0	1.19004	10.961	42.3164	17.3327	95.6575	1	1	1	0	0	0	0	0
09.08.2015 23:06:19.348000	0.015	0.0214234	0.0169728	126.297	-666.641	-0.00868056	4	3	3	3	375.736	333	49.4693	5.20991	0	1.18449	11.0648	41.8539	17.3164	93.9492	1	1	1	0	0	0	0	0
09.08.2015 23:06:19.448000	0.015	0.0214234	0.0169728	126.297	-666.641	-0.00868056	4	3	3	3	588.884	333	49.5887	5.20991	0	1.17871	11.0391	41.7254	17.3195	93.4453	1	1	1	0	0	0	0	0
09.08.2015 23:06:19.548000	0.015	0.0214234	0.0169728	126.297	-666.641	-0.00813802	4	3	3	3	396.535	333	49.7036	5.20991	0	1.18559	10.9806	42.1896	17.3221	95.2128	1	1	1	0	0	0	0	0
09.08.2015 23:06:19.648000	0.015	0.0214234	0.0169728	126.297	-666.641	-0.00651042	4	3	3	3	347.529	333	49.8259	5.20991	0	1.19551	10.9715	42.0344	17.3281	94.5953	1	1	1	0	0	0	0	0
09.08.2015 23:06:19.748000	0.015	0.0214234	0.0169728	126.297	-666.641	-0.00651042	4	3	3	3	625.585	333	49.9428	5.20991	0	1.19211	10.983	41.9742	17.2987	94.4778	1	1	1	0	0	0	0	0
09.08.2015 23:06:19.848000	0.015	0.0214234	0.0169728	126.297	-666.641	-0.00904225	4	3	3	3	483.77	333	50.0567	3.6724	0	1.18455	10.935	41.976	17.435	93.9627	1	1	1	0.45	0	0	0	0
09.08.2015 23:06:19.948000	0.015	0.0214234	0.0169728	126.297	-666.641	-0.00868056	4	3	3	3	40.4209	333	50.11	2.15857	0.365359	1.18455	9.92679	42.319	17.5166	94.9634	1	1	1	1	0	0	0	0
09.08.2015 23:06:20.048000	0.015	0.0214234	0.0169728	126.294	-666.641	-0.00868056	4	3	3	3	48.3966	333	50.1687	3.04201	1.24879	1.18455	7.80906	42.9078	17.7875	96.1805	1	1	1	1	0	0	0	0
09.08.2015 23:06:20.148000	0.015	0.0214234	0.0169728	126.301	-666.641	-0.00868056	4	3	3	3	101.819	333	50.2542	3.83549	2.04228	0.762396	6.63328	42.1561	17.9603	92.6407	1	1	1	1	0	0	0	0
09.08.2015 23:06:20.248000	0.015	0.0214234	0.0169728	126.299	-666.641	-0.00904225	4	3	3	3	216.867	333	50.3467	4.34273	2.54951	0.740178	6.26056	42.8216	18.0145	94.9816	1	1	1	1	0	0	0	0
09.08.2015 23:06:20.348000	0.015	0.0214234	0.0169728	126.301	-666.641	-0.00922309	4	3	3	3	359.289	333	50.4477	4.46748	2.67427	0.815918	6.06413	42.5087	17.9708	93.9508	1	1	1	1	0	0	0	0
09.08.2015 23:06:20.448000	0.015	0.0214234	0.0169728	126.299	-666.641	-0.00868056	4	3	3	3	507.956	333	50.5507	4.1349	2.34169	0.956579	5.85536	42.7159	17.9843	94.6925	1	1	1	1	0	0	0	0
09.08.2015 23:06:20.548000	0.015	0.0214234	0.0169728	126.297	-666.641	-0.00868056	4	3	3	3	504.979	333	50.6367	3.50777	1.71455	0.956579	5.61672	43.0512	18.0726	95.6381	1	1	1	1	0	0	0	0
09.08.2015 23:06:20.648000	0.015	0.0214234	0.0169728	126.299	-666.641	-0.00976563	4	3	3	3	435.619	333	50.7173	3.16806	1.37484	0.926713	5.60431	42.9983	18.2134	94.8961	1	1	1	1	0	0	0	0
09.08.2015 23:06:20.748000	0.015	0.0214234	0.0169728	126.301	-666.641	-0.00813802	4	3	3	3	395.159	333	50.7904	2.90424	1.11102	0.907619	5.61039	43.1097	18.3475	94.8094	1	1	1	1	0	0	0	0
09.08.2015 23:06:20.848000	0.015	0.0214234	0.0169728	126.302	-666.643	-0.00795718	4	3	3	3	362.488	333	50.8601	2.78592	0.992707	0.907619	5.67672	43.285	18.4769	94.9851	1	1	1	1	0	0	0	0
09.08.2015 23:06:20.948000	0.015	0.0214234	0.0169728	126.305	-666.641	-0.00596788	4	3	3	3	324.452	333	50.9267	2.77867	0.985458	0.893274	5.72859	43.405	18.5754	95.0676	1	1	1	1	0	0	0	0
09.08.2015 23:06:21.048000	0.015	0.0214234	0.0169728	126.299	-666.643	-0.00506366	4	3	3	3	311.929	333	51.0023	2.81916	1.02595	0.702692	5.78451	43.4985	18.6662	95.0781	1	1	1	1	0	0	0	0
09.08.2015 23:06:21.148000	0.015	0.0214234	0.0169728	126.305	-666.641	-0.00434028	4	3	3	3	321.641	333	51.0655	2.88621	1.09299	0.702692	5.8452	43.6218	18.7257	95.3224	1	1	1	1	0	0	0	0
09.08.2015 23:06:21.248000	0.015	0.0214234	0.0169728	126.299	-666.641	-0.00470197	4	3	3	3	342.247	333	51.1456	2.84108	1.04787	0.702692	5.83384	43.66	18.8025	95.1742	1	1	1	1	0	0	0	0
09.08.2015 23:06:21.348000	0.015	0.0214234	0.0169728	126.301	-666.645	-0.00488281	4	3	3	3	356.974	333	51.2113	2.84119	1.04797	0.703676	5.81055	43.7264	18.8577	95.2174	1	1	1	1	0	0	0	0
09.08.2015 23:06:21.448000	0.015	0.0214234	0.0169728	126.297	-666.643	-0.00397859	4	3	3	3	363.031	333	51.2819	2.79214	0.998924	0.704514	5.78968	43.751	18.9053	95.1293	1	1	1	1	0	0	0	0
09.08.2015 23:06:21.548000	0.015	0.0214234	0.0169728	126.301	-666.641	-0.00325521	4	3	3	3	343.658	333	51.354	2.7379	0.944683	0.704514	5.76197	43.8347	18.95	95.2784	1	1	1	1	0	0	0	0
09.08.2015 23:06:21.648000	0.015	0.0214234	0.0169728	126.299	-666.641	-0.00325521	4	3	3	3	302.299	333	51.4167	2.69207	0.89886	0.704514	5.78964	43.9156	19.0063	95.3728	1	1	1	1	0	0	0	0
09.08.2015 23:06:21.748000	0.015	0.0214234	0.0169728	126.305	-666.645	-0.0016276	4	3	3	3	323.402	333	51.4868	2.68705	0.893834	0.685426	5.80635	43.9766	19.0318	95.5089	1	1	1	1	0	0	0	0
09.08.2015 23:06:21.848000	0.015	0.0214234	0.0169728	126.299	-666.646	-0.00180845	4	3	3	3	299.412	333	51.5555	2.70188	0.908668	0.683306	5.82516	43.8343	19.0891	94.7447	1	1	1	1	0	0	0	0
09.08.2015 23:06:21.948000	0.015	0.0214234	0.0169728	126.301	-666.645	-0.00108507	4	3	3	3	327	333	51.6167	2.74289	0.949671	0.683306	5.83869	44.0385	19.1054	95.4638	1	1	1	1	0	0	0	0
09.08.2015 23:06:22.048000	0.015	0.0214234	0.0169728	126.305	-666.646	-0.00180845	4	3	3	3	338.165	333	51.6933	2.77841	0.985191	0.684359	5.82375	43.9915	19.1217	95.2216	1	1	1	1	0	0	0	0
09.08.2015 23:06:22.148000	0.015	0.0214234	0.0169728	126.297	-666.645	-0.00434028	4	3	3	3	306.057	333	51.7594	2.80157	1.00836	0.687069	5.80537	43.9741	19.1338	95.1088	1	1	1	1	0	0	0	0
09.08.2015 23:06:22.248000	0.015	0.0214234	0.0169728	126.302	-666.643	-0.00470197	4	3	3	3	277.201	333	51.8315	2.84471	1.0515	0.687069	5.84086	43.9643	19.1502	95.008	1	1	1	1	0	0	0	0
09.08.2015 23:06:22.348000	0.015	0.0214234	0.0169728	126.297	-666.645	-0.00434028	4	3	3	3	279.795	333	51.9052	2.92368	1.13047	0.687069	5.91395	44.0237	19.151	95.2329	1	1	1	1	0	0	0	0
09.08.2015 23:06:22.448000	0.015	0.0214234	0.0169728	126.299	-666.643	-0.00506366	4	3	3	3	316.082	333	51.9788	3.02727	1.23405	0.713093	5.93034	43.9199	19.1437	94.8629	1	1	1	1	0	0	0	0
09.08.2015 23:06:22.548000	0.015	0.0214234	0.0169728	126.297	-666.641	-0.000542535	4	3	3	3	372.164	333	52.0554	3.10489	1.31168	0.718805	5.86068	44.0388	19.1414	95.3273	1	1	1	1	0	0	0	0
09.08.2015 23:06:22.648000	0.015	0.0214234	0.0169728	126.299	-666.646	-0.00289352	4	3	3	3	342.89	333	52.1365	3.12514	1.33192	0.718805	5.82925	43.7969	19.1125	94.5119	1	1	1	1	0	0	0	0
09.08.2015 23:06:22.748000	0.015	0.0214234	0.0169728	126.301	-666.641	-0.00488281	4	3	3	3	304.462	333	52.2091	3.13406	1.34085	0.750942	5.81829	43.932	19.0893	95.1179	1	1	1	1	0	0	0	0
09.08.2015 23:06:22.848000	0.015	0.0214234	0.0169728	126.302	-666.643	-0.00542535	4	3	3	3	311.631	333	52.2936	3.16523	1.37202	0.772366	5.82454	43.6835	19.0699	94.2406	1	1	1	1	0	0	0	0
09.08.2015 23:06:22.948000	0.015	0.0214234	0.0169728	126.301	-666.648	-0.00379774	4	3	3	3	332.694	333	52.3693	3.20651	1.41329	0.772366	5.83742	43.9707	19.0453	95.4343	1	1	1	1	0	0	0	0
09.08.2015 23:06:23.048000	0.015	0.0214234	0.0169728	126.305	-666.646	-0.00180845	4	3	3	3	338.25	333	52.4513	3.23273	1.43951	0.782813	5.85757	43.5699	19.0275	93.9678	1	1	1	1	0	0	0	0
09.08.2015 23:06:23.148000	0.015	0.0214234	0.0169728	126.305	-666.641	-0.0016276	4	3	3	3	336.38	333	52.5349	3.24386	1.45065	0.794594	5.87366	43.8207	19.0094	94.9973	1	1	1	1	0	0	0	0
09.08.2015 23:06:23.248000	0.015	0.0214234	0.0169728	126.302	-666.643	-0.00108507	4	3	3	3	305.457	333	52.61	3.25359	1.46038	0.794594	5.87518	43.9657	18.9904	95.6255	1	1	1	1	0	0	0	0
09.08.2015 23:06:23.348000	0.015	0.0214234	0.0169728	126.305	-666.648	-0.00108507	4	3	3	3	278.442	333	52.697	3.29117	1.49796	0.802007	5.89142	44.108	18.9667	96.2609	1	1	1	1	0	0	0	0
09.08.2015 23:06:23.448000	0.015	0.0214234	0.0169728	126.302	-666.646	-0.00144676	4	3	3	3	298.759	333	52.7781	3.36622	1.573	0.812675	5.87221	43.5591	18.9606	94.1829	1	1	1	1	0	0	0	0
09.08.2015 23:06:23.548000	0.015	0.0214234	0.0169728	126.305	-666.648	-0.0016276	4	3	3	3	323.994	333	52.8587	3.44895	1.65574	0.812675	5.85243	43.7995	18.9424	95.1728	1	1	1	1	0	0	0	0
09.08.2015 23:06:23.648000	0.015	0.0214234	0.0169728	126.302	-666.648	0	4	3	3	3	277.629	333	52.9482	3.5208	1.72759	0.826718	5.86856	43.9065	18.904	95.7297	1	1	1	1	0	0	0	0
09.08.2015 23:06:23.748000	0.015	0.0214234	0.0169728	126.305	-666.648	0	4	3	3	3	309.013	333	53.0338	3.61936	1.82614	0.843203	5.88415	43.236	18.8642	93.3149	1	1	1	1	0	0	0	0
09.08.2015 23:06:23.848000	0.015	0.0214234	0.0169728	126.302	-666.646	-0.00144676	4	3	3	3	371.883	333	53.1233	3.69688	1.90366	0.843203	5.86346	43.8179	18.82	95.7117	1	1	1	1	0	0	0	0
09.08.2015 23:06:23.948000	0.015	0.0214234	0.0169728	126.305	-666.645	-0.00217014	4	3	3	3	314.357	333	53.2114	3.72699	1.93378	0.870446	5.8593	43.6959	18.7621	95.4666	1	1	1	1	0	0	0	0
09.08.2015 23:06:24.048000	0.015	0.0214234	0.0169728	126.302	-666.648	-0.00470197	4	3	3	3	330.871	333	53.3029	3.75875	1.96554	0.885115	5.8733	43.2722	18.7105	94.0417	1	1	1	1	0	0	0	0
09.08.2015 23:06:24.148000	0.015	0.0214234	0.0169728	126.297	-666.645	-0.00488281	4	3	3	3	333.524	333	53.3959	3.77856	1.98535	0.885115	5.89044	43.553	18.6757	95.2502	1	1	1	1	0	0	0	0
09.08.2015 23:06:24.248000	0.015	0.0214234	0.0169728	126.302	-666.648	-0.00578704	4	3	3	3	329.275	333	53.4869	3.7914	1.99818	0.905645	5.90636	43.428	18.6393	94.9108	1	1	1	1	0	0	0	0
09.08.2015 23:06:24.348000	0.015	0.0214234	0.0169728	126.305	-666.648	-0.00705295	4	3	3	3	324.695	333	53.579	3.80209	2.00887	0.907675	5.94155	43.1875	18.6096	94.1036	1	1	1	1	0	0	0	0
09.08.2015 23:06:24.448000	0.015	0.0214234	0.0169728	126.305	-666.648	-0.00651042	4	3	3	3	281.442	333	53.671	3.82554	2.03232	0.912372	5.91482	43.1132	18.5844	93.9157	1	1	1	1	0	0	0	0
09.08.2015 23:06:24.548000	0.015	0.0214234	0.0169728	126.305	-666.645	-0.00596788	4	3	3	3	304.256	333	53.7635	3.88222	2.08901	0.928097	5.90755	43.132	18.5567	94.0938	1	1	1	1	0	0	0	0
09.08.2015 23:06:24.648000	0.015	0.0214234	0.0169728	126.305	-666.648	-0.00614873	4	3	3	3	309.785	333	53.8575	3.9504	2.15719	0.928097	5.89294	43.3236	18.5203	94.9667	1	1	1	1	0	0	0	0
09.08.2015 23:06:24.748000	0.015	0.0214234	0.0169728	126.305	-666.648	-0.00596788	4	3	3	3	279.986	333	53.9535	4.03496	2.24174	0.9364	5.91066	43.0792	18.4906	94.145	1	1	1	1	0	0	0	0
09.08.2015 23:06:24.848000	0.015	0.0214234	0.0169728	126.305	-666.646	-0.00542535	4	3	3	3	322.862	333	54.0505	4.13247	2.33926	0.94217	5.90473	43.132	18.4407	94.5381	1	1	1	1	0	0	0	0
09.08.2015 23:06:24.948000	0.015	0.0214234	0.0169728	126.305	-666.645	-0.00651042	4	3	3	3	319.537	333	54.151	4.21161	2.4184	0.945312	5.92343	42.9156	18.3937	93.8896	1	1	1	1	0	0	0	0
09.08.2015 23:06:25.048000	0.015	0.0214234	0.0169728	126.305	-666.646	-0.0072338	4	3	3	3	316.634	333	54.2525	4.27768	2.48447	0.987044	5.95059	42.7785	18.3519	93.5247	1	1	1	1	0	0	0	0
09.08.2015 23:06:25.148000	0.015	0.0214234	0.0169728	126.305	-666.648	-0.00651042	4	3	3	3	359.399	333	54.3549	4.32723	2.53402	0.987044	5.93226	43.0822	18.2991	94.8893	1	1	1	1	0	0	0	0
09.08.2015 23:06:25.248000	0.015	0.0214234	0.0169728	126.305	-666.646	-0.00651042	4	3	3	3	327.169	333	54.4569	4.34576	2.55255	1.0074	5.90607	42.7216	18.2481	93.7042	1	1	1	1	0	0	0	0
09.08.2015 23:06:25.348000	0.015	0.0214234	0.0169728	126.305	-666.645	-0.00705295	4	3	3	3	323.734	333	54.5599	4.35512	2.56191	1.01936	5.92216	42.6649	18.2169	93.6068	1	1	1	1	0	0	0	0
09.08.2015 23:06:25.448000	0.015	0.0214234	0.0169728	126.302	-666.646	-0.00470197	4	3	3	3	265.199	333	54.6619	4.3806	2.58739	1.02214	5.91735	42.5953	18.1841	93.4654	1	1	1	1	0	0	0	0
09.08.2015 23:06:25.548000	0.015	0.0214234	0.0169728	126.305	-666.648	-0.00488281	4	3	3	3	325.588	333	54.7658	4.45427	2.66106	1.03203	5.91276	42.6673	18.153	93.8603	1	1	1	1	0	0	0	0
09.08.2015 23:06:25.648000	0.015	0.0214234	0.0169728	126.305	-666.648	-0.00434028	4	3	3	3	317.719	333	54.8693	4.52138	2.72816	1.03203	5.89674	42.6814	18.1373	93.9744	1	1	1	1	0	0	0	0
09.08.2015 23:06:25.748000	0.015	0.0214234	0.0169728	126.305	-666.648	-0.00434028	4	3	3	3	318.677	333	54.9747	4.57833	2.78512	1.04295	5.87996	42.5105	18.0988	93.4677	1	1	1	1	0	0	0	0
09.08.2015 23:06:25.848000	0.015	0.0214234	0.0169728	126.305	-666.648	-0.00434028	4	3	3	3	314.479	333	55.0802	4.62974	2.83653	1.04503	5.90929	43.3252	18.0414	96.8066	1	1	1	1	0	0	0	0
09.08.2015 23:06:25.948000	0.015	0.0214234	0.0169728	126.305	-666.645	-0.00488281	4	3	3	3	309.161	333	55.1896	4.6801	2.88689	1.05648	5.889	42.5222	18.0023	93.8821	1	1	1	1	0	0	0	0
09.08.2015 23:06:26.048000	0.015	0.0214234	0.0169728	126.305	-666.648	-0.00614873	4	3	3	3	324.471	333	55.3015	4.73491	2.94169	1.06747	5.94231	42.6109	17.9515	94.4158	1	1	1	1	0	0	0	0
09.08.2015 23:06:26.148000	0.015	0.0214234	0.0169728	126.305	-666.648	-0.00596788	4	3	3	3	298.245	333	55.4105	4.78862	2.99541	1.07574	5.94394	42.346	17.9089	93.5649	1	1	1	1	0	0	0	0
09.08.2015 23:06:26.248000	0.015	0.0214234	0.0169728	126.305	-666.648	-0.00506366	4	3	3	3	324.572	333	55.5229	4.85446	3.06124	1.10054	5.93638	42.76	17.8632	95.3247	1	1	1	1	0	0	0	0
09.08.2015 23:06:26.348000	0.015	0.0214234	0.0169728	126.305	-666.645	-0.00434028	4	3	3	3	348.459	333	55.6388	4.90333	3.11012	1.10512	5.90715	42.4788	17.827	94.3869	1	1	1	1	0	0	0	0
09.08.2015 23:06:26.448000	0.015	0.0214234	0.0169728	126.305	-666.648	-0.00578704	4	3	3	3	277.813	333	55.7552	4.9349	3.14168	1.15142	5.89771	42.0985	17.8049	93.0153	1	1	1	1	0	0	0	0
09.08.2015 23:06:26.548000	0.015	0.0214234	0.0169728	126.305	-666.648	-0.00759549	4	3	3	3	302.946	333	55.8691	4.99514	3.20193	1.15142	5.88299	42.5721	17.7772	94.9349	1	1	1	1	0	0	0	0
09.08.2015 23:06:26.648000	0.015	0.0214234	0.0169728	126.305	-666.646	-0.00687211	4	3	3	3	338.769	333	55.989	5.06299	3.26978	1.16175	5.8912	42.6135	17.7184	95.3184	1	1	1	1	0	0	0	0
09.08.2015 23:06:26.748000	0.015	0.0214234	0.0169728	126.305	-666.648	-0.00868056	4	3	3	3	328.721	333	56.1074	5.10874	3.31552	1.16229	5.87149	42.4045	17.6745	94.6862	1	1	1	1	0	0	0	0
09.08.2015 23:06:26.848000	0.015	0.0214234	0.0169728	126.305	-666.648	-0.00651042	4	3	3	3	311.777	333	56.2218	5.14538	3.35216	1.17135	5.91171	42.1904	17.635	94.0176	1	1	1	1	0	0	0	0
09.08.2015 23:06:26.948000	0.015	0.0214234	0.0169728	126.305	-666.648	-0.00651042	4	3	3	3	309.929	333	56.3461	5.19244	3.39923	1.1732	5.92188	41.7883	17.5928	92.6397	1	1	1	1	0	0	0	0
09.08.2015 23:06:27.048000	0.015	0.0214234	0.0169728	126.305	-666.648	-0.00651042	4	3	3	3	339.514	333	56.462	5.24385	3.45063	1.19009	5.90752	42.0126	17.562	93.6164	1	1	1	1	0	0	0	0
09.08.2015 23:06:27.148000	0.015	0.0214234	0.0169728	126.305	-666.648	-0.00434028	4	3	3	3	322.043	333	56.5864	5.27436	3.48115	1.19572	5.93566	41.9868	17.5327	93.6299	1	1	1	1	0	0	0	0
09.08.2015 23:06:27.248000	0.015	0.0214234	0.0169728	126.305	-666.648	-0.00470197	4	3	3	3	311.206	333	56.7082	5.30605	3.51283	1.21695	5.90195	42.2042	17.5247	94.493	1	1	1	1	0	0	0	0
09.08.2015 23:06:27.348000	0.015	0.0214234	0.0169728	126.305	-666.648	-0.00542535	4	3	3	3	308.865	333	56.8326	5.35107	3.55785	1.22521	5.90679	42.1117	17.487	94.2831	1	1	1	1	0	0	0	0
09.08.2015 23:06:27.448000	0.015	0.0214234	0.0169728	126.305	-666.646	-0.00397859	4	3	3	3	308.978	333.006	56.9574	5.40632	3.61311	1.24807	5.93128	41.9558	17.4545	93.8106	1	1	1	1	0.32	0	0	0
09.08.2015 23:06:27.548000	0.015	0.0214234	0.0169728	126.305	-666.648	-0.00325521	4	3	3	3	328.965	333.378	57.0863	5.57168	3.77847	1.2561	5.94361	42.109	17.3993	94.6084	1	1	1	1	1	0	0	0
09.08.2015 23:06:27.648000	0.015	0.0214234	0.0169728	126.305	-666.646	-0.00397859	4	3	3	3	339.025	334.691	57.2136	5.72459	3.93138	1.26613	5.89656	41.9169	17.3325	94.1289	1	1	1	1	1	0	0	0
09.08.2015 23:06:27.748000	0.015	0.0214234	0.0169728	126.305	-666.645	-0.00488281	4	3	3	3	338.637	336.994	57.3499	5.83061	4.03739	1.26896	5.88563	41.7612	17.2546	93.8307	1	1	1	1	1	0	0	0
09.08.2015 23:06:27.848000	0.015	0.0214234	0.0169728	126.305	-666.646	-0.00470197	4	3	3	3	312.082	340.288	57.4852	5.93861	4.14539	1.32457	5.88625	41.7702	17.1802	94.1504	1	1	1	1	1	0	0	0
09.08.2015 23:06:27.948000	0.015	0.0214234	0.0169728	126.301	-666.648	-0.00542535	4	3	3	3	341.424	344.572	57.622	6.10421	4.31099	1.33718	5.909	41.6769	17.1249	94.0045	1	1	1	1	1	0	0	0
09.08.2015 23:06:28.048000	0.015	0.0214234	0.0169728	126.302	-666.646	-0.00434028	4	3	3	3	396.466	349.847	57.7613	6.23915	4.44594	1.38932	5.86791	41.5185	17.0357	93.7398	1	1	1	1	1	0	0	0
09.08.2015 23:06:28.148000	0.015	0.0214234	0.0169728	126.305	-666.648	-0.00434028	4	3	3	3	302.559	356.112	57.9025	6.28673	4.49352	1.39485	5.87196	41.4861	16.9512	93.9391	1	1	1	1	1	0	0	0
09.08.2015 23:06:28.248000	0.015	0.0214234	0.0169728	126.305	-666.648	-0.00506366	4	3	3	3	346.795	363.368	58.0458	6.49266	4.69944	1.40513	5.90791	41.4057	16.8707	93.9398	1	1	1	1	1	0	0	0
09.08.2015 23:06:28.348000	0.015	0.0214234	0.0169728	126.305	-666.645	-0.00434028	4	3	3	3	351.298	371.615	58.1945	6.75328	4.96006	1.44279	5.87851	41.2865	16.7813	93.8258	1	1	1	1	1	0	0	0
09.08.2015 23:06:28.448000	0.015	0.0214234	0.0169728	126.305	-666.648	-0.00325521	4	3	3	3	378.647	380.852	58.3537	7.05922	5.26601	1.47085	5.88723	41.1373	16.6631	93.7068	1	1	1	1	1	0	0	0
09.08.2015 23:06:28.548000	0.015	0.0214234	0.0169728	126.305	-666.648	-0.00325521	4	3	3	3	379.393	391.083	58.5188	7.37792	5.58471	1.57422	5.87377	40.9571	16.4984	93.6474	1	1	1	1	1	0	0	0
09.08.2015 23:06:28.648000	0.015	0.0214234	0.0169728	126.305	-666.648	-0.00217014	4	3	3	3	383.651	402.3	58.688	7.72275	5.92953	1.6528	5.87431	40.7782	16.3229	93.6341	1	1	1	1	1	0	0	0
09.08.2015 23:06:28.748000	0.015	0.0214234	0.0169728	126.305	-666.648	-0.00325521	4	3	3	3	387.966	414.51	58.869	8.10787	6.31465	1.72597	5.89146	40.5615	16.1273	93.5535	1	1	1	1	1	0	0	0
09.08.2015 23:06:28.848000	0.015	0.0214234	0.0169728	126.305	-666.646	-0.00397859	4	3	3	3	382.158	427.71	59.057	8.5496	6.75639	1.80275	5.8856	40.3549	15.9285	93.5238	1	1	1	1	1	0	0	0
09.08.2015 23:06:28.948000	0.015	0.0214234	0.0169728	126.305	-666.641	-0.00325521	4	3	3	3	449.278	441.901	59.2545	9.082	7.28879	1.90556	5.88187	40.1257	15.6928	93.5315	1	1	1	1	1	0	0	0
09.08.2015 23:06:29.048000	0.015	0.0214234	0.0169728	126.305	-666.648	-0.00144676	4	3	3	3	414.859	457.085	59.4614	9.59389	7.80108	2.00224	5.89015	39.879	15.4626	93.4787	1	1	1	1	1	0	0	0
09.08.2015 23:06:29.148000	0.015	0.0214234	0.0169728	126.305	-666.648	-0.00108507	4	3	3	3	477.207	473.332	59.6823	10.1431	8.35026	2.12154	5.8786	39.6245	15.2388	93.3397	1	1	1	1	1	0	0	0
09.08.2015 23:06:29.248000	0.015	0.0214234	0.0169728	126.305	-666.648	-0.00253183	4	3	3	3	420.68	490.568	59.9151	10.6759	8.88264	2.2544	5.85464	39.3451	15.0124	93.1651	1	1	1	1	1	0	0	0
09.08.2015 23:06:29.348000	0.015	0.0214234	0.0169728	126.305	-666.648	-0.00325521	4	3	3	3	460.101	508.735	60.1573	11.3531	9.55987	2.36649	5.85619	39.1001	14.771	93.1511	1	1	1	1	1	0	0	0
09.08.2015 23:06:29.448000	0.015	0.0214234	0.0169728	126.305	-666.646	-0.00253183	4	3	3	3	459.987	527.896	60.4165	12.143	10.3499	2.49081	5.89346	38.841	14.5388	93.0482	1	1	1	1	1	0	0	0
09.08.2015 23:06:29.548000	0.015	0.0214234	0.0169728	126.305	-666.648	-0.0016276	4	3	3	3	502.437	548.043	60.6936	13.064	11.2708	2.68584	5.8945	38.5865	14.2952	93.0064	1	1	1	1	1	0	0	0
09.08.2015 23:06:29.648000	0.015	0.0214234	0.0169728	126.305	-666.646	-0.00036169	4	3	3	3	587.959	569.182	60.9895	13.9766	12.1834	2.91528	5.85043	38.2928	14.0362	92.8737	1	1	1	1	1	0	0	0
09.08.2015 23:06:29.748000	0.015	0.0214234	0.0169728	126.305	-666.648	-0.0016276	4	3	3	3	595.402	591.31	61.2994	14.7163	12.9231	3.04782	5.75817	38.0435	13.8067	92.798	1	1	1	1	1	0	0	0
09.08.2015 23:06:29.848000	0.015	0.0214234	0.0169728	126.305	-666.648	-0.00144676	4	3	3	3	546.338	614.424	61.6257	15.3992	13.606	3.21701	5.76775	37.8435	13.6357	92.6869	1	1	1	1	1	0	0	0
09.08.2015 23:06:29.948000	0.015	0.0214234	0.0169728	126.305	-666.648	-0.00108507	4	3	3	3	583.158	638.531	61.965	16.247	14.4538	3.37801	5.82203	37.6681	13.471	92.6458	1	1	1	1	1	0	0	0
09.08.2015 23:06:30.048000	0.015	0.0214234	0.0169728	126.305	-666.646	-0.00180845	4	3	3	3	618.009	663.626	62.3226	17.1838	15.3906	3.52717	5.7447	37.51	13.3224	92.6094	1	1	1	1	1	0	0	0
09.08.2015 23:06:30.148000	0.015	0.0214234	0.0169728	126.305	-666.645	-0.00379774	4	3	3	3	584.495	689.709	62.6952	18.2086	16.4154	3.71252	5.77186	37.3801	13.2128	92.5318	1	1	1	1	1	0	0	0
09.08.2015 23:06:30.248000	0.015	0.0214234	0.0169728	126.305	-666.648	-0.00434028	4	3	3	3	690.512	344.115	63.1702	19.0655	0.51053	9.41448	5.79444	45.021	13.3122	121.407	1	1	1	1	1	0.97	0	0.97
09.08.2015 23:06:30.348000	0.015	0.0214234	0.0169728	126.305	-666.645	-0.00434028	4	3	3	3	1114.69	333	65.9771	19.0734	0	84.6677	5.58976	100.389	8.89358	350.318	1	1	1	1	1	1	0.84	1
09.08.2015 23:06:30.448000	0.015	0.0214234	0.0183863	126.307	-666.656	-0.00325521	4	3	3	3	22.7388	333	66.1567	19.0734	0	82.8203	3.79738	106.629	0.632649	405.838	1	1	1	1	1	1	1	1
09.08.2015 23:06:30.548000	0.015	0.0214234	0.0212133	126.305	-666.664	-0.00108507	4	3	3	3	3.09123	333	66.1567	8.20154	0	82.8203	2.46069	118.716	0.545183	452.453	1	1	1	1	1	1	1	0.43
09.08.2015 23:06:30.648000	0.015	0.0214234	0.0169728	126.313	-666.667	-0.00036169	4	3	3	3	0.999907	333	66.1567	0	0	82.8203	1.78869	121.049	0.509232	461.522	1	1	1	1	1	1	1	0
09.08.2015 23:06:30.748000	0.015	0.0214234	0.0169728	126.313	-666.656	0.000542535	4	3	3	3	0.951519	333	66.1567	0	0	82.8203	1.38155	121.431	0.527055	462.916	1	1	1	1	1	1	1	0
09.08.2015 23:06:30.848000	0.015	0.0214234	0.0169728	126.315	-666.664	0.00072338	4	3	3	3	0.957027	333	66.1567	0	0	82.8203	1.03197	121.601	0.49855	463.678	1	1	1	1	1	1	1	0
09.08.2015 23:06:30.948000	0.015	0.0214234	0.0169728	126.313	-666.664	-0.00108507	4	3	3	3	0.978755	333	66.1567	0	0	82.8203	0.871933	121.938	0.508438	464.931	1	1	1	1	1	1	1	0
09.08.2015 23:06:31.048000	0.015	0.0214234	0.0169728	126.31	-666.654	-0.00108507	4	3	3	3	0.354585	333	66.1567	0	0	82.8203	0.751317	122.273	0.516434	466.183	1	1	1	1	1	1	1	0
09.08.2015 23:06:31.148000	0.015	0.0214234	0.0169728	126.289	-666.656	-0.00108507	4	3	3	3	0.254024	333	66.1567	0	0	82.8203	0.651476	122.567	0.506302	467.348	1	1	1	1	1	1	1	0
09.08.2015 23:06:31.248000	0.015	0.0214234	0.0169728	126.289	-666.661	-0.00217014	4	3	3	3	0.248913	333	66.1567	0	0	82.8203	0.572005	122.864	0.501724	468.499	1	1	1	1	1	1	1	0
09.08.2015 23:06:31.348000	0.015	0.0214234	0.0169728	126.289	-666.656	-0.00434028	4	3	3	3	0.250009	333	66.1567	0	0	15.0707	0.52296	123.169	0.494583	469.696	1	1	1	1	1	1	1	0
09.08.2015 23:06:31.448000	0.015	0.0214234	0.0169728	126.289	-666.656	-0.00470197	4	3	3	3	0.267691	333	66.1567	0	0	0.198785	0.482697	123.461	0.497879	470.802	1	1	1	1	1	1	1	0
09.08.2015 23:06:31.548000	0.015	0.0214234	0.0169728	126.289	-666.66	-0.00488281	4	3	3	3	0.280422	333	66.1567	0	0	0.198785	0.440075	123.751	0.498367	471.911	1	1	1	1	1	1	1	0
09.08.2015 23:06:31.648000	0.015	0.0214234	0.0169728	126.289	-666.654	-0.00470197	4	3	3	3	0.290779	333	66.1567	0	0	0.198785	0.411155	124.015	0.495621	472.93	1	1	1	1	1	1	1	0
09.08.2015 23:06:31.748000	0.015	0.0214234	0.0169728	126.289	-666.648	-0.00488281	4	3	3	3	0.255451	333	66.1567	0	0	0.198785	0.389771	124.261	0.49617	473.871	1	1	1	1	1	1	1	0
09.08.2015 23:06:31.848000	0.015	0.0214234	0.0169728	126.289	-666.656	-0.00470197	4	3	3	3	0.246608	333	66.1567	0	0	0.198785	0.370226	124.506	0.498672	474.797	1	1	1	1	1	1	1	0
09.08.2015 23:06:31.948000	0.015	0.0214234	0.0169728	126.289	-666.648	-0.00379774	4	3	3	3	0.248052	333	66.1567	0	0	0.198785	0.349117	124.727	0.498367	475.648	1	1	1	1	1	1	1	0
09.08.2015 23:06:32.048000	0.015	0.0214234	0.0169728	126.289	-666.651	-0.00289352	4	3	3	3	0.279052	333	66.1567	0	0	0.198785	0.333406	124.926	0.501846	476.394	1	1	1	1	1	1	1	0
09.08.2015 23:06:32.148000	0.015	0.0214234	0.0169728	126.289	-666.648	-0.00271267	4	3	3	3	0.292681	333	66.1567	0	0	0.198785	0.321658	125.136	0.498123	477.212	1	1	1	1	1	1	1	0
09.08.2015 23:06:32.248000	0.015	0.0214234	0.0169728	126.289	-666.648	-0.00108507	4	3	3	3	0.267594	333	66.1567	0	0	0.198785	0.3091	125.334	0.502701	477.954	1	1	1	1	1	1	1	0
09.08.2015 23:06:32.348000	0.015	0.0214234	0.0169728	126.289	-666.648	-0.000542535	4	3	3	3	0.244586	333	66.1567	0	0	0.0377691	0.297729	125.526	0.504532	478.684	1	1	1	1	1	1	1	0
09.08.2015 23:06:32.448000	0.015	0.0214234	0.0169728	126.289	-666.648	-0.00325521	4	3	3	3	0.24476	333	66.1567	0	0	0	0.288325	125.706	0.506607	479.365	1	1	1	1	1	1	1	0
09.08.2015 23:06:32.548000	0.015	0.0214234	0.0169728	126.289	-666.648	-0.00325521	4	3	3	3	0.312073	333	66.1567	0	0	0	0.282407	125.883	0.51442	480.012	1	1	1	1	1	1	1	0
09.08.2015 23:06:32.648000	0.015	0.0214234	0.0169728	126.281	-666.648	-0.00434028	4	3	3	3	0.283627	333	66.1567	0	0	0	0.276881	126.04	0.52028	480.591	1	1	1	1	1	1	1	0
09.08.2015 23:06:32.748000	0.015	0.0214234	0.0169728	126.281	-666.523	-0.00488281	4	3	3	3	0.256049	333	66.1567	0	0	0	0.272656	126.19	0.520402	481.164	1	1	1	1	1	1	1	0
09.08.2015 23:06:32.848000	0.015	0.0214234	0.0169728	126.281	-665.659	-0.0036169	4	3	3	3	0.256258	333	66.1567	0	0	0	0.269821	126.317	0.510086	481.688	1	1	1	1	1	1	1	0
09.08.2015 23:06:32.948000	0.015	0.0214234	0.0169728	126.277	-660.305	-0.00651042	4	3	3	3	0.230189	333	66.1567	0	0	0	0.266334	126.436	0.507523	482.157	1	1	1	1	1	1	1	0
09.08.2015 23:06:33.048000	0.015	0.0214234	0.0169728	126.276	-641.203	-0.00651042	4	3	3	3	0.237359	333	66.1567	0	0	0	0.263903	126.543	0.506241	482.568	1	1	1	1	1	1	1	0
09.08.2015 23:06:33.148000	0.015	0.0214234	0.0169728	126.281	-608.285	-0.00705295	4	3	3	3	0.257594	333	66.1567	0	0	0	0.259809	126.628	0.503861	482.906	1	1	1	1	1	1	1	0
09.08.2015 23:06:33.248000	0.015	0.0214234	0.0169728	126.281	-582.221	-0.00904225	4	3	3	3	0.274377	333	66.1567	0	0	0	0.259317	126.704	0.505264	483.191	1	1	1	1	1	1	1	0
09.08.2015 23:06:33.348000	0.015	0.0214234	0.0169728	126.281	-551.813	-0.00705295	4	3	3	3	0.277644	333	66.1567	0	0	0	0.255758	126.764	0.509293	483.406	1	1	1	1	1	1	1	0
09.08.2015 23:06:33.448000	0.015	0.0214234	0.0169728	126.281	-516.872	-0.00687211	4	3	3	3	0.260041	333	66.1567	0	0	0	0.254311	126.815	0.50856	483.601	1	1	1	1	1	1	1	0
09.08.2015 23:06:33.548000	0.015	0.0214234	0.0169728	126.281	-460.898	-0.00596788	4	3	3	3	0.250923	333	66.1567	0	0	0	0.25217	126.853	0.514664	483.725	1	1	1	1	1	1	1	0
09.08.2015 23:06:33.648000	0.015	0.0214234	0.0169728	126.279	-418.643	-0.00506366	4	3	3	3	0.287318	333	66.1567	0	0	0	0.25123	126.852	0.513993	483.725	1	1	1	1	1	1	1	0
09.08.2015 23:06:33.748000	0.015	0.0214234	0.0169728	126.277	-376.555	-0.00651042	4	3	3	3	0.282997	333	66.1567	0	0	0	0.249132	126.899	0.511063	483.913	1	1	1	1	1	1	1	0
09.08.2015 23:06:33.848000	0.015	0.0214234	0.0169728	126.273	-328.135	-0.0072338	4	3	3	3	0.277208	333	66.1567	0	0	0	0.247222	126.835	0.507523	483.683	1	1	1	1	1	1	1	0
09.08.2015 23:06:33.948000	0.015	0.0214234	0.0169728	126.273	-274.602	-0.00651042	4	3	3	3	0.267168	333	66.1567	0	0	0	0.246817	126.812	0.515641	483.564	1	1	1	1	1	1	1	0
09.08.2015 23:06:34.048000	0.015	0.0214234	0.0169728	126.273	-232.956	-0.0072338	4	3	3	3	0.263385	333	66.1567	0	0	0	0.244329	126.787	0.519303	483.452	1	1	1	1	1	1	1	0
09.08.2015 23:06:34.148000	0.015	0.0214234	0.0169728	126.273	-191.051	-0.00488281	4	3	3	3	0.310749	333	66.1567	0	0	0	0.244083	126.762	0.521989	483.348	1	1	1	1	1	1	1	0
09.08.2015 23:06:34.248000	0.015	0.0214234	0.0169728	126.279	-138.346	-0.00470197	4	3	3	3	0.302766	333	66.1567	0	0	0	0.241074	126.735	0.53383	483.201	1	1	1	1	1	1	1	0
09.08.2015 23:06:34.348000	0.015	0.0214234	0.0169728	126.277	-90.9609	-0.00705295	4	3	3	3	0.281118	333	66.1567	0	0	0	0.242057	126.718	0.52028	483.185	1	1	1	1	1	1	1	0
09.08.2015 23:06:34.448000	0.015	0.0214234	0.0169728	126.279	-49.8229	-0.00651042	4	3	3	3	0.250242	333	66.1567	0	0	0	0.239815	126.695	0.506851	483.15	1	1	1	1	1	1	1	0
09.08.2015 23:06:34.548000	0.015	0.0214234	0.0169728	126.281	-8.13672	-0.00434028	4	3	3	3	0.240095	333	66.1567	0	0	0	0.239265	126.669	0.509171	483.041	1	1	1	1	1	1	1	0
09.08.2015 23:06:34.648000	0.015	0.0214234	0.0169728	126.281	50.2083	-0.00470197	4	3	3	3	0.251132	333	66.1567	0	0	0	0.239135	126.648	0.508133	482.963	1	1	1	1	1	1	1	0
09.08.2015 23:06:34.748000	0.015	0.0214234	0.0169728	126.281	91.543	-0.00488281	4	3	3	3	0.274217	333	66.1567	0	0	0	0.238498	126.626	0.506485	482.886	1	1	1	1	1	1	1	0
09.08.2015 23:06:34.848000	0.015	0.0214234	0.0169728	126.281	133.227	-0.00434028	4	3	3	3	0.286936	333	66.1567	0	0	0	0.237789	126.6	0.508072	482.783	1	1	1	1	1	1	1	0
09.08.2015 23:06:34.948000	0.015	0.0214234	0.0169728	126.281	182.859	-0.00434028	4	3	3	3	0.251713	333	66.1567	0	0	0	0.236458	126.578	0.510636	482.685	1	1	1	1	1	1	1	0
09.08.2015 23:06:35.048000	0.015	0.0214234	0.0169728	126.284	232.138	-0.00470197	4	3	3	3	0.273324	333	66.1567	0	0	0	0.237312	126.551	0.511429	482.582	1	1	1	1	1	1	1	0
09.08.2015 23:06:35.148000	0.015	0.0214234	0.0169728	126.281	273.586	-0.00271267	4	3	3	3	0.290395	333	66.1567	0	0	0	0.23491	126.528	0.508682	482.501	1	1	1	1	1	1	1	0
09.08.2015 23:06:35.248000	0.015	0.0214234	0.0169728	126.281	314.818	-0.00144676	4	3	3	3	0.269835	333	66.1567	0	0	0	0.235981	126.501	0.512894	482.383	1	1	1	1	1	1	1	0
09.08.2015 23:06:35.348000	0.015	0.0214234	0.0169728	126.281	372.594	-0.00108507	4	3	3	3	0.26356	333	66.1567	0	0	0	0.233883	126.482	0.515152	482.302	1	1	1	1	1	1	1	0
09.08.2015 23:06:35.448000	0.015	0.0214234	0.0169728	126.281	413.703	-0.00289352	4	3	3	3	0.237382	333	66.1567	0	0	0	0.234968	126.456	0.518387	482.189	1	1	1	1	1	1	1	0
09.08.2015 23:06:35.548000	0.015	0.0214234	0.0169728	126.281	455.027	-0.00434028	4	3	3	3	0.260662	333	66.1567	0	0	0	0.23316	126.431	0.518021	482.096	1	1	1	1	1	1	1	0
09.08.2015 23:06:35.648000	0.015	0.0214234	0.0169728	126.281	496.201	-0.00434028	4	3	3	3	0.319431	333	66.1567	0	0	0	0.23329	126.411	0.526749	481.986	1	1	1	1	1	1	1	0
09.08.2015 23:06:35.748000	0.015	0.0214234	0.0169728	126.281	553.875	-0.00434028	4	3	3	3	0.281625	333	66.1567	0	0	0	0.233391	126.392	0.528397	481.905	1	1	1	1	1	1	1	0
09.08.2015 23:06:35.848000	0.015	0.0214234	0.0169728	126.281	588.612	-0.00325521	4	3	3	3	0.264236	333	66.1567	0	0	0	0.233044	126.375	0.512162	481.904	1	1	1	1	1	1	1	0
09.08.2015 23:06:35.948000	0.015	0.0214234	0.0169728	126.281	617.445	-0.00325521	4	3	3	3	0.252756	333	66.1567	0	0	0	0.232972	126.357	0.513627	481.829	1	1	1	1	1	1	1	0
09.08.2015 23:06:36.048000	0.015	0.0214234	0.0169728	126.281	643.203	-0.0036169	4	3	3	3	0.274408	333	66.1567	0	0	0	0.231438	126.334	0.514969	481.735	1	1	1	1	1	1	1	0
09.08.2015 23:06:36.148000	0.015	0.0214234	0.0169728	126.281	664.785	-0.00325521	4	3	3	3	0.278106	333	66.1567	0	0	0	0.232928	126.312	0.516068	481.648	1	1	1	1	1	1	1	0
09.08.2015 23:06:36.248000	0.015	0.0214234	0.0169728	126.281	672.74	-0.00108507	4	3	3	3	0.280139	333	66.1567	0	0	0	0.230715	126.289	0.510147	481.582	1	1	1	1	1	1	1	0
09.08.2015 23:06:36.348000	0.015	0.0214234	0.0169728	126.281	675.199	-0.0016276	4	3	3	3	0.262771	333	66.1567	0	0	0	0.231829	126.272	0.519608	481.48	1	1	1	1	1	1	1	0
09.08.2015 23:06:36.448000	0.015	0.0214234	0.0169728	126.281	676.602	0	4	3	3	3	0.247043	333	66.1567	0	0	0	0.230165	126.249	0.516984	481.404	1	1	1	1	1	1	1	0
09.08.2015 23:06:36.548000	0.015	0.0214234	0.0169728	126.277	676.801	-0.0016276	4	3	3	3	0.286987	333	66.1567	0	0	0	0.23193	126.226	0.517533	481.313	1	1	1	1	1	1	1	0
09.08.2015 23:06:36.648000	0.015	0.0214234	0.0169728	126.266	676.799	-0.00289352	4	3	3	3	0.271837	333	66.1567	0	0	0	0.230541	126.205	0.519669	481.225	1	1	1	1	1	1	1	0
09.08.2015 23:06:36.748000	0.015	0.0214234	0.0169728	126.266	676.805	-0.00434028	4	3	3	3	0.245246	333	66.1567	0	0	0	0.230975	126.216	0.520646	481.262	1	1	1	1	1	1	1	0
09.08.2015 23:06:36.848000	0.015	0.0214234	0.0169728	126.25	676.81	-0.00434028	4	3	3	3	0.232702	333	66.1567	0	0	0	0.230642	126.206	0.517533	481.235	1	1	1	1	1	1	1	0
09.08.2015 23:06:36.948000	0.015	0.0214234	0.0169728	126.246	676.828	-0.00434028	4	3	3	3	0.265158	333	66.1567	0	0	0	0.230252	126.178	0.521195	481.116	1	1	1	1	1	1	1	0
09.08.2015 23:06:37.048000	0.015	0.0214234	0.0169728	126.247	676.831	-0.00397859	4	3	3	3	0.305578	333	66.1567	0	0	0	0.23002	126.129	0.5262	480.908	1	1	1	1	1	1	1	0
09.08.2015 23:06:37.148000	0.015	0.0214234	0.0169728	126.25	676.805	-0.00759549	4	3	3	3	0.29125	333	66.1567	0	0	0	0.229268	126.108	0.534684	480.797	1	1	1	1	1	1	1	0
09.08.2015 23:06:37.248000	0.015	0.0214234	0.0169728	126.25	676.815	-0.00470197	4	3	3	3	0.25769	333	66.1567	0	0	0	0.23099	126.09	0.523881	480.769	1	1	1	1	1	1	1	0
09.08.2015 23:06:37.348000	0.015	0.0214234	0.0169728	126.25	676.773	-0.00488281	4	3	3	3	0.24812	333	66.1567	0	0	0	0.229326	126.074	0.514786	480.739	1	1	1	1	1	1	1	0
09.08.2015 23:06:37.448000	0.015	0.0214234	0.0169728	126.25	676.802	-0.00434028	4	3	3	3	0.277587	333	66.1567	0	0	0	0.229702	126.056	0.523087	480.641	1	1	1	1	1	1	1	0
09.08.2015 23:06:37.548000	0.015	0.0214234	0.0169728	126.25	676.789	-0.00379774	4	3	3	3	0.288014	333	66.1567	0	0	0	0.228718	126.031	0.517777	480.564	1	1	1	1	1	1	1	0
09.08.2015 23:06:37.648000	0.015	0.0214234	0.0169728	126.247	676.792	-0.00217014	4	3	3	3	0.265996	333	66.1567	0	0	0	0.230194	126.008	0.511917	480.498	1	1	1	1	1	1	1	0
09.08.2015 23:06:37.748000	0.015	0.0214234	0.0169728	126.25	676.781	-0.00271267	4	3	3	3	0.24768	333	66.1567	0	0	0	0.228718	125.999	0.515152	480.454	1	1	1	1	1	1	1	0
09.08.2015 23:06:37.848000	0.015	0.0214234	0.0169728	126.234	676.875	-0.00325521	4	3	3	3	0.250404	333	66.1567	0	0	0	0.229138	125.975	0.512955	480.371	1	1	1	1	1	1	1	0
09.08.2015 23:06:37.948000	0.015	0.0214234	0.0169728	126.242	676.809	-0.00271267	4	3	3	3	0.282109	333	66.1567	0	0	0	0.229442	125.956	0.516984	480.279	1	1	1	1	1	1	1	0
09.08.2015 23:06:38.048000	0.015	0.0214234	0.0169728	126.245	676.836	-0.00144676	4	3	3	3	0.27979	333	66.1567	0	0	0	0.228704	125.933	0.510514	480.216	1	1	1	1	1	1	1	0
09.08.2015 23:06:38.148000	0.015	0.0214234	0.0169728	126.25	676.977	-0.00108507	4	3	3	3	0.269754	333	66.1567	0	0	0	0.228675	125.91	0.51503	480.112	1	1	1	1	1	1	1	0
09.08.2015 23:06:38.248000	0.015	0.0214234	0.0169728	126.25	676.932	-0.00108507	4	3	3	3	0.256525	333	66.1567	0	0	0	0.227821	125.889	0.515519	480.028	1	1	1	1	1	1	1	0
09.08.2015 23:06:38.348000	0.015	0.0214234	0.0169728	126.25	676.906	-0.00108507	4	3	3	3	0.283386	333	66.1567	0	0	0	0.22989	125.867	0.523209	479.917	1	1	1	1	1	1	1	0
09.08.2015 23:06:38.448000	0.015	0.0214234	0.0169728	126.25	676.898	-0.00108507	4	3	3	3	0.310267	333	66.1567	0	0	0	0.227098	125.852	0.533769	479.817	1	1	1	1	1	1	1	0
09.08.2015 23:06:38.548000	0.015	0.0214234	0.0169728	126.25	676.879	-0.00108507	4	3	3	3	0.278927	333	66.1567	0	0	0	0.229123	125.836	0.534562	479.756	1	1	1	1	1	1	1	0
09.08.2015 23:06:38.648000	0.015	0.0214234	0.0169728	126.25	676.857	-0.00144676	4	3	3	3	0.252289	333	66.1567	0	0	0	0.227749	125.817	0.5215	479.733	1	1	1	1	1	1	1	0
09.08.2015 23:06:38.748000	0.015	0.0214234	0.0169728	126.25	676.84	-0.00108507	4	3	3	3	0.246098	333	66.1567	0	0	0	0.22947	125.802	0.522355	479.67	1	1	1	1	1	1	1	0
09.08.2015 23:06:38.848000	0.015	0.0214234	0.0169728	126.25	676.844	-0.00144676	4	3	3	3	0.278119	333	66.1567	0	0	0	0.227705	125.781	0.529313	479.562	1	1	1	1	1	1	1	0
09.08.2015 23:06:38.948000	0.015	0.0214234	0.0169728	126.25	676.84	-0.00217014	4	3	3	3	0.275006	333	66.1567	0	0	0	0.227734	125.765	0.530961	479.496	1	1	1	1	1	1	1	0
09.08.2015 23:06:39.048000	0.015	0.0214234	0.0169728	126.25	676.82	-0.00253183	4	3	3	3	0.275345	333	66.1567	0	0	0	0.228762	125.745	0.538713	479.39	1	1	1	1	1	1	1	0
09.08.2015 23:06:39.148000	0.015	0.0214234	0.0169728	126.25	676.809	-0.0016276	4	3	3	3	0.246707	333	66.1567	0	0	0	0.227843	125.725	0.542619	479.299	1	1	1	1	1	1	1	0
09.08.2015 23:06:39.248000	0.015	0.0214234	0.0169728	126.25	676.818	0	4	3	3	3	0.271486	333	66.1567	0	0	0	0.228096	125.706	0.55153	479.19	1	1	1	1	1	1	1	0
09.08.2015 23:06:39.348000	0.015	0.0214234	0.0169728	126.25	676.82	0.00108507	4	3	3	3	0.303086	333	66.1567	0	0	0	0.22683	125.691	0.550066	479.14	1	1	1	1	1	1	1	0
09.08.2015 23:06:39.448000	0.015	0.0214234	0.0169728	126.25	676.815	0	4	3	3	3	0.276297	333	66.1567	0	0	0	0.229369	125.672	0.560015	479.028	1	1	1	1	1	1	1	0
09.08.2015 23:06:39.548000	0.015	0.0214234	0.0169728	126.25	676.816	-0.0016276	4	3	3	3	0.251845	333	66.1567	0	0	0	0.226953	125.651	0.562044	478.941	1	1	1	1	1	1	1	0
09.08.2015 23:06:39.648000	0.015	0.0214234	0.0169728	126.25	676.805	-0.00289352	4	3	3	3	0.285296	333	66.1567	0	0	0	0.228479	125.628	0.566485	478.839	1	1	1	1	1	1	1	0
09.08.2015 23:06:39.748000	0.015	0.0214234	0.0169728	126.25	676.805	-0.00271267	4	3	3	3	0.310047	333	66.1567	0	0	0	0.227293	125.617	0.574332	478.757	1	1	1	1	1	1	1	0
09.08.2015 23:06:39.848000	0.015	0.0214234	0.0169728	126.25	676.805	-0.00108507	4	3	3	3	0.280192	333	66.1567	0	0	0	0.22853	125.594	0.591449	478.61	1	1	1	1	1	1	1	0
09.08.2015 23:06:39.948000	0.015	0.0214234	0.0169728	126.25	676.801	-0.0016276	4	3	3	3	0.253014	333	66.1567	0	0	0	0.227199	125.581	0.580096	478.605	1	1	1	1	1	1	1	0
09.08.2015 23:06:40.048000	0.015	0.0214234	0.0169728	126.25	676.799	-0.00144676	4	3	3	3	0.245191	333	66.1567	0	0	0	0.227177	125.566	0.575806	478.563	1	1	1	1	1	1	1	0
09.08.2015 23:06:40.148000	0.015	0.0214234	0.0169728	126.25	676.789	-0.00108507	4	3	3	3	0.257936	333	66.1567	0	0	0	0.227684	125.546	0.577288	478.482	1	1	1	1	1	1	1	0
09.08.2015 23:06:40.248000	0.015	0.0214234	0.0169728	126.25	676.786	-0.00108507	4	3	3	3	0.288201	333	66.1567	0	0	0	0.226888	125.527	0.582904	478.387	1	1	1	1	1	1	1	0
09.08.2015 23:06:40.348000	0.015	0.0214234	0.0169728	126.25	676.781	-0.00108507	4	3	3	3	0.291396	333	66.1567	0	0	0	0.227481	125.508	0.585162	478.305	1	1	1	1	1	1	1	0
09.08.2015 23:06:40.448000	0.015	0.0214234	0.0169728	126.25	676.781	-0.00108507	4	3	3	3	0.269393	333	66.1567	0	0	0	0.226324	125.492	0.589068	478.227	1	1	1	1	1	1	1	0
09.08.2015 23:06:40.548000	0.015	0.0214234	0.0169728	126.25	676.781	-0.0016276	4	3	3	3	0.258617	333	66.1567	0	0	0	0.228588	125.473	0.59566	478.132	1	1	1	1	1	1	1	0
09.08.2015 23:06:40.648000	0.015	0.0214234	0.0169728	126.25	676.781	-0.00506366	4	3	3	3	0.275471	333	66.1567	0	0	0	0.226563	125.457	0.603351	478.038	1	1	1	1	1	1	1	0
09.08.2015 23:06:40.748000	0.015	0.0214234	0.0169728	126.25	676.777	-0.00434028	4	3	3	3	0.296454	333	66.1567	0	0	0	0.227619	125.435	0.608966	477.934	1	1	1	1	1	1	1	0
09.08.2015 23:06:40.848000	0.015	0.0214234	0.0169728	126.25	676.768	-0.00614873	4	3	3	3	0.245591	333	66.1567	0	0	0	0.226765	125.418	0.615864	477.844	1	1	1	1	1	1	1	0
09.08.2015 23:06:40.948000	0.015	0.0214234	0.0169728	126.25	676.766	-0.00705295	4	3	3	3	0.254381	333	66.1567	0	0	0	0.227807	125.403	0.62917	477.734	1	1	1	1	1	1	1	0
09.08.2015 23:06:41.048000	0.015	0.0214234	0.0169728	126.25	676.766	-0.00614873	4	3	3	3	0.289	333	66.1567	0	0	0	0.22628	125.379	0.635578	477.618	1	1	1	1	1	1	1	0
09.08.2015 23:06:41.148000	0.015	0.0214234	0.0169728	126.25	676.766	-0.00651042	4	3	3	3	0.280151	333	66.1567	0	0	0	0.226215	125.367	0.650594	477.516	1	1	1	1	1	1	1	0
09.08.2015 23:06:41.248000	0.015	0.0214234	0.0169728	126.25	676.766	-0.00651042	4	3	3	3	0.264845	333	66.1567	0	0	0	0.226816	125.356	0.643269	477.5	1	1	1	1	1	1	1	0
09.08.2015 23:06:41.348000	0.015	0.0214234	0.0169728	126.25	676.75	-0.00705295	4	3	3	3	0.248211	333	66.1567	0	0	0	0.22636	125.336	0.641194	477.432	1	1	1	1	1	1	1	0
09.08.2015 23:06:41.448000	0.015	0.0214234	0.0169728	126.25	676.758	-0.00687211	4	3	3	3	0.245486	333	66.1567	0	0	0	0.226859	125.321	0.650166	477.339	1	1	1	1	1	1	1	0
09.08.2015 23:06:41.548000	0.015	0.0214234	0.0169728	126.25	676.781	-0.00434028	4	3	3	3	0.289864	333	66.1567	0	0	0	0.225788	125.308	0.656209	477.266	1	1	1	1	1	1	1	0
09.08.2015 23:06:41.648000	0.015	0.0214234	0.0169728	126.25	676.789	-0.00180845	4	3	3	3	0.283796	333	66.1567	0	0	0	0.228111	125.289	0.662313	477.172	1	1	1	1	1	1	1	0
09.08.2015 23:06:41.748000	0.015	0.0214234	0.0169728	126.25	676.781	-0.00217014	4	3	3	3	0.254711	333	66.1567	0	0	0	0.226172	125.273	0.667867	477.088	1	1	1	1	1	1	1	0
09.08.2015 23:06:41.848000	0.015	0.0214234	0.0169728	126.25	676.786	-0.0036169	4	3	3	3	0.286155	333	66.1567	0	0	0	0.227525	125.255	0.67684	476.987	1	1	1	1	1	1	1	0
09.08.2015 23:06:41.948000	0.015	0.0214234	0.0169728	126.25	676.805	-0.00434028	4	3	3	3	0.292693	333	66.1567	0	0	0	0.22662	125.235	0.681967	476.888	1	1	1	1	1	1	1	0
09.08.2015 23:06:42.048000	0.015	0.0214234	0.0169728	126.25	676.802	-0.0036169	4	3	3	3	0.271449	333	66.1567	0	0	0	0.228241	125.218	0.695578	476.771	1	1	1	1	1	1	1	0
09.08.2015 23:06:42.148000	0.015	0.0214234	0.0169728	126.25	676.797	-0.00217014	4	3	3	3	0.256945	333	66.1567	0	0	0	0.22657	125.2	0.706442	476.662	1	1	1	1	1	1	1	0
09.08.2015 23:06:42.248000	0.015	0.0214234	0.0169728	126.25	676.797	-0.00180845	4	3	3	3	0.304126	333	66.1567	0	0	0	0.227228	125.186	0.719199	476.557	1	1	1	1	1	1	1	0
09.08.2015 23:06:42.348000	0.015	0.0214234	0.0169728	126.25	676.805	-0.00271267	4	3	3	3	0.316202	333	66.1567	0	0	0	0.227684	125.168	0.737144	476.419	1	1	1	1	1	1	1	0
09.08.2015 23:06:42.448000	0.015	0.0214234	0.0169728	126.25	676.805	-0.00434028	4	3	3	3	0.267531	333	66.1567	0	0	0	0.227271	125.156	0.74752	476.334	1	1	1	1	1	1	1	0
09.08.2015 23:06:42.548000	0.015	0.0214234	0.0169728	126.25	676.805	-0.00434028	4	3	3	3	0.242448	333	66.1567	0	0	0	0.226859	125.143	0.738304	476.32	1	1	1	1	1	1	1	0
09.08.2015 23:06:42.648000	0.015	0.0214234	0.0169728	126.25	676.805	-0.00506366	4	3	3	3	0.254518	333	66.1567	0	0	0	0.226367	125.129	0.74691	476.233	1	1	1	1	1	1	1	0
09.08.2015 23:06:42.748000	0.015	0.0214234	0.0169728	126.25	676.816	-0.00271267	4	3	3	3	0.269074	333	66.1567	0	0	0	0.228205	125.111	0.752647	476.144	1	1	1	1	1	1	1	0
09.08.2015 23:06:42.848000	0.015	0.0214234	0.0169728	126.25	676.826	-0.00253183	4	3	3	3	0.302864	333	66.1567	0	0	0	0.226563	125.102	0.760521	476.077	1	1	1	1	1	1	1	0
09.08.2015 23:06:42.948000	0.015	0.0214234	0.0169728	126.25	676.836	-0.00434028	4	3	3	3	0.272447	333	66.1567	0	0	0	0.228197	125.084	0.775109	475.955	1	1	1	1	1	1	1	0
09.08.2015 23:06:43.048000	0.015	0.0214234	0.0169728	126.25	676.839	-0.00470197	4	3	3	3	0.266167	333	66.1567	0	0	0	0.22696	125.065	0.789575	475.826	1	1	1	1	1	1	1	0
09.08.2015 23:06:43.148000	0.015	0.0214234	0.0169728	126.25	676.844	-0.00488281	4	3	3	3	0.296969	333	66.1567	0	0	0	0.22819	125.051	0.804407	475.715	1	1	1	1	1	1	1	0
09.08.2015 23:06:43.248000	0.015	0.0214234	0.0169728	126.25	676.857	-0.00614873	4	3	3	3	0.273801	333	66.1567	0	0	0	0.227054	125.036	0.820093	475.598	1	1	1	1	1	1	1	0
09.08.2015 23:06:43.348000	0.015	0.0214234	0.0169728	126.25	676.832	-0.00271267	4	3	3	3	0.251155	333	66.1567	0	0	0	0.22704	125.024	0.830103	475.512	1	1	1	1	1	1	1	0
09.08.2015 23:06:43.448000	0.015	0.0214234	0.0169728	126.247	676.865	-0.00397859	4	3	3	3	0.267937	333	66.1567	0	0	0	0.228306	125.005	0.831629	475.437	1	1	1	1	1	1	1	0
09.08.2015 23:06:43.548000	0.015	0.0214234	0.0169728	126.25	676.871	-0.00488281	4	3	3	3	0.297188	333	66.1567	0	0	0	0.226845	124.987	0.829371	475.376	1	1	1	1	1	1	1	0
09.08.2015 23:06:43.648000	0.015	0.0214234	0.0169728	126.247	676.862	-0.00434028	4	3	3	3	0.283233	333	66.1567	0	0	0	0.22772	124.976	0.846889	475.265	1	1	1	1	1	1	1	0
09.08.2015 23:06:43.748000	0.015	0.0214234	0.0169728	126.246	676.871	-0.00542535	4	3	3	3	0.256589	333	66.1567	0	0	0	0.226714	124.964	0.83462	475.265	1	1	1	1	1	1	1	0
09.08.2015 23:06:43.848000	0.015	0.0214234	0.0169728	126.25	676.859	-0.00434028	4	3	3	3	0.270566	333	66.1567	0	0	0	0.228921	124.952	0.823817	475.26	1	1	1	1	1	1	1	0
09.08.2015 23:06:43.948000	0.015	0.0214234	0.0169728	126.25	676.859	-0.00325521	4	3	3	3	0.254659	333	66.1567	0	0	0	0.227098	124.936	0.824	475.2	1	1	1	1	1	1	1	0
09.08.2015 23:06:44.048000	0.015	0.0214234	0.0169728	126.25	676.927	-0.00325521	4	3	3	3	0.281573	333	66.1567	0	0	0	0.228335	124.93	0.821986	475.183	1	1	1	1	1	1	1	0
09.08.2015 23:06:44.148000	0.015	0.0214234	0.0169728	126.25	676.902	-0.00379774	4	3	3	3	0.291803	333	66.1567	0	0	0	0.227394	124.902	0.818812	475.092	1	1	1	1	1	1	1	0
09.08.2015 23:06:44.248000	0.015	0.0214234	0.0169728	126.25	676.891	-0.00434028	4	3	3	3	0.249725	333	66.1567	0	0	0	0.227951	124.894	0.817408	475.066	1	1	1	1	1	1	1	0
09.08.2015 23:06:44.348000	0.015	0.0214234	0.0169728	126.25	676.906	-0.00434028	4	3	3	3	0.260951	333	66.1567	0	0	0	0.227199	124.878	0.816858	475.007	1	1	1	1	1	1	1	0
09.08.2015 23:06:44.448000	0.015	0.0214234	0.0169728	126.25	676.906	-0.00397859	4	3	3	3	0.281153	333	66.1567	0	0	0	0.227373	124.849	0.820154	474.883	1	1	1	1	1	1	1	0
09.08.2015 23:06:44.548000	0.015	0.0214234	0.0169728	126.25	676.918	-0.00108507	4	3	3	3	0.290424	333	66.1567	0	0	0	0.228595	124.848	0.823817	474.863	1	1	1	1	1	1	1	0
09.08.2015 23:06:44.648000	0.015	0.0214234	0.0169728	126.245	676.901	-0.00144676	4	3	3	3	0.262482	333	66.1567	0	0	0	0.227134	124.829	0.826685	474.781	1	1	1	1	1	1	1	0
09.08.2015 23:06:44.748000	0.015	0.0214234	0.0169728	126.25	676.906	-0.00379774	4	3	3	3	0.251392	333	66.1567	0	0	0	0.228443	124.811	0.824732	474.72	1	1	1	1	1	1	1	0
09.08.2015 23:06:44.848000	0.015	0.0214234	0.0169728	126.25	676.896	-0.00434028	4	3	3	3	0.298701	333	66.1567	0	0	0	0.226519	124.795	0.831019	474.633	1	1	1	1	1	1	1	0
09.08.2015 23:06:44.948000	0.015	0.0214234	0.0169728	126.25	676.898	-0.00434028	4	3	3	3	0.299608	333	66.1567	0	0	0	0.228921	124.782	0.846828	474.522	1	1	1	1	1	1	1	0
09.08.2015 23:06:45.048000	0.015	0.0214234	0.0169728	126.25	676.888	-0.00217014	4	3	3	3	0.273895	333	66.1567	0	0	0	0.226808	124.773	0.839076	474.517	1	1	1	1	1	1	1	0
09.08.2015 23:06:45.148000	0.015	0.0214234	0.0169728	126.25	676.887	0	4	3	3	3	0.250779	333	66.1567	0	0	0	0.227713	124.757	0.822901	474.518	1	1	1	1	1	1	1	0
09.08.2015 23:06:45.248000	0.015	0.0214234	0.0169728	126.25	676.888	-0.00036169	4	3	3	3	0.249761	333	66.1567	0	0	0	0.22725	124.748	0.819239	474.497	1	1	1	1	1	1	1	0
09.08.2015 23:06:45.348000	0.015	0.0214234	0.0169728	126.25	676.891	-0.00217014	4	3	3	3	0.25496	333	66.1567	0	0	0	0.227611	124.73	0.822169	474.42	1	1	1	1	1	1	1	0
09.08.2015 23:06:45.448000	0.015	0.0214234	0.0169728	126.25	676.888	-0.00289352	4	3	3	3	0.261316	333	66.1567	0	0	0	0.22725	124.715	0.818445	474.377	1	1	1	1	1	1	1	0
09.08.2015 23:06:45.548000	0.015	0.0214234	0.0169728	126.25	676.883	-0.00325521	4	3	3	3	0.269921	333	66.1567	0	0	0	0.229311	124.708	0.817328	474.353	1	1	1	1	1	1	1	0
