Time	[76:0]	[76:1]	[76:2]	[76:4]	[76:8]	[76:70]	[76:71]	[78:0]	[78:1]	[78:2]	[79:2]	[79:3]	[79:4]	[79:8]	[79:9]	[79:10]	[79:11]	[79:12]	[79:13]	[79:14]	[79.0]	[79.1]	[79.2]	[79.3]	[79.4]	[79.5]	[79.6]	[79.8]
time	Hoogteverstelling - Referentie positie (mm)	Hoogteverstelling - AZ gemeten positie (mm)	Hoogteverstelling - BZ gemeten positie (mm)	Transfert Ingang - Gemeten positie (mm)	Transfert Uitgang - Gemeten positie (mm)	Aardgas - actueel debiet	Stappenschakelaar - gemeten pos	Laspos Ing - positie discreet	Laspos Uitg - positie discreet	Schaafverstelling - positie discreet	Stuikraam - Totale Stroommeting RMS-waarde (A)	Stuikraam - Stroomreferentie (A)	Stuikraam - Positie AZ (mm, pulsgever)	Stuikraam - Referentie Servo-ventiel (%)	Stuikraam - Trim door I-regelaar (%)	Stuikraam - Gemeten snelheid (mm/s, pulsgever)	Secundaire lasspanning	Stuikraam - Druk stuikcilinder voorkamer (=laszijde)  (bar)	Stuikraam - Druk stuikcilinder terugloopkamer  (bar)	Stuikraam - Netto voorwaartse kracht op stuikraam (kN)	Stuikraam - P1	Stuikraam - P2	Stuikraam - P3	Stuikraam - P4	Stuikraam - P5	Stuikraam - P6	Stuikraam - P7	Stuikraam - Openen stuikventielen	

Lasparameter.Ingang - Coil ID	0321082S
Lasparameter.Ingang - Dikte (um)	4820
Lasparameter.Ingang - Breedte (mm)	1651
Lasparameter.Ingang - Materiaal	0001
Lasparameter.Uitgang - Coil ID	0321887S
Lasparameter.Uitgang - Dikte (um)	4770
Lasparameter.Uitgang - Breedte (mm)	1677
Lasparameter.Uitgang - Materiaal	0001
Lasparameter.P2 (mm)	24.0
Lasparameter.P3 (mm)	34.0
Lasparameter.P4 (mm)	42.2
Lasparameter.P5 (mm)	50.5
Lasparameter.P6 (mm)	57.1
Lasparameter.P7 (mm)	62.2
Lasparameter.Vonksnelheid (mm/s)	1.20
Lasparameter.Lassnelheid (mm/s)	0.48
Lasparameter.Stroom Referentie (A)	0408
Lasparameter.Stroomtoename (µA/s2)	41.0
Lasparameter.Stuikstroomtijd (per)	0009
Lasparameter.Afkoeltijd Stuik (per)	0010
Lasparameter.Stuikdruk (bar)	0115
Lasparameter.Stuiksnelheid (%)	90.0

09.08.2015 07:12:21.803000	-0.0250001	-0.0342517	-0.0339929	-0.03125	-69.1016	0.00108507	7	4	4	4	0.250523	408	0	0	0	0	0.211024	4.91726	123.915	-455.62	1	0	0	0	0	0	0	0
09.08.2015 07:12:21.903000	-0.0250001	-0.0342517	-0.0339929	-0.03125	-97.3984	0.0016276	7	4	4	4	0.236226	408	0	0	0	0	0.207957	5.75304	123.932	-452.483	1	0	0	0	0	0	0	0
09.08.2015 07:12:22.003000	-0.0250001	-0.0342517	-0.0339929	-0.015625	-129.513	0.00072338	7	4	4	4	0.242198	408	0	0	0	0	0.211502	3.78515	123.849	-459.699	1	0	0	0	0	0	0	0
09.08.2015 07:12:22.103000	-0.0250001	-0.0342517	-0.0339929	0	-165.105	0.00108507	7	4	4	4	0.240324	408	0	0	0	0	0.209389	5.56536	123.893	-453.053	1	0	0	0	0	0	0	0
09.08.2015 07:12:22.203000	-0.0250001	-0.0342517	-0.0339929	-0.0182292	-215.273	0.00108507	7	4	4	4	0.244245	408	0	0	0	0	0.211444	6.58126	123.946	-449.365	1	0	0	0	0	0	0	0
09.08.2015 07:12:22.303000	-0.0250001	-0.0342517	-0.0339929	0	-261.242	0	7	4	4	4	0.246552	408	0	0	0	0	0.208608	3.21665	123.798	-461.682	1	0	0	0	0	0	0	0
09.08.2015 07:12:22.403000	-0.0250001	-0.0342517	-0.0339929	-0.00520833	-301.135	-0.00144676	7	4	4	4	0.245333	408	0	0	0	0	0.210576	4.93503	123.818	-455.178	1	0	0	0	0	0	0	0
09.08.2015 07:12:22.503000	-0.0250001	-0.0342517	-0.0339929	0	-341.508	0.000542535	7	4	4	4	0.233495	408	0	0	0	0	0.20803	3.97693	123.746	-458.572	1	0	0	0	0	0	0	0
09.08.2015 07:12:22.603000	-0.0250001	-0.0342517	-0.0339929	0	-392.802	0.00036169	7	4	4	4	0.2457	408	0	0	0	0	0.207118	5.88971	123.787	-451.405	1	0	0	0	0	0	0	0
09.08.2015 07:12:22.703000	-0.0250001	-0.0342517	-0.0339929	0	-438.992	0.000542535	7	4	4	4	0.245759	408	0	0	0	0	0.206568	4.76174	123.719	-455.465	1	0	0	0	0	0	0	0
09.08.2015 07:12:22.803000	-0.0250001	-0.0342517	-0.0339929	0	-479.367	0.00036169	7	4	4	4	0.25156	408	0	0	0	0	0.206337	5.99042	123.773	-450.965	1	0	0	0	0	0	0	0
09.08.2015 07:12:22.903000	-0.0250001	-0.0342517	-0.0339929	-0.00390625	-519.387	0.000542535	7	4	4	4	0.254484	408	0	0	0	0	0.206684	2.80111	123.6	-462.513	1	0	0	0	0	0	0	0
09.08.2015 07:12:23.003000	-0.0250001	-0.0342517	-0.0339929	0	-572.279	0.00072338	7	4	4	4	0.278378	408	0	0	0	0	0.203241	4.41212	123.614	-456.398	1	0	0	0	0	0	0	0
09.08.2015 07:12:23.103000	-0.0250001	-0.0342517	-0.0339929	0.0117188	-601.527	0.00108507	7	4	4	4	0.274697	408	0	0	0	0	0.205281	7.3845	123.738	-445.496	1	0	0	0	0	0	0	0
09.08.2015 07:12:23.203000	-0.0250001	-0.0342517	-0.0339929	0.00260417	-623.518	0.00072338	7	4	4	4	0.291954	408	0	0	0	0	0.20327	4.0174	123.598	-457.849	1	0	0	0	0	0	0	0
09.08.2015 07:12:23.303000	-0.0250001	-0.0342517	-0.0339929	0	-643.719	0.00108507	7	4	4	4	0.31243	408	0	0	0	0	0.205122	4.56435	123.567	-455.639	1	0	0	0	0	0	0	0
09.08.2015 07:12:23.403000	-0.0250001	-0.0342517	-0.0339929	0	-658.19	0.00072338	7	4	4	4	0.277294	408	0	0	0	0	0.202575	5.46641	123.558	-452.151	1	0	0	0	0	0	0	0
09.08.2015 07:12:23.503000	-0.0250001	-0.0342517	-0.0339929	0	-665.238	0	7	4	4	4	0.293785	408	0	0	0	0	0.2057	5.31632	123.538	-452.646	1	0	0	0	0	0	0	0
09.08.2015 07:12:23.603000	-0.0250001	-0.0342517	-0.0339929	0	-667.943	0.00108507	7	4	4	4	0.298851	408	0	0	0	0	0.204485	5.32255	123.511	-452.518	1	0	0	0	0	0	0	0
09.08.2015 07:12:23.703000	-0.0250001	-0.0342517	-0.0339929	0	-669.582	0.000542535	7	4	4	4	0.287931	408	0	0	0	0	0.205613	5.35093	123.479	-452.288	1	0	0	0	0	0	0	0
09.08.2015 07:12:23.803000	-0.0250001	-0.0342517	-0.0339929	0	-670.424	0.00072338	7	4	4	4	0.303095	408	0	0	0	0	0.205932	5.10129	123.452	-453.142	1	0	0	0	0	0	0	0
09.08.2015 07:12:23.903000	-0.0250001	-0.0342517	-0.0339929	-0.0117188	-670.645	0.000542535	7	4	4	4	0.306153	408	0	0	0	0	0.208391	3.30961	123.346	-459.593	1	0	0	0	0	0	0	0
09.08.2015 07:12:24.003000	-0.0250001	-0.0342517	-0.0339929	-0.00260417	-670.688	0.00072338	7	4	4	4	0.274881	408	0	0	0	0	0.209896	3.69524	123.318	-458.011	1	0	0	0	0	0	0	0
09.08.2015 07:12:24.103000	-0.0250001	-0.0342517	-0.0339929	0.257813	-670.688	0.000542535	7	4	4	4	0.296517	408	0	0	0	0	0.208926	4.89132	123.342	-453.524	1	0	0	0	0	0	0	0
09.08.2015 07:12:24.203000	-0.0250001	-0.0342517	-0.0339929	1.05469	-670.685	0.00108507	7	4	4	4	0.303784	408	0	0	0	0	0.212066	4.81613	123.313	-453.7	1	0	0	0	0	0	0	0
09.08.2015 07:12:24.303000	-0.0250001	-0.0342517	-0.0339929	7.85156	-670.688	-0.0016276	7	4	4	4	0.273622	408	0	0	0	0	0.213339	4.70711	123.279	-453.989	1	0	0	0	0	0	0	0
09.08.2015 07:12:24.403000	-0.0250001	-0.0342517	-0.0339929	27.8932	-670.69	0.00072338	7	4	4	4	0.282218	408	0	0	0	0	0.216811	4.79012	123.268	-453.629	1	0	0	0	0	0	0	0
09.08.2015 07:12:24.503000	-0.0250001	-0.0342517	-0.0339929	54.1445	-670.691	0.00108507	7	4	4	4	0.279969	408	0	0	0	0	0.215697	4.95096	123.237	-452.894	1	0	0	0	0	0	0	0
09.08.2015 07:12:24.603000	-0.0250001	-0.0342517	-0.0339929	79.0651	-670.69	0.00144676	7	4	4	4	0.263787	408	0	0	0	0	0.220616	4.49251	123.2	-454.508	1	0	0	0	0	0	0	0
09.08.2015 07:12:24.703000	-0.0250001	-0.0342517	-0.0339929	108.664	-670.695	0.000542535	7	4	4	4	0.267139	408	0	0	0	0	0.221282	4.72335	123.181	-453.55	1	0	0	0	0	0	0	0
09.08.2015 07:12:24.803000	-0.0250001	-0.0342517	-0.0339929	154.49	-670.695	0.00036169	7	4	4	4	0.263705	408	0	0	0	0	0.224407	4.80074	123.15	-453.134	1	0	0	0	0	0	0	0
09.08.2015 07:12:24.903000	-0.0250001	-0.0342517	-0.0339929	200.477	-670.695	-0.0016276	7	4	4	4	0.247501	408	0	0	0	0	0.22364	4.67373	123.124	-453.521	1	0	0	0	0	0	0	0
09.08.2015 07:12:25.003000	-0.0250001	-0.0342517	-0.0339929	243.57	-670.695	0.00036169	7	4	4	4	0.263568	408	0	0	0	0	0.226577	4.96475	123.103	-452.327	1	0	0	0	0	0	0	0
09.08.2015 07:12:25.103000	-0.0250001	-0.0342517	-0.0339929	286.66	-670.695	0.000542535	7	4	4	4	0.23774	408	0	0	0	0	0.227546	4.56136	123.062	-453.717	1	0	0	0	0	0	0	0
09.08.2015 07:12:25.203000	-0.0250001	-0.0342517	-0.0339929	346.984	-670.695	0.00072338	7	4	4	4	0.25378	408	0	0	0	0	0.228168	4.71334	123.041	-453.054	1	0	0	0	0	0	0	0
09.08.2015 07:12:25.303000	-0.0250001	-0.0342517	-0.0339929	390.215	-670.695	0.000542535	7	4	4	4	0.257948	408	0	0	0	0	0.230049	4.78054	123.02	-452.716	1	0	0	0	0	0	0	0
09.08.2015 07:12:25.403000	-0.0250001	-0.0342517	-0.0339929	431.797	-670.701	0.00108507	7	4	4	4	0.238653	408	0	0	0	0	0.231916	3.72674	122.958	-456.514	1	0	0	0	0	0	0	0
09.08.2015 07:12:25.503000	-0.0250001	-0.0342517	-0.0339929	466.004	-670.703	0.000542535	7	4	4	4	0.248666	408	0	0	0	0	0.23465	4.21589	122.951	-454.615	1	0	0	0	0	0	0	0
09.08.2015 07:12:25.603000	-0.0250001	-0.0342517	-0.0339929	492.122	-670.703	0	7	4	4	4	0.24791	408	0	0	0	0	0.234274	4.75094	122.952	-452.567	1	0	0	0	0	0	0	0
09.08.2015 07:12:25.703000	-0.0250001	-0.0342517	-0.0339929	506.82	-670.695	0.00108507	7	4	4	4	0.263899	408	0	0	0	0	0.237543	4.39509	122.925	-453.826	1	0	0	0	0	0	0	0
09.08.2015 07:12:25.803000	-0.0250001	-0.0342517	-0.0339929	523.216	-670.698	0.00072338	7	4	4	4	0.248967	408	0	0	0	0	0.237543	4.37568	123.061	-454.424	1	0	0	0	0	0	0	0
09.08.2015 07:12:25.903000	-0.0250001	-0.0342517	-0.0339929	542.25	-670.711	0.000542535	7	4	4	4	0.257131	408	0	0	0	0	0.239974	4.72176	123.232	-453.753	1	0	0	0	0	0	0	0
09.08.2015 07:12:26.003000	-0.0250001	-0.0342517	-0.0339929	561.245	-670.706	0.00036169	7	4	4	4	0.265718	408	0	0	0	0	0.239091	4.46406	123.387	-455.334	1	0	0	0	0	0	0	0
09.08.2015 07:12:26.103000	-0.0250001	-0.0342517	-0.0339929	577.098	-670.715	0.00108507	7	4	4	4	0.245975	408	0	0	0	0	0.240697	4.30378	123.744	-457.311	1	0	0	0	0	0	0	0
09.08.2015 07:12:26.203000	-0.0250001	-0.0342517	-0.0339929	592.771	-670.719	0.00144676	7	4	4	4	0.252309	408	0	0	0	0	0.240582	4.52034	125.2	-462.058	1	0	0	0	0	0	0	0
09.08.2015 07:12:26.303000	-0.0250001	-0.0342517	-0.0339929	613.527	-670.719	-0.000542535	7	4	4	4	0.261131	408	0	0	0	0	0.240278	4.49281	125.214	-462.217	1	0	0	0	0	0	0	0
09.08.2015 07:12:26.403000	-0.0250001	-0.0342517	-0.0339929	628.471	-670.719	-0.00072338	7	4	4	4	0.267158	408	0	0	0	0	0.240336	4.44502	125.236	-462.486	1	0	0	0	0	0	0	0
09.08.2015 07:12:26.503000	-0.0250001	-0.0342517	-0.0339929	642.852	-670.719	-0.00108507	7	4	4	4	0.263383	408	0	0	0	0	0.24103	4.44899	125.357	-462.933	1	0	0	0	0	0	0	0
09.08.2015 07:12:26.603000	-0.0250001	-0.0342517	-0.0339929	658.112	-670.719	-0.00144676	7	4	4	4	0.28604	408	0	0	0	0	0.242564	4.46266	125.746	-464.368	1	0	0	0	0	0	0	0
09.08.2015 07:12:26.703000	-0.0250001	-0.0342517	-0.0339929	674.172	-670.719	-0.00325521	7	4	4	4	0.285977	408	0	0	0	0	0.241565	4.44398	126.009	-465.448	1	0	0	0	0	0	0	0
09.08.2015 07:12:26.803000	-0.0250001	-0.0342517	-0.0339929	685.82	-670.719	-0.00108507	7	4	4	4	0.282086	408	0	0	0	0	0.243764	4.40992	126.222	-466.395	1	0	0	0	0	0	0	0
09.08.2015 07:12:26.903000	-0.0250001	-0.0342517	-0.0339929	695.941	-670.719	-0.00108507	7	4	4	4	0.287107	408	0	0	0	0	0.24401	4.39906	126.45	-467.307	1	0	0	0	0	0	0	0
09.08.2015 07:12:27.003000	-0.0250001	-0.0342517	-0.0339929	705.37	-670.719	-0.00180845	7	4	4	4	0.295642	408	0	0	0	0	0.245761	4.37526	126.651	-468.171	1	0	0	0	0	0	0	0
09.08.2015 07:12:27.103000	-0.0250001	-0.0342517	-0.0339929	709.707	-670.719	-0.0016276	7	4	4	4	0.306328	408	0	0	0	0	0.244734	4.31648	126.857	-469.181	1	0	0	0	0	0	0	0
09.08.2015 07:12:27.203000	-0.0250001	-0.0342517	-0.0339929	710.557	-670.719	-0.00108507	7	4	4	4	0.29408	408	0	0	0	0	0.246296	4.4117	127.094	-469.728	1	0	0	0	0	0	0	0
09.08.2015 07:12:27.303000	-0.0250001	-0.0342517	-0.0339929	711.059	-670.719	-0.0016276	7	4	4	4	0.294167	408	0	0	0	0	0.245891	4.38514	127.311	-470.658	1	0	0	0	0	0	0	0
09.08.2015 07:12:27.403000	-0.0250001	-0.0342517	-0.0339929	711.06	-670.721	-0.00144676	7	4	4	4	0.287177	408	0	0	0	0	0.245819	4.42911	127.379	-470.752	1	0	0	0	0	0	0	0
09.08.2015 07:12:27.503000	-0.0250001	-0.0342517	-0.0339929	711.063	-670.723	-0.00108507	7	4	4	4	0.287608	408	0	0	0	0	0.245855	5.03635	127.537	-469.034	1	0	0	0	0	0	0	0
09.08.2015 07:12:27.603000	-0.0250001	-0.0342517	-0.0339929	711.06	-670.724	-0.00180845	7	4	4	4	0.306364	408	0	0	0	0	0.246521	4.6238	128.159	-472.99	1	0	0	0	0	0	0	0
09.08.2015 07:12:27.703000	-0.0250001	-0.0342517	-0.0339929	711.063	-670.723	0.000542535	7	4	4	4	0.288532	408	0	0	0	0	0.246774	4.23933	128.206	-474.645	1	0	0	0	0	0	0	0
09.08.2015 07:12:27.803000	-0.0250001	-0.0342517	-0.0339929	711.063	-670.727	0.00072338	7	4	4	4	0.312879	408	0	0	0	0	0.245023	4.61857	128.241	-473.324	1	0	0	0	0	0	0	0
09.08.2015 07:12:27.903000	-0.0250001	-0.0342517	-0.0339929	711.063	-670.727	0.00108507	7	4	4	4	0.28423	408	0	0	0	0	0.244748	4.53365	128.303	-473.888	1	0	0	0	0	0	0	0
09.08.2015 07:12:28.003000	-0.0250001	-0.0342517	-0.0339929	711.063	-670.727	0.00036169	7	4	4	4	0.2729	408	0	0	0	0	0.243678	4.37819	128.512	-475.283	1	0	0	0	0	0	0	0
09.08.2015 07:12:28.103000	-0.0250001	-0.0342517	-0.0339929	711.063	-670.727	-0.00108507	7	4	4	4	0.275584	408	0	0	0	0	0.244936	4.52303	128.78	-475.757	1	0	0	0	0	0	0	0
09.08.2015 07:12:28.203000	-0.0250001	-0.0342517	-0.0339929	711.063	-670.727	-0.00108507	7	4	4	4	0.285823	408	0	0	0	0	0.243685	4.60976	128.941	-476.039	1	0	0	0	0	0	0	0
09.08.2015 07:12:28.303000	-0.0250001	-0.0342517	-0.0339929	711.063	-670.727	-0.00488281	7	4	4	4	0.269782	408	0	0	0	0	0.245218	4.51088	129.071	-476.914	1	0	0	0	0	0	0	0
09.08.2015 07:12:28.403000	-0.0250001	-0.0342517	-0.0339929	711.063	-670.734	-0.00325521	7	4	4	4	0.254596	408	0	0	0	0	0.243012	4.47011	129.172	-477.457	1	0	0	0	0	0	0	0
09.08.2015 07:12:28.503000	-0.0250001	-0.0342517	-0.0339929	711.066	-670.734	-0.00542535	7	4	4	4	0.245764	408	0	0	0	0	0.242267	4.51619	129.285	-477.715	1	0	0	0	0	0	0	0
09.08.2015 07:12:28.603000	-0.0250001	-0.0342517	-0.0339929	711.07	-670.734	-0.00325521	7	4	4	4	0.268591	408	0	0	0	0	0.238911	4.53352	129.418	-478.158	1	0	0	0	0	0	0	0
09.08.2015 07:12:28.703000	-0.0250001	-0.0342517	-0.0339929	711.066	-670.734	-0.00434028	7	4	4	4	0.253611	408	0	0	0	0	0.237876	4.51131	129.547	-478.736	1	0	0	0	0	0	0	0
09.08.2015 07:12:28.803000	-0.0250001	-0.0342517	-0.0339929	711.068	-670.734	-0.00397859	7	4	4	4	0.263483	408	0	0	0	0	0.233261	4.34364	129.631	-479.701	1	0	0	0	0	0	0	0
09.08.2015 07:12:28.903000	-0.0250001	-0.0342517	-0.0339929	711.07	-670.734	-0.00488281	7	4	4	4	0.255171	408	0	0	0	0	0.228277	3.77105	129.596	-481.758	1	0	0	0	0	0	0	0
09.08.2015 07:12:29.003000	-0.0250001	-0.0342517	-0.0339929	711.07	-670.742	-0.00506366	7	4	4	4	0.253515	408	0	0	0	0	0.226179	4.56496	127.762	-471.696	1	0	0	0	0	0	0	0
09.08.2015 07:12:29.103000	-0.0250001	-0.0342517	-0.0339929	711.07	-670.738	-0.00379774	7	4	4	4	0.273886	408	0	0	0	0	0.221962	5.53172	130.244	-477.499	1	0	0	0	0	0	0	0
09.08.2015 07:12:29.203000	-0.0250001	-0.0342517	-0.0339929	711.073	-670.734	-0.00434028	7	4	4	4	0.278077	408	0	0	0	0	0.21985	5.36943	130.422	-478.801	1	0	0	0	0	0	0	0
09.08.2015 07:12:29.303000	-0.0250001	-0.0342517	-0.0339929	711.074	-670.734	-0.00325521	7	4	4	4	0.269691	408	0	0	0	0	0.214352	4.8124	129.848	-478.735	1	0	0	0	0	0	0	0
09.08.2015 07:12:29.403000	-0.0250001	-0.0342517	-0.0339929	711.078	-670.74	-0.00144676	7	4	4	4	0.263302	408	0	0	0	0	0.214258	4.78719	129.145	-476.142	1	0	0	0	0	0	0	0
09.08.2015 07:12:29.503000	-0.0250001	-0.0342517	-0.0339929	711.078	-670.734	-0.00217014	7	4	4	4	0.265136	408	0	0	0	0	0.209968	5.24693	128.997	-473.816	1	0	0	0	0	0	0	0
09.08.2015 07:12:29.603000	-0.0250001	-0.0342517	-0.0339929	711.078	-670.737	0.00072338	7	4	4	4	0.250296	408	0	0	0	0	0.209086	4.88443	128.979	-475.133	1	0	0	0	0	0	0	0
09.08.2015 07:12:29.703000	-0.0250001	-0.0342517	-0.0339929	711.078	-670.734	0.000542535	7	4	4	4	0.265414	408	0	0	0	0	0.206561	4.85574	129.002	-475.33	1	0	0	0	0	0	0	0
09.08.2015 07:12:29.803000	-0.0250001	-0.0342517	-0.0339929	711.078	-670.737	0.00072338	7	4	4	4	0.242154	408	0	0	0	0	0.2074	5.19047	128.951	-473.853	1	0	0	0	0	0	0	0
09.08.2015 07:12:29.903000	-0.0250001	-0.0342517	-0.0339929	711.078	-670.738	0.00108507	7	4	4	4	0.271271	408	0	0	0	0	0.20719	4.92068	128.826	-474.41	1	0	0	0	0	0	0	0
09.08.2015 07:12:30.003000	-0.0250001	-0.0342517	-0.0339929	711.078	-670.74	0.00036169	7	4	4	4	0.245241	408	0	0	0	0	0.206004	4.83139	128.587	-473.834	1	0	0	0	0	0	0	0
09.08.2015 07:12:30.103000	-0.0250001	-0.0342517	-0.0339929	711.078	-670.738	0	7	4	4	4	0.251208	408	0	0	0	0	0.206901	4.67196	128.469	-473.995	1	0	0	0	0	0	0	0
09.08.2015 07:12:30.203000	-0.0250001	-0.0342517	-0.0339929	711.078	-670.734	0.00072338	7	4	4	4	0.221015	408	0	0	0	0	0.206301	4.36738	128.277	-474.427	1	0	0	0	0	0	0	0
09.08.2015 07:12:30.303000	-0.0250001	-0.0342517	-0.0339929	711.074	-670.742	0.000542535	7	4	4	4	0.250057	408	0	0	0	0	0.207118	7.89764	117.858	-421.017	1	0	0	0	0	0	0	0
09.08.2015 07:12:30.403000	-0.0250001	-0.0342517	-0.0339929	710.956	-670.737	0.00072338	7	4	4	4	0.241321	408	0.10993	0	0	1.37847	0.203371	72.395	101.877	-112.88	1	0	0	0	0	0	0	0
09.08.2015 07:12:30.503000	-0.0250001	-0.0342517	-0.0339929	709.547	-670.734	0.000542535	7	4	4	4	0.254234	408	2.14935	0	0	30.9823	0.206691	112.506	83.3868	111.49	1	0	0	0	0	0	0	0
09.08.2015 07:12:30.603000	-0.0250001	-0.0342517	-0.0339929	698.865	-670.734	0.00072338	7	4	4	4	0.242146	408	5.55169	0	0	34.4012	0.205259	110.235	84.0502	100.256	1	0	0	0	0	0	0	0
09.08.2015 07:12:30.703000	-0.0250001	-0.0342517	-0.0339929	678.328	-670.734	0.000542535	7	4	4	4	0.25753	408	9.03362	0	0	35.5333	0.206149	111.944	85.5673	100.99	1	0	0	0	0	0	0	0
09.08.2015 07:12:30.803000	-0.0250001	-0.0342517	-0.0339929	654.656	-670.74	-0.00180845	7	4	4	4	0.256871	408	12.5787	0	0	35.3278	0.20599	116.159	90.3712	98.7379	1	0	0	0	0	0	0	0
09.08.2015 07:12:30.903000	-0.0250001	-0.0342517	-0.0339929	630.852	-670.742	-0.00108507	7	4	4	4	0.263085	408	16.0875	0	0	35	0.208427	119.301	93.4569	98.9505	1	0	0	0	0	0	0	0
09.08.2015 07:12:31.003000	-0.0250001	-0.0342517	-0.0339929	602.654	-670.74	-0.00180845	7	4	4	4	0.253785	408	19.564	0	0	34.8241	0.210663	120.513	94.9326	97.9405	1	0	0	0	0	0	0	0
09.08.2015 07:12:31.103000	-0.0250001	-0.0342517	-0.0339929	556.078	-670.746	-0.000542535	7	4	4	4	0.253877	408	23.0136	4	0	34.6029	0.210207	120.223	94.682	97.7907	1	0.22	0	0	0	0	0	0
09.08.2015 07:12:31.203000	-0.0250001	-0.0342517	-0.0339929	518.984	-670.742	0.00036169	7	4	4	4	0.249905	408	27.2222	50	0	48.333	0.213122	109.481	83.7474	98.5278	1	1	0	0	0	0	0	0
09.08.2015 07:12:31.303000	-0.0250001	-0.0342517	-0.0339929	479.836	-670.746	-0.00108507	7	4	4	4	0.254683	408	30.4948	49.747	0	19.8111	0.213737	93.3042	71.4738	83.5842	1	1	0	0	0	0	0	0
09.08.2015 07:12:31.403000	-0.0250001	-0.0342517	-0.0339929	436.464	-670.76	0	7	4	4	4	0.284204	408	31.8139	42.7501	0	12.1518	0.216341	65.3272	41.5751	90.9422	1	1	0	0	0	0	0	0
09.08.2015 07:12:31.503000	-0.0250001	-0.0342517	-0.0339929	390.551	-670.789	-0.00108507	7	4	4	4	0.261207	408	32.7361	32.7502	0	8.81231	0.214894	53.4035	28.6956	94.6019	1	1	0	0	0	0	0	0
09.08.2015 07:12:31.603000	-0.0250001	-0.0342517	-0.0339929	356.115	-670.786	-0.00180845	7	4	4	4	0.243103	408	33.4181	22.7502	0	6.40274	0.218273	48.107	23.2614	95.1289	1	1	0	0	0	0	0	0
09.08.2015 07:12:31.703000	-0.0250001	-0.0342517	-0.0339929	324.176	-670.781	-0.00108507	7	4	4	4	0.253144	408	33.8518	12.7502	0	5.13131	0.217744	44.8595	20.1086	94.7659	1	1	0	0	0	0	0	0
09.08.2015 07:12:31.803000	-0.0250001	-0.0342517	-0.0339929	287.057	-670.779	-0.00180845	7	4	4	4	48.8986	408	34.0598	5.41437	0	3.31674	0.252271	43.6838	18.5913	96.0742	1	1	1	0	0	0	0	0
09.08.2015 07:12:31.903000	-0.0250001	-0.0342517	-0.0339929	255.609	-670.785	-0.00108507	7	4	4	4	92.4893	408	34.1806	5.29095	0	1.94704	5.13906	43.4709	18.2871	96.4238	1	1	1	0	0	0	0	0
09.08.2015 07:12:32.003000	-0.0250001	-0.0342517	-0.0339929	232.461	-670.789	-0.00144676	7	4	4	4	92.5508	408	34.305	5.29095	0	1.62575	10.0034	43.7152	18.0502	98.2663	1	1	1	0	0	0	0	0
09.08.2015 07:12:32.103000	-0.0250001	-0.0342517	-0.0339929	217.641	-670.789	-0.00108507	7	4	4	4	92.6202	408	34.4269	5.29095	0	1.31182	11.3778	42.9627	17.8032	96.3305	1	1	1	0	0	0	0	0
09.08.2015 07:12:32.203000	-0.0250001	-0.0342517	-0.0339929	193.563	-670.789	-0.00108507	7	4	4	4	92.6886	408	34.5423	5.29095	0	1.20718	11.6204	42.1607	17.6094	94.002	1	1	1	0	0	0	0	0
09.08.2015 07:12:32.303000	-0.0250001	-0.0342517	-0.0339929	176.133	-670.789	0	7	4	4	4	92.4312	408	34.6631	5.29095	0	1.18585	11.6977	41.7137	17.4729	92.8129	1	1	1	0	0	0	0	0
09.08.2015 07:12:32.403000	-0.0250001	-0.0342517	-0.0339929	160.555	-670.789	0.00072338	7	4	4	4	92.4334	408	34.778	5.29095	0	1.17333	11.7191	44.3725	17.3925	103.301	1	1	1	0	0	0	0	0
09.08.2015 07:12:32.503000	-0.0250001	-0.0342517	-0.0339929	146.23	-670.797	0.000542535	7	4	4	4	92.5214	408	34.9024	5.29095	0	1.18905	11.7311	42.7622	17.3547	97.2805	1	1	1	0	0	0	0	0
09.08.2015 07:12:32.603000	-0.0250001	-0.0342517	-0.0339929	133.833	-670.797	0.00289352	7	4	4	4	92.6651	408	35.0218	5.29095	0	1.2014	11.7407	42.4381	17.3347	96.1158	1	1	1	0	0	0	0	0
09.08.2015 07:12:32.703000	-0.0250001	-0.0342517	-0.0339929	127.133	-670.805	-0.00108507	7	4	4	4	92.7307	408	35.1416	5.29095	0	1.20146	11.7522	41.3909	17.3013	92.2343	1	1	1	0	0	0	0	0
09.08.2015 07:12:32.803000	-0.0250001	-0.0342517	-0.0339929	124.164	-670.805	0.00072338	7	4	4	4	92.7131	408	35.265	5.29095	0	1.20153	11.7548	43.8351	17.4375	101.071	1	1	1	0	0	0	0	0
09.08.2015 07:12:32.903000	-0.0250001	-0.0342517	-0.0339929	124.965	-670.805	0.00271267	7	4	4	4	92.7778	408	35.3804	5.29095	0	1.19693	11.7652	42.0438	17.3257	94.6409	1	1	1	0	0	0	0	0
09.08.2015 07:12:33.003000	-0.0250001	-0.0342517	-0.0339929	125.456	-670.807	0.00036169	7	4	4	4	92.8763	408	35.5043	5.29095	0	1.19002	11.7688	41.9044	17.3326	94.0805	1	1	1	0	0	0	0	0
09.08.2015 07:12:33.103000	-0.0250001	-0.0342517	-0.0339929	125.574	-670.813	0	7	4	4	4	92.9414	408	35.6207	5.29095	0	1.19808	11.7729	41.9404	17.1851	94.7832	1	1	1	0	0	0	0	0
09.08.2015 07:12:33.203000	-0.0250001	-0.0342517	-0.0339929	125.604	-670.813	0.00072338	7	4	4	4	92.9189	408	35.7361	5.29095	0	1.21306	11.7805	42.2144	17.1141	96.1039	1	1	1	0	0	0	0	0
09.08.2015 07:12:33.303000	-0.0250001	-0.0342517	-0.0339929	125.625	-670.816	0	7	4	4	4	92.9969	408	35.8559	5.29095	0	1.20243	11.781	42.6118	17.1103	97.6402	1	1	1	0	0	0	0	0
09.08.2015 07:12:33.403000	-0.0250001	-0.0342517	-0.0339929	125.625	-670.818	0.00072338	7	4	4	4	92.9958	408	35.9713	5.29095	0	1.16247	11.7867	41.9089	17.1441	94.8197	1	1	1	0	0	0	0	0
09.08.2015 07:12:33.503000	-0.0250001	-0.0342517	-0.0339929	125.625	-670.82	0.00108507	7	4	4	4	92.8642	408	36.0917	5.29095	0	1.16289	11.7884	42.1072	17.1694	95.482	1	1	1	0	0	0	0	0
09.08.2015 07:12:33.603000	-0.0250001	-0.0342517	-0.0339929	125.628	-670.82	0.00072338	7	4	4	4	92.8134	408	36.2106	5.29095	0	1.16773	11.7782	42.2536	17.1779	96.0099	1	1	1	0	0	0	0	0
09.08.2015 07:12:33.703000	-0.0250001	-0.0342517	-0.0339929	125.633	-670.82	0.000542535	7	4	4	4	92.9862	408	36.3245	5.29095	0	1.16852	11.783	42.6274	17.1926	97.3848	1	1	1	0	0	0	0	0
09.08.2015 07:12:33.803000	-0.0250001	-0.0342517	-0.0339929	125.641	-670.828	-0.00108507	7	4	4	4	93.0356	408	36.4484	5.29095	0	1.20735	11.7836	42.7623	17.1996	97.8744	1	1	1	0	0	0	0	0
09.08.2015 07:12:33.903000	-0.0250001	-0.0342517	-0.0339929	125.641	-670.828	-0.0016276	7	4	4	4	93.0967	408	36.5638	5.29095	0	1.20735	11.7854	42.1758	17.2061	95.6042	1	1	1	0	0	0	0	0
09.08.2015 07:12:34.003000	-0.0250001	-0.0342517	-0.0339929	125.643	-670.828	-0.00108507	7	4	4	4	93.1675	408	36.6846	5.29095	0	1.1965	11.7984	42.0701	17.2117	95.1777	1	1	1	0	0	0	0	0
09.08.2015 07:12:34.103000	-0.0250001	-0.0342517	-0.0339929	125.648	-670.828	-0.0016276	7	4	4	4	93.1324	408	36.8035	5.29095	0	1.19581	11.8028	42.0715	17.2143	95.1735	1	1	1	0	0	0	0	0
09.08.2015 07:12:34.203000	-0.0250001	-0.0342517	-0.0339929	125.654	-670.828	-0.00180845	7	4	4	4	93.0995	408	36.9194	5.29095	0	1.17727	11.8029	42.567	17.2217	97.0419	1	1	1	0	0	0	0	0
09.08.2015 07:12:34.303000	-0.0250001	-0.0342517	-0.0339929	125.656	-670.828	-0.0016276	7	4	4	4	93.1993	408	37.0418	5.29095	0	1.1732	11.8027	42.2566	17.2369	95.7956	1	1	1	0	0	0	0	0
09.08.2015 07:12:34.403000	-0.0250001	-0.0342517	-0.0339929	125.664	-670.836	-0.00108507	7	4	4	4	93.2135	408	37.1577	5.29095	0	1.17712	11.8044	42.4339	17.2406	96.46	1	1	1	0	0	0	0	0
09.08.2015 07:12:34.503000	-0.0250001	-0.0342517	-0.0339929	125.664	-670.836	-0.0016276	7	4	4	4	93.1349	408	37.2756	5.29095	0	1.17872	11.8049	42.3844	17.24	96.2728	1	1	1	0	0	0	0	0
09.08.2015 07:12:34.603000	-0.0250001	-0.0342517	-0.0339929	125.669	-670.836	-0.00253183	7	4	4	4	93.2405	408	37.3979	5.29095	0	1.18568	11.8064	42.5672	17.2434	96.9599	1	1	1	0	0	0	0	0
09.08.2015 07:12:34.703000	-0.0250001	-0.0342517	-0.0339929	125.672	-670.836	-0.00108507	7	4	4	4	93.2544	408	37.5128	5.29095	0	1.18995	11.8093	42.1638	17.2483	95.3964	1	1	1	0	0	0	0	0
09.08.2015 07:12:34.803000	-0.0250001	-0.0342517	-0.0339929	125.68	-670.836	-0.00144676	7	4	4	4	93.165	408	37.6352	5.29095	0	1.19622	11.8105	42.2688	17.2652	95.7337	1	1	1	0	0	0	0	0
09.08.2015 07:12:34.903000	-0.0250001	-0.0342517	-0.0339929	125.68	-670.844	-0.00108507	7	4	4	4	97.6492	408	37.7531	5.29095	0	1.20136	11.8116	42.6109	17.263	97.0522	1	1	1	0	0	0	0	0
09.08.2015 07:12:35.003000	-0.0250001	-0.0342517	-0.0339929	125.68	-670.844	-0.00325521	7	4	4	4	125.445	408	37.8685	5.29095	0	1.18933	11.7507	42.3374	17.2707	95.9755	1	1	1	0	0	0	0	0
09.08.2015 07:12:35.103000	-0.0250001	-0.0342517	-0.0339929	125.684	-670.844	-0.00325521	7	4	4	4	165.668	408	37.9929	5.29095	0	1.17338	11.6757	42.2228	17.2738	95.5247	1	1	1	0	0	0	0	0
09.08.2015 07:12:35.203000	-0.0250001	-0.0342517	-0.0339929	125.69	-670.844	-0.00470197	7	4	4	4	209.642	408	38.1078	5.29095	0	1.17902	11.5833	42.3008	17.2912	95.7566	1	1	1	0	0	0	0	0
09.08.2015 07:12:35.303000	-0.0250001	-0.0342517	-0.0339929	125.699	-670.844	-0.00488281	7	4	4	4	328.342	408	38.2286	5.29095	0	1.18996	11.231	42.4295	17.2995	96.2177	1	1	1	0	0	0	0	0
09.08.2015 07:12:35.403000	-0.0250001	-0.0342517	-0.0339929	125.703	-670.844	-0.00397859	7	4	4	4	518.625	408	38.344	5.29095	0	1.18628	10.9087	42.6732	17.3012	97.1443	1	1	1	0	0	0	0	0
09.08.2015 07:12:35.503000	-0.0250001	-0.0342517	-0.0339929	125.703	-670.844	-0.00271267	7	4	4	4	499.515	408	38.4589	5.29095	0	1.17325	10.6124	42.5036	17.3085	96.4673	1	1	1	0	0	0	0	0
09.08.2015 07:12:35.603000	-0.0250001	-0.0342517	-0.0339929	125.703	-670.844	-0.00036169	7	4	4	4	551.128	408	38.5808	5.29095	0	1.1764	10.6465	42.4075	17.3142	96.0772	1	1	1	0	0	0	0	0
09.08.2015 07:12:35.703000	-0.0250001	-0.0342517	-0.0339929	125.711	-670.848	0.000542535	7	4	4	4	641.977	408	38.7002	5.29095	0	1.19578	10.5908	42.5271	17.3456	96.4147	1	1	1	0	0	0	0	0
09.08.2015 07:12:35.803000	-0.0250001	-0.0342517	-0.0339929	125.711	-670.844	0	7	4	4	4	661.709	408	38.823	5.29095	0	1.19811	10.4602	42.6212	17.3691	96.6853	1	1	1	0	0	0	0	0
09.08.2015 07:12:35.903000	-0.0250001	-0.0342517	-0.0339929	125.711	-670.844	0.000542535	7	4	4	4	787.438	408	38.9444	5.29095	0	1.21914	10.4361	42.3558	17.3714	95.6603	1	1	1	0	0	0	0	0
09.08.2015 07:12:36.003000	-0.0250001	-0.0342517	-0.0339929	125.719	-670.849	0.00036169	7	4	4	4	670.857	408	39.0653	5.29095	0	1.21867	10.4354	42.4531	17.3936	95.948	1	1	1	0	0	0	0	0
09.08.2015 07:12:36.103000	-0.0250001	-0.0342517	-0.0339929	125.715	-670.848	0.000542535	7	4	4	4	1098.61	408	39.1881	5.29095	0	1.20733	10.4153	42.1918	17.3374	95.1625	1	1	1	0	0	0	0	0
09.08.2015 07:12:36.203000	-0.0250001	-0.0342517	-0.0339929	125.719	-670.852	0	7	4	4	4	444.218	408	39.3065	5.29095	0	1.20733	10.4337	42.4184	17.4069	95.7641	1	1	1	0	0	0	0	0
09.08.2015 07:12:36.303000	-0.0250001	-0.0342517	-0.0339929	125.719	-670.852	0.000542535	7	4	4	4	655.619	408	39.4324	5.29095	0	1.21318	10.6221	42.4657	17.3916	96.0034	1	1	1	0	0	0	0	0
09.08.2015 07:12:36.403000	-0.0250001	-0.0342517	-0.0339929	125.721	-670.852	0.00253183	7	4	4	4	719.015	408	39.5493	5.29095	0	1.21324	10.6091	42.5524	17.3782	96.3869	1	1	1	0	0	0	0	0
09.08.2015 07:12:36.503000	-0.0250001	-0.0342517	-0.0339929	125.727	-670.852	0.00217014	7	4	4	4	1073.67	408	39.6706	5.29095	0	1.21883	10.4895	42.5071	17.3735	96.2317	1	1	1	0	0	0	0	0
09.08.2015 07:12:36.603000	-0.0250001	-0.0342517	-0.0339929	125.729	-670.852	0.00144676	7	4	4	4	771.893	408	39.791	5.29095	0	1.21913	10.4815	42.4113	17.3912	95.7968	1	1	1	0	0	0	0	0
09.08.2015 07:12:36.703000	-0.0250001	-0.0342517	-0.0339929	125.734	-670.852	0.00379774	7	4	4	4	721.8	408	39.9049	5.29095	0	1.17702	10.5822	42.635	17.3913	96.6528	1	1	1	0	0	0	0	0
09.08.2015 07:12:36.803000	-0.0250001	-0.0342517	-0.0339929	125.734	-670.852	0.00289352	7	4	4	4	586.079	408	40.0308	5.29095	0	1.16778	10.6363	42.5938	17.4084	96.4299	1	1	1	0	0	0	0	0
09.08.2015 07:12:36.903000	-0.0250001	-0.0342517	-0.0339929	125.734	-670.852	0.00325521	7	4	4	4	1145.56	408	40.1462	5.29095	0	1.19287	10.565	42.552	17.3616	96.4493	1	1	1	0	0	0	0	0
09.08.2015 07:12:37.003000	-0.0250001	-0.0342517	-0.0339929	125.74	-670.852	0.00253183	7	4	4	4	1147.38	408	40.268	5.29095	0	1.20124	10.3178	42.4546	17.3967	95.9417	1	1	1	0	0	0	0	0
09.08.2015 07:12:37.103000	-0.0250001	-0.0342517	-0.0339929	125.738	-670.852	0.00108507	7	4	4	4	534.669	408	40.3919	5.29095	0	1.2186	10.3769	42.5388	17.436	96.1137	1	1	1	0	0	0	0	0
09.08.2015 07:12:37.203000	-0.0250001	-0.0342517	-0.0339929	125.747	-670.854	0.00108507	7	4	4	4	1166.24	408	40.5103	5.29095	0	1.22535	10.5524	42.5111	17.3934	96.1705	1	1	1	0	0	0	0	0
09.08.2015 07:12:37.303000	-0.0250001	-0.0342517	-0.0339929	125.75	-670.852	0.000542535	7	4	4	4	1031.02	408	40.6336	5.29095	0	1.20994	10.3777	42.6918	17.426	96.7376	1	1	1	0	0	0	0	0
09.08.2015 07:12:37.403000	-0.0250001	-0.0342517	-0.0339929	125.75	-670.854	0.00072338	7	4	4	4	884.893	408	40.751	5.29095	0	1.20163	10.464	42.4892	17.4304	95.9452	1	1	1	0	0	0	0	0
09.08.2015 07:12:37.503000	-0.0250001	-0.0342517	-0.0339929	125.75	-670.855	0.000542535	7	4	4	4	745.995	408	40.8769	5.29095	0	1.20496	10.4887	42.4646	17.4499	95.7764	1	1	1	0	0	0	0	0
09.08.2015 07:12:37.603000	-0.0250001	-0.0342517	-0.0339929	125.75	-670.852	-0.00108507	7	4	4	4	791.141	408	40.9943	5.29095	0	1.20727	10.5551	42.6081	17.4502	96.3242	1	1	1	0	0	0	0	0
09.08.2015 07:12:37.703000	-0.0250001	-0.0342517	-0.0339929	125.758	-670.859	-0.00325521	7	4	4	4	1007.54	408	41.1171	5.29095	0	1.20425	10.6074	42.6453	17.4384	96.5121	1	1	1	0	0	0	0	0
09.08.2015 07:12:37.803000	-0.0250001	-0.0342517	-0.0339929	125.76	-670.859	-0.00325521	7	4	4	4	747.873	408	41.237	5.29095	0	1.20145	10.5909	42.6475	17.4789	96.3658	1	1	1	0	0	0	0	0
09.08.2015 07:12:37.903000	-0.0250001	-0.0342517	-0.0339929	125.766	-670.859	-0.00434028	7	4	4	4	602.382	408	41.3574	5.29095	0	1.20995	10.6703	42.517	17.4864	95.837	1	1	1	0	0	0	0	0
09.08.2015 07:12:38.003000	-0.0250001	-0.0342517	-0.0339929	125.766	-670.859	-0.00470197	7	4	4	4	804.148	408	41.4773	5.29095	0	1.21915	10.7373	42.4792	17.4616	95.9552	1	1	1	0	0	0	0	0
09.08.2015 07:12:38.103000	-0.0250001	-0.0342517	-0.0339929	125.766	-670.859	-0.00651042	7	4	4	4	995.727	408	41.5937	5.29095	0	1.20754	10.6489	42.478	17.4602	95.7186	1	1	1	0	0	0	0	0
09.08.2015 07:12:38.203000	-0.0250001	-0.0342517	-0.0339929	125.768	-670.859	-0.00687211	7	4	4	4	659.874	408	41.7165	5.29095	0	1.19012	10.6232	42.2335	17.4967	94.7522	1	1	1	0	0	0	0	0
09.08.2015 07:12:38.303000	-0.0250001	-0.0342517	-0.0339929	125.773	-670.859	-0.00542535	7	4	4	4	653.32	408	41.8369	5.29095	0	1.19386	10.7478	42.4481	17.4849	95.579	1	1	1	0	0	0	0	0
09.08.2015 07:12:38.403000	-0.0250001	-0.0342517	-0.0339929	125.773	-670.859	-0.00434028	7	4	4	4	667.551	408	41.9608	5.29095	0	1.20147	10.7703	42.3436	17.4811	95.1936	1	1	1	0	0	0	0	0
09.08.2015 07:12:38.503000	-0.0250001	-0.0342517	-0.0339929	125.773	-670.859	-0.00271267	7	4	4	4	761.989	408	42.0816	5.29095	0	1.20662	10.7624	42.5525	17.4884	95.9655	1	1	1	0	0	0	0	0
09.08.2015 07:12:38.603000	-0.0250001	-0.0342517	-0.0339929	125.773	-670.859	-0.00144676	7	4	4	4	632.419	408	42.201	3.58018	0	1.21921	10.7392	41.968	17.6311	93.1812	1	1	1	0.5	0	0	0	0
09.08.2015 07:12:38.703000	-0.0250001	-0.0342517	-0.0339929	125.773	-670.859	0.00108507	7	4	4	4	120.723	408	42.2532	2.29734	0.427921	1.21921	10.0925	42.6359	17.7078	95.4448	1	1	1	1	0	0	0	0
09.08.2015 07:12:38.803000	-0.0250001	-0.0342517	-0.0339929	125.776	-670.859	0.00036169	7	4	4	4	201.238	408	42.3164	3.15585	1.28643	1.18366	9.02127	43.1665	17.9876	96.4049	1	1	1	1	0	0	0	0
09.08.2015 07:12:38.903000	-0.0250001	-0.0342517	-0.0339929	125.789	-670.859	0.000542535	7	4	4	4	504.501	408	42.4005	3.28828	1.41886	0.774783	8.60292	43.1687	18.1837	95.6629	1	1	1	1	0	0	0	0
09.08.2015 07:12:39.003000	-0.0250001	-0.0342517	-0.0339929	125.789	-670.859	0.00108507	7	4	4	4	584.522	408	42.4651	2.77645	0.907034	0.774783	8.28009	43.5309	18.3524	96.4035	1	1	1	1	0	0	0	0
09.08.2015 07:12:39.103000	-0.0250001	-0.0342517	-0.0339929	125.789	-670.859	0.000542535	7	4	4	4	577.195	408	42.5353	2.33632	0.466901	0.774783	8.09983	43.7192	18.5244	96.4659	1	1	1	1	0	0	0	0
09.08.2015 07:12:39.203000	-0.0250001	-0.0342517	-0.0339929	125.797	-670.859	0.00036169	7	4	4	4	506.541	408	42.5865	1.87948	0.0100025	0.753492	8.02465	43.8665	18.6842	96.4182	1	1	1	1	0	0	0	0
09.08.2015 07:12:39.303000	-0.0250001	-0.0342517	-0.0339929	125.801	-670.859	0.000542535	7	4	4	4	516.501	408	42.6288	1.5781	-0.291319	0.63284	8.04103	44.0432	18.8258	96.5523	1	1	1	1	0	0	0	0
09.08.2015 07:12:39.403000	-0.0250001	-0.0342517	-0.0339929	125.805	-670.859	0.00036169	7	4	4	4	428.508	408	42.677	1.41067	-0.458755	0.63284	8.07532	44.2388	18.9666	96.7622	1	1	1	1	0	0	0	0
09.08.2015 07:12:39.503000	-0.0250001	-0.0342517	-0.0339929	125.805	-670.859	0.000542535	7	4	4	4	458.274	408	42.7148	1.27327	-0.596151	0.63284	8.14777	44.3475	19.0973	96.678	1	1	1	1	0	0	0	0
09.08.2015 07:12:39.603000	-0.0250001	-0.0342517	-0.0339929	125.81	-670.859	0.00072338	7	4	4	4	380.108	408	42.7497	1.27186	-0.597562	0.63284	8.14034	44.459	19.2093	96.6762	1	1	1	1	0	0	0	0
09.08.2015 07:12:39.703000	-0.0250001	-0.0342517	-0.0339929	125.813	-670.859	0	7	4	4	4	418.681	408	42.7865	1.2586	-0.610819	0.63284	8.17934	44.5623	19.3146	96.6685	1	1	1	1	0	0	0	0
09.08.2015 07:12:39.803000	-0.0250001	-0.0342517	-0.0339929	125.818	-670.859	0.00072338	7	4	4	4	456.104	408	42.8278	1.30783	-0.561586	0.63284	8.21192	44.6756	19.3974	96.7851	1	1	1	1	0	0	0	0
09.08.2015 07:12:39.903000	-0.0250001	-0.0342517	-0.0339929	125.82	-670.859	0.00108507	7	4	4	4	362.722	408	42.8705	1.12642	-0.742996	0.428641	8.18733	44.7627	19.5078	96.696	1	1	1	1	0	0	0	0
09.08.2015 07:12:40.003000	-0.0250001	-0.0342517	-0.0339929	125.823	-670.859	0.00036169	7	4	4	4	365.805	408	42.9039	1.31843	-0.550987	0.3954	8.22133	44.8534	19.5706	96.8026	1	1	1	1	0	0	0	0
09.08.2015 07:12:40.103000	-0.0250001	-0.0342517	-0.0339929	125.828	-670.859	0.000542535	7	4	4	4	408.148	408	42.9437	1.46742	-0.401998	0.3954	8.22428	44.9174	19.6437	96.7678	1	1	1	1	0	0	0	0
09.08.2015 07:12:40.203000	-0.0250001	-0.0342517	-0.0339929	125.828	-670.859	0.00072338	7	4	4	4	490.543	408	42.9874	1.47712	-0.392303	0.3954	8.23166	44.9857	19.7188	96.7421	1	1	1	1	0	0	0	0
09.08.2015 07:12:40.303000	-0.0250001	-0.0342517	-0.0339929	125.832	-670.859	0.000542535	7	4	4	4	504.11	408	43.0267	1.40366	-0.465763	0.3954	8.20613	45.0552	19.7772	96.7846	1	1	1	1	0	0	0	0
09.08.2015 07:12:40.403000	-0.0250001	-0.0342517	-0.0339929	125.828	-670.859	-0.00036169	7	4	4	4	462.918	408	43.0745	1.25412	-0.615298	0.3954	8.16493	45.1108	19.8355	96.7741	1	1	1	1	0	0	0	0
09.08.2015 07:12:40.503000	-0.0250001	-0.0342517	-0.0339929	125.836	-670.859	-0.0016276	7	4	4	4	332.607	408	43.1118	1.13815	-0.731268	0.401786	8.19687	45.1639	19.893	96.757	1	1	1	1	0	0	0	0
09.08.2015 07:12:40.603000	-0.0250001	-0.0342517	-0.0339929	125.839	-670.859	0.00072338	7	4	4	4	408.051	408	43.1496	1.11953	-0.749886	0.404395	8.23993	45.2124	19.946	96.74	1	1	1	1	0	0	0	0
09.08.2015 07:12:40.703000	-0.0250001	-0.0342517	-0.0339929	125.84	-670.859	0.000542535	7	4	4	4	457.442	408	43.1824	1.07894	-0.790485	0.404395	8.17205	45.2648	19.989	96.7762	1	1	1	1	0	0	0	0
09.08.2015 07:12:40.803000	-0.0250001	-0.0342517	-0.0339929	125.844	-670.859	-0.00144676	7	4	4	4	403.944	408	43.2257	1.01584	-0.853581	0.404395	8.14699	45.3149	20.0441	96.7568	1	1	1	1	0	0	0	0
09.08.2015 07:12:40.903000	-0.0250001	-0.0342517	-0.0339929	125.844	-670.859	0.000542535	7	4	4	4	347.046	408	43.2585	1.00531	-0.864111	0.404395	8.1956	45.3644	20.0804	96.8073	1	1	1	1	0	0	0	0
09.08.2015 07:12:41.003000	-0.0250001	-0.0342517	-0.0339929	125.844	-670.859	0.00072338	7	4	4	4	412.978	408	43.2879	1.0292	-0.840217	0.404395	8.23299	45.3951	20.121	96.7694	1	1	1	1	0	0	0	0
09.08.2015 07:12:41.103000	-0.0250001	-0.0342517	-0.0339929	125.844	-670.859	0	7	4	4	4	325.116	408	43.3252	1.06296	-0.806456	0.404395	8.24635	45.433	20.1549	96.7846	1	1	1	1	0	0	0	0
09.08.2015 07:12:41.203000	-0.0250001	-0.0342517	-0.0339929	125.852	-670.859	0.00036169	7	4	4	4	481.592	408	43.3719	1.11706	-0.752357	0.369585	8.22905	45.474	20.1781	96.8531	1	1	1	1	0	0	0	0
09.08.2015 07:12:41.303000	-0.0250001	-0.0342517	-0.0339929	125.855	-670.859	0.00108507	7	4	4	4	414.106	408	43.4097	1.11276	-0.756665	0.367363	8.18085	45.4848	20.2362	96.6722	1	1	1	1	0	0	0	0
09.08.2015 07:12:41.403000	-0.0250001	-0.0342517	-0.0339929	125.859	-670.859	0.00072338	7	4	4	4	403.552	408	43.4421	1.12006	-0.749361	0.367363	8.21076	45.5067	20.2698	96.6269	1	1	1	1	0	0	0	0
09.08.2015 07:12:41.503000	-0.0250001	-0.0342517	-0.0339929	125.859	-670.859	0	7	4	4	4	344.85	408	43.4784	1.15853	-0.710893	0.367363	8.23542	45.5201	20.2944	96.5841	1	1	1	1	0	0	0	0
09.08.2015 07:12:41.603000	-0.0250001	-0.0342517	-0.0339929	125.859	-670.859	0.00072338	7	4	4	4	494.055	408	43.5241	1.18692	-0.682499	0.367363	8.24216	45.5394	20.3059	96.6138	1	1	1	1	0	0	0	0
09.08.2015 07:12:41.703000	-0.0250001	-0.0342517	-0.0339929	125.859	-670.859	0.00108507	7	4	4	4	374.367	408	43.5669	1.13506	-0.734356	0.367363	8.18539	45.5611	20.3311	96.6007	1	1	1	1	0	0	0	0
09.08.2015 07:12:41.803000	-0.0250001	-0.0342517	-0.0339929	125.867	-670.859	-0.00036169	7	4	4	4	335.446	408	43.6032	1.12973	-0.739691	0.381706	8.24667	45.5773	20.3476	96.5995	1	1	1	1	0	0	0	0
09.08.2015 07:12:41.903000	-0.0250001	-0.0342517	-0.0339929	125.867	-670.859	-0.000542535	7	4	4	4	442.239	408	43.6386	1.188	-0.681426	0.391673	8.25813	45.5892	20.3666	96.5722	1	1	1	1	0	0	0	0
09.08.2015 07:12:42.003000	-0.0250001	-0.0342517	-0.0339929	125.87	-670.859	-0.00108507	7	4	4	4	528.141	408	43.6783	1.18783	-0.681592	0.391673	8.18414	45.6069	20.3751	96.6077	1	1	1	1	0	0	0	0
09.08.2015 07:12:42.103000	-0.0250001	-0.0342517	-0.0339929	125.871	-670.859	-0.00108507	7	4	4	4	437.81	408	43.7231	1.09228	-0.77714	0.391673	8.14693	45.6098	20.403	96.5119	1	1	1	1	0	0	0	0
09.08.2015 07:12:42.203000	-0.0250001	-0.0342517	-0.0339929	125.875	-670.859	-0.00289352	7	4	4	4	396.878	408	43.7629	1.00147	-0.867949	0.391673	8.17656	45.6297	20.4064	96.575	1	1	1	1	0	0	0	0
09.08.2015 07:12:42.303000	-0.0250001	-0.0342517	-0.0339929	125.875	-670.859	-0.00488281	7	4	4	4	249	408	43.7947	0.982946	-0.886475	0.391673	8.20995	45.6479	20.4289	96.5584	1	1	1	1	0	0	0	0
09.08.2015 07:12:42.403000	-0.0250001	-0.0342517	-0.0339929	125.875	-670.859	-0.00506366	7	4	4	4	423.787	408	43.8271	1.08217	-0.787253	0.390859	8.27992	45.6613	20.4395	96.5691	1	1	1	1	0	0	0	0
09.08.2015 07:12:42.503000	-0.0250001	-0.0342517	-0.0339929	125.879	-670.859	-0.00488281	7	4	4	4	472.124	408	43.8723	1.13473	-0.734689	0.382627	8.20208	45.671	20.45	96.5659	1	1	1	1	0	0	0	0
09.08.2015 07:12:42.603000	-0.0250001	-0.0342517	-0.0339929	125.878	-670.859	-0.00470197	7	4	4	4	419.255	408	43.9141	1.11366	-0.755757	0.382627	8.1908	45.6795	20.4646	96.5427	1	1	1	1	0	0	0	0
09.08.2015 07:12:42.703000	-0.0250001	-0.0342517	-0.0339929	125.883	-670.859	-0.00596788	7	4	4	4	306.082	408	43.9524	1.1143	-0.755123	0.382627	8.21933	45.6835	20.4837	96.4853	1	1	1	1	0	0	0	0
09.08.2015 07:12:42.803000	-0.0250001	-0.0342517	-0.0339929	125.885	-670.859	-0.00470197	7	4	4	4	458.516	408	43.9912	1.16756	-0.701862	0.382627	8.25289	45.6959	20.4821	96.5383	1	1	1	1	0	0	0	0
09.08.2015 07:12:42.903000	-0.0250001	-0.0342517	-0.0339929	125.891	-670.859	-0.00271267	7	4	4	4	340.025	408	44.026	1.18889	-0.680531	0.382627	8.19659	45.6955	20.4989	96.4729	1	1	1	1	0	0	0	0
09.08.2015 07:12:43.003000	-0.0250001	-0.0342517	-0.0339929	125.891	-670.859	-0.00180845	7	4	4	4	292.815	408	44.0713	1.27872	-0.590699	0.382627	8.23909	45.7008	20.5008	96.4857	1	1	1	1	0	0	0	0
09.08.2015 07:12:43.103000	-0.0250001	-0.0342517	-0.0339929	125.891	-670.859	-0.00217014	7	4	4	4	436.951	408	44.1161	1.4218	-0.447618	0.399862	8.27156	45.705	20.4921	96.5353	1	1	1	1	0	0	0	0
09.08.2015 07:12:43.203000	-0.0250001	-0.0342517	-0.0339929	125.893	-670.859	-0.00397859	7	4	4	4	492.234	408	44.1623	1.49422	-0.375204	0.401777	8.23487	45.6945	20.4877	96.5117	1	1	1	1	0	0	0	0
09.08.2015 07:12:43.303000	-0.0250001	-0.0342517	-0.0339929	125.895	-670.859	-0.00379774	7	4	4	4	492.912	408	44.2091	1.47409	-0.39533	0.401777	8.18394	45.6789	20.4909	96.4399	1	1	1	1	0	0	0	0
09.08.2015 07:12:43.403000	-0.0250001	-0.0342517	-0.0339929	125.898	-670.859	-0.00434028	7	4	4	4	486.939	408	44.2539	1.36379	-0.505634	0.401777	8.11539	45.6816	20.4892	96.4567	1	1	1	1	0	0	0	0
09.08.2015 07:12:43.503000	-0.0250001	-0.0342517	-0.0339929	125.898	-670.859	-0.00542535	7	4	4	4	357.11	408	44.2947	1.23137	-0.638052	0.401777	8.17037	45.6866	20.4939	96.4579	1	1	1	1	0	0	0	0
09.08.2015 07:12:43.603000	-0.0250001	-0.0342517	-0.0339929	125.898	-670.859	-0.00434028	7	4	4	4	281.765	408	44.3315	1.1801	-0.689318	0.410256	8.23093	45.6861	20.5044	96.4158	1	1	1	1	0	0	0	0
09.08.2015 07:12:43.703000	-0.0250001	-0.0342517	-0.0339929	125.898	-670.859	-0.00379774	7	4	4	4	446.893	408	44.3708	1.23195	-0.637476	0.438641	8.26924	45.7028	20.5006	96.4941	1	1	1	1	0	0	0	0
09.08.2015 07:12:43.803000	-0.0250001	-0.0342517	-0.0339929	125.906	-670.859	-0.00325521	7	4	4	4	415.428	408	44.4195	1.27392	-0.595501	0.438641	8.23539	45.7107	20.5054	96.5061	1	1	1	1	0	0	0	0
09.08.2015 07:12:43.903000	-0.0250001	-0.0342517	-0.0339929	125.906	-670.859	-0.0016276	7	4	4	4	468.629	408	44.4578	1.27785	-0.591569	0.438641	8.19384	45.7031	20.5134	96.4465	1	1	1	1	0	0	0	0
09.08.2015 07:12:44.003000	-0.0250001	-0.0342517	-0.0339929	125.911	-670.859	-0.00180845	7	4	4	4	350.568	408	44.4971	1.24451	-0.624911	0.438641	8.20631	45.7038	20.525	96.4046	1	1	1	1	0	0	0	0
09.08.2015 07:12:44.103000	-0.0250001	-0.0342517	-0.0339929	125.914	-670.859	-0.00108507	7	4	4	4	308.917	408	44.5359	1.27933	-0.590087	0.438641	8.27297	45.7129	20.5171	96.4698	1	1	1	1	0	0	0	0
09.08.2015 07:12:44.203000	-0.0250001	-0.0342517	-0.0339929	125.914	-670.859	-0.00144676	7	4	4	4	386.233	408	44.5762	1.38695	-0.482471	0.434202	8.2967	45.7139	20.5251	96.4427	1	1	1	1	0	0	0	0
09.08.2015 07:12:44.303000	-0.0250001	-0.0342517	-0.0339929	125.914	-670.859	-0.0016276	7	4	4	4	427.447	408	44.62	1.46904	-0.400377	0.409048	8.236	45.7084	20.5153	96.4595	1	1	1	1	0	0	0	0
09.08.2015 07:12:44.403000	-0.0250001	-0.0342517	-0.0339929	125.914	-670.859	-0.00144676	7	4	4	4	336.877	408	44.6682	1.52427	-0.345147	0.409048	8.24002	45.6966	20.5109	96.431	1	1	1	1	0	0	0	0
09.08.2015 07:12:44.503000	-0.0250001	-0.0342517	-0.0339929	125.922	-670.859	0.000542535	7	4	4	4	483.724	408	44.717	1.59835	-0.271069	0.409048	8.22011	45.6778	20.5072	96.3733	1	1	1	1	0	0	0	0
09.08.2015 07:12:44.603000	-0.0250001	-0.0342517	-0.0339929	125.922	-670.859	-0.00072338	7	4	4	4	376.947	408	44.7637	1.61296	-0.256458	0.409048	8.18414	45.6689	20.4968	96.3789	1	1	1	1	0	0	0	0
09.08.2015 07:12:44.703000	-0.0250001	-0.0342517	-0.0339929	125.93	-670.859	0.000542535	7	4	4	4	468.613	408	44.8125	1.61531	-0.254111	0.409048	8.19167	45.6588	20.4839	96.3897	1	1	1	1	0	0	0	0
09.08.2015 07:12:44.803000	-0.0250001	-0.0342517	-0.0339929	125.93	-670.859	0.00325521	7	4	4	4	368.679	408	44.8577	1.58197	-0.287453	0.45497	8.16377	45.6523	20.4733	96.4051	1	1	1	1	0	0	0	0
09.08.2015 07:12:44.903000	-0.0250001	-0.0342517	-0.0339929	125.93	-670.859	0	7	4	4	4	386.698	408	44.9055	1.58087	-0.288556	0.465742	8.18802	45.6474	20.4718	96.3922	1	1	1	1	0	0	0	0
09.08.2015 07:12:45.003000	-0.0250001	-0.0342517	-0.0339929	125.93	-670.859	0	7	4	4	4	462.652	408	44.9557	1.59328	-0.276141	0.465742	8.19505	45.6367	20.4536	96.4212	1	1	1	1	0	0	0	0
09.08.2015 07:12:45.103000	-0.0250001	-0.0342517	-0.0339929	125.93	-670.859	0.00108507	7	4	4	4	312.124	408	45.004	1.59024	-0.279185	0.465742	8.16074	45.6214	20.4566	96.3509	1	1	1	1	0	0	0	0
09.08.2015 07:12:45.203000	-0.0250001	-0.0342517	-0.0339929	125.935	-670.859	0.00108507	7	4	4	4	374.927	408	45.0517	1.67084	-0.198579	0.465742	8.24873	45.6244	20.4355	96.4432	1	1	1	1	0	0	0	0
09.08.2015 07:12:45.303000	-0.0250001	-0.0342517	-0.0339929	125.938	-670.859	0.00108507	7	4	4	4	467.969	408	45.1015	1.72957	-0.139854	0.481299	8.22488	45.6086	20.4337	96.3897	1	1	1	1	0	0	0	0
09.08.2015 07:12:45.403000	-0.0250001	-0.0342517	-0.0339929	125.94	-670.859	0.00036169	7	4	4	4	447.606	408	45.1532	1.72479	-0.144626	0.487653	8.16432	45.5986	20.4178	96.4121	1	1	1	1	0	0	0	0
09.08.2015 07:12:45.503000	-0.0250001	-0.0342517	-0.0339929	125.938	-670.859	0.000542535	7	4	4	4	439.121	408	45.2044	1.68886	-0.18056	0.487653	8.17758	45.5906	20.4115	96.406	1	1	1	1	0	0	0	0
09.08.2015 07:12:45.603000	-0.0250001	-0.0342517	-0.0339929	125.943	-670.859	0.00036169	7	4	4	4	337.683	408	45.2507	1.64655	-0.222872	0.487653	8.22283	45.5718	20.414	96.3242	1	1	1	1	0	0	0	0
09.08.2015 07:12:45.703000	-0.0250001	-0.0342517	-0.0339929	125.945	-670.859	0.000542535	7	4	4	4	371.081	408	45.3004	1.66822	-0.201202	0.487653	8.26455	45.5703	20.3916	96.4042	1	1	1	1	0	0	0	0
09.08.2015 07:12:45.803000	-0.0250001	-0.0342517	-0.0339929	125.945	-670.859	0.00108507	7	4	4	4	406.742	408	45.3537	1.72334	-0.146078	0.500774	8.27474	45.5665	20.3827	96.4235	1	1	1	1	0	0	0	0
09.08.2015 07:12:45.903000	-0.0250001	-0.0342517	-0.0339929	125.945	-670.859	0.00108507	7	4	4	4	338.579	408	45.4069	1.76671	-0.102715	0.504474	8.23793	45.5528	20.3861	96.3583	1	1	1	1	0	0	0	0
09.08.2015 07:12:46.003000	-0.0250001	-0.0342517	-0.0339929	125.945	-670.859	0.00036169	7	4	4	4	438.215	408	45.4586	1.84034	-0.0290815	0.504474	8.3026	45.555	20.3645	96.4495	1	1	1	1	0	0	0	0
09.08.2015 07:12:46.103000	-0.0250001	-0.0342517	-0.0339929	125.945	-670.859	0.00108507	7	4	4	4	458.194	408	45.5108	1.86796	-0.00146241	0.504474	8.25231	45.5368	20.3619	96.3894	1	1	1	1	0	0	0	0
09.08.2015 07:12:46.203000	-0.0250001	-0.0342517	-0.0339929	125.953	-670.859	0.00036169	7	4	4	4	406.876	408	45.5685	1.84617	-0.0232489	0.50717	8.25512	45.514	20.3507	96.3453	1	1	1	1	0	0	0	0
09.08.2015 07:12:46.303000	-0.0250001	-0.0342517	-0.0339929	125.953	-670.859	-0.000542535	7	4	4	4	377.404	408	45.6203	1.84633	-0.0230929	0.531427	8.27416	45.5084	20.3445	96.3476	1	1	1	1	0	0	0	0
09.08.2015 07:12:46.403000	-0.0250001	-0.0342517	-0.0339929	125.953	-670.859	-0.00144676	7	4	4	4	350.367	408	45.673	1.87101	0.00158474	0.531427	8.27815	45.5031	20.3393	96.3471	1	1	1	1	0	0	0	0
09.08.2015 07:12:46.503000	-0.0250001	-0.0342517	-0.0339929	125.953	-670.859	-0.00217014	7	4	4	4	295.512	408	45.7297	1.94894	0.0795215	0.531427	8.30402	45.4953	20.3372	96.3252	1	1	1	1	0	0	0	0
09.08.2015 07:12:46.603000	-0.0250001	-0.0342517	-0.0339929	125.953	-670.859	0	7	4	4	4	493.88	408	45.7849	2.06422	0.194796	0.531427	8.32818	45.4929	20.3066	96.4334	1	1	1	1	0	0	0	0
09.08.2015 07:12:46.703000	-0.0250001	-0.0342517	-0.0339929	125.957	-670.859	0.00108507	7	4	4	4	417.376	408	45.8401	2.10291	0.233489	0.540593	8.26458	45.4374	20.3297	96.1324	1	1	1	1	0	0	0	0
09.08.2015 07:12:46.803000	-0.0250001	-0.0342517	-0.0339929	125.961	-670.859	0.00072338	7	4	4	4	464.139	408	45.8958	2.09407	0.224652	0.547795	8.21013	45.4201	20.3013	96.1747	1	1	1	1	0	0	0	0
09.08.2015 07:12:46.903000	-0.0250001	-0.0342517	-0.0339929	125.965	-670.859	0.00271267	7	4	4	4	396.828	408	45.9555	2.04732	0.177898	0.547795	8.20729	45.4107	20.2993	96.1469	1	1	1	1	0	0	0	0
09.08.2015 07:12:47.003000	-0.0250001	-0.0342517	-0.0339929	125.969	-670.859	0.00108507	7	4	4	4	359.348	408	46.0132	2.0394	0.16998	0.547795	8.24196	45.4189	20.2934	96.2006	1	1	1	1	0	0	0	0
09.08.2015 07:12:47.103000	-0.0250001	-0.0342517	-0.0339929	125.969	-670.859	0.000542535	7	4	4	4	441.358	408	46.0665	2.05909	0.189673	0.549015	8.26811	45.4069	20.2847	96.1877	1	1	1	1	0	0	0	0
09.08.2015 07:12:47.203000	-0.0250001	-0.0342517	-0.0339929	125.969	-670.859	0.00036169	7	4	4	4	425.566	408	46.1266	2.04179	0.172365	0.558883	8.24112	45.3829	20.2812	96.1092	1	1	1	1	0	0	0	0
09.08.2015 07:12:47.303000	-0.0250001	-0.0342517	-0.0339929	125.969	-670.859	0.000542535	7	4	4	4	390.699	408	46.1838	2.02532	0.155899	0.558883	8.26727	45.3874	20.281	96.1272	1	1	1	1	0	0	0	0
09.08.2015 07:12:47.403000	-0.0250001	-0.0342517	-0.0339929	125.971	-670.859	-0.00036169	7	4	4	4	311.932	408	46.2341	2.04553	0.176107	0.558883	8.28466	45.3895	20.272	96.1698	1	1	1	1	0	0	0	0
09.08.2015 07:12:47.503000	-0.0250001	-0.0342517	-0.0339929	125.977	-670.859	-0.00108507	7	4	4	4	383.855	408	46.2873	2.13888	0.269456	0.558883	8.34346	45.3951	20.2617	96.2305	1	1	1	1	0	0	0	0
09.08.2015 07:12:47.603000	-0.0250001	-0.0342517	-0.0339929	125.979	-670.859	-0.00108507	7	4	4	4	417.124	408	46.3505	2.21833	0.348906	0.575976	8.3217	45.3745	20.2568	96.1705	1	1	1	1	0	0	0	0
09.08.2015 07:12:47.703000	-0.0250001	-0.0342517	-0.0339929	125.984	-670.859	-0.00108507	7	4	4	4	508.536	408	46.4156	2.24521	0.375792	0.579729	8.29716	45.3392	20.2419	96.0926	1	1	1	1	0	0	0	0
09.08.2015 07:12:47.803000	-0.0250001	-0.0342517	-0.0339929	125.984	-670.859	0.00072338	7	4	4	4	421.135	408	46.4733	2.17893	0.309513	0.579729	8.27998	45.3421	20.232	96.1415	1	1	1	1	0	0	0	0
09.08.2015 07:12:47.903000	-0.0250001	-0.0342517	-0.0339929	125.984	-670.859	0.000542535	7	4	4	4	392.769	408	46.533	2.11419	0.24477	0.579729	8.26672	45.3426	20.2397	96.1139	1	1	1	1	0	0	0	0
09.08.2015 07:12:48.003000	-0.0250001	-0.0342517	-0.0339929	125.984	-670.859	0.00036169	7	4	4	4	357.064	408	46.5897	2.10332	0.233902	0.588435	8.32847	45.3475	20.2244	96.1913	1	1	1	1	0	0	0	0
09.08.2015 07:12:48.103000	-0.0250001	-0.0342517	-0.0339929	125.984	-670.859	0	7	4	4	4	378.632	408	46.6445	2.15118	0.281766	0.593549	8.34647	45.3217	20.2221	96.1074	1	1	1	1	0	0	0	0
09.08.2015 07:12:48.203000	-0.0250001	-0.0342517	-0.0339929	125.992	-670.859	0.00072338	7	4	4	4	396.747	408	46.7066	2.20194	0.332523	0.593549	8.34737	45.3184	20.2152	96.1101	1	1	1	1	0	0	0	0
09.08.2015 07:12:48.303000	-0.0250001	-0.0342517	-0.0339929	125.992	-670.859	0.000542535	7	4	4	4	436.911	408	46.7698	2.22992	0.360503	0.593549	8.31415	45.3293	20.2047	96.1973	1	1	1	1	0	0	0	0
09.08.2015 07:12:48.403000	-0.0250001	-0.0342517	-0.0339929	125.997	-670.859	0.00036169	7	4	4	4	417.42	408	46.8285	2.23056	0.361141	0.592949	8.30464	45.3315	20.2059	96.2011	1	1	1	1	0	0	0	0
09.08.2015 07:12:48.503000	-0.0250001	-0.0342517	-0.0339929	126	-670.859	0.00108507	7	4	4	4	335.57	408	46.8862	2.23432	0.364894	0.592154	8.28196	45.3055	20.2017	96.1174	1	1	1	1	0	0	0	0
09.08.2015 07:12:48.603000	-0.0250001	-0.0342517	-0.0339929	126	-670.859	0.00072338	7	4	4	4	421.7	408	46.9469	2.304	0.434579	0.592154	8.33424	45.2909	20.1826	96.1345	1	1	1	1	0	0	0	0
09.08.2015 07:12:48.703000	-0.0250001	-0.0342517	-0.0339929	126	-670.859	0.00108507	7	4	4	4	484.372	408	47.0165	2.32117	0.451829	0.592154	8.33599	45.282	20.1737	96.1398	1	1	1	1	0	0	0	0
09.08.2015 07:12:48.803000	-0.0250001	-0.0342517	-0.0339929	126	-670.859	0.00072338	7	4	4	4	354.124	408	47.0767	2.27593	0.406507	0.604222	8.33607	45.286	20.1836	96.1036	1	1	1	1	0	0	0	0
09.08.2015 07:12:48.903000	-0.0250001	-0.0342517	-0.0339929	126.004	-670.859	0.00108507	7	4	4	4	418.714	408	47.1369	2.29614	0.426722	0.620219	8.34567	45.2696	20.1602	96.1387	1	1	1	1	0	0	0	0
09.08.2015 07:12:49.003000	-0.0250001	-0.0342517	-0.0339929	126.008	-670.859	0.00036169	7	4	4	4	313.509	408	47.1971	2.3309	0.461481	0.620219	8.33605	45.2619	20.1698	96.0728	1	1	1	1	0	0	0	0
09.08.2015 07:12:49.103000	-0.0250001	-0.0342517	-0.0339929	126.012	-670.859	0	7	4	4	4	370.051	408	47.2672	2.42692	0.5575	0.620219	8.35173	45.2817	20.144	96.2473	1	1	1	1	0	0	0	0
09.08.2015 07:12:49.203000	-0.0250001	-0.0342517	-0.0339929	126.01	-670.859	0.00108507	7	4	4	4	450.042	408	47.3294	2.51237	0.642949	0.626534	8.31501	45.2453	20.1119	96.231	1	1	1	1	0	0	0	0
09.08.2015 07:12:49.303000	-0.0250001	-0.0342517	-0.0339929	126.016	-670.859	0.000542535	7	4	4	4	430.458	408	47.3906	2.52633	0.656913	0.632848	8.26086	45.1625	20.1133	95.9085	1	1	1	1	0	0	0	0
09.08.2015 07:12:49.403000	-0.0250001	-0.0342517	-0.0339929	126.016	-670.859	0.00108507	7	4	4	4	433.925	408	47.4557	2.51486	0.645434	0.632848	8.27671	45.1883	20.0934	96.0833	1	1	1	1	0	0	0	0
09.08.2015 07:12:49.503000	-0.0250001	-0.0342517	-0.0339929	126.016	-670.859	0.00108507	7	4	4	4	365.428	408	47.5264	2.49859	0.629169	0.632848	8.24837	45.1952	20.0884	96.1289	1	1	1	1	0	0	0	0
09.08.2015 07:12:49.603000	-0.0250001	-0.0342517	-0.0339929	126.021	-670.859	0.00072338	7	4	4	4	396.017	408	47.5831	2.52082	0.6514	0.635781	8.29102	45.1324	20.0648	95.9788	1	1	1	1	0	0	0	0
09.08.2015 07:12:49.703000	-0.0250001	-0.0342517	-0.0339929	126.023	-670.859	-0.00108507	7	4	4	4	402.504	408	47.6547	2.54665	0.677225	0.637736	8.31306	45.1317	20.0584	96.0006	1	1	1	1	0	0	0	0
09.08.2015 07:12:49.803000	-0.0250001	-0.0342517	-0.0339929	126.023	-670.859	-0.00108507	7	4	4	4	512.897	408	47.7194	2.55143	0.682006	0.637736	8.30186	45.1622	20.0458	96.1656	1	1	1	1	0	0	0	0
09.08.2015 07:12:49.903000	-0.0250001	-0.0342517	-0.0339929	126.023	-670.859	-0.00108507	7	4	4	4	314.319	408	47.7821	2.49302	0.623601	0.637736	8.29362	45.0931	20.0703	95.8073	1	1	1	1	0	0	0	0
09.08.2015 07:12:50.003000	-0.0250001	-0.0342517	-0.0339929	126.023	-670.859	-0.00108507	7	4	4	4	373.737	408	47.8467	2.5187	0.649276	0.652669	8.34683	45.0811	20.0429	95.8662	1	1	1	1	0	0	0	0
09.08.2015 07:12:50.103000	-0.0250001	-0.0342517	-0.0339929	126.023	-670.859	-0.00108507	7	4	4	4	420.25	408	47.9183	2.57022	0.700796	0.656172	8.31952	45.1225	20.027	96.0854	1	1	1	1	0	0	0	0
09.08.2015 07:12:50.203000	-0.0250001	-0.0342517	-0.0339929	126.029	-670.859	-0.00144676	7	4	4	4	346.63	408	47.984	2.60143	0.732006	0.656172	8.28283	45.1001	20.0231	96.0146	1	1	1	1	0	0	0	0
09.08.2015 07:12:50.303000	-0.0250001	-0.0342517	-0.0339929	126.031	-670.859	-0.00217014	7	4	4	4	363.93	408	48.0507	2.67714	0.807718	0.658317	8.28656	45.0099	20.018	95.6888	1	1	1	1	0	0	0	0
09.08.2015 07:12:50.403000	-0.0250001	-0.0342517	-0.0339929	126.039	-670.859	-0.00434028	7	4	4	4	461.745	408	48.1243	2.75362	0.884202	0.674046	8.29815	45.0812	19.9916	96.063	1	1	1	1	0	0	0	0
09.08.2015 07:12:50.503000	-0.0250001	-0.0342517	-0.0339929	126.039	-670.859	-0.00434028	7	4	4	4	393.404	408	48.1909	2.77139	0.901973	0.674046	8.30998	45.0266	19.9533	96.0006	1	1	1	1	0	0	0	0
09.08.2015 07:12:50.603000	-0.0250001	-0.0342517	-0.0339929	126.039	-670.859	-0.00434028	7	4	4	4	521.298	408	48.266	2.76923	0.89981	0.674046	8.28961	44.9679	19.928	95.873	1	1	1	1	0	0	0	0
09.08.2015 07:12:50.703000	-0.0250001	-0.0342517	-0.0339929	126.039	-670.859	-0.00542535	7	4	4	4	442.414	408	48.3327	2.68396	0.814539	0.705436	8.2411	44.9922	19.9393	95.9225	1	1	1	1	0	0	0	0
09.08.2015 07:12:50.803000	-0.0250001	-0.0342517	-0.0339929	126.042	-670.859	-0.00687211	7	4	4	4	361.107	408	48.4043	2.58989	0.720472	0.720897	8.27055	44.981	19.9251	95.934	1	1	1	1	0	0	0	0
09.08.2015 07:12:50.903000	-0.0250001	-0.0342517	-0.0339929	126.047	-670.859	-0.00705295	7	4	4	4	319.464	408	48.471	2.58525	0.715825	0.720897	8.35935	44.9676	19.9265	95.8774	1	1	1	1	0	0	0	0
09.08.2015 07:12:51.003000	-0.0250001	-0.0342517	-0.0339929	126.049	-670.859	-0.00614873	7	4	4	4	371.257	408	48.5337	2.64886	0.779442	0.720483	8.31894	45.0138	19.9395	96.0045	1	1	1	1	0	0	0	0
09.08.2015 07:12:51.103000	-0.0250001	-0.0342517	-0.0339929	126.051	-670.859	-0.00813802	7	4	4	4	362.053	408	48.6132	2.74175	0.87233	0.679474	8.30744	44.987	19.93	95.9384	1	1	1	1	0	0	0	0
09.08.2015 07:12:51.203000	-0.0250001	-0.0342517	-0.0339929	126.055	-670.859	-0.0072338	7	4	4	4	449.837	408	48.6764	2.84376	0.974335	0.679474	8.29437	44.9472	19.8978	95.9092	1	1	1	1	0	0	0	0
09.08.2015 07:12:51.303000	-0.0250001	-0.0342517	-0.0339929	126.055	-670.859	-0.00651042	7	4	4	4	418.026	408	48.757	2.88078	1.01136	0.679474	8.2668	44.9671	19.891	96.0115	1	1	1	1	0	0	0	0
09.08.2015 07:12:51.403000	-0.0250001	-0.0342517	-0.0339929	126.055	-670.859	-0.00470197	7	4	4	4	453.476	408	48.8256	2.87268	1.00325	0.705977	8.2738	44.8845	19.8665	95.7891	1	1	1	1	0	0	0	0
09.08.2015 07:12:51.503000	-0.0250001	-0.0342517	-0.0339929	126.059	-670.859	-0.00488281	7	4	4	4	364.823	408	48.8978	2.84932	0.979904	0.725168	8.31735	44.9091	19.8536	95.9323	1	1	1	1	0	0	0	0
09.08.2015 07:12:51.603000	-0.0250001	-0.0342517	-0.0339929	126.063	-670.859	-0.00434028	7	4	4	4	343.337	408	48.9724	2.87282	1.0034	0.725168	8.35728	44.9018	19.841	95.9527	1	1	1	1	0	0	0	0
09.08.2015 07:12:51.703000	-0.0250001	-0.0342517	-0.0339929	126.063	-670.859	-0.00488281	7	4	4	4	449.958	408	49.048	2.92824	1.05882	0.726777	8.31697	44.8549	19.8198	95.8543	1	1	1	1	0	0	0	0
09.08.2015 07:12:51.803000	-0.0250001	-0.0342517	-0.0339929	126.065	-670.859	-0.00434028	7	4	4	4	461.462	408	49.1216	2.93284	1.06342	0.733639	8.25166	44.8698	19.8076	95.9585	1	1	1	1	0	0	0	0
09.08.2015 07:12:51.903000	-0.0250001	-0.0342517	-0.0339929	126.07	-670.859	-0.00542535	7	4	4	4	408.757	408	49.1987	2.89289	1.02347	0.733639	8.23227	44.8328	19.8015	95.8398	1	1	1	1	0	0	0	0
09.08.2015 07:12:52.003000	-0.0250001	-0.0342517	-0.0339929	126.07	-670.859	-0.0036169	7	4	4	4	497.881	408	49.2678	2.82995	0.960528	0.733639	8.28083	44.8408	19.7967	95.8886	1	1	1	1	0	0	0	0
09.08.2015 07:12:52.103000	-0.0250001	-0.0342517	-0.0339929	126.07	-670.859	-0.00434028	7	4	4	4	382.814	408	49.3405	2.74373	0.874306	0.742917	8.28268	44.8542	19.8066	95.9022	1	1	1	1	0	0	0	0
09.08.2015 07:12:52.203000	-0.0250001	-0.0342517	-0.0339929	126.07	-670.859	-0.00180845	7	4	4	4	396.597	408	49.4126	2.70025	0.830826	0.744554	8.31489	44.8434	19.8182	95.8164	1	1	1	1	0	0	0	0
09.08.2015 07:12:52.303000	-0.0250001	-0.0342517	-0.0339929	126.07	-670.859	-0.0016276	7	4	4	4	400.285	408	49.4753	2.68004	0.81062	0.744554	8.353	44.8867	19.8351	95.9178	1	1	1	1	0	0	0	0
09.08.2015 07:12:52.403000	-0.0250001	-0.0342517	-0.0339929	126.073	-670.859	-0.00144676	7	4	4	4	270.052	408	49.5474	2.69453	0.825105	0.731936	8.36725	44.8988	19.8608	95.8657	1	1	1	1	0	0	0	0
09.08.2015 07:12:52.503000	-0.0250001	-0.0342517	-0.0339929	126.07	-670.859	-0.0016276	7	4	4	4	336.721	408	49.617	2.82339	0.953967	0.681463	8.33872	44.8801	19.8719	95.7514	1	1	1	1	0	0	0	0
09.08.2015 07:12:52.603000	-0.0250001	-0.0342517	-0.0339929	126.078	-670.859	-0.00144676	7	4	4	4	407.609	408	49.6887	2.97392	1.1045	0.681463	8.32778	44.885	19.8497	95.8554	1	1	1	1	0	0	0	0
09.08.2015 07:12:52.703000	-0.0250001	-0.0342517	-0.0339929	126.078	-670.859	-0.0016276	7	4	4	4	430.626	408	49.7663	3.08055	1.21113	0.681463	8.29151	44.8189	19.8301	95.6771	1	1	1	1	0	0	0	0
09.08.2015 07:12:52.803000	-0.0250001	-0.0342517	-0.0339929	126.078	-670.859	-0.00144676	7	4	4	4	465.758	408	49.8453	3.11858	1.24916	0.735767	8.26593	44.8064	19.7915	95.7769	1	1	1	1	0	0	0	0
09.08.2015 07:12:52.903000	-0.0250001	-0.0342517	-0.0339929	126.078	-670.859	0	7	4	4	4	451.338	408	49.921	3.08058	1.21116	0.744608	8.29868	44.7617	19.7764	95.664	1	1	1	1	0	0	0	0
09.08.2015 07:12:53.003000	-0.0250001	-0.0342517	-0.0339929	126.078	-670.859	-0.00289352	7	4	4	4	446.327	408	50.0015	3.02149	1.15207	0.744608	8.28872	44.7311	19.7402	95.6853	1	1	1	1	0	0	0	0
09.08.2015 07:12:53.103000	-0.0250001	-0.0342517	-0.0339929	126.078	-670.859	-0.000542535	7	4	4	4	407.466	408	50.0707	2.94187	1.07245	0.757191	8.26976	44.7556	19.7472	95.7521	1	1	1	1	0	0	0	0
09.08.2015 07:12:53.203000	-0.0250001	-0.0342517	-0.0339929	126.083	-670.859	-0.00072338	7	4	4	4	261.582	408	50.1503	2.91947	1.05005	0.765236	8.35304	44.7097	19.761	95.5238	1	1	1	1	0	0	0	0
09.08.2015 07:12:53.303000	-0.0250001	-0.0342517	-0.0339929	126.086	-670.859	-0.0016276	7	4	4	4	480.886	408	50.2199	3.00782	1.1384	0.765236	8.37648	44.7562	19.7477	95.7528	1	1	1	1	0	0	0	0
09.08.2015 07:12:53.403000	-0.0250001	-0.0342517	-0.0339929	126.086	-670.859	-0.00217014	7	4	4	4	410.546	408	50.299	3.03063	1.16121	0.760093	8.30456	44.709	19.7479	95.571	1	1	1	1	0	0	0	0
09.08.2015 07:12:53.503000	-0.0250001	-0.0342517	-0.0339929	126.086	-670.859	0	7	4	4	4	386.103	408	50.3696	3.03412	1.1647	0.746866	8.29282	44.7242	19.7542	95.6051	1	1	1	1	0	0	0	0
09.08.2015 07:12:53.603000	-0.0250001	-0.0342517	-0.0339929	126.086	-670.859	-0.00217014	7	4	4	4	465.032	408	50.4482	3.03328	1.16386	0.746866	8.27466	44.7104	19.7377	95.6154	1	1	1	1	0	0	0	0
09.08.2015 07:12:53.703000	-0.0250001	-0.0342517	-0.0339929	126.094	-670.859	-0.00108507	7	4	4	4	412.918	408.033	50.5189	2.9889	1.11948	0.746866	8.28783	44.6901	19.7299	95.5677	1	1	1	1	0.62	0	0	0
09.08.2015 07:12:53.803000	-0.0250001	-0.0342517	-0.0339929	126.094	-670.859	0.00072338	7	4	4	4	437.614	408.553	50.5969	2.88532	1.0159	0.749026	8.33691	44.7357	19.7349	95.7229	1	1	1	1	1	0	0	0
09.08.2015 07:12:53.903000	-0.0250001	-0.0342517	-0.0339929	126.094	-670.859	0.000542535	7	4	4	4	299.869	409.886	50.6666	2.75985	0.890433	0.749116	8.32195	44.6989	19.775	95.4289	1	1	1	1	1	0	0	0
09.08.2015 07:12:54.003000	-0.0250001	-0.0342517	-0.0339929	126.094	-670.859	0.00036169	7	4	4	4	358.116	412.039	50.7412	3.00317	1.13375	0.749116	8.39256	44.7739	19.7731	95.7232	1	1	1	1	1	0	0	0
09.08.2015 07:12:54.103000	-0.0250001	-0.0342517	-0.0339929	126.094	-670.859	-0.0016276	7	4	4	4	456.824	415.012	50.8158	3.36837	1.49895	0.742553	8.35893	44.7033	19.7432	95.5675	1	1	1	1	1	0	0	0
09.08.2015 07:12:54.203000	-0.0250001	-0.0342517	-0.0339929	126.094	-670.859	-0.00144676	7	4	4	4	505.265	418.804	50.9068	3.51353	1.64411	0.737992	8.32405	44.67	19.6789	95.6858	1	1	1	1	1	0	0	0
09.08.2015 07:12:54.303000	-0.0250001	-0.0342517	-0.0339929	126.094	-670.859	-0.0016276	7	4	4	4	504.912	423.418	50.9934	3.36046	1.49104	0.737992	8.30834	44.5606	19.6258	95.4705	1	1	1	1	1	0	0	0
09.08.2015 07:12:54.403000	-0.0250001	-0.0342517	-0.0339929	126.094	-670.859	-0.00180845	7	4	4	4	345.23	428.851	51.0675	3.09318	1.22375	0.808098	8.34398	44.6126	19.6243	95.6752	1	1	1	1	1	0	0	0
09.08.2015 07:12:54.503000	-0.0250001	-0.0342517	-0.0339929	126.094	-670.859	-0.000542535	7	4	4	4	322.515	435.105	51.1541	3.21476	1.34534	0.845847	8.36753	44.5444	19.6113	95.4642	1	1	1	1	1	0	0	0
09.08.2015 07:12:54.603000	-0.0250001	-0.0342517	-0.0339929	126.094	-670.859	0	7	4	4	4	402.958	442.178	51.2331	3.65149	1.78207	0.845847	8.35778	44.6228	19.5717	95.9157	1	1	1	1	1	0	0	0
09.08.2015 07:12:54.703000	-0.0250001	-0.0342517	-0.0339929	126.094	-670.859	-0.0016276	7	4	4	4	482.361	450.071	51.3306	4.11516	2.24574	0.843956	8.31184	44.319	19.4909	95.0618	1	1	1	1	1	0	0	0
09.08.2015 07:12:54.803000	-0.0250001	-0.0342517	-0.0339929	126.099	-670.859	-0.00036169	7	4	4	4	622.663	458.784	51.4326	4.34432	2.4749	0.843146	8.26766	44.2512	19.3189	95.4607	1	1	1	1	1	0	0	0
09.08.2015 07:12:54.903000	-0.0250001	-0.0342517	-0.0339929	126.102	-670.859	0.000542535	7	4	4	4	460.82	468.318	51.5351	4.14878	2.27936	0.891845	8.23428	44.0928	19.2172	95.2436	1	1	1	1	1	0	0	0
09.08.2015 07:12:55.003000	-0.0250001	-0.0342517	-0.0339929	126.102	-670.859	-0.00036169	7	4	4	4	467.85	478.671	51.6321	4.05725	2.18782	1.02351	8.24985	43.9938	19.1463	95.1363	1	1	1	1	1	0	0	0
09.08.2015 07:12:55.103000	-0.0250001	-0.0342517	-0.0339929	126.102	-670.859	-0.000542535	7	4	4	4	469.049	489.845	51.7306	4.16985	2.30043	1.02351	8.27576	43.9819	19.0807	95.3418	1	1	1	1	1	0	0	0
09.08.2015 07:12:55.203000	-0.0250001	-0.0342517	-0.0339929	126.102	-670.859	-0.00217014	7	4	4	4	525.452	501.838	51.833	4.36299	2.49357	0.998758	8.25477	43.8583	19.013	95.1277	1	1	1	1	1	0	0	0
09.08.2015 07:12:55.303000	-0.0250001	-0.0342517	-0.0339929	126.102	-670.859	-0.00108507	7	4	4	4	453.349	514.652	51.9395	4.55588	2.68646	0.990941	8.24795	43.6649	18.925	94.7241	1	1	1	1	1	0	0	0
09.08.2015 07:12:55.403000	-0.0250001	-0.0342517	-0.0339929	126.102	-670.859	-0.00144676	7	4	4	4	520.392	528.286	52.0499	4.88545	3.01603	1.03253	8.239	43.6664	18.8006	95.2062	1	1	1	1	1	0	0	0
09.08.2015 07:12:55.503000	-0.0250001	-0.0342517	-0.0339929	126.102	-670.859	-0.0016276	7	4	4	4	506.59	542.739	52.1733	5.31268	3.44325	1.08136	8.2177	43.4066	18.6348	94.8461	1	1	1	1	1	0	0	0
09.08.2015 07:12:55.603000	-0.0250001	-0.0342517	-0.0339929	126.102	-670.859	-0.00108507	7	4	4	4	580.053	558.013	52.3021	5.81113	3.94171	1.17011	8.23191	43.3515	18.4182	95.4649	1	1	1	1	1	0	0	0
09.08.2015 07:12:55.703000	-0.0250001	-0.0342517	-0.0339929	126.102	-670.859	-0.0016276	7	4	4	4	556.484	574.108	52.4434	6.22057	4.35115	1.26249	8.20306	42.5954	18.1396	93.6365	1	1	1	1	1	0	0	0
09.08.2015 07:12:55.803000	-0.0250001	-0.0342517	-0.0339929	126.102	-670.859	-0.00144676	7	4	4	4	614.11	591.023	52.5961	6.646	4.77658	1.41216	8.16926	42.4832	17.8428	94.3432	1	1	1	1	1	0	0	0
09.08.2015 07:12:55.903000	-0.0250001	-0.0342517	-0.0339929	126.102	-670.859	-0.00108507	7	4	4	4	606.723	608.758	52.7562	7.07548	5.20606	1.48893	8.15277	42.3308	17.5454	94.8984	1	1	1	1	1	0	0	0
09.08.2015 07:12:56.003000	-0.0250001	-0.0342517	-0.0339929	126.102	-670.859	0.00072338	7	4	4	4	633.796	627.312	52.9264	7.49943	5.63	1.60463	8.1543	41.8969	17.2323	94.4357	1	1	1	1	1	0	0	0
09.08.2015 07:12:56.103000	-0.0250001	-0.0342517	-0.0339929	126.102	-670.859	0.000542535	7	4	4	4	690.947	646.686	53.1024	7.85668	5.98726	1.70146	8.13119	41.5716	16.9265	94.3609	1	1	1	1	1	0	0	0
09.08.2015 07:12:56.203000	-0.0250001	-0.0342517	-0.0339929	126.102	-670.859	0.00072338	7	4	4	4	593.225	666.88	53.288	8.17185	6.30243	1.7778	8.18707	41.0038	16.6633	93.1948	1	1	1	1	1	0	0	0
09.08.2015 07:12:56.303000	-0.0250001	-0.0342517	-0.0339929	126.102	-670.859	0.000542535	7	4	4	4	544.368	687.894	53.479	8.81762	6.9482	1.86195	8.22033	40.2067	16.3899	91.1896	1	1	1	1	1	0	0	0
09.08.2015 07:12:56.403000	-0.0250001	-0.0342517	-0.0339929	126.102	-670.859	0.00108507	7	4	4	4	652.482	709.728	53.6914	9.79285	7.92342	1.96811	8.21673	40.5471	16.0443	93.8166	1	1	1	1	1	0	0	0
09.08.2015 07:12:56.503000	-0.0250001	-0.0342517	-0.0339929	126.102	-670.859	0.000542535	7	4	4	4	784.101	732.382	53.9232	10.826	8.95654	2.20324	8.15762	40.2929	15.6224	94.4586	1	1	1	1	1	0	0	0
09.08.2015 07:12:56.603000	-0.0250001	-0.0342517	-0.0339929	126.102	-670.859	-0.00072338	7	4	4	4	823.195	755.856	54.1749	11.55	9.6806	2.42334	8.11458	39.8124	15.2303	94.12	1	1	1	1	1	0	0	0
09.08.2015 07:12:56.703000	-0.0250001	-0.0342517	-0.0339929	126.102	-670.859	-0.00108507	7	4	4	4	737.833	780.15	54.4365	12.0571	10.1877	2.59705	8.16317	39.03	14.9292	92.277	1	1	1	1	1	0	0	0
09.08.2015 07:12:56.803000	-0.0250001	-0.0342517	-0.0339929	126.102	-670.859	-0.00180845	7	4	4	4	726.373	805.263	54.7076	12.7552	10.8858	2.66352	8.21848	39.2606	14.6799	94.1146	1	1	1	1	1	0	0	0
09.08.2015 07:12:56.903000	-0.0250001	-0.0342517	-0.0339929	126.105	-670.859	-0.0016276	7	4	4	4	853.433	831.197	54.9946	13.5937	11.7243	2.78729	8.20898	38.8601	14.4543	93.4448	1	1	1	1	1	0	0	0
09.08.2015 07:12:57.003000	-0.0250001	-0.0342517	-0.0339929	126.104	-670.859	-0.00144676	7	4	4	4	819.833	857.952	55.2966	14.3041	12.4347	2.96534	8.16471	38.6513	14.2631	93.3773	1	1	1	1	1	0	0	0
09.08.2015 07:12:57.103000	-0.0250001	-0.0342517	-0.0339929	126.102	-670.859	-0.00217014	7	4	4	4	850.975	885.529	55.6144	15.1292	13.2598	3.14775	8.19254	38.423	14.0597	93.2824	1	1	1	1	1	0	0	0
09.08.2015 07:12:57.203000	-0.0250001	-0.0342517	-0.0339929	126.104	-670.859	-0.00108507	7	4	4	4	893.953	913.924	55.9517	16.0431	14.1737	3.33851	8.18223	38.2105	13.8801	93.1564	1	1	1	1	1	0	0	0
09.08.2015 07:12:57.303000	-0.0250001	-0.0342517	-0.0339929	126.098	-670.859	-0.00217014	7	4	4	4	881.108	943.137	56.3043	16.9396	15.0701	3.48891	8.23549	38.0345	13.7382	93.0258	1	1	1	1	1	0	0	0
09.08.2015 07:12:57.403000	-0.0250001	-0.0342517	-0.0339929	126.102	-670.859	-0.00325521	7	4	4	4	918.639	973.171	56.6759	17.972	16.1026	3.68371	8.17347	37.8989	13.6116	92.9915	1	1	1	1	1	0	0	0
09.08.2015 07:12:57.503000	-0.0250001	-0.0342517	-0.0339929	126.102	-670.859	-0.00379774	7	4	4	4	1036.8	785.852	57.0699	19.1224	10.9033	3.89961	8.09277	37.787	13.5058	92.9678	1	1	1	1	1	0.36	0	0.36
09.08.2015 07:12:57.603000	-0.0250001	-0.0342517	-0.0339929	126.102	-670.859	-0.00180845	7	4	4	4	2050.78	408	58.871	19.5074	0	46.3044	8.09227	79.5197	20.3238	226.649	1	1	1	1	1	1	0.04	1
09.08.2015 07:12:57.703000	-0.0250001	-0.0342517	-0.0339929	126.113	-670.832	-0.00271267	7	4	4	4	2402.81	408	62.2057	19.5074	0	36.897	6.8515	115.556	2.28333	433.7	1	1	1	1	1	1	1	1
09.08.2015 07:12:57.803000	-0.0250001	-0.0342517	-0.0339929	125.938	-670.836	-0.00325521	7	4	4	4	34.0828	408	62.2231	19.5074	0	35.4792	4.41863	122.135	0.580462	465.409	1	1	1	1	1	1	1	1
09.08.2015 07:12:57.903000	-0.0250001	-0.0342517	-0.0339929	125.797	-670.836	-0.00325521	7	4	4	4	5.42542	408	62.2271	8.58326	0	35.4792	2.6314	134.792	0.743004	513.248	1	1	1	1	1	1	1	0.44
09.08.2015 07:12:58.003000	-0.0250001	-0.0342517	-0.0339929	125.805	-670.807	-0.00325521	7	4	4	4	1.26862	408	62.2271	0	0	35.4792	1.90059	136.843	0.542741	521.868	1	1	1	1	1	1	1	0
09.08.2015 07:12:58.103000	-0.0250001	-0.0342517	-0.0339929	125.805	-670.863	-0.0016276	7	4	4	4	0.394394	408	62.2271	0	0	35.4792	1.45765	136.701	0.604999	521.084	1	1	1	1	1	1	1	0
09.08.2015 07:12:58.203000	-0.0250001	-0.0342517	-0.0339929	125.773	-670.839	-0.00144676	7	4	4	4	0.275707	408	62.2271	0	0	35.4792	1.14266	136.432	0.580401	520.149	1	1	1	1	1	1	1	0
09.08.2015 07:12:58.303000	-0.0250001	-0.0342517	-0.0339929	125.695	-670.867	-0.00108507	7	4	4	4	0.237707	408	62.2271	0	0	35.4792	0.905107	136.414	0.560076	520.159	1	1	1	1	1	1	1	0
09.08.2015 07:12:58.403000	-0.0250001	-0.0342517	-0.0339929	125.659	-670.87	-0.00180845	7	4	4	4	0.222728	408	62.2271	0	0	35.4792	0.778631	136.324	0.575274	519.756	1	1	1	1	1	1	1	0
09.08.2015 07:12:58.503000	-0.0250001	-0.0342517	-0.0339929	125.629	-670.867	-0.00217014	7	4	4	4	0.233217	408	62.2271	0	0	35.4792	0.684643	136.256	0.557451	519.564	1	1	1	1	1	1	1	0
09.08.2015 07:12:58.603000	-0.0250001	-0.0342517	-0.0339929	125.609	-670.87	-0.00108507	7	4	4	4	0.236743	408	62.2271	0	0	35.4792	0.596289	136.192	0.551836	519.338	1	1	1	1	1	1	1	0
09.08.2015 07:12:58.703000	-0.0250001	-0.0342517	-0.0339929	125.609	-670.863	-0.00108507	7	4	4	4	0.262979	408	62.2271	0	0	1.37146	0.5358	136.132	0.567949	519.05	1	1	1	1	1	1	1	0
09.08.2015 07:12:58.803000	-0.0250001	-0.0342517	-0.0339929	125.609	-670.875	0	7	4	4	4	0.277824	408	62.2271	0	0	-0.0496979	0.493135	136.085	0.556352	518.916	1	1	1	1	1	1	1	0
09.08.2015 07:12:58.903000	-0.0250001	-0.0342517	-0.0339929	125.609	-670.875	0.000542535	7	4	4	4	0.284824	408	62.2271	0	0	-0.0496979	0.457812	136.04	0.563982	518.711	1	1	1	1	1	1	1	0
09.08.2015 07:12:59.003000	-0.0250001	-0.0342517	-0.0339929	125.609	-670.875	0.00289352	7	4	4	4	0.294962	408	62.2271	0	0	-0.0496979	0.419748	135.982	0.571062	518.46	1	1	1	1	1	1	1	0
09.08.2015 07:12:59.103000	-0.0250001	-0.0342517	-0.0339929	125.609	-670.871	0.00108507	7	4	4	4	0.265888	408	62.2271	0	0	-0.0496979	0.396463	135.944	0.569597	518.321	1	1	1	1	1	1	1	0
09.08.2015 07:12:59.203000	-0.0250001	-0.0342517	-0.0339929	125.609	-670.872	0.00217014	7	4	4	4	0.271269	408	62.2271	0	0	-0.0496979	0.377011	135.896	0.569615	518.144	1	1	1	1	1	1	1	0
09.08.2015 07:12:59.303000	-0.0250001	-0.0342517	-0.0339929	125.609	-670.875	0.000542535	7	4	4	4	0.25601	408	62.2271	0	0	-0.0496979	0.356453	135.85	0.566045	517.975	1	1	1	1	1	1	1	0
09.08.2015 07:12:59.403000	-0.0250001	-0.0342517	-0.0339929	125.609	-670.872	0.00108507	7	4	4	4	0.256324	408	62.2271	0	0	-0.0496979	0.339316	135.813	0.575884	517.791	1	1	1	1	1	1	1	0
09.08.2015 07:12:59.503000	-0.0250001	-0.0342517	-0.0339929	125.609	-670.875	0.00108507	7	4	4	4	0.250382	408	62.2271	0	0	-0.0496979	0.325738	135.769	0.577105	517.623	1	1	1	1	1	1	1	0
09.08.2015 07:12:59.603000	-0.0250001	-0.0342517	-0.0339929	125.609	-670.87	0.00072338	7	4	4	4	0.242427	408	62.2271	0	0	-0.0496979	0.315683	135.732	0.582537	517.459	1	1	1	1	1	1	1	0
09.08.2015 07:12:59.703000	-0.0250001	-0.0342517	-0.0339929	125.609	-670.867	0.00108507	7	4	4	4	0.232592	408	62.2271	0	0	-0.00198792	0.301649	135.689	0.583514	517.292	1	1	1	1	1	1	1	0
09.08.2015 07:12:59.803000	-0.0250001	-0.0342517	-0.0339929	125.602	-670.867	0.00072338	7	4	4	4	0.250578	408	62.2271	0	0	0	0.295428	135.652	0.590716	517.122	1	1	1	1	1	1	1	0
09.08.2015 07:12:59.903000	-0.0250001	-0.0342517	-0.0339929	125.59	-670.867	0.000542535	7	4	4	4	0.250923	408	62.2271	0	0	0	0.291594	135.615	0.594073	516.967	1	1	1	1	1	1	1	0
09.08.2015 07:13:00.003000	-0.0250001	-0.0342517	-0.0339929	125.586	-670.859	0.00072338	7	4	4	4	0.244416	408	62.2271	0	0	0	0.289135	135.581	0.592669	516.843	1	1	1	1	1	1	1	0
09.08.2015 07:13:00.103000	-0.0250001	-0.0342517	-0.0339929	125.586	-670.703	0.00108507	7	4	4	4	0.246325	408	62.2271	0	0	0	0.285735	135.541	0.590167	516.701	1	1	1	1	1	1	1	0
09.08.2015 07:13:00.203000	-0.0250001	-0.0342517	-0.0339929	125.763	-667.688	0	7	4	4	4	0.251293	408	62.2271	0	0	0	0.282841	135.503	0.592731	516.544	1	1	1	1	1	1	1	0
09.08.2015 07:13:00.303000	-0.0250001	-0.0342517	-0.0339929	125.797	-655.137	0.000542535	7	4	4	4	0.265053	408	62.2271	0	0	0	0.28125	135.474	0.577288	516.492	1	1	1	1	1	1	1	0
09.08.2015 07:13:00.403000	-0.0250001	-0.0342517	-0.0339929	125.794	-634.208	0.00072338	7	4	4	4	0.267399	408	62.2271	0	0	0	0.278501	135.437	0.579547	516.344	1	1	1	1	1	1	1	0
09.08.2015 07:13:00.503000	-0.0250001	-0.0342517	-0.0339929	125.793	-611.848	0	7	4	4	4	0.272821	408	62.2271	0	0	0	0.276548	135.402	0.58211	516.198	1	1	1	1	1	1	1	0
09.08.2015 07:13:00.603000	-0.0250001	-0.0342517	-0.0339929	125.797	-573.169	0.00036169	7	4	4	4	0.286269	408	62.2271	0	0	0	0.273365	135.37	0.583697	516.071	1	1	1	1	1	1	1	0
09.08.2015 07:13:00.703000	-0.0250001	-0.0342517	-0.0339929	125.797	-541.461	0.00108507	7	4	4	4	0.286518	408	62.2271	0	0	0	0.272063	135.334	0.585589	515.925	1	1	1	1	1	1	1	0
09.08.2015 07:13:00.803000	-0.0250001	-0.0342517	-0.0339929	125.797	-505.693	0.00072338	7	4	4	4	0.270072	408	62.2271	0	0	0	0.267072	135.299	0.583575	515.799	1	1	1	1	1	1	1	0
09.08.2015 07:13:00.903000	-0.0250001	-0.0342517	-0.0339929	125.793	-457.008	0.00108507	7	4	4	4	0.255657	408	62.2271	0	0	0	0.26454	135.268	0.582598	515.685	1	1	1	1	1	1	1	0
09.08.2015 07:13:01.003000	-0.0250001	-0.0342517	-0.0339929	125.797	-406.477	-0.00180845	7	4	4	4	0.267014	408	62.2271	0	0	0	0.260851	135.209	0.585284	515.448	1	1	1	1	1	1	1	0
09.08.2015 07:13:01.103000	-0.0250001	-0.0342517	-0.0339929	125.797	-364.664	-0.00379774	7	4	4	4	0.260414	408	62.2271	0	0	0	0.259404	135.208	0.587725	515.435	1	1	1	1	1	1	1	0
09.08.2015 07:13:01.203000	-0.0250001	-0.0342517	-0.0339929	125.805	-322.922	-0.00325521	7	4	4	4	0.282098	408	62.2271	0	0	0	0.255353	135.172	0.586688	515.302	1	1	1	1	1	1	1	0
09.08.2015 07:13:01.303000	-0.0250001	-0.0342517	-0.0339929	125.801	-265.328	-0.00488281	7	4	4	4	0.296456	408	62.2271	0	0	0	0.252821	135.137	0.587237	515.164	1	1	1	1	1	1	1	0
09.08.2015 07:13:01.403000	-0.0250001	-0.0342517	-0.0339929	125.805	-223.932	-0.00506366	7	4	4	4	0.297707	408	62.2271	0	0	0	0.251013	135.107	0.587848	515.048	1	1	1	1	1	1	1	0
09.08.2015 07:13:01.503000	-0.0250001	-0.0342517	-0.0339929	125.816	-182.711	-0.00542535	7	4	4	4	0.299158	408	62.2271	0	0	0	0.249132	135.074	0.590106	514.912	1	1	1	1	1	1	1	0
09.08.2015 07:13:01.603000	-0.0250001	-0.0342517	-0.0339929	125.82	-136.279	-0.00434028	7	4	4	4	0.288792	408	62.2271	0	0	0	0.249132	135.04	0.591571	514.778	1	1	1	1	1	1	1	0
09.08.2015 07:13:01.703000	-0.0250001	-0.0342517	-0.0339929	125.828	-84.4844	-0.00434028	7	4	4	4	0.301049	408	62.2271	0	0	0	0.247034	135.01	0.589679	514.67	1	1	1	1	1	1	1	0
09.08.2015 07:13:01.803000	-0.0250001	-0.0342517	-0.0339929	125.828	-44.1328	-0.00542535	7	4	4	4	0.273883	408	62.2271	0	0	0	0.248409	134.98	0.58974	514.552	1	1	1	1	1	1	1	0
09.08.2015 07:13:01.903000	-0.0250001	-0.0342517	-0.0339929	125.828	-3.29297	-0.00542535	7	4	4	4	0.227678	408	62.2271	0	0	0	0.247323	134.949	0.588336	514.44	1	1	1	1	1	1	1	0
09.08.2015 07:13:02.003000	-0.0250001	-0.0342517	-0.0339929	125.828	43.0703	-0.00397859	7	4	4	4	0.226277	408	62.2271	0	0	0	0.248409	134.923	0.590472	514.334	1	1	1	1	1	1	1	0
09.08.2015 07:13:02.103000	-0.0250001	-0.0342517	-0.0339929	125.82	94.7227	-0.00379774	7	4	4	4	0.250003	408	62.2271	0	0	0	0.247613	134.888	0.589618	514.201	1	1	1	1	1	1	1	0
09.08.2015 07:13:02.203000	-0.0250001	-0.0342517	-0.0339929	125.82	135.182	-0.00325521	7	4	4	4	0.271559	408	62.2271	0	0	0	0.249421	134.859	0.590045	514.088	1	1	1	1	1	1	1	0
09.08.2015 07:13:02.303000	-0.0250001	-0.0342517	-0.0339929	125.809	175.098	-0.00325521	7	4	4	4	0.299099	408	62.2271	0	0	0	0.249132	134.831	0.590289	513.98	1	1	1	1	1	1	1	0
09.08.2015 07:13:02.403000	-0.0250001	-0.0342517	-0.0339929	125.797	226.813	-0.00217014	7	4	4	4	0.308796	408	62.2271	0	0	0	0.248336	134.799	0.592547	513.851	1	1	1	1	1	1	1	0
09.08.2015 07:13:02.503000	-0.0250001	-0.0342517	-0.0339929	125.797	272.496	-0.0016276	7	4	4	4	0.311708	408	62.2271	0	0	0	0.249421	134.768	0.591021	513.738	1	1	1	1	1	1	1	0
09.08.2015 07:13:02.603000	-0.0250001	-0.0342517	-0.0339929	125.799	313.049	-0.00144676	7	4	4	4	0.289339	408	62.2271	0	0	0	0.249783	134.742	0.590716	513.637	1	1	1	1	1	1	1	0
09.08.2015 07:13:02.703000	-0.0250001	-0.0342517	-0.0339929	125.797	353.379	-0.00217014	7	4	4	4	0.276526	408	62.2271	0	0	0	0.250868	134.71	0.593219	513.506	1	1	1	1	1	1	1	0
09.08.2015 07:13:02.803000	-0.0250001	-0.0342517	-0.0339929	125.797	409.813	-0.00253183	7	4	4	4	0.283715	408	62.2271	0	0	0	0.250217	134.681	0.592669	513.396	1	1	1	1	1	1	1	0
09.08.2015 07:13:02.903000	-0.0250001	-0.0342517	-0.0339929	125.797	449.863	-0.00108507	7	4	4	4	0.276822	408	62.2271	0	0	0	0.251881	134.657	0.593585	513.303	1	1	1	1	1	1	1	0
09.08.2015 07:13:03.003000	-0.0250001	-0.0342517	-0.0339929	125.799	490.146	-0.00108507	7	4	4	4	0.266691	408	62.2271	0	0	0	0.251664	134.628	0.595538	513.183	1	1	1	1	1	1	1	0
09.08.2015 07:13:03.103000	-0.0250001	-0.0342517	-0.0339929	125.797	538.293	0.000542535	7	4	4	4	0.27978	408	62.2271	0	0	0	0.252676	134.6	0.592303	513.088	1	1	1	1	1	1	1	0
09.08.2015 07:13:03.203000	-0.0250001	-0.0342517	-0.0339929	125.797	581.706	0.00036169	7	4	4	4	0.258632	408	62.2271	0	0	0	0.251881	134.574	0.594562	512.981	1	1	1	1	1	1	1	0
09.08.2015 07:13:03.303000	-0.0250001	-0.0342517	-0.0339929	125.797	611.344	0.000542535	7	4	4	4	0.260069	408	62.2271	0	0	0	0.253689	134.545	0.594256	512.871	1	1	1	1	1	1	1	0
09.08.2015 07:13:03.403000	-0.0250001	-0.0342517	-0.0339929	125.797	635.651	0	7	4	4	4	0.252909	408	62.2271	0	0	0	0.253183	134.515	0.596332	512.749	1	1	1	1	1	1	1	0
09.08.2015 07:13:03.503000	-0.0250001	-0.0342517	-0.0339929	125.805	657.973	0.000542535	7	4	4	4	0.281465	408	62.2271	0	0	0	0.252459	134.494	0.594378	512.675	1	1	1	1	1	1	1	0
09.08.2015 07:13:03.603000	-0.0250001	-0.0342517	-0.0339929	125.799	670.328	0.00036169	7	4	4	4	0.283343	408	62.2271	0	0	0	0.252242	134.465	0.596088	512.557	1	1	1	1	1	1	1	0
09.08.2015 07:13:03.703000	-0.0250001	-0.0342517	-0.0339929	125.797	673.285	0.000542535	7	4	4	4	0.29591	408	62.2271	0	0	0	0.252459	134.441	0.595416	512.469	1	1	1	1	1	1	1	0
09.08.2015 07:13:03.803000	-0.0250001	-0.0342517	-0.0339929	125.794	674.747	0	7	4	4	4	0.276345	408	62.2271	0	0	0	0.252459	134.416	0.598224	512.363	1	1	1	1	1	1	1	0
09.08.2015 07:13:03.903000	-0.0250001	-0.0342517	-0.0339929	125.773	674.906	0.000542535	7	4	4	4	0.289562	408	62.2271	0	0	0	0.251374	134.388	0.598041	512.256	1	1	1	1	1	1	1	0
09.08.2015 07:13:04.003000	-0.0250001	-0.0342517	-0.0339929	125.745	674.885	-0.00108507	7	4	4	4	0.290193	408	62.2271	0	0	0	0.252966	134.359	0.59975	512.136	1	1	1	1	1	1	1	0
09.08.2015 07:13:04.103000	-0.0250001	-0.0342517	-0.0339929	125.734	674.887	0.000542535	7	4	4	4	0.283487	408	62.2271	0	0	0	0.251085	134.337	0.601337	512.045	1	1	1	1	1	1	1	0
09.08.2015 07:13:04.203000	-0.0250001	-0.0342517	-0.0339929	125.693	674.891	0.00108507	7	4	4	4	0.293493	408	62.2271	0	0	0	0.251808	134.278	0.602679	511.814	1	1	1	1	1	1	1	0
09.08.2015 07:13:04.303000	-0.0250001	-0.0342517	-0.0339929	125.645	674.926	0.00108507	7	4	4	4	0.290378	408	62.2271	0	0	0	0.249494	134.255	0.601581	511.731	1	1	1	1	1	1	1	0
09.08.2015 07:13:04.403000	-0.0250001	-0.0342517	-0.0339929	125.646	674.917	0.00108507	7	4	4	4	0.277498	408	62.2271	0	0	0	0.250868	134.266	0.602435	511.77	1	1	1	1	1	1	1	0
09.08.2015 07:13:04.503000	-0.0250001	-0.0342517	-0.0339929	125.637	674.883	0.000542535	7	4	4	4	0.26527	408	62.2271	0	0	0	0.249638	134.238	0.600543	511.672	1	1	1	1	1	1	1	0
09.08.2015 07:13:04.603000	-0.0250001	-0.0342517	-0.0339929	125.641	674.883	0.00108507	7	4	4	4	0.261893	408	62.2271	0	0	0	0.248843	134.214	0.597736	511.592	1	1	1	1	1	1	1	0
09.08.2015 07:13:04.703000	-0.0250001	-0.0342517	-0.0339929	125.629	674.848	0.000542535	7	4	4	4	0.28423	408	62.2271	0	0	0	0.248843	134.19	0.597308	511.498	1	1	1	1	1	1	1	0
09.08.2015 07:13:04.803000	-0.0250001	-0.0342517	-0.0339929	125.641	674.87	0.00072338	7	4	4	4	0.316225	408	62.2271	0	0	0	0.24906	134.161	0.5992	511.38	1	1	1	1	1	1	1	0
09.08.2015 07:13:04.903000	-0.0250001	-0.0342517	-0.0339929	125.641	674.875	0.000542535	7	4	4	4	0.310743	408	62.2271	0	0	0	0.249132	134.137	0.599322	511.289	1	1	1	1	1	1	1	0
09.08.2015 07:13:05.003000	-0.0250001	-0.0342517	-0.0339929	125.641	674.854	0.00036169	7	4	4	4	0.300432	408	62.2271	0	0	0	0.248047	134.112	0.599139	511.195	1	1	1	1	1	1	1	0
09.08.2015 07:13:05.103000	-0.0250001	-0.0342517	-0.0339929	125.645	674.859	0.0016276	7	4	4	4	0.299634	408	62.2271	0	0	0	0.249349	134.086	0.598224	511.099	1	1	1	1	1	1	1	0
09.08.2015 07:13:05.203000	-0.0250001	-0.0342517	-0.0339929	125.648	674.94	0.00072338	7	4	4	4	0.287755	408	62.2271	0	0	0	0.249277	134.068	0.599872	511.024	1	1	1	1	1	1	1	0
09.08.2015 07:13:05.303000	-0.0250001	-0.0342517	-0.0339929	125.648	674.898	-0.000542535	7	4	4	4	0.272203	408	62.2271	0	0	0	0.250651	134.044	0.601337	510.924	1	1	1	1	1	1	1	0
09.08.2015 07:13:05.403000	-0.0250001	-0.0342517	-0.0339929	125.648	674.945	0.00036169	7	4	4	4	0.293163	408	62.2271	0	0	0	0.248987	134.016	0.601764	510.818	1	1	1	1	1	1	1	0
09.08.2015 07:13:05.503000	-0.0250001	-0.0342517	-0.0339929	125.648	675.078	0	7	4	4	4	0.315023	408	62.2271	0	0	0	0.250651	133.995	0.601886	510.736	1	1	1	1	1	1	1	0
09.08.2015 07:13:05.603000	-0.0250001	-0.0342517	-0.0339929	125.643	675.047	0.00036169	7	4	4	4	0.302579	408	62.2271	0	0	0	0.249349	133.974	0.602496	510.654	1	1	1	1	1	1	1	0
09.08.2015 07:13:05.703000	-0.0250001	-0.0342517	-0.0339929	125.641	675.016	0.000542535	7	4	4	4	0.306361	408	62.2271	0	0	0	0.249855	133.944	0.599872	510.547	1	1	1	1	1	1	1	0
09.08.2015 07:13:05.803000	-0.0250001	-0.0342517	-0.0339929	125.641	675.016	0.00072338	7	4	4	4	0.286085	408	62.2271	0	0	0	0.249783	133.923	0.601459	510.461	1	1	1	1	1	1	1	0
09.08.2015 07:13:05.903000	-0.0250001	-0.0342517	-0.0339929	125.641	675	0.00108507	7	4	4	4	0.279296	408	62.2271	0	0	0	0.250289	133.896	0.600848	510.359	1	1	1	1	1	1	1	0
09.08.2015 07:13:06.003000	-0.0250001	-0.0342517	-0.0339929	125.641	674.992	0.00036169	7	4	4	4	0.274329	408	62.2271	0	0	0	0.250289	133.869	0.600726	510.256	1	1	1	1	1	1	1	0
09.08.2015 07:13:06.103000	-0.0250001	-0.0342517	-0.0339929	125.641	674.961	0.000542535	7	4	4	4	0.261709	408	62.2271	0	0	0	0.249349	133.847	0.601581	510.171	1	1	1	1	1	1	1	0
09.08.2015 07:13:06.203000	-0.0250001	-0.0342517	-0.0339929	125.641	674.961	-0.00108507	7	4	4	4	0.263901	408	62.2271	0	0	0	0.250289	133.825	0.603778	510.079	1	1	1	1	1	1	1	0
09.08.2015 07:13:06.303000	-0.0250001	-0.0342517	-0.0339929	125.645	674.961	-0.00108507	7	4	4	4	0.276535	408	62.2271	0	0	0	0.249566	133.802	0.603595	509.988	1	1	1	1	1	1	1	0
09.08.2015 07:13:06.403000	-0.0250001	-0.0342517	-0.0339929	125.643	674.961	-0.00108507	7	4	4	4	0.264125	408	62.2271	0	0	0	0.250362	133.78	0.604389	509.902	1	1	1	1	1	1	1	0
09.08.2015 07:13:06.503000	-0.0250001	-0.0342517	-0.0339929	125.645	674.961	-0.00108507	7	4	4	4	0.297093	408	62.2271	0	0	0	0.248698	133.753	0.605548	509.793	1	1	1	1	1	1	1	0
09.08.2015 07:13:06.603000	-0.0250001	-0.0342517	-0.0339929	125.643	674.964	-0.00144676	7	4	4	4	0.288857	408	62.2271	0	0	0	0.250072	133.731	0.606098	509.707	1	1	1	1	1	1	1	0
09.08.2015 07:13:06.703000	-0.0250001	-0.0342517	-0.0339929	125.648	674.949	-0.00108507	7	4	4	4	0.298516	408	62.2271	0	0	0	0.249132	133.711	0.609882	509.617	1	1	1	1	1	1	1	0
09.08.2015 07:13:06.803000	-0.0250001	-0.0342517	-0.0339929	125.648	674.948	-0.00253183	7	4	4	4	0.306944	408	62.2271	0	0	0	0.249349	133.687	0.618305	509.495	1	1	1	1	1	1	1	0
09.08.2015 07:13:06.903000	-0.0250001	-0.0342517	-0.0339929	125.648	674.953	-0.00379774	7	4	4	4	0.283091	408	62.2271	0	0	0	0.248915	133.665	0.61861	509.408	1	1	1	1	1	1	1	0
09.08.2015 07:13:07.003000	-0.0250001	-0.0342517	-0.0339929	125.643	674.951	-0.00506366	7	4	4	4	0.299906	408	62.2271	0	0	0	0.249132	133.641	0.624043	509.296	1	1	1	1	1	1	1	0
09.08.2015 07:13:07.103000	-0.0250001	-0.0342517	-0.0339929	125.648	674.949	-0.00325521	7	4	4	4	0.27554	408	62.2271	0	0	0	0.248987	133.617	0.627216	509.192	1	1	1	1	1	1	1	0
09.08.2015 07:13:07.203000	-0.0250001	-0.0342517	-0.0339929	125.648	674.94	-0.00470197	7	4	4	4	0.272678	408	62.2271	0	0	0	0.247323	133.594	0.629109	509.095	1	1	1	1	1	1	1	0
09.08.2015 07:13:07.303000	-0.0250001	-0.0342517	-0.0339929	125.648	674.93	-0.00325521	7	4	4	4	0.248333	408	62.2271	0	0	0	0.247613	133.575	0.631123	509.017	1	1	1	1	1	1	1	0
09.08.2015 07:13:07.403000	-0.0250001	-0.0342517	-0.0339929	125.646	674.93	-0.00180845	7	4	4	4	0.258203	408	62.2271	0	0	0	0.245877	133.549	0.630818	508.918	1	1	1	1	1	1	1	0
09.08.2015 07:13:07.503000	-0.0250001	-0.0342517	-0.0339929	125.648	674.938	-0.0016276	7	4	4	4	0.250147	408	62.2271	0	0	0	0.245298	133.531	0.63332	508.837	1	1	1	1	1	1	1	0
09.08.2015 07:13:07.603000	-0.0250001	-0.0342517	-0.0339929	125.646	674.927	-0.00144676	7	4	4	4	0.278722	408	62.2271	0	0	0	0.24226	133.508	0.632405	508.754	1	1	1	1	1	1	1	0
09.08.2015 07:13:07.703000	-0.0250001	-0.0342517	-0.0339929	125.645	674.922	-0.0016276	7	4	4	4	0.280893	408	62.2271	0	0	0	0.242043	133.483	0.636128	508.643	1	1	1	1	1	1	1	0
09.08.2015 07:13:07.803000	-0.0250001	-0.0342517	-0.0339929	125.648	674.922	-0.00180845	7	4	4	4	0.270217	408	62.2271	0	0	0	0.238932	133.465	0.643208	508.547	1	1	1	1	1	1	1	0
09.08.2015 07:13:07.903000	-0.0250001	-0.0342517	-0.0339929	125.648	674.922	-0.00108507	7	4	4	4	0.271486	408	62.2271	0	0	0	0.237486	133.444	0.649312	508.443	1	1	1	1	1	1	1	0
09.08.2015 07:13:08.003000	-0.0250001	-0.0342517	-0.0339929	125.648	674.922	-0.00108507	7	4	4	4	0.266015	408	62.2271	0	0	0	0.235532	133.42	0.656026	508.327	1	1	1	1	1	1	1	0
09.08.2015 07:13:08.103000	-0.0250001	-0.0342517	-0.0339929	125.645	674.922	-0.0016276	7	4	4	4	0.262039	408	62.2271	0	0	0	0.234664	133.403	0.660909	508.242	1	1	1	1	1	1	1	0
09.08.2015 07:13:08.203000	-0.0250001	-0.0342517	-0.0339929	125.648	674.917	0.00036169	7	4	4	4	0.27081	408	62.2271	0	0	0	0.233218	133.381	0.663167	508.148	1	1	1	1	1	1	1	0
09.08.2015 07:13:08.303000	-0.0250001	-0.0342517	-0.0339929	125.648	674.918	0.00108507	7	4	4	4	0.256208	408	62.2271	0	0	0	0.230396	133.36	0.663839	508.066	1	1	1	1	1	1	1	0
09.08.2015 07:13:08.403000	-0.0250001	-0.0342517	-0.0339929	125.648	674.911	0.00108507	7	4	4	4	0.260753	408	62.2271	0	0	0	0.231047	133.342	0.665426	507.991	1	1	1	1	1	1	1	0
09.08.2015 07:13:08.503000	-0.0250001	-0.0342517	-0.0339929	125.648	674.91	0	7	4	4	4	0.270402	408	62.2271	0	0	0	0.22895	133.317	0.665609	507.897	1	1	1	1	1	1	1	0
09.08.2015 07:13:08.603000	-0.0250001	-0.0342517	-0.0339929	125.648	674.906	0.00072338	7	4	4	4	0.266138	408	62.2271	0	0	0	0.229384	133.298	0.664876	507.826	1	1	1	1	1	1	1	0
09.08.2015 07:13:08.703000	-0.0250001	-0.0342517	-0.0339929	125.648	674.906	0.00108507	7	4	4	4	0.261258	408	62.2271	0	0	0	0.226852	133.277	0.67513	507.705	1	1	1	1	1	1	1	0
09.08.2015 07:13:08.803000	-0.0250001	-0.0342517	-0.0339929	125.648	674.906	0.00036169	7	4	4	4	0.258859	408	62.2271	0	0	0	0.22866	133.253	0.680624	507.594	1	1	1	1	1	1	1	0
09.08.2015 07:13:08.903000	-0.0250001	-0.0342517	-0.0339929	125.648	674.906	0.000542535	7	4	4	4	0.277728	408	62.2271	0	0	0	0.227792	133.234	0.690451	507.484	1	1	1	1	1	1	1	0
09.08.2015 07:13:09.003000	-0.0250001	-0.0342517	-0.0339929	125.643	674.922	-0.00108507	7	4	4	4	0.256891	408	62.2271	0	0	0	0.228877	133.214	0.703818	507.355	1	1	1	1	1	1	1	0
09.08.2015 07:13:09.103000	-0.0250001	-0.0342517	-0.0339929	125.645	674.934	-0.00325521	7	4	4	4	0.275065	408	62.2271	0	0	0	0.228371	133.191	0.714133	507.226	1	1	1	1	1	1	1	0
09.08.2015 07:13:09.203000	-0.0250001	-0.0342517	-0.0339929	125.648	674.922	-0.00144676	7	4	4	4	0.263127	408	62.2271	0	0	0	0.229601	133.17	0.715903	507.138	1	1	1	1	1	1	1	0
09.08.2015 07:13:09.303000	-0.0250001	-0.0342517	-0.0339929	125.645	674.922	-0.00108507	7	4	4	4	0.273319	408	62.2271	0	0	0	0.22989	133.152	0.720725	507.054	1	1	1	1	1	1	1	0
09.08.2015 07:13:09.403000	-0.0250001	-0.0342517	-0.0339929	125.648	674.945	-0.00253183	7	4	4	4	0.291439	408	62.2271	0	0	0	0.229022	133.131	0.720725	506.974	1	1	1	1	1	1	1	0
09.08.2015 07:13:09.503000	-0.0250001	-0.0342517	-0.0339929	125.648	674.938	-0.00217014	7	4	4	4	0.282079	408	62.2271	0	0	0	0.230252	133.112	0.71865	506.907	1	1	1	1	1	1	1	0
09.08.2015 07:13:09.603000	-0.0250001	-0.0342517	-0.0339929	125.648	674.935	0	7	4	4	4	0.259585	408	62.2271	0	0	0	0.230469	133.091	0.722556	506.812	1	1	1	1	1	1	1	0
09.08.2015 07:13:09.703000	-0.0250001	-0.0342517	-0.0339929	125.648	674.938	0.00108507	7	4	4	4	0.281201	408	62.2271	0	0	0	0.231771	133.068	0.720908	506.731	1	1	1	1	1	1	1	0
09.08.2015 07:13:09.803000	-0.0250001	-0.0342517	-0.0339929	125.648	674.94	0.00072338	7	4	4	4	0.269608	408	62.2271	0	0	0	0.229456	133.05	0.720913	506.662	1	1	1	1	1	1	1	0
09.08.2015 07:13:09.903000	-0.0250001	-0.0342517	-0.0339929	125.648	674.945	-0.0016276	7	4	4	4	0.268468	408	62.2271	0	0	0	0.231481	133.023	0.725432	506.587	1	1	1	1	1	1	1	0
09.08.2015 07:13:10.003000	-0.0250001	-0.0342517	-0.0339929	125.648	674.948	0	7	4	4	4	0.277582	408	62.2271	0	0	0	0.229919	133.005	0.729759	506.449	1	1	1	1	1	1	1	0
09.08.2015 07:13:10.103000	-0.0250001	-0.0342517	-0.0339929	125.648	674.957	0.000542535	7	4	4	4	0.270087	408	62.2271	0	0	0	0.230216	132.989	0.738792	506.359	1	1	1	1	1	1	1	0
09.08.2015 07:13:10.203000	-0.0250001	-0.0342517	-0.0339929	125.646	674.961	-0.00036169	7	4	4	4	0.289075	408	62.2271	0	0	0	0.228537	132.969	0.751732	506.233	1	1	1	1	1	1	1	0
09.08.2015 07:13:10.303000	-0.0250001	-0.0342517	-0.0339929	125.648	674.961	-0.0016276	7	4	4	4	0.305062	408	62.2271	0	0	0	0.229716	132.951	0.763634	506.114	1	1	1	1	1	1	1	0
09.08.2015 07:13:10.403000	-0.0250001	-0.0342517	-0.0339929	125.648	674.966	-0.00144676	7	4	4	4	0.292175	408	62.2271	0	0	0	0.228906	132.929	0.776757	505.984	1	1	1	1	1	1	1	0
09.08.2015 07:13:10.503000	-0.0250001	-0.0342517	-0.0339929	125.645	674.973	-0.00217014	7	4	4	4	0.288119	408	62.2271	0	0	0	0.227901	132.91	0.785363	505.88	1	1	1	1	1	1	1	0
09.08.2015 07:13:10.603000	-0.0250001	-0.0342517	-0.0339929	125.648	674.99	-0.00289352	7	4	4	4	0.309293	408	62.2271	0	0	0	0.227894	132.889	0.79342	505.766	1	1	1	1	1	1	1	0
09.08.2015 07:13:10.703000	-0.0250001	-0.0342517	-0.0339929	125.645	674.996	-0.00379774	7	4	4	4	0.293855	408	62.2271	0	0	0	0.227337	132.875	0.797388	505.698	1	1	1	1	1	1	1	0
09.08.2015 07:13:10.803000	-0.0250001	-0.0342517	-0.0339929	125.628	674.971	-0.00289352	7	4	4	4	0.289785	408	62.2271	0	0	0	0.228168	132.853	0.799524	505.605	1	1	1	1	1	1	1	0
09.08.2015 07:13:10.903000	-0.0250001	-0.0342517	-0.0339929	125.617	675	-0.00379774	7	4	4	4	0.267703	408	62.2271	0	0	0	0.226114	132.834	0.80166	505.526	1	1	1	1	1	1	1	0
09.08.2015 07:13:11.003000	-0.0250001	-0.0342517	-0.0339929	125.617	674.995	-0.00289352	7	4	4	4	0.275949	408	62.2271	0	0	0	0.227944	132.82	0.803064	505.465	1	1	1	1	1	1	1	0
09.08.2015 07:13:11.103000	-0.0250001	-0.0342517	-0.0339929	125.617	675.023	-0.00434028	7	4	4	4	0.278446	408	62.2271	0	0	0	0.226866	132.796	0.801416	505.382	1	1	1	1	1	1	1	0
09.08.2015 07:13:11.203000	-0.0250001	-0.0342517	-0.0339929	125.622	674.995	-0.00325521	7	4	4	4	0.279059	408	62.2271	0	0	0	0.228125	132.773	0.803919	505.285	1	1	1	1	1	1	1	0
09.08.2015 07:13:11.303000	-0.0250001	-0.0342517	-0.0339929	125.621	674.996	-0.00596788	7	4	4	4	0.285401	408	62.2271	0	0	0	0.226367	132.764	0.807886	505.234	1	1	1	1	1	1	1	0
09.08.2015 07:13:11.403000	-0.0250001	-0.0342517	-0.0339929	125.638	675.042	-0.00506366	7	4	4	4	0.262736	408	62.2271	0	0	0	0.227691	132.746	0.807031	505.166	1	1	1	1	1	1	1	0
09.08.2015 07:13:11.503000	-0.0250001	-0.0342517	-0.0339929	125.633	675.063	-0.000542535	7	4	4	4	0.275377	408	62.2271	0	0	0	0.227459	132.725	0.808008	505.083	1	1	1	1	1	1	1	0
09.08.2015 07:13:11.603000	-0.0250001	-0.0342517	-0.0339929	125.641	675.031	-0.00144676	7	4	4	4	0.270519	408	62.2271	0	0	0	0.227112	132.717	0.80752	505.055	1	1	1	1	1	1	1	0
09.08.2015 07:13:11.703000	-0.0250001	-0.0342517	-0.0339929	125.652	675.027	-0.00217014	7	4	4	4	0.261519	408	62.2271	0	0	0	0.227828	132.69	0.810022	504.942	1	1	1	1	1	1	1	0
09.08.2015 07:13:11.803000	-0.0250001	-0.0342517	-0.0339929	125.661	675.026	-0.00144676	7	4	4	4	0.269639	408	62.2271	0	0	0	0.227611	132.775	0.807581	505.275	1	1	1	1	1	1	1	0
09.08.2015 07:13:11.903000	-0.0250001	-0.0342517	-0.0339929	125.66	675.055	-0.00217014	7	4	4	4	0.26619	408	62.2271	0	0	0	0.229116	132.652	0.804468	504.819	1	1	1	1	1	1	1	0
09.08.2015 07:13:12.003000	-0.0250001	-0.0342517	-0.0339929	125.628	675.052	-0.00180845	7	4	4	4	0.256216	408	62.2271	0	0	0	0.227062	132.628	0.803125	504.732	1	1	1	1	1	1	1	0
09.08.2015 07:13:12.103000	-0.0250001	-0.0342517	-0.0339929	125.625	675.047	-0.0016276	7	4	4	4	0.279528	408	62.2271	0	0	0	0.229695	132.609	0.804041	504.654	1	1	1	1	1	1	1	0
09.08.2015 07:13:12.203000	-0.0250001	-0.0342517	-0.0339929	125.625	675.047	-0.00144676	7	4	4	4	0.302501	408	62.2271	0	0	0	0.228668	132.594	0.804285	504.596	1	1	1	1	1	1	1	0
09.08.2015 07:13:12.303000	-0.0250001	-0.0342517	-0.0339929	125.629	675.027	-0.0016276	7	4	4	4	0.278341	408	62.2271	0	0	0	0.230454	132.571	0.804529	504.509	1	1	1	1	1	1	1	0
09.08.2015 07:13:12.403000	-0.0250001	-0.0342517	-0.0339929	125.641	675.034	-0.00108507	7	4	4	4	0.292001	408	62.2271	0	0	0	0.229036	132.553	0.806726	504.429	1	1	1	1	1	1	1	0
09.08.2015 07:13:12.503000	-0.0250001	-0.0342517	-0.0339929	125.633	675.027	0.000542535	7	4	4	4	0.307771	408	62.2271	0	0	0	0.230085	132.532	0.805933	504.351	1	1	1	1	1	1	1	0
09.08.2015 07:13:12.603000	-0.0250001	-0.0342517	-0.0339929	125.641	675.023	0.00072338	7	4	4	4	0.302208	408	62.2271	0	0	0	0.229854	132.509	0.804956	504.268	1	1	1	1	1	1	1	0
09.08.2015 07:13:12.703000	-0.0250001	-0.0342517	-0.0339929	125.641	675.023	0.000542535	7	4	4	4	0.300462	408	62.2271	0	0	0	0.230085	132.494	0.803858	504.216	1	1	1	1	1	1	1	0
09.08.2015 07:13:12.803000	-0.0250001	-0.0342517	-0.0339929	125.641	675.023	-0.00072338	7	4	4	4	0.289832	408	62.2271	0	0	0	0.231011	132.474	0.805994	504.129	1	1	1	1	1	1	1	0
09.08.2015 07:13:12.903000	-0.0250001	-0.0342517	-0.0339929	125.641	675.023	-0.00108507	7	4	4	4	0.279253	408	62.2271	0	0	0	0.233504	132.46	0.801666	504.094	1	1	1	1	1	1	1	0
