Time	[76:0]	[76:1]	[76:2]	[76:4]	[76:8]	[76:70]	[76:71]	[78:0]	[78:1]	[78:2]	[79:2]	[79:3]	[79:4]	[79:8]	[79:9]	[79:10]	[79:11]	[79:12]	[79:13]	[79:14]	[79.0]	[79.1]	[79.2]	[79.3]	[79.4]	[79.5]	[79.6]	[79.8]
time	Hoogteverstelling - Referentie positie (mm)	Hoogteverstelling - AZ gemeten positie (mm)	Hoogteverstelling - BZ gemeten positie (mm)	Transfert Ingang - Gemeten positie (mm)	Transfert Uitgang - Gemeten positie (mm)	Aardgas - actueel debiet	Stappenschakelaar - gemeten pos	Laspos Ing - positie discreet	Laspos Uitg - positie discreet	Schaafverstelling - positie discreet	Stuikraam - Totale Stroommeting RMS-waarde (A)	Stuikraam - Stroomreferentie (A)	Stuikraam - Positie AZ (mm, pulsgever)	Stuikraam - Referentie Servo-ventiel (%)	Stuikraam - Trim door I-regelaar (%)	Stuikraam - Gemeten snelheid (mm/s, pulsgever)	Secundaire lasspanning	Stuikraam - Druk stuikcilinder voorkamer (=laszijde)  (bar)	Stuikraam - Druk stuikcilinder terugloopkamer  (bar)	Stuikraam - Netto voorwaartse kracht op stuikraam (kN)	Stuikraam - P1	Stuikraam - P2	Stuikraam - P3	Stuikraam - P4	Stuikraam - P5	Stuikraam - P6	Stuikraam - P7	Stuikraam - Openen stuikventielen	

Lasparameter.Ingang - Coil ID	0321462S
Lasparameter.Ingang - Dikte (um)	4480
Lasparameter.Ingang - Breedte (mm)	0984
Lasparameter.Ingang - Materiaal	0001
Lasparameter.Uitgang - Coil ID	0321461S
Lasparameter.Uitgang - Dikte (um)	4490
Lasparameter.Uitgang - Breedte (mm)	0982
Lasparameter.Uitgang - Materiaal	0001
Lasparameter.P2 (mm)	24.0
Lasparameter.P3 (mm)	34.0
Lasparameter.P4 (mm)	42.2
Lasparameter.P5 (mm)	50.8
Lasparameter.P6 (mm)	57.4
Lasparameter.P7 (mm)	62.2
Lasparameter.Vonksnelheid (mm/s)	1.20
Lasparameter.Lassnelheid (mm/s)	0.48
Lasparameter.Stroom Referentie (A)	0338
Lasparameter.Stroomtoename (µA/s2)	49.5
Lasparameter.Stuikstroomtijd (per)	0009
Lasparameter.Afkoeltijd Stuik (per)	0010
Lasparameter.Stuikdruk (bar)	0102
Lasparameter.Stuiksnelheid (%)	90.0

12.08.2015 05:35:34.720000	0.00499988	0.0214234	0.0127311	-0.0078125	0.0546875	0.00108507	5	4	4	4	0.244153	338	0	0	0	0	0.195197	6.91098	124.725	-451.088	1	0	0	0	0	0	0	0
12.08.2015 05:35:34.820000	0.00499988	0.0214234	0.0127311	0	0.0742188	-0.00108507	5	4	4	4	0.232277	338	0	0	0	0	0.196209	3.15409	124.536	-464.746	1	0	0	0	0	0	0	0
12.08.2015 05:35:34.920000	0.00499988	0.0214234	0.0127311	0	0.0729167	0.00144676	5	4	4	4	0.246478	338	0	0	0	0	0.195862	2.8583	124.499	-465.737	1	0	0	0	0	0	0	0
12.08.2015 05:35:35.020000	0.00499988	0.0214234	0.0127311	0	0.0664063	0.00217014	5	4	4	4	0.245497	338	0	0	0	0	0.196123	4.485	124.525	-459.608	1	0	0	0	0	0	0	0
12.08.2015 05:35:35.120000	0.00499988	0.0214234	0.0127311	0.0078125	0.0598958	0.00289352	5	4	4	4	0.242139	338	0	0	0	0	0.195949	4.43489	124.499	-459.702	1	0	0	0	0	0	0	0
12.08.2015 05:35:35.220000	0.00499988	0.0214234	0.0127311	0.00390625	0.0625	0.00434028	5	4	4	4	0.262328	338	0	0	0	0	0.193779	5.66393	124.537	-455.141	1	0	0	0	0	0	0	0
12.08.2015 05:35:35.320000	0.00499988	0.0214234	0.0127311	0.00260417	-0.015625	0.00506366	5	4	4	4	0.269264	338	0	0	0	0	0.197483	3.25272	124.422	-463.932	1	0	0	0	0	0	0	0
12.08.2015 05:35:35.420000	0.00499988	0.0214234	0.0127311	-0.015625	0.164063	0.00542535	5	4	4	4	0.236116	338	0	0	0	0	0.193345	2.48836	124.354	-466.599	1	0	0	0	0	0	0	0
12.08.2015 05:35:35.520000	0.00499988	0.0214234	0.0127311	-0.00520833	0.0729167	0.00651042	5	4	4	4	0.251872	338	0	0	0	0	0.193808	2.71072	124.339	-465.691	1	0	0	0	0	0	0	0
12.08.2015 05:35:35.620000	0.00499988	0.0214234	0.0127311	-0.0078125	0.015625	0.00651042	5	4	4	4	0.245516	338	0	0	0	0	0.191117	3.82336	124.346	-461.458	1	0	0	0	0	0	0	0
12.08.2015 05:35:35.720000	0.00499988	0.0214234	0.0127311	0	0.046875	0.00578704	5	4	4	4	0.247242	338	0	0	0	0	0.192448	4.55654	124.351	-458.668	1	0	0	0	0	0	0	0
12.08.2015 05:35:35.820000	0.00499988	0.0214234	0.0127311	0.00390625	-0.0390625	0.00542535	5	4	4	4	0.254958	338	0	0	0	0	0.189525	5.49413	124.367	-455.141	1	0	0	0	0	0	0	0
12.08.2015 05:35:35.920000	0.00499988	0.0214234	0.0127311	0.0078125	-0.03125	0.00542535	5	4	4	4	0.253663	338	0	0	0	0	0.188542	5.28715	124.357	-455.895	1	0	0	0	0	0	0	0
12.08.2015 05:35:36.020000	0.00499988	0.0214234	0.0127311	0.0078125	-0.0234375	0.00488281	5	4	4	4	0.259579	338	0	0	0	0	0.189959	5.85736	124.34	-453.648	1	0	0	0	0	0	0	0
12.08.2015 05:35:36.120000	0.00499988	0.0214234	0.0127311	0.00520833	-0.0286458	0.00506366	5	4	4	4	0.220319	338	0	0	0	0	0.185851	4.99692	124.309	-456.821	1	0	0	0	0	0	0	0
12.08.2015 05:35:36.220000	0.00499988	0.0214234	0.0127311	0.00390625	-0.0429688	0.00434028	5	4	4	4	0.228388	338	0	0	0	0	0.187211	6.64321	124.354	-450.692	1	0	0	0	0	0	0	0
12.08.2015 05:35:36.320000	0.00499988	0.0214234	0.0127311	0.00520833	-0.0390625	0.00506366	5	4	4	4	0.251378	338	0	0	0	0	0.183854	4.76504	124.259	-457.519	1	0	0	0	0	0	0	0
12.08.2015 05:35:36.420000	0.00499988	0.0214234	0.0127311	0.00390625	0.0859375	0.00488281	5	4	4	4	0.269799	338	0	0	0	0	0.186748	3.93603	124.203	-460.478	1	0	0	0	0	0	0	0
12.08.2015 05:35:36.520000	0.00499988	0.0214234	0.0127311	0.00520833	-0.03125	0.00506366	5	4	4	4	0.256639	338	0	0	0	0	0.181771	3.20896	124.136	-463.004	1	0	0	0	0	0	0	0
12.08.2015 05:35:36.620000	0.00499988	0.0214234	0.0127311	0.0078125	-0.34375	0.00488281	5	4	4	4	0.245924	338	0	0	0	0	0.183594	4.98367	124.159	-456.299	1	0	0	0	0	0	0	0
12.08.2015 05:35:36.720000	0.00499988	0.0214234	0.0127311	0.0130208	-1.78906	0.00325521	5	4	4	4	0.259516	338	0	0	0	0	0.184115	5.17844	124.146	-455.503	1	0	0	0	0	0	0	0
12.08.2015 05:35:36.820000	0.00499988	0.0214234	0.0127311	0.015625	-6.98047	0.00271267	5	4	4	4	0.252408	338	0	0	0	0	0.185475	6.45521	124.189	-450.778	1	0	0	0	0	0	0	0
12.08.2015 05:35:36.920000	0.00499988	0.0214234	0.0127311	0.015625	-22.3542	0.00289352	5	4	4	4	0.258984	338	0	0	0	0	0.184838	5.73461	124.129	-453.308	1	0	0	0	0	0	0	0
12.08.2015 05:35:37.020000	0.00499988	0.0214234	0.0127311	0.0117188	-42.4375	0.00217014	5	4	4	4	0.248453	338	0	0	0	0	0.182986	4.97134	124.092	-456.09	1	0	0	0	0	0	0	0
12.08.2015 05:35:37.120000	0.00499988	0.0214234	0.0127311	0.0104167	-76.2031	0.00397859	5	4	4	4	0.261186	338	0	0	0	0	0.186574	4.15937	124.024	-458.937	1	0	0	0	0	0	0	0
12.08.2015 05:35:37.220000	0.00499988	0.0214234	0.0127311	0.0078125	-104.938	0.00271267	5	4	4	4	0.251025	338	0	0	0	0	0.183796	3.67156	123.978	-460.629	1	0	0	0	0	0	0	0
12.08.2015 05:35:37.320000	0.00499988	0.0214234	0.0127311	0.130208	-137.698	0.00578704	5	4	4	4	0.255102	338	0	0	0	0	0.185937	4.89041	123.988	-456.002	1	0	0	0	0	0	0	0
12.08.2015 05:35:37.420000	0.00499988	0.0214234	0.0127311	0.941406	-182.191	0.00325521	5	4	4	4	0.264316	338	0	0	0	0	0.18342	5.64641	123.989	-453.109	1	0	0	0	0	0	0	0
12.08.2015 05:35:37.520000	0.00499988	0.0214234	0.0127311	9.08073	-229.862	0.00072338	5	4	4	4	0.256047	338	0	0	0	0	0.18724	4.2342	123.931	-458.296	1	0	0	0	0	0	0	0
12.08.2015 05:35:37.620000	0.00499988	0.0214234	0.0127311	24.7031	-269.344	0	5	4	4	4	0.255237	338	0	0	0	0	0.183218	5.55797	123.942	-453.27	1	0	0	0	0	0	0	0
12.08.2015 05:35:37.720000	0.00499988	0.0214234	0.0127311	43.1953	-309.318	0.00108507	5	4	4	4	0.246141	338	0	0	0	0	0.185648	4.96719	123.905	-455.389	1	0	0	0	0	0	0	0
12.08.2015 05:35:37.820000	0.00499988	0.0214234	0.0127311	71.5938	-357.398	0.00108507	5	4	4	4	0.261723	338	0	0	0	0	0.185764	4.46327	123.866	-457.171	1	0	0	0	0	0	0	0
12.08.2015 05:35:37.920000	0.00499988	0.0214234	0.0127311	106.151	-405.438	0.00072338	5	4	4	4	0.256047	338	0	0	0	0	0.185822	5.16074	123.856	-454.462	1	0	0	0	0	0	0	0
12.08.2015 05:35:38.020000	0.00499988	0.0214234	0.0127311	138.93	-445.344	0.00271267	5	4	4	4	0.247084	338	0	0	0	0	0.184491	4.54903	123.819	-456.662	1	0	0	0	0	0	0	0
12.08.2015 05:35:38.120000	0.00499988	0.0214234	0.0127311	177.029	-485.333	0.00217014	5	4	4	4	0.245689	338	0	0	0	0	0.183507	5.19321	123.807	-454.148	1	0	0	0	0	0	0	0
12.08.2015 05:35:38.220000	0.00499988	0.0214234	0.0127311	235.188	-541.398	0.00217014	5	4	4	4	0.258181	338	0	0	0	0	0.187616	4.80282	123.772	-455.508	1	0	0	0	0	0	0	0
12.08.2015 05:35:38.320000	0.00499988	0.0214234	0.0127311	277.492	-576.182	0.00325521	5	4	4	4	0.256892	338	0	0	0	0	0.184201	4.19166	123.734	-457.706	1	0	0	0	0	0	0	0
12.08.2015 05:35:38.420000	0.00499988	0.0214234	0.0127311	319.777	-603.992	0.00271267	5	4	4	4	0.273373	338	0	0	0	0	0.186719	4.67885	123.718	-455.777	1	0	0	0	0	0	0	0
12.08.2015 05:35:38.520000	0.00499988	0.0214234	0.0127311	367.714	-627.599	0.00289352	5	4	4	4	0.267194	338	0	0	0	0	0.183941	4.59011	123.692	-456.019	1	0	0	0	0	0	0	0
12.08.2015 05:35:38.620000	0.00499988	0.0214234	0.0127311	421.027	-648.043	0.00217014	5	4	4	4	0.278509	338	0	0	0	0	0.188339	4.49281	123.665	-456.286	1	0	0	0	0	0	0	0
12.08.2015 05:35:38.720000	0.00499988	0.0214234	0.0127311	459.513	-658.701	0.00253183	5	4	4	4	0.247334	338	0	0	0	0	0.184346	4.0727	123.627	-457.75	1	0	0	0	0	0	0	0
12.08.2015 05:35:38.820000	0.00499988	0.0214234	0.0127311	487.656	-665.227	0.00108507	5	4	4	4	0.263246	338	0	0	0	0	0.187008	4.15772	123.604	-457.335	1	0	0	0	0	0	0	0
12.08.2015 05:35:38.920000	0.00499988	0.0214234	0.0127311	507.096	-667.536	0.00036169	5	4	4	4	0.260725	338	0	0	0	0	0.186777	4.62532	123.59	-455.492	1	0	0	0	0	0	0	0
12.08.2015 05:35:39.020000	0.00499988	0.0214234	0.0127311	523.852	-668.867	0.00108507	5	4	4	4	0.254125	338	0	0	0	0	0.18831	4.56325	123.563	-455.628	1	0	0	0	0	0	0	0
12.08.2015 05:35:39.120000	0.00499988	0.0214234	0.0127311	539.927	-669.609	0.00072338	5	4	4	4	0.26835	338	0	0	0	0	0.186748	4.41652	123.539	-456.098	1	0	0	0	0	0	0	0
12.08.2015 05:35:39.220000	0.00499988	0.0214234	0.0127311	555.316	-669.699	0	5	4	4	4	0.280392	338	0	0	0	0	0.185909	5.20634	123.538	-453.067	1	0	0	0	0	0	0	0
12.08.2015 05:35:39.320000	0.00499988	0.0214234	0.0127311	574.995	-669.703	0.00108507	5	4	4	4	0.26462	338	0	0	0	0	0.189207	5.03012	123.512	-453.642	1	0	0	0	0	0	0	0
12.08.2015 05:35:39.420000	0.00499988	0.0214234	0.0127311	592.406	-669.711	0	5	4	4	4	0.258877	338	0	0	0	0	0.186748	4.15699	123.466	-456.81	1	0	0	0	0	0	0	0
12.08.2015 05:35:39.520000	0.00499988	0.0214234	0.0127311	606.701	-669.714	0.00072338	5	4	4	4	0.257438	338	0	0	0	0	0.189005	4.54695	123.448	-455.247	1	0	0	0	0	0	0	0
12.08.2015 05:35:39.620000	0.00499988	0.0214234	0.0127311	621.449	-669.719	0.000542535	5	4	4	4	0.257441	338	0	0	0	0	0.186053	4.78103	123.43	-454.285	1	0	0	0	0	0	0	0
12.08.2015 05:35:39.720000	0.00499988	0.0214234	0.0127311	641.375	-669.719	0.00036169	5	4	4	4	0.234798	338	0	0	0	0	0.190162	4.41377	123.4	-455.573	1	0	0	0	0	0	0	0
12.08.2015 05:35:39.820000	0.00499988	0.0214234	0.0127311	654.672	-669.719	0.000542535	5	4	4	4	0.239864	338	0	0	0	0	0.185793	4.48909	123.378	-455.201	1	0	0	0	0	0	0	0
12.08.2015 05:35:39.920000	0.00499988	0.0214234	0.0127311	667.427	-669.719	0.00072338	5	4	4	4	0.23427	338	0	0	0	0	0.188339	4.75063	123.385	-454.229	1	0	0	0	0	0	0	0
12.08.2015 05:35:40.020000	0.00499988	0.0214234	0.0127311	681.453	-669.719	0.000542535	5	4	4	4	0.25614	338	0	0	0	0	0.187413	4.58559	123.517	-455.363	1	0	0	0	0	0	0	0
12.08.2015 05:35:40.120000	0.00499988	0.0214234	0.0127311	693.922	-669.724	0.00036169	5	4	4	4	0.261911	338	0	0	0	0	0.188223	4.46297	123.669	-456.416	1	0	0	0	0	0	0	0
12.08.2015 05:35:40.220000	0.00499988	0.0214234	0.0127311	702.383	-669.727	0.00108507	5	4	4	4	0.259367	338	0	0	0	0	0.187095	4.54091	123.876	-456.911	1	0	0	0	0	0	0	0
12.08.2015 05:35:40.320000	0.00499988	0.0214234	0.0127311	707.831	-669.727	0.00108507	5	4	4	4	0.263907	338	0	0	0	0	0.18588	4.52388	124.691	-460.096	1	0	0	0	0	0	0	0
12.08.2015 05:35:40.420000	0.00499988	0.0214234	0.0127311	710.363	-669.734	0	5	4	4	4	0.253515	338	0	0	0	0	0.18912	4.49275	125.561	-463.547	1	0	0	0	0	0	0	0
12.08.2015 05:35:40.520000	0.00499988	0.0214234	0.0127311	711.005	-669.734	0.00144676	5	4	4	4	0.271693	338	0	0	0	0	0.185648	4.5276	125.535	-463.313	1	0	0	0	0	0	0	0
12.08.2015 05:35:40.620000	0.00499988	0.0214234	0.0127311	711.086	-669.734	0.00108507	5	4	4	4	0.259449	338	0	0	0	0	0.187297	4.21357	125.767	-465.405	1	0	0	0	0	0	0	0
12.08.2015 05:35:40.720000	0.00499988	0.0214234	0.0127311	711.089	-669.724	0.00072338	5	4	4	4	0.257609	338	0	0	0	0	0.184809	4.01306	126.214	-467.884	1	0	0	0	0	0	0	0
12.08.2015 05:35:40.820000	0.00499988	0.0214234	0.0127311	711.094	-669.723	0.00108507	5	4	4	4	0.248127	338	0	0	0	0	0.189034	5.46458	126.424	-463.128	1	0	0	0	0	0	0	0
12.08.2015 05:35:40.920000	0.00499988	0.0214234	0.0127311	711.091	-669.719	0.00036169	5	4	4	4	0.233687	338	0	0	0	0	0.184578	4.50752	126.665	-467.715	1	0	0	0	0	0	0	0
12.08.2015 05:35:41.020000	0.00499988	0.0214234	0.0127311	711.094	-669.723	0.00325521	5	4	4	4	0.249974	338	0	0	0	0	0.186487	4.22059	126.91	-469.753	1	0	0	0	0	0	0	0
12.08.2015 05:35:41.120000	0.00499988	0.0214234	0.0127311	711.094	-669.719	0.00289352	5	4	4	4	0.254417	338	0	0	0	0	0.186024	4.67629	127.095	-468.717	1	0	0	0	0	0	0	0
12.08.2015 05:35:41.220000	0.00499988	0.0214234	0.0127311	711.094	-669.727	0.00325521	5	4	4	4	0.255038	338	0	0	0	0	0.186574	4.43153	127.306	-470.462	1	0	0	0	0	0	0	0
12.08.2015 05:35:41.320000	0.00499988	0.0214234	0.0127311	711.094	-669.727	0.00470197	5	4	4	4	0.256548	338	0	0	0	0	0.185764	4.36171	127.554	-471.678	1	0	0	0	0	0	0	0
12.08.2015 05:35:41.420000	0.00499988	0.0214234	0.0127311	711.094	-669.727	0.00488281	5	4	4	4	0.229849	338	0	0	0	0	0.183796	4.53468	127.656	-471.406	1	0	0	0	0	0	0	0
12.08.2015 05:35:41.520000	0.00499988	0.0214234	0.0127311	711.094	-669.729	0.00397859	5	4	4	4	0.229178	338	0	0	0	0	0.187789	4.66164	127.721	-471.169	1	0	0	0	0	0	0	0
12.08.2015 05:35:41.620000	0.00499988	0.0214234	0.0127311	711.094	-669.727	0.00325521	5	4	4	4	0.248829	338	0	0	0	0	0.183565	4.44197	128.318	-474.298	1	0	0	0	0	0	0	0
12.08.2015 05:35:41.720000	0.00499988	0.0214234	0.0127311	711.094	-669.727	0.00253183	5	4	4	4	0.238878	338	0	0	0	0	0.185706	4.4897	128.443	-474.591	1	0	0	0	0	0	0	0
12.08.2015 05:35:41.820000	0.00499988	0.0214234	0.0127311	711.094	-669.727	0.000542535	5	4	4	4	0.255491	338	0	0	0	0	0.183073	4.53633	128.456	-474.463	1	0	0	0	0	0	0	0
12.08.2015 05:35:41.920000	0.00499988	0.0214234	0.0127311	711.094	-669.729	0.00108507	5	4	4	4	0.245345	338	0	0	0	0	0.187471	4.50887	128.503	-474.75	1	0	0	0	0	0	0	0
12.08.2015 05:35:42.020000	0.00499988	0.0214234	0.0127311	711.094	-669.727	0.000542535	5	4	4	4	0.241126	338	0	0	0	0	0.182812	4.47359	128.627	-475.359	1	0	0	0	0	0	0	0
12.08.2015 05:35:42.120000	0.00499988	0.0214234	0.0127311	711.096	-669.734	0.00072338	5	4	4	4	0.247383	338	0	0	0	0	0.18287	3.79595	128.919	-479.072	1	0	0	0	0	0	0	0
12.08.2015 05:35:42.220000	0.00499988	0.0214234	0.0127311	711.105	-669.734	0.0016276	5	4	4	4	0.26803	338	0	0	0	0	0.182494	4.36543	127.014	-469.599	1	0	0	0	0	0	0	0
12.08.2015 05:35:42.320000	0.00499988	0.0214234	0.0127311	711.109	-669.734	0.00289352	5	4	4	4	0.257339	338	0	0	0	0	0.181626	4.85018	129.382	-476.809	1	0	0	0	0	0	0	0
12.08.2015 05:35:42.420000	0.00499988	0.0214234	0.0127311	711.117	-669.734	0.00271267	5	4	4	4	0.2609	338	0	0	0	0	0.180758	6.02319	129.645	-473.324	1	0	0	0	0	0	0	0
12.08.2015 05:35:42.520000	0.00499988	0.0214234	0.0127311	711.109	-669.729	0.00434028	5	4	4	4	0.248685	338	0	0	0	0	0.179196	4.37593	129.118	-477.613	1	0	0	0	0	0	0	0
12.08.2015 05:35:42.620000	0.00499988	0.0214234	0.0127311	711.113	-669.734	0.00488281	5	4	4	4	0.260874	338	0	0	0	0	0.181481	4.77718	128.535	-473.843	1	0	0	0	0	0	0	0
12.08.2015 05:35:42.720000	0.00499988	0.0214234	0.0127311	711.112	-669.734	0.00470197	5	4	4	4	0.281699	338	0	0	0	0	0.17691	5.34568	128.412	-471.194	1	0	0	0	0	0	0	0
12.08.2015 05:35:42.820000	0.00499988	0.0214234	0.0127311	711.109	-669.734	0.00488281	5	4	4	4	0.275972	338	0	0	0	0	0.179282	4.70046	128.378	-473.537	1	0	0	0	0	0	0	0
12.08.2015 05:35:42.920000	0.00499988	0.0214234	0.0127311	711.109	-669.734	0.00470197	5	4	4	4	0.260101	338	0	0	0	0	0.174769	4.83663	128.166	-472.204	1	0	0	0	0	0	0	0
12.08.2015 05:35:43.020000	0.00499988	0.0214234	0.0127311	711.109	-669.734	0.00271267	5	4	4	4	0.269134	338	0	0	0	0	0.178733	5.05246	128.376	-472.18	1	0	0	0	0	0	0	0
12.08.2015 05:35:43.120000	0.00499988	0.0214234	0.0127311	711.112	-669.734	0.00506366	5	4	4	4	0.231109	338	0	0	0	0	0.174277	5.07096	128.386	-472.15	1	0	0	0	0	0	0	0
12.08.2015 05:35:43.220000	0.00499988	0.0214234	0.0127311	711.109	-669.734	0.00271267	5	4	4	4	0.254775	338	0	0	0	0	0.175376	4.87533	128.146	-471.979	1	0	0	0	0	0	0	0
12.08.2015 05:35:43.320000	0.00499988	0.0214234	0.0127311	711.112	-669.734	0.00325521	5	4	4	4	0.245896	338	0	0	0	0	0.17526	4.84939	127.949	-471.323	1	0	0	0	0	0	0	0
12.08.2015 05:35:43.420000	0.00499988	0.0214234	0.0127311	711.109	-669.734	0.00271267	5	4	4	4	0.240341	338	0	0	0	0	0.173235	4.40962	127.353	-470.727	1	0	0	0	0	0	0	0
12.08.2015 05:35:43.520000	0.00499988	0.0214234	0.0127311	711.107	-669.734	0.00253183	5	4	4	4	0.229479	338	0	0	0	0	0.173524	16.8399	116.562	-381.818	1	0	0	0	0	0	0	0
12.08.2015 05:35:43.620000	0.00499988	0.0214234	0.0127311	710.988	-669.734	0.00271267	5	4	4	4	0.237354	338	0.575016	0	0	12.0075	0.172135	107.035	90.9848	61.4548	1	0	0	0	0	0	0	0
12.08.2015 05:35:43.720000	0.00499988	0.0214234	0.0127311	706.654	-669.732	0.00253183	5	4	4	4	0.259577	338	3.53466	0	0	34.972	0.174277	109.96	84.0547	99.1877	1	0	0	0	0	0	0	0
12.08.2015 05:35:43.820000	0.00499988	0.0214234	0.0127311	690.496	-669.727	0.00325521	5	4	4	4	0.253659	338	6.9564	0	0	35.0571	0.16901	110.336	83.5892	102.41	1	0	0	0	0	0	0	0
12.08.2015 05:35:43.920000	0.00499988	0.0214234	0.0127311	675.076	-669.732	0.00289352	5	4	4	4	0.238209	338	10.4811	0	0	35.091	0.172598	113.482	87.3111	100.203	1	0	0	0	0	0	0	0
12.08.2015 05:35:44.020000	0.00499988	0.0214234	0.0127311	654.824	-669.734	0.00217014	5	4	4	4	0.237708	338	14.0222	0	0	35.4583	0.168605	117.195	91.4172	98.6995	1	0	0	0	0	0	0	0
12.08.2015 05:35:44.120000	0.00499988	0.0214234	0.0127311	621.487	-669.734	0.00289352	5	4	4	4	0.241342	338	17.537	0	0	35.0023	0.17202	119.571	93.8176	98.6044	1	0	0	0	0	0	0	0
12.08.2015 05:35:44.220000	0.00499988	0.0214234	0.0127311	588.355	-669.738	0.00488281	5	4	4	4	0.248598	338	21.0209	0	0	34.775	0.167506	120.04	94.4294	98.0566	1	0	0	0	0	0	0	0
12.08.2015 05:35:44.320000	0.00499988	0.0214234	0.0127311	554.846	-669.734	0.00434028	5	4	4	4	0.266756	338	24.5282	16.5	0	37.3401	0.169647	118.97	91.4406	105.406	1	0.64	0	0	0	0	0	0
12.08.2015 05:35:44.420000	0.00499988	0.0214234	0.0127311	517.359	-669.734	0.00488281	5	4	4	4	0.278242	338	29.1729	50	0	49.8863	0.16956	106.17	82.9952	88.7311	1	1	0	0	0	0	0	0
12.08.2015 05:35:44.520000	0.00499988	0.0214234	0.0127311	461.781	-669.745	0.00506366	5	4	4	4	0.238814	338	32.3083	47.917	0	19.3036	0.167303	91.4956	69.3877	84.6437	1	1	0	0	0	0	0	0
12.08.2015 05:35:44.620000	0.00499988	0.0214234	0.0127311	423.078	-669.754	0.00488281	5	4	4	4	0.223433	338	33.5265	38.5452	0	10.7696	0.168837	64.7387	40.4115	93.1491	1	1	0	0	0	0	0	0
12.08.2015 05:35:44.720000	0.00499988	0.0214234	0.0127311	387.372	-669.771	0.00542535	5	4	4	4	70.9564	338	34.3562	21.1718	0	8.01817	0.708048	54.0063	30.0224	91.8204	1	1	1	0	0	0	0	0
12.08.2015 05:35:44.820000	0.00499988	0.0214234	0.0127311	347.293	-669.77	0.00434028	5	4	4	4	108.934	338	34.68	5.51228	0	5.02697	6.62362	52.4843	25.3223	103.838	1	1	1	0	0	0	0	0
12.08.2015 05:35:44.920000	0.00499988	0.0214234	0.0127311	309.081	-669.766	0.00578704	5	4	4	4	103.925	338	34.8387	5.28865	0	2.48625	10.0321	48.6101	23.2931	96.9337	1	1	1	0	0	0	0	0
12.08.2015 05:35:45.020000	0.00499988	0.0214234	0.0127311	279.551	-669.766	0.00542535	5	4	4	4	102.022	338	34.9959	5.28865	0	1.72838	11.0176	46.244	21.5637	94.496	1	1	1	0	0	0	0	0
12.08.2015 05:35:45.120000	0.00499988	0.0214234	0.0127311	253.88	-669.773	0.00614873	5	4	4	4	101.381	338	35.1372	5.28865	0	1.57646	11.3776	46.3707	20.3303	99.7033	1	1	1	0	0	0	0	0
12.08.2015 05:35:45.220000	0.00499988	0.0214234	0.0127311	230.48	-669.773	0.00813802	5	4	4	4	99.5292	338	35.2715	5.28865	0	1.42934	11.4601	46.0581	19.4366	101.344	1	1	1	0	0	0	0	0
12.08.2015 05:35:45.320000	0.00499988	0.0214234	0.0127311	213.674	-669.773	0.00434028	5	4	4	4	96.6323	338	35.4073	5.28865	0	1.40401	11.4983	43.4631	18.7772	94.517	1	1	1	0	0	0	0	0
12.08.2015 05:35:45.420000	0.00499988	0.0214234	0.0127311	195.145	-669.773	0.00325521	5	4	4	4	93.9181	338	35.5341	5.28865	0	1.30874	11.5315	43.9207	18.2657	98.2277	1	1	1	0	0	0	0	0
12.08.2015 05:35:45.520000	0.00499988	0.0214234	0.0127311	176.466	-669.773	0.00289352	5	4	4	4	92.1866	338	35.6609	5.28865	0	1.30316	11.5761	43.4425	17.8721	97.9038	1	1	1	0	0	0	0	0
12.08.2015 05:35:45.620000	0.00499988	0.0214234	0.0127311	155.223	-669.777	0.0016276	5	4	4	4	90.5886	338	35.7803	5.28865	0	1.28881	11.599	42.9756	17.5962	97.1726	1	1	1	0	0	0	0	0
12.08.2015 05:35:45.720000	0.00499988	0.0214234	0.0127311	141.992	-669.784	0.00253183	5	4	4	4	89.9155	338	35.9062	5.28865	0	1.27093	11.614	42.6088	17.3931	96.5458	1	1	1	0	0	0	0	0
12.08.2015 05:35:45.820000	0.00499988	0.0214234	0.0127311	133.941	-669.789	0.00325521	5	4	4	4	89.3848	338	36.0246	5.28865	0	1.19941	11.6295	42.5457	17.255	96.833	1	1	1	0	0	0	0	0
12.08.2015 05:35:45.920000	0.00499988	0.0214234	0.0127311	128.448	-669.789	0.00289352	5	4	4	4	89.0233	338	36.1484	5.28865	0	1.20092	11.6396	42.4198	17.1427	96.7811	1	1	1	0	0	0	0	0
12.08.2015 05:35:46.020000	0.00499988	0.0214234	0.0127311	123.684	-669.789	0.00325521	5	4	4	4	89.2733	338	36.2678	5.28865	0	1.20946	11.6543	42.2799	17.1553	96.1971	1	1	1	0	0	0	0	0
12.08.2015 05:35:46.120000	0.00499988	0.0214234	0.0127311	122.958	-669.789	0.00289352	5	4	4	4	88.6952	338	36.3872	5.28865	0	1.20984	11.6589	42.3517	17.0619	96.8297	1	1	1	0	0	0	0	0
12.08.2015 05:35:46.220000	0.00499988	0.0214234	0.0127311	125.406	-669.797	0.00325521	5	4	4	4	87.9752	338	36.5081	5.28865	0	1.2132	11.661	42.0085	16.9519	95.9368	1	1	1	0	0	0	0	0
12.08.2015 05:35:46.320000	0.00499988	0.0214234	0.0127311	125.458	-669.802	0.00289352	5	4	4	4	87.0382	338	36.6245	5.28865	0	1.21285	11.6672	41.8863	16.9336	95.539	1	1	1	0	0	0	0	0
12.08.2015 05:35:46.420000	0.00499988	0.0214234	0.0127311	125.504	-669.805	0.00108507	5	4	4	4	87.0773	338	36.7458	5.28865	0	1.20141	11.687	42.1	16.8908	96.521	1	1	1	0	0	0	0	0
12.08.2015 05:35:46.520000	0.00499988	0.0214234	0.0127311	125.516	-669.805	0	5	4	4	4	86.3123	338	36.8642	5.28865	0	1.20141	11.6948	41.8035	16.8685	95.471	1	1	1	0	0	0	0	0
12.08.2015 05:35:46.620000	0.00499988	0.0214234	0.0127311	125.516	-669.805	0.000542535	5	4	4	4	86.1251	338	36.9836	5.28865	0	1.18053	11.7065	42.079	16.8628	96.5476	1	1	1	0	0	0	0	0
12.08.2015 05:35:46.720000	0.00499988	0.0214234	0.0127311	125.516	-669.813	0.00108507	5	4	4	4	85.9817	338	37.105	5.28865	0	1.17871	11.7056	41.7779	16.8711	95.3633	1	1	1	0	0	0	0	0
12.08.2015 05:35:46.820000	0.00499988	0.0214234	0.0127311	125.516	-669.813	0	5	4	4	4	85.6633	338	37.2199	5.28865	0	1.18808	11.7171	41.5511	16.8779	94.4689	1	1	1	0	0	0	0	0
12.08.2015 05:35:46.920000	0.00499988	0.0214234	0.0127311	125.516	-669.82	0.00108507	5	4	4	4	85.7	338	37.3432	5.28865	0	1.19	11.7297	42.6867	16.8897	98.7718	1	1	1	0	0	0	0	0
12.08.2015 05:35:47.020000	0.00499988	0.0214234	0.0127311	125.516	-669.82	0.000542535	5	4	4	4	85.5862	338	37.4611	5.28865	0	1.19879	11.7292	42.5308	16.8961	98.1504	1	1	1	0	0	0	0	0
12.08.2015 05:35:47.120000	0.00499988	0.0214234	0.0127311	125.516	-669.82	0.00144676	5	4	4	4	85.2674	338	37.5805	5.28865	0	1.20157	11.7297	41.9335	16.9082	95.8171	1	1	1	0	0	0	0	0
12.08.2015 05:35:47.220000	0.00499988	0.0214234	0.0127311	125.516	-669.82	0	5	4	4	4	84.98	338	37.7019	5.28865	0	1.19758	11.731	41.8675	16.9054	95.5748	1	1	1	0	0	0	0	0
12.08.2015 05:35:47.320000	0.00499988	0.0214234	0.0127311	125.516	-669.82	0.00072338	5	4	4	4	84.9896	338	37.8183	5.28865	0	1.1957	11.7401	42.035	16.9131	96.187	1	1	1	0	0	0	0	0
12.08.2015 05:35:47.420000	0.00499988	0.0214234	0.0127311	125.516	-669.828	0.00108507	5	4	4	4	85.2471	338	37.9411	5.28865	0	1.18912	11.7486	42.0761	16.8985	96.3997	1	1	1	0	0	0	0	0
12.08.2015 05:35:47.520000	0.00499988	0.0214234	0.0127311	125.516	-669.828	0.00072338	5	4	4	4	85.4584	338	38.058	5.28865	0	1.18435	11.7478	41.9038	16.9074	95.7063	1	1	1	0	0	0	0	0
12.08.2015 05:35:47.620000	0.00499988	0.0214234	0.0127311	125.516	-669.828	0.000542535	5	4	4	4	85.1036	338	38.1789	5.28865	0	1.19001	11.7494	42.2648	16.9104	97.0767	1	1	1	0	0	0	0	0
12.08.2015 05:35:47.720000	0.00499988	0.0214234	0.0127311	125.516	-669.828	0.00144676	5	4	4	4	85.159	338	38.2973	5.28865	0	1.19566	11.7565	42.0123	16.9181	96.0807	1	1	1	0	0	0	0	0
12.08.2015 05:35:47.820000	0.00499988	0.0214234	0.0127311	125.52	-669.828	0.00217014	5	4	4	4	85.1394	338	38.4112	5.28865	0	1.19324	11.759	42.3831	16.9202	97.4923	1	1	1	0	0	0	0	0
12.08.2015 05:35:47.920000	0.00499988	0.0214234	0.0127311	125.516	-669.833	0.00072338	5	4	4	4	84.5565	338	38.5335	5.28865	0	1.18976	11.7604	42.2841	16.9106	97.1499	1	1	1	0	0	0	0	0
12.08.2015 05:35:48.020000	0.00499988	0.0214234	0.0127311	125.516	-669.84	0.000542535	5	4	4	4	84.2266	338	38.6514	5.28865	0	1.18989	11.7713	42.2085	16.9113	96.8578	1	1	1	0	0	0	0	0
12.08.2015 05:35:48.120000	0.00499988	0.0214234	0.0127311	125.518	-669.841	0.00036169	5	4	4	4	84.5001	338	38.7718	5.28865	0	1.19016	11.7746	42.1751	16.9145	96.718	1	1	1	0	0	0	0	0
12.08.2015 05:35:48.220000	0.00499988	0.0214234	0.0127311	125.516	-669.844	0.00108507	5	4	4	4	84.3266	338	38.8957	5.28865	0	1.19462	11.7711	41.7858	16.9189	95.2104	1	1	1	0	0	0	0	0
12.08.2015 05:35:48.320000	0.00499988	0.0214234	0.0127311	125.516	-669.844	0.00036169	5	4	4	4	84.1834	338	39.0136	5.28865	0	1.2073	11.7773	41.9	16.9252	95.6234	1	1	1	0	0	0	0	0
12.08.2015 05:35:48.420000	0.00499988	0.0214234	0.0127311	125.52	-669.844	0.000542535	5	4	4	4	97.299	338	39.1369	5.28865	0	1.20619	11.7669	42.4425	16.9419	97.6367	1	1	1	0	0	0	0	0
12.08.2015 05:35:48.520000	0.00499988	0.0214234	0.0127311	125.518	-669.844	0.00036169	5	4	4	4	140.433	338	39.2553	5.28865	0	1.20145	11.6665	42.4883	16.9271	97.8687	1	1	1	0	0	0	0	0
12.08.2015 05:35:48.620000	0.00499988	0.0214234	0.0127311	125.516	-669.844	0.000542535	5	4	4	4	141.773	338	39.3782	5.28865	0	1.2031	11.4763	42.4931	16.9563	97.7755	1	1	1	0	0	0	0	0
12.08.2015 05:35:48.720000	0.00499988	0.0214234	0.0127311	125.521	-669.844	0.00036169	5	4	4	4	213.542	338	39.4975	5.28865	0	1.21324	11.3761	42.3229	16.966	97.0866	1	1	1	0	0	0	0	0
12.08.2015 05:35:48.820000	0.00499988	0.0214234	0.0127311	125.516	-669.844	0.00108507	5	4	4	4	247.731	338	39.6159	5.28865	0	1.21218	11.2278	42.9533	16.9798	99.4474	1	1	1	0	0	0	0	0
12.08.2015 05:35:48.920000	0.00499988	0.0214234	0.0127311	125.523	-669.844	0.00072338	5	4	4	4	234.735	338	39.7358	5.28865	0	1.19563	11.0599	42.5057	16.9854	97.7119	1	1	1	0	0	0	0	0
12.08.2015 05:35:49.020000	0.00499988	0.0214234	0.0127311	125.516	-669.844	0.00108507	5	4	4	4	378.687	338	39.8522	5.28865	0	1.19563	10.9806	43.1119	16.9777	100.063	1	1	1	0	0	0	0	0
12.08.2015 05:35:49.120000	0.00499988	0.0214234	0.0127311	125.523	-669.844	0.00289352	5	4	4	4	319.248	338	39.9736	5.28865	0	1.17965	10.9591	41.7525	16.9866	94.8237	1	1	1	0	0	0	0	0
12.08.2015 05:35:49.220000	0.00499988	0.0214234	0.0127311	125.52	-669.844	0.00596788	5	4	4	4	477.624	338	40.0925	5.28865	0	1.17881	10.9672	42.0751	16.9861	96.0609	1	1	1	0	0	0	0	0
12.08.2015 05:35:49.320000	0.00499988	0.0214234	0.0127311	125.521	-669.844	0.00253183	5	4	4	4	464.194	338	40.2138	5.28865	0	1.19875	10.8929	42.1669	16.9937	96.3831	1	1	1	0	0	0	0	0
12.08.2015 05:35:49.420000	0.00499988	0.0214234	0.0127311	125.52	-669.848	0.0016276	5	4	4	4	476.97	338	40.3347	5.28865	0	1.20147	10.893	41.7764	17.0014	94.8585	1	1	1	0	0	0	0	0
12.08.2015 05:35:49.520000	0.00499988	0.0214234	0.0127311	125.521	-669.849	0.00072338	5	4	4	4	631.341	338	40.4541	5.28865	0	1.21631	10.8568	42.3756	16.9981	97.1651	1	1	1	0	0	0	0	0
12.08.2015 05:35:49.620000	0.00499988	0.0214234	0.0127311	125.52	-669.852	0.000542535	5	4	4	4	591.038	338	40.5789	5.28865	0	1.21914	10.8368	42.1647	17.0152	96.2924	1	1	1	0	0	0	0	0
12.08.2015 05:35:49.720000	0.00499988	0.0214234	0.0127311	125.521	-669.852	0.00036169	5	4	4	4	534.081	338	40.6963	5.28865	0	1.20989	10.8556	42.5524	17.0187	97.7633	1	1	1	0	0	0	0	0
12.08.2015 05:35:49.820000	0.00499988	0.0214234	0.0127311	125.523	-669.852	0.00108507	5	4	4	4	558.172	338	40.8202	5.28865	0	1.20728	10.8774	41.9557	17.0165	95.4874	1	1	1	0	0	0	0	0
12.08.2015 05:35:49.920000	0.00499988	0.0214234	0.0127311	125.523	-669.854	0.00072338	5	4	4	4	701.421	338	40.9386	5.28865	0	1.20735	10.8761	42.0809	17.0102	95.991	1	1	1	0	0	0	0	0
12.08.2015 05:35:50.020000	0.00499988	0.0214234	0.0127311	125.523	-669.859	0.00108507	5	4	4	4	876.886	338	41.0594	5.28865	0	1.20738	10.7219	43.2483	17.012	100.454	1	1	1	0	0	0	0	0
12.08.2015 05:35:50.120000	0.00499988	0.0214234	0.0127311	125.521	-669.859	0.00325521	5	4	4	4	518.482	338	41.1813	5.28865	0	1.20359	10.7815	41.7048	17.0356	94.4535	1	1	1	0	0	0	0	0
12.08.2015 05:35:50.220000	0.00499988	0.0214234	0.0127311	125.523	-669.859	0.00271267	5	4	4	4	605.95	338	41.2992	5.28865	0	1.20155	10.9289	42.1446	17.0369	96.1324	1	1	1	0	0	0	0	0
12.08.2015 05:35:50.320000	0.00499988	0.0214234	0.0127311	125.521	-669.859	0.00434028	5	4	4	4	745.95	338	41.425	5.28865	0	1.21211	10.905	41.6955	17.0501	94.3621	1	1	1	0	0	0	0	0
12.08.2015 05:35:50.420000	0.00499988	0.0214234	0.0127311	125.523	-669.859	0.00596788	5	4	4	4	618.928	338	41.5394	5.28865	0	1.21887	10.9352	42.3129	17.0991	96.5388	1	1	1	0	0	0	0	0
12.08.2015 05:35:50.520000	0.00499988	0.0214234	0.0127311	125.523	-669.859	0.00578704	5	4	4	4	384.492	338	41.6623	5.28865	0	1.2067	11.0201	42.4074	17.1236	96.8064	1	1	1	0	0	0	0	0
12.08.2015 05:35:50.620000	0.00499988	0.0214234	0.0127311	125.523	-669.859	0.00651042	5	4	4	4	805.951	338	41.7822	5.28865	0	1.19591	10.9808	42.3051	17.109	96.4708	1	1	1	0	0	0	0	0
12.08.2015 05:35:50.720000	0.00499988	0.0214234	0.0127311	125.523	-669.859	0.00651042	5	4	4	4	525.899	338	41.906	5.28865	0	1.20124	10.9822	42.3888	17.1335	96.6974	1	1	1	0	0	0	0	0
12.08.2015 05:35:50.820000	0.00499988	0.0214234	0.0127311	125.523	-669.859	0.00651042	5	4	4	4	486.443	338	42.0299	5.28865	0	1.20726	11.0816	43.4445	17.1301	100.753	1	1	1	0	0	0	0	0
12.08.2015 05:35:50.920000	0.00499988	0.0214234	0.0127311	125.521	-669.859	0.00542535	5	4	4	4	350.635	338	42.1478	3.71576	0	1.22114	11.0916	41.2143	17.266	91.693	1	1	1	0.46	0	0	0	0
12.08.2015 05:35:51.020000	0.00499988	0.0214234	0.0127311	125.52	-669.859	0.00651042	5	4	4	4	73.5999	338	42.2045	2.21928	0.349957	1.23743	9.73513	42.4041	17.3306	96.0013	1	1	1	1	0	0	0	0
12.08.2015 05:35:51.120000	0.00499988	0.0214234	0.0127311	125.523	-669.859	0.00831887	5	4	4	4	211.821	338	42.2647	2.84191	0.972589	1.23743	8.01899	42.7277	17.6105	96.1688	1	1	1	1	0	0	0	0
12.08.2015 05:35:51.220000	0.00499988	0.0214234	0.0127311	125.523	-669.859	0.00759549	5	4	4	4	343.062	338	42.3423	2.95835	1.08903	1.23743	7.24059	43.0352	17.8245	96.5268	1	1	1	1	0	0	0	0
12.08.2015 05:35:51.320000	0.00499988	0.0214234	0.0127311	125.523	-669.859	0.00940394	5	4	4	4	393.062	338	42.4094	2.83737	0.968044	0.88652	6.84525	43.2431	18.0009	96.6474	1	1	1	1	0	0	0	0
12.08.2015 05:35:51.420000	0.00499988	0.0214234	0.0127311	125.523	-669.859	0.00813802	5	4	4	4	401.753	338	42.4771	2.66612	0.796795	0.642668	6.64677	43.4904	18.1586	96.9905	1	1	1	1	0	0	0	0
12.08.2015 05:35:51.520000	0.00499988	0.0214234	0.0127311	125.523	-669.859	0.00687211	5	4	4	4	403.571	338	42.5437	2.42585	0.556528	0.642668	6.60459	43.8291	18.3111	97.7033	1	1	1	1	0	0	0	0
12.08.2015 05:35:51.620000	0.00499988	0.0214234	0.0127311	125.523	-669.859	0.00542535	5	4	4	4	404.594	338	42.6029	2.24655	0.37722	0.642668	6.57569	43.3706	18.4545	95.3988	1	1	1	1	0	0	0	0
12.08.2015 05:35:51.720000	0.00499988	0.0214234	0.0127311	125.523	-669.859	0.00470197	5	4	4	4	375.933	338	42.6586	2.11626	0.246939	0.631061	6.60118	44.3073	18.5798	98.5053	1	1	1	1	0	0	0	0
12.08.2015 05:35:51.820000	0.00499988	0.0214234	0.0127311	125.523	-669.859	0.00434028	5	4	4	4	346.571	338	42.7129	2.04126	0.171935	0.623322	6.62973	43.7594	18.6862	96.0001	1	1	1	1	0	0	0	0
12.08.2015 05:35:51.920000	0.00499988	0.0214234	0.0127311	125.523	-669.862	0.00470197	5	4	4	4	317.173	338	42.7666	2.07604	0.206716	0.623322	6.67909	43.8207	18.7859	95.8531	1	1	1	1	0	0	0	0
12.08.2015 05:35:52.020000	0.00499988	0.0214234	0.0127311	125.523	-669.859	0.00217014	5	4	4	4	334.297	338	42.8213	2.13468	0.265352	0.623322	6.70276	44.3597	18.8777	97.5656	1	1	1	1	0	0	0	0
12.08.2015 05:35:52.120000	0.00499988	0.0214234	0.0127311	125.523	-669.862	0.00289352	5	4	4	4	341.417	338	42.8815	2.07368	0.204359	0.616856	6.67317	44.6756	18.9644	98.4427	1	1	1	1	0	0	0	0
12.08.2015 05:35:52.220000	0.00499988	0.0214234	0.0127311	125.523	-669.863	0.00217014	5	4	4	4	315.577	338	42.9367	2.14173	0.272407	0.551474	6.66271	43.7903	19.0338	94.7874	1	1	1	1	0	0	0	0
12.08.2015 05:35:52.320000	0.00499988	0.0214234	0.0127311	125.523	-669.859	0.00217014	5	4	4	4	360.134	338	42.9924	2.1387	0.269374	0.551474	6.69259	44.7257	19.0981	98.123	1	1	1	1	0	0	0	0
12.08.2015 05:35:52.420000	0.00499988	0.0214234	0.0127311	125.523	-669.863	0.0016276	5	4	4	4	347.022	338	43.0491	2.08282	0.213499	0.551474	6.6714	45.2589	19.1563	99.9417	1	1	1	1	0	0	0	0
12.08.2015 05:35:52.520000	0.00499988	0.0214234	0.0127311	125.529	-669.865	0.00036169	5	4	4	4	360.285	338	43.1028	2.05044	0.181118	0.551474	6.66236	44.483	19.2051	96.7841	1	1	1	1	0	0	0	0
12.08.2015 05:35:52.620000	0.00499988	0.0214234	0.0127311	125.523	-669.859	0	5	4	4	4	326.364	338	43.1576	2.02544	0.156112	0.555374	6.65733	44.5965	19.2555	97.0256	1	1	1	1	0	0	0	0
12.08.2015 05:35:52.720000	0.00499988	0.0214234	0.0127311	125.529	-669.867	0.00072338	5	4	4	4	350.664	338	43.2133	2.00991	0.140584	0.557665	6.66578	44.7017	19.3	97.2581	1	1	1	1	0	0	0	0
12.08.2015 05:35:52.820000	0.00499988	0.0214234	0.0127311	125.531	-669.859	0	5	4	4	4	320.507	338	43.2695	1.99347	0.124149	0.557665	6.66197	44.8972	19.3387	97.8585	1	1	1	1	0	0	0	0
12.08.2015 05:35:52.920000	0.00499988	0.0214234	0.0127311	125.531	-669.862	0.00072338	5	4	4	4	343.047	338	43.3257	1.99526	0.125937	0.557665	6.66868	44.4377	19.3701	95.9788	1	1	1	1	0	0	0	0
12.08.2015 05:35:53.020000	0.00499988	0.0214234	0.0127311	125.531	-669.859	0.00108507	5	4	4	4	287.394	338	43.3849	2.00059	0.131267	0.558412	6.65171	44.9139	19.4065	97.6629	1	1	1	1	0	0	0	0
12.08.2015 05:35:53.120000	0.00499988	0.0214234	0.0127311	125.531	-669.859	0.00108507	5	4	4	4	293.851	338	43.4421	2.04939	0.180066	0.5614	6.69931	44.6701	19.4346	96.6217	1	1	1	1	0	0	0	0
12.08.2015 05:35:53.220000	0.00499988	0.0214234	0.0127311	125.535	-669.859	0	5	4	4	4	330.868	338	43.4973	2.12097	0.251641	0.5614	6.71856	44.575	19.4527	96.188	1	1	1	1	0	0	0	0
12.08.2015 05:35:53.320000	0.00499988	0.0214234	0.0127311	125.531	-669.862	0.00108507	5	4	4	4	331.566	338	43.5555	2.18089	0.311568	0.5614	6.71347	44.6965	19.4623	96.6166	1	1	1	1	0	0	0	0
12.08.2015 05:35:53.420000	0.00499988	0.0214234	0.0127311	125.531	-669.863	0.00379774	5	4	4	4	290.362	338	43.6192	2.23614	0.366819	0.563763	6.69471	44.8974	19.4723	97.3476	1	1	1	1	0	0	0	0
12.08.2015 05:35:53.520000	0.00499988	0.0214234	0.0127311	125.536	-669.859	0.00325521	5	4	4	4	355.995	338	43.6853	2.30844	0.439116	0.600782	6.70927	44.8723	19.4726	97.2506	1	1	1	1	0	0	0	0
12.08.2015 05:35:53.620000	0.00499988	0.0214234	0.0127311	125.531	-669.859	0.00217014	5	4	4	4	342.579	338	43.7455	2.33946	0.470138	0.600782	6.66238	44.5457	19.4712	96.005	1	1	1	1	0	0	0	0
12.08.2015 05:35:53.720000	0.00499988	0.0214234	0.0127311	125.536	-669.859	0.00253183	5	4	4	4	334.763	338	43.8072	2.35242	0.483092	0.600782	6.69861	44.9254	19.4796	97.4271	1	1	1	1	0	0	0	0
12.08.2015 05:35:53.820000	0.00499988	0.0214234	0.0127311	125.539	-669.859	0.00271267	5	4	4	4	343.281	338	43.8728	2.36578	0.496453	0.603954	6.69764	44.9849	19.494	97.5995	1	1	1	1	0	0	0	0
12.08.2015 05:35:53.920000	0.00499988	0.0214234	0.0127311	125.539	-669.859	0.00325521	5	4	4	4	378.982	338	43.9395	2.36604	0.49671	0.629618	6.66225	44.8145	19.4836	96.987	1	1	1	1	0	0	0	0
12.08.2015 05:35:54.020000	0.00499988	0.0214234	0.0127311	125.539	-669.863	0.00271267	5	4	4	4	309.504	338	44.0012	2.3428	0.473473	0.629618	6.65138	45.3299	19.4827	98.9641	1	1	1	1	0	0	0	0
12.08.2015 05:35:54.120000	0.00499988	0.0214234	0.0127311	125.539	-669.867	0.00289352	5	4	4	4	306.023	338	44.0648	2.34753	0.478208	0.629618	6.69434	44.4886	19.4764	95.7669	1	1	1	1	0	0	0	0
12.08.2015 05:35:54.220000	0.00499988	0.0214234	0.0127311	125.539	-669.867	0.00271267	5	4	4	4	325.485	338	44.134	2.38167	0.512346	0.63388	6.74463	44.2501	19.475	94.8592	1	1	1	1	0	0	0	0
12.08.2015 05:35:54.320000	0.00499988	0.0214234	0.0127311	125.536	-669.867	0.00217014	5	4	4	4	320.119	338	44.1972	2.41932	0.549997	0.64601	6.71854	44.428	19.4748	95.5409	1	1	1	1	0	0	0	0
12.08.2015 05:35:54.420000	0.00499988	0.0214234	0.0127311	125.539	-669.867	0.00108507	5	4	4	4	312.637	338	44.2588	2.46179	0.592462	0.64601	6.70893	44.5868	19.4646	96.1878	1	1	1	1	0	0	0	0
12.08.2015 05:35:54.520000	0.00499988	0.0214234	0.0127311	125.539	-669.867	0.00036169	5	4	4	4	316.747	338	44.333	2.51471	0.645385	0.64601	6.73845	44.3836	19.4529	95.4546	1	1	1	1	0	0	0	0
12.08.2015 05:35:54.620000	0.00499988	0.0214234	0.0127311	125.539	-669.867	0.00108507	5	4	4	4	299.627	338	44.3966	2.57487	0.705549	0.658203	6.77143	44.7025	19.4272	96.7741	1	1	1	1	0	0	0	0
12.08.2015 05:35:54.720000	0.00499988	0.0214234	0.0127311	125.539	-669.867	0.00072338	5	4	4	4	337.495	338	44.4608	2.64878	0.779456	0.66859	6.76895	44.8415	19.3984	97.4163	1	1	1	1	0	0	0	0
12.08.2015 05:35:54.820000	0.00499988	0.0214234	0.0127311	125.539	-669.867	0.00108507	5	4	4	4	352.623	338	44.5354	2.69761	0.828282	0.66859	6.71663	44.4281	19.3753	96.0291	1	1	1	1	0	0	0	0
12.08.2015 05:35:54.920000	0.00499988	0.0214234	0.0127311	125.539	-669.867	0.00072338	5	4	4	4	356.105	338	44.6001	2.70678	0.837452	0.66859	6.70563	44.7667	19.3551	97.3013	1	1	1	1	0	0	0	0
12.08.2015 05:35:55.020000	0.00499988	0.0214234	0.0127311	125.539	-669.867	0.00108507	5	4	4	4	332.29	338	44.6742	2.70188	0.832554	0.687492	6.66292	44.1142	19.3382	94.8624	1	1	1	1	0	0	0	0
12.08.2015 05:35:55.120000	0.00499988	0.0214234	0.0127311	125.539	-669.867	0.00217014	5	4	4	4	322.687	338	44.7413	2.70952	0.840199	0.688915	6.66722	44.2691	19.3206	95.5229	1	1	1	1	0	0	0	0
12.08.2015 05:35:55.220000	0.00499988	0.0214234	0.0127311	125.539	-669.867	0.00271267	5	4	4	4	362.079	338	44.8125	2.71859	0.849261	0.688915	6.67093	43.8132	19.305	93.837	1	1	1	1	0	0	0	0
12.08.2015 05:35:55.320000	0.00499988	0.0214234	0.0127311	125.539	-669.865	0.00253183	5	4	4	4	294.97	338	44.8861	2.71617	0.846893	0.693362	6.66674	45.0422	19.2904	98.5172	1	1	1	1	0	0	0	0
12.08.2015 05:35:55.420000	0.00499988	0.0214234	0.0127311	125.539	-669.863	0.00325521	5	4	4	4	313.965	338	44.9502	2.75047	0.881239	0.700618	6.6994	45.9397	19.2752	102.596	1	1	1	1	0	0	0	0
12.08.2015 05:35:55.520000	0.00499988	0.0214234	0.0127311	125.544	-669.867	0.00325521	5	4	4	4	269.875	338	45.0328	2.80972	0.940391	0.700618	6.70537	44.2742	19.2706	96.1412	1	1	1	1	0	0	0	0
12.08.2015 05:35:55.620000	0.00499988	0.0214234	0.0127311	125.539	-669.867	0.00271267	5	4	4	4	307.708	338	45.0975	2.90578	1.03645	0.700618	6.75007	45.0491	19.2423	98.5357	1	1	1	1	0	0	0	0
12.08.2015 05:35:55.720000	0.00499988	0.0214234	0.0127311	125.547	-669.867	0.00289352	5	4	4	4	306.019	338	45.1825	2.99997	1.13065	0.731128	6.73696	43.8116	19.2137	94.1807	1	1	1	1	0	0	0	0
12.08.2015 05:35:55.820000	0.00499988	0.0214234	0.0127311	125.547	-669.867	0.00325521	5	4	4	4	296.463	338	45.2567	3.09591	1.22658	0.731436	6.73831	44.1699	19.1767	95.6939	1	1	1	1	0	0	0	0
12.08.2015 05:35:55.920000	0.00499988	0.0214234	0.0127311	125.544	-669.867	0.00072338	5	4	4	4	324.95	338	45.3387	3.19977	1.33045	0.731436	6.74382	43.511	19.1332	93.3378	1	1	1	1	0	0	0	0
12.08.2015 05:35:56.020000	0.00499988	0.0214234	0.0127311	125.547	-669.867	0.000542535	5	4	4	4	349.123	338	45.4248	3.27587	1.40654	0.80067	6.71986	45.8887	19.0714	102.678	1	1	1	1	0	0	0	0
12.08.2015 05:35:56.120000	0.00499988	0.0214234	0.0127311	125.547	-669.865	0.00036169	5	4	4	4	343.435	338	45.5054	3.31564	1.44631	0.807517	6.70774	44.2332	19.0237	96.5222	1	1	1	1	0	0	0	0
12.08.2015 05:35:56.220000	0.00499988	0.0214234	0.0127311	125.547	-669.867	0.00108507	5	4	4	4	339.553	338	45.5914	3.34067	1.47135	0.807517	6.67364	43.9524	18.9817	95.6079	1	1	1	1	0	0	0	0
12.08.2015 05:35:56.320000	0.00499988	0.0214234	0.0127311	125.547	-669.867	0.00108507	5	4	4	4	336.169	338	45.6805	3.35524	1.48592	0.844812	6.66159	43.9337	18.9351	95.7145	1	1	1	1	0	0	0	0
12.08.2015 05:35:56.420000	0.00499988	0.0214234	0.0127311	125.551	-669.867	0.000542535	5	4	4	4	394.497	338	45.7615	3.35179	1.48246	0.845965	6.66638	44.4208	18.8919	97.7454	1	1	1	1	0	0	0	0
12.08.2015 05:35:56.520000	0.00499988	0.0214234	0.0127311	125.547	-669.867	0.00072338	5	4	4	4	312.483	338	45.8421	3.31748	1.44815	0.845965	6.66743	44.3728	18.8679	97.6533	1	1	1	1	0	0	0	0
12.08.2015 05:35:56.620000	0.00499988	0.0214234	0.0127311	125.555	-669.867	0.00108507	5	4	4	4	320.737	338	45.9292	3.31329	1.44396	0.832057	6.69261	43.8366	18.8573	95.6409	1	1	1	1	0	0	0	0
12.08.2015 05:35:56.720000	0.00499988	0.0214234	0.0127311	125.555	-669.867	0.00072338	5	4	4	4	330.84	338	46.0093	3.31767	1.44834	0.831773	6.68961	44.3301	18.838	97.6042	1	1	1	1	0	0	0	0
12.08.2015 05:35:56.820000	0.00499988	0.0214234	0.0127311	125.551	-669.867	0.00108507	5	4	4	4	308.966	338	46.0883	3.33397	1.46464	0.831773	6.71447	43.8386	18.8288	95.7575	1	1	1	1	0	0	0	0
12.08.2015 05:35:56.920000	0.00499988	0.0214234	0.0127311	125.555	-669.867	0.00144676	5	4	4	4	309.298	338	46.1739	3.37621	1.50688	0.818973	6.73303	44.0023	18.8204	96.4163	1	1	1	1	0	0	0	0
12.08.2015 05:35:57.020000	0.00499988	0.0214234	0.0127311	125.555	-669.863	0.000542535	5	4	4	4	303.571	338	46.255	3.43492	1.56559	0.818156	6.74212	44.1883	18.7983	97.2132	1	1	1	1	0	0	0	0
12.08.2015 05:35:57.120000	0.00499988	0.0214234	0.0127311	125.555	-669.867	0.00325521	5	4	4	4	352.437	338	46.338	3.50067	1.63134	0.818462	6.71308	43.8279	18.7801	95.9031	1	1	1	1	0	0	0	0
12.08.2015 05:35:57.220000	0.00499988	0.0214234	0.0127311	125.555	-669.867	0.00325521	5	4	4	4	350.158	338	46.4316	3.53178	1.66245	0.848809	6.70175	43.7569	18.7581	95.7154	1	1	1	1	0	0	0	0
12.08.2015 05:35:57.320000	0.00499988	0.0214234	0.0127311	125.555	-669.867	0.00253183	5	4	4	4	283.881	338	46.5166	3.55298	1.68365	0.848809	6.72203	44.8226	18.7373	99.8753	1	1	1	1	0	0	0	0
12.08.2015 05:35:57.420000	0.00499988	0.0214234	0.0127311	125.555	-669.867	0.00596788	5	4	4	4	303.257	338	46.6047	3.61723	1.74791	0.856071	6.74744	43.6235	18.7044	95.4102	1	1	1	1	0	0	0	0
12.08.2015 05:35:57.520000	0.00499988	0.0214234	0.0127311	125.555	-669.867	0.0072338	5	4	4	4	340.725	338	46.6932	3.69031	1.82099	0.885121	6.74102	43.5567	18.6789	95.2523	1	1	1	1	0	0	0	0
12.08.2015 05:35:57.620000	0.00499988	0.0214234	0.0127311	125.555	-669.867	0.00542535	5	4	4	4	354.795	338	46.7852	3.73076	1.86144	0.885121	6.70974	43.6243	18.6456	95.6383	1	1	1	1	0	0	0	0
12.08.2015 05:35:57.720000	0.00499988	0.0214234	0.0127311	125.555	-669.865	0.00325521	5	4	4	4	354.922	338	46.8797	3.74049	1.87116	0.895515	6.67954	43.6982	18.6197	96.0207	1	1	1	1	0	0	0	0
12.08.2015 05:35:57.820000	0.00499988	0.0214234	0.0127311	125.555	-669.863	0.0016276	5	4	4	4	328.993	338	46.9708	3.73982	1.87049	0.907715	6.65347	43.8566	18.5962	96.7171	1	1	1	1	0	0	0	0
12.08.2015 05:35:57.920000	0.00499988	0.0214234	0.0127311	125.555	-669.867	0.00072338	5	4	4	4	347.511	338	47.0633	3.74313	1.8738	0.907715	6.68944	43.6297	18.5809	95.9066	1	1	1	1	0	0	0	0
12.08.2015 05:35:58.020000	0.00499988	0.0214234	0.0127311	125.555	-669.867	0.00108507	5	4	4	4	301.327	338	47.1538	3.73878	1.86945	0.915244	6.69197	43.5066	18.5697	95.4785	1	1	1	1	0	0	0	0
12.08.2015 05:35:58.120000	0.00499988	0.0214234	0.0127311	125.557	-669.867	0.00072338	5	4	4	4	259.691	338	47.2458	3.77688	1.90756	0.917754	6.76117	43.6991	18.5532	96.2784	1	1	1	1	0	0	0	0
12.08.2015 05:35:58.220000	0.00499988	0.0214234	0.0127311	125.559	-669.867	0.00108507	5	4	4	4	307.052	338	47.3349	3.87094	2.00162	0.917924	6.77394	43.9326	18.5367	97.2359	1	1	1	1	0	0	0	0
12.08.2015 05:35:58.320000	0.00499988	0.0214234	0.0127311	125.563	-669.867	0.00108507	5	4	4	4	333.682	338	47.4299	3.96744	2.09812	0.921167	6.74135	42.8188	18.5058	93.0898	1	1	1	1	0	0	0	0
12.08.2015 05:35:58.420000	0.00499988	0.0214234	0.0127311	125.563	-669.867	0.000542535	5	4	4	4	336.96	338	47.5279	4.03343	2.16411	0.921167	6.70742	43.9487	18.4574	97.6012	1	1	1	1	0	0	0	0
12.08.2015 05:35:58.520000	0.00499988	0.0214234	0.0127311	125.563	-669.865	0.00072338	5	4	4	4	358.566	338	47.6269	4.07831	2.20899	0.948195	6.68636	43.6391	18.4112	96.5925	1	1	1	1	0	0	0	0
12.08.2015 05:35:58.620000	0.00499988	0.0214234	0.0127311	125.566	-669.867	0.00108507	5	4	4	4	341.539	338	47.7214	4.09251	2.22319	0.975224	6.65615	43.7052	18.376	96.9802	1	1	1	1	0	0	0	0
12.08.2015 05:35:58.720000	0.00499988	0.0214234	0.0127311	125.563	-669.867	0.00072338	5	4	4	4	281.552	338	47.8209	4.10849	2.23916	0.975224	6.70054	43.1949	18.3524	95.1169	1	1	1	1	0	0	0	0
12.08.2015 05:35:58.820000	0.00499988	0.0214234	0.0127311	125.563	-669.867	0.0016276	5	4	4	4	304.065	338	47.9178	4.16318	2.29385	0.964903	6.71198	43.2754	18.3253	95.529	1	1	1	1	0	0	0	0
12.08.2015 05:35:58.920000	0.00499988	0.0214234	0.0127311	125.563	-669.867	0.00253183	5	4	4	4	376.257	338	48.0198	4.22029	2.35097	0.964005	6.69145	42.8939	18.2903	94.2025	1	1	1	1	0	0	0	0
12.08.2015 05:35:59.020000	0.00499988	0.0214234	0.0127311	125.57	-669.867	0.00217014	5	4	4	4	358.908	338	48.1198	4.23141	2.36208	0.981137	6.64196	43.1554	18.2554	95.3369	1	1	1	1	0	0	0	0
12.08.2015 05:35:59.120000	0.00499988	0.0214234	0.0127311	125.568	-669.865	0.00253183	5	4	4	4	349.734	338	48.2223	4.21264	2.34331	1.00294	6.6225	43.9217	18.2316	98.3621	1	1	1	1	0	0	0	0
12.08.2015 05:35:59.220000	0.00499988	0.0214234	0.0127311	125.566	-669.867	0.00271267	5	4	4	4	325.757	338	48.3223	4.1948	2.32548	1.00294	6.64988	42.9984	18.2099	94.9104	1	1	1	1	0	0	0	0
12.08.2015 05:35:59.320000	0.00499988	0.0214234	0.0127311	125.57	-669.867	0.00434028	5	4	4	4	315.087	338	48.4232	4.20046	2.33113	1.01501	6.68688	43.3177	18.195	96.1899	1	1	1	1	0	0	0	0
12.08.2015 05:35:59.420000	0.00499988	0.0214234	0.0127311	125.566	-669.867	0.00488281	5	4	4	4	299.017	338	48.5217	4.23242	2.36309	1.01513	6.70324	42.9221	18.1914	94.6888	1	1	1	1	0	0	0	0
12.08.2015 05:35:59.520000	0.00499988	0.0214234	0.0127311	125.57	-669.867	0.00434028	5	4	4	4	318.548	338	48.6247	4.28467	2.41534	1.01294	6.69064	43.2622	18.175	96.0538	1	1	1	1	0	0	0	0
12.08.2015 05:35:59.620000	0.00499988	0.0214234	0.0127311	125.57	-669.867	0.00434028	5	4	4	4	324.024	338	48.7276	4.33711	2.46778	1.011	6.67419	43.1184	18.158	95.5682	1	1	1	1	0	0	0	0
12.08.2015 05:35:59.720000	0.00499988	0.0214234	0.0127311	125.57	-669.865	0.00253183	5	4	4	4	313.022	338	48.8301	4.39508	2.52575	1.01175	6.6623	42.9209	18.1293	94.9223	1	1	1	1	0	0	0	0
12.08.2015 05:35:59.820000	0.00499988	0.0214234	0.0127311	125.57	-669.867	0.00217014	5	4	4	4	380.668	338	48.9351	4.43898	2.56966	1.01928	6.6638	43.5423	18.1011	97.4095	1	1	1	1	0	0	0	0
12.08.2015 05:35:59.920000	0.00499988	0.0214234	0.0127311	125.57	-669.867	0.00217014	5	4	4	4	258.815	338	49.042	4.45603	2.5867	1.01928	6.67988	43.3535	18.0867	96.7414	1	1	1	1	0	0	0	0
12.08.2015 05:36:00.020000	0.00499988	0.0214234	0.0127311	125.57	-669.863	0.00325521	5	4	4	4	330.607	338	49.148	4.52143	2.6521	1.05202	6.72962	42.8232	18.0868	94.7108	1	1	1	1	0	0	0	0
12.08.2015 05:36:00.120000	0.00499988	0.0214234	0.0127311	125.57	-669.865	0.00289352	5	4	4	4	320.952	338	49.2554	4.58122	2.71189	1.06293	6.69536	42.8728	18.0428	95.0688	1	1	1	1	0	0	0	0
12.08.2015 05:36:00.220000	0.00499988	0.0214234	0.0127311	125.57	-669.867	0.00271267	5	4	4	4	333.146	338	49.3614	4.63866	2.76934	1.07355	6.7079	43.1274	18.002	96.2001	1	1	1	1	0	0	0	0
12.08.2015 05:36:00.320000	0.00499988	0.0214234	0.0127311	125.57	-669.867	0.00289352	5	4	4	4	332.198	338	49.4748	4.6783	2.80897	1.08602	6.69651	42.556	17.9602	94.1723	1	1	1	1	0	0	0	0
12.08.2015 05:36:00.420000	0.00499988	0.0214234	0.0127311	125.57	-669.867	0.00325521	5	4	4	4	331.872	338	49.5852	4.71047	2.84115	1.08892	6.69164	42.5806	17.9227	94.4102	1	1	1	1	0	0	0	0
12.08.2015 05:36:00.520000	0.00499988	0.0214234	0.0127311	125.57	-669.867	0.00506366	5	4	4	4	291.832	338	49.6936	4.74889	2.87957	1.10053	6.66853	42.9443	17.891	95.9241	1	1	1	1	0	0	0	0
12.08.2015 05:36:00.620000	0.00499988	0.0214234	0.0127311	125.57	-669.867	0.00488281	5	4	4	4	333.922	338	49.8056	4.81112	2.94179	1.10053	6.69326	42.6026	17.8517	94.7664	1	1	1	1	0	0	0	0
12.08.2015 05:36:00.720000	0.00499988	0.0214234	0.0127311	125.57	-669.867	0.00542535	5	4	4	4	336.736	338	49.9205	4.85462	2.9853	1.11485	6.62649	42.7744	17.8219	95.5381	1	1	1	1	0	0	0	0
12.08.2015 05:36:00.820000	0.00499988	0.0214234	0.0127311	125.57	-669.867	0.00217014	5	4	4	4	317.986	338	50.0349	4.8827	3.01337	1.11529	6.6053	42.4892	17.7954	94.5474	1	1	1	1	0	0	0	0
12.08.2015 05:36:00.920000	0.00499988	0.0214234	0.0127311	125.57	-669.867	0.00289352	5	4	4	4	343.203	338	50.1458	4.92055	3.05122	1.12696	6.66366	42.6163	17.7609	95.1665	1	1	1	1	0	0	0	0
12.08.2015 05:36:01.020000	0.00499988	0.0214234	0.0127311	125.57	-669.867	0.000542535	5	4	4	4	349.407	338	50.2622	4.93867	3.06934	1.13044	6.64216	42.6663	17.7393	95.4406	1	1	1	1	0	0	0	0
12.08.2015 05:36:01.120000	0.00499988	0.0214234	0.0127311	125.57	-669.867	0.00036169	5	4	4	4	327.992	338	50.3786	4.94607	3.07674	1.14591	6.65927	42.6571	17.7182	95.486	1	1	1	1	0	0	0	0
12.08.2015 05:36:01.220000	0.00499988	0.0214234	0.0127311	125.574	-669.867	0.0016276	5	4	4	4	331.908	338	50.489	4.95863	3.0893	1.1554	6.68374	42.5214	17.7074	95.008	1	1	1	1	0	0	0	0
12.08.2015 05:36:01.320000	0.00499988	0.0214234	0.0127311	125.573	-669.867	0.00289352	5	4	4	4	303.173	338	50.6024	4.98053	3.11121	1.14963	6.68203	42.9079	17.6903	96.5533	1	1	1	1	0	0	0	0
12.08.2015 05:36:01.420000	0.00499988	0.0214234	0.0127311	125.574	-669.863	0.00217014	5	4	4	4	337.555	338.001	50.7233	5.01959	3.15026	1.14228	6.69343	42.56	17.6695	95.3004	1	1	1	1	0.16	0	0	0
12.08.2015 05:36:01.520000	0.00499988	0.0214234	0.0127311	125.576	-669.867	0.00253183	5	4	4	4	383.873	338.26	50.8392	5.0599	3.19057	1.15214	6.63461	42.5523	17.6446	95.3663	1	1	1	1	1	0	0	0
12.08.2015 05:36:01.620000	0.00499988	0.0214234	0.0127311	125.574	-669.867	0.00542535	5	4	4	4	318.274	339.413	50.9556	5.00761	3.13829	1.17309	6.59446	42.4671	17.6387	95.063	1	1	1	1	1	0	0	0
12.08.2015 05:36:01.720000	0.00499988	0.0214234	0.0127311	125.578	-669.867	0.00759549	5	4	4	4	347.003	341.556	51.0735	5.02719	3.15786	1.17032	6.66725	42.5101	17.6321	95.2527	1	1	1	1	1	0	0	0
12.08.2015 05:36:01.820000	0.00499988	0.0214234	0.0127311	125.578	-669.867	0.00651042	5	4	4	4	289.946	344.688	51.1899	5.08181	3.21249	1.15679	6.62828	42.4185	17.6285	94.916	1	1	1	1	1	0	0	0
12.08.2015 05:36:01.920000	0.00499988	0.0214234	0.0127311	125.578	-669.867	0.00614873	5	4	4	4	303.024	348.81	51.3107	5.32343	3.45411	1.16357	6.66521	42.3647	17.5957	94.8356	1	1	1	1	1	0	0	0
12.08.2015 05:36:02.020000	0.00499988	0.0214234	0.0127311	125.578	-669.863	0.00596788	5	4	4	4	307.375	353.921	51.4376	5.68628	3.81696	1.21323	6.665	43.1611	17.5124	98.2039	1	1	1	1	1	0	0	0
12.08.2015 05:36:02.120000	0.00499988	0.0214234	0.0127311	125.578	-669.865	0.00614873	5	4	4	4	358.775	360.023	51.5774	6.10344	4.23411	1.25198	6.6477	43.6599	17.3624	100.688	1	1	1	1	1	0	0	0
12.08.2015 05:36:02.220000	0.00499988	0.0214234	0.0127311	125.578	-669.863	0.00651042	5	4	4	4	435.819	367.114	51.7186	6.39199	4.52267	1.35162	6.59932	41.717	17.1752	93.9657	1	1	1	1	1	0	0	0
12.08.2015 05:36:02.320000	0.00499988	0.0214234	0.0127311	125.578	-669.867	0.00434028	5	4	4	4	351.159	375.194	51.8674	6.4792	4.60988	1.41623	6.58558	42.3206	17.0269	96.8444	1	1	1	1	1	0	0	0
12.08.2015 05:36:02.420000	0.00499988	0.0214234	0.0127311	125.578	-669.867	0.00488281	5	4	4	4	400.978	384.265	52.0176	6.63435	4.76502	1.46302	6.63514	41.721	16.9051	95.0153	1	1	1	1	1	0	0	0
12.08.2015 05:36:02.520000	0.00499988	0.0214234	0.0127311	125.578	-669.865	0.00397859	5	4	4	4	423.552	394.326	52.1708	6.78537	4.91604	1.50421	6.61312	41.6589	16.7649	95.3142	1	1	1	1	1	0	0	0
12.08.2015 05:36:02.620000	0.00499988	0.0214234	0.0127311	125.578	-669.867	0.00217014	5	4	4	4	407.173	405.376	52.326	6.89665	5.02732	1.5193	6.56254	41.2049	16.6458	94.0319	1	1	1	1	1	0	0	0
12.08.2015 05:36:02.720000	0.00499988	0.0214234	0.0127311	125.578	-669.867	0.00289352	5	4	4	4	381.992	417.416	52.4876	7.06988	5.20056	1.54478	6.59371	41.5043	16.5384	95.5895	1	1	1	1	1	0	0	0
12.08.2015 05:36:02.820000	0.00499988	0.0214234	0.0127311	125.578	-669.867	0.00271267	5	4	4	4	368.819	430.445	52.6508	7.40215	5.53282	1.61785	6.59077	41.1452	16.4094	94.7084	1	1	1	1	1	0	0	0
12.08.2015 05:36:02.920000	0.00499988	0.0214234	0.0127311	125.578	-669.867	0.00397859	5	4	4	4	384.898	444.465	52.8259	7.92037	6.05105	1.66378	6.58909	41.0295	16.2495	94.8779	1	1	1	1	1	0	0	0
12.08.2015 05:36:03.020000	0.00499988	0.0214234	0.0127311	125.578	-669.867	0.00434028	5	4	4	4	423.907	459.473	53.0134	8.60051	6.73118	1.72505	6.57876	40.6124	16.0085	94.2032	1	1	1	1	1	0	0	0
12.08.2015 05:36:03.120000	0.00499988	0.0214234	0.0127311	125.578	-669.867	0.00542535	5	4	4	4	441.383	475.472	53.2164	9.2878	7.41847	1.91324	6.6001	40.4556	15.723	94.6965	1	1	1	1	1	0	0	0
12.08.2015 05:36:03.220000	0.00499988	0.0214234	0.0127311	125.578	-669.867	0.00434028	5	4	4	4	432.734	492.46	53.4317	9.9872	8.11787	2.10011	6.63461	39.8334	15.4184	93.4801	1	1	1	1	1	0	0	0
12.08.2015 05:36:03.320000	0.00499988	0.0214234	0.0127311	125.578	-669.867	0.00217014	5	4	4	4	453.008	510.439	53.667	10.8166	8.94732	2.24883	6.59593	39.7703	15.093	94.4846	1	1	1	1	1	0	0	0
12.08.2015 05:36:03.420000	0.00499988	0.0214234	0.0127311	125.578	-669.867	0.0016276	5	4	4	4	513.016	529.406	53.9187	11.6913	9.82194	2.42273	6.56613	39.3569	14.7702	94.1377	1	1	1	1	1	0	0	0
12.08.2015 05:36:03.520000	0.00499988	0.0214234	0.0127311	125.578	-669.865	0.00036169	5	4	4	4	585.995	549.362	54.1848	12.4362	10.5669	2.56756	6.49161	38.9983	14.4866	93.8505	1	1	1	1	1	0	0	0
12.08.2015 05:36:03.620000	0.00499988	0.0214234	0.0127311	125.578	-669.867	0.00217014	5	4	4	4	501.229	570.309	54.4654	13.0703	11.201	2.78429	6.4884	38.7492	14.2618	93.7575	1	1	1	1	1	0	0	0
12.08.2015 05:36:03.720000	0.00499988	0.0214234	0.0127311	125.578	-669.867	0.00072338	5	4	4	4	582.694	592.245	54.7574	13.8298	11.9605	2.88114	6.54433	38.4987	14.053	93.5977	1	1	1	1	1	0	0	0
12.08.2015 05:36:03.820000	0.00499988	0.0214234	0.0127311	125.578	-669.863	0.00108507	5	4	4	4	580.967	615.172	55.0648	14.5729	12.7036	3.02201	6.48306	38.4519	13.8861	94.0574	1	1	1	1	1	0	0	0
12.08.2015 05:36:03.920000	0.00499988	0.0214234	0.0127311	125.578	-669.867	0.00108507	5	4	4	4	604.322	639.088	55.3841	15.3617	13.4924	3.16084	6.43827	38.1273	13.7223	93.4418	1	1	1	1	1	0	0	0
12.08.2015 05:36:04.020000	0.00499988	0.0214234	0.0127311	125.578	-669.867	0.000542535	5	4	4	4	587.376	663.993	55.7238	16.2163	14.347	3.35964	6.40417	37.9138	13.5788	93.1735	1	1	1	1	1	0	0	0
12.08.2015 05:36:04.120000	0.00499988	0.0214234	0.0127311	125.578	-669.867	0.00217014	5	4	4	4	570.112	689.888	56.0825	17.2724	15.4031	3.52884	6.48287	37.8804	13.4575	93.5105	1	1	1	1	1	0	0	0
12.08.2015 05:36:04.220000	0.00499988	0.0214234	0.0127311	125.578	-669.867	0.00325521	5	4	4	4	640.139	716.774	56.4615	18.5499	16.6805	3.77638	6.55255	37.728	13.3315	93.4095	1	1	1	1	1	0	0	0
12.08.2015 05:36:04.320000	0.00499988	0.0214234	0.0127311	125.578	-669.867	0.00289352	5	4	4	4	698.499	744.649	56.8644	19.8704	18.0011	3.98473	6.49455	37.6629	13.2702	93.3948	1	1	1	1	1	0	0	0
12.08.2015 05:36:04.420000	0.00499988	0.0214234	0.0127311	125.578	-669.867	0.00325521	5	4	4	4	763.943	635.359	57.2942	21.1517	13.1646	4.27403	6.37328	37.6756	13.303	93.3182	1	1	1	1	1	0.31	0	0.31
12.08.2015 05:36:04.520000	0.00499988	0.0214234	0.0127311	125.578	-669.867	0.00217014	5	4	4	4	1216.95	338	58.8566	21.604	0	42.3875	6.28235	71.0016	19.0954	198.739	1	1	1	1	1	1	0.03	1
12.08.2015 05:36:04.620000	0.00499988	0.0214234	0.0127311	125.578	-669.871	0.0016276	5	4	4	4	1518.94	338	62.1992	21.604	0	99.2522	5.11241	103.463	2.76095	385.567	1	1	1	1	1	1	1	1
12.08.2015 05:36:04.720000	0.00499988	0.0199949	0.0127311	125.578	-669.865	0.00036169	5	4	4	4	24.5357	338	62.1774	21.604	0	99.2522	3.64728	110.654	0.707114	420.964	1	1	1	1	1	1	1	1
12.08.2015 05:36:04.820000	0.00499988	0.0192806	0.0127311	125.555	-669.906	0.00108507	5	4	4	4	2.87581	338	62.1774	10.3699	0	99.2522	2.50386	125.292	0.62569	477.321	1	1	1	1	1	1	1	0.48
12.08.2015 05:36:04.920000	0.00499988	0.0214234	0.0127311	125.555	-669.924	0.00072338	5	4	4	4	0.32484	338	62.1774	0	0	99.2522	1.78041	128.376	0.592242	489.26	1	1	1	1	1	1	1	0
12.08.2015 05:36:05.020000	0.00499988	0.0214234	0.0127311	125.555	-669.91	0.000542535	5	4	4	4	0.216547	338	62.1774	0	0	99.2522	1.28112	128.275	0.592914	488.871	1	1	1	1	1	1	1	0
12.08.2015 05:36:05.120000	0.00499988	0.0214234	0.0127311	125.542	-669.893	0.00289352	5	4	4	4	0.239928	338	62.1774	0	0	99.2522	1.04742	128.107	0.579913	488.276	1	1	1	1	1	1	1	0
12.08.2015 05:36:05.220000	0.00499988	0.0214234	0.0127311	125.547	-669.906	0.00325521	5	4	4	4	0.261264	338	62.1774	0	0	99.2522	0.879123	127.971	0.580523	487.753	1	1	1	1	1	1	1	0
12.08.2015 05:36:05.320000	0.00499988	0.0214234	0.0127311	125.5	-669.919	0.00470197	5	4	4	4	0.248874	338	62.1774	0	0	99.2522	0.748278	127.918	0.577899	487.559	1	1	1	1	1	1	1	0
12.08.2015 05:36:05.420000	0.00499988	0.0214234	0.0127311	125.465	-669.934	0.00434028	5	4	4	4	0.246667	338	62.1774	0	0	99.2522	0.638267	127.903	0.573992	487.518	1	1	1	1	1	1	1	0
12.08.2015 05:36:05.520000	0.00499988	0.0214234	0.0127311	125.43	-669.951	0.00578704	5	4	4	4	0.232398	338	62.1774	0	0	98.2606	0.575398	127.909	0.581617	487.513	1	1	1	1	1	1	1	0
12.08.2015 05:36:05.620000	0.00499988	0.0214234	0.0127311	125.422	-669.949	0.00434028	5	4	4	4	0.225062	338	62.1774	0	0	0.0993939	0.524826	127.917	0.587603	487.521	1	1	1	1	1	1	1	0
12.08.2015 05:36:05.720000	0.00499988	0.0214234	0.0127311	125.422	-669.948	0.00397859	5	4	4	4	0.25045	338	62.1774	0	0	0.0993939	0.474494	127.943	0.588763	487.612	1	1	1	1	1	1	1	0
12.08.2015 05:36:05.820000	0.00499988	0.0214234	0.0127311	125.422	-669.945	0.00325521	5	4	4	4	0.243997	338	62.1774	0	0	0.0993939	0.438448	127.959	0.591571	487.664	1	1	1	1	1	1	1	0
12.08.2015 05:36:05.920000	0.00499988	0.0214234	0.0127311	125.422	-669.945	0.00217014	5	4	4	4	0.260366	338	62.1774	0	0	0.0993939	0.412876	127.987	0.589776	487.741	1	1	1	1	1	1	1	0
12.08.2015 05:36:06.020000	0.00499988	0.0214234	0.0127311	125.422	-669.945	0.00271267	5	4	4	4	0.259411	338	62.1774	0	0	0.0993939	0.388817	128.028	0.581465	487.915	1	1	1	1	1	1	1	0
12.08.2015 05:36:06.120000	0.00499988	0.0214234	0.0127311	125.422	-669.945	0.00289352	5	4	4	4	0.253051	338	62.1774	0	0	0.0993939	0.364366	128.03	0.576495	487.993	1	1	1	1	1	1	1	0
12.08.2015 05:36:06.220000	0.00499988	0.0214234	0.0127311	125.422	-669.945	0.00379774	5	4	4	4	0.256868	338	62.1774	0	0	0.0993939	0.347584	128.057	0.577715	488.094	1	1	1	1	1	1	1	0
12.08.2015 05:36:06.320000	0.00499988	0.0214234	0.0127311	125.424	-669.945	0.00506366	5	4	4	4	0.225476	338	62.1774	0	0	0.0993939	0.334672	128.078	0.575396	488.182	1	1	1	1	1	1	1	0
12.08.2015 05:36:06.420000	0.00499988	0.0214234	0.0127311	125.426	-669.945	0.00434028	5	4	4	4	0.248153	338	62.1774	0	0	0.0993939	0.319481	128.104	0.5768	488.277	1	1	1	1	1	1	1	0
12.08.2015 05:36:06.520000	0.00499988	0.0214234	0.0127311	125.422	-669.945	0.00542535	5	4	4	4	0.228074	338	62.1774	0	0	0.0984	0.308015	128.128	0.57387	488.377	1	1	1	1	1	1	1	0
12.08.2015 05:36:06.620000	0.00499988	0.0214234	0.0127311	125.422	-669.945	0.00596788	5	4	4	4	0.227389	338	62.1774	0	0	0	0.298069	128.149	0.578143	488.442	1	1	1	1	1	1	1	0
12.08.2015 05:36:06.720000	0.00499988	0.0214234	0.0127311	125.422	-669.945	0.00578704	5	4	4	4	0.224248	338	62.1774	0	0	0	0.290726	128.166	0.577654	488.511	1	1	1	1	1	1	1	0
12.08.2015 05:36:06.820000	0.00499988	0.0214234	0.0127311	125.422	-669.945	0.00488281	5	4	4	4	0.225626	338	62.1774	0	0	0	0.281033	128.178	0.580706	488.544	1	1	1	1	1	1	1	0
12.08.2015 05:36:06.920000	0.00499988	0.0214234	0.0127311	125.419	-669.945	0.00470197	5	4	4	4	0.240604	338	62.1774	0	0	0	0.273329	128.192	0.578448	488.608	1	1	1	1	1	1	1	0
12.08.2015 05:36:07.020000	0.00499988	0.0214234	0.0127311	125.414	-669.934	0.00271267	5	4	4	4	0.248125	338	62.1774	0	0	0	0.267759	128.206	0.578936	488.657	1	1	1	1	1	1	1	0
12.08.2015 05:36:07.120000	0.00499988	0.0214234	0.0127311	125.417	-669.573	0.00253183	5	4	4	4	0.249922	338	62.1774	0	0	0	0.262044	128.228	0.57857	488.746	1	1	1	1	1	1	1	0
12.08.2015 05:36:07.220000	0.00499988	0.0214234	0.0127311	125.457	-667.754	0.00325521	5	4	4	4	0.247346	338	62.1774	0	0	0	0.256655	128.236	0.577899	488.779	1	1	1	1	1	1	1	0
12.08.2015 05:36:07.320000	0.00499988	0.0214234	0.0127311	125.461	-649.326	0.00397859	5	4	4	4	0.238973	338	62.1774	0	0	0	0.251049	128.247	0.576006	488.825	1	1	1	1	1	1	1	0
12.08.2015 05:36:07.420000	0.00499988	0.0214234	0.0127311	125.461	-624.066	0.00488281	5	4	4	4	0.248247	338	62.1774	0	0	0	0.248734	128.242	0.583636	488.778	1	1	1	1	1	1	1	0
12.08.2015 05:36:07.520000	0.00499988	0.0214234	0.0127311	125.461	-601.609	0.00687211	5	4	4	4	0.244145	338	62.1774	0	0	0	0.24349	128.232	0.583758	488.741	1	1	1	1	1	1	1	0
12.08.2015 05:36:07.620000	0.00499988	0.0214234	0.0127311	125.461	-573.953	0.00813802	5	4	4	4	0.246295	338	62.1774	0	0	0	0.240632	128.213	0.5815	488.676	1	1	1	1	1	1	1	0
12.08.2015 05:36:07.720000	0.00499988	0.0214234	0.0127311	125.461	-526.193	0.00904225	5	4	4	4	0.239302	338	62.1774	0	0	0	0.236545	128.198	0.58388	488.61	1	1	1	1	1	1	1	0
12.08.2015 05:36:07.820000	0.00499988	0.0214234	0.0127311	125.461	-489.051	0.0113932	5	4	4	4	0.239124	338	62.1774	0	0	0	0.234918	128.177	0.585284	488.523	1	1	1	1	1	1	1	0
12.08.2015 05:36:07.920000	0.00499988	0.0214234	0.0127311	125.461	-448.06	0.0112124	5	4	4	4	0.247044	338	62.1774	0	0	0	0.232024	128.152	0.591083	488.407	1	1	1	1	1	1	1	0
12.08.2015 05:36:08.020000	0.00499988	0.0214234	0.0127311	125.461	-397.406	0.00976563	5	4	4	4	0.242256	338	62.1774	0	0	0	0.228443	128.139	0.593219	488.347	1	1	1	1	1	1	1	0
12.08.2015 05:36:08.120000	0.00499988	0.0214234	0.0127311	125.461	-346.638	0.0072338	5	4	4	4	0.252933	338	62.1774	0	0	0	0.227214	128.109	0.60329	488.195	1	1	1	1	1	1	1	0
12.08.2015 05:36:08.220000	0.00499988	0.0214234	0.0127311	125.461	-304.52	0.00542535	5	4	4	4	0.263466	338	62.1774	0	0	0	0.22432	128.075	0.59621	488.09	1	1	1	1	1	1	1	0
12.08.2015 05:36:08.320000	0.00499988	0.0214234	0.0127311	125.464	-262.919	0.00470197	5	4	4	4	0.2774	338	62.1774	0	0	0	0.22356	128.058	0.584124	488.073	1	1	1	1	1	1	1	0
12.08.2015 05:36:08.420000	0.00499988	0.0214234	0.0127311	125.469	-204.332	0.00434028	5	4	4	4	0.242776	338	62.1774	0	0	0	0.219184	128.029	0.589129	487.94	1	1	1	1	1	1	1	0
12.08.2015 05:36:08.520000	0.00499988	0.0214234	0.0127311	125.469	-162.711	0.00506366	5	4	4	4	0.243514	338	62.1774	0	0	0	0.220486	127.985	0.588641	487.775	1	1	1	1	1	1	1	0
12.08.2015 05:36:08.620000	0.00499988	0.0214234	0.0127311	125.469	-121.477	0.00434028	5	4	4	4	0.247652	338	62.1774	0	0	0	0.216218	127.976	0.587481	487.744	1	1	1	1	1	1	1	0
12.08.2015 05:36:08.720000	0.00499988	0.0214234	0.0127311	125.469	-74.5469	0.00434028	5	4	4	4	0.245269	338	62.1774	0	0	0	0.21582	127.949	0.588458	487.637	1	1	1	1	1	1	1	0
12.08.2015 05:36:08.820000	0.00499988	0.0214234	0.0127311	125.469	-22.2734	0.00596788	5	4	4	4	0.259159	338	62.1774	0	0	0	0.213252	127.918	0.58681	487.525	1	1	1	1	1	1	1	0
12.08.2015 05:36:08.920000	0.00499988	0.0214234	0.0127311	125.474	19.0755	0.00614873	5	4	4	4	0.263084	338	62.1774	0	0	0	0.21394	127.893	0.584857	487.438	1	1	1	1	1	1	1	0
12.08.2015 05:36:09.020000	0.00499988	0.0214234	0.0127311	125.469	60.207	0.00651042	5	4	4	4	0.263344	338	62.1774	0	0	0	0.212131	127.864	0.584002	487.33	1	1	1	1	1	1	1	0
12.08.2015 05:36:09.120000	0.00499988	0.0214234	0.0127311	125.471	106.857	0.00651042	5	4	4	4	0.251306	338	62.1774	0	0	0	0.210178	127.889	0.58742	487.411	1	1	1	1	1	1	1	0
12.08.2015 05:36:09.220000	0.00499988	0.0214234	0.0127311	125.477	158.875	0.00596788	5	4	4	4	0.256351	338	62.1774	0	0	0	0.210503	127.795	0.583636	487.065	1	1	1	1	1	1	1	0
12.08.2015 05:36:09.320000	0.00499988	0.0214234	0.0127311	125.477	199.573	0.00542535	5	4	4	4	0.25498	338	62.1774	0	0	0	0.208008	127.823	0.584735	487.171	1	1	1	1	1	1	1	0
12.08.2015 05:36:09.420000	0.00499988	0.0214234	0.0127311	125.477	240.465	0.00434028	5	4	4	4	0.26158	338	62.1774	0	0	0	0.209346	127.754	0.589679	486.887	1	1	1	1	1	1	1	0
12.08.2015 05:36:09.520000	0.00499988	0.0214234	0.0127311	125.477	292.336	0.00434028	5	4	4	4	0.248581	338	62.1774	0	0	0	0.205042	127.594	0.59035	486.272	1	1	1	1	1	1	1	0
12.08.2015 05:36:09.620000	0.00499988	0.0214234	0.0127311	125.477	338.578	0.00271267	5	4	4	4	0.252027	338	62.1774	0	0	0	0.208044	127.694	0.593219	486.644	1	1	1	1	1	1	1	0
12.08.2015 05:36:09.720000	0.00499988	0.0214234	0.0127311	125.477	379.414	0.00072338	5	4	4	4	0.262257	338	62.1774	0	0	0	0.205331	127.514	0.586322	485.98	1	1	1	1	1	1	1	0
12.08.2015 05:36:09.820000	0.00499988	0.0214234	0.0127311	125.484	420.156	0.00596788	5	4	4	4	0.241649	338	62.1774	0	0	0	0.205874	127.664	0.593402	486.528	1	1	1	1	1	1	1	0
12.08.2015 05:36:09.920000	0.00499988	0.0214234	0.0127311	125.482	477.396	0.00651042	5	4	4	4	0.238708	338	62.1774	0	0	0	0.203668	127.609	0.597919	486.3	1	1	1	1	1	1	1	0
12.08.2015 05:36:10.020000	0.00499988	0.0214234	0.0127311	125.484	518.176	0.00651042	5	4	4	4	0.228809	338	62.1774	0	0	0	0.20468	127.573	0.599139	486.156	1	1	1	1	1	1	1	0
12.08.2015 05:36:10.120000	0.00499988	0.0214234	0.0127311	125.49	557.878	0.00542535	5	4	4	4	0.256729	338	62.1774	0	0	0	0.20298	127.632	0.600726	486.376	1	1	1	1	1	1	1	0
12.08.2015 05:36:10.220000	0.00499988	0.0214234	0.0127311	125.508	591.68	0.00596788	5	4	4	4	0.253822	338	62.1774	0	0	0	0.201534	127.646	0.606281	486.408	1	1	1	1	1	1	1	0
12.08.2015 05:36:10.320000	0.00499988	0.0214234	0.0127311	125.516	629.294	0.00506366	5	4	4	4	0.287342	338	62.1774	0	0	0	0.203342	127.533	0.61214	485.954	1	1	1	1	1	1	1	0
12.08.2015 05:36:10.420000	0.00499988	0.0214234	0.0127311	125.516	650.133	0.00434028	5	4	4	4	0.272533	338	62.1774	0	0	0	0.201353	127.516	0.596576	485.948	1	1	1	1	1	1	1	0
12.08.2015 05:36:10.520000	0.00499988	0.0214234	0.0127311	125.518	664.451	0.00289352	5	4	4	4	0.243373	338	62.1774	0	0	0	0.202402	127.491	0.593585	485.866	1	1	1	1	1	1	1	0
12.08.2015 05:36:10.620000	0.00499988	0.0214234	0.0127311	125.516	672.055	0.0016276	5	4	4	4	0.259524	338	62.1774	0	0	0	0.199146	127.605	0.595721	486.292	1	1	1	1	1	1	1	0
12.08.2015 05:36:10.720000	0.00499988	0.0214234	0.0127311	125.516	674.294	0	5	4	4	4	0.257422	338	62.1774	0	0	0	0.202474	127.564	0.595477	486.139	1	1	1	1	1	1	1	0
12.08.2015 05:36:10.820000	0.00499988	0.0214234	0.0127311	125.516	674.953	0.0016276	5	4	4	4	0.239242	338	62.1774	0	0	0	0.198893	127.401	0.597552	485.505	1	1	1	1	1	1	1	0
12.08.2015 05:36:10.920000	0.00499988	0.0214234	0.0127311	125.516	674.961	0.00253183	5	4	4	4	0.241048	338	62.1774	0	0	0	0.200919	127.399	0.599078	485.492	1	1	1	1	1	1	1	0
12.08.2015 05:36:11.020000	0.00499988	0.0214234	0.0127311	125.516	674.961	0.00217014	5	4	4	4	0.245918	338	62.1774	0	0	0	0.198568	127.431	0.597613	485.622	1	1	1	1	1	1	1	0
12.08.2015 05:36:11.120000	0.00499988	0.0214234	0.0127311	125.487	674.948	0.00506366	5	4	4	4	0.261123	338	62.1774	0	0	0	0.200738	127.317	0.596149	485.188	1	1	1	1	1	1	1	0
12.08.2015 05:36:11.220000	0.00499988	0.0214234	0.0127311	125.156	674.988	0.00434028	5	4	4	4	0.268384	338	62.1774	0	0	0	0.198749	127.049	0.597858	484.157	1	1	1	1	1	1	1	0
12.08.2015 05:36:11.320000	0.00499988	0.0214234	0.0127311	125.266	674.99	0.00506366	5	4	4	4	0.258464	338	62.1774	0	0	0	0.198098	127.316	0.59682	485.183	1	1	1	1	1	1	1	0
12.08.2015 05:36:11.420000	0.00499988	0.0214234	0.0127311	125.344	674.992	0.00488281	5	4	4	4	0.257188	338	62.1774	0	0	0	0.198785	127.29	0.591876	485.102	1	1	1	1	1	1	1	0
12.08.2015 05:36:11.520000	0.00499988	0.0214234	0.0127311	125.302	674.958	0.00397859	5	4	4	4	0.260836	338	62.1774	0	0	0	0.197374	127.224	0.599872	484.819	1	1	1	1	1	1	1	0
12.08.2015 05:36:11.620000	0.00499988	0.0214234	0.0127311	125.328	674.973	0.0016276	5	4	4	4	0.270725	338	62.1774	0	0	0	0.198206	127.256	0.598834	484.945	1	1	1	1	1	1	1	0
12.08.2015 05:36:11.720000	0.00499988	0.0214234	0.0127311	125.328	674.943	0.00144676	5	4	4	4	0.246017	338	62.1774	0	0	0	0.19553	127.231	0.598773	484.849	1	1	1	1	1	1	1	0
12.08.2015 05:36:11.820000	0.00499988	0.0214234	0.0127311	125.328	674.98	0	5	4	4	4	0.242259	338	62.1774	0	0	0	0.19864	127.198	0.599506	484.721	1	1	1	1	1	1	1	0
12.08.2015 05:36:11.920000	0.00499988	0.0214234	0.0127311	125.32	674.93	0.00108507	5	4	4	4	0.244088	338	62.1774	0	0	0	0.194878	127.182	0.603656	484.644	1	1	1	1	1	1	1	0
12.08.2015 05:36:12.020000	0.00499988	0.0214234	0.0127311	125.375	674.922	0.000542535	5	4	4	4	0.244969	338	62.1774	0	0	0	0.197049	127.144	0.603046	484.501	1	1	1	1	1	1	1	0
12.08.2015 05:36:12.120000	0.00499988	0.0214234	0.0127311	125.495	674.982	0	5	4	4	4	0.252215	338	62.1774	0	0	0	0.196036	127.145	0.604511	484.498	1	1	1	1	1	1	1	0
12.08.2015 05:36:12.220000	0.00499988	0.0214234	0.0127311	125.5	675.027	0.00108507	5	4	4	4	0.251538	338	62.1774	0	0	0	0.197483	127.123	0.60683	484.405	1	1	1	1	1	1	1	0
12.08.2015 05:36:12.320000	0.00499988	0.0214234	0.0127311	125.487	674.927	0.00217014	5	4	4	4	0.250603	338	62.1774	0	0	0	0.196289	127.092	0.608722	484.279	1	1	1	1	1	1	1	0
12.08.2015 05:36:12.420000	0.00499988	0.0214234	0.0127311	125.484	675.008	0.00325521	5	4	4	4	0.268391	338	62.1774	0	0	0	0.195349	127.106	0.605304	484.347	1	1	1	1	1	1	1	0
12.08.2015 05:36:12.520000	0.00499988	0.0214234	0.0127311	125.484	675.078	0.00289352	5	4	4	4	0.260764	338	62.1774	0	0	0	0.19817	127.004	0.608478	483.944	1	1	1	1	1	1	1	0
12.08.2015 05:36:12.620000	0.00499988	0.0214234	0.0127311	125.484	675.047	0.00217014	5	4	4	4	0.247359	338	62.1774	0	0	0	0.194553	127.024	0.610126	484.014	1	1	1	1	1	1	1	0
12.08.2015 05:36:12.720000	0.00499988	0.0214234	0.0127311	125.482	675.039	0.00180845	5	4	4	4	0.264313	338	62.1774	0	0	0	0.197374	127.025	0.615253	483.996	1	1	1	1	1	1	1	0
12.08.2015 05:36:12.820000	0.00499988	0.0214234	0.0127311	125.484	675.012	0.00325521	5	4	4	4	0.271017	338	62.1774	0	0	0	0.195059	126.978	0.612018	483.83	1	1	1	1	1	1	1	0
12.08.2015 05:36:12.920000	0.00499988	0.0214234	0.0127311	125.484	675	0.00108507	5	4	4	4	0.263822	338	62.1774	0	0	0	0.199002	126.979	0.606708	483.856	1	1	1	1	1	1	1	0
12.08.2015 05:36:13.020000	0.00499988	0.0214234	0.0127311	125.484	674.992	0.00108507	5	4	4	4	0.260343	338	62.1774	0	0	0	0.195204	126.948	0.606342	483.737	1	1	1	1	1	1	1	0
12.08.2015 05:36:13.120000	0.00499988	0.0214234	0.0127311	125.479	674.961	0	5	4	4	4	0.252063	338	62.1774	0	0	0	0.196506	126.917	0.60445	483.627	1	1	1	1	1	1	1	0
12.08.2015 05:36:13.220000	0.00499988	0.0214234	0.0127311	125.484	674.969	0.000542535	5	4	4	4	0.270682	338	62.1774	0	0	0	0.196036	126.919	0.605243	483.632	1	1	1	1	1	1	1	0
12.08.2015 05:36:13.320000	0.00499988	0.0214234	0.0127311	125.484	674.958	0.00217014	5	4	4	4	0.260506	338	62.1774	0	0	0	0.196578	126.854	0.609943	483.364	1	1	1	1	1	1	1	0
12.08.2015 05:36:13.420000	0.00499988	0.0214234	0.0127311	125.484	674.953	0.00217014	5	4	4	4	0.257278	338	62.1774	0	0	0	0.196434	126.835	0.611713	483.283	1	1	1	1	1	1	1	0
12.08.2015 05:36:13.520000	0.00499988	0.0214234	0.0127311	125.484	674.953	0.00289352	5	4	4	4	0.243407	338	62.1774	0	0	0	0.194517	126.74	0.610004	482.928	1	1	1	1	1	1	1	0
12.08.2015 05:36:13.620000	0.00499988	0.0214234	0.0127311	125.484	674.953	0.00271267	5	4	4	4	0.241183	338	62.1774	0	0	0	0.198061	126.859	0.610614	483.381	1	1	1	1	1	1	1	0
12.08.2015 05:36:13.720000	0.00499988	0.0214234	0.0127311	125.484	674.948	0.00289352	5	4	4	4	0.248354	338	62.1774	0	0	0	0.194878	126.872	0.611164	483.428	1	1	1	1	1	1	1	0
12.08.2015 05:36:13.820000	0.00499988	0.0214234	0.0127311	125.484	674.957	0.00271267	5	4	4	4	0.257895	338	62.1774	0	0	0	0.196832	126.708	0.61092	482.801	1	1	1	1	1	1	1	0
12.08.2015 05:36:13.920000	0.00499988	0.0214234	0.0127311	125.484	674.951	0.00253183	5	4	4	4	0.253398	338	62.1774	0	0	0	0.194227	126.761	0.611286	483.001	1	1	1	1	1	1	1	0
12.08.2015 05:36:14.020000	0.00499988	0.0214234	0.0127311	125.484	674.945	0.00108507	5	4	4	4	0.254538	338	62.1774	0	0	0	0.198315	126.668	0.609516	482.654	1	1	1	1	1	1	1	0
12.08.2015 05:36:14.120000	0.00499988	0.0214234	0.0127311	125.484	674.945	0.00036169	5	4	4	4	0.244979	338	62.1774	0	0	0	0.193793	126.693	0.606647	482.76	1	1	1	1	1	1	1	0
12.08.2015 05:36:14.220000	0.00499988	0.0214234	0.0127311	125.484	674.945	0	5	4	4	4	0.24879	338	62.1774	0	0	0	0.196036	126.641	0.610065	482.547	1	1	1	1	1	1	1	0
12.08.2015 05:36:14.320000	0.00499988	0.0214234	0.0127311	125.484	674.945	0.00108507	5	4	4	4	0.252559	338	62.1774	0	0	0	0.195855	126.627	0.60799	482.503	1	1	1	1	1	1	1	0
12.08.2015 05:36:14.420000	0.00499988	0.0214234	0.0127311	125.484	674.93	0	5	4	4	4	0.256697	338	62.1774	0	0	0	0.196904	126.653	0.60567	482.609	1	1	1	1	1	1	1	0
12.08.2015 05:36:14.520000	0.00499988	0.0214234	0.0127311	125.482	674.93	0.00108507	5	4	4	4	0.272942	338	62.1774	0	0	0	0.196289	126.591	0.605914	482.371	1	1	1	1	1	1	1	0
12.08.2015 05:36:14.620000	0.00499988	0.0214234	0.0127311	125.484	674.926	0.00325521	5	4	4	4	0.258816	338	62.1774	0	0	0	0.195132	126.651	0.608295	482.591	1	1	1	1	1	1	1	0
12.08.2015 05:36:14.720000	0.00499988	0.0214234	0.0127311	125.484	674.922	0.00253183	5	4	4	4	0.260272	338	62.1774	0	0	0	0.197808	126.652	0.607379	482.601	1	1	1	1	1	1	1	0
12.08.2015 05:36:14.820000	0.00499988	0.0214234	0.0127311	125.484	674.922	0.00271267	5	4	4	4	0.271469	338	62.1774	0	0	0	0.195023	126.514	0.61037	482.061	1	1	1	1	1	1	1	0
12.08.2015 05:36:14.920000	0.00499988	0.0214234	0.0127311	125.484	674.922	0.00144676	5	4	4	4	0.247648	338	62.1774	0	0	0	0.197193	126.535	0.61446	482.124	1	1	1	1	1	1	1	0
12.08.2015 05:36:15.020000	0.00499988	0.0214234	0.0127311	125.484	674.922	0.000542535	5	4	4	4	0.271894	338	62.1774	0	0	0	0.194553	126.495	0.613971	481.974	1	1	1	1	1	1	1	0
12.08.2015 05:36:15.120000	0.00499988	0.0214234	0.0127311	125.484	674.917	0.00108507	5	4	4	4	0.250398	338	62.1774	0	0	0	0.198857	126.484	0.615131	481.926	1	1	1	1	1	1	1	0
12.08.2015 05:36:15.220000	0.00499988	0.0214234	0.0127311	125.484	674.91	0.000542535	5	4	4	4	0.268969	338	62.1774	0	0	0	0.195276	126.496	0.617573	481.962	1	1	1	1	1	1	1	0
12.08.2015 05:36:15.320000	0.00499988	0.0214234	0.0127311	125.484	674.906	0.00072338	5	4	4	4	0.286782	338	62.1774	0	0	0	0.197049	126.458	0.615864	481.823	1	1	1	1	1	1	1	0
12.08.2015 05:36:15.420000	0.00499988	0.0214234	0.0127311	125.484	674.906	0.000542535	5	4	4	4	0.257795	338	62.1774	0	0	0	0.195313	126.438	0.611835	481.763	1	1	1	1	1	1	1	0
12.08.2015 05:36:15.520000	0.00499988	0.0214234	0.0127311	125.484	674.906	0.00036169	5	4	4	4	0.239174	338	62.1774	0	0	0	0.197591	126.415	0.612262	481.674	1	1	1	1	1	1	1	0
12.08.2015 05:36:15.620000	0.00499988	0.0214234	0.0127311	125.484	674.906	0.000542535	5	4	4	4	0.21703	338	62.1774	0	0	0	0.195819	126.399	0.614154	481.604	1	1	1	1	1	1	1	0
12.08.2015 05:36:15.720000	0.00499988	0.0214234	0.0127311	125.484	674.906	0.00217014	5	4	4	4	0.251318	338	62.1774	0	0	0	0.195132	126.378	0.614948	481.521	1	1	1	1	1	1	1	0
12.08.2015 05:36:15.820000	0.00499988	0.0214234	0.0127311	125.484	674.922	0.00542535	5	4	4	4	0.23966	338	62.1774	0	0	0	0.197121	126.363	0.61745	481.454	1	1	1	1	1	1	1	0
12.08.2015 05:36:15.920000	0.00499988	0.0214234	0.0127311	125.484	674.922	0.00687211	5	4	4	4	0.220401	338	62.1774	0	0	0	0.194734	126.335	0.615558	481.353	1	1	1	1	1	1	1	0
12.08.2015 05:36:16.020000	0.00499988	0.0214234	0.0127311	125.484	674.922	0.00542535	5	4	4	4	0.240722	338	62.1774	0	0	0	0.196217	126.332	0.617145	481.338	1	1	1	1	1	1	1	0
12.08.2015 05:36:16.120000	0.00499988	0.0214234	0.0127311	125.484	674.922	0.00614873	5	4	4	4	0.266281	338	62.1774	0	0	0	0.193974	126.314	0.612812	481.284	1	1	1	1	1	1	1	0
12.08.2015 05:36:16.220000	0.00499988	0.0214234	0.0127311	125.484	674.926	0.00488281	5	4	4	4	0.25905	338	62.1774	0	0	0	0.197302	126.296	0.618122	481.194	1	1	1	1	1	1	1	0
12.08.2015 05:36:16.320000	0.00499988	0.0214234	0.0127311	125.484	674.93	0.00506366	5	4	4	4	0.242895	338	62.1774	0	0	0	0.192817	126.273	0.622028	481.094	1	1	1	1	1	1	1	0
12.08.2015 05:36:16.420000	0.00499988	0.0214234	0.0127311	125.484	674.945	0.00325521	5	4	4	4	0.253958	338	62.1774	0	0	0	0.195276	126.234	0.619648	480.953	1	1	1	1	1	1	1	0
12.08.2015 05:36:16.520000	0.00499988	0.0214234	0.0127311	125.484	674.94	0.00289352	5	4	4	4	0.255881	338	62.1774	0	0	0	0.194878	126.325	0.618378	481.267	1	1	1	1	1	1	1	0
12.08.2015 05:36:16.620000	0.00499988	0.0214234	0.0127311	125.484	674.945	0.00488281	5	4	4	4	0.268585	338	62.1774	0	0	0	0.196036	126.153	0.619291	480.644	1	1	1	1	1	1	1	0
12.08.2015 05:36:16.720000	0.00499988	0.0214234	0.0127311	125.484	674.945	0.00470197	5	4	4	4	0.252902	338	62.1774	0	0	0	0.194886	126.177	0.616291	480.752	1	1	1	1	1	1	1	0
12.08.2015 05:36:16.820000	0.00499988	0.0214234	0.0127311	125.484	674.945	0.00488281	5	4	4	4	0.254724	338	62.1774	0	0	0	0.193229	126.164	0.617634	480.692	1	1	1	1	1	1	1	0
12.08.2015 05:36:16.920000	0.00499988	0.0214234	0.0127311	125.484	674.945	0.00506366	5	4	4	4	0.256646	338	62.1774	0	0	0	0.196238	126.147	0.621418	480.611	1	1	1	1	1	1	1	0
12.08.2015 05:36:17.020000	0.00499988	0.0214234	0.0127311	125.484	674.953	0.00488281	5	4	4	4	0.273948	338	62.1774	0	0	0	0.19294	126.133	0.621723	480.559	1	1	1	1	1	1	1	0
12.08.2015 05:36:17.120000	0.00499988	0.0214234	0.0127311	125.484	674.961	0.00253183	5	4	4	4	0.259267	338	62.1774	0	0	0	0.194907	126.128	0.618671	480.549	1	1	1	1	1	1	1	0
12.08.2015 05:36:17.220000	0.00499988	0.0214234	0.0127311	125.484	674.961	0.00271267	5	4	4	4	0.261242	338	62.1774	0	0	0	0.191319	126.09	0.620991	480.394	1	1	1	1	1	1	1	0
12.08.2015 05:36:17.320000	0.00499988	0.0214234	0.0127311	125.484	674.971	0.00325521	5	4	4	4	0.249829	338	62.1774	0	0	0	0.195284	126.075	0.620991	480.337	1	1	1	1	1	1	1	0
12.08.2015 05:36:17.420000	0.00499988	0.0214234	0.0127311	125.484	674.98	0.00271267	5	4	4	4	0.282903	338	62.1774	0	0	0	0.190885	126.051	0.624409	480.233	1	1	1	1	1	1	1	0
12.08.2015 05:36:17.520000	0.00499988	0.0214234	0.0127311	125.484	674.99	0	5	4	4	4	0.260913	338	62.1774	0	0	0	0.193229	126.02	0.62447	480.116	1	1	1	1	1	1	1	0
12.08.2015 05:36:17.620000	0.00499988	0.0214234	0.0127311	125.43	674.977	0.000542535	5	4	4	4	0.265369	338	62.1774	0	0	0	0.193056	126.013	0.627827	480.073	1	1	1	1	1	1	1	0
12.08.2015 05:36:17.720000	0.00499988	0.0214234	0.0127311	125.219	675.034	-0.00036169	5	4	4	4	0.279427	338	62.1774	0	0	0	0.193837	125.943	0.625874	479.814	1	1	1	1	1	1	1	0
12.08.2015 05:36:17.820000	0.00499988	0.0214234	0.0127311	125.203	675.008	0.00271267	5	4	4	4	0.250221	338	62.1774	0	0	0	0.192216	125.925	0.620746	479.764	1	1	1	1	1	1	1	0
12.08.2015 05:36:17.920000	0.00499988	0.0214234	0.0127311	125.203	674.99	0.0036169	5	4	4	4	0.23706	338	62.1774	0	0	0	0.191493	126.016	0.616962	480.129	1	1	1	1	1	1	1	0
12.08.2015 05:36:18.020000	0.00499988	0.0214234	0.0127311	125.203	674.988	0.00651042	5	4	4	4	0.258553	338	62.1774	0	0	0	0.194618	125.983	0.616657	480.004	1	1	1	1	1	1	1	0
12.08.2015 05:36:18.120000	0.00499988	0.0214234	0.0127311	125.203	674.992	0.00542535	5	4	4	4	0.256515	338	62.1774	0	0	0	0.191956	125.923	0.622883	479.75	1	1	1	1	1	1	1	0
12.08.2015 05:36:18.220000	0.00499988	0.0214234	0.0127311	125.203	674.992	0.00596788	5	4	4	4	0.238639	338	62.1774	0	0	0	0.193519	125.902	0.61861	479.684	1	1	1	1	1	1	1	0
12.08.2015 05:36:18.320000	0.00499988	0.0214234	0.0127311	125.201	675.057	0.00614873	5	4	4	4	0.239052	338	62.1774	0	0	0	0.190104	125.894	0.62215	479.641	1	1	1	1	1	1	1	0
12.08.2015 05:36:18.420000	0.00499988	0.0214234	0.0127311	125.199	675.02	0.00651042	5	4	4	4	0.263646	338	62.1774	0	0	0	0.194271	125.862	0.616962	479.537	1	1	1	1	1	1	1	0
12.08.2015 05:36:18.520000	0.00499988	0.0214234	0.0127311	125.198	675.042	0.0036169	5	4	4	4	0.246931	338	62.1774	0	0	0	0.190278	125.868	0.619037	479.554	1	1	1	1	1	1	1	0
12.08.2015 05:36:18.620000	0.00499988	0.0214234	0.0127311	125.203	675.055	0.00325521	5	4	4	4	0.257183	338	62.1774	0	0	0	0.19294	126.116	0.615741	480.514	1	1	1	1	1	1	1	0
12.08.2015 05:36:18.720000	0.00499988	0.0214234	0.0127311	125.201	675.047	0.00289352	5	4	4	4	0.249896	338	62.1774	0	0	0	0.191753	125.766	0.618793	479.162	1	1	1	1	1	1	1	0
12.08.2015 05:36:18.820000	0.00499988	0.0214234	0.0127311	125.215	675.035	0.00217014	5	4	4	4	0.251079	338	62.1774	0	0	0	0.193779	125.747	0.618488	479.093	1	1	1	1	1	1	1	0
12.08.2015 05:36:18.920000	0.00499988	0.0214234	0.0127311	125.214	675.039	0.00397859	5	4	4	4	0.257292	338	62.1774	0	0	0	0.191638	125.729	0.623493	479.006	1	1	1	1	1	1	1	0
12.08.2015 05:36:19.020000	0.00499988	0.0214234	0.0127311	125.215	675.039	0.00271267	5	4	4	4	0.246269	338	62.1774	0	0	0	0.19158	125.71	0.620869	478.943	1	1	1	1	1	1	1	0
12.08.2015 05:36:19.120000	0.00499988	0.0214234	0.0127311	125.216	675.023	0.00289352	5	4	4	4	0.257784	338	62.1774	0	0	0	0.194039	125.692	0.625568	478.855	1	1	1	1	1	1	1	0
12.08.2015 05:36:19.220000	0.00499988	0.0214234	0.0127311	125.219	675.023	0.00488281	5	4	4	4	0.246201	338	62.1774	0	0	0	0.192245	125.673	0.625935	478.781	1	1	1	1	1	1	1	0
12.08.2015 05:36:19.320000	0.00499988	0.0214234	0.0127311	125.219	675.023	0.00614873	5	4	4	4	0.267315	338	62.1774	0	0	0	0.193519	125.654	0.624714	478.712	1	1	1	1	1	1	1	0
12.08.2015 05:36:19.420000	0.00499988	0.0214234	0.0127311	125.219	675.023	0.00651042	5	4	4	4	0.233788	338	62.1774	0	0	0	0.190914	125.635	0.62624	478.634	1	1	1	1	1	1	1	0
12.08.2015 05:36:19.520000	0.00499988	0.0214234	0.0127311	125.219	675.023	0.00542535	5	4	4	4	0.255478	338	62.1774	0	0	0	0.195081	125.623	0.628071	478.579	1	1	1	1	1	1	1	0
12.08.2015 05:36:19.620000	0.00499988	0.0214234	0.0127311	125.219	675.023	0.00542535	5	4	4	4	0.262092	338	62.1774	0	0	0	0.190799	125.606	0.628193	478.515	1	1	1	1	1	1	1	0
12.08.2015 05:36:19.720000	0.00499988	0.0214234	0.0127311	125.219	675.023	0.00434028	5	4	4	4	0.242715	338	62.1774	0	0	0	0.193345	125.589	0.629841	478.443	1	1	1	1	1	1	1	0
12.08.2015 05:36:19.820000	0.00499988	0.0214234	0.0127311	125.219	675.027	0.00271267	5	4	4	4	0.234055	338	62.1774	0	0	0	0.189224	125.572	0.631479	478.372	1	1	1	1	1	1	1	0
