Time	[76:0]	[76:1]	[76:2]	[76:4]	[76:8]	[76:70]	[76:71]	[78:0]	[78:1]	[78:2]	[79:2]	[79:3]	[79:4]	[79:8]	[79:9]	[79:10]	[79:11]	[79:12]	[79:13]	[79:14]	[79.0]	[79.1]	[79.2]	[79.3]	[79.4]	[79.5]	[79.6]	[79.8]
time	Hoogteverstelling - Referentie positie (mm)	Hoogteverstelling - AZ gemeten positie (mm)	Hoogteverstelling - BZ gemeten positie (mm)	Transfert Ingang - Gemeten positie (mm)	Transfert Uitgang - Gemeten positie (mm)	Aardgas - actueel debiet	Stappenschakelaar - gemeten pos	Laspos Ing - positie discreet	Laspos Uitg - positie discreet	Schaafverstelling - positie discreet	Stuikraam - Totale Stroommeting RMS-waarde (A)	Stuikraam - Stroomreferentie (A)	Stuikraam - Positie AZ (mm, pulsgever)	Stuikraam - Referentie Servo-ventiel (%)	Stuikraam - Trim door I-regelaar (%)	Stuikraam - Gemeten snelheid (mm/s, pulsgever)	Secundaire lasspanning	Stuikraam - Druk stuikcilinder voorkamer (=laszijde)  (bar)	Stuikraam - Druk stuikcilinder terugloopkamer  (bar)	Stuikraam - Netto voorwaartse kracht op stuikraam (kN)	Stuikraam - P1	Stuikraam - P2	Stuikraam - P3	Stuikraam - P4	Stuikraam - P5	Stuikraam - P6	Stuikraam - P7	Stuikraam - Openen stuikventielen	

Lasparameter.Ingang - Coil ID	0321563S
Lasparameter.Ingang - Dikte (um)	2180
Lasparameter.Ingang - Breedte (mm)	1270
Lasparameter.Ingang - Materiaal	0002
Lasparameter.Uitgang - Coil ID	0321562S
Lasparameter.Uitgang - Dikte (um)	2180
Lasparameter.Uitgang - Breedte (mm)	1268
Lasparameter.Uitgang - Materiaal	0002
Lasparameter.P2 (mm)	40.0
Lasparameter.P3 (mm)	50.0
Lasparameter.P4 (mm)	58.2
Lasparameter.P5 (mm)	62.0
Lasparameter.P6 (mm)	66.5
Lasparameter.P7 (mm)	70.2
Lasparameter.Vonksnelheid (mm/s)	1.20
Lasparameter.Lassnelheid (mm/s)	0.48
Lasparameter.Stroom Referentie (A)	0223
Lasparameter.Stroomtoename (µA/s2)	83.5
Lasparameter.Stuikstroomtijd (per)	0006
Lasparameter.Afkoeltijd Stuik (per)	0150
Lasparameter.Stuikdruk (bar)	0096
Lasparameter.Stuiksnelheid (%)	80.0

17.08.2015 15:25:20.272000	0	-0.00428328	0.00848839	0	-660.578	0.00596788	5	2	2	2	0.372886	223	0	0	0	0	0.33724	5.80279	129.131	-472.201	1	0	0	0	0	0	0	0
17.08.2015 15:25:20.372000	0	-0.00428328	0.00848839	0	-660.57	0.00596788	5	2	2	2	0.384183	223	0	0	0	0	0.334346	3.81555	129.068	-479.566	1	0	0	0	0	0	0	0
17.08.2015 15:25:20.472000	0	-0.00428328	0.00848839	0	-660.576	0.00614873	5	2	2	2	0.365694	223	0	0	0	0	0.331742	4.55599	129.06	-476.702	1	0	0	0	0	0	0	0
17.08.2015 15:25:20.572000	0	-0.00428328	0.00848839	0	-660.57	0.00434028	5	2	2	2	0.37302	223	0	0	0	0	0.328451	5.11795	129.047	-474.499	1	0	0	0	0	0	0	0
17.08.2015 15:25:20.672000	0	-0.00428328	0.00848839	0	-660.568	0.00434028	5	2	2	2	0.380883	223	0	0	0	0	0.327908	5.51952	129.054	-472.989	1	0	0	0	0	0	0	0
17.08.2015 15:25:20.772000	0	-0.00428328	0.00848839	0	-660.57	0.00379774	5	2	2	2	0.385255	223	0	0	0	0	0.325304	4.28675	129.031	-477.62	1	0	0	0	0	0	0	0
17.08.2015 15:25:20.872000	0	-0.00428328	0.00848839	0.00520833	-660.568	0.00687211	5	2	2	2	0.378771	223	0	0	0	0	0.32411	2.66738	128.929	-483.432	1	0	0	0	0	0	0	0
17.08.2015 15:25:20.972000	0	-0.00428328	0.00848839	0	-660.566	0.00217014	5	2	2	2	0.363121	223	0	0	0	0	0.322627	5.39323	128.992	-473.235	1	0	0	0	0	0	0	0
17.08.2015 15:25:21.072000	0	-0.00428328	0.00848839	0.015625	-660.565	0.00470197	5	2	2	2	0.376147	223	0	0	0	0	0.32194	6.50801	129.074	-469.283	1	0	0	0	0	0	0	0
17.08.2015 15:25:21.172000	0	-0.00428328	0.00848839	0.0117188	-660.566	0.00488281	5	2	2	2	0.358161	223	0	0	0	0	0.320457	3.9776	128.946	-478.478	1	0	0	0	0	0	0	0
17.08.2015 15:25:21.272000	0	-0.00428328	0.00848839	0.0130208	-660.57	0.00397859	5	2	2	2	0.359194	223	0	0	0	0	0.32024	6.17835	128.969	-470.142	1	0	0	0	0	0	0	0
17.08.2015 15:25:21.372000	0	-0.00428328	0.00848839	0.015625	-660.57	0.00596788	5	2	2	2	0.378672	223	0	0	0	0	0.323495	4.90725	128.928	-474.851	1	0	0	0	0	0	0	0
17.08.2015 15:25:21.472000	0	-0.00428328	0.00848839	0.015625	-660.565	0.00434028	5	2	2	2	0.353586	223	0	0	0	0	0.325449	5.04367	128.908	-474.251	1	0	0	0	0	0	0	0
17.08.2015 15:25:21.572000	0	-0.00428328	0.00848839	0.015625	-660.563	0.00488281	5	2	2	2	0.368567	223	0	0	0	0	0.328197	5.83233	128.904	-471.217	1	0	0	0	0	0	0	0
17.08.2015 15:25:21.672000	0	-0.00428328	0.00848839	0.015625	-660.563	0.00434028	5	2	2	2	0.369312	223	0	0	0	0	0.331272	5.23099	128.872	-473.396	1	0	0	0	0	0	0	0
17.08.2015 15:25:21.772000	0	-0.00428328	0.00848839	0.015625	-660.563	0.00488281	5	2	2	2	0.372375	223	0	0	0	0	0.334346	5.15946	128.848	-473.58	1	0	0	0	0	0	0	0
17.08.2015 15:25:21.872000	0	-0.00428328	0.00848839	0.00520833	-660.557	0.0036169	5	2	2	2	0.363158	223	0	0	0	0	0.335431	2.95956	128.754	-481.643	1	0	0	0	0	0	0	0
17.08.2015 15:25:21.972000	0	-0.00428328	0.00848839	0.0117188	-660.563	0.00271267	5	2	2	2	0.381803	223	0	0	0	0	0.338035	3.19199	128.722	-480.629	1	0	0	0	0	0	0	0
17.08.2015 15:25:22.072000	0	-0.00428328	0.00848839	0.192708	-660.568	0.00289352	5	2	2	2	0.384366	223	0	0	0	0	0.339193	4.94974	128.75	-474.005	1	0	0	0	0	0	0	0
17.08.2015 15:25:22.172000	0	-0.00428328	0.00848839	0.851563	-660.57	0.00217014	5	2	2	2	0.376727	223	0	0	0	0	0.340748	4.80374	128.735	-474.51	1	0	0	0	0	0	0	0
17.08.2015 15:25:22.272000	0	-0.00428328	0.00848839	6.86458	-660.57	0.00253183	5	2	2	2	0.381292	223	0	0	0	0	0.34111	4.14466	128.7	-476.899	1	0	0	0	0	0	0	0
17.08.2015 15:25:22.372000	0	-0.00428328	0.00848839	22.1875	-660.57	0.00217014	5	2	2	2	0.37224	223	0	0	0	0	0.342412	5.06247	128.704	-473.397	1	0	0	0	0	0	0	0
17.08.2015 15:25:22.472000	0	-0.00428328	0.00848839	47.2552	-660.568	0.00217014	5	2	2	2	0.372488	223	0	0	0	0	0.343135	4.91861	128.677	-473.845	1	0	0	0	0	0	0	0
17.08.2015 15:25:22.572000	0	-0.00428328	0.00848839	74.3047	-660.566	0.00271267	5	2	2	2	0.373745	223	0	0	0	0	0.343859	4.34175	128.646	-475.937	1	0	0	0	0	0	0	0
17.08.2015 15:25:22.672000	0	-0.00428328	0.00848839	102.818	-660.57	0.00217014	5	2	2	2	0.374631	223	0	0	0	0	0.344546	4.14625	128.62	-476.584	1	0	0	0	0	0	0	0
17.08.2015 15:25:22.772000	0	-0.00428328	0.00848839	135.711	-660.57	0.00217014	5	2	2	2	0.368594	223	0	0	0	0	0.344763	5.06247	128.614	-473.054	1	0	0	0	0	0	0	0
17.08.2015 15:25:22.872000	0	-0.00428328	0.00848839	185.198	-660.57	0.00253183	5	2	2	2	0.360907	223	0	0	0	0	0.345667	4.62722	128.583	-474.602	1	0	0	0	0	0	0	0
17.08.2015 15:25:22.972000	0	-0.00428328	0.00848839	232.457	-660.57	0.00379774	5	2	2	2	0.354445	223	0	0	0	0	0.345956	4.46315	128.561	-475.146	1	0	0	0	0	0	0	0
17.08.2015 15:25:23.072000	0	-0.00428328	0.00848839	274.935	-660.57	0.00253183	5	2	2	2	0.370648	223	0	0	0	0	0.347078	4.72024	128.545	-474.102	1	0	0	0	0	0	0	0
17.08.2015 15:25:23.172000	0	-0.00428328	0.00848839	317.164	-660.57	0.00379774	5	2	2	2	0.381241	223	0	0	0	0	0.34668	4.59761	128.519	-474.472	1	0	0	0	0	0	0	0
17.08.2015 15:25:23.272000	0	-0.00428328	0.00848839	376.385	-660.57	0.00434028	5	2	2	2	0.393116	223	0	0	0	0	0.347439	4.53853	128.497	-474.614	1	0	0	0	0	0	0	0
17.08.2015 15:25:23.372000	0	-0.00428328	0.00848839	418.078	-660.57	0.00434028	5	2	2	2	0.39179	223	0	0	0	0	0.345486	4.42994	128.476	-474.946	1	0	0	0	0	0	0	0
17.08.2015 15:25:23.472000	0	-0.00428328	0.00848839	453.159	-660.57	0.00470197	5	2	2	2	0.387674	223	0	0	0	0	0.345992	4.30842	128.455	-475.333	1	0	0	0	0	0	0	0
17.08.2015 15:25:23.572000	0	-0.00428328	0.00848839	478.906	-660.57	0.00542535	5	2	2	2	0.379182	223	0	0	0	0	0.344329	4.45338	128.436	-474.703	1	0	0	0	0	0	0	0
17.08.2015 15:25:23.672000	0	-0.00428328	0.00848839	495.763	-660.57	0.00434028	5	2	2	2	0.377839	223	0	0	0	0	0.344293	4.48634	128.413	-474.489	1	0	0	0	0	0	0	0
17.08.2015 15:25:23.772000	0	-0.00428328	0.00848839	511.629	-660.57	0.00542535	5	2	2	2	0.380576	223	0	0	0	0	0.343714	4.50075	128.395	-474.368	1	0	0	0	0	0	0	0
17.08.2015 15:25:23.872000	0	-0.00428328	0.00848839	527.375	-660.57	0.00434028	5	2	2	2	0.384409	223	0	0	0	0	0.341037	4.43855	128.375	-474.529	1	0	0	0	0	0	0	0
17.08.2015 15:25:23.972000	0	-0.00428328	0.00848839	548.859	-660.57	0.00434028	5	2	2	2	0.375495	223	0	0	0	0	0.341001	4.46956	128.352	-474.32	1	0	0	0	0	0	0	0
17.08.2015 15:25:24.072000	0	-0.00428328	0.00848839	564.422	-660.57	0.00325521	5	2	2	2	0.370345	223	0	0	0	0	0.338831	4.5154	128.334	-474.075	1	0	0	0	0	0	0	0
17.08.2015 15:25:24.172000	0	-0.00428328	0.00848839	579.918	-660.574	0.00271267	5	2	2	2	0.380398	223	0	0	0	0	0.337637	4.42775	128.312	-474.329	1	0	0	0	0	0	0	0
17.08.2015 15:25:24.272000	0	-0.00428328	0.00848839	594.339	-660.573	0.0036169	5	2	2	2	0.380868	223	0	0	0	0	0.33648	4.43532	128.294	-474.229	1	0	0	0	0	0	0	0
17.08.2015 15:25:24.372000	0	-0.00428328	0.00848839	614.773	-660.578	0.00434028	5	2	2	2	0.408043	223	0	0	0	0	0.336661	4.49037	128.269	-473.922	1	0	0	0	0	0	0	0
17.08.2015 15:25:24.472000	0	-0.00428328	0.00848839	629.148	-660.578	0.00253183	5	2	2	2	0.390101	223	0	0	0	0	0.336118	4.45985	128.247	-473.955	1	0	0	0	0	0	0	0
17.08.2015 15:25:24.572000	0	-0.00428328	0.00848839	642.668	-660.578	0.00217014	5	2	2	2	0.393008	223	0	0	0	0	0.336082	4.4344	128.229	-473.986	1	0	0	0	0	0	0	0
17.08.2015 15:25:24.672000	0	-0.00428328	0.00848839	657.148	-660.578	0.00289352	5	2	2	2	0.402665	223	0	0	0	0	0.334238	4.43452	128.207	-473.902	1	0	0	0	0	0	0	0
17.08.2015 15:25:24.772000	0	-0.00428328	0.00848839	672.207	-660.578	0.00271267	5	2	2	2	0.401874	223	0	0	0	0	0.333804	4.43898	128.185	-473.801	1	0	0	0	0	0	0	0
17.08.2015 15:25:24.872000	0	-0.00428328	0.00848839	682.906	-660.578	0.00289352	5	2	2	2	0.381554	223	0	0	0	0	0.332827	4.40596	128.166	-473.853	1	0	0	0	0	0	0	0
17.08.2015 15:25:24.972000	0	-0.00428328	0.00848839	692.145	-660.578	0.00271267	5	2	2	2	0.372762	223	0	0	0	0	0.333261	4.37043	128.15	-473.927	1	0	0	0	0	0	0	0
17.08.2015 15:25:25.072000	0	-0.00428328	0.00848839	699.456	-660.578	0.00289352	5	2	2	2	0.393025	223	0	0	0	0	0.334346	4.34791	128.125	-473.918	1	0	0	0	0	0	0	0
17.08.2015 15:25:25.172000	0	-0.00428328	0.00848839	702.145	-660.578	0.00379774	5	2	2	2	0.400892	223	0	0	0	0	0.335178	4.3589	128.105	-473.801	1	0	0	0	0	0	0	0
17.08.2015 15:25:25.272000	0	-0.00428328	0.00848839	702.904	-660.578	0.00578704	5	2	2	2	0.375109	223	0	0	0	0	0.335467	4.40468	128.086	-473.55	1	0	0	0	0	0	0	0
17.08.2015 15:25:25.372000	0	-0.00428328	0.00848839	703.109	-660.578	0.00488281	5	2	2	2	0.373357	223	0	0	0	0	0.333731	4.38362	128.065	-473.553	1	0	0	0	0	0	0	0
17.08.2015 15:25:25.472000	0	-0.00428328	0.00848839	703.109	-660.578	0.00506366	5	2	2	2	0.383769	223	0	0	0	0	0.333406	4.65627	128.057	-472.478	1	0	0	0	0	0	0	0
17.08.2015 15:25:25.572000	0	-0.00428328	0.00848839	703.109	-660.578	0.00488281	5	2	2	2	0.387778	223	0	0	0	0	0.331742	5.16807	128.139	-470.832	1	0	0	0	0	0	0	0
17.08.2015 15:25:25.672000	0	-0.00428328	0.00848839	703.109	-660.578	0.00542535	5	2	2	2	0.401526	223	0	0	0	0	0.333261	4.31349	128.298	-474.712	1	0	0	0	0	0	0	0
17.08.2015 15:25:25.772000	0	-0.00428328	0.00848839	703.109	-660.582	0.00434028	5	2	2	2	0.393396	223	0	0	0	0	0.334129	4.28462	128.46	-475.441	1	0	0	0	0	0	0	0
17.08.2015 15:25:25.872000	0	-0.00428328	0.00848839	703.109	-660.589	0.00470197	5	2	2	2	0.373658	223	0	0	0	0	0.334816	4.75948	128.616	-474.222	1	0	0	0	0	0	0	0
17.08.2015 15:25:25.972000	0	-0.00428328	0.00848839	703.109	-660.586	0.00434028	5	2	2	2	0.410671	223	0	0	0	0	0.332935	4.386	128.828	-476.464	1	0	0	0	0	0	0	0
17.08.2015 15:25:26.072000	0	-0.00428328	0.00848839	703.109	-660.589	0.00434028	5	2	2	2	0.394152	223	0	0	0	0	0.332176	4.39857	129.568	-479.247	1	0	0	0	0	0	0	0
17.08.2015 15:25:26.172000	0	-0.00428328	0.00848839	703.109	-660.59	0.00434028	5	2	2	2	0.384664	223	0	0	0	0	0.331236	4.65767	129.689	-478.72	1	0	0	0	0	0	0	0
17.08.2015 15:25:26.272000	0	-0.00428328	0.00848839	703.109	-660.591	0.00470197	5	2	2	2	0.367323	223	0	0	0	0	0.330476	4.55428	129.764	-479.404	1	0	0	0	0	0	0	0
17.08.2015 15:25:26.372000	0	-0.00428328	0.00848839	703.109	-660.594	0.00434028	5	2	2	2	0.361175	223	0	0	0	0	0.32968	4.49434	129.887	-480.104	1	0	0	0	0	0	0	0
17.08.2015 15:25:26.472000	0	-0.00428328	0.00848839	703.109	-660.591	0.00434028	5	2	2	2	0.372206	223	0	0	0	0	0.328234	4.48866	130.001	-480.561	1	0	0	0	0	0	0	0
17.08.2015 15:25:26.572000	0	-0.00428328	0.00848839	703.109	-660.594	0.00434028	5	2	2	2	0.383412	223	0	0	0	0	0.328234	4.54512	130.114	-480.78	1	0	0	0	0	0	0	0
17.08.2015 15:25:26.672000	0	-0.00428328	0.00848839	703.109	-660.594	0.00253183	5	2	2	2	0.401474	223	0	0	0	0	0.326787	4.53194	130.182	-481.09	1	0	0	0	0	0	0	0
17.08.2015 15:25:26.772000	0	-0.00428328	0.00848839	703.109	-660.594	0.00217014	5	2	2	2	0.387738	223	0	0	0	0	0.326606	4.51418	130.164	-481.087	1	0	0	0	0	0	0	0
17.08.2015 15:25:26.872000	0	-0.00428328	0.00848839	703.112	-660.594	0.00217014	5	2	2	2	0.373567	223	0	0	0	0	0.325521	4.1916	130.538	-483.757	1	0	0	0	0	0	0	0
17.08.2015 15:25:26.972000	0	-0.00428328	0.00848839	703.121	-660.594	0.00488281	5	2	2	2	0.383719	223	0	0	0	0	0.32534	4.00116	130.626	-484.821	1	0	0	0	0	0	0	0
17.08.2015 15:25:27.072000	0	-0.00428328	0.00848839	703.125	-660.594	0.00217014	5	2	2	2	0.383695	223	0	0	0	0	0.323604	4.61507	128.202	-473.189	1	0	0	0	0	0	0	0
17.08.2015 15:25:27.172000	0	-0.00428328	0.00848839	703.125	-660.598	0	5	2	2	2	0.390525	223	0	0	0	0	0.322953	5.91308	130.59	-477.363	1	0	0	0	0	0	0	0
17.08.2015 15:25:27.272000	0	-0.00428328	0.00848839	703.135	-660.591	0.00217014	5	2	2	2	0.381228	223	0	0	0	0	0.322519	5.06656	130.755	-481.236	1	0	0	0	0	0	0	0
17.08.2015 15:25:27.372000	0	-0.00428328	0.00848839	703.141	-660.594	0.00217014	5	2	2	2	0.386374	223	0	0	0	0	0.321976	4.76168	130.258	-480.501	1	0	0	0	0	0	0	0
17.08.2015 15:25:27.472000	0	-0.00428328	0.00848839	703.141	-660.596	0.00217014	5	2	2	2	0.38094	223	0	0	0	0	0.321506	5.11441	129.742	-477.172	1	0	0	0	0	0	0	0
17.08.2015 15:25:27.572000	0	-0.00428328	0.00848839	703.141	-660.594	0.00271267	5	2	2	2	0.372977	223	0	0	0	0	0.321434	5.0455	129.538	-476.656	1	0	0	0	0	0	0	0
17.08.2015 15:25:27.672000	0	-0.00428328	0.00848839	703.141	-660.594	0.00325521	5	2	2	2	0.384035	223	0	0	0	0	0.321795	5.02902	129.434	-476.322	1	0	0	0	0	0	0	0
17.08.2015 15:25:27.772000	0	-0.00428328	0.00848839	703.141	-660.594	0	5	2	2	2	0.382181	223	0	0	0	0	0.321615	4.89987	129.42	-476.764	1	0	0	0	0	0	0	0
17.08.2015 15:25:27.872000	0	-0.00428328	0.00848839	703.141	-660.594	0.00072338	5	2	2	2	0.375538	223	0	0	0	0	0.322193	5.18003	129.37	-475.5	1	0	0	0	0	0	0	0
17.08.2015 15:25:27.972000	0	-0.00428328	0.00848839	703.141	-660.594	0.000542535	5	2	2	2	0.361414	223	0	0	0	0	0.322085	5.01187	129.103	-475.121	1	0	0	0	0	0	0	0
17.08.2015 15:25:28.072000	0	-0.00428328	0.00848839	703.141	-660.594	0.00108507	5	2	2	2	0.354627	223	0	0	0	0	0.322591	4.86837	128.869	-474.774	1	0	0	0	0	0	0	0
17.08.2015 15:25:28.172000	0	-0.00428328	0.00848839	703.141	-660.594	0	5	2	2	2	0.256128	223	0	0	0	0	0.321615	4.75607	128.983	-475.638	1	0	0	0	0	0	0	0
17.08.2015 15:25:28.272000	0	-0.00428328	0.00848839	703.143	-660.594	0.00108507	5	2	2	2	0.275905	223	0	0	0	0	0.322157	4.2508	129.021	-477.721	1	0	0	0	0	0	0	0
17.08.2015 15:25:28.372000	0	-0.00428328	0.00848839	703.141	-660.594	0.000542535	5	2	2	2	0.266613	223	0	0	0	0	0.321542	9.794	119.761	-421.043	1	0	0	0	0	0	0	0
17.08.2015 15:25:28.472000	0	-0.00428328	0.00848839	703.055	-660.594	0.00036169	5	2	2	2	0.280237	223	0.289995	0	0	5.99476	0.321687	91.321	97.3426	-23.0553	1	0	0	0	0	0	0	0
17.08.2015 15:25:28.572000	0	-0.00428328	0.00848839	701.93	-660.594	0.00108507	5	2	2	2	0.27935	223	2.85717	0	0	33.779	0.321361	111.368	84.0443	104.617	1	0	0	0	0	0	0	0
17.08.2015 15:25:28.672000	0	-0.00428328	0.00848839	691.831	-660.594	0.00072338	5	2	2	2	0.25675	223	6.28588	0	0	35.0217	0.320964	110.543	83.7469	102.596	1	0	0	0	0	0	0	0
17.08.2015 15:25:28.772000	0	-0.00428328	0.00848839	667.648	-660.594	0.00217014	5	2	2	2	0.259094	223	9.8091	0	0	35.6363	0.321398	113.086	86.7534	100.823	1	0	0	0	0	0	0	0
17.08.2015 15:25:28.872000	0	-0.00428328	0.00848839	647.724	-660.594	0.00253183	5	2	2	2	0.25077	223	13.3751	0	0	35.5202	0.320674	117	91.1615	98.9316	1	0	0	0	0	0	0	0
17.08.2015 15:25:28.972000	0	-0.00428328	0.00848839	623.715	-660.598	0.00217014	5	2	2	2	0.271762	223	16.9053	0	0	35.2362	0.320927	119.729	93.9063	98.8699	1	0	0	0	0	0	0	0
17.08.2015 15:25:29.072000	0	-0.00428328	0.00848839	590.763	-660.596	0.00144676	5	2	2	2	0.276853	223	20.4031	0	0	34.9117	0.320023	120.509	94.7796	98.5145	1	0	0	0	0	0	0	0
17.08.2015 15:25:29.172000	0	-0.00428328	0.00848839	548.586	-660.602	0.00379774	5	2	2	2	0.247342	223	23.8816	0	0	34.9153	0.321181	120.217	94.7035	97.6853	1	0	0	0	0	0	0	0
17.08.2015 15:25:29.272000	0	-0.00428328	0.00848839	511.023	-660.602	0.00434028	5	2	2	2	0.248289	223	27.3421	0	0	34.5943	0.320602	119.982	94.5236	97.4764	1	0	0	0	0	0	0	0
17.08.2015 15:25:29.372000	0	-0.00428328	0.00848839	471.492	-660.602	0.00488281	5	2	2	2	0.227298	223	30.825	0	0	35.2336	0.321	120.41	94.9697	97.4074	1	0	0	0	0	0	0	0
17.08.2015 15:25:29.472000	0	-0.00428328	0.00848839	428.328	-660.602	0.00578704	5	2	2	2	0.247937	223	34.3244	0	0	34.9094	0.321108	121.506	96.1888	96.9342	1	0	0	0	0	0	0	0
17.08.2015 15:25:29.572000	0	-0.00428328	0.00848839	382.613	-660.605	0.00596788	5	2	2	2	0.239481	223	37.8148	0	0	34.9142	0.321253	122.082	96.8501	96.6063	1	0	0	0	0	0	0	0
17.08.2015 15:25:29.672000	0	-0.00428328	0.00848839	348.44	-660.609	0.00434028	5	2	2	2	0.255783	223	41.7782	43	0	47.083	0.320783	115.119	87.9803	103.91	1	0.87	0	0	0	0	0	0
17.08.2015 15:25:29.772000	0	-0.00428328	0.00848839	316.586	-660.609	0.00325521	5	2	2	2	0.253988	223	45.6004	50	0	28.0475	0.32071	102.833	81.3944	82.0826	1	1	0	0	0	0	0	0
17.08.2015 15:25:29.872000	0	-0.00428328	0.00848839	279.956	-660.62	0.00289352	5	2	2	2	0.254418	223	47.4319	46.1701	0	14.1366	0.321651	75.8665	53.478	85.7011	1	1	0	0	0	0	0	0
17.08.2015 15:25:29.972000	0	-0.00428328	0.00848839	249.078	-660.629	0.00217014	5	2	2	2	0.262762	223	48.5013	36.2452	0	10.2385	0.32071	57.4524	33.7747	90.6535	1	1	0	0	0	0	0	0
17.08.2015 15:25:30.072000	0	-0.00428328	0.00848839	229.333	-660.646	0.00217014	5	2	2	2	0.254072	223	49.2902	26.178	0	7.50522	0.320703	50.0941	25.873	92.7256	1	1	0	0	0	0	0	0
17.08.2015 15:25:30.172000	0	-0.00428328	0.00848839	215.172	-660.641	0.00271267	5	2	2	2	0.25651	223	49.8205	16.1572	0	5.86887	0.319922	45.7955	21.6576	92.4189	1	1	0	0	0	0	0	0
17.08.2015 15:25:30.272000	0	-0.00428328	0.00848839	189.289	-660.641	0.00253183	5	2	2	2	46.8094	223	50.0851	5.90551	0	3.55335	0.444531	44.05	19.5363	93.858	1	1	1	0	0	0	0	0
17.08.2015 15:25:30.372000	0	-0.00428328	0.00848839	172.559	-660.641	0.00325521	5	2	2	2	79.4934	223	50.206	5.18219	0	3.55335	5.39583	43.8482	18.97	95.2228	1	1	1	0	0	0	0	0
17.08.2015 15:25:30.472000	0	-0.00428328	0.00848839	156.701	-660.643	0.00397859	5	2	2	2	79.7071	223	50.3313	5.18219	0	1.27765	10.3503	43.6155	18.8333	94.8863	1	1	1	0	0	0	0	0
17.08.2015 15:25:30.572000	0	-0.00428328	0.00848839	141.43	-660.648	0.00434028	5	2	2	2	79.9573	223	50.4477	5.18219	0	1.23121	11.3112	43.3678	18.6548	94.621	1	1	1	0	0	0	0	0
17.08.2015 15:25:30.672000	0	-0.00428328	0.00848839	131.479	-660.648	0.00397859	5	2	2	2	80.0611	223	50.5671	5.18219	0	1.21447	11.5377	43.1861	18.4297	94.7872	1	1	1	0	0	0	0	0
17.08.2015 15:25:30.772000	0	-0.00428328	0.00848839	125.402	-660.648	0.00271267	5	2	2	2	80.0218	223	50.6855	5.18219	0	1.2132	11.6191	43.0497	18.3048	94.743	1	1	1	0	0	0	0	0
17.08.2015 15:25:30.872000	0	-0.00428328	0.00848839	124.68	-660.648	0.00217014	5	2	2	2	80.0286	223	50.8054	5.18219	0	1.23539	11.649	42.9632	18.2699	94.5458	1	1	1	0	0	0	0	0
17.08.2015 15:25:30.972000	0	-0.00428328	0.00848839	126.582	-660.656	0.00217014	5	2	2	2	79.9583	223	50.9252	5.18219	0	1.23732	11.6561	42.8565	18.2134	94.3535	1	1	1	0	0	0	0	0
17.08.2015 15:25:31.072000	0	-0.00428328	0.00848839	126.656	-660.664	0.00470197	5	2	2	2	79.9019	223	51.0416	5.18219	0	1.17208	11.6644	42.8105	18.1126	94.5635	1	1	1	0	0	0	0	0
17.08.2015 15:25:31.172000	0	-0.00428328	0.00848839	126.789	-660.664	0.00651042	5	2	2	2	80.0055	223	51.162	5.18219	0	1.15148	11.6654	42.7798	18.0704	94.6075	1	1	1	0	0	0	0	0
17.08.2015 15:25:31.272000	0	-0.00428328	0.00848839	126.792	-660.664	0.00614873	5	2	2	2	80.0115	223	51.2784	5.18219	0	1.16166	11.6744	42.74	18.0179	94.6559	1	1	1	0	0	0	0	0
17.08.2015 15:25:31.372000	0	-0.00428328	0.00848839	126.777	-660.664	0.00596788	5	2	2	2	79.9042	223	51.3948	5.18219	0	1.16764	11.676	42.6945	18.0158	94.4899	1	1	1	0	0	0	0	0
17.08.2015 15:25:31.472000	0	-0.00428328	0.00848839	126.776	-660.672	0.00614873	5	2	2	2	80.0086	223	51.5167	5.18219	0	1.18306	11.6732	42.6798	18.0272	94.3899	1	1	1	0	0	0	0	0
17.08.2015 15:25:31.572000	0	-0.00428328	0.00848839	126.781	-660.676	0.00596788	5	2	2	2	79.997	223	51.6311	5.18219	0	1.19567	11.6742	42.671	18.0232	94.3717	1	1	1	0	0	0	0	0
17.08.2015 15:25:31.672000	0	-0.00428328	0.00848839	126.779	-660.674	0.00614873	5	2	2	2	79.8989	223	51.7455	5.18219	0	1.18382	11.6772	42.6708	18.0106	94.4189	1	1	1	0	0	0	0	0
17.08.2015 15:25:31.772000	0	-0.00428328	0.00848839	126.781	-660.68	0.00651042	5	2	2	2	79.9333	223	51.8669	5.18219	0	1.16745	11.674	42.6594	17.9945	94.4371	1	1	1	0	0	0	0	0
17.08.2015 15:25:31.872000	0	-0.00428328	0.00848839	126.781	-660.68	0.00578704	5	2	2	2	79.9762	223	51.9833	5.18219	0	1.171	11.6704	42.6494	18.011	94.3355	1	1	1	0	0	0	0	0
17.08.2015 15:25:31.972000	0	-0.00428328	0.00848839	126.781	-660.684	0.00596788	5	2	2	2	79.9436	223	52.0987	5.18219	0	1.1789	11.6772	42.6405	18.0119	94.2981	1	1	1	0	0	0	0	0
17.08.2015 15:25:32.072000	0	-0.00428328	0.00848839	126.781	-660.688	0.00651042	5	2	2	2	79.9101	223	52.219	5.18219	0	1.17781	11.6766	42.6206	18.0183	94.1973	1	1	1	0	0	0	0	0
17.08.2015 15:25:32.172000	0	-0.00428328	0.00848839	126.781	-660.688	0.00596788	5	2	2	2	79.9716	223	52.3329	5.18219	0	1.17318	11.6756	42.6192	18.0264	94.1611	1	1	1	0	0	0	0	0
17.08.2015 15:25:32.272000	0	-0.00428328	0.00848839	126.781	-660.69	0.00578704	5	2	2	2	80.0081	223	52.4538	5.18219	0	1.17417	11.6754	42.6044	18.0381	94.0592	1	1	1	0	0	0	0	0
17.08.2015 15:25:32.372000	0	-0.00428328	0.00848839	126.781	-660.695	0.00542535	5	2	2	2	79.8997	223	52.5742	5.18219	0	1.18424	11.6811	42.5941	18.0283	94.0574	1	1	1	0	0	0	0	0
17.08.2015 15:25:32.472000	0	-0.00428328	0.00848839	126.781	-660.695	0.00506366	5	2	2	2	80.0646	223	52.6906	5.18219	0	1.18458	11.6794	42.5821	18.0396	93.9683	1	1	1	0	0	0	0	0
17.08.2015 15:25:32.572000	0	-0.00428328	0.00848839	126.781	-660.695	0.00379774	5	2	2	2	80.036	223	52.8139	5.18219	0	1.20126	11.6859	42.5894	18.0265	94.0464	1	1	1	0	0	0	0	0
17.08.2015 15:25:32.672000	0	-0.00428328	0.00848839	126.781	-660.698	0.00217014	5	2	2	2	79.9136	223	52.9288	5.18219	0	1.20126	11.6819	42.5868	18.0142	94.0833	1	1	1	0	0	0	0	0
17.08.2015 15:25:32.772000	0	-0.00428328	0.00848839	126.785	-660.703	0.00271267	5	2	2	2	80.0033	223	53.0482	5.18219	0	1.18585	11.6819	42.584	18.0275	94.0218	1	1	1	0	0	0	0	0
17.08.2015 15:25:32.872000	0	-0.00428328	0.00848839	126.786	-660.703	0.00506366	5	2	2	2	80.0025	223	53.1671	5.18219	0	1.18451	11.6827	42.5966	18.0198	94.0999	1	1	1	0	0	0	0	0
17.08.2015 15:25:32.972000	0	-0.00428328	0.00848839	126.781	-660.703	0.00596788	5	2	2	2	79.9366	223	53.282	5.18219	0	1.17539	11.6898	42.5969	18.0366	94.0368	1	1	1	0	0	0	0	0
17.08.2015 15:25:33.072000	0	-0.00428328	0.00848839	126.784	-660.703	0.00614873	5	2	2	2	80.0594	223	53.4049	5.18219	0	1.17311	11.6841	42.6017	18.0245	94.1013	1	1	1	0	0	0	0	0
17.08.2015 15:25:33.172000	0	-0.00428328	0.00848839	126.781	-660.703	0.00922309	5	2	2	2	80.0145	223	53.5218	5.18219	0	1.18103	11.6864	42.6049	18.04	94.0538	1	1	1	0	0	0	0	0
17.08.2015 15:25:33.272000	0	-0.00428328	0.00848839	126.784	-660.703	0.00578704	5	2	2	2	80.0728	223	53.6407	5.18219	0	1.18442	11.6888	42.5997	18.0388	94.0389	1	1	1	0	0	0	0	0
17.08.2015 15:25:33.372000	0	-0.00428328	0.00848839	126.781	-660.707	0.00542535	5	2	2	2	80.1531	223	53.764	5.18219	0	1.19906	11.6885	42.6102	18.0462	94.0508	1	1	1	0	0	0	0	0
17.08.2015 15:25:33.472000	0	-0.00428328	0.00848839	126.784	-660.708	0.00217014	5	2	2	2	80.1624	223	53.8784	5.18219	0	1.20729	11.702	42.6154	18.0498	94.0569	1	1	1	0	0	0	0	0
17.08.2015 15:25:33.572000	0	-0.00428328	0.00848839	126.785	-660.711	0.000542535	5	2	2	2	80.1175	223	54.0008	5.18219	0	1.19478	11.7007	42.6242	18.0554	94.069	1	1	1	0	0	0	0	0
17.08.2015 15:25:33.672000	0	-0.00428328	0.00848839	126.786	-660.711	0.00072338	5	2	2	2	80.018	223	54.1177	5.18219	0	1.18413	11.7017	42.6304	18.0706	94.0347	1	1	1	0	0	0	0	0
17.08.2015 15:25:33.772000	0	-0.00428328	0.00848839	126.781	-660.719	0.000542535	5	2	2	2	80.0921	223	54.2356	5.18219	0	1.18429	11.6917	42.6275	18.0903	93.9477	1	1	1	0	0	0	0	0
17.08.2015 15:25:33.872000	0	-0.00428328	0.00848839	126.784	-660.719	0.00108507	5	2	2	2	80.0547	223	54.3594	5.18219	0	1.18448	11.6967	42.6251	18.0904	93.9384	1	1	1	0	0	0	0	0
17.08.2015 15:25:33.972000	0	-0.00428328	0.00848839	126.789	-660.719	0.00217014	5	2	2	2	79.8901	223	54.4743	5.18219	0	1.18853	11.6947	42.6257	18.0989	93.908	1	1	1	0	0	0	0	0
17.08.2015 15:25:34.072000	0	-0.00428328	0.00848839	126.784	-660.719	0.00289352	5	2	2	2	80.0121	223	54.5967	5.18219	0	1.19571	11.6915	42.6253	18.1075	93.8734	1	1	1	0	0	0	0	0
17.08.2015 15:25:34.172000	0	-0.00428328	0.00848839	126.785	-660.719	0.00271267	5	2	2	2	80.0323	223	54.7141	5.18219	0	1.19569	11.6921	42.6357	18.1034	93.9293	1	1	1	0	0	0	0	0
17.08.2015 15:25:34.272000	0	-0.00428328	0.00848839	126.786	-660.719	0.00036169	5	2	2	2	79.9121	223	54.8315	5.18219	0	1.19562	11.6861	42.6422	18.1074	93.9389	1	1	1	0	0	0	0	0
17.08.2015 15:25:34.372000	0	-0.00428328	0.00848839	126.789	-660.719	0	5	2	2	2	79.9647	223	54.9538	5.18219	0	1.19361	11.6814	42.6447	18.1118	93.9319	1	1	1	0	0	0	0	0
17.08.2015 15:25:34.472000	0	-0.00428328	0.00848839	126.784	-660.719	0.00036169	5	2	2	2	79.8818	223	55.0682	5.18219	0	1.18443	11.6834	42.6502	18.122	93.9139	1	1	1	0	0	0	0	0
17.08.2015 15:25:34.572000	0	-0.00428328	0.00848839	126.789	-660.719	0.000542535	5	2	2	2	79.9705	223	55.1881	5.18219	0	1.18443	11.6843	42.6557	18.131	93.9003	1	1	1	0	0	0	0	0
17.08.2015 15:25:34.672000	0	-0.00428328	0.00848839	126.786	-660.719	0.00036169	5	2	2	2	80.0792	223	55.307	5.18219	0	1.18449	11.6904	42.655	18.1398	93.8641	1	1	1	0	0	0	0	0
17.08.2015 15:25:34.772000	0	-0.00428328	0.00848839	126.789	-660.719	0.00108507	5	2	2	2	80.1236	223	55.4239	5.18219	0	1.18449	11.693	42.6679	18.1427	93.9019	1	1	1	0	0	0	0	0
17.08.2015 15:25:34.872000	0	-0.00428328	0.00848839	126.784	-660.719	0.00036169	5	2	2	2	80.0866	223	55.5502	5.18219	0	1.19567	11.693	42.6745	18.149	93.9034	1	1	1	0	0	0	0	0
17.08.2015 15:25:34.972000	0	-0.00428328	0.00848839	126.789	-660.719	0.000542535	5	2	2	2	80.0656	223	55.6656	5.18219	0	1.19567	11.7003	42.6756	18.153	93.8924	1	1	1	0	0	0	0	0
17.08.2015 15:25:35.072000	0	-0.00428328	0.00848839	126.789	-660.719	0.00108507	5	2	2	2	80.0673	223	55.788	5.18219	0	1.20102	11.697	42.6707	18.169	93.8124	1	1	1	0	0	0	0	0
17.08.2015 15:25:35.172000	0	-0.00428328	0.00848839	126.785	-660.719	0.000542535	5	2	2	2	80.0641	223	55.9074	5.18219	0	1.20143	11.6987	42.663	18.1728	93.7683	1	1	1	0	0	0	0	0
17.08.2015 15:25:35.272000	0	-0.00428328	0.00848839	126.786	-660.724	-0.00108507	5	2	2	2	93.7078	223	56.0263	5.18219	0	1.20667	11.6918	42.6708	18.1712	93.804	1	1	1	0	0	0	0	0
17.08.2015 15:25:35.372000	0	-0.00428328	0.00848839	126.785	-660.723	0.00108507	5	2	2	2	107.114	223	56.1506	5.18219	0	1.20746	11.6875	42.6663	18.1717	93.7849	1	1	1	0	0	0	0	0
17.08.2015 15:25:35.472000	0	-0.00428328	0.00848839	126.789	-660.727	0.00108507	5	2	2	2	144.85	223	56.2655	5.18219	0	1.19821	11.6983	42.6699	18.173	93.7937	1	1	1	0	0	0	0	0
17.08.2015 15:25:35.572000	0	-0.00428328	0.00848839	126.781	-660.719	0.000542535	5	2	2	2	123.289	223	56.3874	5.18219	0	1.19575	11.5745	42.6723	18.1763	93.7902	1	1	1	0	0	0	0	0
17.08.2015 15:25:35.672000	0	-0.00428328	0.00848839	126.786	-660.727	0	5	2	2	2	249.047	223	56.5058	5.18219	0	1.18787	11.4558	42.6727	18.181	93.7741	1	1	1	0	0	0	0	0
17.08.2015 15:25:35.772000	0	-0.00428328	0.00848839	126.785	-660.727	7.8814	5	2	2	2	176.696	223	56.6267	5.18219	0	1.18434	11.1497	42.6657	18.1954	93.6916	1	1	1	0	0	0	0	0
17.08.2015 15:25:35.872000	0	-0.00428328	0.00848839	126.789	-660.724	18.8006	5	2	2	2	265.399	223	56.7505	5.18219	0	1.20693	11.3114	42.6795	18.2091	93.6926	1	1	1	0	0	0	0	0
17.08.2015 15:25:35.972000	0	-0.00428328	0.00848839	126.789	-660.727	24.6137	5	2	2	2	311.311	223	56.8689	5.18219	0	1.2191	11.3415	42.6806	18.2156	93.6715	1	1	1	0	0	0	0	0
17.08.2015 15:25:36.072000	0	-0.00428328	0.00848839	126.786	-660.727	27.253	5	2	2	2	121.113	223	56.9957	5.18219	0	1.22666	11.1486	42.6782	18.2397	93.5703	1	1	1	0	0	0	0	0
17.08.2015 15:25:36.172000	0	-0.00428328	0.00848839	126.789	-660.727	28.654	5	2	2	2	211.784	223	57.1131	5.18219	0	1.2311	11.4583	42.6571	18.2574	93.4217	1	1	1	0	0	0	0	0
17.08.2015 15:25:36.272000	0	-0.00428328	0.00848839	126.789	-660.727	29.2057	5	2	2	2	298.96	223	57.2395	5.18219	0	1.21754	11.3642	42.644	18.2435	93.4245	1	1	1	0	0	0	0	0
17.08.2015 15:25:36.372000	0	-0.00428328	0.00848839	126.789	-660.727	29.3962	5	2	2	2	213.59	223	57.3584	5.18219	0	1.2073	11.136	42.6269	18.2462	93.3485	1	1	1	0	0	0	0	0
17.08.2015 15:25:36.472000	0	-0.00428328	0.00848839	126.789	-660.727	29.4918	5	2	2	2	359.144	223	57.4802	5.18219	0	1.21033	11.032	42.6235	18.2327	93.3873	1	1	1	0	0	0	0	0
17.08.2015 15:25:36.572000	0	-0.00428328	0.00848839	126.789	-660.727	29.5736	5	2	2	2	348.735	223	57.6011	5.18219	0	1.21313	10.9253	42.6206	18.2308	93.3836	1	1	1	0	0	0	0	0
17.08.2015 15:25:36.672000	0	-0.00428328	0.00848839	126.784	-660.727	29.6209	5	2	2	2	328.811	223	57.7195	5.18219	0	1.21314	10.9021	42.6118	18.2274	93.3628	1	1	1	0	0	0	0	0
17.08.2015 15:25:36.772000	0	-0.00428328	0.00848839	126.789	-660.727	29.6332	5	2	2	2	392.861	223	57.8414	5.18219	0	1.21315	10.9895	42.6132	18.2179	93.4049	1	1	1	0	0	0	0	0
17.08.2015 15:25:36.872000	0	-0.00428328	0.00848839	126.789	-660.727	29.6488	5	2	2	2	352.861	223	57.9582	5.18219	0	1.20433	10.9654	42.6039	18.2198	93.3619	1	1	1	0	0	0	0	0
17.08.2015 15:25:36.972000	0	-0.00428328	0.00848839	126.789	-660.727	29.694	5	2	2	2	380.551	223	58.0776	5.18219	0	1.18993	10.9411	42.6148	18.2264	93.3782	1	1	1	0	0	0	0	0
17.08.2015 15:25:37.072000	0	-0.00428328	0.00848839	126.784	-660.727	29.7034	5	2	2	2	296.988	223	58.1836	2.75669	0.00610085	1.18993	10.8183	42.6254	18.4151	92.6965	1	1	1	0.71	0	0	0	0
17.08.2015 15:25:37.172000	0	-0.00428328	0.00848839	126.789	-660.727	29.7049	5	2	2	2	156.385	223	58.2298	1.96314	0.205743	1.00929	8.97354	43.0006	18.5064	93.7835	1	1	1	1	0	0	0	0
17.08.2015 15:25:37.272000	0	-0.00428328	0.00848839	126.789	-660.727	29.7059	5	2	2	2	256.142	223	58.2796	1.99021	0.232809	0.907682	7.68841	43.2596	18.7819	93.7199	1	1	1	1	0	0	0	0
17.08.2015 15:25:37.372000	0	-0.00428328	0.00848839	126.789	-660.727	29.7049	5	2	2	2	250.857	223	58.3318	1.86268	0.105277	0.907682	7.13341	43.4987	18.9955	93.818	1	1	1	1	0	0	0	0
17.08.2015 15:25:37.472000	0	-0.00428328	0.00848839	126.789	-660.727	29.6965	5	2	2	2	171.095	223	58.383	1.91353	0.156125	0.907682	6.92989	43.6972	19.1963	93.8089	1	1	1	1	0	0	0	0
17.08.2015 15:25:37.572000	0	-0.00428328	0.00848839	126.789	-660.727	29.6853	5	2	2	2	208.144	223	58.4333	2.00654	0.249142	0.907682	6.93124	43.8719	19.3668	93.8253	1	1	1	1	0	0	0	0
17.08.2015 15:25:37.672000	0	-0.00428328	0.00848839	126.789	-660.727	29.6814	5	2	2	2	241.088	223	58.487	2.00248	0.245076	0.589553	6.92694	44.0295	19.5177	93.8508	1	1	1	1	0	0	0	0
17.08.2015 15:25:37.772000	0	-0.00428328	0.00848839	126.789	-660.727	29.6745	5	2	2	2	220.396	223	58.5482	2.02204	0.264636	0.51493	6.91929	44.1734	19.6443	93.9171	1	1	1	1	0	0	0	0
17.08.2015 15:25:37.872000	0	-0.00428328	0.00848839	126.789	-660.727	29.6542	5	2	2	2	214.407	223	58.6019	2.00961	0.252207	0.51493	6.91849	44.2935	19.7596	93.9351	1	1	1	1	0	0	0	0
17.08.2015 15:25:37.972000	0	-0.00428328	0.00848839	126.789	-660.727	29.6408	5	2	2	2	242.141	223	58.6556	1.9641	0.206703	0.51493	6.90123	44.3927	19.8621	93.9227	1	1	1	1	0	0	0	0
17.08.2015 15:25:38.072000	0	-0.00428328	0.00848839	126.789	-660.727	29.6191	5	2	2	2	226.854	223	58.7103	1.92879	0.171387	0.525889	6.87308	44.489	19.9581	93.9239	1	1	1	1	0	0	0	0
17.08.2015 15:25:38.172000	0	-0.00428328	0.00848839	126.789	-660.727	29.6115	5	2	2	2	190.83	223	58.7651	1.97563	0.218227	0.55146	6.88646	44.5771	20.0322	93.9774	1	1	1	1	0	0	0	0
17.08.2015 15:25:38.272000	0	-0.00428328	0.00848839	126.789	-660.727	29.5931	5	2	2	2	204.455	223	58.8203	2.09405	0.336651	0.55146	6.92292	44.632	20.1007	93.9256	1	1	1	1	0	0	0	0
17.08.2015 15:25:38.372000	0	-0.00428328	0.00848839	126.789	-660.727	29.5725	5	2	2	2	191.454	223	58.876	2.13572	0.37832	0.55146	6.91406	44.6842	20.1565	93.9118	1	1	1	1	0	0	0	0
17.08.2015 15:25:38.472000	0	-0.00428328	0.00848839	126.789	-660.727	29.5407	5	2	2	2	234.349	223	58.9357	2.15948	0.402076	0.551742	6.91869	44.7241	20.2099	93.8599	1	1	1	1	0	0	0	0
17.08.2015 15:25:38.572000	0	-0.00428328	0.00848839	126.789	-660.727	29.522	5	2	2	2	204.869	223	59.0013	2.16486	0.40746	0.579729	6.89841	44.7671	20.247	93.8826	1	1	1	1	0	0	0	0
17.08.2015 15:25:38.672000	0	-0.00428328	0.00848839	126.789	-660.727	29.5001	5	2	2	2	216.157	223	59.0595	2.1968	0.439395	0.579729	6.88358	44.799	20.2834	93.8655	1	1	1	1	0	0	0	0
17.08.2015 15:25:38.772000	0	-0.00428328	0.00848839	126.789	-660.727	29.458	5	2	2	2	234.656	223	59.1202	2.22483	0.46743	0.579729	6.88034	44.8228	20.3076	93.8639	1	1	1	1	0	0	0	0
17.08.2015 15:25:38.872000	0	-0.00428328	0.00848839	126.789	-660.727	29.4365	5	2	2	2	192.287	223	59.1794	2.24701	0.489614	0.579729	6.84837	44.8421	20.3396	93.8152	1	1	1	1	0	0	0	0
17.08.2015 15:25:38.972000	0	-0.00428328	0.00848839	126.785	-660.727	29.3929	5	2	2	2	179.906	223	59.2416	2.28993	0.532533	0.600999	6.86392	44.8689	20.3563	93.8536	1	1	1	1	0	0	0	0
17.08.2015 15:25:39.072000	0	-0.00428328	0.00848839	126.786	-660.727	29.3689	5	2	2	2	208.166	223	59.3092	2.35506	0.597658	0.603628	6.893	44.8784	20.3769	93.8113	1	1	1	1	0	0	0	0
17.08.2015 15:25:39.172000	0	-0.00428328	0.00848839	126.789	-660.727	29.3441	5	2	2	2	217.76	223	59.3704	2.4154	0.657996	0.603628	6.87339	44.873	20.3891	93.744	1	1	1	1	0	0	0	0
17.08.2015 15:25:39.272000	0	-0.00428328	0.00848839	126.789	-660.729	29.3377	5	2	2	2	225.257	223	59.4326	2.45238	0.694978	0.605322	6.83866	44.8821	20.3922	93.7671	1	1	1	1	0	0	0	0
17.08.2015 15:25:39.372000	0	-0.00428328	0.00848839	126.789	-660.73	29.324	5	2	2	2	207.143	223	59.5057	2.48202	0.724617	0.645975	6.8272	44.8833	20.3923	93.7711	1	1	1	1	0	0	0	0
17.08.2015 15:25:39.472000	0	-0.00428328	0.00848839	126.789	-660.729	29.3139	5	2	2	2	182.102	223	59.5694	2.52082	0.763418	0.645975	6.81633	44.8687	20.4083	93.6542	1	1	1	1	0	0	0	0
17.08.2015 15:25:39.572000	0	-0.00428328	0.00848839	126.789	-660.727	29.3077	5	2	2	2	206.456	223	59.6331	2.58607	0.828668	0.645975	6.84155	44.8628	20.4138	93.6103	1	1	1	1	0	0	0	0
17.08.2015 15:25:39.672000	0	-0.00428328	0.00848839	126.789	-660.732	29.3012	5	2	2	2	211.32	223	59.7082	2.64476	0.887355	0.656718	6.84227	44.848	20.4102	93.5675	1	1	1	1	0	0	0	0
17.08.2015 15:25:39.772000	0	-0.00428328	0.00848839	126.789	-660.727	29.2952	5	2	2	2	185.392	223	59.7738	2.69659	0.939185	0.675817	6.82938	44.8249	20.397	93.5292	1	1	1	1	0	0	0	0
17.08.2015 15:25:39.872000	0	-0.00428328	0.00848839	126.789	-660.729	29.2936	5	2	2	2	223.488	223	59.8514	2.75741	1.00001	0.675817	6.84463	44.807	20.3838	93.5114	1	1	1	1	0	0	0	0
17.08.2015 15:25:39.972000	0	-0.00428328	0.00848839	126.789	-660.727	29.2925	5	2	2	2	199.166	223	59.9201	2.81201	1.05461	0.675817	6.82776	44.7831	20.3621	93.503	1	1	1	1	0	0	0	0
17.08.2015 15:25:40.072000	0	-0.00428328	0.00848839	126.789	-660.729	29.2922	5	2	2	2	203.87	223	60.0016	2.86628	1.10888	0.731944	6.82791	44.7517	20.3441	93.4518	1	1	1	1	0	0	0	0
17.08.2015 15:25:40.172000	0	-0.00428328	0.00848839	126.789	-660.727	29.2915	5	2	2	2	207.186	223	60.0693	2.92133	1.16393	0.73368	6.84659	44.7319	20.3193	93.4708	1	1	1	1	0	0	0	0
17.08.2015 15:25:40.272000	0	-0.00428328	0.00848839	126.789	-660.729	29.2886	5	2	2	2	185.288	223	60.1549	2.98001	1.22261	0.73368	6.85177	44.6932	20.2971	93.4077	1	1	1	1	0	0	0	0
17.08.2015 15:25:40.372000	0	-0.00428328	0.00848839	126.789	-660.73	29.2887	5	2	2	2	234.464	223	60.2245	3.04776	1.29036	0.750619	6.85441	44.669	20.2648	93.439	1	1	1	1	0	0	0	0
17.08.2015 15:25:40.472000	0	-0.00428328	0.00848839	126.789	-660.727	29.2871	5	2	2	2	186.436	223	60.309	3.09643	1.33903	0.75823	6.82886	44.6267	20.2355	93.3886	1	1	1	1	0	0	0	0
17.08.2015 15:25:40.572000	0	-0.00428328	0.00848839	126.789	-660.73	29.286	5	2	2	2	220.132	223	60.3876	3.15129	1.39397	0.75823	6.82407	44.5961	20.1879	93.4565	1	1	1	1	0	0	0	0
17.08.2015 15:25:40.672000	0	-0.00428328	0.00848839	126.789	-660.727	29.2889	5	2	2	2	191.699	223	60.4652	3.19207	1.43454	0.780826	6.80793	44.5378	20.1625	93.3238	1	1	1	1	0	0	0	0
17.08.2015 15:25:40.772000	0	-0.00428328	0.00848839	126.789	-660.727	29.2904	5	2	2	2	248.203	223	60.5563	3.24401	1.48661	0.797189	6.8128	44.5084	20.1156	93.3904	1	1	1	1	0	0	0	0
17.08.2015 15:25:40.872000	0	-0.00428328	0.00848839	126.789	-660.727	29.2936	5	2	2	2	190.718	223	60.6349	3.26968	1.51228	0.797189	6.78398	44.4719	20.0876	93.3623	1	1	1	1	0	0	0	0
17.08.2015 15:25:40.972000	0	-0.00428328	0.00848839	126.789	-660.727	29.2936	5	2	2	2	198.589	223	60.7174	3.30756	1.55016	0.823847	6.80793	44.4406	20.0605	93.3462	1	1	1	1	0	0	0	0
17.08.2015 15:25:41.072000	0	-0.00428328	0.00848839	126.789	-660.727	29.2951	5	2	2	2	218.492	223	60.8055	3.35614	1.59874	0.840186	6.81132	44.4133	20.0267	93.3714	1	1	1	1	0	0	0	0
17.08.2015 15:25:41.172000	0	-0.00428328	0.00848839	126.789	-660.727	29.292	5	2	2	2	237.793	223	60.8905	3.39309	1.63569	0.840186	6.79552	44.385	19.9944	93.3869	1	1	1	1	0	0	0	0
17.08.2015 15:25:41.272000	0	-0.00428328	0.00848839	126.789	-660.727	29.2907	5	2	2	2	203.938	223	60.9741	3.41001	1.65261	0.850487	6.79318	44.3446	19.9874	93.2588	1	1	1	1	0	0	0	0
17.08.2015 15:25:41.372000	0	-0.00428328	0.00848839	126.789	-660.73	29.2839	5	2	2	2	196.493	223	61.0592	3.44105	1.68365	0.854695	6.81096	44.3035	19.9785	93.1359	1	1	1	1	0	0	0	0
17.08.2015 15:25:41.472000	0	-0.00428328	0.00848839	126.789	-660.727	29.281	5	2	2	2	226.829	223	61.1512	3.48221	1.7248	0.854695	6.80622	44.2828	19.9359	93.2195	1	1	1	1	0	0	0	0
17.08.2015 15:25:41.572000	0	-0.00428328	0.00848839	126.789	-660.727	29.2795	5	2	2	2	208.393	223	61.2352	3.5136	1.7562	0.857071	6.79976	44.2397	19.9167	93.1277	1	1	1	1	0	0	0	0
17.08.2015 15:25:41.672000	0	-0.00428328	0.00848839	126.789	-660.729	29.2839	5	2	2	2	221.785	223	61.3238	3.54484	1.78744	0.857628	6.8129	44.2095	19.8833	93.1403	1	1	1	1	0	0	0	0
17.08.2015 15:25:41.772000	0	-0.00428328	0.00848839	126.785	-660.727	29.2833	5	2	2	2	210.466	223	61.4098	3.57017	1.81277	0.857935	6.77815	44.1805	19.8544	93.1399	1	1	1	1	0	0	0	0
17.08.2015 15:25:41.872000	0	-0.00428328	0.00848839	126.789	-660.729	29.2875	5	2	2	2	209.106	223	61.5043	3.59845	1.84104	0.888293	6.79579	44.1506	19.8247	93.1389	1	1	1	1	0	0	0	0
17.08.2015 15:25:41.972000	0	-0.00428328	0.00848839	126.789	-660.727	29.2904	5	2	2	2	209.883	223	61.5944	3.62722	1.86982	0.888293	6.80275	44.1223	19.7985	93.131	1	1	1	1	0	0	0	0
17.08.2015 15:25:42.072000	0	-0.00428328	0.00848839	126.789	-660.727	29.2896	5	2	2	2	228.477	223	61.6839	3.66089	1.90349	0.893539	6.81596	44.0949	19.7667	93.148	1	1	1	1	0	0	0	0
17.08.2015 15:25:42.172000	0	-0.00428328	0.00848839	126.789	-660.727	29.2898	5	2	2	2	222.616	223	61.7749	3.68054	1.92314	0.907722	6.81095	44.0601	19.7411	93.1125	1	1	1	1	0	0	0	0
17.08.2015 15:25:42.272000	0	-0.00428328	0.00848839	126.789	-660.729	29.2878	5	2	2	2	217.727	223	61.865	3.68818	1.93078	0.907722	6.78961	44.0411	19.7156	93.1375	1	1	1	1	0	0	0	0
17.08.2015 15:25:42.372000	0	-0.00428328	0.00848839	126.789	-660.727	29.2866	5	2	2	2	192.328	223	61.9565	3.70336	1.94596	0.913317	6.78939	44.0231	19.7026	93.1186	1	1	1	1	0	0	0	0
17.08.2015 15:25:42.472000	0	-0.00428328	0.00848839	126.789	-660.729	29.2886	5	2	2	2	254.596	223.283	62.051	3.75631	1.99891	0.917713	6.79013	44.0052	19.6785	93.1422	1	1	1	1	1	0	0	0
17.08.2015 15:25:42.572000	0	-0.00428328	0.00848839	126.789	-660.727	29.2887	5	2	2	2	199.627	224.962	62.145	3.77235	2.01495	0.917713	6.75884	43.99	19.6669	93.1284	1	1	1	1	1	0	0	0
17.08.2015 15:25:42.672000	0	-0.00428328	0.00848839	126.789	-660.729	29.286	5	2	2	2	219.605	228.31	62.2375	3.84629	2.08889	0.923649	6.74622	43.9657	19.639	93.142	1	1	1	1	1	0	0	0
17.08.2015 15:25:42.772000	0	-0.00428328	0.00848839	126.789	-660.73	29.2844	5	2	2	2	222.118	233.33	62.335	3.96662	2.20922	0.924536	6.73776	43.9211	19.6246	93.0263	1	1	1	1	1	0	0	0
17.08.2015 15:25:42.872000	0	-0.00428328	0.00848839	126.789	-660.727	29.2839	5	2	2	2	212.885	240.019	62.4325	4.16111	2.40371	0.94082	6.76625	43.8629	19.5701	93.0123	1	1	1	1	1	0	0	0
17.08.2015 15:25:42.972000	0	-0.00428328	0.00848839	126.789	-660.727	29.273	5	2	2	2	244.077	248.38	62.5375	4.43577	2.67837	0.975423	6.78653	43.7649	19.4777	92.9908	1	1	1	1	1	0	0	0
17.08.2015 15:25:43.072000	0	-0.00428328	0.00848839	126.789	-660.727	29.2672	5	2	2	2	261.176	258.41	62.6484	4.70716	2.94976	0.982933	6.7474	43.6296	19.3567	92.9358	1	1	1	1	1	0	0	0
17.08.2015 15:25:43.172000	0	-0.00428328	0.00848839	126.789	-660.73	29.2632	5	2	2	2	234.731	270.11	62.7663	4.97515	3.21775	1.10059	6.73231	43.4798	19.2119	92.9171	1	1	1	1	1	0	0	0
17.08.2015 15:25:43.272000	0	-0.00428328	0.00848839	126.789	-660.727	29.2632	5	2	2	2	266.273	283.482	62.8857	5.35659	3.59919	1.10582	6.74871	43.2983	19.0321	92.9104	1	1	1	1	1	0	0	0
17.08.2015 15:25:43.372000	0	-0.00428328	0.00848839	126.789	-660.73	29.2654	5	2	2	2	279.088	298.523	63.02	5.7827	4.0253	1.23128	6.72778	43.068	18.8206	92.8382	1	1	1	1	1	0	0	0
17.08.2015 15:25:43.472000	0	-0.00428328	0.00848839	126.789	-660.727	29.2683	5	2	2	2	268.381	315.235	63.1632	6.25053	4.49312	1.27441	6.70183	42.802	18.5856	92.7197	1	1	1	1	1	0	0	0
17.08.2015 15:25:43.572000	0	-0.00428328	0.00848839	126.789	-660.727	29.2849	5	2	2	2	307.883	333.619	63.3184	6.86274	5.10534	1.39716	6.73764	42.4837	18.2891	92.636	1	1	1	1	1	0	0	0
17.08.2015 15:25:43.672000	0	-0.00428328	0.00848839	126.789	-660.727	29.2911	5	2	2	2	364.137	353.671	63.489	7.50745	5.75005	1.56396	6.70486	42.0843	17.922	92.5126	1	1	1	1	1	0	0	0
17.08.2015 15:25:43.772000	0	-0.00428328	0.00848839	126.789	-660.727	29.2947	5	2	2	2	331.547	375.396	63.6746	8.1415	6.3841	1.71546	6.63234	41.6628	17.5262	92.414	1	1	1	1	1	0	0	0
17.08.2015 15:25:43.872000	0	-0.00428328	0.00848839	126.789	-660.727	29.2976	5	2	2	2	290.723	398.789	63.8745	8.91704	7.15964	1.89189	6.65062	41.2249	17.1043	92.3528	1	1	1	1	1	0	0	0
17.08.2015 15:25:43.972000	0	-0.00428328	0.00848839	126.789	-660.727	29.3061	5	2	2	2	361.963	423.851	64.0929	9.91719	8.15979	2.06559	6.70696	40.7576	16.6502	92.3023	1	1	1	1	1	0	0	0
17.08.2015 15:25:44.072000	0	-0.00428328	0.00848839	126.789	-660.727	29.3092	5	2	2	2	354.258	450.59	64.3307	11.0308	9.2734	2.23673	6.68509	40.2421	16.1649	92.1866	1	1	1	1	1	0	0	0
17.08.2015 15:25:44.172000	0	-0.00428328	0.00848839	126.789	-660.727	29.3153	5	2	2	2	397.177	478.994	64.5913	12.2816	10.5242	2.52404	6.67373	39.6996	15.6418	92.1127	1	1	1	1	1	0	0	0
17.08.2015 15:25:44.272000	0	-0.00428328	0.00848839	126.789	-660.732	29.3142	5	2	2	2	416.269	509.066	64.8828	13.6142	11.8568	2.81737	6.66483	39.167	15.1432	91.9823	1	1	1	1	1	0	0	0
17.08.2015 15:25:44.372000	0	-0.00428328	0.00848839	126.789	-660.727	29.3148	5	2	2	2	414.371	540.812	65.2051	15.1211	13.3637	3.10097	6.67752	38.6865	14.6873	91.8882	1	1	1	1	1	0	0	0
17.08.2015 15:25:44.472000	0	-0.00428328	0.00848839	126.789	-660.727	29.3175	5	2	2	2	427.81	574.231	65.5538	16.8375	15.0801	3.47144	6.67024	38.2656	14.2987	91.7645	1	1	1	1	1	0	0	0
17.08.2015 15:25:44.572000	0	-0.00428328	0.00848839	126.789	-660.727	29.3197	5	2	2	2	475.812	609.315	65.9339	18.7039	16.9465	3.74328	6.62348	37.9274	13.978	91.6977	1	1	1	1	1	0	0	0
17.08.2015 15:25:44.672000	0	-0.00428328	0.00848839	126.789	-660.727	29.3226	5	2	2	2	500.447	562.783	66.3472	20.6678	15.1568	4.07206	6.63059	37.7001	13.7792	91.5886	1	1	1	1	1	0.19	0	0.19
17.08.2015 15:25:44.772000	0	-0.00428328	0.00848839	126.789	-660.727	29.3256	5	2	2	2	951.998	223	67.3291	21.5132	0	29.019	6.67186	59.079	18.0101	157.245	1	1	1	1	1	1	0	1
17.08.2015 15:25:44.872000	0	-0.00428328	0.00848839	126.789	-660.727	29.3273	5	2	2	2	513.421	223	70.1798	21.5132	0	62.7173	5.6546	99.1726	3.6007	365.926	1	1	1	1	1	1	1	1
17.08.2015 15:25:44.972000	0	-0.00428328	0.00848839	126.773	-660.738	29.3283	5	2	2	2	13.4178	223	70.1858	21.5132	0	62.224	3.72865	105.875	0.633259	402.951	1	1	1	1	1	1	1	1
17.08.2015 15:25:45.072000	0	-0.00428328	0.00848839	126.753	-660.755	26.1151	5	2	2	2	2.20265	223	70.1858	21.5132	0	62.224	2.55165	121.974	0.669271	464.451	1	1	1	1	1	1	1	1
17.08.2015 15:25:45.172000	0	-0.00428328	0.0106097	126.758	-660.777	21.3135	5	2	2	2	0.507417	223	70.1858	21.5132	0	62.224	1.79863	136.903	0.624226	521.784	1	1	1	1	1	1	1	1
17.08.2015 15:25:45.272000	0	-0.00428328	0.00848839	126.758	-660.784	18.0798	5	2	2	2	0.28084	223	70.1858	21.5132	0	62.224	1.29405	145.598	0.601581	555.162	1	1	1	1	1	1	1	1
17.08.2015 15:25:45.372000	0	-0.00428328	0.00848839	126.762	-660.789	14.7667	5	2	2	2	0.243657	223	70.1858	21.5132	0	62.224	1.05218	148.75	0.599445	567.238	1	1	1	1	1	1	1	1
17.08.2015 15:25:45.472000	0	-0.00428328	0.00848839	126.766	-660.784	11.4421	5	2	2	2	0.242974	223	70.1858	21.5132	0	62.224	0.886835	149.927	0.638264	571.596	1	1	1	1	1	1	1	1
17.08.2015 15:25:45.572000	0	-0.00428328	0.00848839	126.766	-660.785	9.4477	5	2	2	2	0.241759	223	70.1858	21.5132	0	62.224	0.738274	150.058	0.589557	572.283	1	1	1	1	1	1	1	1
17.08.2015 15:25:45.672000	0	-0.00428328	0.00848839	126.766	-660.786	8.11089	5	2	2	2	0.242402	223	70.1858	21.5132	0	62.224	0.642021	149.986	0.608722	571.934	1	1	1	1	1	1	1	1
17.08.2015 15:25:45.772000	0	-0.00428328	0.00848839	126.766	-660.785	6.89236	5	2	2	2	0.238396	223	70.1858	21.5132	0	62.224	0.576476	149.911	0.61507	571.625	1	1	1	1	1	1	1	1
17.08.2015 15:25:45.872000	0	-0.00428328	0.00848839	126.766	-660.784	5.72917	5	2	2	2	0.244117	223	70.1858	21.5132	0	3.1112	0.524993	149.845	0.609638	571.392	1	1	1	1	1	1	1	1
17.08.2015 15:25:45.972000	0	-0.00428328	0.00848839	126.766	-660.789	5.01411	5	2	2	2	0.260365	223	70.1858	21.5132	0	0	0.473134	149.816	0.618305	571.247	1	1	1	1	1	1	1	1
17.08.2015 15:25:46.072000	0	-0.00428328	0.00848839	126.766	-660.784	4.14931	5	2	2	2	0.258054	223	70.1858	21.5132	0	0	0.435887	149.804	0.624897	571.175	1	1	1	1	1	1	1	1
17.08.2015 15:25:46.172000	0	-0.00428328	0.00848839	126.766	-660.785	3.72016	5	2	2	2	0.25438	223	70.1858	21.5132	0	0	0.407675	149.783	0.630451	571.074	1	1	1	1	1	1	1	1
17.08.2015 15:25:46.272000	0	-0.00428328	0.00848839	126.766	-660.781	3.16225	5	2	2	2	0.242126	223	70.1858	21.5132	0	0	0.383666	149.777	0.641804	571.009	1	1	1	1	1	1	1	1
17.08.2015 15:25:46.372000	0	-0.00428328	0.00848839	126.766	-660.785	2.94379	5	2	2	2	0.269237	223	70.1858	21.5132	0	0	0.356047	149.787	0.65096	571.011	1	1	1	1	1	1	1	1
17.08.2015 15:25:46.472000	0	-0.00428328	0.00848839	126.766	-660.786	2.18786	5	2	2	2	0.253103	223	70.1858	21.5132	0	0	0.340169	149.798	0.661641	571.012	1	1	1	1	1	1	1	1
17.08.2015 15:25:46.572000	0	-0.00428328	0.00848839	126.766	-660.789	0.336372	5	2	2	2	0.246826	223	70.1858	21.5132	0	0	0.324371	149.797	0.673605	570.964	1	1	1	1	1	1	1	1
17.08.2015 15:25:46.672000	0	-0.00428328	0.00848839	126.766	-660.786	0.138166	5	2	2	2	0.266163	223	70.1858	21.5132	0	0	0.309737	149.805	0.689108	570.936	1	1	1	1	1	1	1	1
17.08.2015 15:25:46.772000	0	-0.00428328	0.00848839	126.766	-660.789	0.118273	5	2	2	2	0.274396	223	70.1858	21.5132	0	0	0.295595	149.824	0.702536	570.956	1	1	1	1	1	1	1	1
17.08.2015 15:25:46.872000	0	-0.00428328	0.00848839	126.766	-660.786	0.10055	5	2	2	2	0.277627	223	70.1858	21.5132	0	0	0.286321	149.844	0.718955	570.968	1	1	1	1	1	1	1	1
17.08.2015 15:25:46.972000	0	-0.00428328	0.00848839	126.766	-660.789	0.0868056	5	2	2	2	0.261238	223	70.1858	21.5132	0	0	0.275731	149.869	0.737999	570.993	1	1	1	1	1	1	1	1
17.08.2015 15:25:47.072000	0	-0.00428328	0.00848839	126.766	-660.789	0.0726997	5	2	2	2	0.255003	223	70.1858	21.5132	0	0	0.265437	149.882	0.761437	570.953	1	1	1	1	1	1	1	1
17.08.2015 15:25:47.172000	0	-0.00428328	0.00848839	126.766	-660.789	0.0645616	5	2	2	2	0.249022	223	70.1858	21.5132	0	0	0.258333	149.904	0.78402	570.952	1	1	1	1	1	1	1	1
17.08.2015 15:25:47.272000	0	-0.00428328	0.00848839	126.766	-660.789	0.05136	5	2	2	2	0.247705	223	70.1858	21.5132	0	0	0.251411	149.933	0.811853	570.956	1	1	1	1	1	1	1	1
17.08.2015 15:25:47.372000	0	-0.00428328	0.00848839	126.766	-660.785	0.0423177	5	2	2	2	0.274647	223	70.1858	21.5132	0	0	0.244582	149.953	0.846217	570.899	1	1	1	1	1	1	1	1
17.08.2015 15:25:47.472000	0	-0.00428328	0.00848839	126.766	-660.786	0.0321904	5	2	2	2	0.262571	223	70.1858	21.5132	0	0	0.236719	149.969	0.886868	570.804	1	1	1	1	1	1	1	1
17.08.2015 15:25:47.572000	0	-0.00428328	0.00848839	126.766	-660.785	0.0298394	5	2	2	2	0.261095	223	70.1858	21.5132	0	0	0.233348	150.018	0.936918	570.803	1	1	1	1	1	1	1	1
17.08.2015 15:25:47.672000	0	-0.00428328	0.00848839	126.766	-660.789	0.0231481	5	2	2	2	0.271245	223	70.1858	21.5132	0	0	0.226353	150.119	0.997345	570.958	1	1	1	1	1	1	1	1
17.08.2015 15:25:47.772000	0	-0.00428328	0.00848839	126.766	-660.781	0.0206163	5	2	2	2	0.275475	223	70.1858	21.5132	0	0	0.22181	150.151	1.07901	570.767	1	1	1	1	1	1	1	1
17.08.2015 15:25:47.872000	0	-0.00428328	0.00848839	126.766	-660.789	0.0169994	5	2	2	2	0.257403	223	70.1858	0.215132	0	0	0.217448	150.131	1.17063	570.338	1	1	1	1	1	1	1	0.01
17.08.2015 15:25:47.972000	0	-0.00428328	0.00848839	126.766	-660.789	0.016276	5	2	2	2	0.250062	223	70.1858	0	0	0	0.214142	150.165	1.17753	570.445	1	1	1	1	1	1	1	0
17.08.2015 15:25:48.072000	0	-0.00428328	0.00848839	126.766	-660.781	0.0137442	5	2	2	2	0.261819	223	70.1858	0	0	0	0.210156	150.062	1.13224	570.224	1	1	1	1	1	1	1	0
17.08.2015 15:25:48.172000	0	-0.00428328	0.00848839	126.766	-660.785	0.0113932	5	2	2	2	0.274347	223	70.1858	0	0	0	0.203979	149.989	1.08017	570.14	1	1	1	1	1	1	1	0
17.08.2015 15:25:48.272000	0	-0.00428328	0.00848839	126.76	-660.776	0.00940393	5	2	2	2	0.262591	223	70.1858	0	0	0	0.204521	149.96	1.04959	570.147	1	1	1	1	1	1	1	0
17.08.2015 15:25:48.372000	0	-0.00428328	0.00848839	126.738	-660.777	0.00759549	5	2	2	2	0.254065	223	70.1858	0	0	0	0.20115	149.928	1.04929	570.028	1	1	1	1	1	1	1	0
17.08.2015 15:25:48.472000	0	-0.00428328	0.00848839	126.727	-660.776	0.00651042	5	2	2	2	0.247156	223	70.1858	0	0	0	0.209961	149.894	1.05338	569.88	1	1	1	1	1	1	1	0
17.08.2015 15:25:48.572000	0	-0.00428328	0.00848839	126.727	-660.781	0.00542535	5	2	2	2	0.250523	223	70.1858	0	0	0	0.216609	149.86	1.05771	569.735	1	1	1	1	1	1	1	0
17.08.2015 15:25:48.672000	0	-0.00428328	0.00848839	126.721	-660.781	0.00614873	5	2	2	2	0.243734	223	70.1858	0	0	0	0.230273	149.833	1.06021	569.62	1	1	1	1	1	1	1	0
17.08.2015 15:25:48.772000	0	-0.00428328	0.00848839	126.727	-660.773	0.00488281	5	2	2	2	0.253924	223	70.1858	0	0	0	0.236697	149.798	1.05673	569.501	1	1	1	1	1	1	1	0
17.08.2015 15:25:48.872000	0	-0.00428328	0.00848839	126.727	-660.773	0.00470197	5	2	2	2	0.265455	223	70.1858	0	0	0	0.241869	149.768	1.05081	569.41	1	1	1	1	1	1	1	0
17.08.2015 15:25:48.972000	0	-0.00428328	0.00848839	126.727	-660.773	0.00379774	5	2	2	2	0.251223	223	70.1858	0	0	0	0.24553	149.738	1.04697	569.306	1	1	1	1	1	1	1	0
17.08.2015 15:25:49.072000	0	-0.00428328	0.00848839	126.727	-660.773	0.00506366	5	2	2	2	0.250783	223	70.1858	0	0	0	0.248307	149.703	1.0466	569.174	1	1	1	1	1	1	1	0
17.08.2015 15:25:49.172000	0	-0.00428328	0.00848839	126.727	-660.773	0.00542535	5	2	2	2	0.26195	223	70.1858	0	0	0	0.248032	149.67	1.04917	569.04	1	1	1	1	1	1	1	0
17.08.2015 15:25:49.272000	0	-0.00428328	0.00848839	126.727	-660.773	0.00434028	5	2	2	2	0.256108	223	70.1858	0	0	0	0.249617	149.636	1.05081	568.903	1	1	1	1	1	1	1	0
17.08.2015 15:25:49.372000	0	-0.00428328	0.00848839	126.727	-660.773	0.00325521	5	2	2	2	0.258287	223	70.1858	0	0	0	0.251939	149.601	1.05197	568.766	1	1	1	1	1	1	1	0
17.08.2015 15:25:49.472000	0	-0.00428328	0.00848839	126.724	-660.773	0.00289352	5	2	2	2	0.247955	223	70.1858	0	0	0	0.251345	149.574	1.0535	568.654	1	1	1	1	1	1	1	0
17.08.2015 15:25:49.572000	0	-0.00428328	0.00848839	126.727	-660.773	0.00217014	5	2	2	2	0.253376	223	70.1858	0	0	0	0.252705	149.538	1.05924	568.496	1	1	1	1	1	1	1	0
17.08.2015 15:25:49.672000	0	-0.00428328	0.00848839	126.727	-660.773	0.00325521	5	2	2	2	0.25188	223	70.1858	0	0	0	0.252705	149.511	1.05863	568.393	1	1	1	1	1	1	1	0
17.08.2015 15:25:49.772000	0	-0.00428328	0.00848839	126.727	-660.773	0.00271267	5	2	2	2	0.254311	223	70.1858	0	0	0	0.256279	149.481	1.05783	568.282	1	1	1	1	1	1	1	0
17.08.2015 15:25:49.872000	0	-0.00428328	0.00848839	126.727	-660.773	0.00325521	5	2	2	2	0.246693	223	70.1858	0	0	0	0.257436	149.445	1.05747	568.148	1	1	1	1	1	1	1	0
17.08.2015 15:25:49.972000	0	-0.00428328	0.00848839	126.727	-660.773	0.00542535	5	2	2	2	0.264171	223	70.1858	0	0	0	0.262847	149.417	1.04526	568.087	1	1	1	1	1	1	1	0
17.08.2015 15:25:50.072000	0	-0.00428328	0.00848839	126.727	-660.625	0.00506366	5	2	2	2	0.260663	223	70.1858	0	0	0	0.270045	149.387	1.03995	567.992	1	1	1	1	1	1	1	0
17.08.2015 15:25:50.172000	0	-0.00428328	0.00848839	126.727	-659.914	0.00488281	5	2	2	2	0.257971	223	70.1858	0	0	0	0.278812	149.356	1.04007	567.873	1	1	1	1	1	1	1	0
17.08.2015 15:25:50.272000	0	-0.00428328	0.00848839	126.719	-655.419	0.00506366	5	2	2	2	0.267369	223	70.1858	0	0	0	0.286589	149.329	1.04147	567.764	1	1	1	1	1	1	1	0
17.08.2015 15:25:50.372000	0	-0.00428328	0.00848839	126.719	-639.34	0.00488281	5	2	2	2	0.255324	223	70.1858	0	0	0	0.295255	149.298	1.04288	567.638	1	1	1	1	1	1	1	0
17.08.2015 15:25:50.472000	0	-0.00428328	0.00848839	126.721	-613.482	0.00470197	5	2	2	2	0.259556	223	70.1858	0	0	0	0.302163	149.27	1.04624	567.521	1	1	1	1	1	1	1	0
17.08.2015 15:25:50.572000	0	-0.00428328	0.00848839	126.727	-582.41	0.00271267	5	2	2	2	0.266848	223	70.1858	0	0	0	0.309187	149.24	1.04465	567.409	1	1	1	1	1	1	1	0
17.08.2015 15:25:50.672000	0	-0.00428328	0.00848839	126.724	-552.815	0.00325521	5	2	2	2	0.249903	223	70.1858	0	0	0	0.316247	149.212	1.04672	567.294	1	1	1	1	1	1	1	0
17.08.2015 15:25:50.772000	0	-0.00428328	0.00848839	126.723	-519.246	0.00217014	5	2	2	2	0.269501	223	70.1858	0	0	0	0.323655	149.175	1.04685	567.154	1	1	1	1	1	1	1	0
17.08.2015 15:25:50.872000	0	-0.00428328	0.00848839	126.727	-469.818	0.00289352	5	2	2	2	0.273297	223	70.1858	0	0	0	0.329253	149.152	1.04868	567.057	1	1	1	1	1	1	1	0
17.08.2015 15:25:50.972000	0	-0.00428328	0.00848839	126.727	-422.285	0.00271267	5	2	2	2	0.259155	223	70.1858	0	0	0	0.333102	149.118	1.04923	566.93	1	1	1	1	1	1	1	0
17.08.2015 15:25:51.072000	0	-0.00428328	0.00848839	126.724	-380.12	0.00289352	5	2	2	2	0.253679	223	70.1858	0	0	0	0.338173	149.096	1.04837	566.846	1	1	1	1	1	1	1	0
17.08.2015 15:25:51.172000	0	-0.00428328	0.00848839	126.719	-337.813	0.00379774	5	2	2	2	0.277582	223	70.1858	0	0	0	0.341153	149.067	1.0514	566.718	1	1	1	1	1	1	1	0
17.08.2015 15:25:51.272000	0	-0.00428328	0.00848839	126.721	-278.771	0.00578704	5	2	2	2	0.270256	223	70.1858	0	0	0	0.344068	149.049	1.05244	566.604	1	1	1	1	1	1	1	0
17.08.2015 15:25:51.372000	0	-0.00428328	0.00848839	126.719	-237.07	0.00596788	5	2	2	2	0.262217	223	70.1858	0	0	0	0.345703	149.007	1.05264	566.484	1	1	1	1	1	1	1	0
17.08.2015 15:25:51.472000	0	-0.00428328	0.00848839	126.721	-195.076	0.00614873	5	2	2	2	0.238493	223	70.1858	0	0	0	0.347975	148.98	1.05148	566.391	1	1	1	1	1	1	1	0
17.08.2015 15:25:51.572000	0	-0.00428328	0.00848839	126.727	-145.301	0.00434028	5	2	2	2	0.281793	223	70.1858	0	0	0	0.350781	148.95	1.05301	566.269	1	1	1	1	1	1	1	0
17.08.2015 15:25:51.672000	0	-0.00428328	0.00848839	126.719	-95.2031	0.00687211	5	2	2	2	0.258717	223	70.1858	0	0	0	0.352344	148.921	1.05374	566.156	1	1	1	1	1	1	1	0
17.08.2015 15:25:51.772000	0	-0.00428328	0.00848839	126.719	-53.668	0.00651042	5	2	2	2	0.241521	223	70.1858	0	0	0	0.353704	148.894	1.05454	566.048	1	1	1	1	1	1	1	0
17.08.2015 15:25:51.872000	0	-0.00428328	0.00848839	126.721	-12.0677	0.00578704	5	2	2	2	0.246628	223	70.1858	0	0	0	0.35515	148.866	1.05576	565.937	1	1	1	1	1	1	1	0
17.08.2015 15:25:51.972000	0	-0.00428328	0.00848839	126.727	37.9219	0.00651042	5	2	2	2	0.248463	223	70.1858	0	0	0	0.356887	148.842	1.05789	565.834	1	1	1	1	1	1	1	0
17.08.2015 15:25:52.072000	0	-0.00428328	0.00848839	126.724	87.6094	0.00614873	5	2	2	2	0.269379	223	70.1858	0	0	0	0.356771	148.811	1.06076	565.708	1	1	1	1	1	1	1	0
17.08.2015 15:25:52.172000	0	-0.00428328	0.00848839	126.727	129.336	0.00651042	5	2	2	2	0.24982	223	70.1858	0	0	0	0.357841	148.784	1.06137	565.6	1	1	1	1	1	1	1	0
17.08.2015 15:25:52.272000	0	-0.00428328	0.00848839	126.727	170.557	0.00542535	5	2	2	2	0.256572	223	70.1858	0	0	0	0.357841	148.761	1.06351	565.505	1	1	1	1	1	1	1	0
17.08.2015 15:25:52.372000	0	-0.00428328	0.00848839	126.719	228.043	0.00434028	5	2	2	2	0.267154	223	70.1858	0	0	0	0.358594	148.731	1.0629	565.393	1	1	1	1	1	1	1	0
17.08.2015 15:25:52.472000	0	-0.00428328	0.00848839	126.719	269.255	0.00253183	5	2	2	2	0.271372	223	70.1858	0	0	0	0.358767	148.704	1.06369	565.285	1	1	1	1	1	1	1	0
17.08.2015 15:25:52.572000	0	-0.00428328	0.00848839	126.723	310.523	0.0016276	5	2	2	2	0.260146	223	70.1858	0	0	0	0.359028	148.676	1.0629	565.179	1	1	1	1	1	1	1	0
17.08.2015 15:25:52.672000	0	-0.00428328	0.00848839	126.724	357.057	0.00072338	5	2	2	2	0.258929	223	70.1858	0	0	0	0.359144	148.65	1.06827	565.061	1	1	1	1	1	1	1	0
17.08.2015 15:25:52.772000	0	-0.00428328	0.00848839	126.727	409.371	0.00108507	5	2	2	2	0.259848	223	70.1858	0	0	0	0.358825	148.627	1.07181	564.959	1	1	1	1	1	1	1	0
17.08.2015 15:25:52.872000	0	-0.00428328	0.00848839	126.724	450.615	0.00108507	5	2	2	2	0.251051	223	70.1858	0	0	0	0.358767	148.6	1.07163	564.855	1	1	1	1	1	1	1	0
17.08.2015 15:25:52.972000	0	-0.00428328	0.00848839	126.727	491.57	0.000542535	5	2	2	2	0.278552	223	70.1858	0	0	0	0.358738	148.577	1.0701	564.773	1	1	1	1	1	1	1	0
17.08.2015 15:25:53.072000	0	-0.00428328	0.00848839	126.727	543.622	0.00072338	5	2	2	2	0.250182	223	70.1858	0	0	0	0.359433	148.553	1.07669	564.656	1	1	1	1	1	1	1	0
17.08.2015 15:25:53.172000	0	-0.00428328	0.00848839	126.727	585.863	0.000542535	5	2	2	2	0.256152	223	70.1858	0	0	0	0.358825	148.528	1.07736	564.56	1	1	1	1	1	1	1	0
17.08.2015 15:25:53.272000	0	-0.00428328	0.00848839	126.724	615.635	0.00036169	5	2	2	2	0.254708	223	70.1858	0	0	0	0.358709	148.502	1.08237	564.439	1	1	1	1	1	1	1	0
17.08.2015 15:25:53.372000	0	-0.00428328	0.00848839	126.727	640.813	0.000542535	5	2	2	2	0.251029	223	70.1858	0	0	0	0.358796	148.479	1.08176	564.356	1	1	1	1	1	1	1	0
17.08.2015 15:25:53.472000	0	-0.00428328	0.00848839	126.727	665.674	0.00072338	5	2	2	2	0.266565	223	70.1858	0	0	0	0.358796	148.453	1.07895	564.267	1	1	1	1	1	1	1	0
17.08.2015 15:25:53.572000	0	-0.00428328	0.00848839	126.727	674.914	0.00108507	5	2	2	2	0.256197	223	70.1858	0	0	0	0.358507	148.43	1.07779	564.183	1	1	1	1	1	1	1	0
17.08.2015 15:25:53.672000	0	-0.00428328	0.00848839	126.727	677.185	0.00144676	5	2	2	2	0.258004	223	70.1858	0	0	0	0.358738	148.406	1.07773	564.089	1	1	1	1	1	1	1	0
17.08.2015 15:25:53.772000	0	-0.00428328	0.00848839	126.723	678.699	0.00217014	5	2	2	2	0.256168	223	70.1858	0	0	0	0.35897	148.38	1.07523	564.002	1	1	1	1	1	1	1	0
17.08.2015 15:25:53.872000	0	-0.00428328	0.00848839	126.727	678.701	0.00325521	5	2	2	2	0.263264	223	70.1858	0	0	0	0.359201	148.358	1.07138	563.932	1	1	1	1	1	1	1	0
17.08.2015 15:25:53.972000	0	-0.00428328	0.00848839	126.727	678.715	0.00542535	5	2	2	2	0.24338	223	70.1858	0	0	0	0.359057	148.334	1.07804	563.813	1	1	1	1	1	1	1	0
17.08.2015 15:25:54.072000	0	-0.00428328	0.00848839	126.727	678.69	0.00506366	5	2	2	2	0.251967	223	70.1858	0	0	0	0.358941	148.31	1.07779	563.724	1	1	1	1	1	1	1	0
17.08.2015 15:25:54.172000	0	-0.00428328	0.00848839	126.723	678.691	0.00542535	5	2	2	2	0.250121	223	70.1858	0	0	0	0.360012	148.206	1.07541	563.334	1	1	1	1	1	1	1	0
17.08.2015 15:25:54.272000	0	-0.00428328	0.00848839	126.721	678.732	0.0072338	5	2	2	2	0.236764	223	70.1858	0	0	0	0.359607	148.277	1.07364	563.612	1	1	1	1	1	1	1	0
17.08.2015 15:25:54.372000	0	-0.00428328	0.00848839	126.727	678.715	0.00542535	5	2	2	2	0.253053	223	70.1858	0	0	0	0.360012	148.251	1.0726	563.515	1	1	1	1	1	1	1	0
17.08.2015 15:25:54.472000	0	-0.00428328	0.00848839	126.727	678.714	0.00614873	5	2	2	2	0.256277	223	70.1858	0	0	0	0.359375	148.229	1.07437	563.424	1	1	1	1	1	1	1	0
17.08.2015 15:25:54.572000	0	-0.00428328	0.00848839	126.727	678.715	0.00596788	5	2	2	2	0.269212	223	70.1858	0	0	0	0.360041	148.201	1.07584	563.314	1	1	1	1	1	1	1	0
17.08.2015 15:25:54.672000	0	-0.00428328	0.00848839	126.729	678.703	0.00687211	5	2	2	2	0.261026	223	70.1858	0	0	0	0.358941	148.174	1.07669	563.205	1	1	1	1	1	1	1	0
17.08.2015 15:25:54.772000	0	-0.00428328	0.00848839	126.727	678.703	0.00651042	5	2	2	2	0.255464	223	70.1858	0	0	0	0.359606	148.153	1.07913	563.116	1	1	1	1	1	1	1	0
17.08.2015 15:25:54.872000	0	-0.00428328	0.00848839	126.727	678.703	0.00614873	5	2	2	2	0.268897	223	70.1858	0	0	0	0.358796	148.129	1.0784	563.027	1	1	1	1	1	1	1	0
17.08.2015 15:25:54.972000	0	-0.00428328	0.00848839	126.727	678.703	0.00542535	5	2	2	2	0.269275	223	70.1858	0	0	0	0.358594	148.108	1.08335	562.927	1	1	1	1	1	1	1	0
17.08.2015 15:25:55.072000	0	-0.00428328	0.00848839	126.727	678.703	0.00542535	5	2	2	2	0.269858	223	70.1858	0	0	0	0.357494	148.083	1.0839	562.831	1	1	1	1	1	1	1	0
17.08.2015 15:25:55.172000	0	-0.00428328	0.00848839	126.727	678.703	0.00542535	5	2	2	2	0.25285	223	70.1858	0	0	0	0.356395	148.058	1.08237	562.741	1	1	1	1	1	1	1	0
17.08.2015 15:25:55.272000	0	-0.00428328	0.00848839	126.727	678.703	0.00578704	5	2	2	2	0.248486	223	70.1858	0	0	0	0.355816	148.036	1.08267	562.655	1	1	1	1	1	1	1	0
17.08.2015 15:25:55.372000	0	-0.00428328	0.00848839	126.73	678.703	0.00596788	5	2	2	2	0.254645	223	70.1858	0	0	0	0.354716	148.011	1.08347	562.558	1	1	1	1	1	1	1	0
17.08.2015 15:25:55.472000	0	-0.00428328	0.00848839	126.727	678.703	0.00614873	5	2	2	2	0.265469	223	70.1858	0	0	0	0.354253	147.986	1.08469	562.457	1	1	1	1	1	1	1	0
17.08.2015 15:25:55.572000	0	-0.00428328	0.00848839	126.727	678.703	0.00651042	5	2	2	2	0.256295	223	70.1858	0	0	0	0.352517	147.964	1.08487	562.369	1	1	1	1	1	1	1	0
17.08.2015 15:25:55.672000	0	-0.00428328	0.00848839	126.727	678.703	0.00614873	5	2	2	2	0.258113	223	70.1858	0	0	0	0.352517	147.939	1.08597	562.273	1	1	1	1	1	1	1	0
17.08.2015 15:25:55.772000	0	-0.00428328	0.00848839	126.727	678.703	0.0113932	5	2	2	2	0.255949	223	70.1858	0	0	0	0.350781	147.915	1.08554	562.182	1	1	1	1	1	1	1	0
17.08.2015 15:25:55.872000	0	-0.00428328	0.00848839	126.727	678.703	0.00651042	5	2	2	2	0.2491	223	70.1858	0	0	0	0.350145	147.895	1.08823	562.095	1	1	1	1	1	1	1	0
17.08.2015 15:25:55.972000	0	-0.00428328	0.00848839	126.727	678.703	0.00705295	5	2	2	2	0.268124	223	70.1858	0	0	0	0.3489	147.868	1.08542	562.002	1	1	1	1	1	1	1	0
17.08.2015 15:25:56.072000	0	-0.00428328	0.00848839	126.727	678.693	0.00651042	5	2	2	2	0.25751	223	70.1858	0	0	0	0.347512	147.849	1.08261	561.938	1	1	1	1	1	1	1	0
17.08.2015 15:25:56.172000	0	-0.00428328	0.00848839	126.727	678.707	0.00596788	5	2	2	2	0.273133	223	70.1858	0	0	0	0.345052	147.83	1.08487	561.858	1	1	1	1	1	1	1	0
17.08.2015 15:25:56.272000	0	-0.00428328	0.00848839	126.732	678.703	0.00542535	5	2	2	2	0.257171	223	70.1858	0	0	0	0.342101	147.803	1.08731	561.745	1	1	1	1	1	1	1	0
17.08.2015 15:25:56.372000	0	-0.00428328	0.00848839	126.727	678.703	0.00542535	5	2	2	2	0.26654	223	70.1858	0	0	0	0.340509	147.781	1.08731	561.663	1	1	1	1	1	1	1	0
17.08.2015 15:25:56.472000	0	-0.00428328	0.00848839	126.727	678.688	0.00651042	5	2	2	2	0.257983	223	70.1858	0	0	0	0.337905	147.759	1.08872	561.571	1	1	1	1	1	1	1	0
17.08.2015 15:25:56.572000	0	-0.00428328	0.00848839	126.727	678.695	0.00596788	5	2	2	2	0.248795	223	70.1858	0	0	0	0.335938	147.739	1.09311	561.479	1	1	1	1	1	1	1	0
17.08.2015 15:25:56.672000	0	-0.00428328	0.00848839	126.724	678.68	0.00614873	5	2	2	2	0.259119	223	70.1858	0	0	0	0.332697	147.72	1.09055	561.416	1	1	1	1	1	1	1	0
17.08.2015 15:25:56.772000	0	-0.00428328	0.00848839	126.711	678.82	0.00651042	5	2	2	2	0.269278	223	70.1858	0	0	0	0.330613	147.696	1.0933	561.313	1	1	1	1	1	1	1	0
17.08.2015 15:25:56.872000	0	-0.00428328	0.00848839	126.719	678.695	0.00614873	5	2	2	2	0.283394	223	70.1858	0	0	0	0.327604	147.673	1.09354	561.223	1	1	1	1	1	1	1	0
17.08.2015 15:25:56.972000	0	-0.00428328	0.00848839	126.719	678.688	0.00488281	5	2	2	2	0.25842	223	70.1858	0	0	0	0.325752	147.653	1.09354	561.149	1	1	1	1	1	1	1	0
17.08.2015 15:25:57.072000	0	-0.00428328	0.00848839	126.719	678.773	0.00470197	5	2	2	2	0.26601	223	70.1858	0	0	0	0.321991	147.63	1.09439	561.055	1	1	1	1	1	1	1	0
17.08.2015 15:25:57.172000	0	-0.00428328	0.00848839	126.719	678.746	0.00542535	5	2	2	2	0.26652	223	70.1858	0	0	0	0.320023	147.607	1.09409	560.969	1	1	1	1	1	1	1	0
17.08.2015 15:25:57.272000	0	-0.00428328	0.00848839	126.719	678.716	0.00506366	5	2	2	2	0.279962	223	70.1858	0	0	0	0.317361	147.586	1.0947	560.887	1	1	1	1	1	1	1	0
17.08.2015 15:25:57.372000	0	-0.00428328	0.00848839	126.719	678.703	0.00488281	5	2	2	2	0.256528	223	70.1858	0	0	0	0.315191	147.563	1.09726	560.789	1	1	1	1	1	1	1	0
17.08.2015 15:25:57.472000	0	-0.00428328	0.00848839	126.719	678.68	0.00434028	5	2	2	2	0.271891	223	70.1858	0	0	0	0.313802	147.54	1.09812	560.695	1	1	1	1	1	1	1	0
17.08.2015 15:25:57.572000	0	-0.00428328	0.00848839	126.719	678.668	0.00542535	5	2	2	2	0.267376	223	70.1858	0	0	0	0.312529	147.521	1.09891	560.622	1	1	1	1	1	1	1	0
17.08.2015 15:25:57.672000	0	-0.00428328	0.00848839	126.721	678.654	0.00506366	5	2	2	2	0.2611	223	70.1858	0	0	0	0.312008	147.497	1.09915	560.529	1	1	1	1	1	1	1	0
17.08.2015 15:25:57.772000	0	-0.00428328	0.00848839	126.719	678.641	0.00325521	5	2	2	2	0.275395	223	70.1858	0	0	0	0.310561	147.475	1.10129	560.436	1	1	1	1	1	1	1	0
17.08.2015 15:25:57.872000	0	-0.00428328	0.00848839	126.724	678.638	0.00072338	5	2	2	2	0.262511	223	70.1858	0	0	0	0.310909	147.454	1.10044	560.357	1	1	1	1	1	1	1	0
17.08.2015 15:25:57.972000	0	-0.00428328	0.00848839	126.719	678.625	0.00325521	5	2	2	2	0.264976	223	70.1858	0	0	0	0.309346	147.431	1.10331	560.258	1	1	1	1	1	1	1	0
17.08.2015 15:25:58.072000	0	-0.00428328	0.00848839	126.721	678.625	0.00217014	5	2	2	2	0.248932	223	70.1858	0	0	0	0.30871	147.414	1.10404	560.191	1	1	1	1	1	1	1	0
17.08.2015 15:25:58.172000	0	-0.00428328	0.00848839	126.719	678.625	0.00108507	5	2	2	2	0.265078	223	70.1858	0	0	0	0.307002	147.389	1.10373	560.097	1	1	1	1	1	1	1	0
17.08.2015 15:25:58.272000	0	-0.00428328	0.00848839	126.721	678.625	0.00289352	5	2	2	2	0.269478	223	70.1858	0	0	0	0.305903	147.371	1.10483	560.023	1	1	1	1	1	1	1	0
17.08.2015 15:25:58.372000	0	-0.00428328	0.00848839	126.723	678.617	0.00271267	5	2	2	2	0.261333	223	70.1858	0	0	0	0.303819	147.349	1.10526	559.937	1	1	1	1	1	1	1	0
17.08.2015 15:25:58.472000	0	-0.00428328	0.00848839	126.719	678.617	0.00253183	5	2	2	2	0.29087	223	70.1858	0	0	0	0.302488	147.324	1.10758	559.833	1	1	1	1	1	1	1	0
17.08.2015 15:25:58.572000	0	-0.00428328	0.00848839	126.727	678.605	0.00217014	5	2	2	2	0.276631	223	70.1858	0	0	0	0.302141	147.304	1.10623	559.764	1	1	1	1	1	1	1	0
17.08.2015 15:25:58.672000	0	-0.00428328	0.00848839	126.727	678.602	0.00036169	5	2	2	2	0.280551	223	70.1858	0	0	0	0.301678	147.284	1.10715	559.684	1	1	1	1	1	1	1	0
17.08.2015 15:25:58.772000	0	-0.00428328	0.00848839	126.723	678.602	0.00108507	5	2	2	2	0.268241	223	70.1858	0	0	0	0.301418	147.261	1.1099	559.582	1	1	1	1	1	1	1	0
17.08.2015 15:25:58.872000	0	-0.00428328	0.00848839	126.727	678.602	0.00180845	5	2	2	2	0.265138	223	70.1858	0	0	0	0.300434	147.243	1.1135	559.502	1	1	1	1	1	1	1	0
17.08.2015 15:25:58.972000	0	-0.00428328	0.00848839	126.719	678.602	0.00271267	5	2	2	2	0.263122	223	70.1858	0	0	0	0.301215	147.22	1.12406	559.373	1	1	1	1	1	1	1	0
17.08.2015 15:25:59.072000	0	-0.00428328	0.00848839	126.724	678.594	0.00289352	5	2	2	2	0.253727	223	70.1858	0	0	0	0.299653	147.201	1.13468	559.257	1	1	1	1	1	1	1	0
17.08.2015 15:25:59.172000	0	-0.00428328	0.00848839	126.719	678.586	0.00271267	5	2	2	2	0.268829	223	70.1858	0	0	0	0.299566	147.182	1.14512	559.148	1	1	1	1	1	1	1	0
17.08.2015 15:25:59.272000	0	-0.00428328	0.00848839	126.727	678.586	0.00289352	5	2	2	2	0.253143	223	70.1858	0	0	0	0.298524	147.161	1.1561	559.023	1	1	1	1	1	1	1	0
17.08.2015 15:25:59.372000	0	-0.00428328	0.00848839	126.723	678.586	0.00271267	5	2	2	2	0.261032	223	70.1858	0	0	0	0.298785	147.139	1.16971	558.888	1	1	1	1	1	1	1	0
17.08.2015 15:25:59.472000	0	-0.00428328	0.00848839	126.727	678.586	0.00289352	5	2	2	2	0.265787	223	70.1858	0	0	0	0.297801	147.125	1.18381	558.78	1	1	1	1	1	1	1	0
17.08.2015 15:25:59.572000	0	-0.00428328	0.00848839	126.727	678.586	0.00271267	5	2	2	2	0.272184	223	70.1858	0	0	0	0.297569	147.101	1.21213	558.579	1	1	1	1	1	1	1	0
17.08.2015 15:25:59.672000	0	-0.00428328	0.00848839	126.727	678.586	0.00253183	5	2	2	2	0.262283	223	70.1858	0	0	0	0.297569	147.084	1.31803	558.11	1	1	1	1	1	1	1	0
17.08.2015 15:25:59.772000	0	-0.00428328	0.00848839	126.727	678.57	0.00271267	5	2	2	2	0.246005	223	70.1858	0	0	0	0.296846	147.074	1.54906	557.188	1	1	1	1	1	1	1	0
17.08.2015 15:25:59.872000	0	-0.00428328	0.00848839	126.721	678.565	0.00325521	5	2	2	2	0.256876	223	70.1858	0	0	0	0.296788	147.062	1.75988	556.333	1	1	1	1	1	1	1	0
17.08.2015 15:25:59.972000	0	-0.00428328	0.00848839	126.727	678.563	0.00217014	5	2	2	2	0.258093	223	70.1858	0	0	0	0.296094	147.048	1.80828	556.095	1	1	1	1	1	1	1	0
17.08.2015 15:26:00.072000	0	-0.00428328	0.00848839	126.727	678.563	0.00289352	5	2	2	2	0.268121	223	70.1858	0	0	0	0.29673	147.026	1.81317	555.992	1	1	1	1	1	1	1	0
17.08.2015 15:26:00.172000	0	-0.00428328	0.00848839	126.727	678.563	0.00325521	5	2	2	2	0.264188	223	70.1858	0	0	0	0.29537	147.006	1.83129	555.845	1	1	1	1	1	1	1	0
17.08.2015 15:26:00.272000	0	-0.00428328	0.00848839	126.727	678.563	0.00470197	5	2	2	2	0.263016	223	70.1858	0	0	0	0.296065	146.99	1.84948	555.715	1	1	1	1	1	1	1	0
17.08.2015 15:26:00.372000	0	-0.00428328	0.00848839	126.727	678.563	0.00488281	5	2	2	2	0.261507	223	70.1858	0	0	0	0.295775	146.969	1.83776	555.68	1	1	1	1	1	1	1	0
17.08.2015 15:26:00.472000	0	-0.00428328	0.00848839	126.721	678.586	0.00578704	5	2	2	2	0.266629	223	70.1858	0	0	0	0.297049	146.943	1.81854	555.653	1	1	1	1	1	1	1	0
17.08.2015 15:26:00.572000	0	-0.00428328	0.00848839	126.723	678.586	0.00542535	5	2	2	2	0.26831	223	70.1858	0	0	0	0.295833	146.927	1.81664	555.6	1	1	1	1	1	1	1	0
17.08.2015 15:26:00.672000	0	-0.00428328	0.00848839	126.727	678.586	0.00397859	5	2	2	2	0.261367	223	70.1858	0	0	0	0.296875	146.904	1.80822	555.543	1	1	1	1	1	1	1	0
17.08.2015 15:26:00.772000	0	-0.00428328	0.00848839	126.723	678.586	0.00271267	5	2	2	2	0.257894	223	70.1858	0	0	0	0.297483	146.89	1.78143	555.591	1	1	1	1	1	1	1	0
17.08.2015 15:26:00.872000	0	-0.00428328	0.00848839	126.727	678.599	0.00325521	5	2	2	2	0.260028	223	70.1858	0	0	0	0.298409	146.872	1.76452	555.589	1	1	1	1	1	1	1	0
17.08.2015 15:26:00.972000	0	-0.00428328	0.00848839	126.723	678.594	0.00271267	5	2	2	2	0.238136	223	70.1858	0	0	0	0.299219	146.847	1.75835	555.516	1	1	1	1	1	1	1	0
17.08.2015 15:26:01.072000	0	-0.00428328	0.00848839	126.724	678.602	0.00470197	5	2	2	2	0.258169	223	70.1858	0	0	0	0.300318	146.829	1.75408	555.462	1	1	1	1	1	1	1	0
17.08.2015 15:26:01.172000	0	-0.00428328	0.00848839	126.727	678.598	0.00488281	5	2	2	2	0.256668	223	70.1858	0	0	0	0.302836	146.806	1.75744	555.362	1	1	1	1	1	1	1	0
17.08.2015 15:26:01.272000	0	-0.00428328	0.00848839	126.727	678.602	0.00289352	5	2	2	2	0.260804	223	70.1858	0	0	0	0.30353	146.784	1.7636	555.255	1	1	1	1	1	1	1	0
17.08.2015 15:26:01.372000	0	-0.00428328	0.00848839	126.727	678.602	0.00271267	5	2	2	2	0.260603	223	70.1858	0	0	0	0.305295	146.766	1.76421	555.183	1	1	1	1	1	1	1	0
17.08.2015 15:26:01.472000	0	-0.00428328	0.00848839	126.724	678.602	0.00325521	5	2	2	2	0.244819	223	70.1858	0	0	0	0.306467	146.748	1.76807	555.097	1	1	1	1	1	1	1	0
17.08.2015 15:26:01.572000	0	-0.00428328	0.00848839	126.727	678.605	0.00488281	5	2	2	2	0.259615	223	70.1858	0	0	0	0.30843	146.728	1.76965	555.015	1	1	1	1	1	1	1	0
17.08.2015 15:26:01.672000	0	-0.00428328	0.00848839	126.727	678.625	0.00506366	5	2	2	2	0.250191	223	70.1858	0	0	0	0.307979	146.713	1.77306	554.945	1	1	1	1	1	1	1	0
17.08.2015 15:26:01.772000	0	-0.00428328	0.00848839	126.723	678.625	0.00271267	5	2	2	2	0.273523	223	70.1858	0	0	0	0.308905	146.688	1.77352	554.849	1	1	1	1	1	1	1	0
17.08.2015 15:26:01.872000	0	-0.00428328	0.00848839	126.727	678.625	0.00253183	5	2	2	2	0.259216	223	70.1858	0	0	0	0.309216	146.673	1.77563	554.783	1	1	1	1	1	1	1	0
17.08.2015 15:26:01.972000	0	-0.00428328	0.00848839	126.727	678.637	0.00325521	5	2	2	2	0.253376	223	70.1858	0	0	0	0.309621	146.649	1.7766	554.688	1	1	1	1	1	1	1	0
17.08.2015 15:26:02.072000	0	-0.00428328	0.00848839	126.727	678.659	0.00325521	5	2	2	2	0.262001	223	70.1858	0	0	0	0.308948	146.633	1.77667	554.627	1	1	1	1	1	1	1	0
17.08.2015 15:26:02.172000	0	-0.00428328	0.00848839	126.719	678.629	0.00271267	5	2	2	2	0.250474	223	70.1858	0	0	0	0.308398	146.618	1.77172	554.588	1	1	1	1	1	1	1	0
17.08.2015 15:26:02.272000	0	-0.00428328	0.00848839	126.719	678.661	0.00253183	5	2	2	2	0.236994	223	70.1858	0	0	0	0.308659	146.598	1.77319	554.504	1	1	1	1	1	1	1	0
17.08.2015 15:26:02.372000	0	-0.00428328	0.00848839	126.719	678.66	0.00217014	5	2	2	2	0.242052	223	70.1858	0	0	0	0.307161	146.578	1.77569	554.419	1	1	1	1	1	1	1	0
17.08.2015 15:26:02.472000	0	-0.00428328	0.00848839	126.719	678.651	0.00325521	5	2	2	2	0.24035	223	70.1858	0	0	0	0.306872	146.563	1.77831	554.354	1	1	1	1	1	1	1	0
17.08.2015 15:26:02.572000	0	-0.00428328	0.00848839	126.719	678.672	0.00325521	5	2	2	2	0.250674	223	70.1858	0	0	0	0.304977	146.539	1.78301	554.242	1	1	1	1	1	1	1	0
17.08.2015 15:26:02.672000	0	-0.00428328	0.00848839	126.719	678.656	0.00253183	5	2	2	2	0.247569	223	70.1858	0	0	0	0.305136	146.518	1.78289	554.163	1	1	1	1	1	1	1	0
17.08.2015 15:26:02.772000	0	-0.00428328	0.00848839	126.719	678.656	0.00325521	5	2	2	2	0.240967	223	70.1858	0	0	0	0.303819	146.503	1.77819	554.122	1	1	1	1	1	1	1	0
17.08.2015 15:26:02.872000	0	-0.00428328	0.00848839	126.719	678.656	0.00325521	5	2	2	2	0.255274	223	70.1858	0	0	0	0.303819	146.544	1.75176	554.38	1	1	1	1	1	1	1	0
