Time	[76:0]	[76:1]	[76:2]	[76:4]	[76:8]	[76:70]	[76:71]	[78:0]	[78:1]	[78:2]	[79:2]	[79:3]	[79:4]	[79:8]	[79:9]	[79:10]	[79:11]	[79:12]	[79:13]	[79:14]	[79.0]	[79.1]	[79.2]	[79.3]	[79.4]	[79.5]	[79.6]	[79.8]
time	Hoogteverstelling - Referentie positie (mm)	Hoogteverstelling - AZ gemeten positie (mm)	Hoogteverstelling - BZ gemeten positie (mm)	Transfert Ingang - Gemeten positie (mm)	Transfert Uitgang - Gemeten positie (mm)	Aardgas - actueel debiet	Stappenschakelaar - gemeten pos	Laspos Ing - positie discreet	Laspos Uitg - positie discreet	Schaafverstelling - positie discreet	Stuikraam - Totale Stroommeting RMS-waarde (A)	Stuikraam - Stroomreferentie (A)	Stuikraam - Positie AZ (mm, pulsgever)	Stuikraam - Referentie Servo-ventiel (%)	Stuikraam - Trim door I-regelaar (%)	Stuikraam - Gemeten snelheid (mm/s, pulsgever)	Secundaire lasspanning	Stuikraam - Druk stuikcilinder voorkamer (=laszijde)  (bar)	Stuikraam - Druk stuikcilinder terugloopkamer  (bar)	Stuikraam - Netto voorwaartse kracht op stuikraam (kN)	Stuikraam - P1	Stuikraam - P2	Stuikraam - P3	Stuikraam - P4	Stuikraam - P5	Stuikraam - P6	Stuikraam - P7	Stuikraam - Openen stuikventielen	

Lasparameter.Ingang - Coil ID	0322944S
Lasparameter.Ingang - Dikte (um)	4310
Lasparameter.Ingang - Breedte (mm)	1055
Lasparameter.Ingang - Materiaal	0002
Lasparameter.Uitgang - Coil ID	0322949S
Lasparameter.Uitgang - Dikte (um)	4360
Lasparameter.Uitgang - Breedte (mm)	1061
Lasparameter.Uitgang - Materiaal	0002
Lasparameter.P2 (mm)	24.0
Lasparameter.P3 (mm)	34.0
Lasparameter.P4 (mm)	42.2
Lasparameter.P5 (mm)	50.6
Lasparameter.P6 (mm)	57.2
Lasparameter.P7 (mm)	62.2
Lasparameter.Vonksnelheid (mm/s)	1.20
Lasparameter.Lassnelheid (mm/s)	0.48
Lasparameter.Stroom Referentie (A)	0277
Lasparameter.Stroomtoename (µA/s2)	61.5
Lasparameter.Stuikstroomtijd (per)	0009
Lasparameter.Afkoeltijd Stuik (per)	0065
Lasparameter.Stuikdruk (bar)	0103
Lasparameter.Stuiksnelheid (%)	90.0

13.08.2015 05:25:27.363000	0.0250001	0.0214234	0.0296914	0.0195313	-86.3672	-0.00108507	6	4	4	4	0.362754	277	0	0	0	0	0.350984	4.53896	123.203	-454.339	1	0	0	0	0	0	0	0
13.08.2015 05:25:27.463000	0.0250001	0.0214234	0.0296914	0.0273438	-111.207	-0.00108507	6	4	4	4	0.363347	277	0	0	0	0	0.350405	5.28715	123.203	-451.475	1	0	0	0	0	0	0	0
13.08.2015 05:25:27.563000	0.0250001	0.0214234	0.0296914	0.0286458	-144.901	0	6	4	4	4	0.384689	277	0	0	0	0	0.351273	4.42232	123.159	-454.62	1	0	0	0	0	0	0	0
13.08.2015 05:25:27.663000	0.0250001	0.0214234	0.0296914	0.0273438	-182.578	-0.00108507	6	4	4	4	0.401021	277	0	0	0	0	0.349682	4.66378	123.129	-453.58	1	0	0	0	0	0	0	0
13.08.2015 05:25:27.763000	0.0250001	0.0214234	0.0296914	0.00260417	-234.102	0	6	4	4	4	0.386243	277	0	0	0	0	0.347078	5.25736	123.138	-451.342	1	0	0	0	0	0	0	0
13.08.2015 05:25:27.863000	0.0250001	0.0214234	0.0296914	0.00390625	-280.512	-0.000542535	6	4	4	4	0.374184	277	0	0	0	0	0.342882	6.98337	123.171	-444.858	1	0	0	0	0	0	0	0
13.08.2015 05:25:27.963000	0.0250001	0.0214234	0.0296914	0.00260417	-321.099	0.00036169	6	4	4	4	0.380159	277	0	0	0	0	0.33941	3.16544	123.025	-458.919	1	0	0	0	0	0	0	0
13.08.2015 05:25:28.063000	0.0250001	0.0214234	0.0296914	0.00390625	-361.492	0.000542535	6	4	4	4	0.384066	277	0	0	0	0	0.335793	4.0589	123.013	-455.453	1	0	0	0	0	0	0	0
13.08.2015 05:25:28.163000	0.0250001	0.0214234	0.0296914	0	-418.539	0.00180845	6	4	4	4	0.379058	277	0	0	0	0	0.333767	4.0177	122.997	-455.548	1	0	0	0	0	0	0	0
13.08.2015 05:25:28.263000	0.0250001	0.0214234	0.0296914	0.00390625	-459.379	0.00271267	6	4	4	4	0.373174	277	0	0	0	0	0.332321	6.8049	123.07	-445.157	1	0	0	0	0	0	0	0
13.08.2015 05:25:28.363000	0.0250001	0.0214234	0.0296914	0.00260417	-499.917	0.00072338	6	4	4	4	0.393379	277	0	0	0	0	0.329716	5.11521	123.014	-451.41	1	0	0	0	0	0	0	0
13.08.2015 05:25:28.463000	0.0250001	0.0214234	0.0296914	0.00390625	-547.738	0.000542535	6	4	4	4	0.380386	277	0	0	0	0	0.328993	2.89175	122.894	-459.465	1	0	0	0	0	0	0	0
13.08.2015 05:25:28.563000	0.0250001	0.0214234	0.0296914	0	-587.982	0.00036169	6	4	4	4	0.395939	277	0	0	0	0	0.327257	5.60424	122.952	-449.3	1	0	0	0	0	0	0	0
13.08.2015 05:25:28.663000	0.0250001	0.0214234	0.0296914	0.00390625	-613.25	0.00108507	6	4	4	4	0.384509	277	0	0	0	0	0.327402	4.92465	122.93	-451.818	1	0	0	0	0	0	0	0
13.08.2015 05:25:28.763000	0.0250001	0.0214234	0.0296914	0	-632.518	0.00072338	6	4	4	4	0.385258	277	0	0	0	0	0.325955	4.52077	122.866	-453.122	1	0	0	0	0	0	0	0
13.08.2015 05:25:28.863000	0.0250001	0.0214234	0.0296914	0.00390625	-652.75	0.000542535	6	4	4	4	0.379424	277	0	0	0	0	0.326678	5.13639	122.876	-450.801	1	0	0	0	0	0	0	0
13.08.2015 05:25:28.963000	0.0250001	0.0214234	0.0296914	0.0078125	-661.622	0.00108507	6	4	4	4	0.369212	277	0	0	0	0	0.328993	5.80078	122.863	-448.208	1	0	0	0	0	0	0	0
13.08.2015 05:25:29.063000	0.0250001	0.0214234	0.0296914	0.0078125	-666.082	0.00108507	6	4	4	4	0.397476	277	0	0	0	0	0.333189	4.65047	122.807	-452.397	1	0	0	0	0	0	0	0
13.08.2015 05:25:29.163000	0.0250001	0.0214234	0.0296914	0.0078125	-667.383	0.00072338	6	4	4	4	0.396695	277	0	0	0	0	0.33724	5.4066	122.802	-449.483	1	0	0	0	0	0	0	0
13.08.2015 05:25:29.263000	0.0250001	0.0214234	0.0296914	0.0078125	-669.027	0.000542535	6	4	4	4	0.386937	277	0	0	0	0	0.339699	5.56279	122.793	-448.85	1	0	0	0	0	0	0	0
13.08.2015 05:25:29.363000	0.0250001	0.0214234	0.0296914	0.0130208	-669.232	0	6	4	4	4	0.361598	277	0	0	0	0	0.342014	3.93841	122.704	-454.729	1	0	0	0	0	0	0	0
13.08.2015 05:25:29.463000	0.0250001	0.0214234	0.0296914	0	-669.27	0.000542535	6	4	4	4	0.397979	277	0	0	0	0	0.344184	3.30876	122.659	-456.968	1	0	0	0	0	0	0	0
13.08.2015 05:25:29.563000	0.0250001	0.0214234	0.0296914	0.078125	-669.263	0.00072338	6	4	4	4	0.379283	277	0	0	0	0	0.347078	4.92111	122.684	-450.89	1	0	0	0	0	0	0	0
13.08.2015 05:25:29.663000	0.0250001	0.0214234	0.0296914	0.390625	-669.273	0.000542535	6	4	4	4	0.376252	277	0	0	0	0	0.34809	4.97446	122.662	-450.603	1	0	0	0	0	0	0	0
13.08.2015 05:25:29.763000	0.0250001	0.0214234	0.0296914	2.4375	-669.271	-0.00036169	6	4	4	4	0.379567	277	0	0	0	0	0.350405	4.02966	122.614	-454.037	1	0	0	0	0	0	0	0
13.08.2015 05:25:29.863000	0.0250001	0.0214234	0.0296914	13.5781	-669.273	0.00108507	6	4	4	4	0.358883	277	0	0	0	0	0.351997	5.49461	122.629	-448.482	1	0	0	0	0	0	0	0
13.08.2015 05:25:29.963000	0.0250001	0.0214234	0.0296914	37.9219	-669.273	0.00434028	6	4	4	4	0.380649	277	0	0	0	0	0.354311	4.68941	122.589	-451.412	1	0	0	0	0	0	0	0
13.08.2015 05:25:30.063000	0.0250001	0.0214234	0.0296914	62.5313	-669.273	0.00271267	6	4	4	4	0.372118	277	0	0	0	0	0.355469	4.41664	122.556	-452.334	1	0	0	0	0	0	0	0
13.08.2015 05:25:30.163000	0.0250001	0.0214234	0.0296914	88.9635	-669.273	0.00253183	6	4	4	4	0.40024	277	0	0	0	0	0.357494	4.77633	122.539	-450.891	1	0	0	0	0	0	0	0
13.08.2015 05:25:30.263000	0.0250001	0.0214234	0.0296914	120.289	-669.273	0.00271267	6	4	4	4	0.391375	277	0	0	0	0	0.359809	4.58272	122.512	-451.528	1	0	0	0	0	0	0	0
13.08.2015 05:25:30.363000	0.0250001	0.0214234	0.0296914	173.068	-669.281	0.00180845	6	4	4	4	0.368554	277	0	0	0	0	0.361545	4.88339	122.495	-450.31	1	0	0	0	0	0	0	0
13.08.2015 05:25:30.463000	0.0250001	0.0214234	0.0296914	215.098	-669.277	0.00108507	6	4	4	4	0.367289	277	0	0	0	0	0.364149	4.89621	122.471	-450.169	1	0	0	0	0	0	0	0
13.08.2015 05:25:30.563000	0.0250001	0.0214234	0.0296914	258.193	-669.281	0.00036169	6	4	4	4	0.368311	277	0	0	0	0	0.366464	4.5118	122.437	-451.513	1	0	0	0	0	0	0	0
13.08.2015 05:25:30.663000	0.0250001	0.0214234	0.0296914	301.156	-669.281	0	6	4	4	4	0.374091	277	0	0	0	0	0.37037	4.80209	122.417	-450.323	1	0	0	0	0	0	0	0
13.08.2015 05:25:30.763000	0.0250001	0.0214234	0.0296914	361.138	-669.286	0.00072338	6	4	4	4	0.359628	277	0	0	0	0	0.372975	4.72591	122.397	-450.538	1	0	0	0	0	0	0	0
13.08.2015 05:25:30.863000	0.0250001	0.0214234	0.0296914	404	-669.27	0.000542535	6	4	4	4	0.357011	277	0	0	0	0	0.376302	3.88751	122.354	-453.586	1	0	0	0	0	0	0	0
13.08.2015 05:25:30.963000	0.0250001	0.0214234	0.0296914	443.169	-669.266	0.00036169	6	4	4	4	0.374275	277	0	0	0	0	0.380353	4.146	122.337	-452.53	1	0	0	0	0	0	0	0
13.08.2015 05:25:31.063000	0.0250001	0.0214234	0.0296914	475.176	-669.266	0.00108507	6	4	4	4	0.390421	277	0	0	0	0	0.383681	4.65407	122.388	-450.78	1	0	0	0	0	0	0	0
13.08.2015 05:25:31.163000	0.0250001	0.0214234	0.0296914	493.667	-669.26	0.00072338	6	4	4	4	0.363607	277	0	0	0	0	0.385706	4.44343	122.555	-452.224	1	0	0	0	0	0	0	0
13.08.2015 05:25:31.263000	0.0250001	0.0214234	0.0296914	509.18	-669.266	0	6	4	4	4	0.379645	277	0	0	0	0	0.3886	4.27644	122.739	-453.568	1	0	0	0	0	0	0	0
13.08.2015 05:25:31.363000	0.0250001	0.0214234	0.0296914	525.401	-669.26	-0.00108507	6	4	4	4	0.396091	277	0	0	0	0	0.390046	4.5732	122.992	-453.401	1	0	0	0	0	0	0	0
13.08.2015 05:25:31.463000	0.0250001	0.0214234	0.0296914	547.23	-669.266	-0.00108507	6	4	4	4	0.383075	277	0	0	0	0	0.391348	4.50484	123.992	-457.491	1	0	0	0	0	0	0	0
13.08.2015 05:25:31.563000	0.0250001	0.0214234	0.0296914	563.161	-669.266	0.00108507	6	4	4	4	0.385047	277	0	0	0	0	0.391638	4.34803	124.353	-459.475	1	0	0	0	0	0	0	0
13.08.2015 05:25:31.663000	0.0250001	0.0214234	0.0296914	579.07	-669.266	0.00108507	6	4	4	4	0.395416	277	0	0	0	0	0.391493	4.43428	125.002	-461.629	1	0	0	0	0	0	0	0
13.08.2015 05:25:31.763000	0.0250001	0.0214234	0.0296914	596.417	-669.266	0.00072338	6	4	4	4	0.36437	277	0	0	0	0	0.390336	4.45564	125.057	-461.757	1	0	0	0	0	0	0	0
13.08.2015 05:25:31.863000	0.0250001	0.0214234	0.0296914	615.066	-669.266	0.00108507	6	4	4	4	0.371519	277	0	0	0	0	0.388166	4.44453	125.168	-462.225	1	0	0	0	0	0	0	0
13.08.2015 05:25:31.963000	0.0250001	0.0214234	0.0296914	629.932	-669.266	0.00036169	6	4	4	4	0.338122	277	0	0	0	0	0.385561	4.42085	125.327	-462.927	1	0	0	0	0	0	0	0
13.08.2015 05:25:32.063000	0.0250001	0.0214234	0.0296914	644.184	-669.266	-0.000542535	6	4	4	4	0.349589	277	0	0	0	0	0.380208	4.44203	125.605	-463.91	1	0	0	0	0	0	0	0
13.08.2015 05:25:32.163000	0.0250001	0.0214234	0.0296914	660.987	-669.266	0.00108507	6	4	4	4	0.357817	277	0	0	0	0	0.377025	4.42885	125.914	-465.143	1	0	0	0	0	0	0	0
13.08.2015 05:25:32.263000	0.0250001	0.0214234	0.0296914	675	-669.266	0.000542535	6	4	4	4	0.36241	277	0	0	0	0	0.371817	4.40681	126.147	-466.119	1	0	0	0	0	0	0	0
13.08.2015 05:25:32.363000	0.0250001	0.0214234	0.0296914	686.5	-669.266	0.00072338	6	4	4	4	0.361134	277	0	0	0	0	0.368345	4.42091	126.347	-466.832	1	0	0	0	0	0	0	0
13.08.2015 05:25:32.463000	0.0250001	0.0214234	0.0296914	696.449	-669.266	0.000542535	6	4	4	4	0.404057	277	0	0	0	0	0.361979	4.37934	126.508	-467.607	1	0	0	0	0	0	0	0
13.08.2015 05:25:32.563000	0.0250001	0.0214234	0.0296914	705.599	-669.266	0.00036169	6	4	4	4	0.398488	277	0	0	0	0	0.358218	4.33992	126.699	-468.491	1	0	0	0	0	0	0	0
13.08.2015 05:25:32.663000	0.0250001	0.0214234	0.0296914	709.754	-669.27	0.00108507	6	4	4	4	0.35954	277	0	0	0	0	0.354311	4.29823	126.934	-469.548	1	0	0	0	0	0	0	0
13.08.2015 05:25:32.763000	0.0250001	0.0214234	0.0296914	710.586	-669.273	0.00108507	6	4	4	4	0.378972	277	0	0	0	0	0.351114	4.41145	127.179	-470.054	1	0	0	0	0	0	0	0
13.08.2015 05:25:32.863000	0.0250001	0.0214234	0.0296914	711.078	-669.273	0.00108507	6	4	4	4	0.387815	277	0	0	0	0	0.347801	4.34663	127.372	-471.04	1	0	0	0	0	0	0	0
13.08.2015 05:25:32.963000	0.0250001	0.0214234	0.0296914	711.078	-669.273	0.00180845	6	4	4	4	0.376793	277	0	0	0	0	0.344893	4.44209	127.42	-470.859	1	0	0	0	0	0	0	0
13.08.2015 05:25:33.063000	0.0250001	0.0214234	0.0296914	711.078	-669.273	0.00217014	6	4	4	4	0.371832	277	0	0	0	0	0.342882	5.19486	127.552	-468.481	1	0	0	0	0	0	0	0
13.08.2015 05:25:33.163000	0.0250001	0.0214234	0.0296914	711.078	-669.273	0.00144676	6	4	4	4	0.364553	277	0	0	0	0	0.340574	4.41267	128.208	-473.992	1	0	0	0	0	0	0	0
13.08.2015 05:25:33.263000	0.0250001	0.0214234	0.0296914	711.078	-669.273	0.000542535	6	4	4	4	0.396183	277	0	0	0	0	0.340422	4.15851	128.242	-475.093	1	0	0	0	0	0	0	0
13.08.2015 05:25:33.363000	0.0250001	0.0214234	0.0296914	711.086	-669.276	0.00036169	6	4	4	4	0.380691	277	0	0	0	0	0.338679	4.85889	128.268	-472.486	1	0	0	0	0	0	0	0
13.08.2015 05:25:33.463000	0.0250001	0.0214234	0.0296914	711.086	-669.273	0.000542535	6	4	4	4	0.373099	277	0	0	0	0	0.337645	4.5276	128.298	-473.89	1	0	0	0	0	0	0	0
13.08.2015 05:25:33.563000	0.0250001	0.0214234	0.0296914	711.086	-669.273	0.00108507	6	4	4	4	0.371355	277	0	0	0	0	0.335048	4.29933	128.458	-475.377	1	0	0	0	0	0	0	0
13.08.2015 05:25:33.663000	0.0250001	0.0214234	0.0296914	711.086	-669.273	0	6	4	4	4	0.377787	277	0	0	0	0	0.332733	4.58565	128.744	-475.378	1	0	0	0	0	0	0	0
13.08.2015 05:25:33.763000	0.0250001	0.0214234	0.0296914	711.086	-669.273	0.00180845	6	4	4	4	0.353626	277	0	0	0	0	0.329536	4.65688	128.925	-475.798	1	0	0	0	0	0	0	0
13.08.2015 05:25:33.863000	0.0250001	0.0214234	0.0296914	711.086	-669.273	0.00108507	6	4	4	4	0.36104	277	0	0	0	0	0.325897	4.45289	129.04	-477.02	1	0	0	0	0	0	0	0
13.08.2015 05:25:33.963000	0.0250001	0.0214234	0.0296914	711.086	-669.273	-0.00072338	6	4	4	4	0.360468	277	0	0	0	0	0.320421	4.47322	129.132	-477.293	1	0	0	0	0	0	0	0
13.08.2015 05:25:34.063000	0.0250001	0.0214234	0.0296914	711.086	-669.273	-0.0016276	6	4	4	4	0.359387	277	0	0	0	0	0.316508	4.56703	129.241	-477.35	1	0	0	0	0	0	0	0
13.08.2015 05:25:34.163000	0.0250001	0.0214234	0.0296914	711.086	-669.273	-0.00144676	6	4	4	4	0.369603	277	0	0	0	0	0.311878	4.54262	129.363	-477.912	1	0	0	0	0	0	0	0
13.08.2015 05:25:34.263000	0.0250001	0.0214234	0.0296914	711.086	-669.273	0.00108507	6	4	4	4	0.376533	277	0	0	0	0	0.305621	4.49849	129.484	-478.546	1	0	0	0	0	0	0	0
13.08.2015 05:25:34.363000	0.0250001	0.0214234	0.0296914	711.089	-669.279	0.00036169	6	4	4	4	0.357034	277	0	0	0	0	0.298669	4.28755	129.587	-479.747	1	0	0	0	0	0	0	0
13.08.2015 05:25:34.463000	0.0250001	0.0214234	0.0296914	711.094	-669.285	0.00108507	6	4	4	4	0.38765	277	0	0	0	0	0.290596	3.85998	129.6	-481.432	1	0	0	0	0	0	0	0
13.08.2015 05:25:34.563000	0.0250001	0.0214234	0.0296914	711.096	-669.289	0.00108507	6	4	4	4	0.377683	277	0	0	0	0	0.285945	4.62471	127.346	-469.874	1	0	0	0	0	0	0	0
13.08.2015 05:25:34.663000	0.0250001	0.0214234	0.0296914	711.102	-669.289	0.000542535	6	4	4	4	0.362598	277	0	0	0	0	0.278342	5.75781	129.999	-475.693	1	0	0	0	0	0	0	0
13.08.2015 05:25:34.763000	0.0250001	0.0214234	0.0296914	711.102	-669.286	0.00036169	6	4	4	4	0.378883	277	0	0	0	0	0.27717	5.16251	130.265	-478.992	1	0	0	0	0	0	0	0
13.08.2015 05:25:34.863000	0.0250001	0.0214234	0.0296914	711.109	-669.289	0.00108507	6	4	4	4	0.359021	277	0	0	0	0	0.274884	4.65279	129.583	-478.334	1	0	0	0	0	0	0	0
13.08.2015 05:25:34.963000	0.0250001	0.0214234	0.0296914	711.109	-669.289	0.00108507	6	4	4	4	0.369607	277	0	0	0	0	0.274284	4.8688	128.887	-474.842	1	0	0	0	0	0	0	0
13.08.2015 05:25:35.063000	0.0250001	0.0214234	0.0296914	711.109	-669.289	0.000542535	6	4	4	4	0.392336	277	0	0	0	0	0.273307	5.22221	128.669	-472.651	1	0	0	0	0	0	0	0
13.08.2015 05:25:35.163000	0.0250001	0.0214234	0.0296914	711.109	-669.289	0.00072338	6	4	4	4	0.379888	277	0	0	0	0	0.273568	4.87075	128.663	-473.975	1	0	0	0	0	0	0	0
13.08.2015 05:25:35.263000	0.0250001	0.0214234	0.0296914	711.109	-669.289	0.000542535	6	4	4	4	0.373027	277	0	0	0	0	0.273749	4.78268	128.715	-474.513	1	0	0	0	0	0	0	0
13.08.2015 05:25:35.363000	0.0250001	0.0214234	0.0296914	711.109	-669.289	0.00108507	6	4	4	4	0.407856	277	0	0	0	0	0.275188	5.21073	128.689	-472.772	1	0	0	0	0	0	0	0
13.08.2015 05:25:35.463000	0.0250001	0.0214234	0.0296914	711.109	-669.289	0.00108507	6	4	4	4	0.389616	277	0	0	0	0	0.277214	4.90384	128.523	-473.312	1	0	0	0	0	0	0	0
13.08.2015 05:25:35.563000	0.0250001	0.0214234	0.0296914	711.109	-669.289	0.00072338	6	4	4	4	0.385871	277	0	0	0	0	0.277192	4.84341	128.266	-472.562	1	0	0	0	0	0	0	0
13.08.2015 05:25:35.663000	0.0250001	0.0214234	0.0296914	711.109	-669.289	0.00108507	6	4	4	4	0.38782	277	0	0	0	0	0.277496	4.55886	128.185	-473.341	1	0	0	0	0	0	0	0
13.08.2015 05:25:35.763000	0.0250001	0.0214234	0.0296914	711.109	-669.289	0.00144676	6	4	4	4	0.377586	277	0	0	0	0	0.274848	4.33192	128.323	-474.736	1	0	0	0	0	0	0	0
13.08.2015 05:25:35.863000	0.0250001	0.0214234	0.0296914	711.109	-669.289	0.000542535	6	4	4	4	0.378833	277	0	0	0	0	0.272823	9.27366	119.914	-423.619	1	0	0	0	0	0	0	0
13.08.2015 05:25:35.963000	0.0250001	0.0214234	0.0296914	711.018	-669.289	0.00072338	6	4	4	4	0.366069	277	0.253186	0	0	5.5609	0.268786	89.2721	97.8311	-32.7706	1	0	0	0	0	0	0	0
13.08.2015 05:25:36.063000	0.0250001	0.0214234	0.0296914	709.824	-669.289	0.00108507	6	4	4	4	0.382447	277	2.79301	0	0	33.6403	0.266276	110.902	83.8696	103.503	1	0	0	0	0	0	0	0
13.08.2015 05:25:36.163000	0.0250001	0.0214234	0.0296914	699.818	-669.279	0.00072338	6	4	4	4	0.375199	277	6.19187	0	0	34.6036	0.261422	110.341	83.5823	102.454	1	0	0	0	0	0	0	0
13.08.2015 05:25:36.263000	0.0250001	0.0214234	0.0296914	675.641	-669.285	0	6	4	4	4	0.365123	277	9.69221	0	0	35.2268	0.258196	113.13	87.0742	99.7615	1	0	0	0	0	0	0	0
13.08.2015 05:25:36.363000	0.0250001	0.0214234	0.0296914	656.461	-669.289	0.00253183	6	4	4	4	0.370515	277	13.202	0	0	35.1221	0.255642	117.121	91.443	98.3167	1	0	0	0	0	0	0	0
13.08.2015 05:25:36.463000	0.0250001	0.0214234	0.0296914	632.484	-669.289	0.000542535	6	4	4	4	0.371694	277	16.6755	0	0	34.9118	0.252705	119.84	94.1581	98.3308	1	0	0	0	0	0	0	0
13.08.2015 05:25:36.563000	0.0250001	0.0214234	0.0296914	599.383	-669.289	0.00072338	6	4	4	4	0.35975	277	20.1077	0	0	34.2901	0.250991	120.521	94.9321	97.9765	1	0	0	0	0	0	0	0
13.08.2015 05:25:36.663000	0.0250001	0.0214234	0.0296914	557.824	-669.289	0.000542535	6	4	4	4	0.354156	277	23.5279	11	0	35.1462	0.247367	119.997	93.6523	100.87	1	0.36	0	0	0	0	0	0
13.08.2015 05:25:36.763000	0.0250001	0.0214234	0.0296914	521.232	-669.289	0.00072338	6	4	4	4	0.342312	277	27.8435	50	0	46.4869	0.246484	106.606	84.0396	86.4035	1	1	0	0	0	0	0	0
13.08.2015 05:25:36.863000	0.0250001	0.0214234	0.0296914	481.992	-669.293	0	6	4	4	4	0.364149	277	30.6186	49.334	0	17.3614	0.241319	90.5122	66.8286	90.6799	1	1	0	0	0	0	0	0
13.08.2015 05:25:36.963000	0.0250001	0.0214234	0.0296914	433.063	-669.313	0.00072338	6	4	4	4	0.374285	277	31.8875	41.3501	0	11.3149	0.241276	65.1485	40.9132	92.7921	1	1	0	0	0	0	0	0
13.08.2015 05:25:37.063000	0.0250001	0.0214234	0.0296914	391.578	-669.34	0.00108507	6	4	4	4	0.402026	277	32.8038	31.3503	0	8.60341	0.23742	53.7715	29.1675	94.2039	1	1	0	0	0	0	0	0
13.08.2015 05:25:37.163000	0.0250001	0.0214234	0.0296914	357.133	-669.333	0	6	4	4	4	0.369332	277	33.4589	21.3502	0	6.50672	0.236205	48.4041	23.5987	94.9751	1	1	0	0	0	0	0	0
13.08.2015 05:25:37.263000	0.0250001	0.0214234	0.0296914	325.023	-669.324	-0.0016276	6	4	4	4	0.337428	277	33.8697	11.3502	0	4.27149	0.233673	45.298	20.4087	95.296	1	1	0	0	0	0	0	0
13.08.2015 05:25:37.363000	0.0250001	0.0214234	0.0296914	283.68	-669.326	-0.00108507	6	4	4	4	47.4678	277	34.0617	5.14435	0	3.58407	0.260229	43.4797	18.8991	94.1139	1	1	1	0	0	0	0	0
13.08.2015 05:25:37.463000	0.0250001	0.0214234	0.0296914	256.262	-669.328	-0.00108507	6	4	4	4	81.225	277	34.1801	5.11247	0	1.73963	5.63639	43.6154	18.4523	96.3446	1	1	1	0	0	0	0	0
13.08.2015 05:25:37.563000	0.0250001	0.0214234	0.0296914	236.151	-669.331	0.00072338	6	4	4	4	81.2439	277	34.3115	5.11247	0	1.66615	10.2712	43.3354	18.0855	96.6771	1	1	1	0	0	0	0	0
13.08.2015 05:25:37.663000	0.0250001	0.0214234	0.0296914	218.574	-669.336	0.00108507	6	4	4	4	81.466	277	34.4308	5.11247	0	1.24981	11.5751	42.9607	17.8055	96.3144	1	1	1	0	0	0	0	0
13.08.2015 05:25:37.763000	0.0250001	0.0214234	0.0296914	196.378	-669.336	0.00144676	6	4	4	4	81.5942	277	34.5502	5.11247	0	1.24594	11.8064	42.7235	17.5771	96.2805	1	1	1	0	0	0	0	0
13.08.2015 05:25:37.863000	0.0250001	0.0214234	0.0296914	179.73	-669.336	0.00108507	6	4	4	4	81.6164	277	34.6711	5.11247	0	1.20148	11.8916	42.5724	17.4008	96.377	1	1	1	0	0	0	0	0
13.08.2015 05:25:37.963000	0.0250001	0.0214234	0.0296914	163.32	-669.336	0.00108507	6	4	4	4	81.647	277	34.7875	5.11247	0	1.204	11.9282	42.461	17.2644	96.4726	1	1	1	0	0	0	0	0
13.08.2015 05:25:38.063000	0.0250001	0.0214234	0.0296914	145.883	-669.34	0.00271267	6	4	4	4	81.5444	277	34.9084	5.11247	0	1.23745	11.9387	42.3343	17.1697	96.3502	1	1	1	0	0	0	0	0
13.08.2015 05:25:38.163000	0.0250001	0.0214234	0.0296914	134.242	-669.344	-0.00108507	6	4	4	4	81.4104	277	35.0252	5.11247	0	1.23745	11.9409	42.2505	17.1366	96.1562	1	1	1	0	0	0	0	0
13.08.2015 05:25:38.263000	0.0250001	0.0214234	0.0296914	127.359	-669.344	0.000542535	6	4	4	4	81.5197	277	35.1451	5.11247	0	1.16744	11.9438	42.197	17.0858	96.1455	1	1	1	0	0	0	0	0
13.08.2015 05:25:38.363000	0.0250001	0.0214234	0.0296914	125.867	-669.344	0.00108507	6	4	4	4	81.5522	277	35.267	5.11247	0	1.16217	11.9447	42.0612	17.1971	95.1997	1	1	1	0	0	0	0	0
13.08.2015 05:25:38.463000	0.0250001	0.0214234	0.0296914	126.074	-669.348	0.000542535	6	4	4	4	81.4538	277	35.3819	5.11247	0	1.19065	11.9502	41.9998	17.1336	95.2076	1	1	1	0	0	0	0	0
13.08.2015 05:25:38.563000	0.0250001	0.0214234	0.0296914	126.622	-669.354	0.00217014	6	4	4	4	81.572	277	35.5033	5.11247	0	1.19567	11.9441	41.9861	17.0273	95.5624	1	1	1	0	0	0	0	0
13.08.2015 05:25:38.663000	0.0250001	0.0214234	0.0296914	126.844	-669.359	0.00271267	6	4	4	4	81.542	277	35.6167	5.11247	0	1.18303	11.9566	42.0255	16.9539	95.994	1	1	1	0	0	0	0	0
13.08.2015 05:25:38.763000	0.0250001	0.0214234	0.0296914	126.875	-669.359	0.00289352	6	4	4	4	81.5443	277	35.7331	5.11247	0	1.17858	11.9539	42.0513	16.9507	96.1053	1	1	1	0	0	0	0	0
13.08.2015 05:25:38.863000	0.0250001	0.0214234	0.0296914	126.879	-669.359	0.00271267	6	4	4	4	81.6554	277	35.8554	5.11247	0	1.17858	11.9515	42.0558	16.9586	96.0919	1	1	1	0	0	0	0	0
13.08.2015 05:25:38.963000	0.0250001	0.0214234	0.0296914	126.878	-669.362	0.00325521	6	4	4	4	81.8121	277	35.9684	5.11247	0	1.17858	11.9554	42.0625	16.9642	96.0964	1	1	1	0	0	0	0	0
13.08.2015 05:25:39.063000	0.0250001	0.0214234	0.0296914	126.883	-669.367	0.00217014	6	4	4	4	81.8241	277	36.0872	5.11247	0	1.1731	11.9632	42.0626	16.9859	96.0136	1	1	1	0	0	0	0	0
13.08.2015 05:25:39.163000	0.0250001	0.0214234	0.0296914	126.88	-669.37	0.00253183	6	4	4	4	81.8792	277	36.2051	5.11247	0	1.16761	11.9645	42.068	16.9912	96.0139	1	1	1	0	0	0	0	0
13.08.2015 05:25:39.263000	0.0250001	0.0214234	0.0296914	126.879	-669.371	0.00271267	6	4	4	4	81.8784	277	36.321	5.11247	0	1.1697	11.9663	42.0681	16.9968	95.9928	1	1	1	0	0	0	0	0
13.08.2015 05:25:39.363000	0.0250001	0.0214234	0.0296914	126.885	-669.375	0.00108507	6	4	4	4	81.746	277	36.4414	5.11247	0	1.1731	11.9661	42.0657	16.9959	95.9875	1	1	1	0	0	0	0	0
13.08.2015 05:25:39.463000	0.0250001	0.0214234	0.0296914	126.883	-669.375	0.00108507	6	4	4	4	81.7262	277	36.5593	5.11247	0	1.17987	11.9612	42.0773	16.9911	96.0503	1	1	1	0	0	0	0	0
13.08.2015 05:25:39.563000	0.0250001	0.0214234	0.0296914	126.885	-669.375	0.00072338	6	4	4	4	81.8355	277	36.6767	5.11247	0	1.19566	11.9577	42.0751	16.9887	96.0508	1	1	1	0	0	0	0	0
13.08.2015 05:25:39.663000	0.0250001	0.0214234	0.0296914	126.887	-669.375	0.00108507	6	4	4	4	81.8415	277	36.7971	5.11247	0	1.19163	11.9604	42.0715	17.001	95.9898	1	1	1	0	0	0	0	0
13.08.2015 05:25:39.763000	0.0250001	0.0214234	0.0296914	126.891	-669.383	0.00108507	6	4	4	4	81.8543	277	36.9135	5.11247	0	1.17326	11.9645	42.0895	17.0048	96.0443	1	1	1	0	0	0	0	0
13.08.2015 05:25:39.863000	0.0250001	0.0214234	0.0296914	126.883	-669.383	0.00108507	6	4	4	4	81.8772	277	37.0328	5.11247	0	1.17414	11.9561	42.0953	17.0088	96.0515	1	1	1	0	0	0	0	0
13.08.2015 05:25:39.963000	0.0250001	0.0214234	0.0296914	126.888	-669.383	0.00253183	6	4	4	4	81.8685	277	37.1507	5.11247	0	1.18429	11.9559	42.103	17.0181	96.0452	1	1	1	0	0	0	0	0
13.08.2015 05:25:40.063000	0.0250001	0.0214234	0.0296914	126.883	-669.387	0.00108507	6	4	4	4	81.7853	277	37.2666	5.11247	0	1.18429	11.9536	42.1071	17.0273	96.0258	1	1	1	0	0	0	0	0
13.08.2015 05:25:40.163000	0.0250001	0.0214234	0.0296914	126.888	-669.391	0	6	4	4	4	82.0455	277	37.3865	5.11247	0	1.17366	11.9564	42.1168	17.0291	96.0559	1	1	1	0	0	0	0	0
13.08.2015 05:25:40.263000	0.0250001	0.0214234	0.0296914	126.887	-669.391	0.000542535	6	4	4	4	82.0423	277	37.5044	5.11247	0	1.17322	11.9568	42.1165	17.0439	95.998	1	1	1	0	0	0	0	0
13.08.2015 05:25:40.363000	0.0250001	0.0214234	0.0296914	126.885	-669.391	0.00072338	6	4	4	4	81.9989	277	37.6218	5.11247	0	1.1827	11.9588	42.126	17.0416	96.0431	1	1	1	0	0	0	0	0
13.08.2015 05:25:40.463000	0.0250001	0.0214234	0.0296914	126.891	-669.391	0.00108507	6	4	4	4	82.0818	277	37.7431	5.11247	0	1.18424	11.9611	42.1332	17.0456	96.0555	1	1	1	0	0	0	0	0
13.08.2015 05:25:40.563000	0.0250001	0.0214234	0.0296914	126.891	-669.391	0.00036169	6	4	4	4	82.0151	277	37.8595	5.11247	0	1.18853	11.9592	42.141	17.0547	96.0506	1	1	1	0	0	0	0	0
13.08.2015 05:25:40.663000	0.0250001	0.0214234	0.0296914	126.891	-669.391	0	6	4	4	4	81.8886	277	37.9779	5.11247	0	1.18981	11.9562	42.1502	17.0642	96.0494	1	1	1	0	0	0	0	0
13.08.2015 05:25:40.763000	0.0250001	0.0214234	0.0296914	126.888	-669.391	0.00072338	6	4	4	4	81.945	277	38.0978	5.11247	0	1.18625	11.9497	42.1538	17.0666	96.0541	1	1	1	0	0	0	0	0
13.08.2015 05:25:40.863000	0.0250001	0.0214234	0.0296914	126.891	-669.391	0	6	4	4	4	81.945	277	38.2137	5.11247	0	1.1845	11.9491	42.1575	17.0813	96.0115	1	1	1	0	0	0	0	0
13.08.2015 05:25:40.963000	0.0250001	0.0214234	0.0296914	126.888	-669.393	0.00108507	6	4	4	4	81.8425	277	38.3341	5.11247	0	1.17824	11.9466	42.1613	17.0923	95.9842	1	1	1	0	0	0	0	0
13.08.2015 05:25:41.063000	0.0250001	0.0214234	0.0296914	126.891	-669.398	0.00108507	6	4	4	4	82.0435	277	38.45	5.11247	0	1.17312	11.9445	42.1767	17.0932	96.0398	1	1	1	0	0	0	0	0
13.08.2015 05:25:41.163000	0.0250001	0.0214234	0.0296914	126.891	-669.398	0.00036169	6	4	4	4	82.0396	277	38.5644	5.11247	0	1.17082	11.953	42.1745	17.0933	96.0309	1	1	1	0	0	0	0	0
13.08.2015 05:25:41.263000	0.0250001	0.0214234	0.0296914	126.891	-669.398	0	6	4	4	4	82.0073	277	38.6887	5.11247	0	1.16765	11.9627	42.1869	17.0992	96.0557	1	1	1	0	0	0	0	0
13.08.2015 05:25:41.363000	0.0250001	0.0214234	0.0296914	126.891	-669.398	0	6	4	4	4	82.0608	277	38.8046	5.11247	0	1.18193	11.9596	42.21	17.1204	96.0632	1	1	1	0	0	0	0	0
13.08.2015 05:25:41.463000	0.0250001	0.0214234	0.0296914	126.891	-669.398	0.00108507	6	4	4	4	82.04	277	38.925	5.11247	0	1.20732	11.9581	42.2261	17.1284	96.0943	1	1	1	0	0	0	0	0
13.08.2015 05:25:41.563000	0.0250001	0.0214234	0.0296914	126.891	-669.398	0.00072338	6	4	4	4	81.903	277	39.0449	5.11247	0	1.20407	11.9625	42.2224	17.117	96.1235	1	1	1	0	0	0	0	0
13.08.2015 05:25:41.663000	0.0250001	0.0214234	0.0296914	126.891	-669.398	0.000542535	6	4	4	4	82.0174	277	39.1598	5.11247	0	1.19571	11.9591	42.2285	17.1212	96.131	1	1	1	0	0	0	0	0
13.08.2015 05:25:41.763000	0.0250001	0.0214234	0.0296914	126.888	-669.398	0.00072338	6	4	4	4	82.038	277	39.2846	5.11247	0	1.19367	11.9573	42.2492	17.1204	96.213	1	1	1	0	0	0	0	0
13.08.2015 05:25:41.863000	0.0250001	0.0214234	0.0296914	126.891	-669.398	-0.00108507	6	4	4	4	81.9565	277	39.3996	5.11247	0	1.18439	11.9649	42.255	17.1357	96.1768	1	1	1	0	0	0	0	0
13.08.2015 05:25:41.963000	0.0250001	0.0214234	0.0296914	126.891	-669.398	-0.00144676	6	4	4	4	81.8526	277	39.5214	5.11247	0	1.18488	11.9583	42.2631	17.1474	96.1627	1	1	1	0	0	0	0	0
13.08.2015 05:25:42.063000	0.0250001	0.0214234	0.0296914	126.891	-669.398	-0.00217014	6	4	4	4	88.5044	277	39.6408	5.11247	0	1.18989	11.9497	42.2677	17.1468	96.1831	1	1	1	0	0	0	0	0
13.08.2015 05:25:42.163000	0.0250001	0.0214234	0.0296914	126.891	-669.398	-0.00108507	6	4	4	4	159.991	277	39.7547	5.11247	0	1.18989	11.9299	42.2692	17.1501	96.1761	1	1	1	0	0	0	0	0
13.08.2015 05:25:42.263000	0.0250001	0.0214234	0.0296914	126.891	-669.398	0.00379774	6	4	4	4	263.206	277	39.8776	5.11247	0	1.17343	11.6849	42.275	17.1551	96.1789	1	1	1	0	0	0	0	0
13.08.2015 05:25:42.363000	0.0250001	0.0214234	0.0296914	126.891	-669.398	0.0206163	6	4	4	4	289.712	277	39.994	5.11247	0	1.17292	11.1244	42.2856	17.1583	96.2074	1	1	1	0	0	0	0	0
13.08.2015 05:25:42.463000	0.0250001	0.0214234	0.0296914	126.891	-669.406	4.39616	6	4	4	4	284.262	277	40.1114	5.11247	0	1.18804	10.9381	42.2915	17.1723	96.1763	1	1	1	0	0	0	0	0
13.08.2015 05:25:42.563000	0.0250001	0.0214234	0.0296914	126.891	-669.398	15.9071	6	4	4	4	290.179	277	40.2352	5.11247	0	1.1901	10.9343	42.2922	17.182	96.1417	1	1	1	0	0	0	0	0
13.08.2015 05:25:42.663000	0.0250001	0.0214234	0.0296914	126.891	-669.406	23.4104	6	4	4	4	442.589	277	40.3501	5.11247	0	1.19465	10.9115	42.3085	17.1694	96.2527	1	1	1	0	0	0	0	0
13.08.2015 05:25:42.763000	0.0250001	0.0214234	0.0296914	126.891	-669.404	27.0808	6	4	4	4	440.639	277	40.476	5.11247	0	1.19579	10.8715	42.3101	17.1829	96.2071	1	1	1	0	0	0	0	0
13.08.2015 05:25:42.863000	0.0250001	0.0214234	0.0296914	126.891	-669.402	28.2384	6	4	4	4	443.011	277	40.5914	5.11247	0	1.19994	10.89	42.3078	17.1875	96.1805	1	1	1	0	0	0	0	0
13.08.2015 05:25:42.963000	0.0250001	0.0214234	0.0296914	126.891	-669.404	28.9193	6	4	4	4	418.169	277	40.7107	5.11247	0	1.20148	10.9082	42.3026	17.1961	96.1279	1	1	1	0	0	0	0	0
13.08.2015 05:25:43.063000	0.0250001	0.0214234	0.0296914	126.891	-669.406	29.0609	6	4	4	4	408.236	277	40.8336	5.11247	0	1.20536	10.8934	42.3098	17.2047	96.1221	1	1	1	0	0	0	0	0
13.08.2015 05:25:43.163000	0.0250001	0.0214234	0.0296914	126.891	-669.406	29.0875	6	4	4	4	513.379	277	40.951	5.11247	0	1.20727	10.8249	42.3086	17.2359	95.9982	1	1	1	0	0	0	0	0
13.08.2015 05:25:43.263000	0.0250001	0.0214234	0.0296914	126.891	-669.406	29.1021	6	4	4	4	587.494	277	41.0763	5.11247	0	1.20726	10.7329	42.3084	17.2537	95.9295	1	1	1	0	0	0	0	0
13.08.2015 05:25:43.363000	0.0250001	0.0214234	0.0296914	126.891	-669.406	29.1073	6	4	4	4	712.068	277	41.1922	5.11247	0	1.20726	10.6851	42.3031	17.2504	95.9171	1	1	1	0	0	0	0	0
13.08.2015 05:25:43.463000	0.0250001	0.0214234	0.0296914	126.891	-669.406	29.1064	6	4	4	4	639.136	277	41.3156	5.11247	0	1.20111	10.68	42.278	17.2563	95.8031	1	1	1	0	0	0	0	0
13.08.2015 05:25:43.563000	0.0250001	0.0214234	0.0296914	126.891	-669.406	29.1034	6	4	4	4	564.811	277	41.435	5.11247	0	1.19565	10.7177	42.2664	17.2565	95.758	1	1	1	0	0	0	0	0
13.08.2015 05:25:43.663000	0.0250001	0.0214234	0.0296914	126.891	-669.406	29.0972	6	4	4	4	606.258	277	41.5509	5.11247	0	1.1908	10.7426	42.2577	17.2406	95.7856	1	1	1	0	0	0	0	0
13.08.2015 05:25:43.763000	0.0250001	0.0214234	0.0296914	126.891	-669.406	29.0929	6	4	4	4	569.198	277	41.6742	5.11247	0	1.18438	10.7868	42.2436	17.2403	95.7325	1	1	1	0	0	0	0	0
13.08.2015 05:25:43.863000	0.0250001	0.0214234	0.0296914	126.891	-669.406	29.0826	6	4	4	4	489.021	277	41.7906	5.11247	0	1.19285	10.8185	42.2365	17.2418	95.7003	1	1	1	0	0	0	0	0
13.08.2015 05:25:43.963000	0.0250001	0.0214234	0.0296914	126.891	-669.406	29.0661	6	4	4	4	575.91	277	41.914	5.11247	0	1.20728	10.839	42.2416	17.2392	95.7337	1	1	1	0	0	0	0	0
13.08.2015 05:25:44.063000	0.0250001	0.0214234	0.0296914	126.891	-669.41	29.0267	6	4	4	4	520.026	277	42.0349	5.11247	0	1.21131	10.8581	42.2368	17.2495	95.6762	1	1	1	0	0	0	0	0
13.08.2015 05:25:44.163000	0.0250001	0.0214234	0.0296914	126.891	-669.411	28.9912	6	4	4	4	443.664	277	42.1513	3.4003	0	1.21912	10.8754	42.1876	17.3893	94.9477	1	1	1	0.5	0	0	0	0
13.08.2015 05:25:44.263000	0.0250001	0.0214234	0.0296914	126.891	-669.41	28.9703	6	4	4	4	142.496	277	42.204	1.91742	0.229293	1.21912	9.48785	42.5366	17.4688	95.9795	1	1	1	1	0	0	0	0
13.08.2015 05:25:44.363000	0.0250001	0.0214234	0.0296914	126.891	-669.409	28.958	6	4	4	4	261.422	277	42.2572	2.10567	0.417524	1.21912	8.44213	42.8332	17.7433	96.0641	1	1	1	1	0	0	0	0
13.08.2015 05:25:44.463000	0.0250001	0.0214234	0.0296914	126.891	-669.414	28.9404	6	4	4	4	338.4	277	42.3114	2.03766	0.349529	0.877754	7.87219	43.0808	17.976	96.1214	1	1	1	1	0	0	0	0
13.08.2015 05:25:44.563000	0.0250001	0.0214234	0.0296914	126.891	-669.414	28.9334	6	4	4	4	374.054	277	42.3647	1.77995	0.0918203	0.668529	7.61985	43.3019	18.1831	96.1749	1	1	1	1	0	0	0	0
13.08.2015 05:25:44.663000	0.0250001	0.0214234	0.0296914	126.891	-669.414	28.9301	6	4	4	4	313.388	277	42.4139	1.57581	-0.11232	0.668529	7.46839	43.5027	18.3566	96.2796	1	1	1	1	0	0	0	0
13.08.2015 05:25:44.763000	0.0250001	0.0214234	0.0296914	126.891	-669.414	28.9283	6	4	4	4	276.658	277	42.4597	1.49301	-0.195123	0.668529	7.48066	43.6564	18.5227	96.2319	1	1	1	1	0	0	0	0
13.08.2015 05:25:44.863000	0.0250001	0.0214234	0.0296914	126.891	-669.414	28.9242	6	4	4	4	292.888	277	42.5034	1.48276	-0.20537	0.668529	7.52244	43.7934	18.6605	96.2289	1	1	1	1	0	0	0	0
13.08.2015 05:25:44.963000	0.0250001	0.0214234	0.0296914	126.891	-669.414	28.9157	6	4	4	4	290.042	277	42.5467	1.39135	-0.296784	0.599717	7.52808	43.9374	18.7746	96.3434	1	1	1	1	0	0	0	0
13.08.2015 05:25:45.063000	0.0250001	0.0214234	0.0296914	126.891	-669.414	28.9073	6	4	4	4	298.697	277	42.5925	1.41064	-0.277487	0.471925	7.54994	44.0626	18.8873	96.3913	1	1	1	1	0	0	0	0
13.08.2015 05:25:45.163000	0.0250001	0.0214234	0.0296914	126.891	-669.414	28.9034	6	4	4	4	303.647	277	42.6348	1.32138	-0.366753	0.471925	7.52718	44.1702	18.9921	96.4021	1	1	1	1	0	0	0	0
13.08.2015 05:25:45.263000	0.0250001	0.0214234	0.0296914	126.891	-669.414	28.9041	6	4	4	4	279.105	277	42.6785	1.28355	-0.404578	0.471925	7.52941	44.272	19.0922	96.4086	1	1	1	1	0	0	0	0
13.08.2015 05:25:45.363000	0.0250001	0.0214234	0.0296914	126.891	-669.414	28.9081	6	4	4	4	292.48	277	42.7228	1.26123	-0.426903	0.471925	7.54852	44.3718	19.1835	96.4411	1	1	1	1	0	0	0	0
13.08.2015 05:25:45.463000	0.0250001	0.0214234	0.0296914	126.895	-669.414	28.9117	6	4	4	4	248.639	277	42.7621	1.25331	-0.43482	0.471925	7.54925	44.4449	19.2715	96.3841	1	1	1	1	0	0	0	0
13.08.2015 05:25:45.563000	0.0250001	0.0214234	0.0296914	126.891	-669.414	28.9312	6	4	4	4	256.915	277	42.8054	1.33984	-0.348288	0.448206	7.57899	44.5177	19.3393	96.4027	1	1	1	1	0	0	0	0
13.08.2015 05:25:45.663000	0.0250001	0.0214234	0.0296914	126.891	-669.414	28.9377	6	4	4	4	263.562	277	42.8487	1.38064	-0.30749	0.4288	7.60825	44.5949	19.3971	96.4773	1	1	1	1	0	0	0	0
13.08.2015 05:25:45.763000	0.0250001	0.0214234	0.0296914	126.891	-669.414	28.9468	6	4	4	4	293.342	277	42.8909	1.40467	-0.283461	0.4288	7.58186	44.65	19.4572	96.4584	1	1	1	1	0	0	0	0
13.08.2015 05:25:45.863000	0.0250001	0.0214234	0.0296914	126.895	-669.414	28.9567	6	4	4	4	274.661	277	42.9332	1.41192	-0.276207	0.4288	7.55939	44.6948	19.52	96.3892	1	1	1	1	0	0	0	0
13.08.2015 05:25:45.963000	0.0250001	0.0214234	0.0296914	126.891	-669.414	28.9641	6	4	4	4	267.143	277	42.978	1.41071	-0.277421	0.4288	7.56231	44.7357	19.573	96.3429	1	1	1	1	0	0	0	0
13.08.2015 05:25:46.063000	0.0250001	0.0214234	0.0296914	126.895	-669.414	28.9676	6	4	4	4	331.906	277	43.0267	1.40417	-0.28396	0.4288	7.55352	44.7805	19.6118	96.3661	1	1	1	1	0	0	0	0
13.08.2015 05:25:46.163000	0.0250001	0.0214234	0.0296914	126.896	-669.414	28.9663	6	4	4	4	272.875	277	43.0735	1.36494	-0.323194	0.44244	7.51286	44.8199	19.6601	96.3317	1	1	1	1	0	0	0	0
13.08.2015 05:25:46.263000	0.0250001	0.0214234	0.0296914	126.895	-669.414	28.9632	6	4	4	4	272.972	277	43.1143	1.34629	-0.341841	0.44331	7.55347	44.8534	19.6904	96.3439	1	1	1	1	0	0	0	0
13.08.2015 05:25:46.363000	0.0250001	0.0214234	0.0296914	126.896	-669.414	28.9623	6	4	4	4	276.659	277	43.1576	1.33351	-0.354626	0.44331	7.55482	44.89	19.7167	96.3836	1	1	1	1	0	0	0	0
13.08.2015 05:25:46.463000	0.0250001	0.0214234	0.0296914	126.898	-669.414	28.961	6	4	4	4	231.883	277	43.2028	1.32709	-0.361045	0.44331	7.55768	44.9229	19.7587	96.3485	1	1	1	1	0	0	0	0
13.08.2015 05:25:46.563000	0.0250001	0.0214234	0.0296914	126.898	-669.414	28.963	6	4	4	4	262.697	277	43.2476	1.36231	-0.325817	0.44331	7.58534	44.9531	19.7897	96.3457	1	1	1	1	0	0	0	0
13.08.2015 05:25:46.663000	0.0250001	0.0214234	0.0296914	126.895	-669.414	28.961	6	4	4	4	288.674	277	43.2924	1.39627	-0.291864	0.443582	7.54437	44.9697	19.8152	96.3116	1	1	1	1	0	0	0	0
13.08.2015 05:25:46.763000	0.0250001	0.0214234	0.0296914	126.898	-669.414	28.9623	6	4	4	4	275.728	277	43.3386	1.40887	-0.279258	0.44411	7.54395	44.9912	19.8392	96.3023	1	1	1	1	0	0	0	0
13.08.2015 05:25:46.863000	0.0250001	0.0214234	0.0296914	126.895	-669.414	28.9627	6	4	4	4	290.976	277	43.3869	1.41246	-0.275671	0.44411	7.55176	45.0158	19.8603	96.3153	1	1	1	1	0	0	0	0
13.08.2015 05:25:46.963000	0.0250001	0.0214234	0.0296914	126.896	-669.414	28.9536	6	4	4	4	295.36	277	43.4346	1.40427	-0.283864	0.44411	7.51733	45.0307	19.8712	96.3308	1	1	1	1	0	0	0	0
13.08.2015 05:25:47.063000	0.0250001	0.0214234	0.0296914	126.898	-669.414	28.9464	6	4	4	4	245.906	277	43.4779	1.39273	-0.295401	0.44411	7.50399	45.0196	19.9129	96.1284	1	1	1	1	0	0	0	0
13.08.2015 05:25:47.163000	0.0250001	0.0214234	0.0296914	126.898	-669.414	28.9428	6	4	4	4	248.718	277	43.5246	1.40545	-0.282683	0.444335	7.57066	45.0208	19.9481	95.9982	1	1	1	1	0	0	0	0
13.08.2015 05:25:47.263000	0.0250001	0.0214234	0.0296914	126.898	-669.414	28.9453	6	4	4	4	262.049	277	43.5739	1.44264	-0.245489	0.466609	7.59682	45.0396	19.9517	96.0569	1	1	1	1	0	0	0	0
13.08.2015 05:25:47.363000	0.0250001	0.0214234	0.0296914	126.898	-669.414	28.9587	6	4	4	4	248.565	277	43.6221	1.4985	-0.189628	0.466609	7.60084	45.0395	19.9575	96.0342	1	1	1	1	0	0	0	0
13.08.2015 05:25:47.463000	0.0250001	0.0214234	0.0296914	126.898	-669.414	28.9681	6	4	4	4	214.652	277	43.6714	1.56614	-0.121987	0.466609	7.59533	45.0252	19.9663	95.9456	1	1	1	1	0	0	0	0
13.08.2015 05:25:47.563000	0.0250001	0.0214234	0.0296914	126.898	-669.414	28.9804	6	4	4	4	225.359	277	43.7201	1.66488	-0.0232498	0.466609	7.60816	45.023	19.9575	95.9709	1	1	1	1	0	0	0	0
13.08.2015 05:25:47.663000	0.0250001	0.0214234	0.0296914	126.898	-669.414	28.9833	6	4	4	4	359.386	277	43.7778	1.75852	0.0703897	0.471112	7.60165	45.0231	19.9407	96.0354	1	1	1	1	0	0	0	0
13.08.2015 05:25:47.763000	0.0250001	0.0214234	0.0296914	126.898	-669.414	28.988	6	4	4	4	340.576	277	43.8316	1.75457	0.0664349	0.507544	7.50538	45.0017	19.9394	95.9585	1	1	1	1	0	0	0	0
13.08.2015 05:25:47.863000	0.0250001	0.0214234	0.0296914	126.898	-669.414	28.9871	6	4	4	4	304.62	277	43.8823	1.69329	0.00515996	0.507544	7.46848	44.985	19.9348	95.912	1	1	1	1	0	0	0	0
13.08.2015 05:25:47.963000	0.0250001	0.0214234	0.0296914	126.898	-669.414	28.9898	6	4	4	4	236.79	277	43.9335	1.6295	-0.0586351	0.507544	7.49578	44.9783	19.9351	95.8856	1	1	1	1	0	0	0	0
13.08.2015 05:25:48.063000	0.0250001	0.0214234	0.0296914	126.898	-669.414	28.9914	6	4	4	4	243.317	277	43.9872	1.6213	-0.0668311	0.507544	7.54929	44.9793	19.9436	95.8568	1	1	1	1	0	0	0	0
13.08.2015 05:25:48.163000	0.0250001	0.0214234	0.0296914	126.898	-669.414	28.9931	6	4	4	4	261.733	277	44.04	1.65167	-0.036457	0.513885	7.54284	44.9851	19.9297	95.9323	1	1	1	1	0	0	0	0
13.08.2015 05:25:48.263000	0.0250001	0.0214234	0.0296914	126.898	-669.414	28.9985	6	4	4	4	295.119	277	44.0902	1.68367	-0.00445744	0.524681	7.52193	44.9814	19.9278	95.9251	1	1	1	1	0	0	0	0
13.08.2015 05:25:48.363000	0.0250001	0.0214234	0.0296914	126.898	-669.414	29.0032	6	4	4	4	252.258	277	44.1434	1.69141	0.00328206	0.524681	7.50341	44.9773	19.936	95.8781	1	1	1	1	0	0	0	0
13.08.2015 05:25:48.463000	0.0250001	0.0214234	0.0296914	126.898	-669.414	29.0202	6	4	4	4	274.63	277	44.1982	1.71828	0.0301523	0.524681	7.52969	44.9782	19.9222	95.9344	1	1	1	1	0	0	0	0
13.08.2015 05:25:48.563000	0.0250001	0.0214234	0.0296914	126.898	-669.414	29.0296	6	4	4	4	261.959	277	44.2499	1.7437	0.0555694	0.524681	7.52112	44.9655	19.9227	95.8837	1	1	1	1	0	0	0	0
13.08.2015 05:25:48.663000	0.0250001	0.0214234	0.0296914	126.898	-669.414	29.031	6	4	4	4	279.652	277	44.3021	1.77242	0.0842851	0.525392	7.52473	44.9577	19.9204	95.8629	1	1	1	1	0	0	0	0
13.08.2015 05:25:48.763000	0.0250001	0.0214234	0.0296914	126.901	-669.414	29.0433	6	4	4	4	215.057	277	44.3538	1.79583	0.107703	0.525792	7.55051	44.9573	19.9204	95.8613	1	1	1	1	0	0	0	0
13.08.2015 05:25:48.863000	0.0250001	0.0214234	0.0296914	126.898	-669.414	29.0565	6	4	4	4	322.769	277	44.4081	1.84993	0.161802	0.525792	7.57938	44.9537	19.9024	95.9164	1	1	1	1	0	0	0	0
13.08.2015 05:25:48.963000	0.0250001	0.0214234	0.0296914	126.898	-669.414	29.0737	6	4	4	4	271.11	277	44.4648	1.86008	0.171952	0.525792	7.50855	44.9358	19.9101	95.8185	1	1	1	1	0	0	0	0
13.08.2015 05:25:49.063000	0.0250001	0.0214234	0.0296914	126.902	-669.414	29.0918	6	4	4	4	287.747	277	44.5205	1.86425	0.176121	0.526826	7.50615	44.938	19.8903	95.9029	1	1	1	1	0	0	0	0
13.08.2015 05:25:49.163000	0.0250001	0.0214234	0.0296914	126.906	-669.414	29.0954	6	4	4	4	268.403	277	44.5767	1.85725	0.169121	0.543023	7.48585	44.9364	19.8946	95.8797	1	1	1	1	0	0	0	0
13.08.2015 05:25:49.263000	0.0250001	0.0214234	0.0296914	126.902	-669.414	29.1032	6	4	4	4	219.954	277	44.6309	1.86998	0.181852	0.543023	7.53433	44.9271	19.8968	95.8358	1	1	1	1	0	0	0	0
13.08.2015 05:25:49.363000	0.0250001	0.0214234	0.0296914	126.906	-669.414	29.1063	6	4	4	4	218.058	277	44.6846	1.9358	0.24767	0.543023	7.60065	44.914	19.8904	95.8103	1	1	1	1	0	0	0	0
13.08.2015 05:25:49.463000	0.0250001	0.0214234	0.0296914	126.906	-669.414	29.1081	6	4	4	4	293.063	277	44.7403	2.02863	0.340494	0.543023	7.59826	44.9154	19.8741	95.8783	1	1	1	1	0	0	0	0
13.08.2015 05:25:49.563000	0.0250001	0.0214234	0.0296914	126.904	-669.414	29.1092	6	4	4	4	205.283	277	44.8005	2.0916	0.403464	0.557679	7.54343	44.8907	19.8651	95.8178	1	1	1	1	0	0	0	0
13.08.2015 05:25:49.663000	0.0250001	0.0214234	0.0296914	126.906	-669.414	29.1151	6	4	4	4	293.17	277	44.8602	2.17593	0.487802	0.56523	7.59722	44.8649	19.8409	95.812	1	1	1	1	0	0	0	0
13.08.2015 05:25:49.763000	0.0250001	0.0214234	0.0296914	126.906	-669.414	29.1175	6	4	4	4	301.022	277	44.9274	2.22465	0.536514	0.56523	7.56389	44.8449	19.8195	95.8173	1	1	1	1	0	0	0	0
13.08.2015 05:25:49.863000	0.0250001	0.0214234	0.0296914	126.91	-669.414	29.1227	6	4	4	4	306.976	277	44.989	2.23894	0.550811	0.56523	7.54459	44.8202	19.8014	95.7919	1	1	1	1	0	0	0	0
13.08.2015 05:25:49.963000	0.0250001	0.0214234	0.0296914	126.909	-669.414	29.1319	6	4	4	4	262.192	277	45.0497	2.22902	0.540885	0.60416	7.53034	44.7857	19.7887	95.7084	1	1	1	1	0	0	0	0
13.08.2015 05:25:50.063000	0.0250001	0.0214234	0.0296914	126.914	-669.414	29.1428	6	4	4	4	257.91	277	45.1149	2.22806	0.539928	0.623335	7.54664	44.7735	19.7659	95.7493	1	1	1	1	0	0	0	0
13.08.2015 05:25:50.163000	0.0250001	0.0214234	0.0296914	126.914	-669.414	29.1453	6	4	4	4	316.072	277	45.1825	2.23807	0.549938	0.623335	7.5377	44.7576	19.7405	95.7856	1	1	1	1	0	0	0	0
13.08.2015 05:25:50.263000	0.0250001	0.0214234	0.0296914	126.914	-669.414	29.1471	6	4	4	4	258.538	277	45.2447	2.22736	0.539229	0.623335	7.51615	44.7367	19.7288	95.75	1	1	1	1	0	0	0	0
13.08.2015 05:25:50.363000	0.0250001	0.0214234	0.0296914	126.914	-669.414	29.1457	6	4	4	4	226.734	277	45.3034	2.23818	0.550053	0.634387	7.5398	44.7279	19.7204	95.7486	1	1	1	1	0	0	0	0
13.08.2015 05:25:50.463000	0.0250001	0.0214234	0.0296914	126.914	-669.414	29.1368	6	4	4	4	302.924	277	45.3736	2.2687	0.580568	0.637689	7.55003	44.7172	19.7052	95.7662	1	1	1	1	0	0	0	0
13.08.2015 05:25:50.563000	0.0250001	0.0214234	0.0296914	126.914	-669.414	29.1319	6	4	4	4	293.601	277	45.4372	2.2785	0.590365	0.637689	7.51201	44.6983	19.694	95.7367	1	1	1	1	0	0	0	0
13.08.2015 05:25:50.663000	0.0250001	0.0214234	0.0296914	126.914	-669.414	29.1249	6	4	4	4	284.944	277	45.4974	2.27475	0.586623	0.637689	7.48336	44.6931	19.6868	95.744	1	1	1	1	0	0	0	0
13.08.2015 05:25:50.763000	0.0250001	0.0214234	0.0296914	126.914	-669.414	29.1218	6	4	4	4	261.779	277	45.5665	2.26208	0.573946	0.643733	7.49692	44.6815	19.68	95.7257	1	1	1	1	0	0	0	0
13.08.2015 05:25:50.863000	0.0250001	0.0214234	0.0296914	126.914	-669.414	29.1233	6	4	4	4	248.805	277	45.6322	2.27433	0.5862	0.64433	7.54738	44.6722	19.6675	95.7379	1	1	1	1	0	0	0	0
13.08.2015 05:25:50.963000	0.0250001	0.0214234	0.0296914	126.914	-669.414	29.1251	6	4	4	4	266.281	277	45.6929	2.30025	0.612121	0.64433	7.56221	44.6679	19.6581	95.7575	1	1	1	1	0	0	0	0
13.08.2015 05:25:51.063000	0.0250001	0.0214234	0.0296914	126.914	-669.414	29.1276	6	4	4	4	215.193	277	45.7576	2.34097	0.652834	0.644565	7.56884	44.651	19.6526	95.7136	1	1	1	1	0	0	0	0
13.08.2015 05:25:51.163000	0.0250001	0.0214234	0.0296914	126.914	-669.414	29.1348	6	4	4	4	318.965	277	45.8287	2.40395	0.715814	0.647677	7.58546	44.6409	19.6335	95.7486	1	1	1	1	0	0	0	0
13.08.2015 05:25:51.263000	0.0250001	0.0214234	0.0296914	126.914	-669.414	29.1444	6	4	4	4	281.99	277	45.8904	2.42381	0.735683	0.647677	7.54621	44.6218	19.6266	95.7019	1	1	1	1	0	0	0	0
13.08.2015 05:25:51.363000	0.0250001	0.0214234	0.0296914	126.919	-669.414	29.1504	6	4	4	4	325.767	277	45.9555	2.41244	0.724308	0.647677	7.534	44.5988	19.6149	95.6587	1	1	1	1	0	0	0	0
13.08.2015 05:25:51.463000	0.0250001	0.0214234	0.0296914	126.914	-669.414	29.152	6	4	4	4	293.395	277	46.0272	2.36541	0.677283	0.652639	7.49342	44.6034	19.6037	95.7185	1	1	1	1	0	0	0	0
13.08.2015 05:25:51.563000	0.0250001	0.0214234	0.0296914	126.922	-669.414	29.1569	6	4	4	4	241.181	277	46.0863	2.33098	0.642849	0.663184	7.5019	44.598	19.6011	95.7082	1	1	1	1	0	0	0	0
13.08.2015 05:25:51.663000	0.0250001	0.0214234	0.0296914	126.922	-669.414	29.1618	6	4	4	4	247.102	277	46.1455	2.34063	0.6525	0.663184	7.55281	44.596	19.6036	95.6909	1	1	1	1	0	0	0	0
13.08.2015 05:25:51.763000	0.0250001	0.0214234	0.0296914	126.922	-669.414	29.1674	6	4	4	4	237.33	277	46.2172	2.37265	0.684519	0.663184	7.55887	44.6018	19.6055	95.7059	1	1	1	1	0	0	0	0
13.08.2015 05:25:51.863000	0.0250001	0.0214234	0.0296914	126.922	-669.414	29.1688	6	4	4	4	280.069	277	46.2799	2.42132	0.73319	0.6517	7.56687	44.5897	19.5973	95.6909	1	1	1	1	0	0	0	0
13.08.2015 05:25:51.963000	0.0250001	0.0214234	0.0296914	126.922	-669.414	29.1634	6	4	4	4	224.193	277	46.343	2.46899	0.780861	0.634472	7.55428	44.587	19.5918	95.7017	1	1	1	1	0	0	0	0
13.08.2015 05:25:52.063000	0.0250001	0.0214234	0.0296914	126.926	-669.414	29.1607	6	4	4	4	251.169	277	46.4171	2.54475	0.856619	0.634472	7.56876	44.5773	19.5809	95.7063	1	1	1	1	0	0	0	0
13.08.2015 05:25:52.163000	0.0250001	0.0214234	0.0296914	126.93	-669.414	29.1609	6	4	4	4	283.104	277	46.4853	2.62053	0.932403	0.634472	7.55589	44.5504	19.5549	95.7031	1	1	1	1	0	0	0	0
13.08.2015 05:25:52.263000	0.0250001	0.0214234	0.0296914	126.93	-669.414	29.1558	6	4	4	4	258.597	277	46.5559	2.67375	0.98562	0.6817	7.53027	44.5091	19.5542	95.5474	1	1	1	1	0	0	0	0
13.08.2015 05:25:52.363000	0.0250001	0.0214234	0.0296914	126.93	-669.414	29.1529	6	4	4	4	247.898	277	46.631	2.72109	1.03296	0.692778	7.52182	44.4586	19.5356	95.4254	1	1	1	1	0	0	0	0
13.08.2015 05:25:52.463000	0.0250001	0.0214234	0.0296914	126.93	-669.414	29.1488	6	4	4	4	276.176	277	46.7027	2.7774	1.08927	0.692778	7.56063	44.4281	19.4982	95.4514	1	1	1	1	0	0	0	0
13.08.2015 05:25:52.563000	0.0250001	0.0214234	0.0296914	126.93	-669.414	29.1464	6	4	4	4	302.731	277	46.7812	2.81714	1.12901	0.718727	7.50987	44.3715	19.4654	95.3605	1	1	1	1	0	0	0	0
13.08.2015 05:25:52.663000	0.0250001	0.0214234	0.0296914	126.93	-669.414	29.1428	6	4	4	4	286.008	277	46.8559	2.8207	1.13256	0.746837	7.50464	44.3436	19.4372	95.3614	1	1	1	1	0	0	0	0
13.08.2015 05:25:52.763000	0.0250001	0.0214234	0.0296914	126.932	-669.414	29.141	6	4	4	4	276.825	277	46.9315	2.8061	1.11797	0.746837	7.51989	44.3076	19.4085	95.3338	1	1	1	1	0	0	0	0
13.08.2015 05:25:52.863000	0.0250001	0.0214234	0.0296914	126.938	-669.414	29.1412	6	4	4	4	279.528	277	47.0066	2.8004	1.11227	0.748563	7.57432	44.2899	19.3831	95.363	1	1	1	1	0	0	0	0
13.08.2015 05:25:52.963000	0.0250001	0.0214234	0.0296914	126.938	-669.414	29.1446	6	4	4	4	294.213	277	47.0797	2.79203	1.1039	0.755923	7.53989	44.2651	19.3689	95.3224	1	1	1	1	0	0	0	0
13.08.2015 05:25:53.063000	0.0250001	0.0214234	0.0296914	126.941	-669.41	29.1444	6	4	4	4	257.467	277	47.1548	2.77552	1.08739	0.755923	7.4663	44.2587	19.359	95.3359	1	1	1	1	0	0	0	0
13.08.2015 05:25:53.163000	0.0250001	0.0214234	0.0296914	126.938	-669.414	29.1518	6	4	4	4	295.772	277	47.2299	2.77058	1.08245	0.755923	7.48832	44.2477	19.3421	95.3586	1	1	1	1	0	0	0	0
13.08.2015 05:25:53.263000	0.0250001	0.0214234	0.0296914	126.945	-669.414	29.165	6	4	4	4	317.453	277	47.2991	2.74685	1.05872	0.736646	7.47684	44.249	19.346	95.3485	1	1	1	1	0	0	0	0
13.08.2015 05:25:53.363000	0.0250001	0.0214234	0.0296914	126.945	-669.414	29.1699	6	4	4	4	274.236	277	47.3757	2.70234	1.01421	0.731522	7.45294	44.2444	19.3356	95.371	1	1	1	1	0	0	0	0
13.08.2015 05:25:53.463000	0.0250001	0.0214234	0.0296914	126.945	-669.414	29.1775	6	4	4	4	212.4	277	47.4408	2.68289	0.994759	0.731522	7.48575	44.2483	19.3487	95.3357	1	1	1	1	0	0	0	0
13.08.2015 05:25:53.563000	0.0250001	0.0214234	0.0296914	126.945	-669.414	29.1808	6	4	4	4	273.081	277	47.5194	2.72486	1.03673	0.726796	7.54389	44.2571	19.3407	95.3999	1	1	1	1	0	0	0	0
13.08.2015 05:25:53.663000	0.0250001	0.0214234	0.0296914	126.945	-669.414	29.1813	6	4	4	4	261.953	277	47.5856	2.7597	1.07157	0.716754	7.4851	44.2539	19.3417	95.3841	1	1	1	1	0	0	0	0
13.08.2015 05:25:53.763000	0.0250001	0.0214234	0.0296914	126.945	-669.414	29.1725	6	4	4	4	248.527	277	47.6642	2.79191	1.10378	0.716754	7.47441	44.2428	19.3376	95.3569	1	1	1	1	0	0	0	0
13.08.2015 05:25:53.863000	0.0250001	0.0214234	0.0296914	126.945	-669.41	29.1574	6	4	4	4	199.484	277	47.7308	2.85678	1.16865	0.716754	7.52784	44.2263	19.3287	95.328	1	1	1	1	0	0	0	0
13.08.2015 05:25:53.963000	0.0250001	0.0214234	0.0296914	126.945	-669.414	29.1536	6	4	4	4	243.046	277	47.8124	2.97001	1.28188	0.732471	7.6219	44.2071	19.3052	95.3443	1	1	1	1	0	0	0	0
13.08.2015 05:25:54.063000	0.0250001	0.0214234	0.0296914	126.945	-669.414	29.1531	6	4	4	4	275.094	277	47.884	3.07411	1.38598	0.733654	7.56921	44.1709	19.2721	95.3324	1	1	1	1	0	0	0	0
13.08.2015 05:25:54.163000	0.0250001	0.0214234	0.0296914	126.945	-669.414	29.1551	6	4	4	4	272.915	277	47.9726	3.1527	1.46456	0.733654	7.53835	44.1207	19.2297	95.3027	1	1	1	1	0	0	0	0
13.08.2015 05:25:54.263000	0.0250001	0.0214234	0.0296914	126.945	-669.414	29.1591	6	4	4	4	302.547	277	48.0522	3.20481	1.51668	0.790621	7.51194	44.0825	19.1795	95.3485	1	1	1	1	0	0	0	0
13.08.2015 05:25:54.363000	0.0250001	0.0214234	0.0296914	126.945	-669.414	29.1627	6	4	4	4	289.98	277	48.1327	3.21802	1.52989	0.802289	7.46697	44.0242	19.1473	95.2487	1	1	1	1	0	0	0	0
13.08.2015 05:25:54.463000	0.0250001	0.0214234	0.0296914	126.945	-669.414	29.1699	6	4	4	4	266.671	277	48.2228	3.20988	1.52175	0.802289	7.45911	43.9915	19.1186	95.2815	1	1	1	1	0	0	0	0
13.08.2015 05:25:54.563000	0.0250001	0.0214234	0.0296914	126.945	-669.414	29.1728	6	4	4	4	247.379	277	48.3019	3.21489	1.52676	0.821923	7.49698	43.9621	19.0853	95.2274	1	1	1	1	0	0	0	0
13.08.2015 05:25:54.663000	0.0250001	0.0214234	0.0296914	126.945	-669.414	29.1786	6	4	4	4	320.157	277	48.3844	3.23057	1.54244	0.826233	7.52869	43.9345	19.0582	95.2382	1	1	1	1	0	0	0	0
13.08.2015 05:25:54.763000	0.0250001	0.0214234	0.0296914	126.945	-669.411	29.1797	6	4	4	4	271.779	277	48.4705	3.22531	1.53717	0.826233	7.4827	43.922	19.0255	95.3115	1	1	1	1	0	0	0	0
13.08.2015 05:25:54.863000	0.0250001	0.0214234	0.0296914	126.945	-669.414	29.1846	6	4	4	4	216.834	277	48.5516	3.23016	1.54203	0.83092	7.48498	43.8992	19.0227	95.2469	1	1	1	1	0	0	0	0
13.08.2015 05:25:54.963000	0.0250001	0.0214234	0.0296914	126.945	-669.414	29.1833	6	4	4	4	237.384	277	48.6331	3.27693	1.58881	0.831812	7.54139	43.8795	19.0088	95.2247	1	1	1	1	0	0	0	0
13.08.2015 05:25:55.063000	0.0250001	0.0214234	0.0296914	126.945	-669.414	29.1791	6	4	4	4	314.843	277	48.7207	3.33661	1.64848	0.831812	7.55399	43.8637	18.977	95.2892	1	1	1	1	0	0	0	0
13.08.2015 05:25:55.163000	0.0250001	0.0214234	0.0296914	126.945	-669.414	29.1753	6	4	4	4	305.727	277	48.8067	3.35731	1.66918	0.839209	7.49975	43.8284	18.9542	95.2385	1	1	1	1	0	0	0	0
13.08.2015 05:25:55.263000	0.0250001	0.0214234	0.0296914	126.945	-669.414	29.177	6	4	4	4	262.1	277	48.8863	3.34475	1.65662	0.840218	7.50601	43.8072	18.9434	95.1985	1	1	1	1	0	0	0	0
13.08.2015 05:25:55.363000	0.0250001	0.0214234	0.0296914	126.945	-669.414	29.1811	6	4	4	4	251.168	277	48.9719	3.34865	1.66051	0.840218	7.54387	43.7969	18.924	95.2333	1	1	1	1	0	0	0	0
13.08.2015 05:25:55.463000	0.0250001	0.0214234	0.0296914	126.949	-669.414	29.1846	6	4	4	4	288.515	277	49.0634	3.3724	1.68427	0.860226	7.56819	43.7848	18.9091	95.2441	1	1	1	1	0	0	0	0
13.08.2015 05:25:55.563000	0.0250001	0.0214234	0.0296914	126.945	-669.414	29.1873	6	4	4	4	291.833	277	49.1475	3.38189	1.69376	0.860428	7.55213	43.7754	18.8921	95.2733	1	1	1	1	0	0	0	0
13.08.2015 05:25:55.663000	0.0250001	0.0214234	0.0296914	126.945	-669.414	29.1889	6	4	4	4	218.453	277	49.2325	3.38422	1.69609	0.859825	7.52055	43.7688	18.8852	95.2742	1	1	1	1	0	0	0	0
13.08.2015 05:25:55.763000	0.0250001	0.0214234	0.0296914	126.951	-669.411	29.1916	6	4	4	4	254.24	277	49.3181	3.43598	1.74784	0.851812	7.59536	43.7257	18.9126	95.0043	1	1	1	1	0	0	0	0
13.08.2015 05:25:55.863000	0.0250001	0.0214234	0.0296914	126.945	-669.414	29.1916	6	4	4	4	287.195	277	49.4076	3.48541	1.79728	0.851812	7.57943	43.7002	18.8882	95.0003	1	1	1	1	0	0	0	0
13.08.2015 05:25:55.963000	0.0250001	0.0214234	0.0296914	126.951	-669.414	29.1952	6	4	4	4	256.557	277	49.4922	3.51012	1.82199	0.855553	7.53778	43.6811	18.8607	95.0323	1	1	1	1	0	0	0	0
13.08.2015 05:25:56.063000	0.0250001	0.0214234	0.0296914	126.949	-669.414	29.1992	6	4	4	4	268.673	277	49.5817	3.54059	1.85246	0.869626	7.56355	43.6596	18.8355	95.0464	1	1	1	1	0	0	0	0
13.08.2015 05:25:56.163000	0.0250001	0.0214234	0.0296914	126.953	-669.414	29.2014	6	4	4	4	279.241	277	49.6698	3.57392	1.88578	0.869626	7.56234	43.6349	18.8141	95.0337	1	1	1	1	0	0	0	0
13.08.2015 05:25:56.263000	0.0250001	0.0214234	0.0296914	126.949	-669.414	29.2063	6	4	4	4	274.832	277	49.7638	3.5929	1.90477	0.88561	7.52083	43.6099	18.7959	95.0076	1	1	1	1	0	0	0	0
13.08.2015 05:25:56.363000	0.0250001	0.0214234	0.0296914	126.953	-669.411	29.2083	6	4	4	4	308.342	277	49.8538	3.60348	1.91535	0.904375	7.51213	43.5917	18.7727	95.0272	1	1	1	1	0	0	0	0
13.08.2015 05:25:56.463000	0.0250001	0.0214234	0.0296914	126.949	-669.414	29.2117	6	4	4	4	248.982	277	49.9408	3.5984	1.91027	0.904375	7.49285	43.5735	18.7633	94.9933	1	1	1	1	0	0	0	0
13.08.2015 05:25:56.563000	0.0250001	0.0214234	0.0296914	126.953	-669.414	29.2209	6	4	4	4	248.262	277	50.0299	3.61295	1.92482	0.897756	7.52926	43.561	18.7508	94.9931	1	1	1	1	0	0	0	0
13.08.2015 05:25:56.663000	0.0250001	0.0214234	0.0296914	126.953	-669.414	29.2377	6	4	4	4	298.699	277	50.1189	3.64517	1.95703	0.894641	7.56053	43.5481	18.7317	95.0172	1	1	1	1	0	0	0	0
13.08.2015 05:25:56.763000	0.0250001	0.0214234	0.0296914	126.953	-669.414	29.2441	6	4	4	4	305.879	277	50.2144	3.6477	1.95957	0.894641	7.50863	43.5361	18.7237	95.0015	1	1	1	1	0	0	0	0
13.08.2015 05:25:56.863000	0.0250001	0.0214234	0.0296914	126.953	-669.414	29.2508	6	4	4	4	289.674	277	50.3035	3.63018	1.94205	0.900582	7.51178	43.529	18.7182	94.9957	1	1	1	1	0	0	0	0
13.08.2015 05:25:56.963000	0.0250001	0.0214234	0.0296914	126.953	-669.414	29.2546	6	4	4	4	280.896	277	50.394	3.60639	1.91826	0.901098	7.52357	43.517	18.7219	94.9356	1	1	1	1	0	0	0	0
13.08.2015 05:25:57.063000	0.0250001	0.0214234	0.0296914	126.953	-669.414	29.2486	6	4	4	4	282.296	277	50.4805	3.5778	1.88967	0.900608	7.49174	43.5151	18.7273	94.9075	1	1	1	1	0	0	0	0
13.08.2015 05:25:57.163000	0.0250001	0.0214234	0.0296914	126.953	-669.414	29.2354	6	4	4	4	254.491	277.041	50.5686	3.54904	1.86091	0.897829	7.50063	43.5259	18.7231	94.9648	1	1	1	1	0.58	0	0	0
13.08.2015 05:25:57.263000	0.0250001	0.0214234	0.0296914	126.957	-669.41	29.2247	6	4	4	4	251.019	277.775	50.6591	3.59436	1.90623	0.897829	7.61826	43.5387	18.7298	94.9884	1	1	1	1	1	0	0	0
13.08.2015 05:25:57.363000	0.0250001	0.0214234	0.0296914	126.953	-669.414	29.2173	6	4	4	4	272.13	279.725	50.7501	3.71039	2.02226	0.895526	7.58672	43.5238	18.7301	94.9302	1	1	1	1	1	0	0	0
13.08.2015 05:25:57.463000	0.0250001	0.0214234	0.0296914	126.961	-669.414	29.216	6	4	4	4	256.866	282.904	50.8442	3.83637	2.14824	0.891432	7.58442	43.4908	18.7068	94.8928	1	1	1	1	1	0	0	0
13.08.2015 05:25:57.563000	0.0250001	0.0214234	0.0296914	126.958	-669.414	29.2148	6	4	4	4	261.899	287.314	50.9392	4.02595	2.33782	0.891432	7.57209	43.4461	18.666	94.8779	1	1	1	1	1	0	0	0
13.08.2015 05:25:57.663000	0.0250001	0.0214234	0.0296914	126.961	-669.414	29.2139	6	4	4	4	394.501	292.954	51.0416	4.21618	2.52805	0.955501	7.5282	43.364	18.5903	94.8536	1	1	1	1	1	0	0	0
13.08.2015 05:25:57.763000	0.0250001	0.0214234	0.0296914	126.958	-669.414	29.2126	6	4	4	4	301.269	299.823	51.1456	4.17476	2.48662	0.971518	7.43465	43.2729	18.5358	94.7133	1	1	1	1	1	0	0	0
13.08.2015 05:25:57.863000	0.0250001	0.0214234	0.0296914	126.961	-669.414	29.2122	6	4	4	4	285.625	307.923	51.2486	4.15131	2.46318	0.995117	7.47969	43.2326	18.487	94.7461	1	1	1	1	1	0	0	0
13.08.2015 05:25:57.963000	0.0250001	0.0214234	0.0296914	126.961	-669.414	29.213	6	4	4	4	291.966	317.251	51.3505	4.29692	2.60879	1.03203	7.53499	43.1946	18.4426	94.7701	1	1	1	1	1	0	0	0
13.08.2015 05:25:58.063000	0.0250001	0.0214234	0.0296914	126.961	-669.414	29.2106	6	4	4	4	365.546	327.811	51.46	4.53957	2.85144	1.03416	7.53727	43.1201	18.3657	94.7797	1	1	1	1	1	0	0	0
13.08.2015 05:25:58.163000	0.0250001	0.0214234	0.0296914	126.961	-669.414	29.2119	6	4	4	4	287.284	339.601	51.5744	4.73195	3.04382	1.06749	7.48114	43.0047	18.2893	94.6304	1	1	1	1	1	0	0	0
13.08.2015 05:25:58.263000	0.0250001	0.0214234	0.0296914	126.961	-669.414	29.209	6	4	4	4	296.374	352.621	51.6873	5.07775	3.38962	1.06749	7.51314	42.8757	18.1621	94.6236	1	1	1	1	1	0	0	0
13.08.2015 05:25:58.363000	0.0250001	0.0214234	0.0296914	126.969	-669.414	29.2144	6	4	4	4	289.594	366.87	51.8201	5.63156	3.94343	1.1797	7.53697	42.6469	17.9958	94.3838	1	1	1	1	1	0	0	0
13.08.2015 05:25:58.463000	0.0250001	0.0214234	0.0296914	126.965	-669.414	29.2166	6	4	4	4	454.932	382.351	51.9639	6.30414	4.61601	1.24261	7.54011	42.3295	17.7049	94.2824	1	1	1	1	1	0	0	0
13.08.2015 05:25:58.563000	0.0250001	0.0214234	0.0296914	126.969	-669.414	29.2191	6	4	4	4	368.181	399.06	52.1195	6.75024	5.06211	1.43755	7.46858	41.9456	17.3777	94.0655	1	1	1	1	1	0	0	0
13.08.2015 05:25:58.663000	0.0250001	0.0214234	0.0296914	126.969	-669.414	29.2225	6	4	4	4	462.204	416.999	52.2882	7.17928	5.49115	1.56917	7.43824	41.5956	17.0227	94.0847	1	1	1	1	1	0	0	0
13.08.2015 05:25:58.763000	0.0250001	0.0214234	0.0296914	126.969	-669.411	29.2256	6	4	4	4	446.57	436.171	52.4573	7.50288	5.81475	1.6443	7.36107	41.264	16.7184	93.9802	1	1	1	1	1	0	0	0
13.08.2015 05:25:58.863000	0.0250001	0.0214234	0.0296914	126.969	-669.414	29.2269	6	4	4	4	420.393	456.571	52.6398	7.87022	6.18209	1.70358	7.34881	40.9641	16.4387	93.9029	1	1	1	1	1	0	0	0
13.08.2015 05:25:58.963000	0.0250001	0.0214234	0.0296914	126.969	-669.414	29.2263	6	4	4	4	368.4	478.201	52.8279	8.44196	6.75383	1.82695	7.38122	40.6725	16.1641	93.8379	1	1	1	1	1	0	0	0
13.08.2015 05:25:59.063000	0.0250001	0.0214234	0.0296914	126.969	-669.414	29.2225	6	4	4	4	401.747	501.063	53.0318	9.29048	7.60235	1.94808	7.47127	40.329	15.8378	93.772	1	1	1	1	1	0	0	0
13.08.2015 05:25:59.163000	0.0250001	0.0214234	0.0296914	126.969	-669.411	29.2195	6	4	4	4	451.471	525.153	53.2591	10.4011	8.71295	2.11973	7.49902	39.9309	15.44	93.7708	1	1	1	1	1	0	0	0
13.08.2015 05:25:59.263000	0.0250001	0.0214234	0.0296914	126.969	-669.414	29.215	6	4	4	4	525.595	550.477	53.5088	11.5769	9.88877	2.37834	7.45263	39.4482	15.0111	93.5649	1	1	1	1	1	0	0	0
13.08.2015 05:25:59.363000	0.0250001	0.0214234	0.0296914	126.969	-669.414	29.2122	6	4	4	4	573.551	577.027	53.7854	12.6593	10.9712	2.67289	7.40475	38.9776	14.5836	93.3995	1	1	1	1	1	0	0	0
13.08.2015 05:25:59.463000	0.0250001	0.0214234	0.0296914	126.969	-669.414	29.2144	6	4	4	4	496.204	604.809	54.0794	13.681	11.9929	2.8636	7.34833	38.5551	14.2243	93.1579	1	1	1	1	1	0	0	0
13.08.2015 05:25:59.563000	0.0250001	0.0214234	0.0296914	126.969	-669.414	29.2101	6	4	4	4	489.032	633.821	54.3927	14.8742	13.1861	3.06474	7.33982	38.2269	13.9205	93.0644	1	1	1	1	1	0	0	0
13.08.2015 05:25:59.663000	0.0250001	0.0214234	0.0296914	126.969	-669.414	29.2101	6	4	4	4	562.703	664.06	54.7325	16.3936	14.7055	3.33522	7.40179	37.9484	13.6525	93.0242	1	1	1	1	1	0	0	0
13.08.2015 05:25:59.763000	0.0250001	0.0214234	0.0296914	126.969	-669.414	29.2155	6	4	4	4	692.314	695.531	55.0991	17.9569	16.2688	3.62832	7.32878	37.7199	13.4368	92.9753	1	1	1	1	1	0	0	0
13.08.2015 05:25:59.863000	0.0250001	0.0214234	0.0296914	126.969	-669.414	29.2198	6	4	4	4	648.301	728.233	55.493	19.3445	17.6564	3.89228	7.26791	37.56	13.3457	92.7115	1	1	1	1	1	0	0	0
13.08.2015 05:25:59.963000	0.0250001	0.0214234	0.0296914	126.969	-669.414	29.2267	6	4	4	4	637.928	762.163	55.9124	20.7944	19.1063	4.18141	7.29328	37.5303	13.3387	92.625	1	1	1	1	1	0	0	0
13.08.2015 05:26:00.063000	0.0250001	0.0214234	0.0296914	126.969	-669.414	29.2285	6	4	4	4	745.472	797.325	56.3576	22.4095	20.7214	4.44398	7.30195	37.7288	13.5394	92.6164	1	1	1	1	1	0	0	0
13.08.2015 05:26:00.163000	0.0250001	0.0214234	0.0296914	126.969	-669.414	29.2339	6	4	4	4	766.614	833.716	56.8301	23.9918	22.3036	4.74922	7.26823	37.9479	13.796	92.4731	1	1	1	1	1	0	0	0
13.08.2015 05:26:00.263000	0.0250001	0.0214234	0.0296914	126.969	-669.414	29.235	6	4	4	4	774.236	392.819	57.3454	25.226	4.64467	5.13653	7.20124	39.3576	13.4123	99.3394	1	1	1	1	1	0.8	0	0.8
13.08.2015 05:26:00.363000	0.0250001	0.0214234	0.0296914	126.969	-669.422	29.231	6	4	4	4	2399.99	277	60.9597	25.3046	0	79.3241	7.05952	99.7931	15.3337	323.378	1	1	1	1	1	1	0.49	1
13.08.2015 05:26:00.463000	0.0250001	0.0214234	0.0296914	127.004	-669.402	29.2312	6	4	4	4	732.626	277	62.1774	25.3046	0	83.1248	4.79429	106.465	0.765404	404.704	1	1	1	1	1	1	1	1
13.08.2015 05:26:00.563000	0.0250001	0.0214234	0.0296914	126.875	-669.417	26.8703	6	4	4	4	10.5372	277	62.1774	25.3046	0	83.1248	3.28935	122.638	0.706076	466.852	1	1	1	1	1	1	1	1
13.08.2015 05:26:00.663000	0.0250001	0.0214234	0.0296914	126.875	-669.449	21.665	6	4	4	4	1.56404	277	62.1774	25.3046	0	83.1248	2.26882	139.311	0.622456	531.011	1	1	1	1	1	1	1	1
13.08.2015 05:26:00.763000	0.0250001	0.0214234	0.0296914	126.875	-669.461	17.8707	6	4	4	4	0.431735	277	62.1774	25.3046	0	83.1248	1.63082	146.261	0.588275	557.752	1	1	1	1	1	1	1	1
13.08.2015 05:26:00.863000	0.0250001	0.0214234	0.0296914	126.875	-669.473	14.9913	6	4	4	4	0.405323	277	62.1774	25.3046	0	83.1248	1.2015	147.937	0.612079	564.079	1	1	1	1	1	1	1	1
13.08.2015 05:26:00.963000	0.0250001	0.0214234	0.0296914	126.875	-669.464	12.2381	6	4	4	4	0.40538	277	62.1774	25.3046	0	83.1248	0.995551	148.606	0.585284	566.74	1	1	1	1	1	1	1	1
13.08.2015 05:26:01.063000	0.0250001	0.0214234	0.0296914	126.875	-669.461	9.38639	6	4	4	4	0.40278	277	62.1774	25.3046	0	83.1248	0.839742	148.715	0.596759	567.114	1	1	1	1	1	1	1	1
13.08.2015 05:26:01.163000	0.0250001	0.0214234	0.0296914	126.883	-669.458	8.04977	6	4	4	4	0.401255	277	62.1774	25.3046	0	83.1248	0.702691	148.704	0.604755	567.044	1	1	1	1	1	1	1	1
13.08.2015 05:26:01.263000	0.0250001	0.0214234	0.0296914	126.883	-669.457	6.67643	6	4	4	4	0.385945	277	62.1774	25.3046	0	83.1248	0.61705	148.693	0.58565	567.074	1	1	1	1	1	1	1	1
13.08.2015 05:26:01.363000	0.0250001	0.0214234	0.0296914	126.883	-669.456	5.62572	6	4	4	4	0.364017	277	62.1774	25.3046	0	44.1262	0.558254	148.696	0.600909	567.025	1	1	1	1	1	1	1	1
13.08.2015 05:26:01.463000	0.0250001	0.0214234	0.0296914	126.883	-669.453	4.76942	6	4	4	4	0.356071	277	62.1774	25.3046	0	0.149077	0.50795	148.708	0.60567	567.056	1	1	1	1	1	1	1	1
13.08.2015 05:26:01.563000	0.0250001	0.0214234	0.0296914	126.883	-669.453	4.19307	6	4	4	4	0.346121	277	62.1774	25.3046	0	0.149077	0.45782	148.738	0.607135	567.165	1	1	1	1	1	1	1	1
13.08.2015 05:26:01.663000	0.0250001	0.0214234	0.0296914	126.883	-669.461	3.68869	6	4	4	4	0.356356	277	62.1774	25.3046	0	0.149077	0.423806	148.762	0.6133	567.232	1	1	1	1	1	1	1	1
13.08.2015 05:26:01.763000	0.0250001	0.0214234	0.0296914	126.883	-669.458	3.17962	6	4	4	4	0.374085	277	62.1774	0	0	0.149077	0.397569	149.004	0.61391	568.156	1	1	1	1	1	1	1	0
13.08.2015 05:26:01.863000	0.0250001	0.0214234	0.0296914	126.887	-669.457	2.80545	6	4	4	4	0.374561	277	62.1774	0	0	0.149077	0.372815	148.519	0.621113	566.272	1	1	1	1	1	1	1	0
13.08.2015 05:26:01.963000	0.0250001	0.0214234	0.0296914	126.883	-669.458	1.91949	6	4	4	4	0.376601	277	62.1774	0	0	0.149077	0.348061	148.624	0.626484	566.654	1	1	1	1	1	1	1	0
13.08.2015 05:26:02.063000	0.0250001	0.0214234	0.0296914	126.883	-669.453	0.297852	6	4	4	4	0.386678	277	62.1774	0	0	0.149077	0.331952	148.53	0.612995	566.343	1	1	1	1	1	1	1	0
13.08.2015 05:26:02.163000	0.0250001	0.0214234	0.0296914	126.794	-669.484	0.138889	6	4	4	4	0.381658	277	62.1774	0	0	0.149077	0.317108	148.48	0.618671	566.132	1	1	1	1	1	1	1	0
13.08.2015 05:26:02.263000	0.0250001	0.0214234	0.0296914	126.773	-669.512	0.123155	6	4	4	4	0.37067	277	62.1774	0	0	0.149077	0.302973	148.428	0.621418	565.921	1	1	1	1	1	1	1	0
13.08.2015 05:26:02.363000	0.0250001	0.0214234	0.0296914	126.773	-669.521	0.109954	6	4	4	4	0.361921	277	62.1774	0	0	0.0805014	0.290929	148.396	0.620502	565.802	1	1	1	1	1	1	1	0
13.08.2015 05:26:02.463000	0.0250001	0.0214234	0.0296914	126.773	-669.523	0.093316	6	4	4	4	0.361305	277	62.1774	0	0	0	0.281836	148.349	0.625385	565.605	1	1	1	1	1	1	1	0
13.08.2015 05:26:02.563000	0.0250001	0.0214234	0.0296914	126.773	-669.521	0.078125	6	4	4	4	0.364235	277	62.1774	0	0	0	0.272222	148.304	0.623127	565.442	1	1	1	1	1	1	1	0
13.08.2015 05:26:02.663000	0.0250001	0.0214234	0.0296914	126.773	-669.52	0.0689019	6	4	4	4	0.377453	277	62.1774	0	0	0	0.261357	148.267	0.626057	565.287	1	1	1	1	1	1	1	0
13.08.2015 05:26:02.763000	0.0250001	0.0214234	0.0296914	126.773	-669.516	0.0596788	6	4	4	4	0.367849	277	62.1774	0	0	0	0.25557	148.221	0.622944	565.124	1	1	1	1	1	1	1	0
13.08.2015 05:26:02.863000	0.0250001	0.0214234	0.0296914	126.773	-669.516	0.0455729	6	4	4	4	0.357514	277	62.1774	0	0	0	0.247345	148.183	0.625629	564.968	1	1	1	1	1	1	1	0
13.08.2015 05:26:02.963000	0.0250001	0.0214234	0.0296914	126.773	-669.516	0.0401476	6	4	4	4	0.364841	277	62.1774	0	0	0	0.241782	148.147	0.628071	564.822	1	1	1	1	1	1	1	0
13.08.2015 05:26:03.063000	0.0250001	0.0214234	0.0296914	126.773	-669.516	0.0330946	6	4	4	4	0.383331	277	62.1774	0	0	0	0.233731	148.105	0.619404	564.693	1	1	1	1	1	1	1	0
13.08.2015 05:26:03.163000	0.0250001	0.0214234	0.0296914	126.773	-669.516	0.0274884	6	4	4	4	0.367998	277	62.1774	0	0	0	0.230953	148.063	0.618549	564.534	1	1	1	1	1	1	1	0
13.08.2015 05:26:03.263000	0.0250001	0.0214234	0.0296914	126.773	-669.516	0.0227865	6	4	4	4	0.368209	277	62.1774	0	0	0	0.224515	148.03	0.617023	564.415	1	1	1	1	1	1	1	0
13.08.2015 05:26:03.363000	0.0250001	0.0214234	0.0296914	126.773	-669.516	0.0184462	6	4	4	4	0.371398	277	62.1774	0	0	0	0.219647	147.992	0.615986	564.274	1	1	1	1	1	1	1	0
13.08.2015 05:26:03.463000	0.0250001	0.0214234	0.0296914	126.773	-669.516	0.015191	6	4	4	4	0.380267	277	62.1774	0	0	0	0.216479	147.955	0.61684	564.129	1	1	1	1	1	1	1	0
13.08.2015 05:26:03.563000	0.0250001	0.0214234	0.0296914	126.771	-669.516	0.0115741	6	4	4	4	0.420256	277	62.1774	0	0	0	0.2125	147.92	0.616535	563.995	1	1	1	1	1	1	1	0
13.08.2015 05:26:03.663000	0.0250001	0.0214234	0.0296914	126.742	-669.516	0.00868056	6	4	4	4	0.399433	277	62.1774	0	0	0	0.215582	147.88	0.618854	563.832	1	1	1	1	1	1	1	0
13.08.2015 05:26:03.763000	0.0250001	0.0214234	0.0296914	126.727	-669.516	0.00687211	6	4	4	4	0.390009	277	62.1774	0	0	0	0.227286	147.847	0.615558	563.72	1	1	1	1	1	1	1	0
13.08.2015 05:26:03.863000	0.0250001	0.0214234	0.0296914	126.719	-669.418	0.00542535	6	4	4	4	0.378162	277	62.1774	0	0	0	0.239844	147.816	0.622517	563.575	1	1	1	1	1	1	1	0
13.08.2015 05:26:03.963000	0.0250001	0.0214234	0.0296914	126.781	-668.669	0.00325521	6	4	4	4	0.372572	277	62.1774	0	0	0	0.247078	147.786	0.626728	563.442	1	1	1	1	1	1	1	0
13.08.2015 05:26:04.063000	0.0250001	0.0214234	0.0296914	126.859	-664.598	0.00271267	6	4	4	4	0.383752	277	62.1774	0	0	0	0.257704	147.762	0.625568	563.354	1	1	1	1	1	1	1	0
13.08.2015 05:26:04.163000	0.0250001	0.0214234	0.0296914	126.859	-642.943	0.00253183	6	4	4	4	0.385889	277	62.1774	0	0	0	0.266898	147.713	0.628071	563.16	1	1	1	1	1	1	1	0
13.08.2015 05:26:04.263000	0.0250001	0.0214234	0.0296914	126.859	-612.477	0.00108507	6	4	4	4	0.364642	277	62.1774	0	0	0	0.275326	147.681	0.62801	563.035	1	1	1	1	1	1	1	0
13.08.2015 05:26:04.363000	0.0250001	0.0214234	0.0296914	126.862	-588.443	0.00108507	6	4	4	4	0.385696	277	62.1774	0	0	0	0.280331	147.647	0.625446	562.917	1	1	1	1	1	1	1	0
13.08.2015 05:26:04.463000	0.0250001	0.0214234	0.0296914	126.863	-558.652	-0.00108507	6	4	4	4	0.374418	277	62.1774	0	0	0	0.288968	147.615	0.62917	562.781	1	1	1	1	1	1	1	0
13.08.2015 05:26:04.563000	0.0250001	0.0214234	0.0296914	126.859	-513.06	0.00072338	6	4	4	4	0.384097	277	62.1774	0	0	0	0.294777	147.579	0.628254	562.645	1	1	1	1	1	1	1	0
13.08.2015 05:26:04.663000	0.0250001	0.0214234	0.0296914	126.859	-468.684	0.00108507	6	4	4	4	0.386182	277	62.1774	0	0	0	0.301013	147.548	0.627522	562.529	1	1	1	1	1	1	1	0
13.08.2015 05:26:04.763000	0.0250001	0.0214234	0.0296914	126.859	-427	0.00072338	6	4	4	4	0.40452	277	62.1774	0	0	0	0.304615	147.512	0.62624	562.397	1	1	1	1	1	1	1	0
13.08.2015 05:26:04.863000	0.0250001	0.0214234	0.0296914	126.859	-385.094	0.00108507	6	4	4	4	0.394417	277	62.1774	0	0	0	0.309773	147.359	0.627949	561.803	1	1	1	1	1	1	1	0
13.08.2015 05:26:04.963000	0.0250001	0.0214234	0.0296914	126.859	-325.888	0.00144676	6	4	4	4	0.399376	277	62.1774	0	0	0	0.312174	147.485	0.627094	562.288	1	1	1	1	1	1	1	0
13.08.2015 05:26:05.063000	0.0250001	0.0214234	0.0296914	126.859	-283.703	0.00325521	6	4	4	4	0.400942	277	62.1774	0	0	0	0.313947	147.423	0.62611	562.058	1	1	1	1	1	1	1	0
13.08.2015 05:26:05.163000	0.0250001	0.0214234	0.0296914	126.859	-242.112	0.00542535	6	4	4	4	0.392859	277	62.1774	0	0	0	0.31577	147.39	0.6274	561.93	1	1	1	1	1	1	1	0
13.08.2015 05:26:05.263000	0.0250001	0.0214234	0.0296914	126.859	-200.539	0.00651042	6	4	4	4	0.407133	277	62.1774	0	0	0	0.317188	147.353	0.628132	561.783	1	1	1	1	1	1	1	0
13.08.2015 05:26:05.363000	0.0250001	0.0214234	0.0296914	126.859	-142.622	0.0072338	6	4	4	4	0.39163	277	62.1774	0	0	0	0.319184	147.328	0.630573	561.672	1	1	1	1	1	1	1	0
13.08.2015 05:26:05.463000	0.0250001	0.0214234	0.0296914	126.859	-101.055	0.00542535	6	4	4	4	0.403276	277	62.1774	0	0	0	0.31901	147.301	0.629279	561.579	1	1	1	1	1	1	1	0
13.08.2015 05:26:05.563000	0.0250001	0.0214234	0.0296914	126.859	-59.9844	0.00542535	6	4	4	4	0.400607	277	62.1774	0	0	0	0.319878	147.272	0.630757	561.459	1	1	1	1	1	1	1	0
13.08.2015 05:26:05.663000	0.0250001	0.0214234	0.0296914	126.859	-10.2969	0.00325521	6	4	4	4	0.387247	277	62.1774	0	0	0	0.319821	147.241	0.630512	561.341	1	1	1	1	1	1	1	0
13.08.2015 05:26:05.763000	0.0250001	0.0214234	0.0296914	126.859	38.9427	0.00325521	6	4	4	4	0.387176	277	62.1774	0	0	0	0.321759	147.208	0.632282	561.207	1	1	1	1	1	1	1	0
13.08.2015 05:26:05.863000	0.0250001	0.0214234	0.0296914	126.859	80.1016	0.00325521	6	4	4	4	0.405417	277	62.1774	0	0	0	0.321817	147.178	0.631245	561.097	1	1	1	1	1	1	1	0
13.08.2015 05:26:05.963000	0.0250001	0.0214234	0.0296914	126.867	121.052	0.00289352	6	4	4	4	0.39076	277	62.1774	0	0	0	0.323235	147.151	0.632221	560.991	1	1	1	1	1	1	1	0
13.08.2015 05:26:06.063000	0.0250001	0.0214234	0.0296914	126.867	178.918	0.00271267	6	4	4	4	0.381954	277	62.1774	0	0	0	0.324161	147.117	0.632405	560.861	1	1	1	1	1	1	1	0
13.08.2015 05:26:06.163000	0.0250001	0.0214234	0.0296914	126.862	219.583	0.00253183	6	4	4	4	0.389324	277	62.1774	0	0	0	0.324595	147.091	0.633381	560.756	1	1	1	1	1	1	1	0
13.08.2015 05:26:06.263000	0.0250001	0.0214234	0.0296914	126.867	260.664	0.00325521	6	4	4	4	0.367834	277	62.1774	0	0	0	0.325	147.061	0.633564	560.641	1	1	1	1	1	1	1	0
13.08.2015 05:26:06.363000	0.0250001	0.0214234	0.0296914	126.867	306.966	0.00217014	6	4	4	4	0.392296	277	62.1774	0	0	0	0.324942	147.032	0.633625	560.528	1	1	1	1	1	1	1	0
13.08.2015 05:26:06.463000	0.0250001	0.0214234	0.0296914	126.867	358.828	0.000542535	6	4	4	4	0.375103	277	62.1774	0	0	0	0.326447	147.004	0.633564	560.424	1	1	1	1	1	1	1	0
13.08.2015 05:26:06.563000	0.0250001	0.0214234	0.0296914	126.867	399.547	0.00108507	6	4	4	4	0.384654	277	62.1774	0	0	0	0.3261	146.976	0.631062	560.326	1	1	1	1	1	1	1	0
13.08.2015 05:26:06.663000	0.0250001	0.0214234	0.0296914	126.867	440.578	0.000542535	6	4	4	4	0.382021	277	62.1774	0	0	0	0.327257	146.95	0.634236	560.212	1	1	1	1	1	1	1	0
13.08.2015 05:26:06.763000	0.0250001	0.0214234	0.0296914	126.867	487.003	0.00325521	6	4	4	4	0.378343	277	62.1774	0	0	0	0.327315	146.924	0.634297	560.115	1	1	1	1	1	1	1	0
13.08.2015 05:26:06.863000	0.0250001	0.0214234	0.0296914	126.867	538.977	0.000542535	6	4	4	4	0.368761	277	62.1774	0	0	0	0.328877	146.895	0.633259	560.007	1	1	1	1	1	1	1	0
13.08.2015 05:26:06.963000	0.0250001	0.0214234	0.0296914	126.867	576.466	0.00072338	6	4	4	4	0.366251	277	62.1774	0	0	0	0.328588	146.869	0.632344	559.913	1	1	1	1	1	1	1	0
13.08.2015 05:26:07.063000	0.0250001	0.0214234	0.0296914	126.867	607.203	0	6	4	4	4	0.368454	277	62.1774	0	0	0	0.328935	146.84	0.630268	559.809	1	1	1	1	1	1	1	0
13.08.2015 05:26:07.163000	0.0250001	0.0214234	0.0296914	126.867	638.313	0.00072338	6	4	4	4	0.382221	277	62.1774	0	0	0	0.328762	146.816	0.632282	559.709	1	1	1	1	1	1	1	0
13.08.2015 05:26:07.263000	0.0250001	0.0214234	0.0296914	126.867	659.672	0.00108507	6	4	4	4	0.381452	277	62.1774	0	0	0	0.329225	146.79	0.634419	559.599	1	1	1	1	1	1	1	0
13.08.2015 05:26:07.363000	0.0250001	0.0214234	0.0296914	126.867	669.956	0.00036169	6	4	4	4	0.366006	277	62.1774	0	0	0	0.328704	146.762	0.633381	559.497	1	1	1	1	1	1	1	0
13.08.2015 05:26:07.463000	0.0250001	0.0214234	0.0296914	126.867	673.313	0.000542535	6	4	4	4	0.392017	277	62.1774	0	0	0	0.328414	146.74	0.633686	559.41	1	1	1	1	1	1	1	0
13.08.2015 05:26:07.563000	0.0250001	0.0214234	0.0296914	126.867	675.078	0.00108507	6	4	4	4	0.394024	277	62.1774	0	0	0	0.32934	146.712	0.633564	559.304	1	1	1	1	1	1	1	0
13.08.2015 05:26:07.663000	0.0250001	0.0214234	0.0296914	126.852	675.074	0.00108507	6	4	4	4	0.371961	277	62.1774	0	0	0	0.329861	146.683	0.633747	559.192	1	1	1	1	1	1	1	0
13.08.2015 05:26:07.763000	0.0250001	0.0214234	0.0296914	126.844	675.065	0.00072338	6	4	4	4	0.373246	277	62.1774	0	0	0	0.330411	146.663	0.635334	559.113	1	1	1	1	1	1	1	0
13.08.2015 05:26:07.863000	0.0250001	0.0214234	0.0296914	126.844	675.047	0.00108507	6	4	4	4	0.379274	277	62.1774	0	0	0	0.328675	146.654	0.634236	559.08	1	1	1	1	1	1	1	0
13.08.2015 05:26:07.963000	0.0250001	0.0214234	0.0296914	126.706	675.078	0.00072338	6	4	4	4	0.375381	277	62.1774	0	0	0	0.328038	146.648	0.634053	559.057	1	1	1	1	1	1	1	0
13.08.2015 05:26:08.063000	0.0250001	0.0214234	0.0296914	126.711	675.086	0.00271267	6	4	4	4	0.385169	277	62.1774	0	0	0	0.326244	146.61	0.632405	558.918	1	1	1	1	1	1	1	0
13.08.2015 05:26:08.163000	0.0250001	0.0214234	0.0296914	126.747	675.107	0.00325521	6	4	4	4	0.373889	277	62.1774	0	0	0	0.324971	146.565	0.635945	558.733	1	1	1	1	1	1	1	0
13.08.2015 05:26:08.263000	0.0250001	0.0214234	0.0296914	126.734	675.086	0.00434028	6	4	4	4	0.364096	277	62.1774	0	0	0	0.323524	146.535	0.633686	558.626	1	1	1	1	1	1	1	0
13.08.2015 05:26:08.363000	0.0250001	0.0214234	0.0296914	126.742	675.073	0.00289352	6	4	4	4	0.376693	277	62.1774	0	0	0	0.323119	146.511	0.634907	558.529	1	1	1	1	1	1	1	0
13.08.2015 05:26:08.463000	0.0250001	0.0214234	0.0296914	126.742	675.086	0.00217014	6	4	4	4	0.376467	277	62.1774	0	0	0	0.322078	146.483	0.634114	558.425	1	1	1	1	1	1	1	0
13.08.2015 05:26:08.563000	0.0250001	0.0214234	0.0296914	126.742	675.068	0.00325521	6	4	4	4	0.383682	277	62.1774	0	0	0	0.320804	146.459	0.634541	558.331	1	1	1	1	1	1	1	0
13.08.2015 05:26:08.663000	0.0250001	0.0214234	0.0296914	126.742	675.063	-0.00108507	6	4	4	4	0.379427	277	62.1774	0	0	0	0.32092	146.431	0.635151	558.225	1	1	1	1	1	1	1	0
13.08.2015 05:26:08.763000	0.0250001	0.0214234	0.0296914	126.742	675.063	0.00072338	6	4	4	4	0.372357	277	62.1774	0	0	0	0.319965	146.411	0.635273	558.145	1	1	1	1	1	1	1	0
13.08.2015 05:26:08.863000	0.0250001	0.0214234	0.0296914	126.742	675.063	-0.00108507	6	4	4	4	0.390332	277	62.1774	0	0	0	0.31956	146.381	0.63332	558.037	1	1	1	1	1	1	1	0
13.08.2015 05:26:08.963000	0.0250001	0.0214234	0.0296914	126.742	675.063	0.00036169	6	4	4	4	0.375608	277	62.1774	0	0	0	0.318432	146.361	0.63625	557.951	1	1	1	1	1	1	1	0
13.08.2015 05:26:09.063000	0.0250001	0.0214234	0.0296914	126.746	675.063	0.00108507	6	4	4	4	0.391188	277	62.1774	0	0	0	0.3193	146.332	0.634785	557.846	1	1	1	1	1	1	1	0
13.08.2015 05:26:09.163000	0.0250001	0.0214234	0.0296914	126.747	675.063	0.00108507	6	4	4	4	0.38178	277	62.1774	0	0	0	0.318113	146.309	0.63509	557.756	1	1	1	1	1	1	1	0
13.08.2015 05:26:09.263000	0.0250001	0.0214234	0.0296914	126.75	675.063	0	6	4	4	4	0.39049	277	62.1774	0	0	0	0.31794	146.282	0.633931	557.656	1	1	1	1	1	1	1	0
13.08.2015 05:26:09.363000	0.0250001	0.0214234	0.0296914	126.75	675.063	0.00072338	6	4	4	4	0.382749	277	62.1774	0	0	0	0.316869	146.261	0.634297	557.574	1	1	1	1	1	1	1	0
13.08.2015 05:26:09.463000	0.0250001	0.0214234	0.0296914	126.75	675.063	0.00108507	6	4	4	4	0.412989	277	62.1774	0	0	0	0.316927	146.234	0.634236	557.473	1	1	1	1	1	1	1	0
13.08.2015 05:26:09.563000	0.0250001	0.0214234	0.0296914	126.75	675.063	0.00108507	6	4	4	4	0.388129	277	62.1774	0	0	0	0.316435	146.211	0.634114	557.385	1	1	1	1	1	1	1	0
13.08.2015 05:26:09.663000	0.0250001	0.0214234	0.0296914	126.746	675.063	0.0016276	6	4	4	4	0.372297	277	62.1774	0	0	0	0.315741	146.186	0.631855	557.299	1	1	1	1	1	1	1	0
13.08.2015 05:26:09.763000	0.0250001	0.0214234	0.0296914	126.75	675.063	0.00108507	6	4	4	4	0.371074	277	62.1774	0	0	0	0.315885	146.162	0.63216	557.204	1	1	1	1	1	1	1	0
13.08.2015 05:26:09.863000	0.0250001	0.0214234	0.0296914	126.75	675.066	0	6	4	4	4	0.3853	277	62.1774	0	0	0	0.315191	146.136	0.634541	557.095	1	1	1	1	1	1	1	0
13.08.2015 05:26:09.963000	0.0250001	0.0214234	0.0296914	126.745	675.068	-0.00108507	6	4	4	4	0.397315	277	62.1774	0	0	0	0.314931	146.116	0.635273	557.017	1	1	1	1	1	1	1	0
13.08.2015 05:26:10.063000	0.0250001	0.0214234	0.0296914	126.75	675.07	-0.00108507	6	4	4	4	0.396906	277	62.1774	0	0	0	0.313657	146.091	0.636067	556.919	1	1	1	1	1	1	1	0
13.08.2015 05:26:10.163000	0.0250001	0.0214234	0.0296914	126.75	675.07	-0.00072338	6	4	4	4	0.373819	277	62.1774	0	0	0	0.313889	146.065	0.636372	556.818	1	1	1	1	1	1	1	0
13.08.2015 05:26:10.263000	0.0250001	0.0214234	0.0296914	126.75	675.078	0	6	4	4	4	0.396056	277	62.1774	0	0	0	0.312326	146.045	0.635517	556.742	1	1	1	1	1	1	1	0
13.08.2015 05:26:10.363000	0.0250001	0.0214234	0.0296914	126.75	675.07	0.00036169	6	4	4	4	0.36943	277	62.1774	0	0	0	0.312645	146.022	0.636494	556.654	1	1	1	1	1	1	1	0
13.08.2015 05:26:10.463000	0.0250001	0.0214234	0.0296914	126.75	675.086	0.00108507	6	4	4	4	0.383806	277	62.1774	0	0	0	0.31195	145.997	0.637287	556.552	1	1	1	1	1	1	1	0
13.08.2015 05:26:10.563000	0.0250001	0.0214234	0.0296914	126.75	675.086	0.00108507	6	4	4	4	0.342704	277	62.1774	0	0	0	0.312731	145.972	0.635639	556.464	1	1	1	1	1	1	1	0
13.08.2015 05:26:10.663000	0.0250001	0.0214234	0.0296914	126.75	675.086	0.000542535	6	4	4	4	0.379484	277	62.1774	0	0	0	0.31169	145.951	0.637654	556.375	1	1	1	1	1	1	1	0
13.08.2015 05:26:10.763000	0.0250001	0.0214234	0.0296914	126.75	675.086	0.00072338	6	4	4	4	0.364162	277	62.1774	0	0	0	0.311574	145.927	0.637349	556.285	1	1	1	1	1	1	1	0
13.08.2015 05:26:10.863000	0.0250001	0.0214234	0.0296914	126.746	675.086	0.00108507	6	4	4	4	0.374156	277	62.1774	0	0	0	0.31169	145.902	0.638081	556.188	1	1	1	1	1	1	1	0
13.08.2015 05:26:10.963000	0.0250001	0.0214234	0.0296914	126.75	675.086	0.00072338	6	4	4	4	0.363529	277	62.1774	0	0	0	0.311574	145.884	0.636616	556.122	1	1	1	1	1	1	1	0
13.08.2015 05:26:11.063000	0.0250001	0.0214234	0.0296914	126.746	675.086	0.00108507	6	4	4	4	0.383933	277	62.1774	0	0	0	0.3114	145.856	0.637471	556.012	1	1	1	1	1	1	1	0
13.08.2015 05:26:11.163000	0.0250001	0.0214234	0.0296914	126.75	675.086	0.00072338	6	4	4	4	0.370483	277	62.1774	0	0	0	0.311314	145.834	0.638569	555.924	1	1	1	1	1	1	1	0
13.08.2015 05:26:11.263000	0.0250001	0.0214234	0.0296914	126.75	675.086	0	6	4	4	4	0.4074	277	62.1774	0	0	0	0.31224	145.813	0.637532	555.848	1	1	1	1	1	1	1	0
13.08.2015 05:26:11.363000	0.0250001	0.0214234	0.0296914	126.75	675.086	0.00217014	6	4	4	4	0.398652	277	62.1774	0	0	0	0.311892	145.79	0.637654	555.759	1	1	1	1	1	1	1	0
13.08.2015 05:26:11.463000	0.0250001	0.0214234	0.0296914	126.746	675.086	0.00271267	6	4	4	4	0.385707	277	62.1774	0	0	0	0.311777	145.768	0.637898	555.674	1	1	1	1	1	1	1	0
13.08.2015 05:26:11.563000	0.0250001	0.0214234	0.0296914	126.75	675.086	0.00325521	6	4	4	4	0.36769	277	62.1774	0	0	0	0.311516	145.742	0.639363	555.568	1	1	1	1	1	1	1	0
13.08.2015 05:26:11.663000	0.0250001	0.0214234	0.0296914	126.75	675.086	0.00325521	6	4	4	4	0.352614	277	62.1774	0	0	0	0.312616	145.721	0.637287	555.497	1	1	1	1	1	1	1	0
13.08.2015 05:26:11.763000	0.0250001	0.0214234	0.0296914	126.75	675.086	0.00325521	6	4	4	4	0.371959	277	62.1774	0	0	0	0.311806	145.701	0.638081	555.418	1	1	1	1	1	1	1	0
13.08.2015 05:26:11.863000	0.0250001	0.0214234	0.0296914	126.75	675.086	0.00271267	6	4	4	4	0.3838	277	62.1774	0	0	0	0.311863	145.679	0.637349	555.335	1	1	1	1	1	1	1	0
13.08.2015 05:26:11.963000	0.0250001	0.0214234	0.0296914	126.75	675.086	0.00253183	6	4	4	4	0.354454	277	62.1774	0	0	0	0.311979	145.659	0.638508	555.253	1	1	1	1	1	1	1	0
13.08.2015 05:26:12.063000	0.0250001	0.0214234	0.0296914	126.746	675.086	0.00325521	6	4	4	4	0.382305	277	62.1774	0	0	0	0.311863	145.634	0.637043	555.165	1	1	1	1	1	1	1	0
13.08.2015 05:26:12.163000	0.0250001	0.0214234	0.0296914	126.747	675.086	0.00253183	6	4	4	4	0.384376	277	62.1774	0	0	0	0.311343	145.607	0.637226	555.06	1	1	1	1	1	1	1	0
13.08.2015 05:26:12.263000	0.0250001	0.0214234	0.0296914	126.746	675.086	0.00217014	6	4	4	4	0.392236	277	62.1774	0	0	0	0.31059	145.588	0.639241	554.978	1	1	1	1	1	1	1	0
13.08.2015 05:26:12.363000	0.0250001	0.0214234	0.0296914	126.75	675.086	0.0036169	6	4	4	4	0.394183	277	62.1774	0	0	0	0.311487	145.567	0.637043	554.909	1	1	1	1	1	1	1	0
13.08.2015 05:26:12.463000	0.0250001	0.0214234	0.0296914	126.75	675.086	0.00542535	6	4	4	4	0.37898	277	62.1774	0	0	0	0.310041	145.546	0.637349	554.825	1	1	1	1	1	1	1	0
13.08.2015 05:26:12.563000	0.0250001	0.0214234	0.0296914	126.75	675.094	0.00506366	6	4	4	4	0.364893	277	62.1774	0	0	0	0.31059	145.524	0.637226	554.743	1	1	1	1	1	1	1	0
13.08.2015 05:26:12.663000	0.0250001	0.0214234	0.0296914	126.75	675.094	0.00271267	6	4	4	4	0.397726	277	62.1774	0	0	0	0.30978	145.503	0.636616	554.665	1	1	1	1	1	1	1	0
13.08.2015 05:26:12.763000	0.0250001	0.0214234	0.0296914	126.75	675.094	0.00397859	6	4	4	4	0.399282	277	62.1774	0	0	0	0.310561	145.477	0.635639	554.57	1	1	1	1	1	1	1	0
13.08.2015 05:26:12.863000	0.0250001	0.0214234	0.0296914	126.75	675.094	0.00488281	6	4	4	4	0.402341	277	62.1774	0	0	0	0.30952	145.455	0.635762	554.486	1	1	1	1	1	1	1	0
13.08.2015 05:26:12.963000	0.0250001	0.0214234	0.0296914	126.75	675.094	0.00253183	6	4	4	4	0.387541	277	62.1774	0	0	0	0.309693	145.44	0.637898	554.42	1	1	1	1	1	1	1	0
13.08.2015 05:26:13.063000	0.0250001	0.0214234	0.0296914	126.75	675.094	0.00217014	6	4	4	4	0.391065	277	62.1774	0	0	0	0.309809	145.416	0.63741	554.329	1	1	1	1	1	1	1	0
13.08.2015 05:26:13.163000	0.0250001	0.0214234	0.0296914	126.75	675.096	0.00289352	6	4	4	4	0.381386	277	62.1774	0	0	0	0.309983	145.395	0.639546	554.239	1	1	1	1	1	1	1	0
13.08.2015 05:26:13.263000	0.0250001	0.0214234	0.0296914	126.75	675.098	0.00108507	6	4	4	4	0.395982	277	62.1774	0	0	0	0.309809	145.374	0.638264	554.165	1	1	1	1	1	1	1	0
13.08.2015 05:26:13.363000	0.0250001	0.0214234	0.0296914	126.747	675.099	0.00108507	6	4	4	4	0.369395	277	62.1774	0	0	0	0.309433	145.351	0.638386	554.077	1	1	1	1	1	1	1	0
13.08.2015 05:26:13.463000	0.0250001	0.0214234	0.0296914	126.75	675.094	0.00217014	6	4	4	4	0.376045	277	62.1774	0	0	0	0.309896	145.331	0.638569	553.999	1	1	1	1	1	1	1	0
13.08.2015 05:26:13.563000	0.0250001	0.0214234	0.0296914	126.75	675.102	0.00253183	6	4	4	4	0.378881	277	62.1774	0	0	0	0.308999	145.313	0.638081	553.931	1	1	1	1	1	1	1	0
13.08.2015 05:26:13.663000	0.0250001	0.0214234	0.0296914	126.75	675.102	0.00108507	6	4	4	4	0.386683	277	62.1774	0	0	0	0.309172	145.288	0.637837	553.836	1	1	1	1	1	1	1	0
13.08.2015 05:26:13.763000	0.0250001	0.0214234	0.0296914	126.75	675.102	0.00108507	6	4	4	4	0.375188	277	62.1774	0	0	0	0.308304	145.265	0.638081	553.746	1	1	1	1	1	1	1	0
13.08.2015 05:26:13.863000	0.0250001	0.0214234	0.0296914	126.75	675.102	0.000542535	6	4	4	4	0.376791	277	62.1774	0	0	0	0.308709	145.244	0.637471	553.67	1	1	1	1	1	1	1	0
13.08.2015 05:26:13.963000	0.0250001	0.0214234	0.0296914	126.75	675.089	0.00108507	6	4	4	4	0.366224	277	62.1774	0	0	0	0.307581	145.226	0.634297	553.614	1	1	1	1	1	1	1	0
13.08.2015 05:26:14.063000	0.0250001	0.0214234	0.0296914	126.75	675.105	0	6	4	4	4	0.401228	277	62.1774	0	0	0	0.307234	145.202	0.637898	553.506	1	1	1	1	1	1	1	0
13.08.2015 05:26:14.163000	0.0250001	0.0214234	0.0296914	126.75	675.094	0.00036169	6	4	4	4	0.376961	277	62.1774	0	0	0	0.307321	145.184	0.63979	553.431	1	1	1	1	1	1	1	0
13.08.2015 05:26:14.263000	0.0250001	0.0214234	0.0296914	126.75	675.086	0.00108507	6	4	4	4	0.379363	277	62.1774	0	0	0	0.3068	145.163	0.640706	553.345	1	1	1	1	1	1	1	0
13.08.2015 05:26:14.363000	0.0250001	0.0214234	0.0296914	126.75	675.081	0.00108507	6	4	4	4	0.391443	277	62.1774	0	0	0	0.306597	145.141	0.642232	553.259	1	1	1	1	1	1	1	0
13.08.2015 05:26:14.463000	0.0250001	0.0214234	0.0296914	126.75	675.086	0.000542535	6	4	4	4	0.382511	277	62.1774	0	0	0	0.306076	145.121	0.640461	553.186	1	1	1	1	1	1	1	0
13.08.2015 05:26:14.563000	0.0250001	0.0214234	0.0296914	126.74	675.156	-0.00036169	6	4	4	4	0.388528	277	62.1774	0	0	0	0.306192	145.107	0.640584	553.134	1	1	1	1	1	1	1	0
13.08.2015 05:26:14.663000	0.0250001	0.0214234	0.0296914	126.746	675.195	0.00108507	6	4	4	4	0.402981	277	62.1774	0	0	0	0.30625	145.082	0.63918	553.041	1	1	1	1	1	1	1	0
13.08.2015 05:26:14.763000	0.0250001	0.0214234	0.0296914	126.75	675.096	0.00180845	6	4	4	4	0.371903	277	62.1774	0	0	0	0.306858	145.062	0.638936	552.969	1	1	1	1	1	1	1	0
13.08.2015 05:26:14.863000	0.0250001	0.0214234	0.0296914	126.75	675.184	0.00108507	6	4	4	4	0.38316	277	62.1774	0	0	0	0.306626	145.041	0.64333	552.87	1	1	1	1	1	1	1	0
13.08.2015 05:26:14.963000	0.0250001	0.0214234	0.0296914	126.75	675.201	0	6	4	4	4	0.377928	277	62.1774	0	0	0	0.307726	145.021	0.640828	552.801	1	1	1	1	1	1	1	0
13.08.2015 05:26:15.063000	0.0250001	0.0214234	0.0296914	126.75	675.148	0.000542535	6	4	4	4	0.374395	277	62.1774	0	0	0	0.307321	145	0.641682	552.72	1	1	1	1	1	1	1	0
13.08.2015 05:26:15.163000	0.0250001	0.0214234	0.0296914	126.75	675.133	0.00108507	6	4	4	4	0.379499	277	62.1774	0	0	0	0.308131	144.98	0.643574	552.634	1	1	1	1	1	1	1	0
13.08.2015 05:26:15.263000	0.0250001	0.0214234	0.0296914	126.75	675.125	0.00108507	6	4	4	4	0.395159	277	62.1774	0	0	0	0.308073	144.959	0.643818	552.555	1	1	1	1	1	1	1	0
13.08.2015 05:26:15.363000	0.0250001	0.0214234	0.0296914	126.75	675.109	0.00072338	6	4	4	4	0.369688	277	62.1774	0	0	0	0.308854	144.939	0.642349	552.485	1	1	1	1	1	1	1	0
13.08.2015 05:26:15.463000	0.0250001	0.0214234	0.0296914	126.75	675.105	0.00108507	6	4	4	4	0.380218	277	62.1774	0	0	0	0.308507	144.918	0.645589	552.392	1	1	1	1	1	1	1	0
13.08.2015 05:26:15.563000	0.0250001	0.0214234	0.0296914	126.75	675.07	0.00036169	6	4	4	4	0.403183	277	62.1774	0	0	0	0.30842	144.896	0.64346	552.318	1	1	1	1	1	1	1	0
13.08.2015 05:26:15.663000	0.0250001	0.0214234	0.0296914	126.75	675.066	0.0016276	6	4	4	4	0.387609	277	62.1774	0	0	0	0.309346	144.878	0.643745	552.246	1	1	1	1	1	1	1	0
13.08.2015 05:26:15.763000	0.0250001	0.0214234	0.0296914	126.75	675.057	0.00072338	6	4	4	4	0.377556	277	62.1774	0	0	0	0.308709	144.857	0.645078	552.163	1	1	1	1	1	1	1	0
13.08.2015 05:26:15.863000	0.0250001	0.0214234	0.0296914	126.75	675.047	0.00108507	6	4	4	4	0.388957	277	62.1774	0	0	0	0.309172	144.837	0.644602	552.084	1	1	1	1	1	1	1	0
13.08.2015 05:26:15.963000	0.0250001	0.0214234	0.0296914	126.753	675.049	0.00036169	6	4	4	4	0.378758	277	62.1774	0	0	0	0.308304	144.815	0.64626	551.995	1	1	1	1	1	1	1	0
13.08.2015 05:26:16.063000	0.0250001	0.0214234	0.0296914	126.75	675.051	0.000542535	6	4	4	4	0.335043	277	62.1774	0	0	0	0.309172	144.798	0.645313	551.891	1	1	1	1	1	1	1	0
13.08.2015 05:26:16.163000	0.0250001	0.0214234	0.0296914	126.75	675.052	0	6	4	4	4	0.334081	277	62.1774	0	0	0	0.308304	144.78	0.643574	551.87	1	1	1	1	1	1	1	0
13.08.2015 05:26:16.263000	0.0250001	0.0214234	0.0296914	126.75	675.063	0.00108507	6	4	4	4	0.362365	277	62.1774	0	0	0	0.308702	144.759	0.646016	551.78	1	1	1	1	1	1	1	0
13.08.2015 05:26:16.363000	0.0250001	0.0214234	0.0296914	126.75	675.042	0.00108507	6	4	4	4	0.31772	277	62.1774	0	0	0	0.308521	144.735	0.644978	551.693	1	1	1	1	1	1	1	0
13.08.2015 05:26:16.463000	0.0250001	0.0214234	0.0296914	126.75	675.047	0.000542535	6	4	4	4	0.357707	277	62.1774	0	0	0	0.309245	144.716	0.641255	551.635	1	1	1	1	1	1	1	0
13.08.2015 05:26:16.563000	0.0250001	0.0214234	0.0296914	126.753	675.029	0.00180845	6	4	4	4	0.392941	277	62.1774	0	0	0	0.308521	144.697	0.643086	551.554	1	1	1	1	1	1	1	0
13.08.2015 05:26:16.663000	0.0250001	0.0214234	0.0296914	126.75	675.027	0.00271267	6	4	4	4	0.388673	277	62.1774	0	0	0	0.309426	144.678	0.646565	551.466	1	1	1	1	1	1	1	0
13.08.2015 05:26:16.763000	0.0250001	0.0214234	0.0296914	126.75	675.023	0	6	4	4	4	1.#QNAN	1.#QNAN	1.#QNAN	1.#QNAN	1.#QNAN	1.#QNAN	1.#QNAN	1.#QNAN	1.#QNAN	1.#QNAN	1.#QNAN	1.#QNAN	1.#QNAN	1.#QNAN	1.#QNAN	1.#QNAN	1.#QNAN	1.#QNAN
