Time	[76:0]	[76:1]	[76:2]	[76:4]	[76:8]	[76:70]	[76:71]	[78:0]	[78:1]	[78:2]	[79:2]	[79:3]	[79:4]	[79:8]	[79:9]	[79:10]	[79:11]	[79:12]	[79:13]	[79:14]	[79.0]	[79.1]	[79.2]	[79.3]	[79.4]	[79.5]	[79.6]	[79.8]
time	Hoogteverstelling - Referentie positie (mm)	Hoogteverstelling - AZ gemeten positie (mm)	Hoogteverstelling - BZ gemeten positie (mm)	Transfert Ingang - Gemeten positie (mm)	Transfert Uitgang - Gemeten positie (mm)	Aardgas - actueel debiet	Stappenschakelaar - gemeten pos	Laspos Ing - positie discreet	Laspos Uitg - positie discreet	Schaafverstelling - positie discreet	Stuikraam - Totale Stroommeting RMS-waarde (A)	Stuikraam - Stroomreferentie (A)	Stuikraam - Positie AZ (mm, pulsgever)	Stuikraam - Referentie Servo-ventiel (%)	Stuikraam - Trim door I-regelaar (%)	Stuikraam - Gemeten snelheid (mm/s, pulsgever)	Secundaire lasspanning	Stuikraam - Druk stuikcilinder voorkamer (=laszijde)  (bar)	Stuikraam - Druk stuikcilinder terugloopkamer  (bar)	Stuikraam - Netto voorwaartse kracht op stuikraam (kN)	Stuikraam - P1	Stuikraam - P2	Stuikraam - P3	Stuikraam - P4	Stuikraam - P5	Stuikraam - P6	Stuikraam - P7	Stuikraam - Openen stuikventielen	

Lasparameter.Ingang - Coil ID	0322012S
Lasparameter.Ingang - Dikte (um)	3060
Lasparameter.Ingang - Breedte (mm)	1588
Lasparameter.Ingang - Materiaal	0001
Lasparameter.Uitgang - Coil ID	0321811S
Lasparameter.Uitgang - Dikte (um)	3450
Lasparameter.Uitgang - Breedte (mm)	1596
Lasparameter.Uitgang - Materiaal	0001
Lasparameter.P2 (mm)	32.0
Lasparameter.P3 (mm)	42.0
Lasparameter.P4 (mm)	50.1
Lasparameter.P5 (mm)	56.8
Lasparameter.P6 (mm)	62.6
Lasparameter.P7 (mm)	66.1
Lasparameter.Vonksnelheid (mm/s)	1.20
Lasparameter.Lassnelheid (mm/s)	0.48
Lasparameter.Stroom Referentie (A)	0318
Lasparameter.Stroomtoename (µA/s2)	54.0
Lasparameter.Stuikstroomtijd (per)	0007
Lasparameter.Afkoeltijd Stuik (per)	0010
Lasparameter.Stuikdruk (bar)	0104
Lasparameter.Stuiksnelheid (%)	90.0

08.08.2015 22:19:04.595000	0.195	0.1888	0.202433	0	-666.961	0.00271267	6	3	3	3	0.252672	318	0	0	0	0	0.407697	4.3639	129.458	-478.96	1	0	0	0	0	0	0	0
08.08.2015 22:19:04.695000	0.195	0.1888	0.202433	0	-666.965	0.00271267	6	3	3	3	0.257062	318	0	0	0	0	0.408413	4.15583	129.448	-479.718	1	0	0	0	0	0	0	0
08.08.2015 22:19:04.795000	0.195	0.1888	0.202433	0	-666.966	0.00144676	6	3	3	3	0.258987	318	0	0	0	0	0.408427	5.05545	129.454	-476.298	1	0	0	0	0	0	0	0
08.08.2015 22:19:04.895000	0.195	0.1888	0.202433	0	-666.961	0.000542535	6	3	3	3	0.318243	318	0	0	0	0	0.408138	3.96423	129.41	-480.307	1	0	0	0	0	0	0	0
08.08.2015 22:19:04.995000	0.195	0.1888	0.202433	0.00260417	-666.966	0.00072338	6	3	3	3	0.301128	318	0	0	0	0	0.407263	4.41884	129.405	-478.548	1	0	0	0	0	0	0	0
08.08.2015 22:19:05.095000	0.195	0.1888	0.202433	0.015625	-666.957	0.00108507	6	3	3	3	0.286593	318	0	0	0	0	0.407841	5.62011	129.431	-474.047	1	0	0	0	0	0	0	0
08.08.2015 22:19:05.195000	0.195	0.1888	0.202433	0.015625	-666.956	0.00072338	6	3	3	3	0.261609	318	0	0	0	0	0.406691	4.25233	129.383	-479.099	1	0	0	0	0	0	0	0
08.08.2015 22:19:05.295000	0.195	0.1888	0.202433	0.015625	-666.961	0.00108507	6	3	3	3	0.27676	318	0	0	0	0	0.406829	4.16492	129.352	-479.316	1	0	0	0	0	0	0	0
08.08.2015 22:19:05.395000	0.195	0.1888	0.202433	0.015625	-666.958	0.00108507	6	3	3	3	0.273993	318	0	0	0	0	0.407682	5.25724	129.375	-475.222	1	0	0	0	0	0	0	0
08.08.2015 22:19:05.495000	0.195	0.1888	0.202433	0.0117188	-666.953	0.000542535	6	3	3	3	0.256026	318	0	0	0	0	0.408702	6.74947	129.424	-469.696	1	0	0	0	0	0	0	0
08.08.2015 22:19:05.595000	0.195	0.1888	0.202433	0.0104167	-666.951	0.00108507	6	3	3	3	0.278041	318	0	0	0	0	0.408992	3.06687	129.309	-483.354	1	0	0	0	0	0	0	0
08.08.2015 22:19:05.695000	0.195	0.1888	0.202433	0.0117188	-666.957	0.000542535	6	3	3	3	0.294416	318	0	0	0	0	0.409433	3.02463	129.256	-483.314	1	0	0	0	0	0	0	0
08.08.2015 22:19:05.795000	0.195	0.1888	0.202433	0.0234375	-666.948	0.00180845	6	3	3	3	0.279925	318	0	0	0	0	0.410286	6.5237	129.366	-470.338	1	0	0	0	0	0	0	0
08.08.2015 22:19:05.895000	0.195	0.1888	0.202433	0.0195313	-666.953	0.00271267	6	3	3	3	0.284896	318	0	0	0	0	0.409889	4.95407	129.341	-476.254	1	0	0	0	0	0	0	0
08.08.2015 22:19:05.995000	0.195	0.1888	0.202433	0.0208333	-666.953	0.00253183	6	3	3	3	0.279982	318	0	0	0	0	0.409281	4.38734	129.294	-478.244	1	0	0	0	0	0	0	0
08.08.2015 22:19:06.095000	0.195	0.1888	0.202433	0.0234375	-666.953	0.000542535	6	3	3	3	0.270662	318	0	0	0	0	0.409144	5.15744	129.299	-475.314	1	0	0	0	0	0	0	0
08.08.2015 22:19:06.195000	0.195	0.1888	0.202433	0.0234375	-666.953	0.00325521	6	3	3	3	0.262452	318	0	0	0	0	0.409433	5.74572	129.3	-473.063	1	0	0	0	0	0	0	0
08.08.2015 22:19:06.295000	0.195	0.1888	0.202433	0.0234375	-666.949	0.00434028	6	3	3	3	0.268109	318	0	0	0	0	0.409433	5.3079	129.279	-474.659	1	0	0	0	0	0	0	0
08.08.2015 22:19:06.395000	0.195	0.1888	0.202433	0.0234375	-666.953	0.00578704	6	3	3	3	0.289261	318	0	0	0	0	0.409722	5.58818	129.259	-473.509	1	0	0	0	0	0	0	0
08.08.2015 22:19:06.495000	0.195	0.1888	0.202433	0.0234375	-666.953	0.00596788	6	3	3	3	0.299331	318	0	0	0	0	0.409281	4.82107	129.226	-476.32	1	0	0	0	0	0	0	0
08.08.2015 22:19:06.595000	0.195	0.1888	0.202433	0.0208333	-666.951	0.00795718	6	3	3	3	0.305484	318	0	0	0	0	0.409874	4.94467	129.211	-475.79	1	0	0	0	0	0	0	0
08.08.2015 22:19:06.695000	0.195	0.1888	0.202433	0.0195313	-666.957	0.00868056	6	3	3	3	0.283459	318	0	0	0	0	0.408992	2.72158	129.104	-483.895	1	0	0	0	0	0	0	0
08.08.2015 22:19:06.795000	0.195	0.1888	0.202433	0.15625	-666.953	0.010489	6	3	3	3	0.289014	318	0	0	0	0	0.409303	3.76592	129.112	-479.925	1	0	0	0	0	0	0	0
08.08.2015 22:19:06.895000	0.195	0.1888	0.202433	0.894531	-666.953	0.0103082	6	3	3	3	0.272044	318	0	0	0	0	0.409563	4.70876	129.133	-476.397	1	0	0	0	0	0	0	0
08.08.2015 22:19:06.995000	0.195	0.1888	0.202433	7.23698	-666.953	0.0101273	6	3	3	3	0.252136	318	0	0	0	0	0.409585	4.88559	129.12	-475.668	1	0	0	0	0	0	0	0
08.08.2015 22:19:07.095000	0.195	0.1888	0.202433	22.8438	-666.953	0.00922309	6	3	3	3	0.265098	318	0	0	0	0	0.408717	4.75234	129.103	-476.115	1	0	0	0	0	0	0	0
08.08.2015 22:19:07.195000	0.195	0.1888	0.202433	45.4714	-666.953	0.00868056	6	3	3	3	0.265983	318	0	0	0	0	0.408138	4.40034	129.082	-477.38	1	0	0	0	0	0	0	0
08.08.2015 22:19:07.295000	0.195	0.1888	0.202433	75.6602	-666.953	0.00868056	6	3	3	3	0.302054	318	0	0	0	0	0.407986	5.05136	129.078	-474.873	1	0	0	0	0	0	0	0
08.08.2015 22:19:07.395000	0.195	0.1888	0.202433	104.536	-666.953	0.00831887	6	3	3	3	0.292122	318	0	0	0	0	0.407415	4.42744	129.049	-477.152	1	0	0	0	0	0	0	0
08.08.2015 22:19:07.495000	0.195	0.1888	0.202433	137.895	-666.953	0.00705295	6	3	3	3	0.289004	318	0	0	0	0	0.407263	4.12745	129.028	-478.218	1	0	0	0	0	0	0	0
08.08.2015 22:19:07.595000	0.195	0.1888	0.202433	187.997	-666.953	0.00614873	6	3	3	3	0.271677	318	0	0	0	0	0.406691	5.09012	129.034	-474.556	1	0	0	0	0	0	0	0
08.08.2015 22:19:07.695000	0.195	0.1888	0.202433	236.121	-666.953	0.00651042	6	3	3	3	0.281172	318	0	0	0	0	0.407256	4.73214	129.012	-475.841	1	0	0	0	0	0	0	0
08.08.2015 22:19:07.795000	0.195	0.1888	0.202433	279.273	-666.953	0.00614873	6	3	3	3	0.278808	318	0	0	0	0	0.407263	4.39137	128.986	-477.046	1	0	0	0	0	0	0	0
08.08.2015 22:19:07.895000	0.195	0.1888	0.202433	321.91	-666.953	0.00596788	6	3	3	3	0.2617	318	0	0	0	0	0.410677	4.72799	128.974	-475.713	1	0	0	0	0	0	0	0
08.08.2015 22:19:07.995000	0.195	0.1888	0.202433	376.167	-666.953	0.0036169	6	3	3	3	0.242825	318	0	0	0	0	0.415039	4.65712	128.958	-475.923	1	0	0	0	0	0	0	0
08.08.2015 22:19:08.095000	0.195	0.1888	0.202433	424.938	-666.953	0.00217014	6	3	3	3	0.274289	318	0	0	0	0	0.418236	4.47792	128.936	-476.526	1	0	0	0	0	0	0	0
08.08.2015 22:19:08.195000	0.195	0.1888	0.202433	464.068	-666.958	0.0036169	6	3	3	3	0.257719	318	0	0	0	0	0.420544	4.47865	128.921	-476.463	1	0	0	0	0	0	0	0
08.08.2015 22:19:08.295000	0.195	0.1888	0.202433	492.754	-666.961	0.00108507	6	3	3	3	0.281133	318	0	0	0	0	0.423163	4.29701	128.902	-477.089	1	0	0	0	0	0	0	0
08.08.2015 22:19:08.395000	0.195	0.1888	0.202433	514.38	-666.961	0.00072338	6	3	3	3	0.273201	318	0	0	0	0	0.424884	4.4753	128.889	-476.354	1	0	0	0	0	0	0	0
08.08.2015 22:19:08.495000	0.195	0.1888	0.202433	529.691	-666.961	0.000542535	6	3	3	3	0.275043	318	0	0	0	0	0.426924	4.53719	128.875	-476.064	1	0	0	0	0	0	0	0
08.08.2015 22:19:08.595000	0.195	0.1888	0.202433	546.021	-666.961	0.00180845	6	3	3	3	0.269907	318	0	0	0	0	0.427807	4.49043	128.859	-476.183	1	0	0	0	0	0	0	0
08.08.2015 22:19:08.695000	0.195	0.1888	0.202433	564.773	-666.961	0.00108507	6	3	3	3	0.282032	318	0	0	0	0	0.426512	4.48158	128.841	-476.147	1	0	0	0	0	0	0	0
08.08.2015 22:19:08.795000	0.195	0.1888	0.202433	583.763	-666.961	0	6	3	3	3	0.271369	318	0	0	0	0	0.426512	4.53523	128.826	-475.884	1	0	0	0	0	0	0	0
08.08.2015 22:19:08.895000	0.195	0.1888	0.202433	598.57	-666.961	0.000542535	6	3	3	3	0.291669	318	0	0	0	0	0.425354	4.50117	128.808	-475.947	1	0	0	0	0	0	0	0
08.08.2015 22:19:08.995000	0.195	0.1888	0.202433	613.214	-666.961	0.00072338	6	3	3	3	0.32566	318	0	0	0	0	0.424494	4.47072	128.788	-475.988	1	0	0	0	0	0	0	0
08.08.2015 22:19:09.095000	0.195	0.1888	0.202433	633.641	-666.969	0.000542535	6	3	3	3	0.318496	318	0	0	0	0	0.423474	4.47633	128.775	-475.915	1	0	0	0	0	0	0	0
08.08.2015 22:19:09.195000	0.195	0.1888	0.202433	647.375	-666.969	0.00253183	6	3	3	3	0.28305	318	0	0	0	0	0.422895	4.48689	128.76	-475.816	1	0	0	0	0	0	0	0
08.08.2015 22:19:09.295000	0.195	0.1888	0.202433	660.543	-666.969	0.00271267	6	3	3	3	0.270137	318	0	0	0	0	0.422454	4.46651	128.742	-475.827	1	0	0	0	0	0	0	0
08.08.2015 22:19:09.395000	0.195	0.1888	0.202433	674.234	-666.969	0.00325521	6	3	3	3	0.256061	318	0	0	0	0	0.422172	4.43965	128.725	-475.862	1	0	0	0	0	0	0	0
08.08.2015 22:19:09.495000	0.195	0.1888	0.202433	688.074	-666.969	0.00271267	6	3	3	3	0.282608	318	0	0	0	0	0.42173	4.43873	128.711	-475.815	1	0	0	0	0	0	0	0
08.08.2015 22:19:09.595000	0.195	0.1888	0.202433	696.935	-666.969	0.00325521	6	3	3	3	0.285847	318	0	0	0	0	0.420305	4.41011	128.695	-475.862	1	0	0	0	0	0	0	0
08.08.2015 22:19:09.695000	0.195	0.1888	0.202433	703.262	-666.969	0.00271267	6	3	3	3	0.321539	318	0	0	0	0	0.418844	4.3694	128.678	-475.952	1	0	0	0	0	0	0	0
08.08.2015 22:19:09.795000	0.195	0.1888	0.202433	706.125	-666.969	0.00289352	6	3	3	3	0.294485	318	0	0	0	0	0.418265	4.32777	128.662	-476.051	1	0	0	0	0	0	0	0
08.08.2015 22:19:09.895000	0.195	0.1888	0.202433	707.008	-666.969	0.0016276	6	3	3	3	0.272352	318	0	0	0	0	0.417976	4.4427	128.648	-475.558	1	0	0	0	0	0	0	0
08.08.2015 22:19:09.995000	0.195	0.1888	0.202433	707.125	-666.969	0.00036169	6	3	3	3	0.262753	318	0	0	0	0	0.416247	4.40065	128.631	-475.654	1	0	0	0	0	0	0	0
08.08.2015 22:19:10.095000	0.195	0.1888	0.202433	707.125	-666.969	0.00271267	6	3	3	3	0.263567	318	0	0	0	0	0.415668	4.43794	128.618	-475.459	1	0	0	0	0	0	0	0
08.08.2015 22:19:10.195000	0.195	0.1888	0.202433	707.125	-666.971	0.00325521	6	3	3	3	0.271766	318	0	0	0	0	0.414779	4.88095	128.616	-473.756	1	0	0	0	0	0	0	0
08.08.2015 22:19:10.295000	0.195	0.1888	0.202433	707.125	-666.969	0.0016276	6	3	3	3	0.260531	318	0	0	0	0	0.414793	4.81491	128.601	-473.952	1	0	0	0	0	0	0	0
08.08.2015 22:19:10.395000	0.195	0.1888	0.202433	707.125	-666.969	0.00614873	6	3	3	3	0.292894	318	0	0	0	0	0.415061	4.48628	128.578	-475.122	1	0	0	0	0	0	0	0
08.08.2015 22:19:10.495000	0.195	0.1888	0.202433	707.125	-666.969	0.00651042	6	3	3	3	0.299522	318	0	0	0	0	0.416659	4.38099	128.558	-475.451	1	0	0	0	0	0	0	0
08.08.2015 22:19:10.595000	0.195	0.1888	0.202433	707.125	-666.971	0.00831887	6	3	3	3	0.292255	318	0	0	0	0	0.418092	4.56996	128.546	-474.681	1	0	0	0	0	0	0	0
08.08.2015 22:19:10.695000	0.195	0.1888	0.202433	707.125	-666.973	0.00813802	6	3	3	3	0.312475	318	0	0	0	0	0.418121	4.45076	128.532	-475.084	1	0	0	0	0	0	0	0
08.08.2015 22:19:10.795000	0.195	0.1888	0.202433	707.128	-666.974	0.00614873	6	3	3	3	0.263183	318	0	0	0	0	0.418685	4.49123	128.605	-475.208	1	0	0	0	0	0	0	0
08.08.2015 22:19:10.895000	0.195	0.1888	0.202433	707.125	-666.977	0.00651042	6	3	3	3	0.268754	318	0	0	0	0	0.417831	4.61531	128.774	-475.378	1	0	0	0	0	0	0	0
08.08.2015 22:19:10.995000	0.195	0.1888	0.202433	707.125	-666.977	0.00614873	6	3	3	3	0.245751	318	0	0	0	0	0.417831	4.55873	128.919	-476.149	1	0	0	0	0	0	0	0
08.08.2015 22:19:11.095000	0.195	0.1888	0.202433	707.125	-666.977	0.00651042	6	3	3	3	0.281186	318	0	0	0	0	0.416247	4.53005	129.044	-476.74	1	0	0	0	0	0	0	0
08.08.2015 22:19:11.195000	0.195	0.1888	0.202433	707.125	-666.977	0.00614873	6	3	3	3	0.28539	318	0	0	0	0	0.416233	4.54311	129.167	-477.161	1	0	0	0	0	0	0	0
08.08.2015 22:19:11.295000	0.195	0.1888	0.202433	707.129	-666.977	0.00542535	6	3	3	3	0.310636	318	0	0	0	0	0.415791	4.55361	129.444	-478.182	1	0	0	0	0	0	0	0
08.08.2015 22:19:11.395000	0.195	0.1888	0.202433	707.125	-666.977	0.0036169	6	3	3	3	0.305438	318	0	0	0	0	0.416385	4.55751	129.983	-480.228	1	0	0	0	0	0	0	0
08.08.2015 22:19:11.495000	0.195	0.1888	0.202433	707.125	-666.977	0.00325521	6	3	3	3	0.31124	318	0	0	0	0	0.417224	4.49654	129.997	-480.518	1	0	0	0	0	0	0	0
08.08.2015 22:19:11.595000	0.195	0.1888	0.202433	707.138	-666.977	0.00253183	6	3	3	3	0.286144	318	0	0	0	0	0.417831	3.786	130.019	-483.322	1	0	0	0	0	0	0	0
08.08.2015 22:19:11.695000	0.195	0.1888	0.202433	707.141	-666.984	0	6	3	3	3	0.257445	318	0	0	0	0	0.418244	4.52516	128.178	-473.444	1	0	0	0	0	0	0	0
08.08.2015 22:19:11.795000	0.195	0.1888	0.202433	707.141	-666.984	0.00108507	6	3	3	3	0.242497	318	0	0	0	0	0.417983	5.20829	129.922	-477.503	1	0	0	0	0	0	0	0
08.08.2015 22:19:11.895000	0.195	0.1888	0.202433	707.152	-666.984	0.000542535	6	3	3	3	0.263756	318	0	0	0	0	0.41739	5.84631	130.475	-477.178	1	0	0	0	0	0	0	0
08.08.2015 22:19:11.995000	0.195	0.1888	0.202433	707.148	-666.979	0.00289352	6	3	3	3	0.271573	318	0	0	0	0	0.416254	4.83932	130.02	-479.291	1	0	0	0	0	0	0	0
08.08.2015 22:19:12.095000	0.195	0.1888	0.202433	707.148	-666.98	0.0016276	6	3	3	3	0.296218	318	0	0	0	0	0.416088	4.76956	129.649	-478.139	1	0	0	0	0	0	0	0
08.08.2015 22:19:12.195000	0.195	0.1888	0.202433	707.148	-666.979	-0.00036169	6	3	3	3	0.310757	318	0	0	0	0	0.415791	5.38133	129.343	-474.624	1	0	0	0	0	0	0	0
08.08.2015 22:19:12.295000	0.195	0.1888	0.202433	707.148	-666.984	0.00108507	6	3	3	3	0.286793	318	0	0	0	0	0.416095	4.8862	129.169	-475.855	1	0	0	0	0	0	0	0
08.08.2015 22:19:12.395000	0.195	0.1888	0.202433	707.148	-666.984	0.00108507	6	3	3	3	0.283825	318	0	0	0	0	0.415502	4.94601	129.042	-475.138	1	0	0	0	0	0	0	0
08.08.2015 22:19:12.495000	0.195	0.1888	0.202433	707.148	-666.984	0.00108507	6	3	3	3	0.296726	318	0	0	0	0	0.416659	5.20182	129.033	-474.124	1	0	0	0	0	0	0	0
08.08.2015 22:19:12.595000	0.195	0.1888	0.202433	707.148	-666.982	0.00036169	6	3	3	3	0.271942	318	0	0	0	0	0.416667	5.01309	128.974	-474.623	1	0	0	0	0	0	0	0
08.08.2015 22:19:12.695000	0.195	0.1888	0.202433	707.148	-666.98	0.00108507	6	3	3	3	0.258636	318	0	0	0	0	0.417245	4.90414	128.789	-474.332	1	0	0	0	0	0	0	0
08.08.2015 22:19:12.795000	0.195	0.1888	0.202433	707.148	-666.984	0.00072338	6	3	3	3	0.270854	318	0	0	0	0	0.417231	4.85159	128.612	-473.853	1	0	0	0	0	0	0	0
08.08.2015 22:19:12.895000	0.195	0.1888	0.202433	707.148	-666.984	0.00108507	6	3	3	3	0.278047	318	0	0	0	0	0.417839	4.31062	128.653	-476.081	1	0	0	0	0	0	0	0
08.08.2015 22:19:12.995000	0.195	0.1888	0.202433	707.146	-666.984	0.00072338	6	3	3	3	0.296527	318	0	0	0	0	0.416949	8.93564	120.315	-426.448	1	0	0	0	0	0	0	0
08.08.2015 22:19:13.095000	0.195	0.1888	0.202433	706.809	-666.984	0.0016276	6	3	3	3	0.30431	318	0.170615	0	0	1.66124	0.416963	87.7701	99.2469	-43.9423	1	0	0	0	0	0	0	0
08.08.2015 22:19:13.195000	0.195	0.1888	0.202433	701.763	-666.977	0.00036169	6	3	3	3	0.280491	318	2.06429	0	0	28.1781	0.41752	114.55	85.129	112.638	1	0	0	0	0	0	0	0
08.08.2015 22:19:13.295000	0.195	0.1888	0.202433	688.668	-666.977	0.00108507	6	3	3	3	0.267181	318	5.37262	0	0	34.3323	0.419256	111.543	85.3694	100.213	1	0	0	0	0	0	0	0
08.08.2015 22:19:13.395000	0.195	0.1888	0.202433	672.685	-666.979	0.00036169	6	3	3	3	0.262579	318	8.79834	0	0	34.5984	0.421832	113.436	86.9635	101.359	1	0	0	0	0	0	0	0
08.08.2015 22:19:13.495000	0.195	0.1888	0.202433	647.184	-666.984	0.000542535	6	3	3	3	0.270192	318	12.2808	0	0	35.1081	0.424602	116.624	90.5907	99.6757	1	0	0	0	0	0	0	0
08.08.2015 22:19:13.595000	0.195	0.1888	0.202433	616.555	-666.984	0.00144676	6	3	3	3	0.259312	318	15.7419	0	0	34.5538	0.426924	119.759	94.0791	98.3605	1	0	0	0	0	0	0	0
08.08.2015 22:19:13.695000	0.195	0.1888	0.202433	587.68	-666.984	0.00217014	6	3	3	3	0.277891	318	19.1578	0	0	34.2851	0.428082	120.854	95.1219	98.51	1	0	0	0	0	0	0	0
08.08.2015 22:19:13.795000	0.195	0.1888	0.202433	553.701	-666.984	0.00217014	6	3	3	3	0.279096	318	22.5749	0	0	34.12	0.429536	120.831	95.3135	97.7014	1	0	0	0	0	0	0	0
08.08.2015 22:19:13.895000	0.195	0.1888	0.202433	499.672	-666.984	0.00325521	6	3	3	3	0.301779	318	25.9583	0	0	33.8824	0.430122	120.692	95.2216	97.5198	1	0	0	0	0	0	0	0
08.08.2015 22:19:13.995000	0.195	0.1888	0.202433	459.596	-666.984	0.00289352	6	3	3	3	0.295195	318	29.3572	0	0	34.3384	0.4307	120.942	95.6169	96.9653	1	0	0	0	0	0	0	0
08.08.2015 22:19:14.095000	0.195	0.1888	0.202433	421.773	-666.984	0.00271267	6	3	3	3	0.278985	318	32.957	30.5	0	41.6189	0.430411	118.355	89.4685	110.595	1	0.72	0	0	0	0	0	0
08.08.2015 22:19:14.195000	0.195	0.1888	0.202433	381.51	-666.99	0.00144676	6	3	3	3	0.264593	318	37.3343	50	0	39.0438	0.430411	107.078	86.3051	79.551	1	1	0	0	0	0	0	0
08.08.2015 22:19:14.295000	0.195	0.1888	0.202433	338.57	-667	0.00271267	6	3	3	3	0.26921	318	39.7089	47.372	0	16.3654	0.4307	85.4385	63.3341	84.6332	1	1	0	0	0	0	0	0
08.08.2015 22:19:14.395000	0.195	0.1888	0.202433	306.922	-667.008	0.00434028	6	3	3	3	0.254227	318	40.855	37.7502	0	10.6929	0.430122	61.9718	37.6742	93.0305	1	1	0	0	0	0	0	0
08.08.2015 22:19:14.495000	0.195	0.1888	0.202433	277.629	-667.023	0.00488281	6	3	3	3	0.289757	318	41.6922	27.7503	0	8.10181	0.430122	52.6217	28.0309	94.1532	1	1	0	0	0	0	0	0
08.08.2015 22:19:14.595000	0.195	0.1888	0.202433	246.94	-667.013	0.00434028	6	3	3	3	58.9944	318	42.2299	11.386	0	5.71782	0.614439	47.4536	23.5456	91.539	1	1	1	0	0	0	0	0
08.08.2015 22:19:14.695000	0.195	0.1888	0.202433	227.039	-667.016	0.00596788	6	3	3	3	91.7769	318	42.4109	5.22788	0	3.03271	6.80787	46.5125	21.292	96.5645	1	1	1	0	0	0	0	0
08.08.2015 22:19:14.795000	0.195	0.1888	0.202433	210.378	-667.016	0.00289352	6	3	3	3	92.2752	318	42.5422	5.22788	0	2.27875	10.2491	46.4701	20.3382	100.054	1	1	1	0	0	0	0	0
08.08.2015 22:19:14.895000	0.195	0.1888	0.202433	192.129	-667.016	0.000542535	6	3	3	3	92.5741	318	42.677	5.22788	0	1.55437	11.4348	43.7023	19.6791	91.98	1	1	1	0	0	0	0	0
08.08.2015 22:19:14.995000	0.195	0.1888	0.202433	168.568	-667.021	0.00108507	6	3	3	3	91.8327	318	42.8004	5.22788	0	1.39609	11.6043	44.4981	19.0735	97.3457	1	1	1	0	0	0	0	0
08.08.2015 22:19:15.095000	0.195	0.1888	0.202433	151.762	-667.023	0.00108507	6	3	3	3	91.6892	318	42.9258	5.22788	0	1.23134	11.6885	44.7257	18.6295	99.9169	1	1	1	0	0	0	0	0
08.08.2015 22:19:15.195000	0.195	0.1888	0.202433	140.01	-667.021	0.00072338	6	3	3	3	91.8319	318	43.0451	5.22788	0	1.23413	11.7105	43.3652	18.326	95.8702	1	1	1	0	0	0	0	0
08.08.2015 22:19:15.295000	0.195	0.1888	0.202433	133.043	-667.023	0.0016276	6	3	3	3	91.799	318	43.171	5.22788	0	1.23716	11.73	41.8969	18.1052	91.0936	1	1	1	0	0	0	0	0
08.08.2015 22:19:15.395000	0.195	0.1888	0.202433	126.977	-667.023	0.00325521	6	3	3	3	91.6935	318	43.2869	5.22788	0	1.21711	11.7358	42.1561	17.9198	92.7961	1	1	1	0	0	0	0	0
08.08.2015 22:19:15.495000	0.195	0.1888	0.202433	123.602	-667.023	0.00325521	6	3	3	3	91.7859	318	43.4132	5.22788	0	1.1844	11.7373	42.5242	17.8591	94.4378	1	1	1	0	0	0	0	0
08.08.2015 22:19:15.595000	0.195	0.1888	0.202433	125.039	-667.029	0.00289352	6	3	3	3	91.7199	318	43.5291	5.22788	0	1.19389	11.748	42.8037	17.7548	95.9073	1	1	1	0	0	0	0	0
08.08.2015 22:19:15.695000	0.195	0.1888	0.202433	126.461	-667.027	0.00217014	6	3	3	3	91.3991	318	43.652	5.22788	0	1.21318	11.7484	42.758	17.6584	96.101	1	1	1	0	0	0	0	0
08.08.2015 22:19:15.795000	0.195	0.1888	0.202433	126.404	-667.034	0.00144676	6	3	3	3	91.2233	318	43.7709	5.22788	0	1.21014	11.7389	42.5169	17.5959	95.4175	1	1	1	0	0	0	0	0
08.08.2015 22:19:15.895000	0.195	0.1888	0.202433	126.438	-667.039	0.00108507	6	3	3	3	91.1468	318	43.8888	5.22788	0	1.2015	11.7235	42.6532	17.5652	96.0569	1	1	1	0	0	0	0	0
08.08.2015 22:19:15.995000	0.195	0.1888	0.202433	126.445	-667.039	0	6	3	3	3	90.9789	318	44.0116	5.22788	0	1.20396	11.7131	42.316	17.5365	94.8755	1	1	1	0	0	0	0	0
08.08.2015 22:19:16.095000	0.195	0.1888	0.202433	126.441	-667.039	0	6	3	3	3	91.1713	318	44.1275	5.22788	0	1.2132	11.7173	42.3668	17.5011	95.2057	1	1	1	0	0	0	0	0
08.08.2015 22:19:16.195000	0.195	0.1888	0.202433	126.445	-667.039	0.00253183	6	3	3	3	91.2009	318	44.2489	5.22788	0	1.20975	11.7188	42.6317	17.4996	96.2256	1	1	1	0	0	0	0	0
08.08.2015 22:19:16.295000	0.195	0.1888	0.202433	126.441	-667.039	0.000542535	6	3	3	3	91.1214	318	44.3668	5.22788	0	1.17868	11.7227	42.5155	17.4966	95.7926	1	1	1	0	0	0	0	0
08.08.2015 22:19:16.395000	0.195	0.1888	0.202433	126.445	-667.042	0.00289352	6	3	3	3	91.2673	318	44.4797	5.22788	0	1.17868	11.7134	42.3253	17.4918	95.0826	1	1	1	0	0	0	0	0
08.08.2015 22:19:16.495000	0.195	0.1888	0.202433	126.445	-667.047	0.00379774	6	3	3	3	91.3415	318	44.6006	5.22788	0	1.16799	11.7161	42.3018	17.4969	94.973	1	1	1	0	0	0	0	0
08.08.2015 22:19:16.595000	0.195	0.1888	0.202433	126.445	-667.047	0.00253183	6	3	3	3	91.3798	318	44.7165	5.22788	0	1.16766	11.7127	42.4702	17.4913	95.6395	1	1	1	0	0	0	0	0
08.08.2015 22:19:16.695000	0.195	0.1888	0.202433	126.445	-667.051	0.000542535	6	3	3	3	91.4754	318	44.8324	5.22788	0	1.18217	11.713	42.3258	17.4897	95.0924	1	1	1	0	0	0	0	0
08.08.2015 22:19:16.795000	0.195	0.1888	0.202433	126.445	-667.055	0.00108507	6	3	3	3	91.4079	318	44.9557	5.22788	0	1.18434	11.7138	42.3692	17.4809	95.2924	1	1	1	0	0	0	0	0
08.08.2015 22:19:16.895000	0.195	0.1888	0.202433	126.445	-667.055	0	6	3	3	3	91.3946	318	45.0696	5.22788	0	1.17598	11.7057	42.5713	17.4836	96.0557	1	1	1	0	0	0	0	0
08.08.2015 22:19:16.995000	0.195	0.1888	0.202433	126.445	-667.055	0	6	3	3	3	91.4439	318	45.192	5.22788	0	1.17319	11.7069	42.3275	17.4874	95.1081	1	1	1	0	0	0	0	0
08.08.2015 22:19:17.095000	0.195	0.1888	0.202433	126.445	-667.055	-0.000542535	6	3	3	3	91.3923	318	45.3109	5.22788	0	1.1843	11.7091	42.1262	17.4939	94.3121	1	1	1	0	0	0	0	0
08.08.2015 22:19:17.195000	0.195	0.1888	0.202433	126.445	-667.055	-0.00144676	6	3	3	3	91.5656	318	45.4308	5.22788	0	1.19002	11.7143	42.5086	17.5093	95.7171	1	1	1	0	0	0	0	0
08.08.2015 22:19:17.295000	0.195	0.1888	0.202433	126.445	-667.055	-0.0016276	6	3	3	3	91.5471	318	45.5561	5.22788	0	1.20807	11.7164	42.3379	17.5134	95.0482	1	1	1	0	0	0	0	0
08.08.2015 22:19:17.395000	0.195	0.1888	0.202433	126.445	-667.057	-0.00180845	6	3	3	3	91.5638	318	45.6705	5.22788	0	1.21913	11.719	42.3884	17.5194	95.2184	1	1	1	0	0	0	0	0
08.08.2015 22:19:17.495000	0.195	0.1888	0.202433	126.445	-667.059	-0.00108507	6	3	3	3	91.5744	318	45.7939	5.22788	0	1.20933	11.7221	42.4764	17.526	95.5301	1	1	1	0	0	0	0	0
08.08.2015 22:19:17.595000	0.195	0.1888	0.202433	126.445	-667.06	0	6	3	3	3	91.5369	318	45.9103	5.22788	0	1.20131	11.7241	42.5	17.5317	95.5986	1	1	1	0	0	0	0	0
08.08.2015 22:19:17.695000	0.195	0.1888	0.202433	126.445	-667.063	0.00217014	6	3	3	3	91.4168	318	46.0257	5.22788	0	1.18932	11.7264	42.7417	17.5309	96.5271	1	1	1	0	0	0	0	0
08.08.2015 22:19:17.795000	0.195	0.1888	0.202433	126.445	-667.065	0.00108507	6	3	3	3	91.4832	318	46.146	5.22788	0	1.17343	11.7296	42.5148	17.5389	95.628	1	1	1	0	0	0	0	0
08.08.2015 22:19:17.895000	0.195	0.1888	0.202433	126.445	-667.066	0.00108507	6	3	3	3	111.015	318	46.2609	5.22788	0	1.17168	11.7209	42.5494	17.5511	95.7136	1	1	1	0	0	0	0	0
08.08.2015 22:19:17.995000	0.195	0.1888	0.202433	126.445	-667.068	-0.00108507	6	3	3	3	127.591	318	46.3798	5.22788	0	1.1676	11.6602	42.4407	17.5629	95.2523	1	1	1	0	0	0	0	0
08.08.2015 22:19:18.095000	0.195	0.1888	0.202433	126.445	-667.063	-0.00108507	6	3	3	3	149.67	318	46.5022	5.22788	0	1.1754	11.5414	42.4613	17.5724	95.2948	1	1	1	0	0	0	0	0
08.08.2015 22:19:18.195000	0.195	0.1888	0.202433	126.445	-667.07	-0.00144676	6	3	3	3	193.169	318	46.6181	5.22788	0	1.20152	11.2946	42.5608	17.5716	95.6788	1	1	1	0	0	0	0	0
08.08.2015 22:19:18.295000	0.195	0.1888	0.202433	126.445	-667.07	-0.00108507	6	3	3	3	230.008	318	46.74	5.22788	0	1.19991	10.9363	42.5844	17.5823	95.7281	1	1	1	0	0	0	0	0
08.08.2015 22:19:18.395000	0.195	0.1888	0.202433	126.445	-667.07	-0.00144676	6	3	3	3	374.67	318	46.8578	5.22788	0	1.18997	10.8414	42.3312	17.5784	94.7739	1	1	1	0	0	0	0	0
08.08.2015 22:19:18.495000	0.195	0.1888	0.202433	126.445	-667.07	0.0016276	6	3	3	3	486.199	318	46.9787	5.22788	0	1.19078	10.6816	43.1606	17.6008	97.8634	1	1	1	0	0	0	0	0
08.08.2015 22:19:18.595000	0.195	0.1888	0.202433	126.445	-667.07	0.00289352	6	3	3	3	381.885	318	47.1011	5.22788	0	1.20151	10.67	42.5166	17.6391	95.2511	1	1	1	0	0	0	0	0
08.08.2015 22:19:18.695000	0.195	0.1888	0.202433	126.445	-667.07	0.000542535	6	3	3	3	687.311	318	47.2195	5.22788	0	1.20157	10.6829	42.4136	17.6397	94.8545	1	1	1	0	0	0	0	0
08.08.2015 22:19:18.795000	0.195	0.1888	0.202433	126.445	-667.07	0.00072338	6	3	3	3	547.084	318	47.3428	5.22788	0	1.20737	10.6085	42.1418	17.6565	93.7491	1	1	1	0	0	0	0	0
08.08.2015 22:19:18.895000	0.195	0.1888	0.202433	126.445	-667.07	0.00108507	6	3	3	3	511.225	318	47.4567	5.22788	0	1.20737	10.6615	42.3367	17.6451	94.5392	1	1	1	0	0	0	0	0
08.08.2015 22:19:18.995000	0.195	0.1888	0.202433	126.445	-667.07	0.00144676	6	3	3	3	558.065	318	47.5781	5.22788	0	1.1913	10.6502	42.1853	17.6433	93.9664	1	1	1	0	0	0	0	0
08.08.2015 22:19:19.095000	0.195	0.1888	0.202433	126.445	-667.07	0.00217014	6	3	3	3	1009.01	318	47.695	5.22788	0	1.18991	10.5893	42.7745	17.5984	96.3941	1	1	1	0	0	0	0	0
08.08.2015 22:19:19.195000	0.195	0.1888	0.202433	126.445	-667.07	0.00325521	6	3	3	3	661.243	318	47.8124	5.22788	0	1.18531	10.56	42.705	17.6243	96.0288	1	1	1	0	0	0	0	0
08.08.2015 22:19:19.295000	0.195	0.1888	0.202433	126.445	-667.07	0.00651042	6	3	3	3	882.923	318	47.9372	5.22788	0	1.1843	10.578	42.4393	17.6106	95.0644	1	1	1	0	0	0	0	0
08.08.2015 22:19:19.395000	0.195	0.1888	0.202433	126.445	-667.07	0.00759549	6	3	3	3	670.703	318	48.0536	5.22788	0	1.19274	10.5809	42.6861	17.6344	95.9176	1	1	1	0	0	0	0	0
08.08.2015 22:19:19.495000	0.195	0.1888	0.202433	126.445	-667.07	0.00759549	6	3	3	3	721.741	318	48.177	5.22788	0	1.19571	10.6904	42.4946	17.6348	95.1833	1	1	1	0	0	0	0	0
08.08.2015 22:19:19.595000	0.195	0.1888	0.202433	126.445	-667.07	0.00831887	6	3	3	3	650.306	318	48.2969	5.22788	0	1.19956	10.7037	42.5916	17.6534	95.4834	1	1	1	0	0	0	0	0
08.08.2015 22:19:19.695000	0.195	0.1888	0.202433	126.445	-667.074	0.00759549	6	3	3	3	423.153	318	48.4158	5.22788	0	1.20146	10.9886	42.5034	17.6659	95.098	1	1	1	0	0	0	0	0
08.08.2015 22:19:19.795000	0.195	0.1888	0.202433	126.445	-667.073	0.00651042	6	3	3	3	850.706	318	48.5401	5.22788	0	1.20874	10.8792	42.6018	17.6419	95.5666	1	1	1	0	0	0	0	0
08.08.2015 22:19:19.895000	0.195	0.1888	0.202433	126.445	-667.078	0.00596788	6	3	3	3	530.735	318	48.6565	5.22788	0	1.2132	10.7458	42.2911	17.6614	94.3023	1	1	1	0	0	0	0	0
08.08.2015 22:19:19.995000	0.195	0.1888	0.202433	126.445	-667.073	0.00578704	6	3	3	3	463.556	318	48.7819	5.22788	0	1.21321	10.83	42.7138	17.6677	95.8966	1	1	1	0	0	0	0	0
08.08.2015 22:19:20.095000	0.195	0.1888	0.202433	126.445	-667.07	0.00542535	6	3	3	3	768.389	318	48.8968	5.22788	0	1.21322	10.8027	42.5563	17.6493	95.364	1	1	1	0	0	0	0	0
08.08.2015 22:19:20.195000	0.195	0.1888	0.202433	126.445	-667.076	0.0036169	6	3	3	3	531.841	318	49.0196	5.22788	0	1.20461	10.8139	42.5118	17.6758	95.0919	1	1	1	0	0	0	0	0
08.08.2015 22:19:20.295000	0.195	0.1888	0.202433	126.445	-667.07	0.00488281	6	3	3	3	559.326	318	49.144	5.22788	0	1.19566	10.8942	42.3539	17.6846	94.4537	1	1	1	0	0	0	0	0
08.08.2015 22:19:20.395000	0.195	0.1888	0.202433	126.445	-667.073	0.00253183	6	3	3	3	582.733	318	49.2589	5.22788	0	1.19804	10.9243	42.5095	17.6814	95.0618	1	1	1	0	0	0	0	0
08.08.2015 22:19:20.495000	0.195	0.1888	0.202433	126.445	-667.074	0.00379774	6	3	3	3	532.803	318	49.3842	5.22788	0	1.20132	10.8997	42.3158	17.6942	94.2712	1	1	1	0	0	0	0	0
08.08.2015 22:19:20.595000	0.195	0.1888	0.202433	126.445	-667.076	0.00036169	6	3	3	3	432.64	318	49.4996	5.22788	0	1.20343	11.0181	42.1948	17.7095	93.7496	1	1	1	0	0	0	0	0
08.08.2015 22:19:20.695000	0.195	0.1888	0.202433	126.445	-667.074	0.0016276	6	3	3	3	623.864	318	49.6225	5.22788	0	1.20718	11.0195	42.4315	17.6992	94.6949	1	1	1	0	0	0	0	0
08.08.2015 22:19:20.795000	0.195	0.1888	0.202433	126.445	-667.076	0.00072338	6	3	3	3	598.872	318	49.7414	5.22788	0	1.20557	10.9275	42.849	17.6968	96.3025	1	1	1	0	0	0	0	0
08.08.2015 22:19:20.895000	0.195	0.1888	0.202433	126.445	-667.078	-0.00108507	6	3	3	3	556.788	318	49.8608	5.22788	0	1.20163	10.9077	42.511	17.7045	94.9793	1	1	1	0	0	0	0	0
08.08.2015 22:19:20.995000	0.195	0.1888	0.202433	126.445	-667.078	0.00108507	6	3	3	3	506.131	318	49.9836	5.22788	0	1.20039	10.9172	42.4008	17.6933	94.6002	1	1	1	0	0	0	0	0
08.08.2015 22:19:21.095000	0.195	0.1888	0.202433	126.445	-667.078	0.000542535	6	3	3	3	145.849	318	50.0801	2.51565	0.0235277	1.19571	10.7128	42.4779	17.8749	94.1999	1	1	1	0.8	0	0	0	0
08.08.2015 22:19:21.195000	0.195	0.1888	0.202433	126.445	-667.076	0.00072338	6	3	3	3	57.7027	318	50.1279	2.40028	0.5921	1.19571	9.10084	42.8533	17.9904	95.1952	1	1	1	1	0	0	0	0
08.08.2015 22:19:21.295000	0.195	0.1888	0.202433	126.445	-667.074	0.00108507	6	3	3	3	106.376	318	50.201	3.11546	1.30728	1.19571	8.16826	43.1045	18.2458	95.1791	1	1	1	1	0	0	0	0
08.08.2015 22:19:21.395000	0.195	0.1888	0.202433	126.445	-667.078	0.00108507	6	3	3	3	250.835	318	50.2751	3.5516	1.74342	0.876297	7.81409	43.2231	18.4096	95.0059	1	1	1	1	0	0	0	0
08.08.2015 22:19:21.495000	0.195	0.1888	0.202433	126.445	-667.078	0.00108507	6	3	3	3	403.608	318	50.3632	3.47383	1.66566	0.696626	7.54282	43.3499	18.5145	95.0898	1	1	1	1	0	0	0	0
08.08.2015 22:19:21.595000	0.195	0.1888	0.202433	126.445	-667.078	0.00108507	6	3	3	3	479.333	318	50.4383	3.08886	1.28068	0.696626	7.35012	43.4666	18.619	95.1366	1	1	1	1	0	0	0	0
08.08.2015 22:19:21.695000	0.195	0.1888	0.202433	126.445	-667.078	0.000542535	6	3	3	3	391.807	318	50.5109	2.7075	0.899319	0.735952	7.25159	43.6146	18.7405	95.2378	1	1	1	1	0	0	0	0
08.08.2015 22:19:21.795000	0.195	0.1888	0.202433	126.445	-667.078	0.00072338	6	3	3	3	395.586	318	50.5731	2.52123	0.713051	0.782117	7.26953	43.7632	18.878	95.2808	1	1	1	1	0	0	0	0
08.08.2015 22:19:21.895000	0.195	0.1888	0.202433	126.445	-667.078	0.00108507	6	3	3	3	364.755	318	50.6348	2.32435	0.516177	0.782117	7.29572	43.8898	19.0116	95.2537	1	1	1	1	0	0	0	0
08.08.2015 22:19:21.995000	0.195	0.1888	0.202433	126.445	-667.078	0.00253183	6	3	3	3	369.336	318	50.6974	2.18764	0.379467	0.782117	7.30961	44.0239	19.1323	95.3048	1	1	1	1	0	0	0	0
08.08.2015 22:19:22.095000	0.195	0.1888	0.202433	126.445	-667.078	0.00217014	6	3	3	3	341.919	318	50.7516	2.02268	0.214505	0.726832	7.30454	44.1453	19.2478	95.3275	1	1	1	1	0	0	0	0
08.08.2015 22:19:22.195000	0.195	0.1888	0.202433	126.445	-667.078	0.00289352	6	3	3	3	336.89	318	50.8044	1.99126	0.183086	0.597835	7.34418	44.2631	19.3532	95.3749	1	1	1	1	0	0	0	0
08.08.2015 22:19:22.295000	0.195	0.1888	0.202433	126.445	-667.078	0.00217014	6	3	3	3	290.854	318	50.8566	2.00178	0.193599	0.597835	7.38715	44.3666	19.4465	95.4144	1	1	1	1	0	0	0	0
08.08.2015 22:19:22.395000	0.195	0.1888	0.202433	126.445	-667.078	0.00289352	6	3	3	3	354.021	318	50.9143	1.99819	0.190012	0.597835	7.40133	44.4415	19.5407	95.3404	1	1	1	1	0	0	0	0
08.08.2015 22:19:22.495000	0.195	0.1888	0.202433	126.445	-667.078	0.00217014	6	3	3	3	339.855	318	50.968	1.89946	0.091286	0.597835	7.36733	44.5119	19.6179	95.3139	1	1	1	1	0	0	0	0
08.08.2015 22:19:22.595000	0.195	0.1888	0.202433	126.445	-667.078	7.76102e-011	6	3	3	3	332.543	318	51.0202	1.83331	0.025136	0.557818	7.37949	44.5762	19.6822	95.3144	1	1	1	1	0	0	0	0
08.08.2015 22:19:22.695000	0.195	0.1888	0.202433	126.445	-667.078	0.000542535	6	3	3	3	305.017	318	51.071	1.78269	-0.0254887	0.540668	7.38021	44.6445	19.7483	95.3224	1	1	1	1	0	0	0	0
08.08.2015 22:19:22.795000	0.195	0.1888	0.202433	126.445	-667.078	0.00108507	6	3	3	3	333.412	318	51.1242	1.74883	-0.0593526	0.540668	7.38484	44.7072	19.7983	95.3712	1	1	1	1	0	0	0	0
08.08.2015 22:19:22.895000	0.195	0.1888	0.202433	126.445	-667.078	0.00108507	6	3	3	3	273.007	318	51.1759	1.72488	-0.0832971	0.540668	7.36617	44.7514	19.8472	95.3534	1	1	1	1	0	0	0	0
08.08.2015 22:19:22.995000	0.195	0.1888	0.202433	126.445	-667.078	-0.00072338	6	3	3	3	304.41	318	51.2252	1.74915	-0.0590306	0.540668	7.38585	44.7974	19.8849	95.385	1	1	1	1	0	0	0	0
08.08.2015 22:19:23.095000	0.195	0.1888	0.202433	126.445	-667.078	-0.0016276	6	3	3	3	297.177	318	51.2754	1.78683	-0.02135	0.515806	7.39916	44.8375	19.9291	95.3693	1	1	1	1	0	0	0	0
08.08.2015 22:19:23.195000	0.195	0.1888	0.202433	126.445	-667.078	-0.00144676	6	3	3	3	320.81	318	51.3286	1.82053	0.0123509	0.510714	7.3899	44.8758	19.9661	95.3745	1	1	1	1	0	0	0	0
08.08.2015 22:19:23.295000	0.195	0.1888	0.202433	126.445	-667.078	-0.00108507	6	3	3	3	338.009	318	51.3804	1.83304	0.024864	0.510714	7.36733	44.9038	19.9937	95.3756	1	1	1	1	0	0	0	0
08.08.2015 22:19:23.395000	0.195	0.1888	0.202433	126.448	-667.078	-0.00144676	6	3	3	3	302.866	318	51.4331	1.82557	0.0173889	0.510714	7.37746	44.9209	20.0203	95.3394	1	1	1	1	0	0	0	0
08.08.2015 22:19:23.495000	0.195	0.1888	0.202433	126.445	-667.078	0.00108507	6	3	3	3	297.638	318	51.4878	1.83825	0.0300717	0.512224	7.42405	44.9467	20.0409	95.3593	1	1	1	1	0	0	0	0
08.08.2015 22:19:23.595000	0.195	0.1888	0.202433	126.448	-667.078	0.00036169	6	3	3	3	299.011	318	51.541	1.87223	0.0640501	0.525819	7.41913	44.9557	20.0908	95.1938	1	1	1	1	0	0	0	0
08.08.2015 22:19:23.695000	0.195	0.1888	0.202433	126.445	-667.078	0.000542535	6	3	3	3	324.013	318	51.5933	1.91714	0.108964	0.525819	7.39598	44.9642	20.1032	95.188	1	1	1	1	0	0	0	0
08.08.2015 22:19:23.795000	0.195	0.1888	0.202433	126.445	-667.078	0.00036169	6	3	3	3	363.275	318	51.648	1.92228	0.114103	0.525819	7.37833	44.9649	20.1158	95.1424	1	1	1	1	0	0	0	0
08.08.2015 22:19:23.895000	0.195	0.1888	0.202433	126.445	-667.078	0.000542535	6	3	3	3	311.584	318	51.7042	1.89235	0.0841707	0.525819	7.3792	44.9657	20.1401	95.0522	1	1	1	1	0	0	0	0
08.08.2015 22:19:23.995000	0.195	0.1888	0.202433	126.445	-667.078	0.00289352	6	3	3	3	290.435	318	51.7594	1.88692	0.0787421	0.538148	7.39337	44.9771	20.1498	95.0587	1	1	1	1	0	0	0	0
08.08.2015 22:19:24.095000	0.195	0.1888	0.202433	126.445	-667.078	0.00217014	6	3	3	3	312.655	318	51.8121	1.90728	0.0990981	0.547834	7.40292	44.9874	20.1563	95.0745	1	1	1	1	0	0	0	0
08.08.2015 22:19:24.195000	0.195	0.1888	0.202433	126.445	-667.078	0.00144676	6	3	3	3	330.309	318	51.8659	1.92074	0.112567	0.547834	7.39453	44.9865	20.162	95.0398	1	1	1	1	0	0	0	0
08.08.2015 22:19:24.295000	0.195	0.1888	0.202433	126.449	-667.078	0.00271267	6	3	3	3	343.023	318	51.9221	1.91089	0.102706	0.547834	7.38643	44.9875	20.166	95.0524	1	1	1	1	0	0	0	0
08.08.2015 22:19:24.395000	0.195	0.1888	0.202433	126.445	-667.078	0.00289352	6	3	3	3	312.054	318	51.9768	1.8877	0.0795165	0.547834	7.37641	44.9998	20.1711	95.0764	1	1	1	1	0	0	0	0
08.08.2015 22:19:24.495000	0.195	0.1888	0.202433	126.445	-667.078	0.00108507	6	3	3	3	259.968	318	52.0315	1.89103	0.0828486	0.543122	7.41087	45.0194	20.1799	95.1055	1	1	1	1	0	0	0	0
08.08.2015 22:19:24.595000	0.195	0.1888	0.202433	126.445	-667.078	0.00325521	6	3	3	3	288.599	318	52.0877	1.94155	0.133385	0.543074	7.40951	45.0249	20.1887	95.0929	1	1	1	1	0	0	0	0
08.08.2015 22:19:24.695000	0.195	0.1888	0.202433	126.445	-667.078	0.00488281	6	3	3	3	295.078	318	52.1439	2.01859	0.21043	0.543074	7.44689	45.0171	20.186	95.0732	1	1	1	1	0	0	0	0
08.08.2015 22:19:24.795000	0.195	0.1888	0.202433	126.445	-667.078	0.00434028	6	3	3	3	338.558	318	52.1991	2.07145	0.263274	0.543074	7.43316	45.0151	20.1805	95.0866	1	1	1	1	0	0	0	0
08.08.2015 22:19:24.895000	0.195	0.1888	0.202433	126.445	-667.078	0.00488281	6	3	3	3	271.205	318	52.2563	2.09535	0.287176	0.552463	7.39755	45.007	20.186	95.0349	1	1	1	1	0	0	0	0
08.08.2015 22:19:24.995000	0.195	0.1888	0.202433	126.445	-667.078	0.00325521	6	3	3	3	322.568	318	52.314	2.14481	0.336636	0.560145	7.44418	44.9972	20.1721	95.0501	1	1	1	1	0	0	0	0
08.08.2015 22:19:25.095000	0.195	0.1888	0.202433	126.445	-667.078	0.00271267	6	3	3	3	346.523	318	52.3742	2.17904	0.370858	0.560145	7.42169	44.9806	20.1563	95.0473	1	1	1	1	0	0	0	0
08.08.2015 22:19:25.195000	0.195	0.1888	0.202433	126.445	-667.078	0.00325521	6	3	3	3	359.858	318	52.4384	2.17557	0.367391	0.560145	7.3935	44.979	20.1514	95.0599	1	1	1	1	0	0	0	0
08.08.2015 22:19:25.295000	0.195	0.1888	0.202433	126.445	-667.078	0.00271267	6	3	3	3	305.41	318	52.4981	2.13398	0.325803	0.576809	7.37404	44.9661	20.155	94.9968	1	1	1	1	0	0	0	0
08.08.2015 22:19:25.395000	0.195	0.1888	0.202433	126.445	-667.078	0.00253183	6	3	3	3	263.605	318	52.5563	2.12291	0.314736	0.600788	7.41114	44.9547	20.1618	94.9272	1	1	1	1	0	0	0	0
08.08.2015 22:19:25.495000	0.195	0.1888	0.202433	126.445	-667.078	0.00325521	6	3	3	3	325.758	318	52.6135	2.15903	0.350853	0.600788	7.41824	44.9591	20.1556	94.9676	1	1	1	1	0	0	0	0
08.08.2015 22:19:25.595000	0.195	0.1888	0.202433	126.445	-667.078	0.00289352	6	3	3	3	265.342	318	52.6762	2.19874	0.390566	0.600788	7.42687	44.9536	20.1513	94.9632	1	1	1	1	0	0	0	0
08.08.2015 22:19:25.695000	0.195	0.1888	0.202433	126.445	-667.078	0.00271267	6	3	3	3	349.15	318	52.7413	2.25627	0.448093	0.602092	7.43505	44.9326	20.1432	94.9136	1	1	1	1	0	0	0	0
08.08.2015 22:19:25.795000	0.195	0.1888	0.202433	126.445	-667.078	0.00289352	6	3	3	3	307.57	318	52.8	2.27207	0.463895	0.605134	7.4032	44.9309	20.122	94.9886	1	1	1	1	0	0	0	0
08.08.2015 22:19:25.895000	0.195	0.1888	0.202433	126.445	-667.078	0.0016276	6	3	3	3	320.702	318	52.8602	2.27934	0.471159	0.605134	7.39755	44.9269	20.1149	95.0003	1	1	1	1	0	0	0	0
08.08.2015 22:19:25.995000	0.195	0.1888	0.202433	126.448	-667.078	0.00072338	6	3	3	3	274.851	318	52.9278	2.2957	0.487517	0.605134	7.39102	44.912	20.105	94.9812	1	1	1	1	0	0	0	0
08.08.2015 22:19:26.095000	0.195	0.1888	0.202433	126.445	-667.078	0.00108507	6	3	3	3	339.52	318	52.992	2.32961	0.521432	0.612929	7.41841	44.8986	20.0975	94.9585	1	1	1	1	0	0	0	0
08.08.2015 22:19:26.195000	0.195	0.1888	0.202433	126.445	-667.078	0.00036169	6	3	3	3	283.496	318	53.0527	2.35284	0.544662	0.628062	7.40046	44.8928	20.0904	94.9636	1	1	1	1	0	0	0	0
08.08.2015 22:19:26.295000	0.195	0.1888	0.202433	126.445	-667.078	0.00108507	6	3	3	3	262.043	318	53.1179	2.40042	0.592247	0.628062	7.43051	44.8772	20.0858	94.9213	1	1	1	1	0	0	0	0
08.08.2015 22:19:26.395000	0.195	0.1888	0.202433	126.445	-667.078	0.00036169	6	3	3	3	379.529	318	53.187	2.46766	0.659478	0.628062	7.4382	44.8618	20.0634	94.948	1	1	1	1	0	0	0	0
08.08.2015 22:19:26.495000	0.195	0.1888	0.202433	126.445	-667.078	0.00108507	6	3	3	3	282.31	318	53.2502	2.48242	0.674243	0.641175	7.41097	44.8468	20.0549	94.9232	1	1	1	1	0	0	0	0
08.08.2015 22:19:26.595000	0.195	0.1888	0.202433	126.445	-667.078	0.00325521	6	3	3	3	286.188	318	53.3163	2.50606	0.697878	0.652803	7.43887	44.8239	20.0326	94.9209	1	1	1	1	0	0	0	0
08.08.2015 22:19:26.695000	0.195	0.1888	0.202433	126.445	-667.078	0.00325521	6	3	3	3	252.107	318	53.389	2.57026	0.762087	0.652803	7.44478	44.814	20.0146	94.952	1	1	1	1	0	0	0	0
08.08.2015 22:19:26.795000	0.195	0.1888	0.202433	126.445	-667.078	0	6	3	3	3	328.311	318	53.4511	2.66215	0.853976	0.652803	7.42186	44.7413	20.0045	94.7122	1	1	1	1	0	0	0	0
08.08.2015 22:19:26.895000	0.195	0.1888	0.202433	126.445	-667.078	0.00108507	6	3	3	3	371.003	318	53.5287	2.70958	0.901403	0.683982	7.39295	44.719	19.9852	94.701	1	1	1	1	0	0	0	0
08.08.2015 22:19:26.995000	0.195	0.1888	0.202433	126.445	-667.078	0.00108507	6	3	3	3	314.164	318	53.5979	2.70926	0.901087	0.687065	7.38333	44.6865	19.9574	94.6827	1	1	1	1	0	0	0	0
08.08.2015 22:19:27.095000	0.195	0.1888	0.202433	126.445	-667.078	0.000542535	6	3	3	3	351.951	318	53.6695	2.69621	0.888034	0.687065	7.38239	44.6543	19.9314	94.6589	1	1	1	1	0	0	0	0
08.08.2015 22:19:27.195000	0.195	0.1888	0.202433	126.448	-667.078	0.00217014	6	3	3	3	329.997	318	53.7426	2.65429	0.846117	0.698951	7.39329	44.6339	19.9119	94.6554	1	1	1	1	0	0	0	0
08.08.2015 22:19:27.295000	0.195	0.1888	0.202433	126.445	-667.078	0.00271267	6	3	3	3	267.384	318	53.8063	2.62199	0.813816	0.714707	7.39813	44.6588	19.903	94.7851	1	1	1	1	0	0	0	0
08.08.2015 22:19:27.395000	0.195	0.1888	0.202433	126.448	-667.078	0.00253183	6	3	3	3	254.202	318	53.8824	2.6569	0.848727	0.714707	7.43056	44.645	19.8821	94.812	1	1	1	1	0	0	0	0
08.08.2015 22:19:27.495000	0.195	0.1888	0.202433	126.445	-667.078	0.00271267	6	3	3	3	238.108	318	53.9496	2.7555	0.947323	0.714707	7.43597	44.5979	19.8674	94.6881	1	1	1	1	0	0	0	0
08.08.2015 22:19:27.595000	0.195	0.1888	0.202433	126.445	-667.078	0.00253183	6	3	3	3	375.171	318	54.0217	2.86472	1.05654	0.699211	7.41602	44.5825	19.8338	94.7577	1	1	1	1	0	0	0	0
08.08.2015 22:19:27.695000	0.195	0.1888	0.202433	126.445	-667.078	0.00217014	6	3	3	3	293.013	318	54.0958	2.90748	1.0993	0.696688	7.37188	44.5527	19.8182	94.7033	1	1	1	1	0	0	0	0
08.08.2015 22:19:27.795000	0.195	0.1888	0.202433	126.448	-667.078	0.00253183	6	3	3	3	294.298	318	54.1739	2.95188	1.14371	0.696688	7.3753	44.5145	19.792	94.6575	1	1	1	1	0	0	0	0
08.08.2015 22:19:27.895000	0.195	0.1888	0.202433	126.445	-667.078	0.00271267	6	3	3	3	364.197	318	54.2465	2.99248	1.1843	0.728613	7.38009	44.4866	19.7582	94.6802	1	1	1	1	0	0	0	0
08.08.2015 22:19:27.995000	0.195	0.1888	0.202433	126.445	-667.078	0.00217014	6	3	3	3	311.024	318	54.3306	2.99216	1.18398	0.753697	7.38011	44.4466	19.7325	94.6255	1	1	1	1	0	0	0	0
08.08.2015 22:19:28.095000	0.195	0.1888	0.202433	126.445	-667.078	0.00379774	6	3	3	3	347.233	318	54.3997	2.981	1.17282	0.753697	7.37378	44.4298	19.7038	94.671	1	1	1	1	0	0	0	0
08.08.2015 22:19:28.195000	0.195	0.1888	0.202433	126.451	-667.078	0.00506366	6	3	3	3	313.548	318	54.4838	2.95425	1.14607	0.76109	7.35093	44.4111	19.6816	94.6841	1	1	1	1	0	0	0	0
08.08.2015 22:19:28.295000	0.195	0.1888	0.202433	126.445	-667.078	0.00434028	6	3	3	3	309.081	318	54.5519	2.94424	1.13606	0.77482	7.35186	44.4043	19.6727	94.6925	1	1	1	1	0	0	0	0
08.08.2015 22:19:28.395000	0.195	0.1888	0.202433	126.448	-667.078	0.00470197	6	3	3	3	366.289	318	54.6335	2.93871	1.13053	0.77482	7.3604	44.3934	19.6586	94.7045	1	1	1	1	0	0	0	0
08.08.2015 22:19:28.495000	0.195	0.1888	0.202433	126.449	-667.078	0.00542535	6	3	3	3	291.411	318	54.7041	2.90948	1.1013	0.773765	7.3842	44.3831	19.676	94.5986	1	1	1	1	0	0	0	0
08.08.2015 22:19:28.595000	0.195	0.1888	0.202433	126.445	-667.078	0.00651042	6	3	3	3	211.392	318	54.7837	2.91856	1.11038	0.753718	7.39067	44.385	19.6712	94.6243	1	1	1	1	0	0	0	0
08.08.2015 22:19:28.695000	0.195	0.1888	0.202433	126.449	-667.078	0.00108507	6	3	3	3	240.046	318	54.8524	3.01567	1.20749	0.753718	7.43397	44.3788	19.6588	94.6479	1	1	1	1	0	0	0	0
08.08.2015 22:19:28.795000	0.195	0.1888	0.202433	126.445	-667.078	0.00253183	6	3	3	3	292.249	318	54.9369	3.16288	1.35471	0.753718	7.44022	44.3552	19.6287	94.6727	1	1	1	1	0	0	0	0
08.08.2015 22:19:28.895000	0.195	0.1888	0.202433	126.445	-667.078	0.00217014	6	3	3	3	385.447	318	55.014	3.27203	1.46386	0.762957	7.36961	44.318	19.5859	94.6942	1	1	1	1	0	0	0	0
08.08.2015 22:19:28.995000	0.195	0.1888	0.202433	126.445	-667.078	0.00253183	6	3	3	3	327.702	318	55.0951	3.28345	1.47528	0.765267	7.33751	44.2622	19.5611	94.5755	1	1	1	1	0	0	0	0
08.08.2015 22:19:29.095000	0.195	0.1888	0.202433	126.449	-667.078	0.00325521	6	3	3	3	346.682	318	55.1822	3.27606	1.46789	0.765267	7.34054	44.2225	19.5352	94.5229	1	1	1	1	0	0	0	0
08.08.2015 22:19:29.195000	0.195	0.1888	0.202433	126.448	-667.078	0.00108507	6	3	3	3	300.286	318	55.2598	3.25696	1.44878	0.805452	7.35701	44.1762	19.5104	94.4406	1	1	1	1	0	0	0	0
08.08.2015 22:19:29.295000	0.195	0.1888	0.202433	126.449	-667.078	0.00108507	6	3	3	3	291.653	318	55.3413	3.26089	1.45271	0.818142	7.39103	44.1522	19.489	94.4303	1	1	1	1	0	0	0	0
08.08.2015 22:19:29.395000	0.195	0.1888	0.202433	126.445	-667.078	0.00072338	6	3	3	3	362.58	318	55.4269	3.26655	1.45837	0.818142	7.38014	44.1397	19.4593	94.4962	1	1	1	1	0	0	0	0
08.08.2015 22:19:29.495000	0.195	0.1888	0.202433	126.453	-667.078	0.0016276	6	3	3	3	265.679	318	55.506	3.25353	1.44535	0.820109	7.36854	44.115	19.4438	94.4612	1	1	1	1	0	0	0	0
08.08.2015 22:19:29.595000	0.195	0.1888	0.202433	126.448	-667.078	0.00180845	6	3	3	3	360.683	318	55.5875	3.27754	1.46936	0.820837	7.38109	44.1141	19.4231	94.5371	1	1	1	1	0	0	0	0
08.08.2015 22:19:29.695000	0.195	0.1888	0.202433	126.449	-667.078	0.00271267	6	3	3	3	252.005	318	55.6731	3.27907	1.47089	0.820837	7.38723	44.0816	19.4186	94.4296	1	1	1	1	0	0	0	0
08.08.2015 22:19:29.795000	0.195	0.1888	0.202433	126.451	-667.078	0.00253183	6	3	3	3	328.747	318	55.7542	3.31495	1.50678	0.826825	7.38787	44.0718	19.4012	94.4591	1	1	1	1	0	0	0	0
08.08.2015 22:19:29.895000	0.195	0.1888	0.202433	126.449	-667.078	0.00271267	6	3	3	3	276.461	318	55.8368	3.3509	1.54272	0.82904	7.38348	44.0559	19.393	94.4294	1	1	1	1	0	0	0	0
08.08.2015 22:19:29.995000	0.195	0.1888	0.202433	126.451	-667.078	0.00325521	6	3	3	3	313.786	318	55.9268	3.40996	1.60178	0.82904	7.4213	44.0346	19.3727	94.4257	1	1	1	1	0	0	0	0
08.08.2015 22:19:30.095000	0.195	0.1888	0.202433	126.449	-667.078	0.00325521	6	3	3	3	310.605	318	56.0089	3.4555	1.64732	0.840029	7.42962	44.0042	19.3558	94.374	1	1	1	1	0	0	0	0
08.08.2015 22:19:30.195000	0.195	0.1888	0.202433	126.453	-667.078	0.00325521	6	3	3	3	287.997	318	56.0964	3.49727	1.68909	0.843129	7.444	43.9695	19.3165	94.3913	1	1	1	1	0	0	0	0
08.08.2015 22:19:30.295000	0.195	0.1888	0.202433	126.453	-667.078	0.00488281	6	3	3	3	297.402	318	56.1835	3.54335	1.73517	0.843129	7.43239	43.9394	19.2893	94.3801	1	1	1	1	0	0	0	0
08.08.2015 22:19:30.395000	0.195	0.1888	0.202433	126.448	-667.078	0.00470197	6	3	3	3	274.775	318	56.273	3.59812	1.78994	0.867525	7.39648	43.9071	19.2568	94.3813	1	1	1	1	0	0	0	0
08.08.2015 22:19:30.495000	0.195	0.1888	0.202433	126.445	-667.078	0.00488281	6	3	3	3	386.563	318	56.363	3.66067	1.8525	0.869647	7.41865	43.8741	19.2083	94.4404	1	1	1	1	0	0	0	0
08.08.2015 22:19:30.595000	0.195	0.1888	0.202433	126.453	-667.078	0.0036169	6	3	3	3	313.277	318	56.4511	3.65346	1.84528	0.875558	7.39115	43.8353	19.1812	94.3955	1	1	1	1	0	0	0	0
08.08.2015 22:19:30.695000	0.195	0.1888	0.202433	126.445	-667.078	0.00488281	6	3	3	3	322.538	318	56.5411	3.6422	1.83402	0.904421	7.39143	43.8096	19.1527	94.4063	1	1	1	1	0	0	0	0
08.08.2015 22:19:30.795000	0.195	0.1888	0.202433	126.451	-667.078	0.00325521	6	3	3	3	282.994	318	56.6316	3.6376	1.82942	0.904421	7.38732	43.7888	19.1375	94.3848	1	1	1	1	0	0	0	0
08.08.2015 22:19:30.895000	0.195	0.1888	0.202433	126.449	-667.078	0.00542535	6	3	3	3	274.349	318	56.7261	3.67502	1.86684	0.905843	7.44396	43.7689	19.1256	94.3542	1	1	1	1	0	0	0	0
08.08.2015 22:19:30.995000	0.195	0.1888	0.202433	126.453	-667.078	0.00289352	6	3	3	3	287.277	318.116	56.8147	3.79341	1.98523	0.907729	7.45827	43.7363	19.1108	94.2859	1	1	1	1	0.86	0	0	0
08.08.2015 22:19:31.095000	0.195	0.1888	0.202433	126.453	-667.078	0.00325521	6	3	3	3	385.658	319.05	56.9122	3.99066	2.18249	0.907729	7.45692	43.6864	19.0526	94.3177	1	1	1	1	1	0	0	0
08.08.2015 22:19:31.195000	0.195	0.1888	0.202433	126.448	-667.078	0.00108507	6	3	3	3	335.897	321.062	57.0097	3.99216	2.18399	0.941441	7.42605	43.6171	19.0027	94.2436	1	1	1	1	1	0	0	0
08.08.2015 22:19:31.295000	0.195	0.1888	0.202433	126.453	-667.078	0.000542535	6	3	3	3	365.952	324.154	57.1082	3.90724	2.09906	0.949349	7.39586	43.5783	18.9632	94.2464	1	1	1	1	1	0	0	0
08.08.2015 22:19:31.395000	0.195	0.1888	0.202433	126.453	-667.078	0.00108507	6	3	3	3	311.203	328.325	57.1997	3.76216	1.95399	0.950061	7.34822	43.5712	18.9635	94.2181	1	1	1	1	1	0	0	0
08.08.2015 22:19:31.495000	0.195	0.1888	0.202433	126.453	-667.078	0.00108507	6	3	3	3	354.06	333.575	57.2922	3.7438	1.93562	0.95291	7.38984	43.5916	18.9646	94.292	1	1	1	1	1	0	0	0
08.08.2015 22:19:31.595000	0.195	0.1888	0.202433	126.453	-667.078	0	6	3	3	3	245.009	339.904	57.3822	3.79324	1.98506	0.95291	7.41187	43.5956	18.9779	94.2562	1	1	1	1	1	0	0	0
08.08.2015 22:19:31.695000	0.195	0.1888	0.202433	126.453	-667.078	0	6	3	3	3	320.932	347.311	57.4817	4.113	2.30483	0.943241	7.42424	43.5753	18.9397	94.3247	1	1	1	1	1	0	0	0
08.08.2015 22:19:31.795000	0.195	0.1888	0.202433	126.453	-667.078	0.00036169	6	3	3	3	367.785	355.799	57.5857	4.50462	2.69644	0.935005	7.42084	43.477	18.8603	94.2523	1	1	1	1	1	0	0	0
08.08.2015 22:19:31.895000	0.195	0.1888	0.202433	126.453	-667.078	0.000542535	6	3	3	3	380.281	365.365	57.6976	4.77934	2.97116	0.972794	7.4083	43.3304	18.7343	94.1733	1	1	1	1	1	0	0	0
08.08.2015 22:19:31.995000	0.195	0.1888	0.202433	126.453	-667.078	0.00036169	6	3	3	3	360.934	376.01	57.8105	5.0101	3.20192	1.08616	7.38558	43.186	18.6085	94.1025	1	1	1	1	1	0	0	0
08.08.2015 22:19:32.095000	0.195	0.1888	0.202433	126.453	-667.078	0.00108507	6	3	3	3	416.647	387.735	57.9369	5.27476	3.46658	1.10692	7.38329	43.0122	18.4456	94.0604	1	1	1	1	1	0	0	0
08.08.2015 22:19:32.195000	0.195	0.1888	0.202433	126.453	-667.078	0.00144676	6	3	3	3	374.581	400.538	58.0587	5.50055	3.69237	1.20146	7.41484	42.8153	18.2823	93.9321	1	1	1	1	1	0	0	0
08.08.2015 22:19:32.295000	0.195	0.1888	0.202433	126.453	-667.078	0.00217014	6	3	3	3	368.116	414.421	58.1945	5.83756	4.02938	1.23468	7.44019	42.5819	18.1049	93.7178	1	1	1	1	1	0	0	0
08.08.2015 22:19:32.395000	0.195	0.1888	0.202433	126.451	-667.078	0.00325521	6	3	3	3	450.194	429.384	58.3373	6.31212	4.50394	1.316	7.42875	42.376	17.8955	93.7311	1	1	1	1	1	0	0	0
08.08.2015 22:19:32.495000	0.195	0.1888	0.202433	126.449	-667.078	0.00325521	6	3	3	3	470.433	445.425	58.491	6.67747	4.8693	1.43082	7.40074	42.094	17.6448	93.611	1	1	1	1	1	0	0	0
08.08.2015 22:19:32.595000	0.195	0.1888	0.202433	126.453	-667.078	0.00506366	6	3	3	3	393.01	462.545	58.6526	7.03287	5.22469	1.50676	7.42852	41.829	17.3774	93.6203	1	1	1	1	1	0	0	0
08.08.2015 22:19:32.695000	0.195	0.1888	0.202433	126.453	-667.078	0.00596788	6	3	3	3	418.55	480.745	58.8198	7.62946	5.82128	1.60459	7.40931	41.5362	17.1001	93.561	1	1	1	1	1	0	0	0
08.08.2015 22:19:32.795000	0.195	0.1888	0.202433	126.453	-667.078	0.0072338	6	3	3	3	474.409	500.025	59.0063	8.33266	6.52449	1.73167	7.34991	41.1822	16.762	93.4997	1	1	1	1	1	0	0	0
08.08.2015 22:19:32.895000	0.195	0.1888	0.202433	126.453	-667.078	0.00596788	6	3	3	3	482.982	520.384	59.2053	9.0497	7.24152	1.86857	7.30382	40.792	16.3912	93.4257	1	1	1	1	1	0	0	0
08.08.2015 22:19:32.995000	0.195	0.1888	0.202433	126.453	-667.078	0.00614873	6	3	3	3	479.756	541.82	59.4217	9.85525	8.04708	2.03434	7.34504	40.3795	16.0204	93.2661	1	1	1	1	1	0	0	0
08.08.2015 22:19:33.095000	0.195	0.1888	0.202433	126.453	-667.078	0.00596788	6	3	3	3	455.952	564.335	59.6535	10.8271	9.01892	2.24213	7.39484	39.9364	15.6124	93.1319	1	1	1	1	1	0	0	0
08.08.2015 22:19:33.195000	0.195	0.1888	0.202433	126.453	-667.078	0.00651042	6	3	3	3	567.422	587.931	59.9111	11.9605	10.1523	2.46798	7.4052	39.4903	15.1877	93.0501	1	1	1	1	1	0	0	0
08.08.2015 22:19:33.295000	0.195	0.1888	0.202433	126.453	-667.078	0.00651042	6	3	3	3	520.747	612.609	60.1902	13.0229	11.2148	2.67406	7.40323	39.0852	14.8014	92.9779	1	1	1	1	1	0	0	0
08.08.2015 22:19:33.395000	0.195	0.1888	0.202433	126.453	-667.078	0.00578704	6	3	3	3	608.026	638.362	60.4886	14.145	12.3368	2.93542	7.44069	38.7275	14.4515	92.948	1	1	1	1	1	0	0	0
08.08.2015 22:19:33.495000	0.195	0.1888	0.202433	126.453	-667.078	0.00596788	6	3	3	3	607.677	665.196	60.8119	15.2409	13.4327	3.16668	7.4233	38.3895	14.1613	92.7648	1	1	1	1	1	0	0	0
08.08.2015 22:19:33.595000	0.195	0.1888	0.202433	126.453	-667.078	0.00578704	6	3	3	3	659.169	693.108	61.1527	16.3805	14.5723	3.36312	7.40077	38.111	13.9018	92.6921	1	1	1	1	1	0	0	0
08.08.2015 22:19:33.695000	0.195	0.1888	0.202433	126.453	-667.078	0.00651042	6	3	3	3	637.464	722.097	61.5158	17.5754	15.7672	3.59032	7.4242	37.8925	13.7065	92.6033	1	1	1	1	1	0	0	0
08.08.2015 22:19:33.795000	0.195	0.1888	0.202433	126.453	-667.078	0.00614873	6	3	3	3	722.642	752.165	61.9033	18.8413	17.0331	3.84776	7.39772	37.7437	13.5707	92.5535	1	1	1	1	1	0	0	0
08.08.2015 22:19:33.895000	0.195	0.1888	0.202433	126.453	-667.078	0.00542535	6	3	3	3	683.663	783.314	62.3141	20.0744	18.2663	4.05557	7.42441	37.6404	13.5033	92.4161	1	1	1	1	1	0	0	0
08.08.2015 22:19:33.995000	0.195	0.1888	0.202433	126.453	-667.078	0.00578704	6	3	3	3	721.433	405.148	62.7474	21.1608	3.42883	4.33843	7.44342	39.2334	13.292	99.3245	1	1	1	1	1	0.82	0	0.82
08.08.2015 22:19:34.095000	0.195	0.1888	0.202433	126.453	-667.078	0.00651042	6	3	3	3	1909.92	318	65.5499	21.2274	0	49.1608	7.07281	99.5704	12.0203	335.212	1	1	1	1	1	1	0.66	1
08.08.2015 22:19:34.195000	0.195	0.184505	0.202433	126.484	-667.073	0.00397859	6	3	3	3	30.0859	318	66.107	21.2274	0	31.0499	5.07825	110.52	0.751854	420.279	1	1	1	1	1	1	1	1
08.08.2015 22:19:34.295000	0.195	0.184505	0.202433	126.469	-667.098	0.00271267	6	3	3	3	3.43859	318	66.107	12.3119	0	31.0499	3.26453	122.632	0.636982	467.095	1	1	1	1	1	1	1	0.58
08.08.2015 22:19:34.395000	0.195	0.184505	0.202433	126.469	-667.099	0.00289352	6	3	3	3	0.0656675	318	66.107	0	0	31.0499	2.20255	125.842	0.59682	479.541	1	1	1	1	1	1	1	0
08.08.2015 22:19:34.495000	0.195	0.184505	0.202433	126.469	-667.105	0.00217014	6	3	3	3	0.292541	318	66.107	0	0	31.0499	1.51565	126.677	0.589801	482.762	1	1	1	1	1	1	1	0
08.08.2015 22:19:34.595000	0.195	0.184505	0.202433	126.466	-667.096	0.00325521	6	3	3	3	0.289969	318	66.107	0	0	31.0499	1.21452	126.38	0.588153	481.633	1	1	1	1	1	1	1	0
08.08.2015 22:19:34.695000	0.195	0.184505	0.202433	126.453	-667.086	0.0016276	6	3	3	3	0.265118	318	66.107	0	0	31.0499	0.992817	126.191	0.602985	480.851	1	1	1	1	1	1	1	0
08.08.2015 22:19:34.795000	0.195	0.184505	0.202433	126.445	-667.096	0.00325521	6	3	3	3	0.262135	318	66.107	0	0	31.0499	0.810619	126.329	0.594684	481.41	1	1	1	1	1	1	1	0
08.08.2015 22:19:34.895000	0.195	0.184505	0.202433	126.445	-667.086	0.00108507	6	3	3	3	0.263168	318	66.107	0	0	31.0499	0.708167	126.449	0.609137	481.815	1	1	1	1	1	1	1	0
08.08.2015 22:19:34.995000	0.195	0.184505	0.202433	126.393	-667.091	0.00253183	6	3	3	3	0.280715	318	66.107	0	0	31.0499	0.63805	126.567	0.621235	482.219	1	1	1	1	1	1	1	0
08.08.2015 22:19:35.095000	0.195	0.184505	0.202433	126.375	-667.094	0.00271267	6	3	3	3	0.282891	318	66.107	0	0	13.3231	0.57406	126.681	0.619404	482.663	1	1	1	1	1	1	1	0
08.08.2015 22:19:35.195000	0.195	0.184505	0.202433	126.375	-667.094	0.00289352	6	3	3	3	0.287001	318	66.107	0	0	-0.0496929	0.518258	126.899	0.613422	483.522	1	1	1	1	1	1	1	0
08.08.2015 22:19:35.295000	0.195	0.184505	0.202433	126.375	-667.094	0.00271267	6	3	3	3	0.27723	318	66.107	0	0	-0.0496929	0.483724	126.931	0.605121	483.675	1	1	1	1	1	1	1	0
08.08.2015 22:19:35.395000	0.195	0.184505	0.202433	126.375	-667.094	0.00289352	6	3	3	3	0.259533	318	66.107	0	0	-0.0496929	0.457031	127.179	0.603229	484.634	1	1	1	1	1	1	1	0
08.08.2015 22:19:35.495000	0.195	0.184505	0.202433	126.379	-667.094	0.00325521	6	3	3	3	0.235173	318	66.107	0	0	-0.0496929	0.431814	126.994	0.603534	483.925	1	1	1	1	1	1	1	0
08.08.2015 22:19:35.595000	0.195	0.184505	0.202433	126.378	-667.094	0.00325521	6	3	3	3	0.245214	318	66.107	0	0	-0.0496929	0.408767	127.194	0.603839	484.69	1	1	1	1	1	1	1	0
08.08.2015 22:19:35.695000	0.195	0.184505	0.202433	126.379	-667.09	0.00325521	6	3	3	3	0.24939	318	66.107	0	0	-0.0496929	0.392867	127.275	0.601703	485.006	1	1	1	1	1	1	1	0
08.08.2015 22:19:35.795000	0.195	0.184505	0.202433	126.38	-667.094	0.00289352	6	3	3	3	0.295451	318	66.107	0	0	-0.0496929	0.381221	127.348	0.601093	485.288	1	1	1	1	1	1	1	0
08.08.2015 22:19:35.895000	0.195	0.184505	0.202433	126.379	-667.094	0.00271267	6	3	3	3	0.293517	318	66.107	0	0	-0.0496929	0.36697	127.42	0.600238	485.566	1	1	1	1	1	1	1	0
08.08.2015 22:19:35.995000	0.195	0.184505	0.202433	126.383	-667.094	0.00253183	6	3	3	3	0.288636	318	66.107	0	0	-0.0496929	0.356539	127.501	0.602985	485.867	1	1	1	1	1	1	1	0
08.08.2015 22:19:36.095000	0.195	0.184505	0.202433	126.383	-667.094	0.00271267	6	3	3	3	0.278281	318	66.107	0	0	-0.0213679	0.347555	127.551	0.603595	486.057	1	1	1	1	1	1	1	0
08.08.2015 22:19:36.195000	0.195	0.184505	0.202433	126.38	-667.091	0.00253183	6	3	3	3	0.264577	318	66.107	0	0	0	0.340466	127.609	0.605853	486.271	1	1	1	1	1	1	1	0
08.08.2015 22:19:36.295000	0.195	0.184505	0.202433	126.379	-667.09	0.00271267	6	3	3	3	0.259614	318	66.107	0	0	0	0.331829	127.66	0.609088	486.451	1	1	1	1	1	1	1	0
08.08.2015 22:19:36.395000	0.195	0.184505	0.202433	126.38	-667.086	0.00325521	6	3	3	3	0.255196	318	66.107	0	0	0	0.326244	127.711	0.609821	486.646	1	1	1	1	1	1	1	0
08.08.2015 22:19:36.495000	0.195	0.184505	0.202433	126.383	-667.082	0.00271267	6	3	3	3	0.266738	318	66.107	0	0	0	0.321571	127.764	0.608417	486.853	1	1	1	1	1	1	1	0
08.08.2015 22:19:36.595000	0.195	0.184505	0.202433	126.383	-666.82	0.00325521	6	3	3	3	0.304855	318	66.107	0	0	0	0.317144	127.806	0.604999	487.028	1	1	1	1	1	1	1	0
08.08.2015 22:19:36.695000	0.195	0.184505	0.202433	126.383	-663.148	0.00325521	6	3	3	3	0.301398	318	66.107	0	0	0	0.31318	127.847	0.609333	487.169	1	1	1	1	1	1	1	0
08.08.2015 22:19:36.795000	0.195	0.184505	0.202433	126.375	-645.638	0.00253183	6	3	3	3	0.272493	318	66.107	0	0	0	0.309071	127.887	0.604938	487.339	1	1	1	1	1	1	1	0
08.08.2015 22:19:36.895000	0.195	0.184505	0.202433	126.383	-623.953	0.00325521	6	3	3	3	0.261832	318	66.107	0	0	0	0.306554	127.928	0.604083	487.497	1	1	1	1	1	1	1	0
08.08.2015 22:19:36.995000	0.195	0.184505	0.202433	126.383	-600.768	0.0036169	6	3	3	3	0.261943	318	66.107	0	0	0	0.302734	127.955	0.608173	487.585	1	1	1	1	1	1	1	0
08.08.2015 22:19:37.095000	0.195	0.184505	0.202433	126.387	-560.188	0.00325521	6	3	3	3	0.271837	318	66.107	0	0	0	0.300709	127.968	0.617573	487.601	1	1	1	1	1	1	1	0
08.08.2015 22:19:37.195000	0.195	0.184505	0.202433	126.383	-526.367	0.00217014	6	3	3	3	0.288526	318	66.107	0	0	0	0.298163	127.965	0.619831	487.58	1	1	1	1	1	1	1	0
08.08.2015 22:19:37.295000	0.195	0.184505	0.202433	126.383	-489.938	0.00271267	6	3	3	3	0.305946	318	66.107	0	0	0	0.296947	127.951	0.619587	487.525	1	1	1	1	1	1	1	0
08.08.2015 22:19:37.395000	0.195	0.184505	0.202433	126.38	-443.148	0.00325521	6	3	3	3	0.295552	318	66.107	0	0	0	0.294401	127.934	0.617145	487.47	1	1	1	1	1	1	1	0
08.08.2015 22:19:37.495000	0.195	0.184505	0.202433	126.379	-389.523	0.00271267	6	3	3	3	0.304105	318	66.107	0	0	0	0.292477	128.03	0.615192	487.847	1	1	1	1	1	1	1	0
08.08.2015 22:19:37.595000	0.195	0.184505	0.202433	126.378	-347.24	0.00072338	6	3	3	3	0.28025	318	66.107	0	0	0	0.291377	127.85	0.612934	487.164	1	1	1	1	1	1	1	0
08.08.2015 22:19:37.695000	0.195	0.184505	0.202433	126.379	-304.863	0.000542535	6	3	3	3	0.28768	318	66.107	0	0	0	0.289742	127.853	0.611408	487.183	1	1	1	1	1	1	1	0
08.08.2015 22:19:37.795000	0.195	0.184505	0.202433	126.375	-251.94	0.00108507	6	3	3	3	0.284537	318	66.107	0	0	0	0.288874	127.823	0.612629	487.064	1	1	1	1	1	1	1	0
08.08.2015 22:19:37.895000	0.195	0.184505	0.202433	126.375	-204.613	0.000542535	6	3	3	3	0.286918	318	66.107	0	0	0	0.285561	127.801	0.614032	486.974	1	1	1	1	1	1	1	0
08.08.2015 22:19:37.995000	0.195	0.184505	0.202433	126.375	-163.089	0.00144676	6	3	3	3	0.305792	318	66.107	0	0	0	0.284983	127.774	0.613788	486.87	1	1	1	1	1	1	1	0
08.08.2015 22:19:38.095000	0.195	0.184505	0.202433	126.379	-121.809	0.00108507	6	3	3	3	0.30581	318	66.107	0	0	0	0.282378	127.75	0.613361	486.781	1	1	1	1	1	1	1	0
08.08.2015 22:19:38.195000	0.195	0.184505	0.202433	126.38	-69.0443	0.00108507	6	3	3	3	0.29051	318	66.107	0	0	0	0.281481	127.723	0.615192	486.67	1	1	1	1	1	1	1	0
08.08.2015 22:19:38.295000	0.195	0.184505	0.202433	126.383	-22.1445	0.00271267	6	3	3	3	0.288956	318	66.107	0	0	0	0.279225	127.697	0.616108	486.566	1	1	1	1	1	1	1	0
08.08.2015 22:19:38.395000	0.195	0.184505	0.202433	126.383	19.4479	0.00289352	6	3	3	3	0.271645	318	66.107	0	0	0	0.279167	127.671	0.614521	486.473	1	1	1	1	1	1	1	0
08.08.2015 22:19:38.495000	0.195	0.184505	0.202433	126.383	60.8594	0.00217014	6	3	3	3	0.270756	318	66.107	0	0	0	0.276939	127.643	0.614338	486.369	1	1	1	1	1	1	1	0
08.08.2015 22:19:38.595000	0.195	0.184505	0.202433	126.383	118.753	0.00325521	6	3	3	3	0.29159	318	66.107	0	0	0	0.276548	127.617	0.615375	486.263	1	1	1	1	1	1	1	0
08.08.2015 22:19:38.695000	0.195	0.184505	0.202433	126.383	159.715	0.00108507	6	3	3	3	0.309515	318	66.107	0	0	0	0.274928	127.596	0.613544	486.189	1	1	1	1	1	1	1	0
08.08.2015 22:19:38.795000	0.195	0.184505	0.202433	126.383	200.716	0.00180845	6	3	3	3	0.298634	318	66.107	0	0	0	0.274248	127.568	0.614826	486.078	1	1	1	1	1	1	1	0
08.08.2015 22:19:38.895000	0.195	0.184505	0.202433	126.383	250.273	0.00379774	6	3	3	3	0.298095	318	66.107	0	0	0	0.273438	127.543	0.617023	485.974	1	1	1	1	1	1	1	0
08.08.2015 22:19:38.995000	0.195	0.184505	0.202433	126.383	299.51	0.00289352	6	3	3	3	0.283786	318	66.107	0	0	0	0.271644	127.517	0.614704	485.882	1	1	1	1	1	1	1	0
08.08.2015 22:19:39.095000	0.195	0.184505	0.202433	126.383	340.574	0.00271267	6	3	3	3	0.275453	318	66.107	0	0	0	0.270992	127.492	0.618244	485.774	1	1	1	1	1	1	1	0
08.08.2015 22:19:39.195000	0.195	0.184505	0.202433	126.383	381.737	0.00434028	6	3	3	3	0.266623	318	66.107	0	0	0	0.269488	127.466	0.626667	485.643	1	1	1	1	1	1	1	0
08.08.2015 22:19:39.295000	0.195	0.184505	0.202433	126.387	439.156	0.00271267	6	3	3	3	0.299784	318	66.107	0	0	0	0.269227	127.441	0.62569	485.549	1	1	1	1	1	1	1	0
08.08.2015 22:19:39.395000	0.195	0.184505	0.202433	126.383	480.122	0.00144676	6	3	3	3	0.289909	318	66.107	0	0	0	0.267506	127.415	0.621174	485.47	1	1	1	1	1	1	1	0
08.08.2015 22:19:39.495000	0.195	0.184505	0.202433	126.383	521.051	0.000542535	6	3	3	3	0.330883	318	66.107	0	0	0	0.268345	127.392	0.619343	485.386	1	1	1	1	1	1	1	0
08.08.2015 22:19:39.595000	0.195	0.184505	0.202433	126.378	560.742	0.00072338	6	3	3	3	0.307156	318	66.107	0	0	0	0.266652	127.368	0.618427	485.298	1	1	1	1	1	1	1	0
08.08.2015 22:19:39.695000	0.195	0.184505	0.202433	126.375	606.289	0.000542535	6	3	3	3	0.280507	318	66.107	0	0	0	0.266435	127.349	0.618061	485.226	1	1	1	1	1	1	1	0
08.08.2015 22:19:39.795000	0.195	0.184505	0.202433	126.378	632.242	0.00072338	6	3	3	3	0.268834	318	66.107	0	0	0	0.264771	127.321	0.620197	485.113	1	1	1	1	1	1	1	0
08.08.2015 22:19:39.895000	0.195	0.184505	0.202433	126.383	653.18	0.000542535	6	3	3	3	0.277925	318	66.107	0	0	0	0.264395	127.301	0.618305	485.041	1	1	1	1	1	1	1	0
08.08.2015 22:19:39.995000	0.195	0.184505	0.202433	126.383	667.935	0.00036169	6	3	3	3	0.276254	318	66.107	0	0	0	0.262746	127.278	0.619037	484.951	1	1	1	1	1	1	1	0
08.08.2015 22:19:40.095000	0.195	0.184505	0.202433	126.387	674.492	0.00217014	6	3	3	3	0.290053	318	66.107	0	0	0	0.261241	127.255	0.616596	484.872	1	1	1	1	1	1	1	0
08.08.2015 22:19:40.195000	0.195	0.184505	0.202433	126.388	676.177	0.00289352	6	3	3	3	0.296153	318	66.107	0	0	0	0.261299	127.232	0.619037	484.776	1	1	1	1	1	1	1	0
08.08.2015 22:19:40.295000	0.195	0.184505	0.202433	126.387	676.707	0.00271267	6	3	3	3	0.285552	318	66.107	0	0	0	0.259505	127.21	0.620258	484.688	1	1	1	1	1	1	1	0
08.08.2015 22:19:40.395000	0.195	0.184505	0.202433	126.391	676.729	0.00397859	6	3	3	3	0.271719	318	66.107	0	0	0	0.260127	127.188	0.620808	484.601	1	1	1	1	1	1	1	0
08.08.2015 22:19:40.495000	0.195	0.184505	0.202433	126.391	676.734	0.00488281	6	3	3	3	0.26814	318	66.107	0	0	0	0.258681	127.162	0.618244	484.511	1	1	1	1	1	1	1	0
08.08.2015 22:19:40.595000	0.195	0.184505	0.202433	126.383	676.724	0.00506366	6	3	3	3	0.296396	318	66.107	0	0	0	0.260113	127.123	0.614215	484.377	1	1	1	1	1	1	1	0
08.08.2015 22:19:40.695000	0.195	0.184505	0.202433	126.359	676.754	0.00542535	6	3	3	3	0.284451	318	66.107	0	0	0	0.259013	127.112	0.610614	484.349	1	1	1	1	1	1	1	0
08.08.2015 22:19:40.795000	0.195	0.184505	0.202433	126.367	676.766	0.00217014	6	3	3	3	0.284947	318	66.107	0	0	0	0.260373	127.094	0.619892	484.246	1	1	1	1	1	1	1	0
08.08.2015 22:19:40.895000	0.195	0.184505	0.202433	126.359	676.773	0.00271267	6	3	3	3	0.293973	318	66.107	0	0	0	0.259013	127.087	0.618	484.225	1	1	1	1	1	1	1	0
08.08.2015 22:19:40.995000	0.195	0.184505	0.202433	126.362	676.719	0.0036169	6	3	3	3	0.288612	318	66.107	0	0	0	0.260402	127.063	0.61507	484.145	1	1	1	1	1	1	1	0
08.08.2015 22:19:41.095000	0.195	0.184505	0.202433	126.367	676.711	0.00217014	6	3	3	3	0.29345	318	66.107	0	0	0	0.260909	127.042	0.61861	484.05	1	1	1	1	1	1	1	0
08.08.2015 22:19:41.195000	0.195	0.184505	0.202433	126.367	676.714	0.00036169	6	3	3	3	0.265578	318	66.107	0	0	0	0.261097	127.022	0.620563	483.964	1	1	1	1	1	1	1	0
08.08.2015 22:19:41.295000	0.195	0.184505	0.202433	126.367	676.738	0.000542535	6	3	3	3	0.255298	318	66.107	0	0	0	0.261473	127.003	0.627949	483.863	1	1	1	1	1	1	1	0
08.08.2015 22:19:41.395000	0.195	0.184505	0.202433	126.367	676.706	0.00072338	6	3	3	3	0.284069	318	66.107	0	0	0	0.261994	126.978	0.629597	483.761	1	1	1	1	1	1	1	0
08.08.2015 22:19:41.495000	0.195	0.184505	0.202433	126.375	676.703	0	6	3	3	3	0.306528	318	66.107	0	0	0	0.262601	126.952	0.624104	483.684	1	1	1	1	1	1	1	0
08.08.2015 22:19:41.595000	0.195	0.184505	0.202433	126.393	676.81	0.00108507	6	3	3	3	0.319727	318	66.107	0	0	0	0.261097	126.932	0.617939	483.633	1	1	1	1	1	1	1	0
08.08.2015 22:19:41.695000	0.195	0.184505	0.202433	126.352	676.906	0.000542535	6	3	3	3	0.299534	318	66.107	0	0	0	0.259968	126.914	0.621662	483.547	1	1	1	1	1	1	1	0
08.08.2015 22:19:41.795000	0.195	0.184505	0.202433	126.378	676.802	0.00072338	6	3	3	3	0.274231	318	66.107	0	0	0	0.25735	126.894	0.621784	483.472	1	1	1	1	1	1	1	0
08.08.2015 22:19:41.895000	0.195	0.184505	0.202433	126.344	676.883	0.00217014	6	3	3	3	0.296346	318	66.107	0	0	0	0.257769	126.872	0.621113	483.388	1	1	1	1	1	1	1	0
08.08.2015 22:19:41.995000	0.195	0.184505	0.202433	126.349	676.888	0.00325521	6	3	3	3	0.283406	318	66.107	0	0	0	0.255512	126.851	0.621723	483.308	1	1	1	1	1	1	1	0
08.08.2015 22:19:42.095000	0.195	0.184505	0.202433	126.352	676.832	0.00271267	6	3	3	3	0.294344	318	66.107	0	0	0	0.255715	126.829	0.623615	483.214	1	1	1	1	1	1	1	0
08.08.2015 22:19:42.195000	0.195	0.184505	0.202433	126.352	676.831	0.00253183	6	3	3	3	0.271513	318	66.107	0	0	0	0.253487	126.811	0.621235	483.155	1	1	1	1	1	1	1	0
08.08.2015 22:19:42.295000	0.195	0.184505	0.202433	126.352	676.805	0.00434028	6	3	3	3	0.26928	318	66.107	0	0	0	0.252532	126.79	0.623798	483.065	1	1	1	1	1	1	1	0
08.08.2015 22:19:42.395000	0.195	0.184505	0.202433	126.352	676.805	0.00289352	6	3	3	3	0.2568	318	66.107	0	0	0	0.250304	126.768	0.621845	482.987	1	1	1	1	1	1	1	0
08.08.2015 22:19:42.495000	0.195	0.184505	0.202433	126.355	676.793	0.0016276	6	3	3	3	0.263163	318	66.107	0	0	0	0.248611	126.746	0.622028	482.902	1	1	1	1	1	1	1	0
08.08.2015 22:19:42.595000	0.195	0.184505	0.202433	126.354	676.771	0	6	3	3	3	0.269473	318	66.107	0	0	0	0.247541	126.725	0.622272	482.821	1	1	1	1	1	1	1	0
08.08.2015 22:19:42.695000	0.195	0.184505	0.202433	126.355	676.773	0.00108507	6	3	3	3	0.25567	318	66.107	0	0	0	0.245168	126.705	0.6227	482.745	1	1	1	1	1	1	1	0
08.08.2015 22:19:42.795000	0.195	0.184505	0.202433	126.357	676.766	0.00036169	6	3	3	3	0.265615	318	66.107	0	0	0	0.24524	126.685	0.620746	482.675	1	1	1	1	1	1	1	0
08.08.2015 22:19:42.895000	0.195	0.184505	0.202433	126.352	676.766	-0.000542535	6	3	3	3	0.249426	318	66.107	0	0	0	0.242867	126.665	0.621845	482.594	1	1	1	1	1	1	1	0
08.08.2015 22:19:42.995000	0.195	0.184505	0.202433	126.357	676.76	0.00108507	6	3	3	3	0.265723	318	66.107	0	0	0	0.242564	126.645	0.619404	482.526	1	1	1	1	1	1	1	0
08.08.2015 22:19:43.095000	0.195	0.184505	0.202433	126.359	676.766	0.000542535	6	3	3	3	0.287867	318	66.107	0	0	0	0.239149	126.626	0.622639	482.443	1	1	1	1	1	1	1	0
08.08.2015 22:19:43.195000	0.195	0.184505	0.202433	126.359	676.745	0.00072338	6	3	3	3	0.282816	318	66.107	0	0	0	0.239959	126.604	0.622333	482.357	1	1	1	1	1	1	1	0
08.08.2015 22:19:43.295000	0.195	0.184505	0.202433	126.359	676.746	0.000542535	6	3	3	3	0.28675	318	66.107	0	0	0	0.237312	126.587	0.628803	482.268	1	1	1	1	1	1	1	0
08.08.2015 22:19:43.395000	0.195	0.184505	0.202433	126.359	676.745	0.00144676	6	3	3	3	0.26308	318	66.107	0	0	0	0.238064	126.562	0.627766	482.178	1	1	1	1	1	1	1	0
08.08.2015 22:19:43.495000	0.195	0.184505	0.202433	126.359	676.742	0.00217014	6	3	3	3	0.266884	318	66.107	0	0	0	0.236155	126.541	0.623981	482.112	1	1	1	1	1	1	1	0
08.08.2015 22:19:43.595000	0.195	0.184505	0.202433	126.357	676.742	0.00217014	6	3	3	3	0.254643	318	66.107	0	0	0	0.236357	126.519	0.624714	482.025	1	1	1	1	1	1	1	0
08.08.2015 22:19:43.695000	0.195	0.184505	0.202433	126.359	676.738	0.00271267	6	3	3	3	0.268969	318	66.107	0	0	0	0.236155	126.501	0.625751	481.953	1	1	1	1	1	1	1	0
08.08.2015 22:19:43.795000	0.195	0.184505	0.202433	126.359	676.734	0.00289352	6	3	3	3	0.258749	318	66.107	0	0	0	0.235171	126.485	0.624958	481.891	1	1	1	1	1	1	1	0
08.08.2015 22:19:43.895000	0.195	0.184505	0.202433	126.359	676.727	0.00217014	6	3	3	3	0.289267	318	66.107	0	0	0	0.234867	126.467	0.625935	481.82	1	1	1	1	1	1	1	0
08.08.2015 22:19:43.995000	0.195	0.184505	0.202433	126.359	676.727	0.00289352	6	3	3	3	0.287357	318	66.107	0	0	0	0.233623	126.448	0.628315	481.737	1	1	1	1	1	1	1	0
08.08.2015 22:19:44.095000	0.195	0.184505	0.202433	126.359	676.727	0.00271267	6	3	3	3	0.283931	318	66.107	0	0	0	0.235836	126.428	0.629475	481.657	1	1	1	1	1	1	1	0
08.08.2015 22:19:44.195000	0.195	0.184505	0.202433	126.359	676.727	0.00289352	6	3	3	3	0.285879	318	66.107	0	0	0	0.234057	126.412	0.63332	481.58	1	1	1	1	1	1	1	0
08.08.2015 22:19:44.295000	0.195	0.184505	0.202433	126.359	676.707	0.00217014	6	3	3	3	0.25129	318	66.107	0	0	0	0.235561	126.389	0.642293	481.458	1	1	1	1	1	1	1	0
08.08.2015 22:19:44.395000	0.195	0.184505	0.202433	126.359	676.706	0.00325521	6	3	3	3	0.270357	318	66.107	0	0	0	0.234086	126.372	0.651753	481.357	1	1	1	1	1	1	1	0
08.08.2015 22:19:44.495000	0.195	0.184505	0.202433	126.359	676.707	0.00271267	6	3	3	3	0.271438	318	66.107	0	0	0	0.235344	126.351	0.662557	481.236	1	1	1	1	1	1	1	0
08.08.2015 22:19:44.595000	0.195	0.184505	0.202433	126.359	676.706	0.00144676	6	3	3	3	0.267481	318	66.107	0	0	0	0.233695	126.334	0.670247	481.139	1	1	1	1	1	1	1	0
08.08.2015 22:19:44.695000	0.195	0.184505	0.202433	126.355	676.711	0.0016276	6	3	3	3	0.267964	318	66.107	0	0	0	0.235026	126.316	0.679525	481.036	1	1	1	1	1	1	1	0
08.08.2015 22:19:44.795000	0.195	0.184505	0.202433	126.359	676.703	0.00180845	6	3	3	3	0.277127	318	66.107	0	0	0	0.233999	126.299	0.686056	480.947	1	1	1	1	1	1	1	0
08.08.2015 22:19:44.895000	0.195	0.184505	0.202433	126.359	676.703	0.00542535	6	3	3	3	0.271602	318	66.107	0	0	0	0.233883	126.285	0.689901	480.878	1	1	1	1	1	1	1	0
08.08.2015 22:19:44.995000	0.195	0.184505	0.202433	126.359	676.701	0.00434028	6	3	3	3	0.292077	318	66.107	0	0	0	0.233116	126.261	0.695151	480.765	1	1	1	1	1	1	1	0
08.08.2015 22:19:45.095000	0.195	0.184505	0.202433	126.359	676.699	0.00271267	6	3	3	3	0.277684	318	66.107	0	0	0	0.232133	126.242	0.702414	480.665	1	1	1	1	1	1	1	0
08.08.2015 22:19:45.195000	0.195	0.184505	0.202433	126.359	676.69	0.00253183	6	3	3	3	0.262547	318	66.107	0	0	0	0.232494	126.219	0.712668	480.54	1	1	1	1	1	1	1	0
08.08.2015 22:19:45.295000	0.195	0.184505	0.202433	126.359	676.719	0.00325521	6	3	3	3	0.258001	318	66.107	0	0	0	0.229861	126.2	0.714988	480.458	1	1	1	1	1	1	1	0
08.08.2015 22:19:45.395000	0.195	0.184505	0.202433	126.359	676.727	0.00289352	6	3	3	3	0.261981	318	66.107	0	0	0	0.231322	126.182	0.718467	480.374	1	1	1	1	1	1	1	0
08.08.2015 22:19:45.495000	0.195	0.184505	0.202433	126.359	676.727	0.00488281	6	3	3	3	0.271937	318	66.107	0	0	0	0.229374	126.166	0.719263	480.332	1	1	1	1	1	1	1	0
08.08.2015 22:19:45.595000	0.195	0.184505	0.202433	126.359	676.727	0.00542535	6	3	3	3	0.270023	318	66.107	0	0	0	0.230715	126.145	0.723711	480.222	1	1	1	1	1	1	1	0
08.08.2015 22:19:45.695000	0.195	0.184505	0.202433	126.359	676.727	0.00542535	6	3	3	3	0.275189	318	66.107	0	0	0	0.228631	126.131	0.728721	480.135	1	1	1	1	1	1	1	0
08.08.2015 22:19:45.795000	0.195	0.184505	0.202433	126.354	676.734	0.00506366	6	3	3	3	0.3204	318	66.107	0	0	0	0.229991	126.113	0.734031	480.049	1	1	1	1	1	1	1	0
08.08.2015 22:19:45.895000	0.195	0.184505	0.202433	126.359	676.738	0.00379774	6	3	3	3	0.282903	318	66.107	0	0	0	0.230288	126.092	0.741356	479.941	1	1	1	1	1	1	1	0
08.08.2015 22:19:45.995000	0.195	0.184505	0.202433	126.359	676.729	0.00289352	6	3	3	3	0.272002	318	66.107	0	0	0	0.230671	126.076	0.747337	479.853	1	1	1	1	1	1	1	0
08.08.2015 22:19:46.095000	0.195	0.184505	0.202433	126.359	676.734	0.00325521	6	3	3	3	0.26332	318	66.107	0	0	0	0.230722	126.058	0.752647	479.771	1	1	1	1	1	1	1	0
08.08.2015 22:19:46.195000	0.195	0.184505	0.202433	126.359	676.737	0.00253183	6	3	3	3	0.267935	318	66.107	0	0	0	0.230859	126.044	0.759911	479.687	1	1	1	1	1	1	1	0
08.08.2015 22:19:46.295000	0.195	0.184505	0.202433	126.359	676.742	0.00379774	6	3	3	3	0.277374	318	66.107	0	0	0	0.232849	126.023	0.767541	479.576	1	1	1	1	1	1	1	0
08.08.2015 22:19:46.395000	0.195	0.184505	0.202433	126.359	676.742	0.00506366	6	3	3	3	0.27641	318	66.107	0	0	0	0.232183	126.008	0.773766	479.495	1	1	1	1	1	1	1	0
08.08.2015 22:19:46.495000	0.195	0.184505	0.202433	126.359	676.746	0.00542535	6	3	3	3	0.278592	318	66.107	0	0	0	0.234006	125.992	0.781884	479.405	1	1	1	1	1	1	1	0
08.08.2015 22:19:46.595000	0.195	0.184505	0.202433	126.359	676.76	0.00614873	6	3	3	3	0.282021	318	66.107	0	0	0	0.233073	125.971	0.791406	479.287	1	1	1	1	1	1	1	0
08.08.2015 22:19:46.695000	0.195	0.184505	0.202433	126.359	676.766	0.00651042	6	3	3	3	0.248868	318	66.107	0	0	0	0.235221	125.951	0.80221	479.171	1	1	1	1	1	1	1	0
08.08.2015 22:19:46.795000	0.195	0.184505	0.202433	126.357	676.768	0.00614873	6	3	3	3	0.26853	318	66.107	0	0	0	0.233529	125.934	0.809839	479.076	1	1	1	1	1	1	1	0
08.08.2015 22:19:46.895000	0.195	0.184505	0.202433	126.359	676.781	0.00596788	6	3	3	3	0.271674	318	66.107	0	0	0	0.235344	125.911	0.83108	478.904	1	1	1	1	1	1	1	0
08.08.2015 22:19:46.995000	0.195	0.184505	0.202433	126.354	676.768	0.00687211	6	3	3	3	0.258143	318	66.107	0	0	0	0.234606	125.894	0.835292	478.825	1	1	1	1	1	1	1	0
08.08.2015 22:19:47.095000	0.195	0.184505	0.202433	126.344	676.813	0.00868056	6	3	3	3	0.262552	318	66.107	0	0	0	0.235301	125.881	0.830775	478.793	1	1	1	1	1	1	1	0
08.08.2015 22:19:47.195000	0.195	0.184505	0.202433	126.344	676.802	0.00651042	6	3	3	3	0.285377	318	66.107	0	0	0	0.234628	125.863	0.829554	478.728	1	1	1	1	1	1	1	0
08.08.2015 22:19:47.295000	0.195	0.184505	0.202433	126.344	676.781	0.00651042	6	3	3	3	0.306163	318	66.107	0	0	0	0.235279	125.845	0.827357	478.666	1	1	1	1	1	1	1	0
08.08.2015 22:19:47.395000	0.195	0.184505	0.202433	126.344	676.797	0.00614873	6	3	3	3	0.278614	318	66.107	0	0	0	0.235163	125.83	0.825709	478.618	1	1	1	1	1	1	1	0
08.08.2015 22:19:47.495000	0.195	0.184505	0.202433	126.344	676.793	0.00651042	6	3	3	3	0.279532	318	66.107	0	0	0	0.233666	125.814	0.827967	478.547	1	1	1	1	1	1	1	0
08.08.2015 22:19:47.595000	0.195	0.184505	0.202433	126.349	676.799	0.00651042	6	3	3	3	0.28062	318	66.107	0	0	0	0.232928	125.795	0.822413	478.494	1	1	1	1	1	1	1	0
08.08.2015 22:19:47.695000	0.195	0.184505	0.202433	126.344	676.844	0.00651042	6	3	3	3	0.273248	318	66.107	0	0	0	0.230903	125.789	0.827479	478.451	1	1	1	1	1	1	1	0
08.08.2015 22:19:47.795000	0.195	0.184505	0.202433	126.344	676.831	0.00651042	6	3	3	3	0.262355	318	66.107	0	0	0	0.232617	125.769	0.824	478.391	1	1	1	1	1	1	1	0
08.08.2015 22:19:47.895000	0.195	0.184505	0.202433	126.348	676.828	0.00596788	6	3	3	3	0.250884	318	66.107	0	0	0	0.229847	125.751	0.825037	478.315	1	1	1	1	1	1	1	0
08.08.2015 22:19:47.995000	0.195	0.184505	0.202433	126.344	676.836	0.00651042	6	3	3	3	0.272379	318	66.107	0	0	0	0.230982	125.738	0.826014	478.264	1	1	1	1	1	1	1	0
08.08.2015 22:19:48.095000	0.195	0.184505	0.202433	126.352	676.828	0.00596788	6	3	3	3	0.290387	318	66.107	0	0	0	0.22793	125.742	0.828516	478.27	1	1	1	1	1	1	1	0
08.08.2015 22:19:48.195000	0.195	0.184505	0.202433	126.349	676.846	0.0036169	6	3	3	3	0.278838	318	66.107	0	0	0	0.229225	125.696	0.828028	478.096	1	1	1	1	1	1	1	0
08.08.2015 22:19:48.295000	0.195	0.184505	0.202433	126.348	676.832	0.00271267	6	3	3	3	0.272609	318	66.107	0	0	0	0.226584	125.68	0.828333	478.03	1	1	1	1	1	1	1	0
08.08.2015 22:19:48.395000	0.195	0.184505	0.202433	126.349	676.828	0.00217014	6	3	3	3	0.259973	318	66.107	0	0	0	0.227988	125.664	0.830592	477.961	1	1	1	1	1	1	1	0
08.08.2015 22:19:48.495000	0.195	0.184505	0.202433	126.352	676.84	0.00325521	6	3	3	3	0.298833	318	66.107	0	0	0	0.228574	125.642	0.830103	477.881	1	1	1	1	1	1	1	0
08.08.2015 22:19:48.595000	0.195	0.184505	0.202433	126.349	676.839	0.0036169	6	3	3	3	0.292952	318	66.107	0	0	0	0.230114	125.625	0.834498	477.796	1	1	1	1	1	1	1	0
08.08.2015 22:19:48.695000	0.195	0.184505	0.202433	126.367	676.844	0.00488281	6	3	3	3	0.275275	318	66.107	0	0	0	0.230165	125.607	0.836085	477.724	1	1	1	1	1	1	1	0
08.08.2015 22:19:48.795000	0.195	0.184505	0.202433	126.367	676.839	0.00470197	6	3	3	3	0.260191	318	66.107	0	0	0	0.23057	125.59	0.83285	477.669	1	1	1	1	1	1	1	0
08.08.2015 22:19:48.895000	0.195	0.184505	0.202433	126.367	676.84	0.00488281	6	3	3	3	0.278519	318	66.107	0	0	0	0.232559	125.573	0.834376	477.599	1	1	1	1	1	1	1	0
08.08.2015 22:19:48.995000	0.195	0.184505	0.202433	126.37	676.839	0.00578704	6	3	3	3	0.273066	318	66.107	0	0	0	0.231872	125.556	0.833399	477.538	1	1	1	1	1	1	1	0
08.08.2015 22:19:49.095000	0.195	0.184505	0.202433	126.391	676.84	0.00542535	6	3	3	3	0.298571	318	66.107	0	0	0	0.23295	125.538	0.830836	477.48	1	1	1	1	1	1	1	0
08.08.2015 22:19:49.195000	0.195	0.184505	0.202433	126.393	676.841	0.00578704	6	3	3	3	0.2964	318	66.107	0	0	0	0.232704	125.525	0.832728	477.423	1	1	1	1	1	1	1	0
08.08.2015 22:19:49.295000	0.195	0.184505	0.202433	126.398	676.836	0.00759549	6	3	3	3	0.272449	318	66.107	0	0	0	0.23536	125.517	0.831472	477.395	1	1	1	1	1	1	1	0
