Time	[76:0]	[76:1]	[76:2]	[76:4]	[76:8]	[76:70]	[76:71]	[78:0]	[78:1]	[78:2]	[79:2]	[79:3]	[79:4]	[79:8]	[79:9]	[79:10]	[79:11]	[79:12]	[79:13]	[79:14]	[79.0]	[79.1]	[79.2]	[79.3]	[79.4]	[79.5]	[79.6]	[79.8]
time	Hoogteverstelling - Referentie positie (mm)	Hoogteverstelling - AZ gemeten positie (mm)	Hoogteverstelling - BZ gemeten positie (mm)	Transfert Ingang - Gemeten positie (mm)	Transfert Uitgang - Gemeten positie (mm)	Aardgas - actueel debiet	Stappenschakelaar - gemeten pos	Laspos Ing - positie discreet	Laspos Uitg - positie discreet	Schaafverstelling - positie discreet	Stuikraam - Totale Stroommeting RMS-waarde (A)	Stuikraam - Stroomreferentie (A)	Stuikraam - Positie AZ (mm, pulsgever)	Stuikraam - Referentie Servo-ventiel (%)	Stuikraam - Trim door I-regelaar (%)	Stuikraam - Gemeten snelheid (mm/s, pulsgever)	Secundaire lasspanning	Stuikraam - Druk stuikcilinder voorkamer (=laszijde)  (bar)	Stuikraam - Druk stuikcilinder terugloopkamer  (bar)	Stuikraam - Netto voorwaartse kracht op stuikraam (kN)	Stuikraam - P1	Stuikraam - P2	Stuikraam - P3	Stuikraam - P4	Stuikraam - P5	Stuikraam - P6	Stuikraam - P7	Stuikraam - Openen stuikventielen	

Lasparameter.Ingang - Coil ID	0322016S
Lasparameter.Ingang - Dikte (um)	4770
Lasparameter.Ingang - Breedte (mm)	1532
Lasparameter.Ingang - Materiaal	0001
Lasparameter.Uitgang - Coil ID	0757688S
Lasparameter.Uitgang - Dikte (um)	5300
Lasparameter.Uitgang - Breedte (mm)	1550
Lasparameter.Uitgang - Materiaal	0001
Lasparameter.P2 (mm)	16.0
Lasparameter.P3 (mm)	26.0
Lasparameter.P4 (mm)	34.2
Lasparameter.P5 (mm)	45.0
Lasparameter.P6 (mm)	52.6
Lasparameter.P7 (mm)	58.2
Lasparameter.Vonksnelheid (mm/s)	1.20
Lasparameter.Lassnelheid (mm/s)	0.48
Lasparameter.Stroom Referentie (A)	0415
Lasparameter.Stroomtoename (µA/s2)	39.9
Lasparameter.Stuikstroomtijd (per)	0010
Lasparameter.Afkoeltijd Stuik (per)	0010
Lasparameter.Stuikdruk (bar)	0117
Lasparameter.Stuiksnelheid (%)	90.0

08.08.2015 23:14:42.944000	0.00500011	0.00856796	0.0127311	-0.0195313	-674.859	0.00542535	7	5	5	5	0.276626	415	0	0	0	0	0.320385	7.16868	129.429	-468.11	1	0	0	0	0	0	0	0
08.08.2015 23:14:43.044000	0.00500011	0.00856796	0.0127311	0	-674.852	0.00542535	7	5	5	5	0.25322	415	0	0	0	0	0.32071	3.94806	129.292	-479.918	1	0	0	0	0	0	0	0
08.08.2015 23:14:43.144000	0.00500011	0.00856796	0.0127311	-0.0130208	-674.849	0.00651042	7	5	5	5	0.250818	415	0	0	0	0	0.322555	2.48073	129.194	-485.16	1	0	0	0	0	0	0	0
08.08.2015 23:14:43.244000	0.00500011	0.00856796	0.0127311	-0.015625	-674.859	0.00596788	7	5	5	5	0.246438	415	0	0	0	0	0.323676	3.10788	129.198	-482.776	1	0	0	0	0	0	0	0
08.08.2015 23:14:43.344000	0.00500011	0.00856796	0.0127311	-0.00520833	-674.854	0.00651042	7	5	5	5	0.244426	415	0	0	0	0	0.325087	4.80398	129.249	-476.473	1	0	0	0	0	0	0	0
08.08.2015 23:14:43.444000	0.00500011	0.00856796	0.0127311	0	-674.848	0.00868056	7	5	5	5	0.239985	415	0	0	0	0	0.325593	4.64052	129.239	-477.061	1	0	0	0	0	0	0	0
08.08.2015 23:14:43.544000	0.00500011	0.00856796	0.0127311	0	-674.854	0.00795718	7	5	5	5	0.230472	415	0	0	0	0	0.325955	4.43025	129.235	-477.854	1	0	0	0	0	0	0	0
08.08.2015 23:14:43.644000	0.00500011	0.00856796	0.0127311	0	-674.848	0.00868056	7	5	5	5	0.252442	415	0	0	0	0	0.325448	3.7962	129.189	-480.102	1	0	0	0	0	0	0	0
08.08.2015 23:14:43.744000	0.00500011	0.00856796	0.0127311	0	-674.852	0.00795718	7	5	5	5	0.243778	415	0	0	0	0	0.321723	6.89315	129.311	-468.714	1	0	0	0	0	0	0	0
08.08.2015 23:14:43.844000	0.00500011	0.00856796	0.0127311	0.00390625	-674.852	0.00868056	7	5	5	5	0.246053	415	0	0	0	0	0.31977	4.24915	129.235	-478.546	1	0	0	0	0	0	0	0
08.08.2015 23:14:43.944000	0.00500011	0.00856796	0.0127311	0.0104167	-674.839	0.00831887	7	5	5	5	0.267732	415	0	0	0	0	0.316262	3.27738	129.177	-482.044	1	0	0	0	0	0	0	0
08.08.2015 23:14:44.044000	0.00500011	0.00856796	0.0127311	0.0078125	-674.844	0.00868056	7	5	5	5	0.276656	415	0	0	0	0	0.315864	4.10224	129.186	-478.921	1	0	0	0	0	0	0	0
08.08.2015 23:14:44.144000	0.00500011	0.00856796	0.0127311	0.0130208	-674.844	0.0072338	7	5	5	5	0.276814	415	0	0	0	0	0.314128	5.09293	129.193	-475.154	1	0	0	0	0	0	0	0
08.08.2015 23:14:44.244000	0.00500011	0.00856796	0.0127311	0.0117188	-674.844	0.00596788	7	5	5	5	0.286829	415	0	0	0	0	0.314164	5.00699	129.202	-475.518	1	0	0	0	0	0	0	0
08.08.2015 23:14:44.344000	0.00500011	0.00856796	0.0127311	0.015625	-674.844	0.00289352	7	5	5	5	0.277161	415	0	0	0	0	0.31373	5.36827	129.209	-474.161	1	0	0	0	0	0	0	0
08.08.2015 23:14:44.444000	0.00500011	0.00856796	0.0127311	0.0078125	-674.832	0.00325521	7	5	5	5	0.264655	415	0	0	0	0	0.314417	2.73922	129.069	-483.692	1	0	0	0	0	0	0	0
08.08.2015 23:14:44.544000	0.00500011	0.00856796	0.0127311	0.0078125	-674.846	0.00397859	7	5	5	5	0.258094	415	0	0	0	0	0.314453	4.93924	129.142	-475.549	1	0	0	0	0	0	0	0
08.08.2015 23:14:44.644000	0.00500011	0.00856796	0.0127311	0.0195313	-674.844	0.00488281	7	5	5	5	0.261416	415	0	0	0	0	0.314887	6.26441	129.234	-470.826	1	0	0	0	0	0	0	0
08.08.2015 23:14:44.744000	0.00500011	0.00856796	0.0127311	0.015625	-674.841	0.00434028	7	5	5	5	0.255502	415	0	0	0	0	0.315538	3.50237	129.114	-480.941	1	0	0	0	0	0	0	0
08.08.2015 23:14:44.844000	0.00500011	0.00856796	0.0127311	0.015625	-674.84	0.00542535	7	5	5	5	0.253338	415	0	0	0	0	0.3176	5.81579	129.161	-472.264	1	0	0	0	0	0	0	0
08.08.2015 23:14:44.944000	0.00500011	0.00856796	0.0127311	0.015625	-674.839	0.00687211	7	5	5	5	0.245229	415	0	0	0	0	0.322302	5.83148	129.154	-472.178	1	0	0	0	0	0	0	0
08.08.2015 23:14:45.044000	0.00500011	0.00856796	0.0127311	0.0234375	-674.836	0.00596788	7	5	5	5	0.259943	415	0	0	0	0	0.327619	4.67452	129.128	-476.507	1	0	0	0	0	0	0	0
08.08.2015 23:14:45.144000	0.00500011	0.00856796	0.0127311	0.0208333	-674.836	0.00651042	7	5	5	5	0.257711	415	0	0	0	0	0.332827	5.4268	129.124	-473.613	1	0	0	0	0	0	0	0
08.08.2015 23:14:45.244000	0.00500011	0.00856796	0.0127311	0.0234375	-674.832	0.00596788	7	5	5	5	0.275413	415	0	0	0	0	0.335503	5.79241	129.125	-472.215	1	0	0	0	0	0	0	0
08.08.2015 23:14:45.344000	0.00500011	0.00856796	0.0127311	0.0234375	-674.836	0.00614873	7	5	5	5	0.251775	415	0	0	0	0	0.339193	4.60274	129.088	-476.629	1	0	0	0	0	0	0	0
08.08.2015 23:14:45.444000	0.00500011	0.00856796	0.0127311	0.015625	-674.832	0.00868056	7	5	5	5	0.249746	415	0	0	0	0	0.343027	2.62825	129.003	-483.865	1	0	0	0	0	0	0	0
08.08.2015 23:14:45.544000	0.00500011	0.00856796	0.0127311	0.0208333	-674.841	0.00831887	7	5	5	5	0.258133	415	0	0	0	0	0.345414	2.98874	128.996	-482.455	1	0	0	0	0	0	0	0
08.08.2015 23:14:45.644000	0.00500011	0.00856796	0.0127311	0.183594	-674.844	0.00868056	7	5	5	5	0.25858	415	0	0	0	0	0.346824	4.98495	129.041	-474.986	1	0	0	0	0	0	0	0
08.08.2015 23:14:45.744000	0.00500011	0.00856796	0.0127311	0.875	-674.841	0.00651042	7	5	5	5	0.253862	415	0	0	0	0	0.348741	4.42463	129.023	-477.061	1	0	0	0	0	0	0	0
08.08.2015 23:14:45.844000	0.00500011	0.00856796	0.0127311	6.76953	-674.844	0.00705295	7	5	5	5	0.260795	415	0	0	0	0	0.350188	4.97903	129.028	-474.96	1	0	0	0	0	0	0	0
08.08.2015 23:14:45.944000	0.00500011	0.00856796	0.0127311	32.0234	-674.841	0.00868056	7	5	5	5	0.275534	415	0	0	0	0	0.351128	4.31019	129.002	-477.419	1	0	0	0	0	0	0	0
08.08.2015 23:14:46.044000	0.00500011	0.00856796	0.0127311	52.1719	-674.84	0.00813802	7	5	5	5	0.262606	415	0	0	0	0	0.351635	5.04501	129.015	-474.655	1	0	0	0	0	0	0	0
08.08.2015 23:14:46.144000	0.00500011	0.00856796	0.0127311	77.1797	-674.839	0.00651042	7	5	5	5	0.270944	415	0	0	0	0	0.353082	4.59859	128.993	-476.282	1	0	0	0	0	0	0	0
08.08.2015 23:14:46.244000	0.00500011	0.00856796	0.0127311	114.43	-674.84	0.00596788	7	5	5	5	0.243743	415	0	0	0	0	0.354528	3.9378	128.965	-478.706	1	0	0	0	0	0	0	0
08.08.2015 23:14:46.344000	0.00500011	0.00856796	0.0127311	158.607	-674.844	0.00578704	7	5	5	5	0.255779	415	0	0	0	0	0.355288	5.15561	128.983	-474.109	1	0	0	0	0	0	0	0
08.08.2015 23:14:46.444000	0.00500011	0.00856796	0.0127311	199.461	-674.84	0.00651042	7	5	5	5	0.248402	415	0	0	0	0	0.356988	4.72158	128.964	-475.701	1	0	0	0	0	0	0	0
08.08.2015 23:14:46.544000	0.00500011	0.00856796	0.0127311	243.042	-674.839	0.00470197	7	5	5	5	0.248388	415	0	0	0	0	0.357856	4.3929	128.948	-476.896	1	0	0	0	0	0	0	0
08.08.2015 23:14:46.644000	0.00500011	0.00856796	0.0127311	295.516	-674.844	0.00379774	7	5	5	5	0.24968	415	0	0	0	0	0.359339	4.75784	128.944	-475.483	1	0	0	0	0	0	0	0
08.08.2015 23:14:46.744000	0.00500011	0.00856796	0.0127311	347.974	-674.844	0.00614873	7	5	5	5	0.222658	415	0	0	0	0	0.359628	4.60634	128.931	-476.013	1	0	0	0	0	0	0	0
08.08.2015 23:14:46.844000	0.00500011	0.00856796	0.0127311	391.441	-674.844	0.00868056	7	5	5	5	0.234424	415	0	0	0	0	0.360532	4.4803	128.915	-476.435	1	0	0	0	0	0	0	0
08.08.2015 23:14:46.944000	0.00500011	0.00856796	0.0127311	433.568	-674.844	0.00542535	7	5	5	5	0.260164	415	0	0	0	0	0.361147	4.46583	128.903	-476.446	1	0	0	0	0	0	0	0
08.08.2015 23:14:47.044000	0.00500011	0.00856796	0.0127311	478.32	-674.844	0.00596788	7	5	5	5	0.258566	415	0	0	0	0	0.36216	4.3741	128.889	-476.743	1	0	0	0	0	0	0	0
08.08.2015 23:14:47.144000	0.00500011	0.00856796	0.0127311	498.245	-674.844	0.0072338	7	5	5	5	0.26023	415	0	0	0	0	0.362305	4.55586	128.884	-476.029	1	0	0	0	0	0	0	0
08.08.2015 23:14:47.244000	0.00500011	0.00856796	0.0127311	513.152	-674.844	0.00813802	7	5	5	5	0.290675	415	0	0	0	0	0.363571	4.47047	128.869	-476.292	1	0	0	0	0	0	0	0
08.08.2015 23:14:47.344000	0.00500011	0.00856796	0.0127311	531.013	-674.844	0.00831887	7	5	5	5	0.274724	415	0	0	0	0	0.364656	4.50276	128.861	-476.142	1	0	0	0	0	0	0	0
08.08.2015 23:14:47.444000	0.00500011	0.00856796	0.0127311	551.457	-674.844	0.00759549	7	5	5	5	0.270182	415	0	0	0	0	0.364764	4.47005	128.853	-476.236	1	0	0	0	0	0	0	0
08.08.2015 23:14:47.544000	0.00500011	0.00856796	0.0127311	567.305	-674.844	0.00831887	7	5	5	5	0.250181	415	0	0	0	0	0.366066	4.47951	128.842	-476.161	1	0	0	0	0	0	0	0
08.08.2015 23:14:47.644000	0.00500011	0.00856796	0.0127311	583.203	-674.844	0.00813802	7	5	5	5	0.260236	415	0	0	0	0	0.36726	4.47664	128.829	-476.12	1	0	0	0	0	0	0	0
08.08.2015 23:14:47.744000	0.00500011	0.00856796	0.0127311	602.747	-674.844	0.00831887	7	5	5	5	0.261425	415	0	0	0	0	0.369972	4.43019	128.821	-476.268	1	0	0	0	0	0	0	0
08.08.2015 23:14:47.844000	0.00500011	0.00856796	0.0127311	619.582	-674.844	0.00759549	7	5	5	5	0.288699	415	0	0	0	0	0.37113	4.47492	128.813	-476.102	1	0	0	0	0	0	0	0
08.08.2015 23:14:47.944000	0.00500011	0.00856796	0.0127311	634.414	-674.844	0.00831887	7	5	5	5	0.276019	415	0	0	0	0	0.37526	4.47326	128.801	-476.04	1	0	0	0	0	0	0	0
08.08.2015 23:14:48.044000	0.00500011	0.00856796	0.0127311	648.652	-674.844	0.00868056	7	5	5	5	0.25202	415	0	0	0	0	0.379311	4.45589	128.79	-476.055	1	0	0	0	0	0	0	0
08.08.2015 23:14:48.144000	0.00500011	0.00856796	0.0127311	667.206	-674.846	0.00795718	7	5	5	5	0.275822	415	0	0	0	0	0.38423	4.4519	128.785	-476.048	1	0	0	0	0	0	0	0
08.08.2015 23:14:48.244000	0.00500011	0.00856796	0.0127311	679.449	-674.852	0.00813802	7	5	5	5	0.280003	415	0	0	0	0	0.388542	4.44215	128.774	-476.042	1	0	0	0	0	0	0	0
08.08.2015 23:14:48.344000	0.00500011	0.00856796	0.0127311	690.828	-674.852	0.00614873	7	5	5	5	0.266141	415	0	0	0	0	0.395775	4.43289	128.759	-476.018	1	0	0	0	0	0	0	0
08.08.2015 23:14:48.444000	0.00500011	0.00856796	0.0127311	700.723	-674.848	0.00596788	7	5	5	5	0.263398	415	0	0	0	0	0.402286	4.39125	128.748	-476.137	1	0	0	0	0	0	0	0
08.08.2015 23:14:48.544000	0.00500011	0.00856796	0.0127311	710.552	-674.852	0.00506366	7	5	5	5	0.293441	415	0	0	0	0	0.4068	4.35994	128.738	-476.217	1	0	0	0	0	0	0	0
08.08.2015 23:14:48.644000	0.00500011	0.00856796	0.0127311	713.797	-674.855	0.00651042	7	5	5	5	0.275456	415	0	0	0	0	0.40978	4.35041	128.731	-476.23	1	0	0	0	0	0	0	0
08.08.2015 23:14:48.744000	0.00500011	0.00856796	0.0127311	714.638	-674.854	0.00759549	7	5	5	5	0.262486	415	0	0	0	0	0.4114	4.43117	128.722	-475.886	1	0	0	0	0	0	0	0
08.08.2015 23:14:48.844000	0.00500011	0.00856796	0.0127311	715.098	-674.859	0.00651042	7	5	5	5	0.257537	415	0	0	0	0	0.412876	4.39082	128.71	-475.992	1	0	0	0	0	0	0	0
08.08.2015 23:14:48.944000	0.00500011	0.00856796	0.0127311	715.102	-674.859	0.00651042	7	5	5	5	0.255366	415	0	0	0	0	0.412876	4.54524	128.706	-475.387	1	0	0	0	0	0	0	0
08.08.2015 23:14:49.044000	0.00500011	0.00856796	0.0127311	715.102	-674.859	0.00596788	7	5	5	5	0.243431	415	0	0	0	0	0.413773	5.15091	128.718	-473.113	1	0	0	0	0	0	0	0
08.08.2015 23:14:49.144000	0.00500011	0.00856796	0.0127311	715.099	-674.857	0.00578704	7	5	5	5	0.251252	415	0	0	0	0	0.415394	4.29353	128.684	-476.267	1	0	0	0	0	0	0	0
08.08.2015 23:14:49.244000	0.00500011	0.00856796	0.0127311	715.102	-674.859	0.00813802	7	5	5	5	0.253113	415	0	0	0	0	0.416667	4.4579	128.672	-475.592	1	0	0	0	0	0	0	0
08.08.2015 23:14:49.344000	0.00500011	0.00856796	0.0127311	715.102	-674.859	0.00651042	7	5	5	5	0.266949	415	0	0	0	0	0.416667	4.68703	128.672	-474.712	1	0	0	0	0	0	0	0
08.08.2015 23:14:49.444000	0.00500011	0.00856796	0.0127311	715.102	-674.859	0.00651042	7	5	5	5	0.27292	415	0	0	0	0	0.415307	4.39686	128.655	-475.761	1	0	0	0	0	0	0	0
08.08.2015 23:14:49.544000	0.00500011	0.00856796	0.0127311	715.102	-674.859	0.00687211	7	5	5	5	0.287455	415	0	0	0	0	0.413281	4.44185	128.643	-475.54	1	0	0	0	0	0	0	0
08.08.2015 23:14:49.644000	0.00500011	0.00856796	0.0127311	715.105	-674.859	0.00596788	7	5	5	5	0.276284	415	0	0	0	0	0.411256	4.61238	128.662	-474.963	1	0	0	0	0	0	0	0
08.08.2015 23:14:49.744000	0.00500011	0.00856796	0.0127311	715.107	-674.859	0.00470197	7	5	5	5	0.263713	415	0	0	0	0	0.410735	4.61238	128.796	-475.476	1	0	0	0	0	0	0	0
08.08.2015 23:14:49.844000	0.00500011	0.00856796	0.0127311	715.109	-674.859	0.00271267	7	5	5	5	0.285558	415	0	0	0	0	0.409317	4.50716	128.935	-476.409	1	0	0	0	0	0	0	0
08.08.2015 23:14:49.944000	0.00500011	0.00856796	0.0127311	715.107	-674.859	0.00325521	7	5	5	5	0.30205	415	0	0	0	0	0.410764	4.52724	129.063	-476.822	1	0	0	0	0	0	0	0
08.08.2015 23:14:50.044000	0.00500011	0.00856796	0.0127311	715.109	-674.859	0.00325521	7	5	5	5	0.28578	415	0	0	0	0	0.412847	4.60201	129.16	-476.907	1	0	0	0	0	0	0	0
08.08.2015 23:14:50.144000	0.00500011	0.00856796	0.0127311	715.109	-674.859	0.00397859	7	5	5	5	0.274578	415	0	0	0	0	0.41603	4.54878	129.268	-477.523	1	0	0	0	0	0	0	0
08.08.2015 23:14:50.244000	0.00500011	0.00856796	0.0127311	715.109	-674.859	0.00434028	7	5	5	5	0.272671	415	0	0	0	0	0.423409	4.54225	129.502	-478.446	1	0	0	0	0	0	0	0
08.08.2015 23:14:50.344000	0.00500011	0.00856796	0.0127311	715.112	-674.862	0.00578704	7	5	5	5	0.288689	415	0	0	0	0	0.434288	4.0539	130.067	-482.48	1	0	0	0	0	0	0	0
08.08.2015 23:14:50.444000	0.00500011	0.00856796	0.0127311	715.121	-674.875	0.00596788	7	5	5	5	0.306862	415	0	0	0	0	0.443953	4.26759	129.496	-479.475	1	0	0	0	0	0	0	0
08.08.2015 23:14:50.544000	0.00500011	0.00856796	0.0127311	715.122	-674.872	0.00578704	7	5	5	5	0.285806	415	0	0	0	0	0.454832	4.56325	128.105	-473.016	1	0	0	0	0	0	0	0
08.08.2015 23:14:50.644000	0.00500011	0.00856796	0.0127311	715.125	-674.875	0.00651042	7	5	5	5	0.327179	415	0	0	0	0	0.462847	5.75097	130.416	-477.316	1	0	0	0	0	0	0	0
08.08.2015 23:14:50.744000	0.00500011	0.00856796	0.0127311	715.143	-674.875	0.00868056	7	5	5	5	0.34095	415	0	0	0	0	0.469502	5.47111	130.288	-477.899	1	0	0	0	0	0	0	0
08.08.2015 23:14:50.844000	0.00500011	0.00856796	0.0127311	715.148	-674.867	0.00813802	7	5	5	5	0.360041	415	0	0	0	0	0.474248	4.6335	129.725	-478.95	1	0	0	0	0	0	0	0
08.08.2015 23:14:50.944000	0.00500011	0.00856796	0.0127311	715.148	-674.872	0.00831887	7	5	5	5	0.336519	415	0	0	0	0	0.480382	5.03763	129.213	-475.443	1	0	0	0	0	0	0	0
08.08.2015 23:14:51.044000	0.00500011	0.00856796	0.0127311	715.148	-674.871	0.00705295	7	5	5	5	0.318861	415	0	0	0	0	0.483912	5.25571	129.128	-474.283	1	0	0	0	0	0	0	0
08.08.2015 23:14:51.144000	0.00500011	0.00856796	0.0127311	715.148	-674.875	0.0072338	7	5	5	5	0.294645	415	0	0	0	0	0.487847	4.85751	129.05	-475.51	1	0	0	0	0	0	0	0
08.08.2015 23:14:51.244000	0.00500011	0.00856796	0.0127311	715.148	-674.871	0.00651042	7	5	5	5	0.300517	415	0	0	0	0	0.491638	4.95944	129.035	-475.06	1	0	0	0	0	0	0	0
08.08.2015 23:14:51.344000	0.00500011	0.00856796	0.0127311	715.148	-674.875	0.00687211	7	5	5	5	0.290945	415	0	0	0	0	0.494242	5.25828	128.976	-473.692	1	0	0	0	0	0	0	0
08.08.2015 23:14:51.444000	0.00500011	0.00856796	0.0127311	715.148	-674.875	0.00596788	7	5	5	5	0.298957	415	0	0	0	0	0.496586	4.92331	128.852	-474.497	1	0	0	0	0	0	0	0
08.08.2015 23:14:51.544000	0.00500011	0.00856796	0.0127311	715.148	-674.875	0.00614873	7	5	5	5	0.319687	415	0	0	0	0	0.49809	4.88632	128.614	-473.728	1	0	0	0	0	0	0	0
08.08.2015 23:14:51.644000	0.00500011	0.00856796	0.0127311	715.148	-674.875	0.00596788	7	5	5	5	0.339672	415	0	0	0	0	0.499219	4.6086	128.332	-473.714	1	0	0	0	0	0	0	0
08.08.2015 23:14:51.744000	0.00500011	0.00856796	0.0127311	715.148	-674.872	0.00614873	7	5	5	5	0.342164	415	0	0	0	0	0.499971	4.45692	128.291	-474.137	1	0	0	0	0	0	0	0
08.08.2015 23:14:51.844000	0.00500011	0.00856796	0.0127311	715.148	-674.875	0.00651042	7	5	5	5	0.321678	415	0	0	0	0	0.500318	14.3693	117.965	-396.648	1	0	0	0	0	0	0	0
08.08.2015 23:14:51.944000	0.00500011	0.00856796	0.0127311	715.063	-674.875	0.00651042	7	5	5	5	0.296919	415	0.500403	0	0	10.2075	0.499855	103.639	93.2135	39.9173	1	0	0	0	0	0	0	0
08.08.2015 23:14:52.044000	0.00500011	0.00856796	0.0127311	713.918	-674.875	0.00651042	7	5	5	5	0.287926	415	3.33718	0	0	34.2045	0.500955	110.973	84.5075	101.33	1	0	0	0	0	0	0	0
08.08.2015 23:14:52.144000	0.00500011	0.00856796	0.0127311	701.583	-674.867	0.00651042	7	5	5	5	0.303116	415	6.71316	0	0	33.9653	0.503328	111.142	84.6535	101.42	1	0	0	0	0	0	0	0
08.08.2015 23:14:52.244000	0.00500011	0.00856796	0.0127311	680.277	-674.871	0.00596788	7	5	5	5	0.307354	415	10.1891	0	0	35.2201	0.505179	114.057	87.9589	99.9262	1	0	0	0	0	0	0	0
08.08.2015 23:14:52.344000	0.00500011	0.00856796	0.0127311	661.674	-674.875	0.00614873	7	5	5	5	0.31097	415	13.6701	0	0	34.6015	0.506163	117.944	92.0372	99.1905	1	0	0	0	0	0	0	0
08.08.2015 23:14:52.444000	0.00500011	0.00856796	0.0127311	637.285	-674.875	0.00596788	7	5	5	5	0.328412	415	17.4823	38.5	0	46.1516	0.507089	115.257	85.5711	113.663	1	0.83	0	0	0	0	0	0
08.08.2015 23:14:52.544000	0.00500011	0.00856796	0.0127311	600.596	-674.875	0.00614873	7	5	5	5	0.314941	415	21.9939	50	0	34.8552	0.507378	102.348	83.4393	72.3965	1	1	0	0	0	0	0	0
08.08.2015 23:14:52.644000	0.00500011	0.00856796	0.0127311	563.273	-674.875	0.00651042	7	5	5	5	0.305442	415	23.8557	46.5141	0	13.7308	0.506539	78.1644	53.7099	93.6316	1	1	0	0	0	0	0	0
08.08.2015 23:14:52.744000	0.00500011	0.00856796	0.0127311	526.578	-674.885	0.00831887	7	5	5	5	0.296269	415	24.9142	36.6502	0	9.98123	0.506655	58.2583	33.3718	95.2854	1	1	0	0	0	0	0	0
08.08.2015 23:14:52.844000	0.00500011	0.00856796	0.0127311	487.238	-674.895	0.00651042	7	5	5	5	0.313429	415	25.6902	26.6503	0	7.42702	0.506916	50.7338	25.8427	95.303	1	1	0	0	0	0	0	0
08.08.2015 23:14:52.944000	0.00500011	0.00856796	0.0127311	433.542	-674.893	0.00614873	7	5	5	5	51.529	415	26.1792	10.6413	0	5.52062	0.648524	46.5974	21.9263	94.461	1	1	1	0	0	0	0	0
08.08.2015 23:14:53.044000	0.00500011	0.00856796	0.0127311	397.031	-674.895	0.00651042	7	5	5	5	91.4414	415	26.3388	5.2372	0	2.87526	5.32561	45.665	19.988	98.3123	1	1	1	0	0	0	0	0
08.08.2015 23:14:53.144000	0.00500011	0.00856796	0.0127311	362.542	-674.898	0.00614873	7	5	5	5	91.5146	415	26.4677	5.2372	0	2.28147	10.6763	45.0187	19.3462	98.295	1	1	1	0	0	0	0	0
08.08.2015 23:14:53.244000	0.00500011	0.00856796	0.0127311	324.281	-674.895	0.00651042	7	5	5	5	91.8001	415	26.597	5.2372	0	1.39007	11.4963	44.5125	18.9536	97.8601	1	1	1	0	0	0	0	0
08.08.2015 23:14:53.344000	0.00500011	0.00856796	0.0127311	288.365	-674.898	0.00687211	7	5	5	5	91.8183	415	26.7174	5.2372	0	1.32298	11.7453	44.1344	18.5382	98.0029	1	1	1	0	0	0	0	0
08.08.2015 23:14:53.444000	0.00500011	0.00856796	0.0127311	260.715	-674.898	0.00651042	7	5	5	5	91.7944	415	26.8442	5.2372	0	1.28236	11.8234	44.0533	18.1166	99.3067	1	1	1	0	0	0	0	0
08.08.2015 23:14:53.544000	0.00500011	0.00856796	0.0127311	241.297	-674.898	0.00614873	7	5	5	5	91.6606	415	26.9621	5.2372	0	1.28195	11.8551	43.8978	17.9229	99.4528	1	1	1	0	0	0	0	0
08.08.2015 23:14:53.644000	0.00500011	0.00856796	0.0127311	220.453	-674.898	0.00596788	7	5	5	5	91.8131	415	27.083	5.2372	0	1.20787	11.8447	43.4125	17.8246	97.9709	1	1	1	0	0	0	0	0
08.08.2015 23:14:53.744000	0.00500011	0.00856796	0.0127311	201.451	-674.898	0.00578704	7	5	5	5	91.8778	415	27.2038	5.2372	0	1.20143	11.8597	42.3452	17.6883	94.4063	1	1	1	0	0	0	0	0
08.08.2015 23:14:53.844000	0.00500011	0.00856796	0.0127311	185.066	-674.906	0.00542535	7	5	5	5	91.9252	415	27.3182	5.2372	0	1.1708	11.8732	43.1042	17.5656	97.782	1	1	1	0	0	0	0	0
08.08.2015 23:14:53.944000	0.00500011	0.00856796	0.0127311	168.266	-674.906	0.00614873	7	5	5	5	91.8992	415	27.4421	5.2372	0	1.16217	11.8851	42.0618	17.5016	94.0359	1	1	1	0	0	0	0	0
08.08.2015 23:14:54.044000	0.00500011	0.00856796	0.0127311	146.77	-674.91	0.00596788	7	5	5	5	91.9885	415	27.558	5.2372	0	1.20443	11.8888	43.083	17.4762	98.0433	1	1	1	0	0	0	0	0
08.08.2015 23:14:54.144000	0.00500011	0.00856796	0.0127311	135.852	-674.914	0.00542535	7	5	5	5	91.9304	415	27.6774	5.2372	0	1.21928	11.8966	43.6276	17.4341	100.29	1	1	1	0	0	0	0	0
08.08.2015 23:14:54.244000	0.00500011	0.00856796	0.0127311	128.746	-674.914	0.00434028	7	5	5	5	91.7236	415	27.7973	5.2372	0	1.18507	11.8987	43.1097	17.4043	98.421	1	1	1	0	0	0	0	0
08.08.2015 23:14:54.344000	0.00500011	0.00856796	0.0127311	127.362	-674.919	0.00506366	7	5	5	5	91.7029	415	27.9186	5.2372	0	1.16226	11.8883	41.4125	17.6412	91.0155	1	1	1	0	0	0	0	0
08.08.2015 23:14:54.444000	0.00500011	0.00856796	0.0127311	127.316	-674.922	0.00434028	7	5	5	5	91.6394	415	28.041	5.2372	0	1.19811	11.8931	43.1831	17.5787	98.0342	1	1	1	0	0	0	0	0
08.08.2015 23:14:54.544000	0.00500011	0.00856796	0.0127311	127.581	-674.927	0.00614873	7	5	5	5	91.4968	415	28.1564	5.2372	0	1.22516	11.888	41.7848	17.4709	93.0931	1	1	1	0	0	0	0	0
08.08.2015 23:14:54.644000	0.00500011	0.00856796	0.0127311	127.75	-674.93	0.00651042	7	5	5	5	91.5823	415	28.2688	5.2372	0	1.20178	11.8867	41.2771	17.3221	91.719	1	1	1	0	0	0	0	0
08.08.2015 23:14:54.744000	0.00500011	0.00856796	0.0127311	127.758	-674.93	0.00542535	7	5	5	5	91.6499	415	28.3887	5.2372	0	1.17321	11.8907	42.6735	17.2323	97.4095	1	1	1	0	0	0	0	0
08.08.2015 23:14:54.844000	0.00500011	0.00856796	0.0127311	127.77	-674.93	0.00379774	7	5	5	5	91.6378	415	28.5051	5.2372	0	1.17139	11.8913	42.4082	17.2068	96.4911	1	1	1	0	0	0	0	0
08.08.2015 23:14:54.944000	0.00500011	0.00856796	0.0127311	127.813	-674.932	0.00651042	7	5	5	5	91.7345	415	28.621	5.2372	0	1.16752	11.8831	44.0082	17.2074	102.615	1	1	1	0	0	0	0	0
08.08.2015 23:14:55.044000	0.00500011	0.00856796	0.0127311	127.859	-674.938	0.00705295	7	5	5	5	91.7327	415	28.7424	5.2372	0	1.16761	11.8897	42.0943	17.2124	95.2679	1	1	1	0	0	0	0	0
08.08.2015 23:14:55.144000	0.00500011	0.00856796	0.0127311	127.867	-674.94	0.00868056	7	5	5	5	91.8644	415	28.8573	5.2372	0	1.16797	11.8864	43.2009	17.252	99.3532	1	1	1	0	0	0	0	0
08.08.2015 23:14:55.244000	0.00500011	0.00856796	0.0127311	127.875	-674.938	0.00868056	7	5	5	5	91.9368	415	28.9776	5.2372	0	1.16883	11.8848	42.5424	17.2896	96.6881	1	1	1	0	0	0	0	0
08.08.2015 23:14:55.344000	0.00500011	0.00856796	0.0127311	127.875	-674.945	0.00831887	7	5	5	5	91.8307	415	29.099	5.2372	0	1.17872	11.8925	42.8687	17.3185	97.8269	1	1	1	0	0	0	0	0
08.08.2015 23:14:55.444000	0.00500011	0.00856796	0.0127311	127.879	-674.945	0.00813802	7	5	5	5	91.9774	415	29.2144	5.2372	0	1.17975	11.8869	43.3746	17.3283	99.7259	1	1	1	0	0	0	0	0
08.08.2015 23:14:55.544000	0.00500011	0.00856796	0.0127311	127.888	-674.945	0.00831887	7	5	5	5	91.931	415	29.3383	5.2372	0	1.21318	11.8876	41.8556	17.3275	93.9132	1	1	1	0	0	0	0	0
08.08.2015 23:14:55.644000	0.00500011	0.00856796	0.0127311	127.891	-674.945	0.00868056	7	5	5	5	91.8618	415	29.4537	5.2372	0	1.21318	11.89	43.2006	17.3266	99.0662	1	1	1	0	0	0	0	0
08.08.2015 23:14:55.744000	0.00500011	0.00856796	0.0127311	127.896	-674.948	0.00795718	7	5	5	5	109.478	415	29.5745	5.2372	0	1.19665	11.8829	42.0667	17.3354	94.6911	1	1	1	0	0	0	0	0
08.08.2015 23:14:55.844000	0.00500011	0.00856796	0.0127311	127.898	-674.949	0.00868056	7	5	5	5	154.939	415	29.6949	5.2372	0	1.19578	11.6627	43.8782	17.3305	101.646	1	1	1	0	0	0	0	0
08.08.2015 23:14:55.944000	0.00500011	0.00856796	0.0127311	127.906	-674.953	0.00795718	7	5	5	5	167.593	415	29.8113	5.2372	0	1.18606	11.3774	42.9563	17.3345	98.1006	1	1	1	0	0	0	0	0
08.08.2015 23:14:56.044000	0.00500011	0.00856796	0.0127311	127.91	-674.953	0.00542535	7	5	5	5	198.81	415	29.9362	5.2372	0	1.18434	11.2163	42.5292	17.3383	96.4509	1	1	1	0	0	0	0	0
08.08.2015 23:14:56.144000	0.00500011	0.00856796	0.0127311	127.914	-674.953	0.00578704	7	5	5	5	319.019	415	30.0521	5.2372	0	1.19307	11.0057	42.438	17.3339	96.1186	1	1	1	0	0	0	0	0
08.08.2015 23:14:56.244000	0.00500011	0.00856796	0.0127311	127.914	-674.953	0.00651042	7	5	5	5	583.731	415	30.1759	5.2372	0	1.19568	10.7828	42.8027	17.3377	97.5004	1	1	1	0	0	0	0	0
08.08.2015 23:14:56.344000	0.00500011	0.00856796	0.0127311	127.917	-674.953	0.00434028	7	5	5	5	770.313	415	30.2938	5.2372	0	1.20393	10.7247	41.975	17.3146	94.4198	1	1	1	0	0	0	0	0
08.08.2015 23:14:56.444000	0.00500011	0.00856796	0.0127311	127.922	-674.953	0.00596788	7	5	5	5	636.628	415	30.4122	5.2372	0	1.20729	10.5257	43.1502	17.3616	98.7395	1	1	1	0	0	0	0	0
08.08.2015 23:14:56.544000	0.00500011	0.00856796	0.0127311	127.924	-674.953	0.00614873	7	5	5	5	860.195	415	30.5331	5.2372	0	1.19999	10.5838	43.2321	17.325	99.1931	1	1	1	0	0	0	0	0
08.08.2015 23:14:56.644000	0.00500011	0.00856796	0.0127311	127.93	-674.961	0.00596788	7	5	5	5	632.57	415	30.6495	5.2372	0	1.1957	10.4378	41.2571	17.3877	91.3911	1	1	1	0	0	0	0	0
08.08.2015 23:14:56.744000	0.00500011	0.00856796	0.0127311	127.93	-674.961	0.00651042	7	5	5	5	1029.29	415	30.7733	5.2372	0	1.19897	10.5047	43.3507	17.3067	99.7173	1	1	1	0	0	0	0	0
08.08.2015 23:14:56.844000	0.00500011	0.00856796	0.0127311	127.938	-674.961	0.00705295	7	5	5	5	955.415	415	30.8927	5.2372	0	1.20154	10.3759	43.3793	17.3472	99.6715	1	1	1	0	0	0	0	0
08.08.2015 23:14:56.944000	0.00500011	0.00856796	0.0127311	127.938	-674.961	0.00614873	7	5	5	5	639.372	415	31.0131	5.2372	0	1.20147	10.463	43.2862	17.3457	99.3212	1	1	1	0	0	0	0	0
08.08.2015 23:14:57.044000	0.00500011	0.00856796	0.0127311	127.941	-674.961	0.00596788	7	5	5	5	1276.88	415	31.1344	5.2372	0	1.20141	10.5215	43.2931	17.2851	99.5797	1	1	1	0	0	0	0	0
08.08.2015 23:14:57.144000	0.00500011	0.00856796	0.0127311	127.945	-674.966	0.00325521	7	5	5	5	1101.73	415	31.2523	5.2372	0	1.20395	10.2407	42.7293	17.3482	97.1793	1	1	1	0	0	0	0	0
08.08.2015 23:14:57.244000	0.00500011	0.00856796	0.0127311	127.945	-674.965	0.00271267	7	5	5	5	859.072	415	31.3762	5.2372	0	1.20732	10.3459	43.2597	17.3553	99.1831	1	1	1	0	0	0	0	0
08.08.2015 23:14:57.344000	0.00500011	0.00856796	0.0127311	127.948	-674.969	0.00217014	7	5	5	5	1136.3	415	31.4936	5.2372	0	1.2073	10.3916	43.2041	17.3406	99.0263	1	1	1	0	0	0	0	0
08.08.2015 23:14:57.444000	0.00500011	0.00856796	0.0127311	127.953	-674.969	0.00542535	7	5	5	5	1051.57	415	31.6135	5.2372	0	1.20726	10.3554	42.2457	17.3471	95.3317	1	1	1	0	0	0	0	0
08.08.2015 23:14:57.544000	0.00500011	0.00856796	0.0127311	127.951	-674.969	0.00578704	7	5	5	5	859.337	415	31.7343	5.2372	0	1.20243	10.3477	42.0242	17.4006	94.2791	1	1	1	0	0	0	0	0
08.08.2015 23:14:57.644000	0.00500011	0.00856796	0.0127311	127.953	-674.969	0.00651042	7	5	5	5	1078.6	415	31.8522	5.2372	0	1.19001	10.4441	42.7838	17.356	97.3579	1	1	1	0	0	0	0	0
08.08.2015 23:14:57.744000	0.00500011	0.00856796	0.0127311	127.953	-674.969	0.00651042	7	5	5	5	790.339	415	31.9761	5.2372	0	1.19115	10.4276	43.1669	17.408	98.6257	1	1	1	0	0	0	0	0
08.08.2015 23:14:57.844000	0.00500011	0.00856796	0.0127311	127.953	-674.969	0.00651042	7	5	5	5	905.725	415	32.095	5.2372	0	1.19569	10.5446	42.7285	17.389	97.0197	1	1	1	0	0	0	0	0
08.08.2015 23:14:57.944000	0.00500011	0.00856796	0.0127311	127.961	-674.969	0.00397859	7	5	5	5	893.692	415	32.2178	5.2372	0	1.19947	10.5763	42.8553	17.3915	97.4955	1	1	1	0	0	0	0	0
08.08.2015 23:14:58.044000	0.00500011	0.00856796	0.0127311	127.965	-674.969	0.00651042	7	5	5	5	912.3	415	32.3367	5.2372	0	1.2193	10.5967	43.311	17.3982	99.2146	1	1	1	0	0	0	0	0
08.08.2015 23:14:58.144000	0.00500011	0.00856796	0.0127311	127.969	-674.969	0.00542535	7	5	5	5	777.107	415	32.4586	5.2372	0	1.21924	10.5781	43.041	17.4089	98.1403	1	1	1	0	0	0	0	0
08.08.2015 23:14:58.244000	0.00500011	0.00856796	0.0127311	127.969	-674.969	0.00651042	7	5	5	5	925.306	415	32.5779	5.2372	0	1.21882	10.6121	43.0207	17.4067	98.0709	1	1	1	0	0	0	0	0
08.08.2015 23:14:58.344000	0.00500011	0.00856796	0.0127311	127.969	-674.969	0.00614873	7	5	5	5	806.086	415	32.6958	5.2372	0	1.21842	10.6328	43.57	17.4171	99.7845	1	1	1	0	0	0	0	0
08.08.2015 23:14:58.444000	0.00500011	0.00856796	0.0127311	127.969	-674.969	0.00651042	7	5	5	5	745.625	415	32.8197	5.2372	0	1.1789	10.6705	43.5828	17.4132	99.4709	1	1	1	0	0	0	0	0
08.08.2015 23:14:58.544000	0.00500011	0.00856796	0.0127311	127.977	-674.969	0.00651042	7	5	5	5	839.599	415	32.9371	5.2372	0	1.1789	10.7451	43.4145	17.3893	99.6271	1	1	1	0	0	0	0	0
08.08.2015 23:14:58.644000	0.00500011	0.00856796	0.0127311	127.98	-674.969	0.00596788	7	5	5	5	892.778	415	33.0619	5.2372	0	1.20034	10.7525	42.6359	17.3846	96.503	1	1	1	0	0	0	0	0
08.08.2015 23:14:58.744000	0.00500011	0.00856796	0.0127311	127.982	-674.969	0.00651042	7	5	5	5	681.882	415	33.1793	5.2372	0	1.20147	10.7451	43.5047	17.392	99.9802	1	1	1	0	0	0	0	0
08.08.2015 23:14:58.844000	0.00500011	0.00856796	0.0127311	127.984	-674.969	0.00434028	7	5	5	5	645.019	415	33.3007	5.2372	0	1.21202	10.7711	42.2539	17.4021	95.1522	1	1	1	0	0	0	0	0
08.08.2015 23:14:58.944000	0.00500011	0.00856796	0.0127311	127.984	-674.969	0.00397859	7	5	5	5	790.667	415	33.4211	5.2372	0	1.21319	10.8148	42.9615	17.3917	97.9017	1	1	1	0	0	0	0	0
08.08.2015 23:14:59.044000	0.00500011	0.00856796	0.0127311	127.984	-674.969	0.00217014	7	5	5	5	673.254	415	33.54	5.2372	0	1.2132	10.777	42.1669	17.4092	94.7921	1	1	1	0	0	0	0	0
08.08.2015 23:14:59.144000	0.00500011	0.00856796	0.0127311	127.984	-674.969	0.00072338	7	5	5	5	726.324	415	33.6663	5.2372	0	1.21321	10.7934	43.6726	17.4102	100.553	1	1	1	0	0	0	0	0
08.08.2015 23:14:59.244000	0.00500011	0.00856796	0.0127311	127.992	-674.969	0.00434028	7	5	5	5	672.248	415	33.7827	5.2372	0	1.20848	10.7825	43.5917	17.4209	100.203	1	1	1	0	0	0	0	0
08.08.2015 23:14:59.344000	0.00500011	0.00856796	0.0127311	127.987	-674.969	0.00578704	7	5	5	5	773.557	415	33.908	5.2372	0	1.20722	10.8171	42.9654	17.4163	97.8225	1	1	1	0	0	0	0	0
08.08.2015 23:14:59.444000	0.00500011	0.00856796	0.0127311	127.992	-674.969	0.00651042	7	5	5	5	844.053	415	34.0259	5.2372	0	1.20316	10.7874	42.321	17.4208	95.3378	1	1	1	0	0	0	0	0
08.08.2015 23:14:59.544000	0.00500011	0.00856796	0.0127311	127.995	-674.969	0.0072338	7	5	5	5	666.805	415	34.1493	5.2372	0	1.20158	10.7493	42.3363	17.4382	95.3298	1	1	1	0	0	0	0	0
08.08.2015 23:14:59.644000	0.00500011	0.00856796	0.0127311	128	-674.969	0.00596788	7	5	5	5	464.215	415	34.2562	2.91798	0.00659947	1.21355	10.7937	42.9293	17.6112	96.9379	1	1	1	0.68	0	0	0	0
08.08.2015 23:14:59.744000	0.00500011	0.00856796	0.0127311	128	-674.969	0.00651042	7	5	5	5	89.599	415	34.306	2.43497	0.618084	1.21918	9.79809	43.2976	17.7088	97.9744	1	1	1	1	0	0	0	0
08.08.2015 23:14:59.844000	0.00500011	0.00856796	0.0127311	128	-674.969	0.00651042	7	5	5	5	283.529	415	34.3756	3.16759	1.3507	1.21918	8.88451	43.6722	17.9603	98.4455	1	1	1	1	0	0	0	0
08.08.2015 23:14:59.944000	0.00500011	0.00856796	0.0127311	128.003	-674.969	0.00651042	7	5	5	5	475.865	415	34.4507	3.19343	1.37654	1.21918	8.50192	43.8821	18.1436	98.5476	1	1	1	1	0	0	0	0
08.08.2015 23:15:00.044000	0.00500011	0.00856796	0.0127311	128.008	-674.969	0.00651042	7	5	5	5	588.067	415	34.5308	2.96681	1.14993	0.698253	8.29485	43.5713	18.2858	96.8131	1	1	1	1	0	0	0	0
08.08.2015 23:15:00.144000	0.00500011	0.00856796	0.0127311	128.013	-674.971	0.00614873	7	5	5	5	602.727	415	34.5915	2.22961	0.412719	0.665002	8.11811	44.1939	18.4416	98.6002	1	1	1	1	0	0	0	0
08.08.2015 23:15:00.244000	0.00500011	0.00856796	0.0127311	128.016	-674.969	0.00596788	7	5	5	5	499.494	415	34.6447	1.80884	-0.00804561	0.665002	8.04671	44.2524	18.5998	98.2186	1	1	1	1	0	0	0	0
08.08.2015 23:15:00.344000	0.00500011	0.00856796	0.0127311	128.016	-674.969	0.00614873	7	5	5	5	440.807	415	34.6935	1.73874	-0.0781454	0.665002	8.08722	44.451	18.7271	98.4915	1	1	1	1	0	0	0	0
08.08.2015 23:15:00.444000	0.00500011	0.00856796	0.0127311	128.016	-674.969	0.00651042	7	5	5	5	417.024	415	34.7397	1.68175	-0.135141	0.618125	8.1265	44.6476	18.8615	98.7297	1	1	1	1	0	0	0	0
08.08.2015 23:15:00.544000	0.00500011	0.00856796	0.0127311	128.018	-674.971	0.00651042	7	5	5	5	469.126	415	34.786	1.58622	-0.230668	0.547811	8.19297	44.7304	18.9946	98.5374	1	1	1	1	0	0	0	0
08.08.2015 23:15:00.644000	0.00500011	0.00856796	0.0127311	128.02	-674.969	0.00651042	7	5	5	5	394.268	415	34.8313	1.50591	-0.310981	0.547811	8.15218	44.852	19.1	98.5993	1	1	1	1	0	0	0	0
08.08.2015 23:15:00.744000	0.00500011	0.00856796	0.0127311	128.023	-674.971	0.00651042	7	5	5	5	487.255	415	34.877	1.47973	-0.337156	0.547811	8.17904	44.9558	19.1968	98.6259	1	1	1	1	0	0	0	0
08.08.2015 23:15:00.844000	0.00500011	0.00856796	0.0127311	128.023	-674.969	0.00651042	7	5	5	5	362.261	415	34.9188	1.38556	-0.43133	0.547811	8.17826	45.0434	19.2901	98.6044	1	1	1	1	0	0	0	0
08.08.2015 23:15:00.944000	0.00500011	0.00856796	0.0127311	128.023	-674.974	0.00651042	7	5	5	5	459.539	415	34.9661	1.43857	-0.378315	0.547811	8.21119	45.1149	19.3597	98.6114	1	1	1	1	0	0	0	0
08.08.2015 23:15:01.044000	0.00500011	0.00856796	0.0127311	128.027	-674.973	0.00813802	7	5	5	5	388.397	415	35.0088	1.41206	-0.404823	0.464463	8.19393	45.1872	19.4389	98.5848	1	1	1	1	0	0	0	0
08.08.2015 23:15:01.144000	0.00500011	0.00856796	0.0127311	128.031	-674.974	0.00759549	7	5	5	5	498.147	415	35.0551	1.42567	-0.391216	0.444912	8.22765	45.2477	19.5108	98.5413	1	1	1	1	0	0	0	0
08.08.2015 23:15:01.244000	0.00500011	0.00856796	0.0127311	128.035	-674.973	0.00868056	7	5	5	5	345.975	415	35.0989	1.34843	-0.468455	0.444912	8.14794	45.3299	19.5807	98.5885	1	1	1	1	0	0	0	0
08.08.2015 23:15:01.344000	0.00500011	0.00856796	0.0127311	128.036	-674.971	0.00687211	7	5	5	5	445.917	415	35.1387	1.33746	-0.47943	0.444912	8.23887	45.4288	19.6203	98.8152	1	1	1	1	0	0	0	0
08.08.2015 23:15:01.444000	0.00500011	0.00856796	0.0127311	128.039	-674.973	0.00596788	7	5	5	5	406.198	415	35.179	1.33361	-0.483276	0.444912	8.23121	45.4887	19.6745	98.8374	1	1	1	1	0	0	0	0
08.08.2015 23:15:01.544000	0.00500011	0.00856796	0.0127311	128.039	-674.969	0.00578704	7	5	5	5	368.244	415	35.2227	1.3339	-0.482983	0.44397	8.24933	45.5109	19.7247	98.7302	1	1	1	1	0	0	0	0
08.08.2015 23:15:01.644000	0.00500011	0.00856796	0.0127311	128.043	-674.977	0.00651042	7	5	5	5	502.796	415	35.267	1.34643	-0.47046	0.436353	8.24807	45.5246	19.7529	98.6748	1	1	1	1	0	0	0	0
08.08.2015 23:15:01.744000	0.00500011	0.00856796	0.0127311	128.047	-674.969	0.00651042	7	5	5	5	461.077	415	35.3162	1.27567	-0.541217	0.436353	8.13207	45.5717	19.8091	98.64	1	1	1	1	0	0	0	0
08.08.2015 23:15:01.844000	0.00500011	0.00856796	0.0127311	128.051	-674.973	0.00705295	7	5	5	5	395.176	415	35.3555	1.19242	-0.624464	0.436353	8.17133	45.6217	19.8442	98.697	1	1	1	1	0	0	0	0
08.08.2015 23:15:01.944000	0.00500011	0.00856796	0.0127311	128.052	-674.974	0.00795718	7	5	5	5	354.001	415	35.3938	1.1717	-0.645187	0.436353	8.20514	45.6603	19.8818	98.7009	1	1	1	1	0	0	0	0
08.08.2015 23:15:02.044000	0.00500011	0.00856796	0.0127311	128.055	-674.977	0.00813802	7	5	5	5	418.345	415	35.4336	1.21923	-0.59766	0.436353	8.26774	45.718	19.9096	98.8152	1	1	1	1	0	0	0	0
08.08.2015 23:15:02.144000	0.00500011	0.00856796	0.0127311	128.055	-674.971	0.00831887	7	5	5	5	389.427	415	35.4744	1.24756	-0.56933	0.433354	8.23783	45.746	19.9545	98.7507	1	1	1	1	0	0	0	0
08.08.2015 23:15:02.244000	0.00500011	0.00856796	0.0127311	128.055	-674.973	0.00813802	7	5	5	5	415.666	415	35.5157	1.2786	-0.538286	0.418708	8.26948	45.7626	19.978	98.7238	1	1	1	1	0	0	0	0
08.08.2015 23:15:02.344000	0.00500011	0.00856796	0.0127311	128.057	-674.974	0.00831887	7	5	5	5	375.809	415	35.563	1.31696	-0.499923	0.418708	8.27836	45.7601	19.9937	98.6542	1	1	1	1	0	0	0	0
08.08.2015 23:15:02.444000	0.00500011	0.00856796	0.0127311	128.063	-674.969	0.00759549	7	5	5	5	474.161	415	35.6062	1.36402	-0.452868	0.418708	8.27861	45.761	20.0208	98.5544	1	1	1	1	0	0	0	0
08.08.2015 23:15:02.544000	0.00500011	0.00856796	0.0127311	128.065	-674.974	0.00759549	7	5	5	5	449.364	415	35.6515	1.33389	-0.482999	0.418708	8.21195	45.7773	20.0446	98.5254	1	1	1	1	0	0	0	0
08.08.2015 23:15:02.644000	0.00500011	0.00856796	0.0127311	128.063	-674.973	0.00651042	7	5	5	5	401.489	415	35.6948	1.29123	-0.52566	0.418708	8.21321	45.7914	20.0613	98.5152	1	1	1	1	0	0	0	0
08.08.2015 23:15:02.744000	0.00500011	0.00856796	0.0127311	128.07	-674.977	0.00578704	7	5	5	5	423.942	415	35.7341	1.28435	-0.532533	0.423231	8.24281	45.8378	20.0715	98.6537	1	1	1	1	0	0	0	0
08.08.2015 23:15:02.844000	0.00500011	0.00856796	0.0127311	128.07	-674.977	0.00651042	7	5	5	5	478.136	415	35.7754	1.24103	-0.575852	0.430305	8.22761	45.8636	20.0917	98.6755	1	1	1	1	0	0	0	0
08.08.2015 23:15:02.944000	0.00500011	0.00856796	0.0127311	128.076	-674.977	0.00578704	7	5	5	5	369.262	415	35.8166	1.17263	-0.644252	0.430305	8.21704	45.873	20.1137	98.6271	1	1	1	1	0	0	0	0
08.08.2015 23:15:03.044000	0.00500011	0.00856796	0.0127311	128.074	-674.973	0.00542535	7	5	5	5	399.05	415	35.8639	1.16017	-0.656719	0.430305	8.2526	45.883	20.1221	98.6334	1	1	1	1	0	0	0	0
08.08.2015 23:15:03.144000	0.00500011	0.00856796	0.0127311	128.078	-674.974	0.00578704	7	5	5	5	439.305	415	35.9057	1.17798	-0.638909	0.430305	8.26194	45.8871	20.1279	98.6269	1	1	1	1	0	0	0	0
08.08.2015 23:15:03.244000	0.00500011	0.00856796	0.0127311	128.078	-674.973	0.00651042	7	5	5	5	395.98	415	35.9425	1.17312	-0.643763	0.430305	8.22258	45.8812	20.1525	98.5102	1	1	1	1	0	0	0	0
08.08.2015 23:15:03.344000	0.00500011	0.00856796	0.0127311	128.078	-674.974	0.00651042	7	5	5	5	402.408	415	35.9783	1.16794	-0.648944	0.423729	8.22033	45.8987	20.1548	98.5684	1	1	1	1	0	0	0	0
08.08.2015 23:15:03.444000	0.00500011	0.00856796	0.0127311	128.078	-674.973	0.00596788	7	5	5	5	321.094	415	36.0201	1.20577	-0.611119	0.408383	8.264	45.9299	20.1764	98.6051	1	1	1	1	0	0	0	0
08.08.2015 23:15:03.544000	0.00500011	0.00856796	0.0127311	128.078	-674.974	0.00542535	7	5	5	5	423.499	415	36.0639	1.28787	-0.52902	0.408383	8.3003	45.946	20.1774	98.6628	1	1	1	1	0	0	0	0
08.08.2015 23:15:03.644000	0.00500011	0.00856796	0.0127311	128.082	-674.977	0.00488281	7	5	5	5	422.47	415	36.1126	1.3373	-0.479587	0.408383	8.27379	45.9366	20.1989	98.5444	1	1	1	1	0	0	0	0
08.08.2015 23:15:03.744000	0.00500011	0.00856796	0.0127311	128.083	-674.971	0.00542535	7	5	5	5	464.683	415	36.1544	1.36549	-0.451395	0.408383	8.27478	45.9373	20.1881	98.5888	1	1	1	1	0	0	0	0
08.08.2015 23:15:03.844000	0.00500011	0.00856796	0.0127311	128.09	-674.973	0.00271267	7	5	5	5	431.667	415	36.1977	1.3442	-0.472684	0.408383	8.25119	45.9202	20.202	98.4696	1	1	1	1	0	0	0	0
08.08.2015 23:15:03.944000	0.00500011	0.00856796	0.0127311	128.094	-674.971	0.00253183	7	5	5	5	469.043	415	36.2424	1.30505	-0.511832	0.425915	8.23889	45.9247	20.1948	98.5145	1	1	1	1	0	0	0	0
08.08.2015 23:15:04.044000	0.00500011	0.00856796	0.0127311	128.094	-674.973	0.00325521	7	5	5	5	356.219	415	36.2847	1.23621	-0.580672	0.437125	8.16772	45.9276	20.2104	98.4661	1	1	1	1	0	0	0	0
08.08.2015 23:15:04.144000	0.00500011	0.00856796	0.0127311	128.094	-674.969	0.00325521	7	5	5	5	477.541	415	36.324	1.22439	-0.592493	0.437125	8.2628	45.9507	20.2147	98.5381	1	1	1	1	0	0	0	0
08.08.2015 23:15:04.244000	0.00500011	0.00856796	0.0127311	128.094	-674.977	0.00108507	7	5	5	5	348.323	415	36.3628	1.20086	-0.616029	0.437125	8.30387	45.9595	20.235	98.4941	1	1	1	1	0	0	0	0
08.08.2015 23:15:04.344000	0.265	0.00856796	0.0127311	128.096	-674.974	0.00144676	7	5	5	5	375.432	415	36.4111	1.21693	-0.59996	0.437125	8.33418	45.9691	20.2336	98.5362	1	1	1	1	0	0	0	0
08.08.2015 23:15:04.444000	0.265	0.00856796	0.0127311	128.098	-674.969	0.00271267	7	5	5	5	290.912	415	36.4548	1.29052	-0.52637	0.437125	8.34212	45.9664	20.2523	98.4539	1	1	1	1	0	0	0	0
08.08.2015 23:15:04.544000	0.265	0.00856796	0.0127311	128.102	-674.971	0.00434028	7	5	5	5	351.298	415	36.4991	1.45844	-0.358445	0.428468	8.37271	45.9613	20.2332	98.5079	1	1	1	1	0	0	0	0
08.08.2015 23:15:04.644000	0.265	0.00856796	0.0127311	128.102	-674.973	0.00542535	7	5	5	5	401.505	415	36.5459	1.6231	-0.193781	0.425882	8.35026	45.9223	20.231	98.3668	1	1	1	1	0	0	0	0
08.08.2015 23:15:04.744000	0.265	0.00856796	0.0127311	128.102	-674.974	0.0036169	7	5	5	5	574.13	415	36.5971	1.72196	-0.0949211	0.425882	8.30633	45.9124	20.1977	98.4565	1	1	1	1	0	0	0	0
08.08.2015 23:15:04.844000	0.265	0.00856796	0.0127311	128.105	-674.973	0.00379774	7	5	5	5	481.76	415	36.6508	1.66685	-0.150037	0.425882	8.16006	45.8793	20.1887	98.364	1	1	1	1	0	0	0	0
08.08.2015 23:15:04.944000	0.265	0.00856796	0.0127311	128.107	-674.977	0.00542535	7	5	5	5	431.613	415	36.7016	1.56256	-0.254325	0.425882	8.17577	45.874	20.1867	98.3513	1	1	1	1	0	0	0	0
08.08.2015 23:15:05.044000	0.265	0.00856796	0.0127311	128.109	-674.973	0.00596788	7	5	5	5	396.6	415	36.7483	1.48028	-0.336604	0.482436	8.22629	45.8908	20.1879	98.4112	1	1	1	1	0	0	0	0
08.08.2015 23:15:05.144000	0.265	0.00856796	0.0127311	128.109	-674.977	0.00578704	7	5	5	5	303.662	415	36.7941	1.44663	-0.37026	0.498387	8.23338	45.8946	20.1869	98.4296	1	1	1	1	0	0	0	0
08.08.2015 23:15:05.244000	0.265	0.00856796	0.0127311	128.109	-674.973	0.00705295	7	5	5	5	382.854	415	36.8433	1.50516	-0.311729	0.498387	8.28046	45.8891	20.182	98.4273	1	1	1	1	0	0	0	0
08.08.2015 23:15:05.344000	0.265	0.00856796	0.0127311	128.112	-674.974	0.00831887	7	5	5	5	392.604	415	36.8916	1.58231	-0.234578	0.498387	8.28855	45.8641	20.1819	98.3322	1	1	1	1	0	0	0	0
08.08.2015 23:15:05.444000	0.265	0.00856796	0.0127311	128.109	-674.973	0.00813802	7	5	5	5	407.63	415	36.9388	1.65853	-0.158356	0.498387	8.29651	45.8483	20.1679	98.3249	1	1	1	1	0	0	0	0
08.08.2015 23:15:05.544000	0.265	0.00856796	0.0127311	128.115	-674.974	0.00904225	7	5	5	5	511.6	415	36.9896	1.70947	-0.107421	0.488645	8.31232	45.8311	20.1503	98.3266	1	1	1	1	0	0	0	0
08.08.2015 23:15:05.644000	0.265	0.00856796	0.0127311	128.113	-674.969	0.00813802	7	5	5	5	435.979	415	37.0418	1.67497	-0.141911	0.482924	8.31145	45.8254	20.1508	98.303	1	1	1	1	0	0	0	0
08.08.2015 23:15:05.744000	0.265	0.00856796	0.0127311	128.117	-674.971	0.00651042	7	5	5	5	338.425	415	37.0935	1.6269	-0.189982	0.482924	8.31158	45.8188	20.1561	98.2574	1	1	1	1	0	0	0	0
08.08.2015 23:15:05.844000	0.265	0.00856796	0.0127311	128.121	-674.969	0.00596788	7	5	5	5	412.496	415	37.1408	1.64287	-0.17402	0.482924	8.3236	45.8122	20.1579	98.2254	1	1	1	1	0	0	0	0
08.08.2015 23:15:05.944000	0.265	0.00856796	0.0127311	128.122	-674.971	0.00614873	7	5	5	5	413.091	415	37.1905	1.67187	-0.145017	0.482924	8.30694	45.7992	20.1514	98.2006	1	1	1	1	0	0	0	0
08.08.2015 23:15:06.044000	0.265	0.00856796	0.0127311	128.121	-674.969	0.00813802	7	5	5	5	394.401	415	37.2422	1.68683	-0.130055	0.498964	8.2849	45.7836	20.1446	98.1665	1	1	1	1	0	0	0	0
08.08.2015 23:15:06.144000	0.265	0.00856796	0.0127311	128.125	-674.971	0.00831887	7	5	5	5	346.304	415	37.2945	1.73718	-0.0797053	0.505515	8.31837	45.7546	20.1447	98.0555	1	1	1	1	0	0	0	0
08.08.2015 23:15:06.244000	0.265	0.00856796	0.0127311	128.125	-674.977	0.00922309	7	5	5	5	490.235	415	37.3447	1.8039	-0.0129822	0.505515	8.33435	45.7391	20.1235	98.077	1	1	1	1	0	0	0	0
08.08.2015 23:15:06.344000	0.265	0.00856796	0.0127311	128.125	-674.971	0.00831887	7	5	5	5	456.116	415	37.3969	1.78622	-0.0306635	0.505515	8.26401	45.7253	20.1123	98.0669	1	1	1	1	0	0	0	0
08.08.2015 23:15:06.444000	0.265	0.00856796	0.0127311	128.125	-674.969	0.00813802	7	5	5	5	350.141	415	37.4522	1.75764	-0.0592458	0.505515	8.2542	45.7331	20.1052	98.1242	1	1	1	1	0	0	0	0
08.08.2015 23:15:06.544000	0.265	0.00856796	0.0127311	128.128	-674.971	0.00687211	7	5	5	5	428.249	415	37.5074	1.79679	-0.0200962	0.528064	8.31243	45.7296	20.0821	98.1992	1	1	1	1	0	0	0	0
08.08.2015 23:15:06.644000	0.265	0.00856796	0.0127311	128.133	-674.977	0.00596788	7	5	5	5	433.733	415	37.5591	1.80741	-0.00947778	0.528064	8.30512	45.7049	20.0795	98.1146	1	1	1	1	0	0	0	0
08.08.2015 23:15:06.744000	0.265	0.00856796	0.0127311	128.133	-674.971	0.00687211	7	5	5	5	433.921	415	37.6138	1.7733	-0.0435863	0.528064	8.27596	45.6845	20.0704	98.0714	1	1	1	1	0	0	0	0
08.08.2015 23:15:06.844000	0.265	0.00856796	0.0127311	128.137	-674.977	0.00542535	7	5	5	5	365.595	415	37.6656	1.74325	-0.0736312	0.528064	8.27159	45.6714	20.061	98.0569	1	1	1	1	0	0	0	0
08.08.2015 23:15:06.944000	0.265	0.00856796	0.0127311	128.135	-674.971	0.00578704	7	5	5	5	455.781	415	37.7168	1.76929	-0.0475948	0.526951	8.29674	45.678	20.0528	98.1139	1	1	1	1	0	0	0	0
08.08.2015 23:15:07.044000	0.265	0.00856796	0.0127311	128.141	-674.973	0.00651042	7	5	5	5	447.318	415	37.768	1.75772	-0.0591654	0.523614	8.27952	45.6808	20.0544	98.1183	1	1	1	1	0	0	0	0
08.08.2015 23:15:07.144000	0.265	0.00856796	0.0127311	128.141	-674.971	0.00759549	7	5	5	5	285.301	415	37.8207	1.73221	-0.0846727	0.523614	8.2493	45.7015	20.0602	98.1756	1	1	1	1	0	0	0	0
08.08.2015 23:15:07.244000	0.265	0.00856796	0.0127311	128.141	-674.969	0.00651042	7	5	5	5	300.914	415	37.873	1.84894	0.0320533	0.523614	8.3654	45.689	20.0493	98.1695	1	1	1	1	0	0	0	0
08.08.2015 23:15:07.344000	0.265	0.00856796	0.0127311	128.141	-674.977	0.00542535	7	5	5	5	393.418	415	37.9267	2.02061	0.203722	0.523614	8.32062	45.6467	20.0413	98.0377	1	1	1	1	0	0	0	0
08.08.2015 23:15:07.444000	0.265	0.00856796	0.0127311	128.141	-674.973	0.00434028	7	5	5	5	464.059	415	37.9839	2.13816	0.321272	0.532025	8.26409	45.6233	20.0223	98.0213	1	1	1	1	0	0	0	0
08.08.2015 23:15:07.544000	0.265	0.00856796	0.0127311	128.141	-674.974	0.00217014	7	5	5	5	481.279	415	38.0446	2.1746	0.357713	0.53718	8.24506	45.65	19.9975	98.2184	1	1	1	1	0	0	0	0
08.08.2015 23:15:07.644000	0.265	0.00856796	0.0127311	128.141	-674.973	0.00271267	7	5	5	5	448.29	415	38.1107	2.14266	0.325775	0.53718	8.23133	45.4908	19.9771	97.6867	1	1	1	1	0	0	0	0
08.08.2015 23:15:07.744000	0.265	0.00856796	0.0127311	128.146	-674.974	0.00325521	7	5	5	5	411.817	415	38.1689	2.09538	0.278494	0.53718	8.25848	45.5211	19.973	97.8187	1	1	1	1	0	0	0	0
08.08.2015 23:15:07.844000	0.265	0.00856796	0.0127311	128.148	-674.973	0.00325521	7	5	5	5	372.582	415	38.2271	2.07064	0.253751	0.571847	8.27812	45.5677	19.9642	98.0305	1	1	1	1	0	0	0	0
08.08.2015 23:15:07.944000	0.265	0.00856796	0.0127311	128.148	-674.971	0.00289352	7	5	5	5	375.778	415	38.2848	2.08935	0.27246	0.605155	8.32181	45.5541	19.9637	97.9802	1	1	1	1	0	0	0	0
08.08.2015 23:15:08.044000	0.265	0.00856796	0.0127311	128.148	-674.973	0.00325521	7	5	5	5	403.3	415	38.34	2.13344	0.316554	0.605155	8.336	45.6111	19.9588	98.2174	1	1	1	1	0	0	0	0
08.08.2015 23:15:08.144000	0.265	0.00856796	0.0127311	128.148	-674.974	0.00470197	7	5	5	5	463.319	415	38.4007	2.16952	0.352636	0.605155	8.34591	45.5871	19.9499	98.1599	1	1	1	1	0	0	0	0
08.08.2015 23:15:08.244000	0.265	0.00856796	0.0127311	128.148	-674.973	0.00488281	7	5	5	5	372.813	415	38.4639	2.1698	0.352916	0.600139	8.32529	45.5431	19.944	98.0136	1	1	1	1	0	0	0	0
08.08.2015 23:15:08.344000	0.265	0.00856796	0.0127311	128.156	-674.971	0.00506366	7	5	5	5	357.245	415	38.5211	2.2061	0.389211	0.586579	8.32311	45.5422	19.9296	98.0653	1	1	1	1	0	0	0	0
08.08.2015 23:15:08.444000	0.265	0.00856796	0.0127311	128.156	-674.973	0.00542535	7	5	5	5	430.032	415	38.5798	2.26623	0.449342	0.586579	8.35208	45.5449	19.9141	98.1352	1	1	1	1	0	0	0	0
08.08.2015 23:15:08.544000	0.265	0.00856796	0.0127311	128.161	-674.971	0.00651042	7	5	5	5	332.254	415	38.645	2.31967	0.50278	0.586579	8.33716	45.5986	19.908	98.3644	1	1	1	1	0	0	0	0
08.08.2015 23:15:08.644000	0.265	0.00856796	0.0127311	128.16	-674.969	0.00651042	7	5	5	5	535.919	415	38.7126	2.38836	0.571476	0.596083	8.34986	45.4529	19.8744	97.9346	1	1	1	1	0	0	0	0
08.08.2015 23:15:08.744000	0.265	0.00856796	0.0127311	128.161	-674.969	0.00614873	7	5	5	5	422.873	415	38.7743	2.36042	0.543534	0.621777	8.30645	45.4574	19.8699	97.9692	1	1	1	1	0	0	0	0
08.08.2015 23:15:08.844000	0.265	0.00856796	0.0127311	128.164	-674.969	0.00705295	7	5	5	5	439.488	415	38.8365	2.31351	0.496628	0.621777	8.30624	45.4386	19.8552	97.954	1	1	1	1	0	0	0	0
08.08.2015 23:15:08.944000	0.265	0.00856796	0.0127311	128.164	-674.969	0.00831887	7	5	5	5	349.471	415	38.9081	2.27675	0.459865	0.621777	8.32792	45.3998	19.8517	97.8234	1	1	1	1	0	0	0	0
08.08.2015 23:15:09.044000	0.265	0.00856796	0.0127311	128.164	-674.973	0.00813802	7	5	5	5	305.141	415	38.9678	2.33119	0.514308	0.630121	8.37693	45.4261	19.8544	97.9906	1	1	1	1	0	0	0	0
08.08.2015 23:15:09.144000	0.265	0.00856796	0.0127311	128.164	-674.969	0.00868056	7	5	5	5	473.267	415	39.0305	2.44637	0.629533	0.642638	8.3662	45.3805	19.8201	97.897	1	1	1	1	0	0	0	0
08.08.2015 23:15:09.244000	0.265	0.00856796	0.0127311	128.164	-674.969	0.00868056	7	5	5	5	404.425	415	39.1001	2.46937	0.652481	0.642638	8.29783	45.4136	19.8173	97.9859	1	1	1	1	0	0	0	0
08.08.2015 23:15:09.344000	0.265	0.00856796	0.0127311	128.164	-674.969	0.00976563	7	5	5	5	486.228	415	39.1663	2.4746	0.657713	0.642638	8.28475	45.5304	19.7875	98.5647	1	1	1	1	0	0	0	0
08.08.2015 23:15:09.444000	0.265	0.00856796	0.0127311	128.164	-674.973	0.0103082	7	5	5	5	516.057	415	39.2299	2.41542	0.598533	0.65762	8.22826	45.3479	19.7778	97.9061	1	1	1	1	0	0	0	0
08.08.2015 23:15:09.544000	0.265	0.00856796	0.0127311	128.167	-674.969	0.00940394	7	5	5	5	356.257	415	39.2961	2.29703	0.480142	0.664998	8.27329	45.4123	19.7856	98.1181	1	1	1	1	0	0	0	0
08.08.2015 23:15:09.644000	0.265	0.00856796	0.0127311	128.172	-674.973	0.00813802	7	5	5	5	350.972	415	39.3598	2.2621	0.44521	0.664998	8.32839	45.3815	19.792	97.9772	1	1	1	1	0	0	0	0
08.08.2015 23:15:09.744000	0.265	0.00856796	0.0127311	128.172	-674.969	0.00831887	7	5	5	5	367.485	415	39.4204	2.30457	0.487685	0.664998	8.35444	45.3808	19.7872	97.9926	1	1	1	1	0	0	0	0
08.08.2015 23:15:09.844000	0.265	0.00856796	0.0127311	128.176	-674.973	0.00813802	7	5	5	5	385.31	415	39.4811	2.37847	0.561579	0.639558	8.33637	45.446	19.7857	98.2483	1	1	1	1	0	0	0	0
08.08.2015 23:15:09.944000	0.265	0.00856796	0.0127311	128.18	-674.974	0.00868056	7	5	5	5	368.092	415	39.5508	2.4613	0.644414	0.629665	8.34298	45.385	19.779	98.0403	1	1	1	1	0	0	0	0
08.08.2015 23:15:10.044000	0.265	0.00856796	0.0127311	128.18	-674.969	0.00813802	7	5	5	5	424.625	415	39.6169	2.54714	0.73025	0.629665	8.34972	45.4095	19.7566	98.2198	1	1	1	1	0	0	0	0
08.08.2015 23:15:10.144000	0.265	0.00856796	0.0127311	128.18	-674.971	0.00831887	7	5	5	5	336.386	415	39.6816	2.6353	0.818416	0.630072	8.33267	45.4641	19.7484	98.4602	1	1	1	1	0	0	0	0
08.08.2015 23:15:10.244000	0.265	0.00856796	0.0127311	128.18	-674.969	0.00759549	7	5	5	5	498.56	415	39.7587	2.7312	0.914311	0.670336	8.34653	45.1559	19.7153	97.4067	1	1	1	1	0	0	0	0
08.08.2015 23:15:10.344000	0.265	0.00856796	0.0127311	128.18	-674.974	0.00651042	7	5	5	5	523.363	415	39.8238	2.70994	0.89305	0.670336	8.29821	45.1217	19.6874	97.3831	1	1	1	1	0	0	0	0
08.08.2015 23:15:10.444000	0.265	0.00856796	0.0127311	128.18	-674.969	0.00651042	7	5	5	5	376.711	415	39.897	2.61694	0.800053	0.670336	8.32545	45.0127	19.6868	96.9681	1	1	1	1	0	0	0	0
08.08.2015 23:15:10.544000	0.265	0.00856796	0.0127311	128.18	-674.971	0.00578704	7	5	5	5	496.566	415	39.9641	2.55488	0.737994	0.680827	8.36152	45.4638	19.659	98.8014	1	1	1	1	0	0	0	0
08.08.2015 23:15:10.644000	0.265	0.00856796	0.0127311	128.18	-674.969	0.00542535	7	5	5	5	373.951	415	40.0263	2.46552	0.648632	0.694735	8.36191	45.9292	19.6605	100.578	1	1	1	1	0	0	0	0
08.08.2015 23:15:10.744000	0.265	0.00856796	0.0127311	128.18	-674.974	0.00614873	7	5	5	5	305.503	415	40.0959	2.4484	0.631517	0.694735	8.41231	44.534	19.67	95.1992	1	1	1	1	0	0	0	0
08.08.2015 23:15:10.844000	0.265	0.00856796	0.0127311	128.184	-674.973	0.00705295	7	5	5	5	378.863	415	40.1606	2.52907	0.71218	0.694735	8.42347	45.5121	19.6727	98.9337	1	1	1	1	0	0	0	0
08.08.2015 23:15:10.944000	0.265	0.00856796	0.0127311	128.185	-674.971	0.00759549	7	5	5	5	424.211	415	40.2248	2.62124	0.804352	0.672462	8.40809	45.5135	19.6819	98.9043	1	1	1	1	0	0	0	0
08.08.2015 23:15:11.044000	0.265	0.00856796	0.0127311	128.188	-674.973	0.00813802	7	5	5	5	486.734	415	40.3024	2.67277	0.855885	0.661491	8.38139	45.3753	19.6652	98.439	1	1	1	1	0	0	0	0
08.08.2015 23:15:11.144000	0.265	0.00856796	0.0127311	128.185	-674.971	0.00759549	7	5	5	5	417.84	415	40.3675	2.64968	0.83279	0.661491	8.33869	45.2674	19.664	98.0302	1	1	1	1	0	0	0	0
08.08.2015 23:15:11.244000	0.265	0.00856796	0.0127311	128.188	-674.973	0.00868056	7	5	5	5	368.104	415	40.4406	2.62969	0.812805	0.669031	8.36691	45.2589	19.6534	98.0384	1	1	1	1	0	0	0	0
08.08.2015 23:15:11.344000	0.265	0.00856796	0.0127311	128.188	-674.971	0.00651042	7	5	5	5	387.029	415	40.5118	2.66581	0.84892	0.708616	8.41636	45.1848	19.6469	97.7795	1	1	1	1	0	0	0	0
08.08.2015 23:15:11.444000	0.265	0.00856796	0.0127311	128.191	-674.973	0.00976563	7	5	5	5	399.345	415	40.5774	2.71532	0.898432	0.708616	8.42315	45.1734	19.6393	97.765	1	1	1	1	0	0	0	0
08.08.2015 23:15:11.544000	0.265	0.00856796	0.0127311	128.19	-674.971	0.0130208	7	5	5	5	467.611	415	40.6565	2.7433	0.926418	0.708616	8.35935	45.033	19.621	97.2974	1	1	1	1	0	0	0	0
08.08.2015 23:15:11.644000	0.265	0.00856796	0.0127311	128.195	-674.969	0.0119358	7	5	5	5	404.502	415	40.7217	2.74441	0.92752	0.709881	8.35807	45.2759	19.6152	98.2497	1	1	1	1	0	0	0	0
08.08.2015 23:15:11.744000	0.265	0.00856796	0.0127311	128.195	-674.971	0.010489	7	5	5	5	515.97	415	40.7993	2.72435	0.907463	0.710533	8.35735	44.8567	19.5889	96.7454	1	1	1	1	0	0	0	0
08.08.2015 23:15:11.844000	0.265	0.00856796	0.0127311	128.195	-674.973	0.0108507	7	5	5	5	431.141	415	40.8669	2.63024	0.813356	0.710533	8.32201	45.1378	19.5933	97.8047	1	1	1	1	0	0	0	0
08.08.2015 23:15:11.944000	0.265	0.00856796	0.0127311	128.195	-674.969	0.0126591	7	5	5	5	339.338	415	40.9331	2.56351	0.746622	0.70935	8.38034	45.2072	19.6013	98.0398	1	1	1	1	0	0	0	0
08.08.2015 23:15:12.044000	0.265	0.00856796	0.0127311	128.195	-674.973	0.0124783	7	5	5	5	268.426	415	41.0057	2.58941	0.772524	0.6987	8.42283	45.1325	19.6142	97.7047	1	1	1	1	0	0	0	0
08.08.2015 23:15:12.144000	0.265	0.00856796	0.0127311	128.198	-674.974	0.0126591	7	5	5	5	365.628	415	41.0684	2.7313	0.914419	0.6987	8.44429	45.1666	19.6056	97.868	1	1	1	1	0	0	0	0
08.08.2015 23:15:12.244000	0.265	0.00856796	0.0127311	128.203	-674.969	0.0130208	7	5	5	5	526.034	415	41.1485	2.86499	1.0481	0.6987	8.36847	45.1886	19.5772	98.0608	1	1	1	1	0	0	0	0
08.08.2015 23:15:12.344000	0.265	0.00856796	0.0127311	128.203	-674.969	0.0112124	7	5	5	5	393.993	415	41.2186	2.88449	1.0676	0.713135	8.26651	44.9477	19.5683	97.1728	1	1	1	1	0	0	0	0
08.08.2015 23:15:12.444000	0.265	0.00856796	0.0127311	128.203	-674.969	0.0103082	7	5	5	5	464.614	415	41.2987	2.89305	1.07617	0.720907	8.32394	45.0321	19.5488	97.5705	1	1	1	1	0	0	0	0
08.08.2015 23:15:12.544000	0.265	0.00856796	0.0127311	128.203	-674.971	0.00868056	7	5	5	5	381.105	415	41.3663	2.86454	1.04765	0.720907	8.38145	45.0489	19.5327	97.6963	1	1	1	1	0	0	0	0
08.08.2015 23:15:12.644000	0.265	0.00856796	0.0127311	128.203	-674.969	0.0103082	7	5	5	5	329.079	415	41.4484	2.87711	1.06022	0.725706	8.3933	44.9509	19.5252	97.3499	1	1	1	1	0	0	0	0
08.08.2015 23:15:12.744000	0.265	0.00856796	0.0127311	128.203	-674.977	0.00904225	7	5	5	5	432.952	415	41.5146	2.95454	1.13766	0.738047	8.41395	45.1037	19.506	98.0087	1	1	1	1	0	0	0	0
08.08.2015 23:15:12.844000	0.265	0.00856796	0.0127311	128.203	-674.969	0.00868056	7	5	5	5	433.617	415	41.5942	2.99672	1.17983	0.738047	8.38247	44.9154	19.4845	97.37	1	1	1	1	0	0	0	0
08.08.2015 23:15:12.944000	0.265	0.00856796	0.0127311	128.203	-674.969	0.00651042	7	5	5	5	484.642	415	41.6668	2.98597	1.16909	0.738047	8.33715	44.9526	19.4673	97.578	1	1	1	1	0	0	0	0
08.08.2015 23:15:13.044000	0.265	0.00856796	0.0127311	128.203	-674.969	0.00542535	7	5	5	5	425.022	415	41.7474	2.92581	1.10892	0.753364	8.33644	44.8509	19.461	97.2128	1	1	1	1	0	0	0	0
08.08.2015 23:15:13.144000	0.265	0.00856796	0.0127311	128.208	-674.971	0.00289352	7	5	5	5	364.317	415	41.8165	2.88793	1.07104	0.753676	8.3773	44.9339	19.4583	97.5409	1	1	1	1	0	0	0	0
08.08.2015 23:15:13.244000	0.265	0.00856796	0.0127311	128.211	-674.969	-0.000542535	7	5	5	5	394.198	415	41.8976	2.90041	1.08352	0.753676	8.42849	44.9204	19.4505	97.5194	1	1	1	1	0	0	0	0
08.08.2015 23:15:13.344000	0.265	0.00856796	0.0127311	128.211	-674.969	0.00253183	7	5	5	5	440.197	415	41.9642	2.92755	1.11066	0.747922	8.41322	44.4534	19.4386	95.7764	1	1	1	1	0	0	0	0
08.08.2015 23:15:13.444000	0.265	0.00856796	0.0127311	128.211	-674.969	0.0016276	7	5	5	5	383.044	415	42.0498	2.94264	1.12575	0.744686	8.36678	44.851	19.4364	97.3072	1	1	1	1	0	0	0	0
08.08.2015 23:15:13.544000	0.265	0.00856796	0.0127311	128.211	-674.969	0.0036169	7	5	5	5	457.713	415	42.1174	2.95643	1.13954	0.744686	8.35161	44.8147	19.4236	97.2172	1	1	1	1	0	0	0	0
08.08.2015 23:15:13.644000	0.265	0.00856796	0.0127311	128.211	-674.973	0.00434028	7	5	5	5	381.091	415	42.2005	2.94554	1.12865	0.752713	8.35874	44.9272	19.4225	97.6523	1	1	1	1	0	0	0	0
08.08.2015 23:15:13.744000	0.265	0.00856796	0.0127311	128.214	-674.969	0.00614873	7	5	5	5	417.326	415	42.2711	2.95323	1.13635	0.765267	8.37672	44.7931	19.4145	97.1693	1	1	1	1	0	0	0	0
08.08.2015 23:15:13.844000	0.265	0.00856796	0.0127311	128.211	-674.969	0.00651042	7	5	5	5	359.407	415	42.3517	2.97271	1.15582	0.765267	8.36253	44.9615	19.4221	97.7853	1	1	1	1	0	0	0	0
08.08.2015 23:15:13.944000	0.265	0.00856796	0.0127311	128.219	-674.969	0.00651042	7	5	5	5	429.369	415	42.4278	3.02412	1.20723	0.766491	8.36292	44.875	19.4051	97.5191	1	1	1	1	0	0	0	0
08.08.2015 23:15:14.044000	0.265	0.00856796	0.0127311	128.219	-674.969	0.00542535	7	5	5	5	448.521	415	42.5039	3.04425	1.22737	0.772464	8.34974	44.8687	19.3979	97.5226	1	1	1	1	0	0	0	0
08.08.2015 23:15:14.144000	0.265	0.00856796	0.0127311	128.219	-674.969	0.00651042	7	5	5	5	413.125	415	42.582	3.0359	1.21902	0.772464	8.33584	44.8247	19.3901	97.3841	1	1	1	1	0	0	0	0
08.08.2015 23:15:14.244000	0.265	0.00856796	0.0127311	128.219	-674.973	0.00813802	7	5	5	5	481.287	415	42.6576	3.01014	1.19326	0.772464	8.32215	44.865	19.3929	97.5273	1	1	1	1	0	0	0	0
08.08.2015 23:15:14.344000	0.265	0.00856796	0.0127311	128.219	-674.969	0.00759549	7	5	5	5	332.649	415	42.7352	2.95313	1.13625	0.761818	8.31635	44.8376	19.4084	97.363	1	1	1	1	0	0	0	0
08.08.2015 23:15:14.444000	0.265	0.00856796	0.0127311	128.219	-674.969	0.00596788	7	5	5	5	387.983	415	42.8079	2.97935	1.16246	0.760635	8.37698	44.8069	19.4042	97.2621	1	1	1	1	0	0	0	0
08.08.2015 23:15:14.544000	0.265	0.00856796	0.0127311	128.219	-674.969	0.00614873	7	5	5	5	349.127	415	42.8889	3.04345	1.22657	0.760635	8.39384	44.7288	19.4023	96.9702	1	1	1	1	0	0	0	0
08.08.2015 23:15:14.644000	0.265	0.00856796	0.0127311	128.219	-674.973	0.00651042	7	5	5	5	409.423	415	42.9591	3.13593	1.31904	0.762106	8.40004	44.9144	19.3792	97.7692	1	1	1	1	0	0	0	0
08.08.2015 23:15:14.744000	0.265	0.00856796	0.0127311	128.221	-674.971	0.00651042	7	5	5	5	430.214	415	43.0461	3.20664	1.38976	0.762934	8.39656	44.6434	19.3592	96.8082	1	1	1	1	0	0	0	0
08.08.2015 23:15:14.844000	0.265	0.00856796	0.0127311	128.227	-674.969	0.00651042	7	5	5	5	449.46	415	43.1212	3.23065	1.41376	0.762934	8.35182	44.7863	19.3233	97.4927	1	1	1	1	0	0	0	0
08.08.2015 23:15:14.944000	0.265	0.00856796	0.0127311	128.227	-674.969	0.00614873	7	5	5	5	434.548	415	43.2033	3.22303	1.40614	0.785997	8.30382	44.7627	19.2991	97.4951	1	1	1	1	0	0	0	0
08.08.2015 23:15:15.044000	0.265	0.00856796	0.0127311	128.227	-674.969	0.00596788	7	5	5	5	371.727	415	43.2879	3.21497	1.39808	0.804866	8.32473	44.6319	19.2787	97.0721	1	1	1	1	0	0	0	0
08.08.2015 23:15:15.144000	0.265	0.00856796	0.0127311	128.232	-674.969	0.00542535	7	5	5	5	384.298	415	43.365	3.24307	1.42618	0.804866	8.33032	44.5977	19.2647	96.9947	1	1	1	1	0	0	0	0
08.08.2015 23:15:15.244000	0.265	0.00856796	0.0127311	128.23	-674.969	0.00488281	7	5	5	5	401.996	415	43.4505	3.29084	1.47395	0.813174	8.32585	44.768	19.2387	97.7465	1	1	1	1	0	0	0	0
08.08.2015 23:15:15.344000	0.265	0.00856796	0.0127311	128.234	-674.969	0.00434028	7	5	5	5	392.882	415	43.5341	3.32506	1.50818	0.820842	8.34523	44.5028	19.2222	96.7944	1	1	1	1	0	0	0	0
08.08.2015 23:15:15.444000	0.265	0.00856796	0.0127311	128.234	-674.969	0.00434028	7	5	5	5	472.591	415	43.6172	3.36338	1.5465	0.820842	8.40988	44.61	19.1855	97.3453	1	1	1	1	0	0	0	0
08.08.2015 23:15:15.544000	0.265	0.00856796	0.0127311	128.234	-674.969	0.00325521	7	5	5	5	391.779	415	43.7002	3.35659	1.5397	0.828196	8.39067	44.5157	19.1757	97.0218	1	1	1	1	0	0	0	0
08.08.2015 23:15:15.644000	0.265	0.00856796	0.0127311	128.234	-674.969	0.00217014	7	5	5	5	411.317	415	43.7883	3.36029	1.5434	0.834461	8.36824	44.3406	19.1521	96.4418	1	1	1	1	0	0	0	0
08.08.2015 23:15:15.744000	0.265	0.00856796	0.0127311	128.234	-674.969	0.00289352	7	5	5	5	440.471	415	43.8699	3.36484	1.54796	0.834461	8.3706	44.6709	19.1303	97.7898	1	1	1	1	0	0	0	0
08.08.2015 23:15:15.844000	0.265	0.00856796	0.0127311	128.234	-674.969	0.00271267	7	5	5	5	500.168	415	43.9504	3.3237	1.50682	0.836162	8.33197	44.4748	19.1171	97.0896	1	1	1	1	0	0	0	0
08.08.2015 23:15:15.944000	0.265	0.00856796	0.0127311	128.237	-674.971	0.00289352	7	5	5	5	383.529	415	44.041	3.23054	1.41365	0.837445	8.33796	44.6203	19.13	97.5972	1	1	1	1	0	0	0	0
08.08.2015 23:15:16.044000	0.265	0.00856796	0.0127311	128.234	-674.973	0.00271267	7	5	5	5	384.763	415	44.1146	3.19669	1.37981	0.837445	8.4012	44.5509	19.1424	97.2838	1	1	1	1	0	0	0	0
08.08.2015 23:15:16.144000	0.265	0.00856796	0.0127311	128.242	-674.971	0.00289352	7	5	5	5	336.931	415	44.1967	3.21659	1.3997	0.825983	8.44048	44.6648	19.1487	97.696	1	1	1	1	0	0	0	0
08.08.2015 23:15:16.244000	0.265	0.00856796	0.0127311	128.242	-674.969	0.00542535	7	5	5	5	376.677	415	44.2802	3.3069	1.49001	0.815403	8.45386	44.5126	19.1451	97.127	1	1	1	1	0	0	0	0
08.08.2015 23:15:16.344000	0.265	0.00856796	0.0127311	128.242	-674.969	0.00470197	7	5	5	5	375.451	415	44.3603	3.41062	1.59374	0.815403	8.39531	44.5215	19.1241	97.2417	1	1	1	1	0	0	0	0
08.08.2015 23:15:16.444000	0.265	0.00856796	0.0127311	128.246	-674.969	0.00651042	7	5	5	5	440.714	415	44.4474	3.50628	1.68939	0.829304	8.34615	44.546	19.097	97.439	1	1	1	1	0	0	0	0
08.08.2015 23:15:16.544000	0.265	0.00856796	0.0127311	128.25	-674.969	0.00651042	7	5	5	5	524.988	415	44.5359	3.51782	1.70094	0.840226	8.32397	44.3892	19.0562	96.9947	1	1	1	1	0	0	0	0
08.08.2015 23:15:16.644000	0.265	0.00856796	0.0127311	128.25	-674.973	0.00596788	7	5	5	5	411.98	415	44.6205	3.44357	1.62669	0.840226	8.29857	44.4062	19.0373	97.1324	1	1	1	1	0	0	0	0
08.08.2015 23:15:16.744000	0.265	0.00856796	0.0127311	128.25	-674.969	0.00578704	7	5	5	5	318.289	415	44.6995	3.41012	1.59323	0.841958	8.34319	44.4033	19.0535	97.0594	1	1	1	1	0	0	0	0
08.08.2015 23:15:16.844000	0.265	0.00856796	0.0127311	128.258	-674.969	0.00651042	7	5	5	5	424.923	415	44.7901	3.45435	1.63747	0.843066	8.33856	44.3604	19.0362	96.9615	1	1	1	1	0	0	0	0
08.08.2015 23:15:16.944000	0.265	0.00856796	0.0127311	128.258	-674.969	0.00614873	7	5	5	5	457.984	415	44.8751	3.48269	1.6658	0.843066	8.314	44.432	19.0196	97.299	1	1	1	1	0	0	0	0
08.08.2015 23:15:17.044000	0.265	0.00856796	0.0127311	128.262	-674.969	0.00651042	7	5	5	5	477.998	415	44.9577	3.45351	1.63663	0.84903	8.33877	44.3287	19.0088	96.9452	1	1	1	1	0	0	0	0
08.08.2015 23:15:17.144000	0.265	0.00856796	0.0127311	128.26	-674.971	0.00795718	7	5	5	5	285.943	415.025	45.0448	3.39921	1.58232	0.85171	8.36806	44.3632	19.0237	97.0202	1	1	1	1	0.57	0	0	0
08.08.2015 23:15:17.244000	0.265	0.00856796	0.0127311	128.262	-674.969	0.00759549	7	5	5	5	389.274	415.495	45.1308	3.64621	1.82932	0.85171	8.42046	44.5913	18.9988	97.9884	1	1	1	1	1	0	0	0
08.08.2015 23:15:17.344000	0.265	0.00856796	0.0127311	128.266	-674.969	0.00759549	7	5	5	5	428.072	416.752	45.2263	3.94913	2.13225	0.874853	8.39214	44.2499	18.9554	96.8475	1	1	1	1	1	0	0	0
08.08.2015 23:15:17.444000	0.265	0.00856796	0.0127311	128.266	-674.969	0.00813802	7	5	5	5	498.751	418.807	45.3233	4.04214	2.22526	0.878621	8.36267	44.6108	18.8773	98.5285	1	1	1	1	1	0	0	0
08.08.2015 23:15:17.544000	0.265	0.00856796	0.0127311	128.266	-674.969	0.00868056	7	5	5	5	433.286	421.66	45.4233	3.93555	2.11867	0.915486	8.32324	43.9049	18.8168	96.0573	1	1	1	1	1	0	0	0
08.08.2015 23:15:17.644000	0.265	0.00856796	0.0127311	128.266	-674.969	0.00813802	7	5	5	5	516.305	425.312	45.5178	3.7855	1.96861	0.987048	8.32399	44.0182	18.7874	96.604	1	1	1	1	1	0	0	0
08.08.2015 23:15:17.744000	0.265	0.00856796	0.0127311	128.266	-674.969	0.00759549	7	5	5	5	421.923	429.761	45.6073	3.4833	1.66642	0.987048	8.31659	44.1803	18.8099	97.1382	1	1	1	1	1	0	0	0
08.08.2015 23:15:17.844000	0.265	0.00856796	0.0127311	128.266	-674.969	0.00651042	7	5	5	5	294.973	435.009	45.6894	3.39601	1.57912	0.932969	8.35825	43.5124	18.8525	94.4177	1	1	1	1	1	0	0	0
08.08.2015 23:15:17.944000	0.265	0.00856796	0.0127311	128.266	-674.969	0.00578704	7	5	5	5	363.268	441.055	45.7775	3.79548	1.9786	0.885011	8.43037	43.7561	18.8462	95.3749	1	1	1	1	1	0	0	0
08.08.2015 23:15:18.044000	0.265	0.00856796	0.0127311	128.266	-674.969	0.00596788	7	5	5	5	482.253	447.898	45.8754	4.35161	2.53473	0.885011	8.37329	44.614	18.7803	98.912	1	1	1	1	1	0	0	0
08.08.2015 23:15:18.144000	0.265	0.00856796	0.0127311	128.266	-674.969	0.00470197	7	5	5	5	493.386	455.54	45.9864	4.67569	2.8588	0.951562	8.31652	44.2299	18.6554	97.9197	1	1	1	1	1	0	0	0
08.08.2015 23:15:18.244000	0.265	0.00856796	0.0127311	128.266	-674.969	0.00488281	7	5	5	5	485.295	463.98	46.1018	4.82866	3.01177	0.956571	8.29693	43.6136	18.5239	96.0634	1	1	1	1	1	0	0	0
08.08.2015 23:15:18.344000	0.265	0.00856796	0.0127311	128.268	-674.969	0.00542535	7	5	5	5	515.005	473.219	46.2157	4.89175	3.07486	1.10654	8.29646	44.7139	18.3903	100.788	1	1	1	1	1	0	0	0
08.08.2015 23:15:18.444000	0.265	0.00856796	0.0127311	128.27	-674.969	0.00434028	7	5	5	5	554.119	483.255	46.3301	4.84208	3.0252	1.15134	8.32281	42.1488	18.2889	91.3546	1	1	1	1	1	0	0	0
08.08.2015 23:15:18.544000	0.265	0.00856796	0.0127311	128.271	-674.971	0.00470197	7	5	5	5	425.241	494.089	46.4465	4.78614	2.96925	1.14813	8.31762	43.3132	18.2373	96.0106	1	1	1	1	1	0	0	0
08.08.2015 23:15:18.644000	0.265	0.00856796	0.0127311	128.27	-674.973	0.00488281	7	5	5	5	417.567	505.721	46.5594	5.01877	3.20188	1.14598	8.31493	42.9898	18.1712	95.0256	1	1	1	1	1	0	0	0
08.08.2015 23:15:18.744000	0.265	0.00856796	0.0127311	128.273	-674.969	0.00470197	7	5	5	5	620.396	518.151	46.6833	5.4758	3.65891	1.16518	8.33019	43.5789	18.021	97.8561	1	1	1	1	1	0	0	0
08.08.2015 23:15:18.844000	0.265	0.00856796	0.0127311	128.27	-674.969	0.00488281	7	5	5	5	522.675	531.38	46.8141	5.66376	3.84688	1.18438	8.30517	41.483	17.8937	90.3186	1	1	1	1	1	0	0	0
08.08.2015 23:15:18.944000	0.265	0.00856796	0.0127311	128.273	-674.969	0.00614873	7	5	5	5	524.827	545.406	46.9514	5.90317	4.08628	1.27611	8.30284	42.079	17.7219	93.2586	1	1	1	1	1	0	0	0
08.08.2015 23:15:19.044000	0.265	0.00856796	0.0127311	128.273	-674.969	0.00651042	7	5	5	5	591.005	560.231	47.0921	6.23866	4.42177	1.32998	8.24841	43.1288	17.5325	98.0029	1	1	1	1	1	0	0	0
08.08.2015 23:15:19.144000	0.265	0.00856796	0.0127311	128.273	-674.971	0.00578704	7	5	5	5	526.75	575.857	47.2379	6.50654	4.68965	1.42678	8.29227	42.2499	17.3522	95.3282	1	1	1	1	1	0	0	0
08.08.2015 23:15:19.244000	0.265	0.00856796	0.0127311	128.273	-674.977	0.00596788	7	5	5	5	543.056	592.276	47.3896	6.95732	5.14044	1.46139	8.32027	42.2535	17.1308	96.1896	1	1	1	1	1	0	0	0
08.08.2015 23:15:19.344000	0.265	0.00856796	0.0127311	128.273	-674.969	0.00614873	7	5	5	5	560.492	609.497	47.5612	7.58102	5.76413	1.52589	8.31458	41.9024	16.878	95.8134	1	1	1	1	1	0	0	0
08.08.2015 23:15:19.444000	0.265	0.00856796	0.0127311	128.273	-674.973	0.00488281	7	5	5	5	646.898	627.513	47.7403	8.24022	6.42334	1.70502	8.2758	41.565	16.5459	95.7935	1	1	1	1	1	0	0	0
08.08.2015 23:15:19.544000	0.265	0.00856796	0.0127311	128.273	-674.969	0.00651042	7	5	5	5	638.117	646.331	47.9353	8.77485	6.95796	1.83277	8.20158	41.1906	16.2355	95.3434	1	1	1	1	1	0	0	0
08.08.2015 23:15:19.644000	0.265	0.00856796	0.0127311	128.273	-674.969	0.00596788	7	5	5	5	665.756	665.942	48.1417	9.31421	7.49733	1.96695	8.20618	40.8435	15.9232	95.3673	1	1	1	1	1	0	0	0
08.08.2015 23:15:19.744000	0.265	0.00856796	0.0127311	128.273	-674.969	0.00614873	7	5	5	5	610.349	686.399	48.3571	9.90454	8.08787	2.10095	8.23519	40.4654	15.6252	95.1116	1	1	1	1	1	0	0	0
08.08.2015 23:15:19.844000	0.265	0.00856796	0.0127311	128.273	-674.969	0.00705295	7	5	5	5	737.136	707.726	48.5874	10.609	8.79165	2.21568	8.24098	40.1893	15.3039	95.2824	1	1	1	1	1	0	0	0
08.08.2015 23:15:19.944000	0.265	0.00856796	0.0127311	128.273	-674.969	0.00759549	7	5	5	5	687.684	729.766	48.8296	11.1973	9.38037	2.31887	8.28283	39.8795	15.0302	95.1379	1	1	1	1	1	0	0	0
08.08.2015 23:15:20.044000	0.265	0.00856796	0.0127311	128.273	-674.969	0.00705295	7	5	5	5	632.285	752.59	49.0843	11.9777	10.1608	2.4832	8.32006	39.6127	14.7483	95.2008	1	1	1	1	1	0	0	0
08.08.2015 23:15:20.144000	0.265	0.00856796	0.0127311	128.273	-674.974	0.00651042	7	5	5	5	800.752	776.201	49.3629	12.958	11.1412	2.71011	8.28223	39.2997	14.4577	95.1006	1	1	1	1	1	0	0	0
08.08.2015 23:15:20.244000	0.265	0.00856796	0.0127311	128.273	-674.969	0.00651042	7	5	5	5	795.723	800.62	49.6563	13.7855	11.9686	2.87088	8.25269	39.0179	14.2138	94.9699	1	1	1	1	1	0	0	0
08.08.2015 23:15:20.344000	0.265	0.00856796	0.0127311	128.273	-674.969	0.00578704	7	5	5	5	879.391	825.829	49.9607	14.5555	12.7386	2.98348	8.16903	38.7845	13.9847	94.9534	1	1	1	1	1	0	0	0
08.08.2015 23:15:20.444000	0.265	0.00856796	0.0127311	128.273	-674.969	0.00596788	7	5	5	5	752.215	851.831	50.2816	15.1938	13.3769	3.19079	8.21071	38.5468	13.8117	94.7056	1	1	1	1	1	0	0	0
08.08.2015 23:15:20.544000	0.265	0.00856796	0.0127311	128.273	-674.971	0.00614873	7	5	5	5	784.449	878.639	50.6153	16.0807	14.2638	3.29629	8.28164	38.3412	13.6385	94.5815	1	1	1	1	1	0	0	0
08.08.2015 23:15:20.644000	0.265	0.00856796	0.0127311	128.273	-674.969	0.00651042	7	5	5	5	871.501	906.237	50.9685	17.1983	15.3814	3.46984	8.28924	38.1788	13.4651	94.6241	1	1	1	1	1	0	0	0
08.08.2015 23:15:20.744000	0.265	0.00856796	0.0127311	128.273	-674.971	0.00651042	7	5	5	5	933.333	934.64	51.3475	18.2622	16.4453	3.78597	8.25266	38.0214	13.3585	94.4292	1	1	1	1	1	0	0	0
08.08.2015 23:15:20.844000	0.265	0.00856796	0.0127311	128.273	-674.969	0.00596788	7	5	5	5	927.953	963.838	51.739	19.2326	17.4157	3.88512	8.19693	37.8994	13.2676	94.3104	1	1	1	1	1	0	0	0
08.08.2015 23:15:20.944000	0.265	0.00856796	0.0127311	128.273	-674.971	0.00687211	7	5	5	5	972.946	993.831	52.1504	20.2496	18.4327	4.11094	8.23644	37.85	13.2299	94.2656	1	1	1	1	1	0	0	0
08.08.2015 23:15:21.044000	0.265	0.00856796	0.0127311	128.273	-674.973	0.00759549	7	5	5	5	1028.42	746.433	52.5787	21.2374	10.555	4.25636	8.20844	37.8101	13.2453	94.0538	1	1	1	1	1	0.45	0	0.45
08.08.2015 23:15:21.144000	0.265	0.00856796	0.0127311	128.273	-674.969	0.00868056	7	5	5	5	2373.1	415	54.9698	21.518	0	56.6896	8.03299	88.7368	20.2316	262.293	1	1	1	1	1	1	0.1	1
08.08.2015 23:15:21.244000	0.265	0.00856796	0.0127311	128.273	-674.973	0.00813802	7	5	5	5	2772.7	415	58.2164	21.518	0	99.4175	6.20356	117.377	1.22758	444.713	1	1	1	1	1	1	1	1
08.08.2015 23:15:21.344000	0.265	0.00856796	0.0127311	128.227	-674.951	0.00940394	7	5	5	5	46.1663	415	58.198	21.518	0	99.4175	4.14006	125.982	0.479629	480.523	1	1	1	1	1	1	1	1
08.08.2015 23:15:21.444000	0.265	0.00856796	0.0127311	128.105	-674.949	0.00976563	7	5	5	5	7.9598	415	58.198	11.8349	0	99.4175	2.83611	138.834	0.411512	529.99	1	1	1	1	1	1	1	0.55
08.08.2015 23:15:21.544000	0.265	0.00856796	0.0127311	128.083	-674.971	0.0122975	7	5	5	5	1.9779	415	58.198	0	0	99.4175	1.78294	140.852	0.487075	537.429	1	1	1	1	1	1	1	0
08.08.2015 23:15:21.644000	0.265	0.00856796	0.0127311	128.063	-674.977	0.00813802	7	5	5	5	0.813811	415	58.198	0	0	99.4175	1.39068	141.083	0.435316	538.512	1	1	1	1	1	1	1	0
08.08.2015 23:15:21.744000	0.265	0.00856796	0.0127311	128.021	-674.953	0.00759549	7	5	5	5	0.557578	415	58.2224	0	0	99.4175	1.11311	140.734	0.4026	537.299	1	1	1	1	1	1	1	0
08.08.2015 23:15:21.844000	0.265	0.00856796	0.0127311	128.008	-674.977	0.00868056	7	5	5	5	0.310739	415	58.2477	0	0	99.4175	0.914873	140.654	0.427015	536.902	1	1	1	1	1	1	1	0
08.08.2015 23:15:21.944000	0.265	0.00856796	0.0127311	127.857	-674.99	0.00868056	7	5	5	5	0.313546	415	58.2477	0	0	99.4175	0.755425	140.529	0.430738	536.408	1	1	1	1	1	1	1	0
08.08.2015 23:15:22.044000	0.265	0.00856796	0.0127311	127.887	-675.008	0.00651042	7	5	5	5	0.308415	415	58.2477	0	0	99.4175	0.669763	140.514	0.415784	536.41	1	1	1	1	1	1	1	0
08.08.2015 23:15:22.144000	0.265	0.00856796	0.0127311	127.906	-675.008	0.00651042	7	5	5	5	0.304718	415	58.2477	0	0	92.4617	0.5994	140.378	0.414686	535.891	1	1	1	1	1	1	1	0
08.08.2015 23:15:22.244000	0.265	0.00856796	0.0127311	127.93	-675.008	0.00542535	7	5	5	5	0.275397	415	58.2477	0	0	0.0496949	0.541074	140.443	0.420423	536.117	1	1	1	1	1	1	1	0
08.08.2015 23:15:22.344000	0.265	0.00856796	0.0127311	127.922	-675.01	0.00506366	7	5	5	5	0.294548	415	58.2477	0	0	0.0496949	0.488723	140.309	0.416272	535.623	1	1	1	1	1	1	1	0
08.08.2015 23:15:22.444000	0.265	0.00856796	0.0127311	127.918	-675.012	0.00542535	7	5	5	5	0.311399	415	58.2477	0	0	0.0496949	0.456402	140.255	0.414075	535.421	1	1	1	1	1	1	1	0
08.08.2015 23:15:22.544000	0.265	0.00856796	0.0127311	127.93	-675.013	0.00614873	7	5	5	5	0.311251	415	58.2477	0	0	0.0496949	0.427828	140.207	0.418714	535.222	1	1	1	1	1	1	1	0
08.08.2015 23:15:22.644000	0.265	0.00856796	0.0127311	127.934	-675.016	0.00651042	7	5	5	5	0.309364	415	58.2477	0	0	0.0496949	0.398264	140.162	0.419385	535.047	1	1	1	1	1	1	1	0
08.08.2015 23:15:22.744000	0.265	0.00856796	0.0127311	127.938	-675.013	0.00614873	7	5	5	5	0.298236	415	58.2477	0	0	0.0496949	0.37696	140.119	0.42085	534.875	1	1	1	1	1	1	1	0
08.08.2015 23:15:22.844000	0.265	0.00856796	0.0127311	127.938	-675.008	0.00651042	7	5	5	5	0.294863	415	58.2477	0	0	0.0496949	0.36093	140.073	0.418165	534.709	1	1	1	1	1	1	1	0
08.08.2015 23:15:22.944000	0.265	0.00856796	0.0127311	127.938	-675.008	0.00614873	7	5	5	5	0.326478	415	58.2477	0	0	0.0496949	0.345848	140.029	0.427625	534.506	1	1	1	1	1	1	1	0
08.08.2015 23:15:23.044000	0.265	0.00856796	0.0127311	127.938	-675.008	0.00596788	7	5	5	5	0.340145	415	58.2477	0	0	0.0496949	0.329803	139.982	0.445143	534.258	1	1	1	1	1	1	1	0
08.08.2015 23:15:23.144000	0.265	0.00856796	0.0127311	127.938	-675.008	0.00687211	7	5	5	5	0.341446	415	58.2477	0	0	0.0467132	0.318851	139.938	0.444411	534.094	1	1	1	1	1	1	1	0
08.08.2015 23:15:23.244000	0.265	0.00856796	0.0127311	127.938	-675.008	0.00705295	7	5	5	5	0.334733	415	58.2477	0	0	0	0.310091	139.899	0.429273	534.002	1	1	1	1	1	1	1	0
08.08.2015 23:15:23.344000	0.265	0.00856796	0.0127311	127.94	-675.008	0.00759549	7	5	5	5	0.311919	415	58.2477	0	0	0	0.300463	139.865	0.429518	533.869	1	1	1	1	1	1	1	0
08.08.2015 23:15:23.444000	0.265	0.00856796	0.0127311	127.84	-675.008	0.00922309	7	5	5	5	0.307703	415	58.2477	0	0	0	0.295168	139.825	0.425367	533.733	1	1	1	1	1	1	1	0
08.08.2015 23:15:23.544000	0.265	0.00856796	0.0127311	127.75	-675.003	0.00831887	7	5	5	5	0.295807	415	58.2477	0	0	0	0.288983	139.791	0.419507	533.627	1	1	1	1	1	1	1	0
08.08.2015 23:15:23.644000	0.265	0.00856796	0.0127311	127.75	-674.996	0.00976563	7	5	5	5	0.284335	415	58.2477	0	0	0	0.286046	139.755	0.440687	533.408	1	1	1	1	1	1	1	0
08.08.2015 23:15:23.744000	0.265	0.00856796	0.0127311	127.75	-674.742	0.00940394	7	5	5	5	0.275619	415	58.2477	0	0	0	0.283275	139.727	0.447829	533.272	1	1	1	1	1	1	1	0
08.08.2015 23:15:23.844000	0.265	0.00856796	0.0127311	127.996	-671.113	0.00759549	7	5	5	5	0.263408	415	58.2477	0	0	0	0.286994	139.696	0.451369	533.142	1	1	1	1	1	1	1	0
08.08.2015 23:15:23.944000	0.265	0.00856796	0.0127311	128.125	-653.13	0.00868056	7	5	5	5	0.303155	415	58.2477	0	0	0	0.293316	139.644	0.44496	532.964	1	1	1	1	1	1	1	0
08.08.2015 23:15:24.044000	0.265	0.00856796	0.0127311	128.125	-631.191	0.00813802	7	5	5	5	0.331858	415	58.2477	0	0	0	0.300311	139.596	0.449355	532.763	1	1	1	1	1	1	1	0
08.08.2015 23:15:24.144000	0.265	0.00856796	0.0127311	128.125	-609.185	0.0072338	7	5	5	5	0.286445	415	58.2477	0	0	0	0.308355	139.63	0.451552	532.885	1	1	1	1	1	1	1	0
08.08.2015 23:15:24.244000	0.265	0.00856796	0.0127311	128.125	-575.355	0.00651042	7	5	5	5	0.292666	415	58.2477	0	0	0	0.313332	139.653	0.453139	532.967	1	1	1	1	1	1	1	0
08.08.2015 23:15:24.344000	0.265	0.00856796	0.0127311	128.125	-534.956	0.00795718	7	5	5	5	0.300558	415	58.2477	0	0	0	0.319076	139.579	0.45381	532.681	1	1	1	1	1	1	1	0
08.08.2015 23:15:24.444000	0.265	0.00856796	0.0127311	128.125	-498.523	0.00759549	7	5	5	5	0.304528	415	58.2477	0	0	0	0.324617	139.468	0.458693	532.237	1	1	1	1	1	1	1	0
08.08.2015 23:15:24.544000	0.265	0.00856796	0.0127311	128.133	-458.052	0.00868056	7	5	5	5	0.321228	415	58.2477	0	0	0	0.32981	139.479	0.457106	532.286	1	1	1	1	1	1	1	0
08.08.2015 23:15:24.644000	0.265	0.00856796	0.0127311	128.129	-400.008	0.00759549	7	5	5	5	0.30445	415	58.2477	0	0	0	0.332154	139.449	0.45851	532.167	1	1	1	1	1	1	1	0
08.08.2015 23:15:24.744000	0.265	0.00856796	0.0127311	128.156	-358.396	0.00868056	7	5	5	5	0.290119	415	58.2477	0	0	0	0.335901	139.403	0.461318	531.979	1	1	1	1	1	1	1	0
08.08.2015 23:15:24.844000	0.265	0.00856796	0.0127311	128.172	-316.891	0.00813802	7	5	5	5	0.284234	415	58.2477	0	0	0	0.338231	139.369	0.459853	531.856	1	1	1	1	1	1	1	0
08.08.2015 23:15:24.944000	0.265	0.00856796	0.0127311	128.18	-269.747	0.00976563	7	5	5	5	0.293039	415	58.2477	0	0	0	0.341413	139.339	0.469863	531.704	1	1	1	1	1	1	1	0
08.08.2015 23:15:25.044000	0.265	0.00856796	0.0127311	128.18	-217.848	0.00759549	7	5	5	5	0.28354	415	58.2477	0	0	0	0.342289	139.307	0.471328	531.574	1	1	1	1	1	1	1	0
08.08.2015 23:15:25.144000	0.265	0.00856796	0.0127311	128.18	-176.93	0.00795718	7	5	5	5	0.291973	415	58.2477	0	0	0	0.344314	139.275	0.469741	531.456	1	1	1	1	1	1	1	0
08.08.2015 23:15:25.244000	0.265	0.00856796	0.0127311	128.18	-136.395	0.00759549	7	5	5	5	0.294078	415	58.2477	0	0	0	0.344893	139.246	0.466201	531.36	1	1	1	1	1	1	1	0
08.08.2015 23:15:25.344000	0.265	0.00856796	0.0127311	128.185	-85.3047	0.00831887	7	5	5	5	0.343089	415	58.2477	0	0	0	0.345638	139.216	0.468215	531.239	1	1	1	1	1	1	1	0
08.08.2015 23:15:25.444000	0.265	0.00856796	0.0127311	128.18	-39.9883	0.00813802	7	5	5	5	0.347957	415	58.2477	0	0	0	0.345052	139.189	0.464187	531.148	1	1	1	1	1	1	1	0
08.08.2015 23:15:25.544000	0.265	0.00856796	0.0127311	128.188	0.239583	0.0072338	7	5	5	5	0.338955	415	58.2477	0	0	0	0.344061	139.16	0.46144	531.049	1	1	1	1	1	1	1	0
08.08.2015 23:15:25.644000	0.265	0.00856796	0.0127311	128.188	39.793	0.00759549	7	5	5	5	0.304515	415	58.2477	0	0	0	0.343164	139.135	0.464125	530.945	1	1	1	1	1	1	1	0
08.08.2015 23:15:25.744000	0.265	0.00856796	0.0127311	128.195	95.9792	0.010489	7	5	5	5	0.294968	415	58.2477	0	0	0	0.341746	139.103	0.463942	530.821	1	1	1	1	1	1	1	0
08.08.2015 23:15:25.844000	0.265	0.00856796	0.0127311	128.195	135.871	0.00976563	7	5	5	5	0.275652	415	58.2477	0	0	0	0.341435	139.079	0.466689	530.717	1	1	1	1	1	1	1	0
08.08.2015 23:15:25.944000	0.265	0.00856796	0.0127311	128.201	174.799	0.00831887	7	5	5	5	0.261197	415	58.2477	0	0	0	0.339865	139.049	0.466567	530.606	1	1	1	1	1	1	1	0
08.08.2015 23:15:26.044000	0.265	0.00856796	0.0127311	128.199	214.813	0.00759549	7	5	5	5	0.304615	415	58.2477	0	0	0	0.338983	139.024	0.46791	530.505	1	1	1	1	1	1	1	0
08.08.2015 23:15:26.144000	0.265	0.00856796	0.0127311	128.201	271.344	0.00795718	7	5	5	5	0.326635	415	58.2477	0	0	0	0.33682	139	0.465835	530.42	1	1	1	1	1	1	1	0
08.08.2015 23:15:26.244000	0.265	0.00856796	0.0127311	128.203	311.465	0.00813802	7	5	5	5	0.316318	415	58.2477	0	0	0	0.337384	138.973	0.467971	530.309	1	1	1	1	1	1	1	0
08.08.2015 23:15:26.344000	0.265	0.00856796	0.0127311	128.203	351.977	0.00904225	7	5	5	5	0.312182	415	58.2477	0	0	0	0.335373	138.944	0.469741	530.19	1	1	1	1	1	1	1	0
08.08.2015 23:15:26.444000	0.265	0.00856796	0.0127311	128.227	400.398	0.00759549	7	5	5	5	0.298358	415	58.2477	0	0	0	0.335366	138.918	0.470107	530.089	1	1	1	1	1	1	1	0
08.08.2015 23:15:26.544000	0.265	0.00856796	0.0127311	128.266	449.086	0.00578704	7	5	5	5	0.29021	415	58.2477	0	0	0	0.334346	138.894	0.469314	529.999	1	1	1	1	1	1	1	0
08.08.2015 23:15:26.644000	0.265	0.00856796	0.0127311	128.289	490.184	0.00651042	7	5	5	5	0.297832	415	58.2477	0	0	0	0.333789	138.865	0.467483	529.898	1	1	1	1	1	1	1	0
08.08.2015 23:15:26.744000	0.265	0.00856796	0.0127311	128.299	531.229	0.00542535	7	5	5	5	0.305784	415	58.2477	0	0	0	0.333181	138.842	0.468337	529.804	1	1	1	1	1	1	1	0
08.08.2015 23:15:26.844000	0.265	0.00856796	0.0127311	128.309	582.031	0.00434028	7	5	5	5	0.308624	415	58.2477	0	0	0	0.332624	138.816	0.468032	529.707	1	1	1	1	1	1	1	0
08.08.2015 23:15:26.944000	0.265	0.00856796	0.0127311	128.315	610.563	0.00506366	7	5	5	5	0.303697	415	58.2477	0	0	0	0.332031	138.787	0.465896	529.603	1	1	1	1	1	1	1	0
08.08.2015 23:15:27.044000	0.265	0.00856796	0.0127311	128.32	634.551	0.00542535	7	5	5	5	0.294996	415	58.2477	0	0	0	0.331178	138.76	0.47792	529.455	1	1	1	1	1	1	1	0
08.08.2015 23:15:27.144000	0.265	0.00856796	0.0127311	128.32	654.849	0.00470197	7	5	5	5	0.278577	415	58.2477	0	0	0	0.331727	138.736	0.481521	529.351	1	1	1	1	1	1	1	0
08.08.2015 23:15:27.244000	0.265	0.00856796	0.0127311	128.316	668.41	0.00542535	7	5	5	5	0.29336	415	58.2477	0	0	0	0.330888	138.712	0.474746	529.284	1	1	1	1	1	1	1	0
08.08.2015 23:15:27.344000	0.265	0.00856796	0.0127311	128.305	670.703	0.00687211	7	5	5	5	0.26241	415	58.2477	0	0	0	0.331727	138.686	0.474563	529.183	1	1	1	1	1	1	1	0
08.08.2015 23:15:27.444000	0.265	0.00856796	0.0127311	128.305	672.324	0.00488281	7	5	5	5	0.276128	415	58.2477	0	0	0	0.332024	138.658	0.473037	529.082	1	1	1	1	1	1	1	0
08.08.2015 23:15:27.544000	0.265	0.00856796	0.0127311	128.245	672.622	0.00470197	7	5	5	5	0.305536	415	58.2477	0	0	0	0.333333	138.636	0.477248	528.982	1	1	1	1	1	1	1	0
08.08.2015 23:15:27.644000	0.265	0.00856796	0.0127311	128.184	672.66	0.0016276	7	5	5	5	0.325758	415	58.2477	0	0	0	0.332465	138.611	0.472793	528.905	1	1	1	1	1	1	1	0
08.08.2015 23:15:27.744000	0.265	0.00856796	0.0127311	128.156	672.656	0.00289352	7	5	5	5	0.316624	415	58.2477	0	0	0	0.33376	138.59	0.474563	528.815	1	1	1	1	1	1	1	0
08.08.2015 23:15:27.844000	0.265	0.00856796	0.0127311	127.875	672.688	0.00271267	7	5	5	5	0.304448	415	58.2477	0	0	0	0.334324	138.441	0.475112	528.244	1	1	1	1	1	1	1	0
08.08.2015 23:15:27.944000	0.265	0.00856796	0.0127311	127.805	672.74	0.00217014	7	5	5	5	0.314362	415	58.2477	0	0	0	0.335938	138.533	0.472671	528.606	1	1	1	1	1	1	1	0
08.08.2015 23:15:28.044000	0.265	0.00856796	0.0127311	127.785	672.77	0.0016276	7	5	5	5	0.301885	415	58.2477	0	0	0	0.336495	138.506	0.471816	528.505	1	1	1	1	1	1	1	0
08.08.2015 23:15:28.144000	0.265	0.00856796	0.0127311	127.797	672.727	0.00180845	7	5	5	5	0.269611	415	58.2477	0	0	0	0.338672	138.483	0.472671	528.415	1	1	1	1	1	1	1	0
08.08.2015 23:15:28.244000	0.265	0.00856796	0.0127311	127.797	672.734	0.000542535	7	5	5	5	0.29871	415	58.2477	0	0	0	0.340119	138.463	0.473342	528.333	1	1	1	1	1	1	1	0
08.08.2015 23:15:28.344000	0.265	0.00856796	0.0127311	127.799	672.69	0.00072338	7	5	5	5	0.308761	415	58.2477	0	0	0	0.341428	138.435	0.472854	528.228	1	1	1	1	1	1	1	0
08.08.2015 23:15:28.444000	0.265	0.00856796	0.0127311	127.805	672.734	0.00108507	7	5	5	5	0.314401	415	58.2477	0	0	0	0.342571	138.414	0.473708	528.145	1	1	1	1	1	1	1	0
08.08.2015 23:15:28.544000	0.265	0.00856796	0.0127311	127.805	672.703	0.00144676	7	5	5	5	0.302471	415	58.2477	0	0	0	0.343027	138.39	0.469985	528.069	1	1	1	1	1	1	1	0
08.08.2015 23:15:28.644000	0.265	0.00856796	0.0127311	127.805	672.703	0	7	5	5	5	0.300801	415	58.2477	0	0	0	0.344459	138.369	0.474075	527.972	1	1	1	1	1	1	1	0
08.08.2015 23:15:28.744000	0.265	0.00856796	0.0127311	127.901	672.711	0.00072338	7	5	5	5	0.300435	415	58.2477	0	0	0	0.345175	138.344	0.475295	527.872	1	1	1	1	1	1	1	0
08.08.2015 23:15:28.844000	0.265	0.00856796	0.0127311	128.043	672.816	0.00108507	7	5	5	5	0.277088	415	58.2477	0	0	0	0.348929	138.321	0.477248	527.778	1	1	1	1	1	1	1	0
08.08.2015 23:15:28.944000	0.265	0.00856796	0.0127311	127.977	672.719	0.00289352	7	5	5	5	0.293995	415	58.2477	0	0	0	0.352098	138.3	0.474868	527.705	1	1	1	1	1	1	1	0
08.08.2015 23:15:29.044000	0.265	0.00856796	0.0127311	127.984	672.75	0.00271267	7	5	5	5	0.264531	415	58.2477	0	0	0	0.355599	138.273	0.47676	527.596	1	1	1	1	1	1	1	0
08.08.2015 23:15:29.144000	0.265	0.00856796	0.0127311	127.984	672.828	0.00253183	7	5	5	5	0.266687	415	58.2477	0	0	0	0.358174	138.252	0.474868	527.52	1	1	1	1	1	1	1	0
08.08.2015 23:15:29.244000	0.265	0.00856796	0.0127311	127.984	672.793	0.00434028	7	5	5	5	0.28855	415	58.2477	0	0	0	0.36195	138.232	0.477859	527.431	1	1	1	1	1	1	1	0
08.08.2015 23:15:29.344000	0.265	0.00856796	0.0127311	127.984	672.781	0.00578704	7	5	5	5	0.302308	415	58.2477	0	0	0	0.365697	138.207	0.480911	527.327	1	1	1	1	1	1	1	0
08.08.2015 23:15:29.444000	0.265	0.00856796	0.0127311	127.984	672.758	0.00596788	7	5	5	5	0.277778	415	58.2477	0	0	0	0.367759	138.18	0.490982	527.182	1	1	1	1	1	1	1	0
08.08.2015 23:15:29.544000	0.265	0.00856796	0.0127311	127.984	672.75	0.00795718	7	5	5	5	0.289857	415	58.2477	0	0	0	0.369907	138.155	0.489456	527.095	1	1	1	1	1	1	1	0
08.08.2015 23:15:29.644000	0.265	0.00856796	0.0127311	127.984	672.742	0.00651042	7	5	5	5	0.296567	415	58.2477	0	0	0	0.371376	138.137	0.485794	527.038	1	1	1	1	1	1	1	0
08.08.2015 23:15:29.744000	0.265	0.00856796	0.0127311	127.984	672.729	0.00397859	7	5	5	5	0.283109	415	58.2477	0	0	0	0.373676	138.113	0.479995	526.969	1	1	1	1	1	1	1	0
08.08.2015 23:15:29.844000	0.265	0.00856796	0.0127311	127.984	672.727	0.00651042	7	5	5	5	0.296344	415	58.2477	0	0	0	0.374552	138.09	0.480422	526.881	1	1	1	1	1	1	1	0
08.08.2015 23:15:29.944000	0.265	0.00856796	0.0127311	127.984	672.716	0.00651042	7	5	5	5	0.303876	415	58.2477	0	0	0	0.377004	138.071	0.47908	526.81	1	1	1	1	1	1	1	0
08.08.2015 23:15:30.044000	0.265	0.00856796	0.0127311	127.984	672.707	0.00651042	7	5	5	5	0.310315	415	58.2477	0	0	0	0.379022	138.047	0.480483	526.715	1	1	1	1	1	1	1	0
08.08.2015 23:15:30.144000	0.265	0.00856796	0.0127311	127.984	672.721	0.00578704	7	5	5	5	0.327428	415	58.2477	0	0	0	0.381351	138.026	0.478394	526.643	1	1	1	1	1	1	1	0
08.08.2015 23:15:30.244000	0.265	0.00856796	0.0127311	127.984	672.711	0.00651042	7	5	5	5	0.3229	415	58.2477	0	0	0	0.38308	138.007	0.481216	526.559	1	1	1	1	1	1	1	0
08.08.2015 23:15:30.344000	0.265	0.00856796	0.0127311	127.984	672.706	0.00651042	7	5	5	5	0.266173	415	58.2477	0	0	0	0.385692	137.974	0.485064	526.445	1	1	1	1	1	1	1	0
08.08.2015 23:15:30.444000	0.265	0.00856796	0.0127311	127.984	672.703	0.00542535	7	5	5	5	0.278368	415	58.2477	0	0	0	0.388021	137.969	0.488235	526.386	1	1	1	1	1	1	1	0
08.08.2015 23:15:30.544000	0.265	0.00856796	0.0127311	127.984	672.703	0.00651042	7	5	5	5	0.288795	415	58.2477	0	0	0	0.388889	137.942	0.49147	526.272	1	1	1	1	1	1	1	0
08.08.2015 23:15:30.644000	0.265	0.00856796	0.0127311	127.984	672.703	0.00596788	7	5	5	5	0.259234	415	58.2477	0	0	0	0.390046	137.919	0.490432	526.19	1	1	1	1	1	1	1	0
08.08.2015 23:15:30.744000	0.265	0.00856796	0.0127311	127.984	672.703	0.00687211	7	5	5	5	0.295485	415	58.2477	0	0	0	0.391204	137.904	0.491958	526.123	1	1	1	1	1	1	1	0
08.08.2015 23:15:30.844000	0.265	0.00856796	0.0127311	127.984	672.695	0.00596788	7	5	5	5	0.294549	415	58.2477	0	0	0	0.39294	137.88	0.493606	526.024	1	1	1	1	1	1	1	0
08.08.2015 23:15:30.944000	0.265	0.00856796	0.0127311	127.984	672.69	0.00614873	7	5	5	5	0.3063	415	58.2477	0	0	0	0.393229	137.86	0.495682	525.94	1	1	1	1	1	1	1	0
08.08.2015 23:15:31.044000	0.265	0.00856796	0.0127311	127.988	672.68	0.00868056	7	5	5	5	0.316994	415	58.2477	0	0	0	0.394676	137.836	0.493423	525.859	1	1	1	1	1	1	1	0
08.08.2015 23:15:31.144000	0.265	0.00856796	0.0127311	127.984	672.68	0.00614873	7	5	5	5	0.288326	415	58.2477	0	0	0	0.395544	137.819	0.500565	525.767	1	1	1	1	1	1	1	0
08.08.2015 23:15:31.244000	0.265	0.00856796	0.0127311	127.992	672.68	0.00542535	7	5	5	5	0.296448	415	58.2477	0	0	0	0.396412	137.799	0.50502	525.671	1	1	1	1	1	1	1	0
08.08.2015 23:15:31.344000	0.265	0.00856796	0.0127311	127.987	672.68	0.00434028	7	5	5	5	0.280077	415	58.2477	0	0	0	0.396123	137.778	0.510208	525.572	1	1	1	1	1	1	1	0
08.08.2015 23:15:31.444000	0.265	0.00856796	0.0127311	127.984	672.68	0.00434028	7	5	5	5	0.303487	415	58.2477	0	0	0	0.396123	137.755	0.514298	525.467	1	1	1	1	1	1	1	0
08.08.2015 23:15:31.544000	0.265	0.00856796	0.0127311	127.984	672.68	0.00506366	7	5	5	5	0.262127	415	58.2477	0	0	0	0.394821	137.736	0.515397	525.389	1	1	1	1	1	1	1	0
08.08.2015 23:15:31.644000	0.265	0.00856796	0.0127311	127.984	672.68	0.00596788	7	5	5	5	0.282785	415	58.2477	0	0	0	0.393084	137.714	0.516129	525.305	1	1	1	1	1	1	1	0
08.08.2015 23:15:31.744000	0.265	0.00856796	0.0127311	127.984	672.674	0.00614873	7	5	5	5	0.287863	415	58.2477	0	0	0	0.392072	137.698	0.520341	525.228	1	1	1	1	1	1	1	0
08.08.2015 23:15:31.844000	0.265	0.00856796	0.0127311	127.988	672.668	0.00596788	7	5	5	5	0.300415	415	58.2477	0	0	0	0.390336	137.678	0.522416	525.141	1	1	1	1	1	1	1	0
08.08.2015 23:15:31.944000	0.265	0.00856796	0.0127311	127.984	672.669	0.00687211	7	5	5	5	0.290154	415	58.2477	0	0	0	0.389323	137.657	0.535966	525.009	1	1	1	1	1	1	1	0
08.08.2015 23:15:32.044000	0.265	0.00856796	0.0127311	127.984	672.668	0.00651042	7	5	5	5	0.276021	415	58.2477	0	0	0	0.387587	137.635	0.55153	524.863	1	1	1	1	1	1	1	0
08.08.2015 23:15:32.144000	0.265	0.00856796	0.0127311	127.984	672.664	0.00868056	7	5	5	5	0.273356	415	58.2477	0	0	0	0.386719	137.616	0.549211	524.801	1	1	1	1	1	1	1	0
08.08.2015 23:15:32.244000	0.265	0.00856796	0.0127311	127.984	672.664	0.00868056	7	5	5	5	0.258762	415	58.2477	0	0	0	0.384983	137.599	0.552812	524.722	1	1	1	1	1	1	1	0
08.08.2015 23:15:32.344000	0.265	0.00856796	0.0127311	127.984	672.664	0.00831887	7	5	5	5	0.272144	415	58.2477	0	0	0	0.385417	137.578	0.553545	524.64	1	1	1	1	1	1	1	0
08.08.2015 23:15:32.444000	0.265	0.00856796	0.0127311	127.984	672.664	0.00813802	7	5	5	5	0.287976	415	58.2477	0	0	0	0.384838	137.563	0.554338	524.579	1	1	1	1	1	1	1	0
08.08.2015 23:15:32.544000	0.265	0.00856796	0.0127311	127.984	672.677	0.00759549	7	5	5	5	0.286074	415	58.2477	0	0	0	0.384693	137.543	0.556352	524.496	1	1	1	1	1	1	1	0
08.08.2015 23:15:32.644000	0.265	0.00856796	0.0127311	127.984	672.68	0.00813802	7	5	5	5	0.322525	415	58.2477	0	0	0	0.384693	137.522	0.553362	524.427	1	1	1	1	1	1	1	0
08.08.2015 23:15:32.744000	0.265	0.00856796	0.0127311	127.984	672.688	0.00795718	7	5	5	5	0.321835	415	58.2477	0	0	0	0.385561	137.507	0.555376	524.359	1	1	1	1	1	1	1	0
08.08.2015 23:15:32.844000	0.265	0.00856796	0.0127311	127.988	672.68	0.00868056	7	5	5	5	0.322902	415	58.2477	0	0	0	0.385851	137.49	0.556108	524.293	1	1	1	1	1	1	1	0
08.08.2015 23:15:32.944000	0.265	0.00856796	0.0127311	127.987	672.693	0.00868056	7	5	5	5	0.331926	415	58.2477	0	0	0	0.387008	137.47	0.557024	524.211	1	1	1	1	1	1	1	0
08.08.2015 23:15:33.044000	0.265	0.00856796	0.0127311	127.988	672.703	0.00922309	7	5	5	5	0.308877	415	58.2477	0	0	0	0.388744	137.452	0.562517	524.124	1	1	1	1	1	1	1	0
08.08.2015 23:15:33.144000	0.265	0.00856796	0.0127311	127.987	672.701	0.00976563	7	5	5	5	0.281572	415	58.2477	0	0	0	0.390046	137.437	0.567034	524.048	1	1	1	1	1	1	1	0
08.08.2015 23:15:33.244000	0.265	0.00856796	0.0127311	127.984	672.695	0.0108507	7	5	5	5	0.278705	415	58.2477	0	0	0	0.39265	137.417	0.575884	523.936	1	1	1	1	1	1	1	0
08.08.2015 23:15:33.344000	0.265	0.00856796	0.0127311	127.984	672.701	0.0122975	7	5	5	5	0.270604	415	58.2477	0	0	0	0.394965	137.398	0.581622	523.844	1	1	1	1	1	1	1	0
08.08.2015 23:15:33.444000	0.265	0.00856796	0.0127311	127.992	672.703	0.0124783	7	5	5	5	0.27568	415	58.2477	0	0	0	0.397859	137.378	0.586993	523.747	1	1	1	1	1	1	1	0
08.08.2015 23:15:33.544000	0.265	0.00856796	0.0127311	127.987	672.703	0.0108507	7	5	5	5	0.30584	415	58.2477	0	0	0	0.399306	137.36	0.59096	523.662	1	1	1	1	1	1	1	0
08.08.2015 23:15:33.644000	0.265	0.00856796	0.0127311	127.992	672.703	0.0103082	7	5	5	5	0.308545	415	58.2477	0	0	0	0.402488	137.344	0.59566	523.581	1	1	1	1	1	1	1	0
08.08.2015 23:15:33.744000	0.265	0.00856796	0.0127311	127.992	672.703	0.00940394	7	5	5	5	0.34995	415	58.2477	0	0	0	0.405527	137.328	0.599261	523.507	1	1	1	1	1	1	1	0
08.08.2015 23:15:33.844000	0.265	0.00856796	0.0127311	127.984	672.711	0.00705295	7	5	5	5	0.317178	415	58.2477	0	0	0	0.407841	137.308	0.60152	523.42	1	1	1	1	1	1	1	0
08.08.2015 23:15:33.944000	0.265	0.00856796	0.0127311	127.984	672.727	0.00868056	7	5	5	5	0.273606	415	58.2477	0	0	0	0.410156	137.288	0.607929	523.319	1	1	1	1	1	1	1	0
08.08.2015 23:15:34.044000	0.265	0.00856796	0.0127311	127.984	672.727	0.00813802	7	5	5	5	0.31546	415	58.2477	0	0	0	0.41305	137.27	0.605121	523.262	1	1	1	1	1	1	1	0
08.08.2015 23:15:34.144000	0.265	0.00856796	0.0127311	127.992	672.727	0.00831887	7	5	5	5	0.303615	415	58.2477	0	0	0	0.415509	137.257	0.609272	523.198	1	1	1	1	1	1	1	0
08.08.2015 23:15:34.244000	0.265	0.00856796	0.0127311	127.984	672.738	0.00813802	7	5	5	5	0.29273	415	58.2477	0	0	0	0.417245	137.24	0.613483	523.114	1	1	1	1	1	1	1	0
08.08.2015 23:15:34.344000	0.265	0.00856796	0.0127311	127.984	672.742	0.00868056	7	5	5	5	0.285364	415	58.2477	0	0	0	0.419416	137.206	0.612568	522.989	1	1	1	1	1	1	1	0
08.08.2015 23:15:34.444000	0.265	0.0107103	0.0148519	127.961	672.723	0.00868056	7	5	5	5	0.298798	415	58.2477	0	0	0	0.421152	137.205	0.618732	522.962	1	1	1	1	1	1	1	0
08.08.2015 23:15:34.544000	0.265	0.0214235	0.021213	127.263	672.768	0.00868056	7	5	5	5	0.290184	415	58.2477	0	0	0	0.422888	137.183	0.63332	522.823	1	1	1	1	1	1	1	0
08.08.2015 23:15:34.644000	0.265	0.0321393	0.0318101	126.828	672.758	0.00813802	7	5	5	5	0.268769	415	58.2477	0	0	0	0.424045	137.162	0.629292	522.757	1	1	1	1	1	1	1	0
08.08.2015 23:15:34.744000	0.265	0.0428578	0.0424	126.87	672.75	0.0101273	7	5	5	5	0.284744	415	58.2477	0	0	0	0.425781	137.146	0.625385	522.709	1	1	1	1	1	1	1	0
08.08.2015 23:15:34.844000	0.265	0.0578675	0.0572148	126.902	672.754	0.0113932	7	5	5	5	0.276566	415	58.2477	0	0	0	0.417969	137.127	0.623249	522.646	1	1	1	1	1	1	1	0
08.08.2015 23:15:34.944000	0.265	0.0700216	0.0677879	126.909	672.755	0.0115741	7	5	5	5	0.303921	415	58.2477	0	0	0	0.40842	137.107	0.624531	522.564	1	1	1	1	1	1	1	0
08.08.2015 23:15:35.044000	0.265	0.0814627	0.0783543	126.906	672.742	0.0124783	7	5	5	5	0.326783	415	58.2477	0	0	0	0.402633	137.093	0.621845	522.52	1	1	1	1	1	1	1	0
08.08.2015 23:15:35.144000	0.265	0.0929063	0.0889127	126.909	672.828	0.010489	7	5	5	5	0.348798	415	58.2477	0	0	0	0.402199	137.077	0.621052	522.464	1	1	1	1	1	1	1	0
08.08.2015 23:15:35.244000	0.265	0.109359	0.103682	126.914	672.781	0.0103082	7	5	5	5	0.349035	415	58.2477	0	0	0	0.399884	137.063	0.620991	522.409	1	1	1	1	1	1	1	0
08.08.2015 23:15:35.344000	0.265	0.120091	0.111413	126.909	672.781	0.010489	7	5	5	5	0.330688	415	58.2477	0	0	0	0.402633	137.043	0.626484	522.311	1	1	1	1	1	1	1	0
08.08.2015 23:15:35.444000	0.265	0.130825	0.120543	126.902	672.777	0.0108507	7	5	5	5	0.314281	415	58.2477	0	0	0	0.408999	137.027	0.623554	522.263	1	1	1	1	1	1	1	0
08.08.2015 23:15:35.544000	0.265	0.142991	0.132473	126.891	672.802	0.0101273	7	5	5	5	0.284583	415	58.2477	0	0	0	0.414352	137.005	0.622456	522.181	1	1	1	1	1	1	1	0
08.08.2015 23:15:35.644000	0.265	0.156589	0.145795	126.906	672.793	0.00922309	7	5	5	5	0.277535	415	58.2477	0	0	0	0.416377	136.988	0.62215	522.118	1	1	1	1	1	1	1	0
08.08.2015 23:15:35.744000	0.265	0.167326	0.156302	126.891	672.789	0.00831887	7	5	5	5	0.285362	415	58.2477	0	0	0	0.418258	136.971	0.624409	522.043	1	1	1	1	1	1	1	0
08.08.2015 23:15:35.844000	0.265	0.178063	0.166802	126.879	672.801	0.00922309	7	5	5	5	0.296685	415	58.2477	0	0	0	0.419994	136.952	0.622517	521.977	1	1	1	1	1	1	1	0
08.08.2015 23:15:35.944000	0.265	0.191664	0.180087	126.883	672.781	0.0108507	7	5	5	5	0.316695	415	58.2477	0	0	0	0.422164	136.932	0.623066	521.9	1	1	1	1	1	1	1	0
08.08.2015 23:15:36.044000	0.265	0.203833	0.191964	126.879	672.789	0.0108507	7	5	5	5	0.344316	415	58.2477	0	0	0	0.424769	136.917	0.625446	521.832	1	1	1	1	1	1	1	0
08.08.2015 23:15:36.144000	0.265	0.214571	0.202432	126.888	672.781	0.00976563	7	5	5	5	0.315005	415	58.2477	0	0	0	0.425926	136.9	0.624592	521.77	1	1	1	1	1	1	1	0
08.08.2015 23:15:36.244000	0.265	0.225309	0.212892	126.887	672.781	0.0103082	7	5	5	5	0.279345	415	58.2477	0	0	0	0.429109	136.88	0.625751	521.692	1	1	1	1	1	1	1	0
08.08.2015 23:15:36.344000	0.265	0.244636	0.227519	126.888	672.786	0.0101273	7	5	5	5	0.284701	415	58.2477	0	0	0	0.435185	136.861	0.625996	521.616	1	1	1	1	1	1	1	0
08.08.2015 23:15:36.444000	0.265	0.255372	0.237956	126.891	672.781	0.00922309	7	5	5	5	0.277376	415	58.2477	0	0	0	0.438828	136.849	0.625796	521.573	1	1	1	1	1	1	1	0
