Time	[76:0]	[76:1]	[76:2]	[76:4]	[76:8]	[76:70]	[76:71]	[78:0]	[78:1]	[78:2]	[79:2]	[79:3]	[79:4]	[79:8]	[79:9]	[79:10]	[79:11]	[79:12]	[79:13]	[79:14]	[79.0]	[79.1]	[79.2]	[79.3]	[79.4]	[79.5]	[79.6]	[79.8]
time	Hoogteverstelling - Referentie positie (mm)	Hoogteverstelling - AZ gemeten positie (mm)	Hoogteverstelling - BZ gemeten positie (mm)	Transfert Ingang - Gemeten positie (mm)	Transfert Uitgang - Gemeten positie (mm)	Aardgas - actueel debiet	Stappenschakelaar - gemeten pos	Laspos Ing - positie discreet	Laspos Uitg - positie discreet	Schaafverstelling - positie discreet	Stuikraam - Totale Stroommeting RMS-waarde (A)	Stuikraam - Stroomreferentie (A)	Stuikraam - Positie AZ (mm, pulsgever)	Stuikraam - Referentie Servo-ventiel (%)	Stuikraam - Trim door I-regelaar (%)	Stuikraam - Gemeten snelheid (mm/s, pulsgever)	Secundaire lasspanning	Stuikraam - Druk stuikcilinder voorkamer (=laszijde)  (bar)	Stuikraam - Druk stuikcilinder terugloopkamer  (bar)	Stuikraam - Netto voorwaartse kracht op stuikraam (kN)	Stuikraam - P1	Stuikraam - P2	Stuikraam - P3	Stuikraam - P4	Stuikraam - P5	Stuikraam - P6	Stuikraam - P7	Stuikraam - Openen stuikventielen	

Lasparameter.Ingang - Coil ID	0322774S
Lasparameter.Ingang - Dikte (um)	4690
Lasparameter.Ingang - Breedte (mm)	1791
Lasparameter.Ingang - Materiaal	0001
Lasparameter.Uitgang - Coil ID	0322773S
Lasparameter.Uitgang - Dikte (um)	4670
Lasparameter.Uitgang - Breedte (mm)	1790
Lasparameter.Uitgang - Materiaal	0001
Lasparameter.P2 (mm)	23.5
Lasparameter.P3 (mm)	34.0
Lasparameter.P4 (mm)	42.1
Lasparameter.P5 (mm)	50.6
Lasparameter.P6 (mm)	57.2
Lasparameter.P7 (mm)	62.1
Lasparameter.Vonksnelheid (mm/s)	1.20
Lasparameter.Lassnelheid (mm/s)	0.48
Lasparameter.Stroom Referentie (A)	0425
Lasparameter.Stroomtoename (µA/s2)	38.3
Lasparameter.Stuikstroomtijd (per)	0009
Lasparameter.Afkoeltijd Stuik (per)	0010
Lasparameter.Stuikdruk (bar)	0117
Lasparameter.Stuiksnelheid (%)	90.0

14.08.2015 08:54:06.473000	-0.00999999	-0.0171301	-0.0127401	0.00390625	-323.484	0	7	4	4	4	0.273091	425	0	0	0	0	0.364815	4.38051	124.52	-459.989	1	0	0	0	0	0	0	0
14.08.2015 08:54:06.573000	-0.00999999	-0.0171301	-0.0127401	0	-363.449	-0.0016276	7	4	4	4	0.289951	425	0	0	0	0	0.367477	5.93011	124.55	-454.173	1	0	0	0	0	0	0	0
14.08.2015 08:54:06.673000	-0.00999999	-0.0171301	-0.0127401	-0.0182292	-412.029	-0.00144676	7	4	4	4	0.285437	425	0	0	0	0	0.36883	4.99234	124.485	-457.514	1	0	0	0	0	0	0	0
14.08.2015 08:54:06.773000	-0.00999999	-0.0171301	-0.0127401	-0.0117188	-452.254	-0.00108507	7	4	4	4	0.275791	425	0	0	0	0	0.368938	5.69695	124.461	-454.722	1	0	0	0	0	0	0	0
14.08.2015 08:54:06.873000	-0.00999999	-0.0171301	-0.0127401	0	-492.458	-0.00144676	7	4	4	4	0.287623	425	0	0	0	0	0.370421	6.02759	124.44	-453.378	1	0	0	0	0	0	0	0
14.08.2015 08:54:06.973000	-0.00999999	-0.0171301	-0.0127401	-0.0078125	-540.652	-0.00108507	7	4	4	4	0.279702	425	0	0	0	0	0.37037	5.03732	124.383	-456.953	1	0	0	0	0	0	0	0
14.08.2015 08:54:07.073000	-0.00999999	-0.0171301	-0.0127401	-0.00520833	-582.391	-0.00108507	7	4	4	4	0.270103	425	0	0	0	0	0.370595	4.69277	124.344	-458.122	1	0	0	0	0	0	0	0
14.08.2015 08:54:07.173000	-0.00999999	-0.0171301	-0.0127401	-0.0117188	-609.016	0.000542535	7	4	4	4	0.267549	425	0	0	0	0	0.368439	3.32328	124.259	-463.04	1	0	0	0	0	0	0	0
14.08.2015 08:54:07.273000	-0.00999999	-0.0171301	-0.0127401	-0.0104167	-629.336	0.00108507	7	4	4	4	0.275234	425	0	0	0	0	0.365994	3.10215	124.216	-463.721	1	0	0	0	0	0	0	0
14.08.2015 08:54:07.373000	-0.00999999	-0.0171301	-0.0127401	0	-650.727	0.000542535	7	4	4	4	0.273612	425	0	0	0	0	0.363361	4.48488	124.226	-458.465	1	0	0	0	0	0	0	0
14.08.2015 08:54:07.473000	-0.00999999	-0.0171301	-0.0127401	0	-660.427	0.00108507	7	4	4	4	0.257605	425	0	0	0	0	0.362428	4.6014	124.215	-457.976	1	0	0	0	0	0	0	0
14.08.2015 08:54:07.573000	-0.00999999	-0.0171301	-0.0127401	0	-665.719	0.00108507	7	4	4	4	0.272072	425	0	0	0	0	0.3619	4.28285	124.183	-459.075	1	0	0	0	0	0	0	0
14.08.2015 08:54:07.673000	-0.00999999	-0.0171301	-0.0127401	0	-667.25	-0.00144676	7	4	4	4	0.259798	425	0	0	0	0	0.3619	4.54903	124.168	-457.996	1	0	0	0	0	0	0	0
14.08.2015 08:54:07.773000	-0.00999999	-0.0171301	-0.0127401	0	-668.77	0.00108507	7	4	4	4	0.253288	425	0	0	0	0	0.364554	4.75088	124.148	-457.147	1	0	0	0	0	0	0	0
14.08.2015 08:54:07.873000	-0.00999999	-0.0171301	-0.0127401	0	-669.273	0.00108507	7	4	4	4	0.286416	425	0	0	0	0	0.368417	4.38636	124.119	-458.431	1	0	0	0	0	0	0	0
14.08.2015 08:54:07.973000	-0.00999999	-0.0171301	-0.0127401	0	-669.289	0.0016276	7	4	4	4	0.277029	425	0	0	0	0	0.37589	4.69747	124.102	-457.178	1	0	0	0	0	0	0	0
14.08.2015 08:54:08.073000	-0.00999999	-0.0171301	-0.0127401	-0.015625	-669.286	0.00180845	7	4	4	4	0.28897	425	0	0	0	0	0.382357	4.8771	124.082	-456.412	1	0	0	0	0	0	0	0
14.08.2015 08:54:08.173000	-0.00999999	-0.0171301	-0.0127401	-0.015625	-669.289	0.00108507	7	4	4	4	0.272894	425	0	0	0	0	0.390567	4.0932	124.043	-459.265	1	0	0	0	0	0	0	0
14.08.2015 08:54:08.273000	-0.00999999	-0.0171301	-0.0127401	-0.015625	-669.299	0.00108507	7	4	4	4	0.281135	425	0	0	0	0	0.399255	4.73525	124.031	-456.761	1	0	0	0	0	0	0	0
14.08.2015 08:54:08.373000	-0.00999999	-0.0171301	-0.0127401	-0.015625	-669.293	-0.000542535	7	4	4	4	0.296652	425	0	0	0	0	0.407733	4.50899	124.003	-457.518	1	0	0	0	0	0	0	0
14.08.2015 08:54:08.473000	-0.00999999	-0.0171301	-0.0127401	-0.0208333	-669.299	-0.00144676	7	4	4	4	0.283283	425	0	0	0	0	0.412269	4.30073	123.976	-458.211	1	0	0	0	0	0	0	0
14.08.2015 08:54:08.573000	-0.00999999	-0.0171301	-0.0127401	-0.0234375	-669.305	0.000542535	7	4	4	4	0.262512	425	0	0	0	0	0.415929	4.57949	123.958	-457.078	1	0	0	0	0	0	0	0
14.08.2015 08:54:08.673000	-0.00999999	-0.0171301	-0.0127401	-0.015625	-669.305	0.00072338	7	4	4	4	0.2765	425	0	0	0	0	0.416312	4.6968	123.939	-456.555	1	0	0	0	0	0	0	0
14.08.2015 08:54:08.773000	-0.00999999	-0.0171301	-0.0127401	0.222656	-669.305	0.00108507	7	4	4	4	0.269725	425	0	0	0	0	0.414735	4.56417	123.916	-456.975	1	0	0	0	0	0	0	0
14.08.2015 08:54:08.873000	-0.00999999	-0.0171301	-0.0127401	1.58854	-669.305	0.00072338	7	4	4	4	0.271909	425	0	0	0	0	0.412934	4.52278	123.89	-457.032	1	0	0	0	0	0	0	0
14.08.2015 08:54:08.973000	-0.00999999	-0.0171301	-0.0127401	9.90625	-669.305	0.00108507	7	4	4	4	0.273912	425	0	0	0	0	0.409252	4.77523	123.869	-455.988	1	0	0	0	0	0	0	0
14.08.2015 08:54:09.073000	-0.00999999	-0.0171301	-0.0127401	27.4063	-669.305	0.00036169	7	4	4	4	0.272331	425	0	0	0	0	0.405136	4.72909	123.845	-456.072	1	0	0	0	0	0	0	0
14.08.2015 08:54:09.173000	-0.00999999	-0.0171301	-0.0127401	52.6836	-669.309	0.00108507	7	4	4	4	0.276474	425	0	0	0	0	0.401714	4.60463	123.824	-456.467	1	0	0	0	0	0	0	0
14.08.2015 08:54:09.273000	-0.00999999	-0.0171301	-0.0127401	83.8906	-669.315	0.00036169	7	4	4	4	0.281099	425	0	0	0	0	0.401331	4.76577	123.8	-455.758	1	0	0	0	0	0	0	0
14.08.2015 08:54:09.373000	-0.00999999	-0.0171301	-0.0127401	114.344	-669.316	0.00108507	7	4	4	4	0.295121	425	0	0	0	0	0.40259	4.28987	123.771	-457.468	1	0	0	0	0	0	0	0
14.08.2015 08:54:09.473000	-0.00999999	-0.0171301	-0.0127401	150.229	-669.299	0.00072338	7	4	4	4	0.26905	425	0	0	0	0	0.408992	4.2505	123.741	-457.507	1	0	0	0	0	0	0	0
14.08.2015 08:54:09.573000	-0.00999999	-0.0171301	-0.0127401	208.469	-669.297	0.00108507	7	4	4	4	0.252943	425	0	0	0	0	0.416515	4.92636	123.73	-454.875	1	0	0	0	0	0	0	0
14.08.2015 08:54:09.673000	-0.00999999	-0.0171301	-0.0127401	252.227	-669.292	-0.00108507	7	4	4	4	0.279315	425	0	0	0	0	0.426324	4.56258	123.787	-456.486	1	0	0	0	0	0	0	0
14.08.2015 08:54:09.773000	-0.00999999	-0.0171301	-0.0127401	296.254	-669.289	-0.00108507	7	4	4	4	0.269726	425	0	0	0	0	0.438108	4.55312	123.957	-457.175	1	0	0	0	0	0	0	0
14.08.2015 08:54:09.873000	-0.00999999	-0.0171301	-0.0127401	346.161	-669.297	-0.00180845	7	4	4	4	0.281547	425	0	0	0	0	0.449327	4.79543	124.107	-456.82	1	0	0	0	0	0	0	0
14.08.2015 08:54:09.973000	-0.00999999	-0.0171301	-0.0127401	401.891	-669.293	-0.00108507	7	4	4	4	0.271463	425	0	0	0	0	0.458326	4.53676	124.228	-458.272	1	0	0	0	0	0	0	0
14.08.2015 08:54:10.073000	-0.00999999	-0.0171301	-0.0127401	444.513	-669.305	-0.00180845	7	4	4	4	0.265264	425	0	0	0	0	0.467332	4.24128	124.384	-460.004	1	0	0	0	0	0	0	0
14.08.2015 08:54:10.173000	-0.00999999	-0.0171301	-0.0127401	479.129	-669.305	-0.00108507	7	4	4	4	0.27281	425	0	0	0	0	0.476939	4.30537	125.121	-462.578	1	0	0	0	0	0	0	0
14.08.2015 08:54:10.273000	-0.00999999	-0.0171301	-0.0127401	503.052	-669.305	0.00036169	7	4	4	4	0.292986	425	0	0	0	0	0.482501	4.54744	125.428	-462.826	1	0	0	0	0	0	0	0
14.08.2015 08:54:10.373000	-0.00999999	-0.0171301	-0.0127401	519.711	-669.305	0.00108507	7	4	4	4	0.263407	425	0	0	0	0	0.488028	4.51082	125.565	-463.493	1	0	0	0	0	0	0	0
14.08.2015 08:54:10.473000	-0.00999999	-0.0171301	-0.0127401	536.43	-669.302	0.00072338	7	4	4	4	0.273002	425	0	0	0	0	0.491052	4.43739	125.765	-464.541	1	0	0	0	0	0	0	0
14.08.2015 08:54:10.573000	-0.00999999	-0.0171301	-0.0127401	552.516	-669.305	0.000542535	7	4	4	4	0.271084	425	0	0	0	0	0.495001	4.47102	125.942	-465.09	1	0	0	0	0	0	0	0
14.08.2015 08:54:10.673000	-0.00999999	-0.0171301	-0.0127401	572.747	-669.305	0.00072338	7	4	4	4	0.276563	425	0	0	0	0	0.496578	4.50642	126.13	-465.672	1	0	0	0	0	0	0	0
14.08.2015 08:54:10.773000	-0.00999999	-0.0171301	-0.0127401	591.012	-669.305	0.0016276	7	4	4	4	0.272657	425	0	0	0	0	0.497685	4.44185	126.253	-466.39	1	0	0	0	0	0	0	0
14.08.2015 08:54:10.873000	-0.00999999	-0.0171301	-0.0127401	605.896	-669.305	0.00108507	7	4	4	4	0.268232	425	0	0	0	0	0.498394	4.42482	126.37	-466.904	1	0	0	0	0	0	0	0
14.08.2015 08:54:10.973000	-0.00999999	-0.0171301	-0.0127401	620.898	-669.305	0	7	4	4	4	0.286363	425	0	0	0	0	0.499132	4.49837	126.883	-468.588	1	0	0	0	0	0	0	0
14.08.2015 08:54:11.073000	-0.00999999	-0.0171301	-0.0127401	641.471	-669.305	0.00036169	7	4	4	4	0.277078	425	0	0	0	0	0.498553	4.47688	126.971	-469.007	1	0	0	0	0	0	0	0
14.08.2015 08:54:11.173000	-0.00999999	-0.0171301	-0.0127401	655.184	-669.305	0.000542535	7	4	4	4	0.274533	425	0	0	0	0	0.498423	4.43031	127.009	-469.327	1	0	0	0	0	0	0	0
14.08.2015 08:54:11.273000	-0.00999999	-0.0171301	-0.0127401	668.331	-669.305	0.00036169	7	4	4	4	0.287279	425	0	0	0	0	0.497266	4.43172	127.083	-469.608	1	0	0	0	0	0	0	0
14.08.2015 08:54:11.373000	-0.00999999	-0.0171301	-0.0127401	682.652	-669.305	0.00108507	7	4	4	4	0.286152	425	0	0	0	0	0.49532	4.4568	127.254	-470.167	1	0	0	0	0	0	0	0
14.08.2015 08:54:11.473000	-0.00999999	-0.0171301	-0.0127401	695.271	-669.305	0.00036169	7	4	4	4	0.27787	425	0	0	0	0	0.493294	4.4087	127.511	-471.334	1	0	0	0	0	0	0	0
14.08.2015 08:54:11.573000	-0.00999999	-0.0171301	-0.0127401	703.508	-669.305	-0.000542535	7	4	4	4	0.278624	425	0	0	0	0	0.490061	4.36537	127.714	-472.277	1	0	0	0	0	0	0	0
14.08.2015 08:54:11.673000	-0.00999999	-0.0171301	-0.0127401	708.589	-669.305	-0.00108507	7	4	4	4	0.290668	425	0	0	0	0	0.485077	4.32759	127.871	-473.022	1	0	0	0	0	0	0	0
14.08.2015 08:54:11.773000	-0.00999999	-0.0171301	-0.0127401	710.578	-669.305	0.0016276	7	4	4	4	0.267942	425	0	0	0	0	0.480577	4.43342	128.016	-473.172	1	0	0	0	0	0	0	0
14.08.2015 08:54:11.873000	-0.00999999	-0.0171301	-0.0127401	711.086	-669.305	-0.00108507	7	4	4	4	0.300394	425	0	0	0	0	0.476396	4.39051	128.163	-473.9	1	0	0	0	0	0	0	0
14.08.2015 08:54:11.973000	-0.00999999	-0.0171301	-0.0127401	711.109	-669.313	0	7	4	4	4	0.2906	425	0	0	0	0	0.470399	4.49623	128.329	-474.131	1	0	0	0	0	0	0	0
14.08.2015 08:54:12.073000	-0.00999999	-0.0171301	-0.0127401	711.109	-669.31	-0.00108507	7	4	4	4	0.290028	425	0	0	0	0	0.4659	4.90182	128.426	-472.95	1	0	0	0	0	0	0	0
14.08.2015 08:54:12.173000	-0.00999999	-0.0171301	-0.0127401	711.109	-669.313	0	7	4	4	4	0.273016	425	0	0	0	0	0.462768	4.64986	128.457	-474.033	1	0	0	0	0	0	0	0
14.08.2015 08:54:12.273000	-0.00999999	-0.0171301	-0.0127401	711.107	-669.313	0.00072338	7	4	4	4	0.29447	425	0	0	0	0	0.459549	4.46461	128.932	-476.56	1	0	0	0	0	0	0	0
14.08.2015 08:54:12.373000	-0.00999999	-0.0171301	-0.0127401	711.109	-669.313	0	7	4	4	4	0.325494	425	0	0	0	0	0.454022	4.47993	129.082	-477.075	1	0	0	0	0	0	0	0
14.08.2015 08:54:12.473000	-0.00999999	-0.0171301	-0.0127401	711.109	-669.313	0.00036169	7	4	4	4	0.317274	425	0	0	0	0	0.450839	4.46297	129.083	-477.145	1	0	0	0	0	0	0	0
14.08.2015 08:54:12.573000	-0.00999999	-0.0171301	-0.0127401	711.109	-669.316	0.000542535	7	4	4	4	0.345618	425	0	0	0	0	0.449732	4.44502	129.106	-477.301	1	0	0	0	0	0	0	0
14.08.2015 08:54:12.673000	-0.00999999	-0.0171301	-0.0127401	711.109	-669.318	0.00036169	7	4	4	4	0.331045	425	0	0	0	0	0.447577	4.53127	129.174	-477.231	1	0	0	0	0	0	0	0
14.08.2015 08:54:12.773000	-0.00999999	-0.0171301	-0.0127401	711.109	-669.32	0	7	4	4	4	0.327214	425	0	0	0	0	0.446549	4.56978	129.377	-477.864	1	0	0	0	0	0	0	0
14.08.2015 08:54:12.873000	-0.00999999	-0.0171301	-0.0127401	711.109	-669.318	0.00072338	7	4	4	4	0.314164	425	0	0	0	0	0.445616	4.50826	129.577	-478.864	1	0	0	0	0	0	0	0
14.08.2015 08:54:12.973000	-0.00999999	-0.0171301	-0.0127401	711.109	-669.316	0	7	4	4	4	0.318696	425	0	0	0	0	0.444669	4.49879	129.683	-479.304	1	0	0	0	0	0	0	0
14.08.2015 08:54:13.073000	-0.00999999	-0.0171301	-0.0127401	711.109	-669.318	0.00072338	7	4	4	4	0.330229	425	0	0	0	0	0.442802	4.51479	129.752	-479.51	1	0	0	0	0	0	0	0
14.08.2015 08:54:13.173000	-0.00999999	-0.0171301	-0.0127401	711.109	-669.32	-0.00108507	7	4	4	4	0.32194	425	0	0	0	0	0.441066	4.51149	129.823	-479.794	1	0	0	0	0	0	0	0
14.08.2015 08:54:13.273000	-0.00999999	-0.0171301	-0.0127401	711.109	-669.32	-0.00180845	7	4	4	4	0.338043	425	0	0	0	0	0.441298	4.53108	129.903	-480.024	1	0	0	0	0	0	0	0
14.08.2015 08:54:13.373000	-0.00999999	-0.0171301	-0.0127401	711.109	-669.32	-0.0016276	7	4	4	4	0.325183	425	0	0	0	0	0.443851	4.30055	129.984	-481.216	1	0	0	0	0	0	0	0
14.08.2015 08:54:13.473000	-0.00999999	-0.0171301	-0.0127401	711.115	-669.32	0.00036169	7	4	4	4	0.325318	425	0	0	0	0	0.447663	3.83679	129.759	-482.131	1	0	0	0	0	0	0	0
14.08.2015 08:54:13.573000	-0.00999999	-0.0171301	-0.0127401	711.121	-669.324	0.00108507	7	4	4	4	0.329984	425	0	0	0	0	0.450651	4.63613	128.04	-472.488	1	0	0	0	0	0	0	0
14.08.2015 08:54:13.673000	-0.00999999	-0.0171301	-0.0127401	711.125	-669.32	0.00108507	7	4	4	4	0.329975	425	0	0	0	0	0.452525	5.335	130.65	-479.806	1	0	0	0	0	0	0	0
14.08.2015 08:54:13.773000	-0.00999999	-0.0171301	-0.0127401	711.129	-669.32	0	7	4	4	4	0.32602	425	0	0	0	0	0.454282	5.87231	130.51	-477.213	1	0	0	0	0	0	0	0
14.08.2015 08:54:13.873000	-0.00999999	-0.0171301	-0.0127401	711.125	-669.318	-0.00289352	7	4	4	4	0.317392	425	0	0	0	0	0.455932	4.67962	129.836	-479.113	1	0	0	0	0	0	0	0
14.08.2015 08:54:13.973000	-0.00999999	-0.0171301	-0.0127401	711.125	-669.32	-0.000542535	7	4	4	4	0.308654	425	0	0	0	0	0.456952	4.84745	129.21	-476.16	1	0	0	0	0	0	0	0
14.08.2015 08:54:14.073000	-0.00999999	-0.0171301	-0.0127401	711.125	-669.32	-0.00108507	7	4	4	4	0.319882	425	0	0	0	0	0.457899	5.29472	129.138	-474.172	1	0	0	0	0	0	0	0
14.08.2015 08:54:14.173000	-0.00999999	-0.0171301	-0.0127401	711.125	-669.32	-0.00108507	7	4	4	4	0.331235	425	0	0	0	0	0.458333	4.96194	129.102	-475.309	1	0	0	0	0	0	0	0
14.08.2015 08:54:14.273000	-0.00999999	-0.0171301	-0.0127401	711.125	-669.32	-0.00144676	7	4	4	4	0.324312	425	0	0	0	0	0.459201	4.85989	129.054	-475.515	1	0	0	0	0	0	0	0
14.08.2015 08:54:14.373000	-0.00999999	-0.0171301	-0.0127401	711.125	-669.32	-0.00108507	7	4	4	4	0.312688	425	0	0	0	0	0.45884	5.26249	128.935	-473.516	1	0	0	0	0	0	0	0
14.08.2015 08:54:14.473000	-0.00999999	-0.0171301	-0.0127401	711.125	-669.32	-0.00108507	7	4	4	4	0.328493	425	0	0	0	0	0.458912	4.98929	128.788	-474.002	1	0	0	0	0	0	0	0
14.08.2015 08:54:14.573000	-0.00999999	-0.0171301	-0.0127401	711.125	-669.32	-0.0016276	7	4	4	4	0.314824	425	0	0	0	0	0.458695	4.86032	128.566	-473.646	1	0	0	0	0	0	0	0
14.08.2015 08:54:14.673000	-0.00999999	-0.0171301	-0.0127401	711.125	-669.32	-0.00072338	7	4	4	4	0.317096	425	0	0	0	0	0.458261	4.77993	128.429	-473.427	1	0	0	0	0	0	0	0
14.08.2015 08:54:14.773000	-0.00999999	-0.0171301	-0.0127401	711.125	-669.32	-0.00108507	7	4	4	4	0.327651	425	0	0	0	0	0.458406	4.832	126.544	-466.01	1	0	0	0	0	0	0	0
14.08.2015 08:54:14.873000	-0.00999999	-0.0171301	-0.0127401	711.122	-669.32	-0.00253183	7	4	4	4	0.313434	425	0.00298451	0	0	0	0.458261	29.9769	114.527	-323.724	1	0	0	0	0	0	0	0
14.08.2015 08:54:14.973000	-0.00999999	-0.0171301	-0.0127401	710.996	-669.32	-0.00325521	7	4	4	4	0.323914	425	0.988869	0	0	19.0765	0.457465	114.158	86.81	104.711	1	0	0	0	0	0	0	0
14.08.2015 08:54:15.073000	-0.00999999	-0.0171301	-0.0127401	705.701	-669.315	-0.00253183	7	4	4	4	0.325323	425	4.16588	0	0	33.6238	0.456163	111.141	84.8268	100.752	1	0	0	0	0	0	0	0
14.08.2015 08:54:15.173000	-0.00999999	-0.0171301	-0.0127401	690.918	-669.32	-0.00325521	7	4	4	4	0.326287	425	7.58962	0	0	35.2235	0.456742	111.48	85.4282	99.7472	1	0	0	0	0	0	0	0
14.08.2015 08:54:15.273000	-0.00999999	-0.0171301	-0.0127401	675.563	-669.318	-0.00325521	7	4	4	4	0.329787	425	11.0924	0	0	34.9159	0.455874	114.814	88.9018	99.2123	1	0	0	0	0	0	0	0
14.08.2015 08:54:15.373000	-0.00999999	-0.0171301	-0.0127401	655.578	-669.32	-0.00108507	7	4	4	4	0.3143	425	14.5968	0	0	35.2256	0.45667	118.401	92.6125	98.7381	1	0	0	0	0	0	0	0
14.08.2015 08:54:15.473000	-0.00999999	-0.0171301	-0.0127401	618.961	-669.32	-0.00144676	7	4	4	4	0.332132	425	18.0861	0	0	34.6845	0.457321	120.236	94.7195	97.6986	1	0	0	0	0	0	0	0
14.08.2015 08:54:15.573000	-0.00999999	-0.0171301	-0.0127401	589.75	-669.32	-0.00108507	7	4	4	4	0.346925	425	21.5154	0	0	34.3864	0.458912	120.687	95.1953	97.6014	1	0	0	0	0	0	0	0
14.08.2015 08:54:15.673000	-0.00999999	-0.0171301	-0.0127401	556.534	-669.323	-0.00144676	7	4	4	4	0.340481	425	25.4216	45.5	0	45.5659	0.460069	112.336	85.6372	102.223	1	0.92	0	0	0	0	0	0
14.08.2015 08:54:15.773000	-0.00999999	-0.0171301	-0.0127401	518.844	-669.328	-0.0016276	7	4	4	4	0.325971	425	29.4074	50	0	30.9851	0.460503	102.434	81.5543	79.9452	1	1	0	0	0	0	0	0
14.08.2015 08:54:15.873000	-0.00999999	-0.0171301	-0.0127401	463.633	-669.333	-0.00144676	7	4	4	4	0.3049	425	31.1732	45.7221	0	12.5143	0.459997	75.683	50.9383	94.7423	1	1	0	0	0	0	0	0
14.08.2015 08:54:15.973000	-0.00999999	-0.0171301	-0.0127401	425.348	-669.352	0	7	4	4	4	0.314275	425	32.2327	35.7502	0	9.90108	0.458623	57.5098	32.9973	93.8533	1	1	0	0	0	0	0	0
14.08.2015 08:54:16.073000	-0.00999999	-0.0171301	-0.0127401	389.427	-669.37	-0.00325521	7	4	4	4	0.314743	425	32.9948	25.7503	0	7.50833	0.456525	50.3973	25.7844	94.238	1	1	0	0	0	0	0	0
14.08.2015 08:54:16.173000	-0.00999999	-0.0171301	-0.0127401	349.395	-669.363	-0.00488281	7	4	4	4	0.299672	425	33.5176	15.7502	0	5.22292	0.455006	46.2487	21.5344	94.6262	1	1	0	0	0	0	0	0
14.08.2015 08:54:16.273000	-0.00999999	-0.0171301	-0.0127401	311.388	-669.359	-0.00434028	7	4	4	4	0.300936	425	33.7981	6.72854	0	3.50896	0.453921	44.2029	19.2892	95.3894	1	1	0	0	0	0	0	0
14.08.2015 08:54:16.373000	-0.00999999	-0.0171301	-0.0127401	281.523	-669.363	-0.00542535	7	4	4	4	0.297155	425	33.9314	5.17372	0	2.99682	0.453053	43.6851	18.419	96.7388	1	1	0	0	0	0	0	0
14.08.2015 08:54:16.473000	-0.00999999	-0.0171301	-0.0127401	256.07	-669.365	-0.00470197	7	4	4	4	64.233	425	34.0637	5.17372	0	1.8995	1.02337	43.213	18.0237	96.4448	1	1	1	0	0	0	0	0
14.08.2015 08:54:16.573000	-0.00999999	-0.0171301	-0.0127401	232.828	-669.371	-0.00488281	7	4	4	4	92.7235	425	34.1846	5.17372	0	1.28225	7.15943	42.858	17.6485	96.5222	1	1	1	0	0	0	0	0
14.08.2015 08:54:16.673000	-0.00999999	-0.0171301	-0.0127401	216.242	-669.375	-0.00434028	7	4	4	4	92.9535	425	34.31	5.17372	0	1.24153	10.384	42.5584	17.3628	96.4687	1	1	1	0	0	0	0	0
14.08.2015 08:54:16.773000	-0.00999999	-0.0171301	-0.0127401	198.02	-669.375	-0.00379774	7	4	4	4	93.044	425	34.4288	5.17372	0	1.21323	11.3641	42.3496	17.1476	96.4937	1	1	1	0	0	0	0	0
14.08.2015 08:54:16.873000	-0.00999999	-0.0171301	-0.0127401	179.458	-669.375	-0.00108507	7	4	4	4	93.0314	425	34.5517	5.17372	0	1.20434	11.5993	42.1993	16.997	96.4946	1	1	1	0	0	0	0	0
14.08.2015 08:54:16.973000	-0.00999999	-0.0171301	-0.0127401	158.145	-669.375	-0.00108507	7	4	4	4	93.0834	425	34.6701	5.17372	0	1.1958	11.6588	42.0858	16.8841	96.492	1	1	1	0	0	0	0	0
14.08.2015 08:54:17.073000	-0.00999999	-0.0171301	-0.0127401	144.221	-669.375	-0.00180845	7	4	4	4	93.1413	425	34.7905	5.17372	0	1.20682	11.6789	41.9576	16.841	96.1665	1	1	1	0	0	0	0	0
14.08.2015 08:54:17.173000	-0.00999999	-0.0171301	-0.0127401	135.551	-669.379	-0.0016276	7	4	4	4	93.0159	425	34.9113	5.17372	0	1.21925	11.695	41.8732	16.7647	96.1354	1	1	1	0	0	0	0	0
14.08.2015 08:54:17.273000	-0.00999999	-0.0171301	-0.0127401	129.544	-669.383	-0.00144676	7	4	4	4	93.021	425	35.0292	5.17372	0	1.21217	11.696	41.832	16.7066	96.1999	1	1	1	0	0	0	0	0
14.08.2015 08:54:17.373000	-0.00999999	-0.0171301	-0.0127401	125.242	-669.387	-0.00325521	7	4	4	4	93.0363	425	35.1576	5.17372	0	1.20155	11.6975	41.6457	16.9118	94.7012	1	1	1	0	0	0	0	0
14.08.2015 08:54:17.473000	-0.00999999	-0.0171301	-0.0127401	124.315	-669.391	-0.00325521	7	4	4	4	92.9006	425	35.2769	5.17372	0	1.21278	11.7018	41.5685	16.8623	94.5951	1	1	1	0	0	0	0	0
14.08.2015 08:54:17.573000	-0.00999999	-0.0171301	-0.0127401	126.16	-669.391	-0.00488281	7	4	4	4	92.8318	425	35.3948	5.17372	0	1.2311	11.69	41.5902	16.6632	95.4404	1	1	1	0	0	0	0	0
14.08.2015 08:54:17.673000	-0.00999999	-0.0171301	-0.0127401	126.336	-669.393	-0.00578704	7	4	4	4	92.9118	425	35.5157	5.17372	0	1.21703	11.6891	41.5873	16.708	95.2581	1	1	1	0	0	0	0	0
14.08.2015 08:54:17.773000	-0.00999999	-0.0171301	-0.0127401	126.586	-669.398	-0.00705295	7	4	4	4	92.9476	425	35.6336	5.17372	0	1.17897	11.6922	41.5754	16.6336	95.4974	1	1	1	0	0	0	0	0
14.08.2015 08:54:17.873000	-0.00999999	-0.0171301	-0.0127401	126.534	-669.398	-0.00542535	7	4	4	4	92.9042	425	35.7555	5.17372	0	1.18492	11.7009	41.6429	16.5918	95.916	1	1	1	0	0	0	0	0
14.08.2015 08:54:17.973000	-0.00999999	-0.0171301	-0.0127401	126.551	-669.398	-0.00705295	7	4	4	4	92.9544	425	35.8704	5.17372	0	1.20729	11.6982	41.5969	16.5427	95.9274	1	1	1	0	0	0	0	0
14.08.2015 08:54:18.073000	-0.00999999	-0.0171301	-0.0127401	126.565	-669.401	-0.00542535	7	4	4	4	92.9062	425	35.9912	5.17372	0	1.20475	11.699	41.6266	16.5662	95.9512	1	1	1	0	0	0	0	0
14.08.2015 08:54:18.173000	-0.00999999	-0.0171301	-0.0127401	126.578	-669.406	-0.00434028	7	4	4	4	92.9294	425	36.1076	5.17372	0	1.18426	11.7005	41.7118	16.5718	96.256	1	1	1	0	0	0	0	0
14.08.2015 08:54:18.273000	-0.00999999	-0.0171301	-0.0127401	126.581	-669.406	-0.00470197	7	4	4	4	92.9411	425	36.225	5.17372	0	1.18426	11.703	41.7324	16.5911	96.2609	1	1	1	0	0	0	0	0
14.08.2015 08:54:18.373000	-0.00999999	-0.0171301	-0.0127401	126.578	-669.406	-0.00434028	7	4	4	4	92.9348	425	36.3484	5.17372	0	1.17887	11.6981	41.7322	16.6052	96.2064	1	1	1	0	0	0	0	0
14.08.2015 08:54:18.473000	-0.00999999	-0.0171301	-0.0127401	126.591	-669.414	-0.00253183	7	4	4	4	92.7957	425	36.4653	5.17372	0	1.17887	11.7009	41.7189	16.6255	96.0777	1	1	1	0	0	0	0	0
14.08.2015 08:54:18.573000	-0.00999999	-0.0171301	-0.0127401	126.594	-669.414	-0.0016276	7	4	4	4	92.9461	425	36.5866	5.17372	0	1.19448	11.6936	41.8043	16.6306	96.385	1	1	1	0	0	0	0	0
14.08.2015 08:54:18.673000	-0.00999999	-0.0171301	-0.0127401	126.594	-669.414	-0.00144676	7	4	4	4	92.9028	425	36.706	5.17372	0	1.19583	11.6936	41.8093	16.6406	96.3658	1	1	1	0	0	0	0	0
14.08.2015 08:54:18.773000	-0.00999999	-0.0171301	-0.0127401	126.594	-669.414	-0.000542535	7	4	4	4	92.8986	425	36.8259	5.17372	0	1.21102	11.6926	41.8049	16.6411	96.3469	1	1	1	0	0	0	0	0
14.08.2015 08:54:18.873000	-0.00999999	-0.0171301	-0.0127401	126.596	-669.414	-0.00144676	7	4	4	4	92.7498	425	36.9488	5.17372	0	1.21329	11.6925	41.8071	16.6556	96.2999	1	1	1	0	0	0	0	0
14.08.2015 08:54:18.973000	-0.00999999	-0.0171301	-0.0127401	126.594	-669.414	-0.00108507	7	4	4	4	92.9555	425	37.0657	5.17372	0	1.20391	11.6887	41.8328	16.6653	96.3612	1	1	1	0	0	0	0	0
14.08.2015 08:54:19.073000	-0.00999999	-0.0171301	-0.0127401	126.602	-669.422	-0.00180845	7	4	4	4	92.9695	425	37.1875	5.17372	0	1.20156	11.6923	41.7755	16.6802	96.0849	1	1	1	0	0	0	0	0
14.08.2015 08:54:19.173000	-0.00999999	-0.0171301	-0.0127401	126.602	-669.426	-0.00108507	7	4	4	4	92.8485	425	37.3059	5.17372	0	1.18947	11.697	41.8462	16.6797	96.3574	1	1	1	0	0	0	0	0
14.08.2015 08:54:19.273000	-0.00999999	-0.0171301	-0.0127401	126.602	-669.424	-0.00144676	7	4	4	4	93.0138	425	37.4243	5.17372	0	1.18429	11.6905	41.8583	16.6984	96.3324	1	1	1	0	0	0	0	0
14.08.2015 08:54:19.373000	-0.00999999	-0.0171301	-0.0127401	126.605	-669.43	-0.00108507	7	4	4	4	92.9725	425	37.5472	5.17372	0	1.18775	11.7021	41.8505	16.7066	96.271	1	1	1	0	0	0	0	0
14.08.2015 08:54:19.473000	-0.00999999	-0.0171301	-0.0127401	126.607	-669.43	-0.00108507	7	4	4	4	92.8159	425	37.6636	5.17372	0	1.18996	11.6982	41.9386	16.7052	96.6135	1	1	1	0	0	0	0	0
14.08.2015 08:54:19.573000	-0.00999999	-0.0171301	-0.0127401	126.609	-669.43	-0.00108507	7	4	4	4	92.8404	425	37.7864	5.17372	0	1.19622	11.6917	41.8952	16.7065	96.4425	1	1	1	0	0	0	0	0
14.08.2015 08:54:19.673000	-0.00999999	-0.0171301	-0.0127401	126.609	-669.43	-0.00036169	7	4	4	4	92.9835	425	37.9028	5.17372	0	1.20156	11.6897	41.938	16.7228	96.5441	1	1	1	0	0	0	0	0
14.08.2015 08:54:19.773000	-0.00999999	-0.0171301	-0.0127401	126.609	-669.43	-0.0016276	7	4	4	4	93.1023	425	38.0237	5.17372	0	1.20731	11.7003	41.8958	16.7212	96.3885	1	1	1	0	0	0	0	0
14.08.2015 08:54:19.873000	-0.00999999	-0.0171301	-0.0127401	126.609	-669.43	-0.00036169	7	4	4	4	92.9656	425	38.147	5.17372	0	1.21329	11.7052	41.8657	16.7284	96.2459	1	1	1	0	0	0	0	0
14.08.2015 08:54:19.973000	-0.00999999	-0.0171301	-0.0127401	126.609	-669.43	-0.00271267	7	4	4	4	93.0996	425	38.2639	5.17372	0	1.21074	11.6989	41.8419	16.7347	96.1305	1	1	1	0	0	0	0	0
14.08.2015 08:54:20.073000	-0.00999999	-0.0171301	-0.0127401	126.609	-669.43	-0.00108507	7	4	4	4	93.1123	425	38.3863	5.17372	0	1.20737	11.7015	41.8329	16.7416	96.0695	1	1	1	0	0	0	0	0
14.08.2015 08:54:20.173000	-0.00999999	-0.0171301	-0.0127401	126.609	-669.43	-0.00379774	7	4	4	4	93.0261	425	38.5027	5.17372	0	1.19819	11.7049	41.904	16.7389	96.3525	1	1	1	0	0	0	0	0
14.08.2015 08:54:20.273000	-0.00999999	-0.0171301	-0.0127401	126.609	-669.43	-0.0036169	7	4	4	4	93.1371	425	38.6256	5.17372	0	1.17867	11.702	41.9205	16.7659	96.3118	1	1	1	0	0	0	0	0
14.08.2015 08:54:20.373000	-0.00999999	-0.0171301	-0.0127401	126.609	-669.438	-0.00434028	7	4	4	4	93.2008	425	38.7469	5.17372	0	1.19217	11.7042	41.9599	16.7841	96.3929	1	1	1	0	0	0	0	0
14.08.2015 08:54:20.473000	-0.00999999	-0.0171301	-0.0127401	126.609	-669.438	-0.00506366	7	4	4	4	93.1926	425	38.8693	5.17372	0	1.22522	11.7151	41.9555	16.8078	96.2854	1	1	1	0	0	0	0	0
14.08.2015 08:54:20.573000	-0.00999999	-0.0171301	-0.0127401	126.609	-669.438	-0.00651042	7	4	4	4	93.0978	425	38.9932	5.17372	0	1.22372	11.7089	41.894	16.8397	95.9276	1	1	1	0	0	0	0	0
14.08.2015 08:54:20.673000	-0.00999999	-0.0171301	-0.0127401	126.609	-669.438	-0.00651042	7	4	4	4	93.2323	425	39.111	5.17372	0	1.2192	11.7038	41.9156	16.851	95.9671	1	1	1	0	0	0	0	0
14.08.2015 08:54:20.773000	-0.00999999	-0.0171301	-0.0127401	126.613	-669.438	-0.00651042	7	4	4	4	130.287	425	39.2379	5.17372	0	1.21802	11.7086	41.8776	16.849	95.8295	1	1	1	0	0	0	0	0
14.08.2015 08:54:20.873000	-0.00999999	-0.0171301	-0.0127401	126.612	-669.44	-0.00868056	7	4	4	4	167.025	425	39.3558	5.17372	0	1.21332	11.5148	41.9044	16.8568	95.9024	1	1	1	0	0	0	0	0
14.08.2015 08:54:20.973000	-0.00999999	-0.0171301	-0.0127401	126.613	-669.441	-0.00868056	7	4	4	4	207.131	425	39.4826	5.17372	0	1.21534	11.358	41.8715	16.8348	95.8603	1	1	1	0	0	0	0	0
14.08.2015 08:54:21.073000	-0.00999999	-0.0171301	-0.0127401	126.617	-669.443	-0.00651042	7	4	4	4	281.851	425	39.6005	5.17372	0	1.22519	11.2582	41.9006	16.815	96.0478	1	1	1	0	0	0	0	0
14.08.2015 08:54:21.173000	-0.00999999	-0.0171301	-0.0127401	126.613	-669.441	-0.00434028	7	4	4	4	422.719	425	39.7239	5.17372	0	1.22375	10.8951	41.879	16.8119	95.9772	1	1	1	0	0	0	0	0
14.08.2015 08:54:21.273000	-0.00999999	-0.0171301	-0.0127401	126.615	-669.445	-0.00289352	7	4	4	4	459.04	425	39.8437	5.17372	0	1.2132	10.6606	41.88	16.8172	95.9606	1	1	1	0	0	0	0	0
14.08.2015 08:54:21.373000	-0.00999999	-0.0171301	-0.0127401	126.609	-669.445	-0.00325521	7	4	4	4	614.05	425	39.9621	5.17372	0	1.21321	10.5687	41.8989	16.8051	96.0791	1	1	1	0	0	0	0	0
14.08.2015 08:54:21.473000	-0.00999999	-0.0171301	-0.0127401	126.617	-669.445	-0.00253183	7	4	4	4	632.011	425	40.0865	5.17372	0	1.21331	10.4642	41.87	16.8133	95.937	1	1	1	0	0	0	0	0
14.08.2015 08:54:21.573000	-0.00999999	-0.0171301	-0.0127401	126.613	-669.445	-0.00108507	7	4	4	4	763.224	425	40.2034	5.17372	0	1.21331	10.6408	41.9189	16.7736	96.2761	1	1	1	0	0	0	0	0
14.08.2015 08:54:21.673000	-0.00999999	-0.0171301	-0.0127401	126.617	-669.445	-0.00144676	7	4	4	4	615.291	425	40.3302	5.17372	0	1.19044	10.4719	41.9061	16.8124	96.0786	1	1	1	0	0	0	0	0
14.08.2015 08:54:21.773000	-0.00999999	-0.0171301	-0.0127401	126.613	-669.445	-0.00108507	7	4	4	4	908.044	425	40.4491	5.17372	0	1.18997	10.5588	41.9474	16.7682	96.4065	1	1	1	0	0	0	0	0
14.08.2015 08:54:21.873000	-0.00999999	-0.0171301	-0.0127401	126.622	-669.445	0	7	4	4	4	647.43	425	40.5735	5.17372	0	1.21157	10.413	41.8986	16.8316	95.9765	1	1	1	0	0	0	0	0
14.08.2015 08:54:21.973000	-0.00999999	-0.0171301	-0.0127401	126.613	-669.445	-0.000542535	7	4	4	4	1066.72	425	40.6913	5.17372	0	1.2132	10.4586	41.9475	16.7639	96.4229	1	1	1	0	0	0	0	0
14.08.2015 08:54:22.073000	-0.00999999	-0.0171301	-0.0127401	126.617	-669.445	0.00072338	7	4	4	4	814.614	425	40.8147	5.17372	0	1.21858	10.2865	41.9289	16.8374	96.0702	1	1	1	0	0	0	0	0
14.08.2015 08:54:22.173000	-0.00999999	-0.0171301	-0.0127401	126.617	-669.445	0.00379774	7	4	4	4	624.676	425	40.9371	5.17372	0	1.21925	10.4562	41.9421	16.83	96.1494	1	1	1	0	0	0	0	0
14.08.2015 08:54:22.273000	-0.00999999	-0.0171301	-0.0127401	126.617	-669.445	0.00108507	7	4	4	4	793.585	425	41.0579	5.17372	0	1.241	10.5906	41.912	16.8355	96.0129	1	1	1	0	0	0	0	0
14.08.2015 08:54:22.373000	-0.00999999	-0.0171301	-0.0127401	126.617	-669.445	0.000542535	7	4	4	4	789.182	425	41.1833	5.17372	0	1.24368	10.5461	41.9113	16.8188	96.0742	1	1	1	0	0	0	0	0
14.08.2015 08:54:22.473000	-0.00999999	-0.0171301	-0.0127401	126.617	-669.445	0	7	4	4	4	1009.39	425	41.3012	5.17372	0	1.21811	10.4889	41.9311	16.7888	96.2646	1	1	1	0	0	0	0	0
14.08.2015 08:54:22.573000	-0.00999999	-0.0171301	-0.0127401	126.621	-669.445	0.00108507	7	4	4	4	861.691	425	41.4255	5.17372	0	1.21323	10.4198	41.908	16.8196	96.0583	1	1	1	0	0	0	0	0
14.08.2015 08:54:22.673000	-0.00999999	-0.0171301	-0.0127401	126.617	-669.445	0.00036169	7	4	4	4	742.597	425	41.5419	5.17372	0	1.20846	10.5288	41.8904	16.8424	95.904	1	1	1	0	0	0	0	0
14.08.2015 08:54:22.773000	-0.00999999	-0.0171301	-0.0127401	126.625	-669.445	0.00108507	7	4	4	4	844.785	425	41.6653	5.17372	0	1.20711	10.556	41.9883	16.8217	96.3577	1	1	1	0	0	0	0	0
14.08.2015 08:54:22.873000	-0.00999999	-0.0171301	-0.0127401	126.622	-669.448	0.00108507	7	4	4	4	893.663	425	41.7862	5.17372	0	1.21616	10.5121	41.9189	16.8255	96.0777	1	1	1	0	0	0	0	0
14.08.2015 08:54:22.973000	-0.00999999	-0.0171301	-0.0127401	126.625	-669.445	0.00217014	7	4	4	4	1284.7	425	41.9065	5.17372	0	1.21934	10.4549	41.9316	16.7805	96.2983	1	1	1	0	0	0	0	0
14.08.2015 08:54:23.073000	-0.00999999	-0.0171301	-0.0127401	126.625	-669.445	0.00036169	7	4	4	4	909.386	425	42.0304	5.17372	0	1.21919	10.3477	41.9106	16.8581	95.9211	1	1	1	0	0	0	0	0
14.08.2015 08:54:23.173000	-0.00999999	-0.0171301	-0.0127401	126.625	-669.445	0.00108507	7	4	4	4	376.071	425	42.1254	2.21614	0.0554734	1.21913	10.3364	41.993	17.0395	95.5418	1	1	1	0.88	0	0	0	0
14.08.2015 08:54:23.273000	-0.00999999	-0.0171301	-0.0127401	126.625	-669.445	0.00072338	7	4	4	4	221.635	425	42.1786	2.4102	0.660403	1.21913	9.25543	42.3564	17.2196	96.2438	1	1	1	1	0	0	0	0
14.08.2015 08:54:23.373000	-0.00999999	-0.0171301	-0.0127401	126.625	-669.445	0.00108507	7	4	4	4	557.907	425	42.2463	2.47257	0.722775	1.06864	8.61834	42.6314	17.4753	96.3177	1	1	1	1	0	0	0	0
14.08.2015 08:54:23.473000	-0.00999999	-0.0171301	-0.0127401	126.628	-669.445	-0.00180845	7	4	4	4	625.526	425	42.303	1.96285	0.213052	0.733675	8.19936	42.8471	17.6959	96.299	1	1	1	1	0	0	0	0
14.08.2015 08:54:23.573000	-0.00999999	-0.0171301	-0.0127401	126.629	-669.445	-0.00108507	7	4	4	4	483.504	425	42.3512	1.51905	-0.23074	0.733675	8.09353	43.065	17.9019	96.3446	1	1	1	1	0	0	0	0
14.08.2015 08:54:23.673000	-0.00999999	-0.0171301	-0.0127401	126.633	-669.445	-0.00289352	7	4	4	4	608.034	425	42.3925	1.20747	-0.542322	0.733675	8.08587	43.2452	18.0705	96.3887	1	1	1	1	0	0	0	0
14.08.2015 08:54:23.773000	-0.00999999	-0.0171301	-0.0127401	126.629	-669.445	-0.00379774	7	4	4	4	413.642	425	42.4298	0.991557	-0.758237	0.733675	8.0837	43.4074	18.2176	96.4467	1	1	1	1	0	0	0	0
14.08.2015 08:54:23.873000	-0.00999999	-0.0171301	-0.0127401	126.633	-669.445	-0.00253183	7	4	4	4	499.507	425	42.4711	0.72392	-1.02587	0.733675	8.11545	43.5531	18.3485	96.5091	1	1	1	1	0	0	0	0
14.08.2015 08:54:23.973000	-0.00999999	-0.0171301	-0.0127401	126.633	-669.445	-0.0016276	7	4	4	4	460.975	425	42.4905	0.722724	-1.02707	0.662109	8.1514	43.6761	18.4618	96.5406	1	1	1	1	0	0	0	0
14.08.2015 08:54:24.073000	-0.00999999	-0.0171301	-0.0127401	126.638	-669.448	-0.00036169	7	4	4	4	413.977	425	42.5293	0.65492	-1.09487	0.408376	8.18663	43.7977	18.5734	96.579	1	1	1	1	0	0	0	0
14.08.2015 08:54:24.173000	-0.00999999	-0.0171301	-0.0127401	126.641	-669.445	-0.00108507	7	4	4	4	461.731	425	42.5626	0.664763	-1.08503	0.408376	8.21658	43.8957	18.663	96.6112	1	1	1	1	0	0	0	0
14.08.2015 08:54:24.273000	-0.00999999	-0.0171301	-0.0127401	126.641	-669.451	-0.00180845	7	4	4	4	460.972	425	42.5805	0.450668	-1.29913	0.408376	8.20855	43.9858	18.7645	96.5673	1	1	1	1	0	0	0	0
14.08.2015 08:54:24.373000	-0.00999999	-0.0171301	-0.0127401	126.641	-669.449	0.000542535	7	4	4	4	357.713	425	42.6288	0.594122	-1.15567	0.408376	8.21332	44.0907	18.8372	96.6907	1	1	1	1	0	0	0	0
14.08.2015 08:54:24.473000	-0.00999999	-0.0171301	-0.0127401	126.641	-669.445	0.00180845	7	4	4	4	461.791	425	42.6457	0.657757	-1.09204	0.408376	8.26042	44.1636	18.9253	96.6273	1	1	1	1	0	0	0	0
14.08.2015 08:54:24.573000	-0.00999999	-0.0171301	-0.0127401	126.645	-669.449	0.0016276	7	4	4	4	387.634	425	42.6785	0.535317	-1.21426	0.408376	8.21181	44.2578	19.0075	96.6778	1	1	1	1	0	0	0	0
14.08.2015 08:54:24.673000	-0.00999999	-0.0171301	-0.0127401	126.641	-669.448	0	7	4	4	4	467.002	425	42.7119	0.658193	-1.0916	0.408376	8.22041	44.3294	19.0736	96.7112	1	1	1	1	0	0	0	0
14.08.2015 08:54:24.773000	-0.00999999	-0.0171301	-0.0127401	126.641	-669.453	-0.00217014	7	4	4	4	471.072	425	42.7352	0.62394	-1.12585	0.394241	8.19305	44.3948	19.1282	96.7407	1	1	1	1	0	0	0	0
14.08.2015 08:54:24.873000	-0.00999999	-0.0171301	-0.0127401	126.648	-669.451	-0.00108507	7	4	4	4	375.776	425	42.778	0.554624	-1.19517	0.307416	8.19362	44.46	19.1904	96.7521	1	1	1	1	0	0	0	0
14.08.2015 08:54:24.973000	-0.00999999	-0.0171301	-0.0127401	126.648	-669.453	-0.0016276	7	4	4	4	515.347	425	42.8034	0.513727	-1.23607	0.307416	8.22834	44.5171	19.2376	96.7958	1	1	1	1	0	0	0	0
14.08.2015 08:54:25.073000	-0.00999999	-0.0171301	-0.0127401	126.648	-669.448	-0.00108507	7	4	4	4	438.743	425	42.8278	0.452327	-1.29747	0.307416	8.21862	44.5733	19.2884	96.8049	1	1	1	1	0	0	0	0
14.08.2015 08:54:25.173000	-0.00999999	-0.0171301	-0.0127401	126.648	-669.449	-0.00108507	7	4	4	4	387.052	425	42.8646	0.41697	-1.33282	0.307416	8.23725	44.623	19.3425	96.794	1	1	1	1	0	0	0	0
14.08.2015 08:54:25.273000	-0.00999999	-0.0171301	-0.0127401	126.648	-669.448	-0.00108507	7	4	4	4	435.173	425	42.8775	0.406306	-1.34349	0.307416	8.25079	44.6726	19.3825	96.8307	1	1	1	1	0	0	0	0
14.08.2015 08:54:25.373000	-0.00999999	-0.0171301	-0.0127401	126.648	-669.453	0	7	4	4	4	414.841	425	42.9248	0.385639	-1.36416	0.307416	8.22333	44.7149	19.4294	96.8129	1	1	1	1	0	0	0	0
14.08.2015 08:54:25.473000	-0.00999999	-0.0171301	-0.0127401	126.648	-669.448	-0.00144676	7	4	4	4	405.459	425	42.9332	0.379487	-1.37031	0.307416	8.21002	44.7602	19.4637	96.8552	1	1	1	1	0	0	0	0
14.08.2015 08:54:25.573000	-0.00999999	-0.0171301	-0.0127401	126.648	-669.449	-0.0016276	7	4	4	4	419.516	425	42.977	0.394741	-1.35505	0.307416	8.20511	44.7961	19.5053	96.8335	1	1	1	1	0	0	0	0
14.08.2015 08:54:25.673000	-0.00999999	-0.0171301	-0.0127401	126.648	-669.451	-0.00144676	7	4	4	4	369.83	425	42.9964	0.42494	-1.32485	0.298371	8.22302	44.8321	19.5396	96.84	1	1	1	1	0	0	0	0
14.08.2015 08:54:25.773000	-0.00999999	-0.0171301	-0.0127401	126.656	-669.453	-0.0016276	7	4	4	4	449.442	425	43.0267	0.484684	-1.26511	0.284225	8.23204	44.8669	19.5712	96.8522	1	1	1	1	0	0	0	0
14.08.2015 08:54:25.873000	-0.00999999	-0.0171301	-0.0127401	126.651	-669.453	0	7	4	4	4	415.549	425	43.0581	0.518845	-1.23095	0.284225	8.21879	44.8932	19.6053	96.8225	1	1	1	1	0	0	0	0
14.08.2015 08:54:25.973000	-0.00999999	-0.0171301	-0.0127401	126.656	-669.445	-0.00434028	7	4	4	4	415.383	425	43.0765	0.547311	-1.20248	0.284225	8.23689	44.9313	19.6243	96.8954	1	1	1	1	0	0	0	0
14.08.2015 08:54:26.073000	-0.00999999	-0.0171301	-0.0127401	126.659	-669.451	-0.00180845	7	4	4	4	365.382	425	43.1262	0.588434	-1.16136	0.284225	8.25085	44.9439	19.6568	96.8192	1	1	1	1	0	0	0	0
14.08.2015 08:54:26.173000	-0.00999999	-0.0171301	-0.0127401	126.66	-669.453	-0.00271267	7	4	4	4	460.308	425	43.1491	0.647588	-1.10221	0.284225	8.25636	44.9678	19.6783	96.8283	1	1	1	1	0	0	0	0
14.08.2015 08:54:26.273000	-0.00999999	-0.0171301	-0.0127401	126.664	-669.453	-0.00289352	7	4	4	4	456.796	425	43.176	0.659326	-1.09047	0.284225	8.23512	44.9873	19.6929	96.8475	1	1	1	1	0	0	0	0
14.08.2015 08:54:26.373000	-0.00999999	-0.0171301	-0.0127401	126.66	-669.453	-0.0016276	7	4	4	4	411.567	425	43.2247	0.652269	-1.09752	0.284225	8.23879	45.0075	19.7188	96.8253	1	1	1	1	0	0	0	0
14.08.2015 08:54:26.473000	-0.00999999	-0.0171301	-0.0127401	126.664	-669.453	-0.00217014	7	4	4	4	445.462	425	43.2481	0.631032	-1.11876	0.297288	8.22135	45.0199	19.7411	96.7872	1	1	1	1	0	0	0	0
14.08.2015 08:54:26.573000	-0.00999999	-0.0171301	-0.0127401	126.664	-669.453	0	7	4	4	4	442.723	425	43.2754	0.604429	-1.14537	0.313253	8.21216	45.025	19.766	96.7117	1	1	1	1	0	0	0	0
14.08.2015 08:54:26.673000	-0.00999999	-0.0171301	-0.0127401	126.664	-669.453	0.00072338	7	4	4	4	439.22	425	43.3177	0.563326	-1.18647	0.313253	8.20017	45.0462	19.7871	96.7119	1	1	1	1	0	0	0	0
14.08.2015 08:54:26.773000	-0.00999999	-0.0171301	-0.0127401	126.664	-669.453	0.00108507	7	4	4	4	383.853	425	43.3411	0.526164	-1.22363	0.313253	8.16965	45.0583	19.8093	96.6736	1	1	1	1	0	0	0	0
14.08.2015 08:54:26.873000	-0.00999999	-0.0171301	-0.0127401	126.664	-669.451	0.00036169	7	4	4	4	382.5	425	43.3749	0.54904	-1.20075	0.313253	8.19164	45.0727	19.8163	96.7017	1	1	1	1	0	0	0	0
14.08.2015 08:54:26.973000	-0.00999999	-0.0171301	-0.0127401	126.664	-669.453	0.00108507	7	4	4	4	347.451	425	43.4132	0.613219	-1.13658	0.313253	8.21689	45.0797	19.8279	96.6841	1	1	1	1	0	0	0	0
14.08.2015 08:54:27.073000	-0.00999999	-0.0171301	-0.0127401	126.664	-669.453	0.00036169	7	4	4	4	416.08	425	43.4336	0.724491	-1.0253	0.313253	8.24349	45.0943	19.8406	96.6914	1	1	1	1	0	0	0	0
14.08.2015 08:54:27.173000	-0.00999999	-0.0171301	-0.0127401	126.664	-669.453	0.000542535	7	4	4	4	508.692	425	43.4744	0.782751	-0.967043	0.313253	8.18931	45.0979	19.8454	96.6869	1	1	1	1	0	0	0	0
14.08.2015 08:54:27.273000	-0.00999999	-0.0171301	-0.0127401	126.664	-669.453	0.00108507	7	4	4	4	312.942	425	43.5132	0.794835	-0.954959	0.321838	8.19183	45.1015	19.8587	96.6495	1	1	1	1	0	0	0	0
14.08.2015 08:54:27.373000	-0.00999999	-0.0171301	-0.0127401	126.664	-669.453	-0.000542535	7	4	4	4	466.065	425	43.5475	0.886292	-0.863502	0.32426	8.24724	45.1017	19.8521	96.6755	1	1	1	1	0	0	0	0
14.08.2015 08:54:27.473000	-0.00999999	-0.0171301	-0.0127401	126.664	-669.453	-0.00108507	7	4	4	4	505.113	425	43.5838	0.887807	-0.861987	0.32426	8.18242	45.0983	19.8634	96.6194	1	1	1	1	0	0	0	0
14.08.2015 08:54:27.573000	-0.00999999	-0.0171301	-0.0127401	126.672	-669.449	-0.0016276	7	4	4	4	422.994	425	43.6236	0.823127	-0.926667	0.32426	8.14758	45.0977	19.8669	96.6035	1	1	1	1	0	0	0	0
14.08.2015 08:54:27.673000	-0.00999999	-0.0171301	-0.0127401	126.669	-669.453	-0.00144676	7	4	4	4	454.364	425	43.6619	0.780103	-0.969691	0.32426	8.18582	45.1008	19.8711	96.5995	1	1	1	1	0	0	0	0
14.08.2015 08:54:27.773000	-0.00999999	-0.0171301	-0.0127401	126.668	-669.453	-0.00108507	7	4	4	4	406.911	425	43.6908	0.739985	-1.00981	0.32426	8.19198	45.1039	19.8822	96.5689	1	1	1	1	0	0	0	0
14.08.2015 08:54:27.873000	-0.00999999	-0.0171301	-0.0127401	126.672	-669.453	-0.00180845	7	4	4	4	356.287	425	43.7231	0.733906	-1.01589	0.32426	8.26474	45.1111	19.8921	96.5582	1	1	1	1	0	0	0	0
14.08.2015 08:54:27.973000	-0.00999999	-0.0171301	-0.0127401	126.672	-669.453	-0.000542535	7	4	4	4	394.07	425	43.7694	0.798227	-0.951567	0.360341	8.29406	45.1159	19.8922	96.5764	1	1	1	1	0	0	0	0
14.08.2015 08:54:28.073000	-0.00999999	-0.0171301	-0.0127401	126.672	-669.453	0.00036169	7	4	4	4	424.337	425	43.8017	0.857591	-0.892203	0.363056	8.24574	45.1226	19.9025	96.5626	1	1	1	1	0	0	0	0
14.08.2015 08:54:28.173000	-0.00999999	-0.0171301	-0.0127401	126.672	-669.453	0.00108507	7	4	4	4	434.599	425	43.834	0.911359	-0.838435	0.363056	8.23955	45.1242	19.9095	96.542	1	1	1	1	0	0	0	0
14.08.2015 08:54:28.273000	-0.00999999	-0.0171301	-0.0127401	126.672	-669.453	0.00434028	7	4	4	4	401.483	425	43.8723	0.932687	-0.817107	0.363056	8.23308	45.1187	19.9232	96.4684	1	1	1	1	0	0	0	0
14.08.2015 08:54:28.373000	-0.00999999	-0.0171301	-0.0127401	126.672	-669.449	-0.000542535	7	4	4	4	432.511	425	43.9176	0.966068	-0.783726	0.363056	8.24804	45.1307	19.9034	96.5902	1	1	1	1	0	0	0	0
14.08.2015 08:54:28.473000	-0.00999999	-0.0171301	-0.0127401	126.674	-669.453	0.00144676	7	4	4	4	466.297	425	43.9569	0.9747	-0.775094	0.363056	8.18793	45.1208	19.8998	96.5663	1	1	1	1	0	0	0	0
14.08.2015 08:54:28.573000	-0.00999999	-0.0171301	-0.0127401	126.672	-669.453	0.00108507	7	4	4	4	397.367	425	43.9952	0.943413	-0.806381	0.373369	8.19857	45.1064	19.9024	96.5009	1	1	1	1	0	0	0	0
14.08.2015 08:54:28.673000	-0.00999999	-0.0171301	-0.0127401	126.677	-669.451	0.00108507	7	4	4	4	511.802	425	44.0285	0.910886	-0.838908	0.384998	8.21306	45.116	19.8955	96.5642	1	1	1	1	0	0	0	0
14.08.2015 08:54:28.773000	-0.00999999	-0.0171301	-0.0127401	126.676	-669.453	0.00108507	7	4	4	4	403.488	425	44.0713	0.848237	-0.901557	0.384998	8.18969	45.1108	19.9007	96.5243	1	1	1	1	0	0	0	0
14.08.2015 08:54:28.873000	-0.00999999	-0.0171301	-0.0127401	126.68	-669.453	0.00144676	7	4	4	4	297.358	425	44.1106	0.834827	-0.914967	0.384998	8.21669	45.1055	19.9123	96.4598	1	1	1	1	0	0	0	0
14.08.2015 08:54:28.973000	-0.00999999	-0.0171301	-0.0127401	126.68	-669.453	0.0016276	7	4	4	4	429.25	425	44.1449	0.926748	-0.823046	0.384998	8.26929	45.1249	19.8957	96.5977	1	1	1	1	0	0	0	0
14.08.2015 08:54:29.073000	-0.00999999	-0.0171301	-0.0127401	126.677	-669.453	0.00036169	7	4	4	4	422.618	425	44.1827	0.997403	-0.752391	0.384998	8.25643	45.1125	19.9084	96.5011	1	1	1	1	0	0	0	0
14.08.2015 08:54:29.173000	-0.00999999	-0.0171301	-0.0127401	126.68	-669.453	-0.00108507	7	4	4	4	430.03	425	44.2205	1.03994	-0.709851	0.384998	8.21833	45.1029	19.8956	96.5138	1	1	1	1	0	0	0	0
14.08.2015 08:54:29.273000	-0.00999999	-0.0171301	-0.0127401	126.68	-669.451	0.00108507	7	4	4	4	450.833	425	44.2698	1.05343	-0.69636	0.383824	8.2126	45.1015	19.8926	96.5198	1	1	1	1	0	0	0	0
14.08.2015 08:54:29.373000	-0.00999999	-0.0171301	-0.0127401	126.68	-669.453	0.000542535	7	4	4	4	384.565	425	44.3086	1.05588	-0.693912	0.383812	8.17962	45.0929	19.8824	96.5257	1	1	1	1	0	0	0	0
14.08.2015 08:54:29.473000	-0.00999999	-0.0171301	-0.0127401	126.68	-669.453	-0.00253183	7	4	4	4	360.07	425	44.3484	1.10012	-0.649673	0.383812	8.22483	45.0791	19.8804	96.4806	1	1	1	1	0	0	0	0
14.08.2015 08:54:29.573000	-0.00999999	-0.0171301	-0.0127401	126.68	-669.453	-0.0016276	7	4	4	4	348.908	425	44.3907	1.1861	-0.563689	0.383812	8.26332	45.0733	19.8671	96.5096	1	1	1	1	0	0	0	0
14.08.2015 08:54:29.673000	-0.00999999	-0.0171301	-0.0127401	126.68	-669.451	-0.00325521	7	4	4	4	563.584	425	44.4324	1.28305	-0.466741	0.383812	8.26384	45.0678	19.8452	96.5724	1	1	1	1	0	0	0	0
14.08.2015 08:54:29.773000	-0.00999999	-0.0171301	-0.0127401	126.68	-669.453	-0.00379774	7	4	4	4	453.588	425	44.4762	1.23944	-0.510358	0.389598	8.15732	45.0495	19.8459	96.4995	1	1	1	1	0	0	0	0
14.08.2015 08:54:29.873000	-0.00999999	-0.0171301	-0.0127401	126.68	-669.451	-0.00397859	7	4	4	4	478.027	425	44.519	1.171	-0.57879	0.425141	8.18932	45.0405	19.8321	96.5177	1	1	1	1	0	0	0	0
14.08.2015 08:54:29.973000	-0.00999999	-0.0171301	-0.0127401	126.68	-669.453	-0.00271267	7	4	4	4	370.201	425	44.5672	1.09512	-0.654671	0.425141	8.19442	45.0363	19.8415	96.4661	1	1	1	1	0	0	0	0
14.08.2015 08:54:30.073000	-0.00999999	-0.0171301	-0.0127401	126.68	-669.451	-0.00325521	7	4	4	4	382.138	425	44.605	1.08782	-0.661971	0.425141	8.28027	45.0349	19.827	96.5161	1	1	1	1	0	0	0	0
14.08.2015 08:54:30.173000	-0.00999999	-0.0171301	-0.0127401	126.68	-669.453	-0.00379774	7	4	4	4	388.879	425	44.6438	1.14313	-0.606664	0.425141	8.30012	45.0316	19.8266	96.5051	1	1	1	1	0	0	0	0
14.08.2015 08:54:30.273000	-0.00999999	-0.0171301	-0.0127401	126.68	-669.453	-0.00397859	7	4	4	4	502.2	425	44.6851	1.19183	-0.557968	0.425141	8.27582	45.0349	19.8116	96.5748	1	1	1	1	0	0	0	0
14.08.2015 08:54:30.373000	-0.00999999	-0.0171301	-0.0127401	126.68	-669.453	-0.00434028	7	4	4	4	360.536	425	44.7279	1.17791	-0.571887	0.423851	8.24508	45.0179	19.818	96.4852	1	1	1	1	0	0	0	0
14.08.2015 08:54:30.473000	-0.00999999	-0.0171301	-0.0127401	126.682	-669.453	-0.00325521	7	4	4	4	379.515	425	44.7712	1.21413	-0.53566	0.418692	8.24204	45.0054	19.8064	96.482	1	1	1	1	0	0	0	0
14.08.2015 08:54:30.573000	-0.00999999	-0.0171301	-0.0127401	126.68	-669.453	-0.00271267	7	4	4	4	384.657	425	44.8174	1.28893	-0.460861	0.418692	8.22441	45.0018	19.7997	96.4937	1	1	1	1	0	0	0	0
14.08.2015 08:54:30.673000	-0.00999999	-0.0171301	-0.0127401	126.685	-669.451	-0.00289352	7	4	4	4	466.411	425	44.8637	1.35976	-0.39003	0.418692	8.23254	44.9975	19.7803	96.5516	1	1	1	1	0	0	0	0
14.08.2015 08:54:30.773000	-0.00999999	-0.0171301	-0.0127401	126.688	-669.453	-0.00325521	7	4	4	4	404.127	425	44.91	1.38621	-0.363586	0.418692	8.2451	44.9718	19.7833	96.442	1	1	1	1	0	0	0	0
14.08.2015 08:54:30.873000	-0.00999999	-0.0171301	-0.0127401	126.688	-669.453	-0.00180845	7	4	4	4	384.782	425	44.9582	1.41964	-0.330156	0.418692	8.22703	44.9525	19.7728	96.4079	1	1	1	1	0	0	0	0
14.08.2015 08:54:30.973000	-0.00999999	-0.0171301	-0.0127401	126.688	-669.453	-0.00108507	7	4	4	4	413.412	425	45.0065	1.47193	-0.277863	0.452187	8.23504	44.946	19.7627	96.4219	1	1	1	1	0	0	0	0
14.08.2015 08:54:31.073000	-0.00999999	-0.0171301	-0.0127401	126.688	-669.453	-0.00108507	7	4	4	4	449.931	425	45.0542	1.52232	-0.227473	0.460561	8.25665	44.9302	19.7483	96.4163	1	1	1	1	0	0	0	0
14.08.2015 08:54:31.173000	-0.00999999	-0.0171301	-0.0127401	126.688	-669.453	-0.00217014	7	4	4	4	417.206	425	45.104	1.53641	-0.213381	0.460561	8.26561	44.9054	19.7447	96.3354	1	1	1	1	0	0	0	0
14.08.2015 08:54:31.273000	-0.00999999	-0.0171301	-0.0127401	126.693	-669.453	0.00072338	7	4	4	4	448.606	425	45.1572	1.53942	-0.210371	0.460561	8.26725	44.8996	19.7384	96.3373	1	1	1	1	0	0	0	0
14.08.2015 08:54:31.373000	-0.00999999	-0.0171301	-0.0127401	126.691	-669.453	0.00108507	7	4	4	4	403.146	425	45.2084	1.54056	-0.209231	0.460561	8.26801	44.8803	19.7342	96.2796	1	1	1	1	0	0	0	0
14.08.2015 08:54:31.473000	-0.00999999	-0.0171301	-0.0127401	126.69	-669.451	0.00108507	7	4	4	4	442.096	425	45.2562	1.54751	-0.202285	0.492408	8.27952	44.8477	19.7195	96.2109	1	1	1	1	0	0	0	0
14.08.2015 08:54:31.573000	-0.00999999	-0.0171301	-0.0127401	126.695	-669.453	0.000542535	7	4	4	4	398.805	425	45.3064	1.53698	-0.212816	0.499399	8.23161	44.8401	19.7101	96.2179	1	1	1	1	0	0	0	0
14.08.2015 08:54:31.673000	-0.00999999	-0.0171301	-0.0127401	126.695	-669.453	0.00072338	7	4	4	4	460.918	425	45.3581	1.55409	-0.1957	0.499399	8.25302	44.8257	19.7009	96.1978	1	1	1	1	0	0	0	0
14.08.2015 08:54:31.773000	-0.00999999	-0.0171301	-0.0127401	126.695	-669.453	0.000542535	7	4	4	4	493.134	425	45.4094	1.51166	-0.238137	0.499399	8.24922	44.8119	19.6889	96.1908	1	1	1	1	0	0	0	0
14.08.2015 08:54:31.873000	-0.00999999	-0.0171301	-0.0127401	126.695	-669.453	0.00072338	7	4	4	4	359.141	425	45.4586	1.44798	-0.301814	0.499399	8.25509	44.8068	19.6831	96.1936	1	1	1	1	0	0	0	0
14.08.2015 08:54:31.973000	-0.00999999	-0.0171301	-0.0127401	126.695	-669.449	0.000542535	7	4	4	4	371.632	425	45.5069	1.46667	-0.283127	0.50115	8.28942	44.8043	19.6839	96.1812	1	1	1	1	0	0	0	0
14.08.2015 08:54:32.073000	-0.00999999	-0.0171301	-0.0127401	126.695	-669.453	-0.00072338	7	4	4	4	381.724	425	45.5576	1.53536	-0.214435	0.501435	8.30298	44.7956	19.6678	96.2095	1	1	1	1	0	0	0	0
14.08.2015 08:54:32.173000	-0.00999999	-0.0171301	-0.0127401	126.695	-669.453	-0.00108507	7	4	4	4	458.391	425	45.6083	1.60198	-0.147809	0.501435	8.27888	44.7915	19.6559	96.2392	1	1	1	1	0	0	0	0
14.08.2015 08:54:32.273000	-0.00999999	-0.0171301	-0.0127401	126.698	-669.453	-0.00144676	7	4	4	4	407.515	425	45.6586	1.6364	-0.113397	0.501435	8.24677	44.7857	19.6509	96.2359	1	1	1	1	0	0	0	0
14.08.2015 08:54:32.373000	-0.00999999	-0.0171301	-0.0127401	126.695	-669.449	-0.00108507	7	4	4	4	427.787	425	45.7093	1.66893	-0.0808645	0.501435	8.28957	44.7624	19.6395	96.1906	1	1	1	1	0	0	0	0
14.08.2015 08:54:32.473000	-0.00999999	-0.0171301	-0.0127401	126.695	-669.453	0	7	4	4	4	439.848	425	45.7635	1.69088	-0.0589123	0.509489	8.31242	44.7501	19.621	96.2146	1	1	1	1	0	0	0	0
14.08.2015 08:54:32.573000	-0.00999999	-0.0171301	-0.0127401	126.695	-669.449	0.000542535	7	4	4	4	395.989	425	45.8163	1.68855	-0.0612467	0.509654	8.28179	44.7415	19.6236	96.1716	1	1	1	1	0	0	0	0
14.08.2015 08:54:32.673000	-0.00999999	-0.0171301	-0.0127401	126.698	-669.453	0	7	4	4	4	399.805	425	45.869	1.6975	-0.0522908	0.509654	8.2753	44.7295	19.61	96.1777	1	1	1	1	0	0	0	0
14.08.2015 08:54:32.773000	-0.00999999	-0.0171301	-0.0127401	126.695	-669.449	0.000542535	7	4	4	4	442.824	425	45.9237	1.72633	-0.0234604	0.509654	8.28579	44.7092	19.598	96.1457	1	1	1	1	0	0	0	0
14.08.2015 08:54:32.873000	-0.00999999	-0.0171301	-0.0127401	126.701	-669.451	0.00144676	7	4	4	4	403.111	425	45.9774	1.74137	-0.00842836	0.517351	8.28992	44.7076	19.5902	96.1695	1	1	1	1	0	0	0	0
14.08.2015 08:54:32.973000	-0.00999999	-0.0171301	-0.0127401	126.695	-669.449	0.00108507	7	4	4	4	335.147	425	46.0296	1.79704	0.0472476	0.533708	8.3135	44.6973	19.5806	96.1672	1	1	1	1	0	0	0	0
14.08.2015 08:54:33.073000	-0.00999999	-0.0171301	-0.0127401	126.703	-669.453	0.00072338	7	4	4	4	351.277	425	46.0849	1.91833	0.168541	0.533708	8.33876	44.6702	19.5644	96.1251	1	1	1	1	0	0	0	0
14.08.2015 08:54:33.173000	-0.00999999	-0.0171301	-0.0127401	126.699	-669.449	0.000542535	7	4	4	4	448.562	425	46.1421	2.05786	0.308068	0.533708	8.31714	44.6517	19.5364	96.1616	1	1	1	1	0	0	0	0
14.08.2015 08:54:33.273000	-0.00999999	-0.0171301	-0.0127401	126.703	-669.451	0.00072338	7	4	4	4	529.919	425	46.2008	2.12545	0.375652	0.533708	8.27075	44.6171	19.4971	96.1796	1	1	1	1	0	0	0	0
14.08.2015 08:54:33.373000	-0.00999999	-0.0171301	-0.0127401	126.703	-669.449	0.00108507	7	4	4	4	500.807	425	46.2679	2.0626	0.31281	0.575698	8.25203	44.5723	19.4839	96.0583	1	1	1	1	0	0	0	0
14.08.2015 08:54:33.473000	-0.00999999	-0.0171301	-0.0127401	126.703	-669.453	0.00036169	7	4	4	4	447.911	425	46.3256	1.94811	0.198317	0.575698	8.25344	44.5631	19.4697	96.0777	1	1	1	1	0	0	0	0
14.08.2015 08:54:33.573000	-0.00999999	-0.0171301	-0.0127401	126.703	-669.453	-0.0016276	7	4	4	4	342.716	425	46.3813	1.86716	0.117362	0.575698	8.28335	44.5492	19.4707	96.0207	1	1	1	1	0	0	0	0
14.08.2015 08:54:33.673000	-0.00999999	-0.0171301	-0.0127401	126.703	-669.453	-0.00144676	7	4	4	4	392.682	425	46.436	1.88994	0.140142	0.575698	8.33019	44.5549	19.4596	96.0849	1	1	1	1	0	0	0	0
14.08.2015 08:54:33.773000	-0.00999999	-0.0171301	-0.0127401	126.703	-669.453	-0.00325521	7	4	4	4	489.104	425	46.4912	1.91361	0.163813	0.573117	8.28935	44.562	19.4618	96.1034	1	1	1	1	0	0	0	0
14.08.2015 08:54:33.873000	-0.00999999	-0.0171301	-0.0127401	126.703	-669.453	-0.00217014	7	4	4	4	456.889	425	46.5485	1.87913	0.129336	0.571727	8.29141	44.5542	19.4649	96.0618	1	1	1	1	0	0	0	0
14.08.2015 08:54:33.973000	-0.00999999	-0.0171301	-0.0127401	126.703	-669.453	-0.00108507	7	4	4	4	392.199	425	46.6042	1.83233	0.0825334	0.571727	8.31933	44.5491	19.4622	96.0529	1	1	1	1	0	0	0	0
14.08.2015 08:54:34.073000	-0.00999999	-0.0171301	-0.0127401	126.703	-669.453	-0.00108507	7	4	4	4	320.853	425	46.6619	1.8341	0.0843044	0.571727	8.31704	44.5618	19.4737	96.0573	1	1	1	1	0	0	0	0
14.08.2015 08:54:34.173000	-0.00999999	-0.0171301	-0.0127401	126.703	-669.453	0.000542535	7	4	4	4	335.738	425	46.7201	1.94014	0.190349	0.570106	8.37662	44.5482	19.4748	96.001	1	1	1	1	0	0	0	0
14.08.2015 08:54:34.273000	-0.00999999	-0.0171301	-0.0127401	126.703	-669.453	0.00325521	7	4	4	4	460.471	425	46.7783	2.08551	0.335719	0.565242	8.36922	44.5399	19.4573	96.0363	1	1	1	1	0	0	0	0
14.08.2015 08:54:34.373000	-0.00999999	-0.0171301	-0.0127401	126.703	-669.453	-0.00217014	7	4	4	4	424.827	425	46.836	2.15871	0.408913	0.565242	8.36321	44.5233	19.4521	95.9926	1	1	1	1	0	0	0	0
14.08.2015 08:54:34.473000	-0.00999999	-0.0171301	-0.0127401	126.703	-669.453	0.00108507	7	4	4	4	374.184	425	46.8957	2.21115	0.461356	0.565242	8.35581	44.4891	19.438	95.9157	1	1	1	1	0	0	0	0
14.08.2015 08:54:34.573000	-0.00999999	-0.0171301	-0.0127401	126.703	-669.453	0.000542535	7	4	4	4	446.095	425	46.9678	2.28475	0.53496	0.578436	8.33098	44.4737	19.4044	95.9854	1	1	1	1	0	0	0	0
14.08.2015 08:54:34.673000	-0.00999999	-0.0171301	-0.0127401	126.703	-669.453	0.00036169	7	4	4	4	590.201	425	47.029	2.28332	0.533526	0.620217	8.31	44.4369	19.3623	96.0055	1	1	1	1	0	0	0	0
14.08.2015 08:54:34.773000	-0.00999999	-0.0171301	-0.0127401	126.703	-669.449	0.00108507	7	4	4	4	498.541	425	47.0886	2.15289	0.40308	0.620217	8.29675	44.4159	19.3515	95.9664	1	1	1	1	0	0	0	0
14.08.2015 08:54:34.873000	-0.00999999	-0.0171301	-0.0127401	126.703	-669.453	0.00036169	7	4	4	4	407.134	425	47.1478	2.00269	0.252894	0.620217	8.29586	44.4207	19.3534	95.9779	1	1	1	1	0	0	0	0
14.08.2015 08:54:34.973000	-0.00999999	-0.0171301	-0.0127401	126.703	-669.453	0	7	4	4	4	405.323	425	47.209	1.90721	0.157413	0.618428	8.30981	44.4224	19.3615	95.968	1	1	1	1	0	0	0	0
14.08.2015 08:54:35.073000	-0.00999999	-0.0171301	-0.0127401	126.703	-669.453	-0.00036169	7	4	4	4	353.658	425	47.2627	1.86889	0.119092	0.597855	8.32269	44.4379	19.3732	95.981	1	1	1	1	0	0	0	0
14.08.2015 08:54:35.173000	-0.00999999	-0.0171301	-0.0127401	126.703	-669.453	-0.0016276	7	4	4	4	362.871	425	47.3195	1.91391	0.164148	0.597855	8.36088	44.4585	19.3782	96.0228	1	1	1	1	0	0	0	0
14.08.2015 08:54:35.273000	-0.00999999	-0.0171301	-0.0127401	126.703	-669.453	-0.00072338	7	4	4	4	352.332	425	47.3777	2.01671	0.26703	0.597855	8.3941	44.4579	19.3802	96.016	1	1	1	1	0	0	0	0
14.08.2015 08:54:35.373000	-0.00999999	-0.0171301	-0.0127401	126.703	-669.453	0.00108507	7	4	4	4	366.724	425	47.4354	2.15902	0.409227	0.597855	8.38866	44.4505	19.3836	95.9798	1	1	1	1	0	0	0	0
14.08.2015 08:54:35.473000	-0.00999999	-0.0171301	-0.0127401	126.706	-669.453	0.00036169	7	4	4	4	423.4	425	47.499	2.29121	0.541416	0.583321	8.35553	44.4304	19.3664	95.9648	1	1	1	1	0	0	0	0
14.08.2015 08:54:35.573000	-0.00999999	-0.0171301	-0.0127401	126.703	-669.453	0.00108507	7	4	4	4	394.993	425	47.5702	2.39273	0.642939	0.579687	8.34696	44.4017	19.3258	96.0104	1	1	1	1	0	0	0	0
14.08.2015 08:54:35.673000	-0.00999999	-0.0171301	-0.0127401	126.708	-669.451	0.00036169	7	4	4	4	462.634	425	47.6308	2.48116	0.731369	0.579687	8.32092	44.358	19.301	95.9384	1	1	1	1	0	0	0	0
14.08.2015 08:54:35.773000	-0.00999999	-0.0171301	-0.0127401	126.707	-669.453	0.000542535	7	4	4	4	538.983	425	47.7015	2.48145	0.731658	0.59367	8.31808	44.3204	19.2572	95.962	1	1	1	1	0	0	0	0
14.08.2015 08:54:35.873000	-0.00999999	-0.0171301	-0.0127401	126.706	-669.451	0.00036169	7	4	4	4	526.915	425	47.7721	2.38462	0.634826	0.679567	8.29204	44.2958	19.2419	95.9265	1	1	1	1	0	0	0	0
14.08.2015 08:54:35.973000	-0.00999999	-0.0171301	-0.0127401	126.707	-669.453	0.00108507	7	4	4	4	466.99	425	47.8323	2.2172	0.467405	0.679567	8.26982	44.2717	19.2498	95.804	1	1	1	1	0	0	0	0
14.08.2015 08:54:36.073000	-0.00999999	-0.0171301	-0.0127401	126.706	-669.453	-0.00036169	7	4	4	4	351.631	425	47.8915	2.06741	0.317612	0.679567	8.30203	44.2825	19.2676	95.7769	1	1	1	1	0	0	0	0
14.08.2015 08:54:36.173000	-0.00999999	-0.0171301	-0.0127401	126.707	-669.453	-0.0016276	7	4	4	4	298.146	425	47.9571	2.05671	0.306919	0.671856	8.35237	44.2943	19.2798	95.7755	1	1	1	1	0	0	0	0
14.08.2015 08:54:36.273000	-0.00999999	-0.0171301	-0.0127401	126.708	-669.453	0.00180845	7	4	4	4	290.376	425	48.0163	2.17481	0.425014	0.620246	8.35096	44.3013	19.2894	95.7657	1	1	1	1	0	0	0	0
14.08.2015 08:54:36.373000	-0.00999999	-0.0171301	-0.0127401	126.711	-669.453	0.000542535	7	4	4	4	479.446	425	48.076	2.35704	0.607241	0.620246	8.34077	44.3018	19.2683	95.8484	1	1	1	1	0	0	0	0
14.08.2015 08:54:36.473000	-0.00999999	-0.0171301	-0.0127401	126.711	-669.453	0.00072338	7	4	4	4	563.041	425	48.1447	2.42605	0.676259	0.620246	8.27497	44.2672	19.2593	95.7505	1	1	1	1	0	0	0	0
14.08.2015 08:54:36.573000	-0.00999999	-0.0171301	-0.0127401	126.711	-669.449	0.00108507	7	4	4	4	540.02	425	48.2153	2.32748	0.577686	0.629801	8.23649	44.2548	19.2427	95.7664	1	1	1	1	0	0	0	0
14.08.2015 08:54:36.673000	-0.00999999	-0.0171301	-0.0127401	126.711	-669.453	0.00108507	7	4	4	4	354.775	425	48.2745	2.18486	0.435066	0.651068	8.2542	44.2427	19.2486	95.6974	1	1	1	1	0	0	0	0
14.08.2015 08:54:36.773000	-0.00999999	-0.0171301	-0.0127401	126.711	-669.453	0.00108507	7	4	4	4	365.709	425	48.3362	2.1543	0.404505	0.651068	8.30373	44.2603	19.2543	95.7428	1	1	1	1	0	0	0	0
14.08.2015 08:54:36.873000	-0.00999999	-0.0171301	-0.0127401	126.708	-669.453	0	7	4	4	4	363.944	425	48.3989	2.18865	0.438855	0.651068	8.33151	44.2593	19.2556	95.7344	1	1	1	1	0	0	0	0
14.08.2015 08:54:36.973000	-0.00999999	-0.0171301	-0.0127401	126.711	-669.453	-0.0016276	7	4	4	4	344.552	425	48.4635	2.27784	0.52805	0.641806	8.33834	44.2675	19.2626	95.7386	1	1	1	1	0	0	0	0
14.08.2015 08:54:37.073000	-0.00999999	-0.0171301	-0.0127401	126.711	-669.453	-0.00144676	7	4	4	4	493.406	425	48.5262	2.3903	0.640506	0.620193	8.31369	44.2601	19.2381	95.8043	1	1	1	1	0	0	0	0
14.08.2015 08:54:37.173000	-0.00999999	-0.0171301	-0.0127401	126.711	-669.453	-0.0016276	7	4	4	4	506.041	425	48.5919	2.40172	0.651931	0.620193	8.24939	44.2385	19.2357	95.7306	1	1	1	1	0	0	0	0
14.08.2015 08:54:37.273000	-0.00999999	-0.0171301	-0.0127401	126.719	-669.453	-0.00217014	7	4	4	4	453.632	425	48.663	2.34512	0.595328	0.620193	8.21942	44.2312	19.2323	95.7157	1	1	1	1	0	0	0	0
14.08.2015 08:54:37.373000	-0.00999999	-0.0171301	-0.0127401	126.711	-669.453	-0.00379774	7	4	4	4	422.265	425	48.7252	2.29107	0.541278	0.645294	8.28423	44.2246	19.2326	95.6893	1	1	1	1	0	0	0	0
14.08.2015 08:54:37.473000	-0.00999999	-0.0171301	-0.0127401	126.719	-669.453	-0.00144676	7	4	4	4	393.304	425	48.7858	2.25821	0.508413	0.665016	8.31172	44.2357	19.2509	95.6617	1	1	1	1	0	0	0	0
14.08.2015 08:54:37.573000	-0.00999999	-0.0171301	-0.0127401	126.719	-669.453	-0.0016276	7	4	4	4	387.306	425	48.8525	2.26131	0.511513	0.665016	8.29465	44.2419	19.2427	95.7171	1	1	1	1	0	0	0	0
14.08.2015 08:54:37.673000	-0.00999999	-0.0171301	-0.0127401	126.719	-669.453	0.00072338	7	4	4	4	413.423	425	48.9167	2.29171	0.541913	0.665016	8.32011	44.2502	19.2365	95.7722	1	1	1	1	0	0	0	0
14.08.2015 08:54:37.773000	-0.00999999	-0.0171301	-0.0127401	126.719	-669.453	0.00108507	7	4	4	4	369.694	425	48.9793	2.34703	0.597235	0.647834	8.31918	44.2395	19.241	95.7143	1	1	1	1	0	0	0	0
14.08.2015 08:54:37.873000	-0.00999999	-0.0171301	-0.0127401	126.719	-669.453	0.00108507	7	4	4	4	372.941	425	49.048	2.42748	0.677681	0.639371	8.32245	44.2324	19.2385	95.6967	1	1	1	1	0	0	0	0
14.08.2015 08:54:37.973000	-0.00999999	-0.0171301	-0.0127401	126.719	-669.453	0.000542535	7	4	4	4	492.804	425	49.1191	2.50876	0.758963	0.639371	8.3037	44.2152	19.2176	95.7108	1	1	1	1	0	0	0	0
14.08.2015 08:54:38.073000	-0.00999999	-0.0171301	-0.0127401	126.719	-669.451	0.00036169	7	4	4	4	522.298	425	49.1843	2.49813	0.74834	0.640688	8.23938	44.1909	19.212	95.6395	1	1	1	1	0	0	0	0
14.08.2015 08:54:38.173000	-0.00999999	-0.0171301	-0.0127401	126.719	-669.449	-0.00217014	7	4	4	4	494.115	425	49.2574	2.39664	0.646847	0.683283	8.27046	44.1826	19.2016	95.6472	1	1	1	1	0	0	0	0
14.08.2015 08:54:38.273000	-0.00999999	-0.0171301	-0.0127401	126.719	-669.451	0.00072338	7	4	4	4	396.419	425	49.3196	2.27575	0.52596	0.683283	8.27196	44.1861	19.2102	95.6278	1	1	1	1	0	0	0	0
14.08.2015 08:54:38.373000	-0.00999999	-0.0171301	-0.0127401	126.719	-669.453	-0.00108507	7	4	4	4	427.202	425	49.3813	2.21466	0.464868	0.683283	8.29957	44.2014	19.2189	95.6528	1	1	1	1	0	0	0	0
14.08.2015 08:54:38.473000	-0.00999999	-0.0171301	-0.0127401	126.719	-669.453	-0.00108507	7	4	4	4	320.595	425	49.4454	2.18715	0.437354	0.677617	8.31143	44.2055	19.2468	95.5617	1	1	1	1	0	0	0	0
14.08.2015 08:54:38.573000	-0.00999999	-0.0171301	-0.0127401	126.719	-669.453	-0.000542535	7	4	4	4	389.767	425	49.5096	2.24666	0.496863	0.636064	8.33064	44.2374	19.2507	95.6689	1	1	1	1	0	0	0	0
14.08.2015 08:54:38.673000	-0.00999999	-0.0171301	-0.0127401	126.719	-669.453	0.00072338	7	4	4	4	401.263	425	49.5713	2.33841	0.588611	0.636064	8.31062	44.2317	19.2583	95.618	1	1	1	1	0	0	0	0
14.08.2015 08:54:38.773000	-0.00999999	-0.0171301	-0.0127401	126.719	-669.453	0.0016276	7	4	4	4	412.808	425	49.6354	2.4155	0.665707	0.636064	8.30616	44.233	19.2524	95.6458	1	1	1	1	0	0	0	0
14.08.2015 08:54:38.873000	-0.00999999	-0.0171301	-0.0127401	126.719	-669.453	0.00072338	7	4	4	4	480.819	425	49.7086	2.47456	0.724761	0.642714	8.27708	44.2109	19.2292	95.65	1	1	1	1	0	0	0	0
14.08.2015 08:54:38.973000	-0.00999999	-0.0171301	-0.0127401	126.719	-669.453	0.00108507	7	4	4	4	525.918	425	49.7727	2.4478	0.69801	0.656215	8.18426	44.1977	19.2229	95.6236	1	1	1	1	0	0	0	0
14.08.2015 08:54:39.073000	-0.00999999	-0.0171301	-0.0127401	126.719	-669.453	0.00108507	7	4	4	4	495.705	425	49.8399	2.33088	0.581081	0.656215	8.19132	44.1793	19.2281	95.5332	1	1	1	1	0	0	0	0
14.08.2015 08:54:39.173000	-0.00999999	-0.0171301	-0.0127401	126.719	-669.449	0.000542535	7	4	4	4	382.697	425	49.906	2.19674	0.446951	0.656215	8.25943	44.1939	19.2405	95.5413	1	1	1	1	0	0	0	0
14.08.2015 08:54:39.273000	-0.00999999	-0.0171301	-0.0127401	126.719	-669.453	0.00072338	7	4	4	4	207.601	425	49.9652	2.18492	0.435121	0.65203	8.32613	44.2111	19.2548	95.5528	1	1	1	1	0	0	0	0
14.08.2015 08:54:39.373000	-0.00999999	-0.0171301	-0.0127401	126.719	-669.453	0.00108507	7	4	4	4	347.621	425	50.0254	2.36152	0.611724	0.647674	8.36658	44.2129	19.2535	95.5645	1	1	1	1	0	0	0	0
14.08.2015 08:54:39.473000	-0.00999999	-0.0171301	-0.0127401	126.719	-669.453	0	7	4	4	4	429.081	425	50.0985	2.55134	0.801544	0.647674	8.35341	44.1957	19.2385	95.5563	1	1	1	1	0	0	0	0
14.08.2015 08:54:39.573000	-0.00999999	-0.0171301	-0.0127401	126.719	-669.453	0.00108507	7	4	4	4	462.705	425	50.1677	2.67065	0.920854	0.647674	8.30278	44.1591	19.2031	95.5516	1	1	1	1	0	0	0	0
14.08.2015 08:54:39.673000	-0.00999999	-0.0171301	-0.0127401	126.719	-669.451	0.00072338	7	4	4	4	503.297	425	50.2408	2.71412	0.96433	0.679884	8.32283	44.1226	19.1733	95.5259	1	1	1	1	0	0	0	0
14.08.2015 08:54:39.773000	-0.00999999	-0.0171301	-0.0127401	126.723	-669.449	0	7	4	4	4	480.436	425	50.3149	2.66799	0.918196	0.685127	8.29742	44.0792	19.1565	95.4238	1	1	1	1	0	0	0	0
14.08.2015 08:54:39.873000	-0.00999999	-0.0171301	-0.0127401	126.719	-669.448	-0.00144676	7	4	4	4	455.033	425	50.3831	2.57947	0.829681	0.685127	8.29039	44.0692	19.1394	95.4511	1	1	1	1	0	0	0	0
14.08.2015 08:54:39.973000	-0.00999999	-0.0171301	-0.0127401	126.719	-669.449	-0.0016276	7	4	4	4	352.98	425	50.4552	2.50247	0.752675	0.692414	8.31181	44.0504	19.1652	95.2805	1	1	1	1	0	0	0	0
14.08.2015 08:54:40.073000	-0.00999999	-0.0171301	-0.0127401	126.719	-669.453	-0.00108507	7	4	4	4	305.279	425	50.5189	2.53066	0.780868	0.706559	8.35038	44.0543	19.1753	95.2565	1	1	1	1	0	0	0	0
14.08.2015 08:54:40.173000	-0.00999999	-0.0171301	-0.0127401	126.727	-669.453	-0.00217014	7	4	4	4	531.566	425.001	50.593	2.62808	0.878282	0.706559	8.31531	44.0444	19.1394	95.3565	1	1	1	1	0.19	0	0	0
14.08.2015 08:54:40.273000	-0.00999999	-0.0171301	-0.0127401	126.719	-669.453	-0.00144676	7	4	4	4	497.428	425.217	50.6616	2.5502	0.800407	0.706559	8.22286	44.029	19.135	95.3139	1	1	1	1	1	0	0	0
14.08.2015 08:54:40.373000	-0.00999999	-0.0171301	-0.0127401	126.719	-669.453	-0.00434028	7	4	4	4	374.057	426.133	50.7278	2.31388	0.564085	0.703353	8.24213	44.0306	19.1498	95.2635	1	1	1	1	1	0	0	0
14.08.2015 08:54:40.473000	-0.00999999	-0.0171301	-0.0127401	126.719	-669.453	-0.00651042	7	4	4	4	367.001	427.815	50.7974	2.31016	0.560367	0.702551	8.32448	44.0673	19.1525	95.3936	1	1	1	1	1	0	0	0
14.08.2015 08:54:40.573000	-0.00999999	-0.0171301	-0.0127401	126.727	-669.453	-0.00271267	7	4	4	4	354.944	430.263	50.8591	2.52856	0.778764	0.702551	8.32552	44.0665	19.1624	95.3527	1	1	1	1	1	0	0	0
14.08.2015 08:54:40.673000	-0.00999999	-0.0171301	-0.0127401	126.721	-669.453	-0.00108507	7	4	4	4	419.035	433.478	50.9337	2.93131	1.18151	0.699766	8.30729	44.048	19.1256	95.4229	1	1	1	1	1	0	0	0
14.08.2015 08:54:40.773000	-0.00999999	-0.0171301	-0.0127401	126.723	-669.453	-0.00108507	7	4	4	4	552.846	437.46	51.0123	3.24626	1.49647	0.687077	8.28704	43.9548	19.0526	95.3455	1	1	1	1	1	0	0	0
14.08.2015 08:54:40.873000	-0.00999999	-0.0171301	-0.0127401	126.727	-669.453	-0.00144676	7	4	4	4	589.081	442.207	51.1048	3.10795	1.35816	0.687077	8.25926	43.8542	18.9864	95.2137	1	1	1	1	1	0	0	0
14.08.2015 08:54:40.973000	-0.00999999	-0.0171301	-0.0127401	126.727	-669.453	0.00108507	7	4	4	4	458.116	447.722	51.1774	2.60663	0.856841	0.693682	8.28409	43.824	18.9756	95.1396	1	1	1	1	1	0	0	0
14.08.2015 08:54:41.073000	-0.00999999	-0.0171301	-0.0127401	126.727	-669.453	0.00036169	7	4	4	4	277.984	454.003	51.2481	2.35278	0.602985	0.797158	8.3417	43.86	18.9909	95.2191	1	1	1	1	1	0	0	0
14.08.2015 08:54:41.173000	-0.00999999	-0.0171301	-0.0127401	126.727	-669.449	0.00108507	7	4	4	4	264.842	461.05	51.3122	2.80171	1.05192	0.797158	8.39563	43.9002	18.9999	95.3383	1	1	1	1	1	0	0	0
14.08.2015 08:54:41.273000	-0.00999999	-0.0171301	-0.0127401	126.727	-669.451	0.00036169	7	4	4	4	608.673	468.863	51.3988	3.6507	1.90091	0.797158	8.35457	43.827	18.895	95.4598	1	1	1	1	1	0	0	0
14.08.2015 08:54:41.373000	-0.00999999	-0.0171301	-0.0127401	126.727	-669.453	0.000542535	7	4	4	4	681.214	477.443	51.4963	3.89953	2.14974	0.78394	8.20972	43.6312	18.758	95.2347	1	1	1	1	1	0	0	0
14.08.2015 08:54:41.473000	-0.00999999	-0.0171301	-0.0127401	126.727	-669.453	0.00036169	7	4	4	4	597.418	486.79	51.5928	3.48922	1.73943	0.782137	8.18594	43.4879	18.6675	95.0323	1	1	1	1	1	0	0	0
14.08.2015 08:54:41.573000	-0.00999999	-0.0171301	-0.0127401	126.727	-669.453	0	7	4	4	4	390.114	496.903	51.6714	2.99961	1.24981	0.790627	8.28582	43.475	18.6609	95.008	1	1	1	1	1	0	0	0
14.08.2015 08:54:41.673000	-0.00999999	-0.0171301	-0.0127401	126.727	-669.451	0	7	4	4	4	320.605	507.782	51.7544	3.10629	1.3565	0.888257	8.32596	43.5153	18.6602	95.1651	1	1	1	1	1	0	0	0
14.08.2015 08:54:41.773000	-0.00999999	-0.0171301	-0.0127401	126.727	-669.449	-0.0016276	7	4	4	4	469.042	519.429	51.839	3.81975	2.06996	0.888257	8.3388	43.4678	18.6058	95.1917	1	1	1	1	1	0	0	0
14.08.2015 08:54:41.873000	-0.00999999	-0.0171301	-0.0127401	126.727	-669.451	-0.00144676	7	4	4	4	576.049	531.841	51.944	4.56106	2.81127	0.907891	8.27416	43.2693	18.4306	95.1027	1	1	1	1	1	0	0	0
14.08.2015 08:54:41.973000	-0.00999999	-0.0171301	-0.0127401	126.727	-669.453	-0.0016276	7	4	4	4	642.124	545.02	52.0673	5.0136	3.26381	0.935005	8.24812	42.9848	18.1809	94.969	1	1	1	1	1	0	0	0
14.08.2015 08:54:42.073000	-0.00999999	-0.0171301	-0.0127401	126.727	-669.451	-0.00108507	7	4	4	4	653.695	558.966	52.1887	5.09608	3.34629	1.04817	8.1647	42.7047	17.9344	94.8405	1	1	1	1	1	0	0	0
14.08.2015 08:54:42.173000	-0.00999999	-0.0171301	-0.0127401	126.73	-669.453	0.000542535	7	4	4	4	643.536	573.678	52.3155	4.93506	3.18527	1.22516	8.17095	42.4981	17.7546	94.7379	1	1	1	1	1	0	0	0
14.08.2015 08:54:42.273000	-0.00999999	-0.0171301	-0.0127401	126.727	-669.453	0.00253183	7	4	4	4	505.577	589.156	52.4309	4.78281	3.03301	1.21461	8.20802	42.3809	17.659	94.6552	1	1	1	1	1	0	0	0
14.08.2015 08:54:42.373000	-0.00999999	-0.0171301	-0.0127401	126.73	-669.453	0.00108507	7	4	4	4	550.677	605.4	52.5513	5.03454	3.28475	1.18997	8.25709	42.298	17.5731	94.6666	1	1	1	1	1	0	0	0
14.08.2015 08:54:42.473000	-0.00999999	-0.0171301	-0.0127401	126.729	-669.451	0.00108507	7	4	4	4	539.938	622.411	52.6772	5.56267	3.81288	1.21394	8.28435	42.1805	17.4193	94.8059	1	1	1	1	1	0	0	0
14.08.2015 08:54:42.573000	-0.00999999	-0.0171301	-0.0127401	126.73	-669.453	0.000542535	7	4	4	4	594.815	640.188	52.8199	6.30398	4.55419	1.26261	8.24673	41.8973	17.1907	94.5965	1	1	1	1	1	0	0	0
14.08.2015 08:54:42.673000	-0.00999999	-0.0171301	-0.0127401	126.729	-669.453	0.00036169	7	4	4	4	714.87	658.733	52.9836	7.07253	5.32273	1.43778	8.26745	41.5474	16.8563	94.5371	1	1	1	1	1	0	0	0
14.08.2015 08:54:42.773000	-0.00999999	-0.0171301	-0.0127401	126.734	-669.453	0.000542535	7	4	4	4	737.906	678.043	53.1557	7.59099	5.8412	1.57994	8.26918	41.1158	16.4352	94.4972	1	1	1	1	1	0	0	0
14.08.2015 08:54:42.873000	-0.00999999	-0.0171301	-0.0127401	126.727	-669.453	0.00072338	7	4	4	4	626.099	698.119	53.3417	7.93237	6.18257	1.75149	8.2724	40.722	16.097	94.284	1	1	1	1	1	0	0	0
14.08.2015 08:54:42.973000	-0.00999999	-0.0171301	-0.0127401	126.73	-669.449	0.000542535	7	4	4	4	748.008	718.964	53.5307	8.42393	6.67414	1.83517	8.28345	40.3822	15.7657	94.2516	1	1	1	1	1	0	0	0
14.08.2015 08:54:43.073000	-0.00999999	-0.0171301	-0.0127401	126.729	-669.453	-0.00072338	7	4	4	4	800.73	740.572	53.7307	8.84912	7.09933	1.94099	8.29239	40.079	15.4668	94.235	1	1	1	1	1	0	0	0
14.08.2015 08:54:43.173000	-0.00999999	-0.0171301	-0.0127401	126.73	-669.453	-0.0016276	7	4	4	4	694.34	762.95	53.9356	9.22431	7.47452	2.01988	8.26293	39.8059	15.221	94.1305	1	1	1	1	1	0	0	0
14.08.2015 08:54:43.273000	-0.00999999	-0.0171301	-0.0127401	126.732	-669.453	-0.00470197	7	4	4	4	723.286	786.094	54.153	9.83283	8.08304	2.08874	8.29251	39.5431	14.9738	94.0707	1	1	1	1	1	0	0	0
14.08.2015 08:54:43.373000	-0.00999999	-0.0171301	-0.0127401	126.73	-669.453	-0.00434028	7	4	4	4	771.448	810.003	54.3818	10.6129	8.86307	2.20151	8.32752	39.2791	14.7067	94.0828	1	1	1	1	1	0	0	0
14.08.2015 08:54:43.473000	-0.00999999	-0.0171301	-0.0127401	126.734	-669.451	-0.00470197	7	4	4	4	785.423	834.679	54.63	11.5041	9.75433	2.37987	8.27318	38.9671	14.4277	93.9564	1	1	1	1	1	0	0	0
14.08.2015 08:54:43.573000	-0.00999999	-0.0171301	-0.0127401	126.734	-669.453	-0.00325521	7	4	4	4	836.077	860.122	54.8941	12.4513	10.7015	2.59413	8.28782	38.6614	14.1313	93.9209	1	1	1	1	1	0	0	0
14.08.2015 08:54:43.673000	-0.00999999	-0.0171301	-0.0127401	126.734	-669.451	-0.00144676	7	4	4	4	887.553	886.33	55.1787	13.3667	11.6169	2.75987	8.21939	38.3392	13.8594	93.7283	1	1	1	1	1	0	0	0
14.08.2015 08:54:43.773000	-0.00999999	-0.0171301	-0.0127401	126.734	-669.453	-0.00108507	7	4	4	4	870.349	913.304	55.4806	14.2215	12.4717	2.93361	8.21354	38.0764	13.6233	93.6259	1	1	1	1	1	0	0	0
14.08.2015 08:54:43.873000	-0.00999999	-0.0171301	-0.0127401	126.734	-669.451	-0.00108507	7	4	4	4	951.445	941.047	55.8029	15.1238	13.374	3.179	8.25637	37.8468	13.4036	93.5881	1	1	1	1	1	0	0	0
14.08.2015 08:54:43.973000	-0.00999999	-0.0171301	-0.0127401	126.734	-669.453	-0.00108507	7	4	4	4	899.007	969.555	56.1397	15.9891	14.2393	3.36084	8.22008	37.6409	13.2293	93.467	1	1	1	1	1	0	0	0
14.08.2015 08:54:44.073000	-0.00999999	-0.0171301	-0.0127401	126.734	-669.451	-0.00108507	7	4	4	4	992.338	998.83	56.4929	16.9112	15.1614	3.48925	8.21045	37.4901	13.1069	93.3584	1	1	1	1	1	0	0	0
14.08.2015 08:54:44.173000	-0.00999999	-0.0171301	-0.0127401	126.734	-669.453	-0.0016276	7	4	4	4	1054.02	1028.87	56.8659	17.8108	16.061	3.69336	8.22486	37.3958	13.0078	93.3766	1	1	1	1	1	0	0	0
14.08.2015 08:54:44.273000	-0.00999999	-0.0171301	-0.0127401	126.734	-669.451	-0.00289352	7	4	4	4	1067.94	618.419	57.2549	18.5777	5.14378	3.85369	8.12338	37.7937	12.9156	95.2534	1	1	1	1	1	0.69	0	0.69
14.08.2015 08:54:44.373000	-0.00999999	-0.0171301	-0.0127401	126.734	-669.453	-0.0016276	7	4	4	4	3062.04	425	60.5413	18.6833	0	65.8306	8.04427	108.678	16.53	352.818	1	1	1	1	1	1	0.4	1
14.08.2015 08:54:44.473000	-0.00999999	-0.0199842	-0.0127401	126.758	-669.424	-0.00180845	7	4	4	4	1356.36	425	62.1276	18.6833	0	62.1308	5.3954	116.909	0.622517	445.236	1	1	1	1	1	1	1	1
14.08.2015 08:54:44.573000	-0.00999999	-0.0214113	-0.0127401	126.723	-669.473	-0.00217014	7	4	4	4	19.0614	425	62.1276	18.6833	0	62.1308	3.53024	128.084	0.548173	488.309	1	1	1	1	1	1	1	1
14.08.2015 08:54:44.673000	-0.00999999	-0.0214113	-0.0127401	126.599	-669.474	-0.00397859	7	4	4	4	3.19987	425	62.1276	2.05516	0	62.1308	2.42066	136.952	0.442763	522.667	1	1	1	1	1	1	1	0.11
14.08.2015 08:54:44.773000	-0.00999999	-0.0214113	-0.0127401	126.68	-669.484	-0.00488281	7	4	4	4	0.836433	425	62.1276	0	0	62.1308	1.72882	137.273	0.472549	523.78	1	1	1	1	1	1	1	0
14.08.2015 08:54:44.873000	-0.00999999	-0.0214113	-0.0127401	126.68	-669.469	-0.0036169	7	4	4	4	0.340374	425	62.1276	0	0	62.1308	1.25451	137.259	0.425184	523.908	1	1	1	1	1	1	1	0
14.08.2015 08:54:44.973000	-0.00999999	-0.0214113	-0.0127401	126.676	-669.48	-0.00434028	7	4	4	4	0.296166	425	62.1276	0	0	62.1308	1.0294	137.059	0.410901	523.197	1	1	1	1	1	1	1	0
14.08.2015 08:54:45.073000	-0.00999999	-0.0214113	-0.0127401	126.648	-669.474	-0.00217014	7	4	4	4	0.294518	425	62.1276	0	0	62.1308	0.867535	137.018	0.416395	523.021	1	1	1	1	1	1	1	0
14.08.2015 08:54:45.173000	-0.00999999	-0.0214113	-0.0127401	126.574	-669.523	-0.00217014	7	4	4	4	0.279432	425	62.1276	0	0	62.1308	0.726215	136.911	0.405774	522.65	1	1	1	1	1	1	1	0
14.08.2015 08:54:45.273000	-0.00999999	-0.0214113	-0.0127401	126.565	-669.51	-0.00144676	7	4	4	4	0.276479	425	62.1276	0	0	62.1308	0.637992	136.857	0.407727	522.437	1	1	1	1	1	1	1	0
14.08.2015 08:54:45.373000	-0.00999999	-0.0214113	-0.0127401	126.535	-669.523	0.00108507	7	4	4	4	0.27663	425	62.1276	0	0	40.3676	0.575781	136.838	0.408277	522.36	1	1	1	1	1	1	1	0
14.08.2015 08:54:45.473000	-0.00999999	-0.0214113	-0.0127401	126.536	-669.516	0.00072338	7	4	4	4	0.307097	425	62.1276	0	0	-0.0496954	0.523177	136.79	0.411451	522.164	1	1	1	1	1	1	1	0
14.08.2015 08:54:45.573000	-0.00999999	-0.0214113	-0.0127401	126.531	-669.523	0.000542535	7	4	4	4	0.304024	425	62.1276	0	0	-0.0496954	0.469126	136.745	0.412564	521.988	1	1	1	1	1	1	1	0
14.08.2015 08:54:45.673000	-0.00999999	-0.0214113	-0.0127401	126.531	-669.523	0.00072338	7	4	4	4	0.298288	425	62.1276	0	0	-0.0496954	0.436596	136.699	0.413526	521.809	1	1	1	1	1	1	1	0
14.08.2015 08:54:45.773000	-0.00999999	-0.0214113	-0.0127401	126.527	-669.523	0.000542535	7	4	4	4	0.26956	425	62.1276	0	0	-0.0496954	0.409129	136.662	0.411685	521.678	1	1	1	1	1	1	1	0
14.08.2015 08:54:45.873000	-0.00999999	-0.0214113	-0.0127401	126.531	-669.523	0	7	4	4	4	0.290774	425	62.1276	0	0	-0.0496954	0.381756	136.618	0.420667	521.483	1	1	1	1	1	1	1	0
14.08.2015 08:54:45.973000	-0.00999999	-0.0214113	-0.0127401	126.535	-669.52	-0.00108507	7	4	4	4	0.265949	425	62.1276	0	0	-0.0496954	0.358073	136.585	0.425977	521.321	1	1	1	1	1	1	1	0
14.08.2015 08:54:46.073000	-0.00999999	-0.0214113	-0.0127401	126.534	-669.521	-0.00108507	7	4	4	4	0.288783	425	62.1276	0	0	-0.0496954	0.341884	136.553	0.432081	521.181	1	1	1	1	1	1	1	0
14.08.2015 08:54:46.173000	-0.00999999	-0.0214113	-0.0127401	126.531	-669.52	-0.00108507	7	4	4	4	0.300432	425	62.1276	0	0	-0.0496954	0.326859	136.519	0.428053	521.065	1	1	1	1	1	1	1	0
14.08.2015 08:54:46.273000	-0.00999999	-0.0214113	-0.0127401	126.534	-669.518	0	7	4	4	4	0.318338	425	62.1276	0	0	-0.0496954	0.311842	136.481	0.433363	520.898	1	1	1	1	1	1	1	0
14.08.2015 08:54:46.373000	-0.00999999	-0.0214113	-0.0127401	126.539	-669.523	0.000542535	7	4	4	4	0.324887	425	62.1276	0	0	-0.032302	0.298249	136.449	0.437086	520.762	1	1	1	1	1	1	1	0
14.08.2015 08:54:46.473000	-0.00999999	-0.0214113	-0.0127401	126.539	-669.516	0.00108507	7	4	4	4	0.325799	425	62.1276	0	0	0	0.288911	136.416	0.434034	520.648	1	1	1	1	1	1	1	0
14.08.2015 08:54:46.573000	-0.00999999	-0.0214113	-0.0127401	126.539	-669.516	0.000542535	7	4	4	4	0.330778	425	62.1276	0	0	0	0.281019	136.384	0.427381	520.549	1	1	1	1	1	1	1	0
14.08.2015 08:54:46.673000	-0.00999999	-0.0214113	-0.0127401	126.534	-669.521	-0.00108507	7	4	4	4	0.31775	425	62.1276	0	0	0	0.277062	136.353	0.431593	520.414	1	1	1	1	1	1	1	0
14.08.2015 08:54:46.773000	-0.00999999	-0.0214113	-0.0127401	126.516	-669.516	0.000542535	7	4	4	4	0.285125	425	62.1276	0	0	0	0.278834	136.324	0.433668	520.296	1	1	1	1	1	1	1	0
14.08.2015 08:54:46.873000	-0.00999999	-0.0214113	-0.0127401	126.523	-669.38	0.00072338	7	4	4	4	0.287968	425	62.1276	0	0	0	0.278935	136.295	0.446547	520.135	1	1	1	1	1	1	1	0
14.08.2015 08:54:46.973000	-0.00999999	-0.0214113	-0.0127401	126.621	-668.535	0.00108507	7	4	4	4	0.257229	425	62.1276	0	0	0	0.281525	136.259	0.44789	519.994	1	1	1	1	1	1	1	0
14.08.2015 08:54:47.073000	-0.00999999	-0.0214113	-0.0127401	126.651	-659.211	0	7	4	4	4	0.279782	425	62.1276	0	0	0	0.283753	136.23	0.442396	519.904	1	1	1	1	1	1	1	0
14.08.2015 08:54:47.173000	-0.00999999	-0.0214113	-0.0127401	126.656	-633.469	0.00108507	7	4	4	4	0.280845	425	62.1276	0	0	0	0.28554	136.197	0.440382	519.786	1	1	1	1	1	1	1	0
14.08.2015 08:54:47.273000	-0.00999999	-0.0214113	-0.0127401	126.661	-610.865	0.00072338	7	4	4	4	0.299954	425	62.1276	0	0	0	0.284867	136.172	0.448195	519.658	1	1	1	1	1	1	1	0
14.08.2015 08:54:47.373000	-0.00999999	-0.0214113	-0.0127401	126.664	-586.598	0.000542535	7	4	4	4	0.303392	425	62.1276	0	0	0	0.285258	136.142	0.448683	519.544	1	1	1	1	1	1	1	0
14.08.2015 08:54:47.473000	-0.00999999	-0.0214113	-0.0127401	126.664	-546.161	0.00072338	7	4	4	4	0.307036	425	62.1276	0	0	0	0.285149	136.117	0.446242	519.457	1	1	1	1	1	1	1	0
14.08.2015 08:54:47.573000	-0.00999999	-0.0214113	-0.0127401	126.664	-505.777	0	7	4	4	4	0.314771	425	62.1276	0	0	0	0.285692	136.091	0.450453	519.34	1	1	1	1	1	1	1	0
14.08.2015 08:54:47.673000	-0.00999999	-0.0214113	-0.0127401	126.664	-466.333	0.00072338	7	4	4	4	0.303353	425	62.1276	0	0	0	0.285489	136.06	0.451186	519.217	1	1	1	1	1	1	1	0
14.08.2015 08:54:47.773000	-0.00999999	-0.0214113	-0.0127401	126.664	-424.574	0.000542535	7	4	4	4	0.304757	425	62.1276	0	0	0	0.285453	136.034	0.448866	519.13	1	1	1	1	1	1	1	0
14.08.2015 08:54:47.873000	-0.00999999	-0.0214113	-0.0127401	126.68	-371.026	0.00072338	7	4	4	4	0.283973	425	62.1276	0	0	0	0.285344	135.99	0.448805	518.962	1	1	1	1	1	1	1	0
14.08.2015 08:54:47.973000	-0.00999999	-0.0214113	-0.0127401	126.707	-322.875	0.00108507	7	4	4	4	0.287046	425	62.1276	0	0	0	0.284968	135.977	0.434828	518.962	1	1	1	1	1	1	1	0
14.08.2015 08:54:48.073000	-0.00999999	-0.0214113	-0.0127401	126.719	-281.63	0.00036169	7	4	4	4	0.281128	425	62.1276	0	0	0	0.284867	135.952	0.449416	518.813	1	1	1	1	1	1	1	0
14.08.2015 08:54:48.173000	-0.00999999	-0.0214113	-0.0127401	126.727	-240.625	-0.00108507	7	4	4	4	0.271541	425	62.1276	0	0	0	0.28376	135.933	0.447951	518.744	1	1	1	1	1	1	1	0
14.08.2015 08:54:48.273000	-0.00999999	-0.0214113	-0.0127401	126.737	-183.13	-0.00108507	7	4	4	4	0.256566	425	62.1276	0	0	0	0.284816	135.906	0.451796	518.628	1	1	1	1	1	1	1	0
14.08.2015 08:54:48.373000	-0.00999999	-0.0214113	-0.0127401	126.738	-141.711	0.0016276	7	4	4	4	0.251842	425	62.1276	0	0	0	0.283471	135.883	0.453139	518.532	1	1	1	1	1	1	1	0
14.08.2015 08:54:48.473000	-0.00999999	-0.0214113	-0.0127401	126.745	-100.159	-0.00144676	7	4	4	4	0.292644	425	62.1276	0	0	0	0.28376	135.854	0.455153	518.416	1	1	1	1	1	1	1	0
14.08.2015 08:54:48.573000	-0.00999999	-0.0214113	-0.0127401	126.742	-51.0273	0.000542535	7	4	4	4	0.303101	425	62.1276	0	0	0	0.282841	135.833	0.457595	518.325	1	1	1	1	1	1	1	0
14.08.2015 08:54:48.673000	-0.00999999	-0.0214113	-0.0127401	126.75	-1.78125	-0.00036169	7	4	4	4	0.305256	425	62.1276	0	0	0	0.282943	135.811	0.458144	518.24	1	1	1	1	1	1	1	0
14.08.2015 08:54:48.773000	-0.00999999	-0.0214113	-0.0127401	126.746	39.2031	-0.0016276	7	4	4	4	0.338283	425	62.1276	0	0	0	0.282161	135.782	0.460036	518.12	1	1	1	1	1	1	1	0
14.08.2015 08:54:48.873000	-0.00999999	-0.0214113	-0.0127401	126.747	80.1589	-0.00108507	7	4	4	4	0.335194	425	62.1276	0	0	0	0.281691	135.758	0.457167	518.041	1	1	1	1	1	1	1	0
14.08.2015 08:54:48.973000	-0.00999999	-0.0214113	-0.0127401	126.75	137.535	-0.0016276	7	4	4	4	0.331125	425	62.1276	0	0	0	0.281677	135.738	0.460524	517.949	1	1	1	1	1	1	1	0
14.08.2015 08:54:49.073000	-0.00999999	-0.0214113	-0.0127401	126.75	178.156	-0.00144676	7	4	4	4	0.310175	425	62.1276	0	0	0	0.281019	135.717	0.463637	517.858	1	1	1	1	1	1	1	0
14.08.2015 08:54:49.173000	-0.00999999	-0.0214113	-0.0127401	126.75	219.254	-0.00108507	7	4	4	4	0.321575	425	62.1276	0	0	0	0.280953	135.695	0.464125	517.771	1	1	1	1	1	1	1	0
14.08.2015 08:54:49.273000	-0.00999999	-0.0214113	-0.0127401	126.75	260.443	0.00036169	7	4	4	4	0.293992	425	62.1276	0	0	0	0.279905	135.671	0.464125	517.679	1	1	1	1	1	1	1	0
14.08.2015 08:54:49.373000	-0.00999999	-0.0214113	-0.0127401	126.75	317.535	-0.00108507	7	4	4	4	0.285203	425	62.1276	0	0	0	0.280671	135.651	0.460891	517.617	1	1	1	1	1	1	1	0
14.08.2015 08:54:49.473000	-0.00999999	-0.0214113	-0.0127401	126.758	358.701	-0.00325521	7	4	4	4	0.279308	425	62.1276	0	0	0	0.279036	135.627	0.45967	517.528	1	1	1	1	1	1	1	0
14.08.2015 08:54:49.573000	-0.00999999	-0.0214113	-0.0127401	126.766	400.164	-0.00271267	7	4	4	4	0.276424	425	62.1276	0	0	0	0.279036	135.602	0.458266	517.438	1	1	1	1	1	1	1	0
14.08.2015 08:54:49.673000	-0.00999999	-0.0214113	-0.0127401	126.766	446.094	-0.00325521	7	4	4	4	0.284547	425	62.1276	0	0	0	0.277582	135.581	0.458571	517.358	1	1	1	1	1	1	1	0
14.08.2015 08:54:49.773000	-0.00999999	-0.0214113	-0.0127401	126.766	494.996	-0.00217014	7	4	4	4	0.288299	425	62.1276	0	0	0	0.278313	135.558	0.46144	517.257	1	1	1	1	1	1	1	0
14.08.2015 08:54:49.873000	-0.00999999	-0.0214113	-0.0127401	126.766	533.695	-0.00144676	7	4	4	4	0.289082	425	62.1276	0	0	0	0.276186	135.534	0.459792	517.172	1	1	1	1	1	1	1	0
14.08.2015 08:54:49.973000	-0.00999999	-0.0214113	-0.0127401	126.766	570.613	0	7	4	4	4	0.298586	425	62.1276	0	0	0	0.27576	135.509	0.460524	517.072	1	1	1	1	1	1	1	0
14.08.2015 08:54:50.073000	-0.00999999	-0.0214113	-0.0127401	126.766	607.576	0.00108507	7	4	4	4	0.28814	425	62.1276	0	0	0	0.275268	135.49	0.460646	517.002	1	1	1	1	1	1	1	0
14.08.2015 08:54:50.173000	-0.00999999	-0.0214113	-0.0127401	126.766	635.246	0.000542535	7	4	4	4	0.277962	425	62.1276	0	0	0	0.274074	135.474	0.462416	516.934	1	1	1	1	1	1	1	0
14.08.2015 08:54:50.273000	-0.00999999	-0.0214113	-0.0127401	126.766	653.784	0.00072338	7	4	4	4	0.298967	425	62.1276	0	0	0	0.273098	135.45	0.461318	516.844	1	1	1	1	1	1	1	0
14.08.2015 08:54:50.373000	-0.00999999	-0.0214113	-0.0127401	126.766	666.805	0.00217014	7	4	4	4	0.31729	425	62.1276	0	0	0	0.271853	135.424	0.460646	516.748	1	1	1	1	1	1	1	0
14.08.2015 08:54:50.473000	-0.00999999	-0.0214113	-0.0127401	126.763	672.836	-0.00036169	7	4	4	4	0.298728	425	62.1276	0	0	0	0.272229	135.404	0.463149	516.663	1	1	1	1	1	1	1	0
14.08.2015 08:54:50.573000	-0.00999999	-0.0214113	-0.0127401	126.75	674.637	0.00108507	7	4	4	4	0.313345	425	62.1276	0	0	0	0.270407	135.386	0.463454	516.593	1	1	1	1	1	1	1	0
14.08.2015 08:54:50.673000	-0.00999999	-0.0214113	-0.0127401	126.729	674.898	0.00036169	7	4	4	4	0.305752	425	62.1276	0	0	0	0.270117	135.364	0.466079	516.499	1	1	1	1	1	1	1	0
14.08.2015 08:54:50.773000	-0.00999999	-0.0214113	-0.0127401	126.727	674.91	-0.00108507	7	4	4	4	0.334296	425	62.1276	0	0	0	0.267122	135.343	0.465957	516.416	1	1	1	1	1	1	1	0
14.08.2015 08:54:50.873000	-0.00999999	-0.0214113	-0.0127401	126.732	674.922	-0.00325521	7	4	4	4	0.303367	425	62.1276	0	0	0	0.266934	135.329	0.468581	516.353	1	1	1	1	1	1	1	0
14.08.2015 08:54:50.973000	-0.00999999	-0.0214113	-0.0127401	126.695	674.934	-0.00217014	7	4	4	4	0.310731	425	62.1276	0	0	0	0.264229	135.304	0.463027	516.278	1	1	1	1	1	1	1	0
14.08.2015 08:54:51.073000	-0.00999999	-0.0214113	-0.0127401	126.607	674.977	-0.0036169	7	4	4	4	0.29506	425	62.1276	0	0	0	0.263657	135.067	0.460952	515.378	1	1	1	1	1	1	1	0
14.08.2015 08:54:51.173000	-0.00999999	-0.0214113	-0.0127401	126.629	674.992	-0.00271267	7	4	4	4	0.28809	425	62.1276	0	0	0	0.261907	135.261	0.459853	516.127	1	1	1	1	1	1	1	0
14.08.2015 08:54:51.273000	-0.00999999	-0.0214113	-0.0127401	126.698	675.005	-0.00144676	7	4	4	4	0.290201	425	62.1276	0	0	0	0.261632	135.239	0.461196	516.038	1	1	1	1	1	1	1	0
14.08.2015 08:54:51.373000	-0.00999999	-0.0214113	-0.0127401	126.625	674.965	-0.0016276	7	4	4	4	0.273348	425	62.1276	0	0	0	0.26046	135.221	0.460524	515.97	1	1	1	1	1	1	1	0
14.08.2015 08:54:51.473000	-0.00999999	-0.0214113	-0.0127401	126.612	674.982	-0.00036169	7	4	4	4	0.278887	425	62.1276	0	0	0	0.259216	135.2	0.466323	515.867	1	1	1	1	1	1	1	0
14.08.2015 08:54:51.573000	-0.00999999	-0.0214113	-0.0127401	126.609	674.961	-0.00108507	7	4	4	4	0.277098	425	62.1276	0	0	0	0.260749	135.18	0.464492	515.8	1	1	1	1	1	1	1	0
14.08.2015 08:54:51.673000	-0.00999999	-0.0214113	-0.0127401	126.609	674.977	-0.00144676	7	4	4	4	0.260199	425	62.1276	0	0	0	0.260178	135.163	0.465102	515.729	1	1	1	1	1	1	1	0
14.08.2015 08:54:51.773000	-0.00999999	-0.0214113	-0.0127401	126.609	674.953	-0.00108507	7	4	4	4	0.285054	425	62.1276	0	0	0	0.261473	135.146	0.465468	515.664	1	1	1	1	1	1	1	0
14.08.2015 08:54:51.873000	-0.00999999	-0.0214113	-0.0127401	126.578	674.953	-0.00072338	7	4	4	4	0.280014	425	62.1276	0	0	0	0.261379	135.126	0.46559	515.588	1	1	1	1	1	1	1	0
14.08.2015 08:54:51.973000	-0.00999999	-0.0214113	-0.0127401	126.66	674.988	0.000542535	7	4	4	4	0.282491	425	62.1276	0	0	0	0.263115	135.105	0.460646	515.525	1	1	1	1	1	1	1	0
14.08.2015 08:54:52.073000	-0.00999999	-0.0214113	-0.0127401	126.573	675.039	0	7	4	4	4	0.296903	425	62.1276	0	0	0	0.262153	135.084	0.462722	515.438	1	1	1	1	1	1	1	0
14.08.2015 08:54:52.173000	-0.00999999	-0.0214113	-0.0127401	126.648	674.957	0.00108507	7	4	4	4	0.310781	425	62.1276	0	0	0	0.2636	135.065	0.464492	515.358	1	1	1	1	1	1	1	0
14.08.2015 08:54:52.273000	-0.00999999	-0.0214113	-0.0127401	126.615	675.036	0.00072338	7	4	4	4	0.308063	425	62.1276	0	0	0	0.263498	135.043	0.463393	515.279	1	1	1	1	1	1	1	0
14.08.2015 08:54:52.373000	-0.00999999	-0.0214113	-0.0127401	126.625	675.109	-0.000542535	7	4	4	4	0.287953	425	62.1276	0	0	0	0.26428	135.025	0.462783	515.212	1	1	1	1	1	1	1	0
14.08.2015 08:54:52.473000	-0.00999999	-0.0214113	-0.0127401	126.625	675.091	-0.00108507	7	4	4	4	0.306781	425	62.1276	0	0	0	0.263882	135.01	0.466811	515.139	1	1	1	1	1	1	1	0
14.08.2015 08:54:52.573000	-0.00999999	-0.0214113	-0.0127401	126.629	675.059	0.000542535	7	4	4	4	0.29919	425	62.1276	0	0	0	0.263657	134.987	0.466567	515.051	1	1	1	1	1	1	1	0
14.08.2015 08:54:52.673000	-0.00999999	-0.0214113	-0.0127401	126.625	675.052	-0.00108507	7	4	4	4	0.292803	425	62.1276	0	0	0	0.263549	134.971	0.473037	514.965	1	1	1	1	1	1	1	0
14.08.2015 08:54:52.773000	-0.00999999	-0.0214113	-0.0127401	126.625	675.047	-0.00488281	7	4	4	4	0.282368	425	62.1276	0	0	0	0.261777	134.952	0.469497	514.907	1	1	1	1	1	1	1	0
14.08.2015 08:54:52.873000	-0.00999999	-0.0214113	-0.0127401	126.625	675.029	-0.00072338	7	4	4	4	0.262973	425	62.1276	0	0	0	0.261386	134.935	0.472671	514.831	1	1	1	1	1	1	1	0
14.08.2015 08:54:52.973000	-0.00999999	-0.0214113	-0.0127401	126.625	675.008	-0.00108507	7	4	4	4	0.277068	425	62.1276	0	0	0	0.258152	134.912	0.471938	514.745	1	1	1	1	1	1	1	0
14.08.2015 08:54:53.073000	-0.00999999	-0.0214113	-0.0127401	126.628	675.005	-0.00072338	7	4	4	4	0.250277	425	62.1276	0	0	0	0.257964	134.895	0.471877	514.681	1	1	1	1	1	1	1	0
14.08.2015 08:54:53.173000	-0.00999999	-0.0214113	-0.0127401	126.625	675	0.00108507	7	4	4	4	0.257363	425	62.1276	0	0	0	0.255259	134.879	0.471999	514.617	1	1	1	1	1	1	1	0
14.08.2015 08:54:53.273000	-0.00999999	-0.0214113	-0.0127401	126.625	675	0.00072338	7	4	4	4	0.277221	425	62.1276	0	0	0	0.253631	134.86	0.477371	514.524	1	1	1	1	1	1	1	0
14.08.2015 08:54:53.373000	-0.00999999	-0.0214113	-0.0127401	126.625	674.996	0.00108507	7	4	4	4	0.263891	425	62.1276	0	0	0	0.252308	134.845	0.479263	514.459	1	1	1	1	1	1	1	0
14.08.2015 08:54:53.473000	-0.00999999	-0.0214113	-0.0127401	126.625	674.997	0.00108507	7	4	4	4	0.27932	425	62.1276	0	0	0	0.251172	134.825	0.484024	514.364	1	1	1	1	1	1	1	0
14.08.2015 08:54:53.573000	-0.00999999	-0.0214113	-0.0127401	126.625	674.992	0.00108507	7	4	4	4	0.28911	425	62.1276	0	0	0	0.249609	134.805	0.49208	514.258	1	1	1	1	1	1	1	0
14.08.2015 08:54:53.673000	-0.00999999	-0.0214113	-0.0127401	126.625	674.995	0.00036169	7	4	4	4	0.278456	425	62.1276	0	0	0	0.247982	134.793	0.492203	514.211	1	1	1	1	1	1	1	0
14.08.2015 08:54:53.773000	-0.00999999	-0.0214113	-0.0127401	126.625	674.984	0	7	4	4	4	0.263431	425	62.1276	0	0	0	0.248886	134.773	0.495743	514.122	1	1	1	1	1	1	1	0
14.08.2015 08:54:53.873000	-0.00999999	-0.0214113	-0.0127401	126.633	674.984	0.00072338	7	4	4	4	0.297405	425	62.1276	0	0	0	0.246875	134.751	0.498611	514.026	1	1	1	1	1	1	1	0
14.08.2015 08:54:53.973000	-0.00999999	-0.0214113	-0.0127401	126.633	674.984	0.000542535	7	4	4	4	0.275352	425	62.1276	0	0	0	0.247251	134.735	0.497757	513.966	1	1	1	1	1	1	1	0
14.08.2015 08:54:54.073000	-0.00999999	-0.0214113	-0.0127401	126.628	674.984	0.00108507	7	4	4	4	0.252461	425	62.1276	0	0	0	0.245898	134.722	0.499466	513.913	1	1	1	1	1	1	1	0
14.08.2015 08:54:54.173000	-0.00999999	-0.0214113	-0.0127401	126.633	674.98	0.000542535	7	4	4	4	0.243852	425	62.1276	0	0	0	0.246918	134.704	0.501114	513.835	1	1	1	1	1	1	1	0
14.08.2015 08:54:54.273000	-0.00999999	-0.0214113	-0.0127401	126.63	674.979	0.00036169	7	4	4	4	0.250781	425	62.1276	0	0	0	0.244792	134.686	0.507218	513.746	1	1	1	1	1	1	1	0
14.08.2015 08:54:54.373000	-0.00999999	-0.0214113	-0.0127401	126.633	674.961	0	7	4	4	4	0.247674	425	62.1276	0	0	0	0.244944	134.667	0.513138	513.649	1	1	1	1	1	1	1	0
14.08.2015 08:54:54.473000	-0.00999999	-0.0214113	-0.0127401	126.633	674.961	0.00217014	7	4	4	4	0.251942	425	62.1276	0	0	0	0.24464	134.652	0.519303	513.569	1	1	1	1	1	1	1	0
14.08.2015 08:54:54.573000	-0.00999999	-0.0214113	-0.0127401	126.633	674.961	0.000542535	7	4	4	4	0.271438	425	62.1276	0	0	0	0.244705	134.633	0.528947	513.456	1	1	1	1	1	1	1	0
14.08.2015 08:54:54.673000	-0.00999999	-0.0214113	-0.0127401	126.633	674.961	-0.00072338	7	4	4	4	0.290427	425	62.1276	0	0	0	0.243916	134.617	0.530351	513.391	1	1	1	1	1	1	1	0
14.08.2015 08:54:54.773000	-0.00999999	-0.0214113	-0.0127401	126.633	674.961	0.00108507	7	4	4	4	0.254512	425	62.1276	0	0	0	0.243113	134.599	0.536454	513.3	1	1	1	1	1	1	1	0
14.08.2015 08:54:54.873000	-0.00999999	-0.0214113	-0.0127401	126.633	674.961	0.00072338	7	4	4	4	0.277109	425	62.1276	0	0	0	0.243967	134.584	0.53621	513.242	1	1	1	1	1	1	1	0
14.08.2015 08:54:54.973000	-0.00999999	-0.0214113	-0.0127401	126.633	674.961	0.00108507	7	4	4	4	0.288756	425	62.1276	0	0	0	0.242245	134.566	0.536454	513.174	1	1	1	1	1	1	1	0
14.08.2015 08:54:55.073000	-0.00999999	-0.0214113	-0.0127401	126.633	674.961	0.00036169	7	4	4	4	0.272053	425	62.1276	0	0	0	0.242716	134.547	0.536576	513.099	1	1	1	1	1	1	1	0
14.08.2015 08:54:55.173000	-0.00999999	-0.0214113	-0.0127401	126.633	674.957	0.00108507	7	4	4	4	0.292618	425	62.1276	0	0	0	0.240791	134.53	0.542192	513.014	1	1	1	1	1	1	1	0
14.08.2015 08:54:55.273000	-0.00999999	-0.0214113	-0.0127401	126.633	674.956	0.00144676	7	4	4	4	0.287047	425	62.1276	0	0	0	0.241565	134.518	0.550493	512.935	1	1	1	1	1	1	1	0
14.08.2015 08:54:55.373000	-0.00999999	-0.0214113	-0.0127401	126.625	674.961	0.000542535	7	4	4	4	0.282953	425	62.1276	0	0	0	0.23886	134.499	0.554643	512.845	1	1	1	1	1	1	1	0
14.08.2015 08:54:55.473000	-0.00999999	-0.0214113	-0.0127401	126.633	674.951	0	7	4	4	4	0.269257	425	62.1276	0	0	0	0.239352	134.484	0.569597	512.731	1	1	1	1	1	1	1	0
14.08.2015 08:54:55.573000	-0.00999999	-0.0214113	-0.0127401	126.633	674.945	0.000542535	7	4	4	4	0.274549	425	62.1276	0	0	0	0.23784	134.469	0.576128	512.648	1	1	1	1	1	1	1	0
14.08.2015 08:54:55.673000	-0.00999999	-0.0214113	-0.0127401	126.63	674.948	0.00108507	7	4	4	4	0.269482	425	62.1276	0	0	0	0.237471	134.452	0.579058	512.574	1	1	1	1	1	1	1	0
14.08.2015 08:54:55.773000	-0.00999999	-0.0214113	-0.0127401	126.633	674.945	0.00108507	7	4	4	4	0.26624	425	62.1276	0	0	0	0.236299	134.436	0.57973	512.507	1	1	1	1	1	1	1	0
14.08.2015 08:54:55.873000	-0.00999999	-0.0214113	-0.0127401	126.63	674.956	0.00108507	7	4	4	4	0.254843	425	62.1276	0	0	0	0.235446	134.421	0.57973	512.451	1	1	1	1	1	1	1	0
14.08.2015 08:54:55.973000	-0.00999999	-0.0214113	-0.0127401	126.629	674.961	0.00108507	7	4	4	4	0.267824	425	62.1276	0	0	0	0.236198	134.406	0.580767	512.391	1	1	1	1	1	1	1	0
14.08.2015 08:54:56.073000	-0.00999999	-0.0214113	-0.0127401	126.633	674.961	0.00108507	7	4	4	4	0.268185	425	62.1276	0	0	0	0.234867	134.391	0.58211	512.329	1	1	1	1	1	1	1	0
14.08.2015 08:54:56.173000	-0.00999999	-0.0214113	-0.0127401	126.633	674.961	0.00108507	7	4	4	4	0.262065	425	62.1276	0	0	0	0.235909	134.373	0.580767	512.263	1	1	1	1	1	1	1	0
14.08.2015 08:54:56.273000	-0.00999999	-0.0214113	-0.0127401	126.63	674.974	0.00072338	7	4	4	4	0.273423	425	62.1276	0	0	0	0.235243	134.356	0.58327	512.189	1	1	1	1	1	1	1	0
14.08.2015 08:54:56.373000	-0.00999999	-0.0214113	-0.0127401	126.633	674.984	0.000542535	7	4	4	4	0.286388	425	62.1276	0	0	0	0.238325	134.343	0.585069	512.193	1	1	1	1	1	1	1	0
14.08.2015 08:54:56.473000	-0.00999999	-0.0214113	-0.0127401	126.633	674.982	0.00108507	7	4	4	4	0.288655	425	62.1276	0	0	0	0.237922	134.327	0.587054	512.061	1	1	1	1	1	1	1	0
14.08.2015 08:54:56.573000	-0.00999999	-0.0214113	-0.0127401	126.633	674.98	-0.00108507	7	4	4	4	0.278988	425	62.1276	0	0	0	0.240553	134.312	0.592669	511.984	1	1	1	1	1	1	1	0
14.08.2015 08:54:56.673000	-0.00999999	-0.0214113	-0.0127401	126.633	674.982	0.00108507	7	4	4	4	0.283156	425	62.1276	0	0	0	0.241247	134.292	0.604938	511.86	1	1	1	1	1	1	1	0
14.08.2015 08:54:56.773000	-0.00999999	-0.0214113	-0.0127401	126.633	674.984	0.00217014	7	4	4	4	0.277076	425	62.1276	0	0	0	0.243576	134.279	0.615253	511.771	1	1	1	1	1	1	1	0
14.08.2015 08:54:56.873000	-0.00999999	-0.0214113	-0.0127401	126.633	674.984	0.00108507	7	4	4	4	0.29833	425	62.1276	0	0	0	0.243316	134.265	0.62392	511.685	1	1	1	1	1	1	1	0
14.08.2015 08:54:56.973000	-0.00999999	-0.0214113	-0.0127401	126.633	674.984	0.000542535	7	4	4	4	0.288159	425	62.1276	0	0	0	0.244444	134.25	0.631062	511.599	1	1	1	1	1	1	1	0
14.08.2015 08:54:57.073000	-0.00999999	-0.0214113	-0.0127401	126.63	675.003	0.00108507	7	4	4	4	0.299653	425	62.1276	0	0	0	0.245341	134.232	0.639119	511.5	1	1	1	1	1	1	1	0
14.08.2015 08:54:57.173000	-0.00999999	-0.0214113	-0.0127401	126.633	675	-0.000542535	7	4	4	4	0.29303	425	62.1276	0	0	0	0.24511	134.219	0.645039	511.43	1	1	1	1	1	1	1	0
14.08.2015 08:54:57.273000	-0.00999999	-0.0214113	-0.0127401	126.633	675	-0.00108507	7	4	4	4	0.288661	425	62.1276	0	0	0	0.245819	134.205	0.650594	511.354	1	1	1	1	1	1	1	0
14.08.2015 08:54:57.373000	-0.00999999	-0.0214113	-0.0127401	126.633	675	-0.0016276	7	4	4	4	0.274705	425	62.1276	0	0	0	0.24537	134.187	0.649434	511.288	1	1	1	1	1	1	1	0
14.08.2015 08:54:57.473000	-0.00999999	-0.0214113	-0.0127401	126.63	675.026	-0.00180845	7	4	4	4	0.282177	425	62.1276	0	0	0	0.247208	134.172	0.651875	511.224	1	1	1	1	1	1	1	0
14.08.2015 08:54:57.573000	-0.00999999	-0.0214113	-0.0127401	126.629	675.039	-0.00379774	7	4	4	4	0.268347	425	62.1276	0	0	0	0.245602	134.151	0.650044	511.149	1	1	1	1	1	1	1	0
14.08.2015 08:54:57.673000	-0.00999999	-0.0214113	-0.0127401	126.615	675.023	-0.00289352	7	4	4	4	0.273865	425	62.1276	0	0	0	0.246976	134.139	0.65212	511.096	1	1	1	1	1	1	1	0
14.08.2015 08:54:57.773000	-0.00999999	-0.0214113	-0.0127401	126.602	675.047	-0.0016276	7	4	4	4	0.268324	425	62.1276	0	0	0	0.248915	134.127	0.657247	511.029	1	1	1	1	1	1	1	0
14.08.2015 08:54:57.873000	-0.00999999	-0.0214113	-0.0127401	126.589	675.029	-0.00108507	7	4	4	4	0.266438	425	62.1276	0	0	0	0.25149	134.11	0.66335	510.941	1	1	1	1	1	1	1	0
14.08.2015 08:54:57.973000	-0.00999999	-0.0214113	-0.0127401	126.578	675.047	-0.000542535	7	4	4	4	0.260319	425	62.1276	0	0	0	0.251563	134.096	0.66512	510.881	1	1	1	1	1	1	1	0
14.08.2015 08:54:58.073000	-0.00999999	-0.0214113	-0.0127401	126.57	675.023	-0.00072338	7	4	4	4	0.268982	425	62.1276	0	0	0	0.25327	134.079	0.667135	510.809	1	1	1	1	1	1	1	0
14.08.2015 08:54:58.173000	-0.00999999	-0.0214113	-0.0127401	126.57	675.027	0.00108507	7	4	4	4	0.270557	425	62.1276	0	0	0	0.253834	134.064	0.666952	510.752	1	1	1	1	1	1	1	0
14.08.2015 08:54:58.273000	-0.00999999	-0.0214113	-0.0127401	126.557	675.083	0.00144676	7	4	4	4	0.271707	425	62.1276	0	0	0	0.25447	134.05	0.666463	510.701	1	1	1	1	1	1	1	0
14.08.2015 08:54:58.373000	-0.00999999	-0.0214113	-0.0127401	126.555	675.082	0.0016276	7	4	4	4	0.263141	425	62.1276	0	0	0	0.254745	134.033	0.666219	510.635	1	1	1	1	1	1	1	0
14.08.2015 08:54:58.473000	-0.00999999	-0.0214113	-0.0127401	126.555	675.065	0.00072338	7	4	4	4	0.269425	425	62.1276	0	0	0	0.255498	134.016	0.670247	510.556	1	1	1	1	1	1	1	0
14.08.2015 08:54:58.573000	-0.00999999	-0.0214113	-0.0127401	126.563	675.074	0.00108507	7	4	4	4	0.267382	425	62.1276	0	0	0	0.257147	134.01	0.673299	510.52	1	1	1	1	1	1	1	0
14.08.2015 08:54:58.673000	-0.00999999	-0.0214113	-0.0127401	126.56	675.063	0.00036169	7	4	4	4	0.27126	425	62.1276	0	0	0	0.256756	133.992	0.672506	510.452	1	1	1	1	1	1	1	0
14.08.2015 08:54:58.773000	-0.00999999	-0.0214113	-0.0127401	126.563	675.09	-0.0016276	7	4	4	4	0.266908	425	62.1276	0	0	0	0.259071	133.977	0.673788	510.392	1	1	1	1	1	1	1	0
14.08.2015 08:54:58.873000	-0.00999999	-0.0214113	-0.0127401	126.557	675.068	-0.00144676	7	4	4	4	0.279315	425	62.1276	0	0	0	0.258203	133.962	0.676595	510.323	1	1	1	1	1	1	1	0
14.08.2015 08:54:58.973000	-0.00999999	-0.0214113	-0.0127401	126.559	675.066	0.000542535	7	4	4	4	0.265116	425	62.1276	0	0	0	0.260272	133.948	0.674459	510.278	1	1	1	1	1	1	1	0
14.08.2015 08:54:59.073000	-0.00999999	-0.0214113	-0.0127401	126.557	675.063	0.00072338	7	4	4	4	0.252083	425	62.1276	0	0	0	0.259216	133.935	0.678182	510.213	1	1	1	1	1	1	1	0
14.08.2015 08:54:59.173000	-0.00999999	-0.0214113	-0.0127401	126.559	675.059	0.000542535	7	4	4	4	0.281612	425	62.1276	0	0	0	0.259144	133.92	0.678304	510.156	1	1	1	1	1	1	1	0
14.08.2015 08:54:59.273000	-0.00999999	-0.0214113	-0.0127401	126.557	675.063	0.00072338	7	4	4	4	0.281157	425	62.1276	0	0	0	0.258304	133.904	0.676412	510.1	1	1	1	1	1	1	1	0
14.08.2015 08:54:59.373000	-0.00999999	-0.0214113	-0.0127401	126.563	675.063	0.00108507	7	4	4	4	0.28551	425	62.1276	0	0	0	0.257943	133.891	0.677389	510.049	1	1	1	1	1	1	1	0
14.08.2015 08:54:59.473000	-0.00999999	-0.0214113	-0.0127401	126.563	675.06	0.00036169	7	4	4	4	0.285788	425	62.1276	0	0	0	0.257682	133.878	0.677206	509.997	1	1	1	1	1	1	1	0
14.08.2015 08:54:59.573000	-0.00999999	-0.0214113	-0.0127401	126.566	675.059	0.000542535	7	4	4	4	0.282229	425	62.1276	0	0	0	0.257118	133.861	0.677816	509.933	1	1	1	1	1	1	1	0
14.08.2015 08:54:59.673000	-0.00999999	-0.0214113	-0.0127401	126.57	675.063	0.00108507	7	4	4	4	0.319058	425	62.1276	0	0	0	0.256734	133.858	0.676401	509.926	1	1	1	1	1	1	1	0
