Time	[76:0]	[76:1]	[76:2]	[76:4]	[76:8]	[76:70]	[76:71]	[78:0]	[78:1]	[78:2]	[79:2]	[79:3]	[79:4]	[79:8]	[79:9]	[79:10]	[79:11]	[79:12]	[79:13]	[79:14]	[79.0]	[79.1]	[79.2]	[79.3]	[79.4]	[79.5]	[79.6]	[79.8]
time	Hoogteverstelling - Referentie positie (mm)	Hoogteverstelling - AZ gemeten positie (mm)	Hoogteverstelling - BZ gemeten positie (mm)	Transfert Ingang - Gemeten positie (mm)	Transfert Uitgang - Gemeten positie (mm)	Aardgas - actueel debiet	Stappenschakelaar - gemeten pos	Laspos Ing - positie discreet	Laspos Uitg - positie discreet	Schaafverstelling - positie discreet	Stuikraam - Totale Stroommeting RMS-waarde (A)	Stuikraam - Stroomreferentie (A)	Stuikraam - Positie AZ (mm, pulsgever)	Stuikraam - Referentie Servo-ventiel (%)	Stuikraam - Trim door I-regelaar (%)	Stuikraam - Gemeten snelheid (mm/s, pulsgever)	Secundaire lasspanning	Stuikraam - Druk stuikcilinder voorkamer (=laszijde)  (bar)	Stuikraam - Druk stuikcilinder terugloopkamer  (bar)	Stuikraam - Netto voorwaartse kracht op stuikraam (kN)	Stuikraam - P1	Stuikraam - P2	Stuikraam - P3	Stuikraam - P4	Stuikraam - P5	Stuikraam - P6	Stuikraam - P7	Stuikraam - Openen stuikventielen	

Lasparameter.Ingang - Coil ID	0322636S
Lasparameter.Ingang - Dikte (um)	2470
Lasparameter.Ingang - Breedte (mm)	1278
Lasparameter.Ingang - Materiaal	0001
Lasparameter.Uitgang - Coil ID	0322635S
Lasparameter.Uitgang - Dikte (um)	2450
Lasparameter.Uitgang - Breedte (mm)	1277
Lasparameter.Uitgang - Materiaal	0001
Lasparameter.P2 (mm)	40.0
Lasparameter.P3 (mm)	50.0
Lasparameter.P4 (mm)	58.1
Lasparameter.P5 (mm)	62.5
Lasparameter.P6 (mm)	67.3
Lasparameter.P7 (mm)	70.1
Lasparameter.Vonksnelheid (mm/s)	1.20
Lasparameter.Lassnelheid (mm/s)	0.48
Lasparameter.Stroom Referentie (A)	0306
Lasparameter.Stroomtoename (µA/s2)	52.4
Lasparameter.Stuikstroomtijd (per)	0006
Lasparameter.Afkoeltijd Stuik (per)	0010
Lasparameter.Stuikdruk (bar)	0097
Lasparameter.Stuiksnelheid (%)	90.0

24.08.2015 01:46:17.216000	-0.00999999	-0.0214113	-0.00849238	0	-663.875	0.000542535	4	2	2	2	0.261354	306	0	0	0	0	0.211335	4.43117	123.925	-457.517	1	0	0	0	0	0	0	0
24.08.2015 01:46:17.316000	-0.00999999	-0.0214113	-0.00849238	0	-663.875	0.00108507	4	2	2	2	0.261453	306	0	0	0	0	0.20855	4.73574	123.906	-456.278	1	0	0	0	0	0	0	0
24.08.2015 01:46:17.416000	-0.00999999	-0.0214113	-0.00849238	0	-663.875	0.00036169	4	2	2	2	0.257096	306	0	0	0	0	0.210142	5.244	123.898	-454.302	1	0	0	0	0	0	0	0
24.08.2015 01:46:17.516000	-0.00999999	-0.0214113	-0.00849238	0	-663.875	0.000542535	4	2	2	2	0.236419	306	0	0	0	0	0.21072	4.21363	123.844	-458.042	1	0	0	0	0	0	0	0
24.08.2015 01:46:17.616000	-0.00999999	-0.0214113	-0.00849238	0	-663.88	0.00036169	4	2	2	2	0.219699	306	0	0	0	0	0.210178	4.47926	123.82	-456.931	1	0	0	0	0	0	0	0
24.08.2015 01:46:17.716000	-0.00999999	-0.0214113	-0.00849238	-0.0078125	-663.883	0	4	2	2	2	0.228707	306	0	0	0	0	0.210793	4.9144	123.805	-455.21	1	0	0	0	0	0	0	0
24.08.2015 01:46:17.816000	-0.00999999	-0.0214113	-0.00849238	-0.015625	-663.885	0.00036169	4	2	2	2	0.239058	306	0	0	0	0	0.210069	4.68117	123.772	-455.976	1	0	0	0	0	0	0	0
24.08.2015 01:46:17.916000	-0.00999999	-0.0214113	-0.00849238	-0.0195313	-663.887	0.00108507	4	2	2	2	0.256237	306	0	0	0	0	0.212637	6.89413	123.876	-447.9	1	0	0	0	0	0	0	0
24.08.2015 01:46:18.016000	-0.00999999	-0.0214113	-0.00849238	-0.0364583	-663.888	0.00036169	4	2	2	2	0.251526	306	0	0	0	0	0.210395	2.56154	123.722	-463.899	1	0	0	0	0	0	0	0
24.08.2015 01:46:18.116000	-0.00999999	-0.0214113	-0.00849238	-0.03125	-663.898	0.00108507	4	2	2	2	0.251782	306	0	0	0	0	0.212999	2.65316	123.675	-463.369	1	0	0	0	0	0	0	0
24.08.2015 01:46:18.216000	-0.00999999	-0.0214113	-0.00849238	-0.0260417	-663.891	0.00072338	4	2	2	2	0.245298	306	0	0	0	0	0.211155	5.06534	123.712	-454.274	1	0	0	0	0	0	0	0
24.08.2015 01:46:18.316000	-0.00999999	-0.0214113	-0.00849238	-0.0234375	-663.891	0.000542535	4	2	2	2	0.251116	306	0	0	0	0	0.214157	4.34938	123.7	-456.968	1	0	0	0	0	0	0	0
24.08.2015 01:46:18.416000	-0.00999999	-0.0214113	-0.00849238	-0.0234375	-663.893	-0.00036169	4	2	2	2	0.240006	306	0	0	0	0	0.212203	4.88534	123.671	-454.805	1	0	0	0	0	0	0	0
24.08.2015 01:46:18.516000	-0.00999999	-0.0214113	-0.00849238	-0.0273438	-663.891	0.00108507	4	2	2	2	0.239003	306	0	0	0	0	0.216797	5.77911	123.673	-451.394	1	0	0	0	0	0	0	0
24.08.2015 01:46:18.616000	-0.00999999	-0.0214113	-0.00849238	-0.0234375	-663.891	-0.00036169	4	2	2	2	0.257635	306	0	0	0	0	0.217195	4.62355	123.616	-455.598	1	0	0	0	0	0	0	0
24.08.2015 01:46:18.716000	-0.00999999	-0.0214113	-0.00849238	-0.0234375	-663.891	-0.0016276	4	2	2	2	0.255786	306	0	0	0	0	0.219582	5.90551	123.62	-450.706	1	0	0	0	0	0	0	0
24.08.2015 01:46:18.816000	-0.00999999	-0.0214113	-0.00849238	-0.0234375	-663.891	-0.00072338	4	2	2	2	0.234518	306	0	0	0	0	0.218786	4.58071	123.563	-455.56	1	0	0	0	0	0	0	0
24.08.2015 01:46:18.916000	-0.00999999	-0.0214113	-0.00849238	-0.0234375	-663.883	-0.00108507	4	2	2	2	0.264871	306	0	0	0	0	0.218244	5.51097	123.574	-452.039	1	0	0	0	0	0	0	0
24.08.2015 01:46:19.016000	-0.00999999	-0.0214113	-0.00849238	-0.0286458	-663.885	-0.00072338	4	2	2	2	0.248341	306	0	0	0	0	0.219365	3.55913	123.471	-459.12	1	0	0	0	0	0	0	0
24.08.2015 01:46:19.116000	-0.00999999	-0.0214113	-0.00849238	-0.0078125	-663.895	-0.0016276	4	2	2	2	0.241223	306	0	0	0	0	0.218714	2.72909	123.408	-462.057	1	0	0	0	0	0	0	0
24.08.2015 01:46:19.216000	-0.00999999	-0.0214113	-0.00849238	0.244792	-663.891	-0.00072338	4	2	2	2	0.232901	306	0	0	0	0	0.218244	4.32514	123.431	-456.034	1	0	0	0	0	0	0	0
24.08.2015 01:46:19.316000	-0.00999999	-0.0214113	-0.00849238	2.1875	-663.898	-0.0016276	4	2	2	2	0.246206	306	0	0	0	0	0.216616	4.55605	123.424	-455.123	1	0	0	0	0	0	0	0
24.08.2015 01:46:19.416000	-0.00999999	-0.0214113	-0.00849238	14.75	-663.898	-0.00144676	4	2	2	2	0.244286	306	0	0	0	0	0.220848	4.29939	123.386	-455.957	1	0	0	0	0	0	0	0
24.08.2015 01:46:19.516000	-0.00999999	-0.0214113	-0.00849238	31.875	-663.898	0.00108507	4	2	2	2	0.239972	306	0	0	0	0	0.21969	5.32517	123.388	-452.039	1	0	0	0	0	0	0	0
24.08.2015 01:46:19.616000	-0.00999999	-0.0214113	-0.00849238	52.1302	-663.898	0.00108507	4	2	2	2	0.238215	306	0	0	0	0	0.224284	4.24989	123.347	-456	1	0	0	0	0	0	0	0
24.08.2015 01:46:19.716000	-0.00999999	-0.0214113	-0.00849238	89.0039	-663.898	0.000542535	4	2	2	2	0.231756	306	0	0	0	0	0.222837	4.66982	123.328	-454.318	1	0	0	0	0	0	0	0
24.08.2015 01:46:19.816000	-0.00999999	-0.0214113	-0.00849238	120.039	-663.898	0.00072338	4	2	2	2	0.233063	306	0	0	0	0	0.225297	4.20539	123.293	-455.964	1	0	0	0	0	0	0	0
24.08.2015 01:46:19.916000	-0.00999999	-0.0214113	-0.00849238	155.199	-663.898	0.00108507	4	2	2	2	0.239688	306	0	0	0	0	0.22555	4.56508	123.278	-454.526	1	0	0	0	0	0	0	0
24.08.2015 01:46:20.016000	-0.00999999	-0.0214113	-0.00849238	201.224	-663.898	-0.00108507	4	2	2	2	0.265464	306	0	0	0	0	0.229673	4.89242	123.279	-453.277	1	0	0	0	0	0	0	0
24.08.2015 01:46:20.116000	-0.00999999	-0.0214113	-0.00849238	255	-663.898	-0.00108507	4	2	2	2	0.260954	306	0	0	0	0	0.230505	4.42122	123.389	-455.503	1	0	0	0	0	0	0	0
24.08.2015 01:46:20.216000	-0.00999999	-0.0214113	-0.00849238	297.734	-663.898	-0.00180845	4	2	2	2	0.229005	306	0	0	0	0	0.233326	4.55635	123.519	-455.485	1	0	0	0	0	0	0	0
24.08.2015 01:46:20.316000	-0.00999999	-0.0214113	-0.00849238	340.32	-663.898	-0.0016276	4	2	2	2	0.256017	306	0	0	0	0	0.239005	4.73025	123.668	-455.39	1	0	0	0	0	0	0	0
24.08.2015 01:46:20.416000	-0.00999999	-0.0214113	-0.00849238	394.328	-663.898	-0.00072338	4	2	2	2	0.239361	306	0	0	0	0	0.244032	4.4402	123.889	-457.345	1	0	0	0	0	0	0	0
24.08.2015 01:46:20.516000	-0.00999999	-0.0214113	-0.00849238	442.039	-663.898	0	4	2	2	2	0.236205	306	0	0	0	0	0.249421	4.40297	124.856	-461.189	1	0	0	0	0	0	0	0
24.08.2015 01:46:20.616000	-0.00999999	-0.0214113	-0.00849238	477.495	-663.898	0.00108507	4	2	2	2	0.250609	306	0	0	0	0	0.25293	4.37465	125.063	-462.091	1	0	0	0	0	0	0	0
24.08.2015 01:46:20.716000	-0.00999999	-0.0214113	-0.00849238	500.648	-663.898	0	4	2	2	2	0.247957	306	0	0	0	0	0.25821	4.25678	125.1	-462.685	1	0	0	0	0	0	0	0
24.08.2015 01:46:20.816000	-0.00999999	-0.0214113	-0.00849238	518.497	-663.904	-0.00144676	4	2	2	2	0.243462	306	0	0	0	0	0.260742	4.46368	125.503	-463.435	1	0	0	0	0	0	0	0
24.08.2015 01:46:20.916000	-0.00999999	-0.0214113	-0.00849238	536.285	-663.906	-0.0016276	4	2	2	2	0.252105	306	0	0	0	0	0.26501	4.47948	125.807	-464.539	1	0	0	0	0	0	0	0
24.08.2015 01:46:21.016000	-0.00999999	-0.0214113	-0.00849238	552.096	-663.906	0	4	2	2	2	0.235898	306	0	0	0	0	0.266746	4.4004	125.958	-465.423	1	0	0	0	0	0	0	0
24.08.2015 01:46:21.116000	-0.00999999	-0.0214113	-0.00849238	567.547	-663.906	0	4	2	2	2	0.24462	306	0	0	0	0	0.270103	4.56697	126.161	-465.558	1	0	0	0	0	0	0	0
24.08.2015 01:46:21.216000	-0.00999999	-0.0214113	-0.00849238	589.023	-663.906	-0.00108507	4	2	2	2	0.242201	306	0	0	0	0	0.271542	4.48585	126.389	-466.742	1	0	0	0	0	0	0	0
24.08.2015 01:46:21.316000	-0.00999999	-0.0214113	-0.00849238	603.469	-663.906	-0.0016276	4	2	2	2	0.227617	306	0	0	0	0	0.273727	4.37318	126.634	-468.114	1	0	0	0	0	0	0	0
24.08.2015 01:46:21.416000	-0.00999999	-0.0214113	-0.00849238	618.221	-663.906	-0.00144676	4	2	2	2	0.249089	306	0	0	0	0	0.274884	4.44081	126.8	-468.49	1	0	0	0	0	0	0	0
24.08.2015 01:46:21.516000	-0.00999999	-0.0214113	-0.00849238	635.168	-663.91	-0.0016276	4	2	2	2	0.248153	306	0	0	0	0	0.275723	4.45717	126.807	-468.455	1	0	0	0	0	0	0	0
24.08.2015 01:46:21.616000	-0.00999999	-0.0214113	-0.00849238	651.109	-663.911	-0.00108507	4	2	2	2	0.258392	306	0	0	0	0	0.27173	4.42824	127.203	-470.08	1	0	0	0	0	0	0	0
24.08.2015 01:46:21.716000	-0.00999999	-0.0214113	-0.00849238	663.746	-663.914	-0.00108507	4	2	2	2	0.250957	306	0	0	0	0	0.26603	4.41322	127.601	-471.663	1	0	0	0	0	0	0	0
24.08.2015 01:46:21.816000	-0.00999999	-0.0214113	-0.00849238	675.24	-663.914	-0.00108507	4	2	2	2	0.242662	306	0	0	0	0	0.260359	4.43025	127.592	-471.562	1	0	0	0	0	0	0	0
24.08.2015 01:46:21.916000	-0.00999999	-0.0214113	-0.00849238	689.379	-663.914	-0.00108507	4	2	2	2	0.252746	306	0	0	0	0	0.255324	4.39418	127.648	-471.913	1	0	0	0	0	0	0	0
24.08.2015 01:46:22.016000	-0.00999999	-0.0214113	-0.00849238	696.646	-663.914	-0.00108507	4	2	2	2	0.227769	306	0	0	0	0	0.256424	4.35743	127.775	-472.541	1	0	0	0	0	0	0	0
24.08.2015 01:46:22.116000	-0.00999999	-0.0214113	-0.00849238	701.32	-663.914	-0.000542535	4	2	2	2	0.234051	306	0	0	0	0	0.257031	4.32777	128.066	-473.768	1	0	0	0	0	0	0	0
24.08.2015 01:46:22.216000	-0.00999999	-0.0214113	-0.00849238	702.479	-663.914	-0.00253183	4	2	2	2	0.247033	306	0	0	0	0	0.257899	4.39283	128.314	-474.469	1	0	0	0	0	0	0	0
24.08.2015 01:46:22.316000	-0.00999999	-0.0214113	-0.00849238	703.055	-663.914	0.000542535	4	2	2	2	0.260744	306	0	0	0	0	0.254977	4.39259	128.488	-475.138	1	0	0	0	0	0	0	0
24.08.2015 01:46:22.416000	-0.00999999	-0.0214113	-0.00849238	703.055	-663.914	-0.00144676	4	2	2	2	0.242816	306	0	0	0	0	0.253356	4.37153	128.632	-475.77	1	0	0	0	0	0	0	0
24.08.2015 01:46:22.516000	-0.00999999	-0.0214113	-0.00849238	703.055	-663.914	-0.00108507	4	2	2	2	0.259498	306	0	0	0	0	0.24864	4.7101	128.783	-475.049	1	0	0	0	0	0	0	0
24.08.2015 01:46:22.616000	-0.00999999	-0.0214113	-0.00849238	703.055	-663.914	-0.00072338	4	2	2	2	0.248455	306	0	0	0	0	0.245689	4.88015	128.955	-475.058	1	0	0	0	0	0	0	0
24.08.2015 01:46:22.716000	-0.00999999	-0.0214113	-0.00849238	703.055	-663.914	-0.00108507	4	2	2	2	0.251476	306	0	0	0	0	0.24375	4.4731	129.106	-477.194	1	0	0	0	0	0	0	0
24.08.2015 01:46:22.816000	-0.00999999	-0.0214113	-0.00849238	703.055	-663.914	-0.00144676	4	2	2	2	0.239474	306	0	0	0	0	0.241551	4.45631	129.107	-477.261	1	0	0	0	0	0	0	0
24.08.2015 01:46:22.916000	-0.00999999	-0.0214113	-0.00849238	703.055	-663.922	-0.00108507	4	2	2	2	0.265098	306	0	0	0	0	0.240365	4.50752	129.289	-477.764	1	0	0	0	0	0	0	0
24.08.2015 01:46:23.016000	-0.00999999	-0.0214113	-0.00849238	703.055	-663.922	-0.00108507	4	2	2	2	0.246659	306	0	0	0	0	0.237703	4.37941	129.787	-480.161	1	0	0	0	0	0	0	0
24.08.2015 01:46:23.116000	-0.00999999	-0.0214113	-0.00849238	703.055	-663.922	-0.00217014	4	2	2	2	0.244919	306	0	0	0	0	0.238079	4.47249	129.778	-479.77	1	0	0	0	0	0	0	0
24.08.2015 01:46:23.216000	-0.00999999	-0.0214113	-0.00849238	703.055	-663.922	-0.00108507	4	2	2	2	0.25408	306	0	0	0	0	0.235822	4.56728	129.789	-479.45	1	0	0	0	0	0	0	0
24.08.2015 01:46:23.316000	-0.00999999	-0.0214113	-0.00849238	703.055	-663.922	-0.0016276	4	2	2	2	0.241809	306	0	0	0	0	0.235127	4.52858	129.801	-479.645	1	0	0	0	0	0	0	0
24.08.2015 01:46:23.416000	-0.00999999	-0.0214113	-0.00849238	703.055	-663.922	-0.00072338	4	2	2	2	0.242853	306	0	0	0	0	0.232118	4.49879	129.861	-479.986	1	0	0	0	0	0	0	0
24.08.2015 01:46:23.516000	-0.00999999	-0.0214113	-0.00849238	703.055	-663.922	-0.000542535	4	2	2	2	0.255704	306	0	0	0	0	0.232407	4.48067	130.078	-480.888	1	0	0	0	0	0	0	0
24.08.2015 01:46:23.616000	-0.00999999	-0.0214113	-0.00849238	703.055	-663.922	0.00108507	4	2	2	2	0.236482	306	0	0	0	0	0.229919	4.51723	130.279	-481.515	1	0	0	0	0	0	0	0
24.08.2015 01:46:23.716000	-0.00999999	-0.0214113	-0.00849238	703.059	-663.922	0.00108507	4	2	2	2	0.238134	306	0	0	0	0	0.228356	4.50069	130.333	-481.786	1	0	0	0	0	0	0	0
24.08.2015 01:46:23.816000	-0.00999999	-0.0214113	-0.00849238	703.055	-663.922	0	4	2	2	2	0.221857	306	0	0	0	0	0.225926	4.52504	130.357	-481.786	1	0	0	0	0	0	0	0
24.08.2015 01:46:23.916000	-0.00999999	-0.0214113	-0.00849238	703.059	-663.922	0.000542535	4	2	2	2	0.2328	306	0	0	0	0	0.225289	4.12348	130.456	-483.702	1	0	0	0	0	0	0	0
24.08.2015 01:46:24.016000	-0.00999999	-0.0214113	-0.00849238	703.07	-663.927	-0.00072338	4	2	2	2	0.236423	306	0	0	0	0	0.222512	4.01477	130.236	-483.276	1	0	0	0	0	0	0	0
24.08.2015 01:46:24.116000	-0.00999999	-0.0214113	-0.00849238	703.07	-663.93	-0.00108507	4	2	2	2	0.258525	306	0	0	0	0	0.219531	4.45998	129.093	-477.194	1	0	0	0	0	0	0	0
24.08.2015 01:46:24.216000	-0.00999999	-0.0214113	-0.00849238	703.07	-663.93	-0.00144676	4	2	2	2	0.263414	306	0	0	0	0	0.219242	5.06906	131.224	-483.023	1	0	0	0	0	0	0	0
24.08.2015 01:46:24.316000	-0.00999999	-0.0214113	-0.00849238	703.082	-663.93	-0.00108507	4	2	2	2	0.252343	306	0	0	0	0	0.216927	5.71209	131.458	-481.454	1	0	0	0	0	0	0	0
24.08.2015 01:46:24.416000	-0.00999999	-0.0214113	-0.00849238	703.086	-663.924	-0.00072338	4	2	2	2	0.251049	306	0	0	0	0	0.217853	4.41957	130.658	-483.341	1	0	0	0	0	0	0	0
24.08.2015 01:46:24.516000	-0.00999999	-0.0214113	-0.00849238	703.086	-663.93	-0.000542535	4	2	2	2	0.252786	306	0	0	0	0	0.214178	4.70333	129.967	-479.61	1	0	0	0	0	0	0	0
24.08.2015 01:46:24.616000	-0.00999999	-0.0214113	-0.00849238	703.086	-663.927	-0.00108507	4	2	2	2	0.231772	306	0	0	0	0	0.215683	5.12088	129.799	-477.368	1	0	0	0	0	0	0	0
24.08.2015 01:46:24.716000	-0.00999999	-0.0214113	-0.00849238	703.086	-663.926	-0.000542535	4	2	2	2	0.243133	306	0	0	0	0	0.213137	4.80013	129.818	-478.668	1	0	0	0	0	0	0	0
24.08.2015 01:46:24.816000	-0.00999999	-0.0214113	-0.00849238	703.086	-663.927	-0.00144676	4	2	2	2	0.239676	306	0	0	0	0	0.213831	4.66506	129.804	-479.132	1	0	0	0	0	0	0	0
24.08.2015 01:46:24.916000	-0.00999999	-0.0214113	-0.00849238	703.086	-663.93	0	4	2	2	2	0.239759	306	0	0	0	0	0.211545	5.04196	129.73	-477.405	1	0	0	0	0	0	0	0
24.08.2015 01:46:25.016000	-0.00999999	-0.0214113	-0.00849238	703.086	-663.93	-0.00108507	4	2	2	2	0.230999	306	0	0	0	0	0.213802	4.87442	129.552	-477.367	1	0	0	0	0	0	0	0
24.08.2015 01:46:25.116000	-0.00999999	-0.0214113	-0.00849238	703.086	-663.926	-0.00108507	4	2	2	2	0.248497	306	0	0	0	0	0.212674	4.73763	129.304	-476.94	1	0	0	0	0	0	0	0
24.08.2015 01:46:25.216000	-0.00999999	-0.0214113	-0.00849238	703.086	-663.927	-0.00144676	4	2	2	2	0.239957	306	0	0	0	0	0.212384	4.67519	129.154	-476.606	1	0	0	0	0	0	0	0
24.08.2015 01:46:25.316000	-0.00999999	-0.0214113	-0.00849238	703.086	-663.93	-0.00108507	4	2	2	2	0.240466	306	0	0	0	0	0.212384	4.15253	129.15	-478.591	1	0	0	0	0	0	0	0
24.08.2015 01:46:25.416000	-0.00999999	-0.0214113	-0.00849238	703.083	-663.93	0	4	2	2	2	0.245699	306	0	0	0	0	0.212558	11.3689	120.373	-417.354	1	0	0	0	0	0	0	0
24.08.2015 01:46:25.516000	-0.00999999	-0.0214113	-0.00849238	702.953	-663.93	0.00108507	4	2	2	2	0.256813	306	0.363613	0	0	7.69152	0.213079	99.057	96.94	8.1056	1	0	0	0	0	0	0	0
24.08.2015 01:46:25.616000	-0.00999999	-0.0214113	-0.00849238	697.563	-663.922	0.00072338	4	2	2	2	0.244797	306	2.75421	0	0	30.7878	0.210475	112.953	85.2546	106.051	1	0	0	0	0	0	0	0
24.08.2015 01:46:25.716000	-0.00999999	-0.0214113	-0.00849238	683.398	-663.922	0.00108507	4	2	2	2	0.245086	306	6.11228	0	0	34.6635	0.213137	111.389	84.9557	101.206	1	0	0	0	0	0	0	0
24.08.2015 01:46:25.816000	-0.00999999	-0.0214113	-0.00849238	668.182	-663.922	0.00108507	4	2	2	2	0.250647	306	9.59322	0	0	34.9084	0.211806	113.925	87.6113	100.75	1	0	0	0	0	0	0	0
24.08.2015 01:46:25.916000	-0.00999999	-0.0214113	-0.00849238	647.73	-663.93	0.00108507	4	2	2	2	0.237055	306	13.0896	0	0	34.9199	0.213889	117.571	91.6365	99.298	1	0	0	0	0	0	0	0
24.08.2015 01:46:26.016000	-0.00999999	-0.0214113	-0.00849238	611.432	-663.93	0.00036169	4	2	2	2	0.236458	306	16.5556	0	0	34.5877	0.212558	120.243	94.4735	98.6652	1	0	0	0	0	0	0	0
24.08.2015 01:46:26.116000	-0.00999999	-0.0214113	-0.00849238	582.469	-663.93	0.000542535	4	2	2	2	0.253051	306	19.9848	0	0	34.6083	0.216146	120.934	95.2162	98.4703	1	0	0	0	0	0	0	0
24.08.2015 01:46:26.216000	-0.00999999	-0.0214113	-0.00849238	548.81	-663.93	0.00180845	4	2	2	2	0.238348	306	23.4065	0	0	34.2861	0.21684	120.803	95.2931	97.6715	1	0	0	0	0	0	0	0
24.08.2015 01:46:26.316000	-0.00999999	-0.0214113	-0.00849238	503.063	-663.93	0.000542535	4	2	2	2	0.267667	306	26.8154	0	0	34.296	0.218027	120.57	95.1153	97.4593	1	0	0	0	0	0	0	0
24.08.2015 01:46:26.416000	-0.00999999	-0.0214113	-0.00849238	455.359	-663.93	0.00144676	4	2	2	2	0.259131	306	30.2426	0	0	34.4076	0.219242	120.916	95.5445	97.1429	1	0	0	0	0	0	0	0
24.08.2015 01:46:26.516000	-0.00999999	-0.0214113	-0.00849238	417.16	-663.934	0.00108507	4	2	2	2	0.240875	306	33.6763	0	0	34.4379	0.220747	121.655	96.452	96.4974	1	0	0	0	0	0	0	0
24.08.2015 01:46:26.616000	-0.00999999	-0.0214113	-0.00849238	381.911	-663.93	0.00036169	4	2	2	2	0.239908	306	37.09	0	0	34.3563	0.223061	122.63	97.4991	96.2221	1	0	0	0	0	0	0	0
24.08.2015 01:46:26.716000	-0.00999999	-0.0214113	-0.00849238	335.348	-663.938	0.00108507	4	2	2	2	0.239938	306	40.5466	18.5	0	37.2302	0.221875	122.023	94.4572	105.544	1	0.64	0	0	0	0	0	0
24.08.2015 01:46:26.816000	-0.00999999	-0.0214113	-0.00849238	303.646	-663.938	0.00036169	4	2	2	2	0.227488	306	45.0691	50	0	45.2893	0.225231	107.901	87.8562	76.7487	1	1	0	0	0	0	0	0
24.08.2015 01:46:26.916000	-0.00999999	-0.0214113	-0.00849238	274.441	-663.934	0.00108507	4	2	2	2	0.232633	306	47.6353	47.92	0	16.2468	0.225376	88.5141	65.096	89.6631	1	1	0	0	0	0	0	0
24.08.2015 01:46:27.016000	-0.00999999	-0.0214113	-0.00849238	247.211	-663.951	0.00072338	4	2	2	2	0.244106	306	48.8246	38.5502	0	10.9113	0.227459	62.5567	38.6139	91.672	1	1	0	0	0	0	0	0
24.08.2015 01:46:27.116000	-0.00999999	-0.0214113	-0.00849238	225.777	-663.969	0.00108507	4	2	2	2	0.234214	306	49.6817	28.5503	0	8.36958	0.226215	52.7233	28.6221	92.2787	1	1	0	0	0	0	0	0
24.08.2015 01:46:27.216000	-0.00999999	-0.0214113	-0.00849238	209.081	-663.958	0.00036169	4	2	2	2	49.3778	306	50.2199	12.062	0	5.372	0.251447	47.6119	23.6547	91.7274	1	1	1	0	0	0	0	0
24.08.2015 01:46:27.316000	-0.00999999	-0.0214113	-0.00849238	190.551	-663.953	0.000542535	4	2	2	2	85.9389	306	50.4	5.59952	0	4.52224	6.37578	46.1162	21.2644	95.1522	1	1	1	0	0	0	0	0
24.08.2015 01:46:27.416000	-0.00999999	-0.0214113	-0.00849238	169.745	-663.958	0	4	2	2	2	86.0088	306	50.5343	5.59952	0	2.53413	10.6423	45.0647	20.2572	94.9828	1	1	1	0	0	0	0	0
24.08.2015 01:46:27.516000	-0.00999999	-0.0214113	-0.00849238	150.852	-663.961	0.00108507	4	2	2	2	85.9819	306	50.6686	5.59952	0	1.3665	11.5014	44.4132	19.5945	95.0256	1	1	1	0	0	0	0	0
24.08.2015 01:46:27.616000	-0.00999999	-0.0214113	-0.00849238	138.87	-663.961	-0.00036169	4	2	2	2	86.0542	306	50.7914	5.59952	0	1.32904	11.7798	43.9064	19.0511	95.1658	1	1	1	0	0	0	0	0
24.08.2015 01:46:27.716000	-0.00999999	-0.0214113	-0.00849238	132.664	-663.969	-0.00108507	4	2	2	2	86.1444	306	50.9242	5.59952	0	1.31588	11.8793	43.4327	18.6203	95.002	1	1	1	0	0	0	0	0
24.08.2015 01:46:27.816000	-0.00999999	-0.0214113	-0.00849238	126.745	-663.964	-0.00108507	4	2	2	2	86.1963	306	51.0441	5.59952	0	1.2888	11.9051	43.0948	18.3683	94.6727	1	1	1	0	0	0	0	0
24.08.2015 01:46:27.916000	-0.00999999	-0.0214113	-0.00849238	123.188	-663.969	-0.000542535	4	2	2	2	86.3596	306	51.1695	5.59952	0	1.28203	11.9227	42.8868	18.1768	94.6098	1	1	1	0	0	0	0	0
24.08.2015 01:46:28.016000	-0.00999999	-0.0214113	-0.00849238	125.049	-663.969	0.00108507	4	2	2	2	86.5258	306	51.2864	5.59952	0	1.21669	11.9259	42.7598	17.9629	94.9424	1	1	1	0	0	0	0	0
24.08.2015 01:46:28.116000	-0.00999999	-0.0214113	-0.00849238	126.566	-663.973	0.00108507	4	2	2	2	86.7039	306	51.4048	5.59952	0	1.19	11.9367	42.5965	17.835	94.8068	1	1	1	0	0	0	0	0
24.08.2015 01:46:28.216000	-0.00999999	-0.0214113	-0.00849238	126.125	-663.974	0.00036169	4	2	2	2	86.7739	306	51.5241	5.59952	0	1.19732	11.9479	42.4912	17.7936	94.5621	1	1	1	0	0	0	0	0
24.08.2015 01:46:28.316000	-0.00999999	-0.0214113	-0.00849238	126.391	-663.977	0	4	2	2	2	86.8857	306	51.6375	5.59952	0	1.20144	11.9578	42.4105	17.7398	94.4591	1	1	1	0	0	0	0	0
24.08.2015 01:46:28.416000	-0.00999999	-0.0214113	-0.00849238	126.349	-663.977	0.00180845	4	2	2	2	86.8032	306	51.7559	5.59952	0	1.18421	11.961	42.3598	17.6532	94.5963	1	1	1	0	0	0	0	0
24.08.2015 01:46:28.516000	-0.00999999	-0.0214113	-0.00849238	126.344	-663.98	0.00108507	4	2	2	2	86.8386	306	51.8763	5.59952	0	1.16765	11.9637	42.3117	17.5979	94.6238	1	1	1	0	0	0	0	0
24.08.2015 01:46:28.616000	-0.00999999	-0.0214113	-0.00849238	126.344	-663.984	0.00036169	4	2	2	2	86.8101	306	51.9892	5.59952	0	1.16564	11.9655	42.2939	17.595	94.5673	1	1	1	0	0	0	0	0
24.08.2015 01:46:28.716000	-0.00999999	-0.0214113	-0.00849238	126.344	-663.984	0.000542535	4	2	2	2	86.6856	306	52.1126	5.59952	0	1.16222	11.9588	42.2664	17.5996	94.4444	1	1	1	0	0	0	0	0
24.08.2015 01:46:28.816000	-0.00999999	-0.0214113	-0.00849238	126.346	-663.984	0.00072338	4	2	2	2	86.7282	306	52.2275	5.59952	0	1.16817	11.9582	42.2537	17.5876	94.4416	1	1	1	0	0	0	0	0
24.08.2015 01:46:28.916000	-0.00999999	-0.0214113	-0.00849238	126.344	-663.984	0.00108507	4	2	2	2	86.7349	306	52.3449	5.59952	0	1.18427	11.9602	42.2343	17.5794	94.3988	1	1	1	0	0	0	0	0
24.08.2015 01:46:29.016000	-0.00999999	-0.0214113	-0.00849238	126.344	-663.99	0.00036169	4	2	2	2	86.593	306	52.4687	5.59952	0	1.18911	11.9579	42.2347	17.5762	94.4123	1	1	1	0	0	0	0	0
24.08.2015 01:46:29.116000	-0.00999999	-0.0214113	-0.00849238	126.344	-663.992	-0.00108507	4	2	2	2	86.538	306	52.5836	5.59952	0	1.2073	11.9552	42.2272	17.5846	94.3516	1	1	1	0	0	0	0	0
24.08.2015 01:46:29.216000	-0.00999999	-0.0214113	-0.00849238	126.344	-663.992	-0.00108507	4	2	2	2	86.6135	306	52.7065	5.59952	0	1.20478	11.9619	42.2445	17.6332	94.2317	1	1	1	0	0	0	0	0
24.08.2015 01:46:29.316000	-0.00999999	-0.0214113	-0.00849238	126.344	-663.992	-0.00108507	4	2	2	2	86.5339	306	52.8239	5.59952	0	1.18436	11.9632	42.2268	17.6592	94.0646	1	1	1	0	0	0	0	0
24.08.2015 01:46:29.416000	-0.00999999	-0.0214113	-0.00849238	126.344	-663.995	-0.00144676	4	2	2	2	86.556	306	52.9398	5.59952	0	1.18436	11.9595	42.1923	17.6583	93.9356	1	1	1	0	0	0	0	0
24.08.2015 01:46:29.516000	-0.00999999	-0.0214113	-0.00849238	126.344	-663.992	-0.0016276	4	2	2	2	86.449	306	53.0631	5.59952	0	1.17872	11.954	42.1616	17.6422	93.88	1	1	1	0	0	0	0	0
24.08.2015 01:46:29.616000	-0.00999999	-0.0214113	-0.00849238	126.344	-664	-0.00036169	4	2	2	2	86.3041	306	53.1781	5.59952	0	1.17872	11.9583	42.1478	17.6254	93.8914	1	1	1	0	0	0	0	0
24.08.2015 01:46:29.716000	-0.00999999	-0.0214113	-0.00849238	126.344	-664	0.00108507	4	2	2	2	86.4472	306	53.2989	5.59952	0	1.19988	11.9535	42.1275	17.6138	93.858	1	1	1	0	0	0	0	0
24.08.2015 01:46:29.816000	-0.00999999	-0.0214113	-0.00849238	126.349	-664	0.00108507	4	2	2	2	86.4184	306	53.4183	5.59952	0	1.20148	11.9632	42.1249	17.6087	93.8678	1	1	1	0	0	0	0	0
24.08.2015 01:46:29.916000	-0.00999999	-0.0214113	-0.00849238	126.344	-664	0	4	2	2	2	86.4284	306	53.5352	5.59952	0	1.19177	11.9627	42.1151	17.6059	93.8407	1	1	1	0	0	0	0	0
24.08.2015 01:46:30.016000	-0.00999999	-0.0214113	-0.00849238	126.344	-664	0.00072338	4	2	2	2	95.1111	306	53.66	5.59952	0	1.18992	11.9666	42.1207	17.6138	93.8323	1	1	1	0	0	0	0	0
24.08.2015 01:46:30.116000	-0.00999999	-0.0214113	-0.00849238	126.344	-664	-0.0016276	4	2	2	2	110.519	306	53.775	5.59952	0	1.18997	11.9656	42.1176	17.6179	93.8045	1	1	1	0	0	0	0	0
24.08.2015 01:46:30.216000	-0.00999999	-0.0214113	-0.00849238	126.349	-664	-0.00108507	4	2	2	2	136.648	306	53.8953	5.59952	0	1.18999	11.8759	42.1272	17.61	93.8713	1	1	1	0	0	0	0	0
24.08.2015 01:46:30.316000	-0.00999999	-0.0214113	-0.00849238	126.344	-664	-0.0016276	4	2	2	2	318.441	306	54.0147	5.59952	0	1.18995	11.5745	42.135	17.5915	93.9721	1	1	1	0	0	0	0	0
24.08.2015 01:46:30.416000	-0.00999999	-0.0214113	-0.00849238	126.344	-664.008	-0.00072338	4	2	2	2	324.479	306	54.1311	5.59952	0	1.18992	11.1199	42.1475	17.6031	93.9756	1	1	1	0	0	0	0	0
24.08.2015 01:46:30.516000	-0.00999999	-0.0214113	-0.00849238	126.352	-664.008	-0.00217014	4	2	2	2	435.01	306	54.255	5.59952	0	1.19677	10.9612	42.1555	17.602	94.0101	1	1	1	0	0	0	0	0
24.08.2015 01:46:30.616000	-0.00999999	-0.0214113	-0.00849238	126.344	-664.008	0.00072338	4	2	2	2	498.324	306	54.3709	5.59952	0	1.20152	10.8663	42.171	17.6056	94.0557	1	1	1	0	0	0	0	0
24.08.2015 01:46:30.716000	-0.00999999	-0.0214113	-0.00849238	126.344	-664.008	-0.0016276	4	2	2	2	676.168	306	54.4897	5.59952	0	1.19307	10.8295	42.1821	17.6005	94.1184	1	1	1	0	0	0	0	0
24.08.2015 01:46:30.816000	-0.00999999	-0.0214113	-0.00849238	126.344	-664.008	-0.00144676	4	2	2	2	396.54	306	54.6106	5.59952	0	1.18426	10.8543	42.1791	17.6331	93.9819	1	1	1	0	0	0	0	0
24.08.2015 01:46:30.916000	-0.00999999	-0.0214113	-0.00849238	126.348	-664.008	-0.00379774	4	2	2	2	273.495	306	54.726	5.59952	0	1.18209	10.9795	42.1865	17.6384	93.9901	1	1	1	0	0	0	0	0
24.08.2015 01:46:31.016000	-0.00999999	-0.0214113	-0.00849238	126.346	-664.01	-0.00470197	4	2	2	2	706.757	306	54.8469	5.59952	0	1.17856	11.0105	42.2041	17.6201	94.1272	1	1	1	0	0	0	0	0
24.08.2015 01:46:31.116000	-0.00999999	-0.0214113	-0.00849238	126.344	-664.008	-0.00434028	4	2	2	2	557.633	306	54.9633	5.59952	0	1.17863	10.9087	42.2038	17.6453	94.0387	1	1	1	0	0	0	0	0
24.08.2015 01:46:31.216000	-0.00999999	-0.0214113	-0.00849238	126.346	-664.013	-0.00470197	4	2	2	2	430.982	306	55.0787	5.59952	0	1.17881	11.0021	42.2122	17.6554	94.018	1	1	1	0	0	0	0	0
24.08.2015 01:46:31.316000	-0.00999999	-0.0214113	-0.00849238	126.344	-664.012	-0.00434028	4	2	2	2	607.163	306	55.2016	5.59952	0	1.17975	11.0427	42.2353	17.6476	94.1413	1	1	1	0	0	0	0	0
24.08.2015 01:46:31.416000	-0.00999999	-0.0214113	-0.00849238	126.346	-664.01	-0.00506366	4	2	2	2	463.175	306	55.317	5.59952	0	1.18431	11.0786	42.2337	17.675	94.0302	1	1	1	0	0	0	0	0
24.08.2015 01:46:31.516000	-0.00999999	-0.0214113	-0.00849238	126.344	-664.012	-0.00488281	4	2	2	2	375.305	306	55.4368	5.59952	0	1.18534	11.1225	42.2136	17.701	93.8536	1	1	1	0	0	0	0	0
24.08.2015 01:46:31.616000	-0.00999999	-0.0214113	-0.00849238	126.349	-664.016	-0.00325521	4	2	2	2	484.935	306	55.5567	5.59952	0	1.19571	11.1815	42.1908	17.7183	93.7197	1	1	1	0	0	0	0	0
24.08.2015 01:46:31.716000	-0.00999999	-0.0214113	-0.00849238	126.348	-664.016	-0.00217014	4	2	2	2	386.932	306	55.6761	5.59952	0	1.19583	11.1693	42.2042	17.7183	93.7356	1	1	1	0	0	0	0	0
24.08.2015 01:46:31.816000	-0.00999999	-0.0214113	-0.00849238	126.346	-664.016	-0.00108507	4	2	2	2	497.481	306	55.8004	5.59952	0	1.20149	11.1542	42.2	17.7064	93.7851	1	1	1	0	0	0	0	0
24.08.2015 01:46:31.916000	-0.00999999	-0.0214113	-0.00849238	126.344	-664.016	-0.0016276	4	2	2	2	564.775	306	55.9173	5.59952	0	1.20149	11.119	42.2104	17.7084	93.8134	1	1	1	0	0	0	0	0
24.08.2015 01:46:32.016000	-0.00999999	-0.0214113	-0.00849238	126.346	-664.016	-0.00108507	4	2	2	2	335.334	306	56.0422	5.59952	0	1.20147	11.1398	42.187	17.7203	93.6715	1	1	1	0	0	0	0	0
24.08.2015 01:46:32.116000	-0.00999999	-0.0214113	-0.00849238	126.344	-664.016	-0.00108507	4	2	2	2	276.04	306	56.1586	5.59952	0	1.20147	11.1762	42.1989	17.7231	93.7131	1	1	1	0	0	0	0	0
24.08.2015 01:46:32.216000	-0.00999999	-0.0214113	-0.00849238	126.349	-664.016	-0.00108507	4	2	2	2	456.578	306	56.2785	5.59952	0	1.20149	11.1462	42.2021	17.7174	93.747	1	1	1	0	0	0	0	0
24.08.2015 01:46:32.316000	-0.00999999	-0.0214113	-0.00849238	126.348	-664.016	-0.00108507	4	2	2	2	446.226	306	56.3993	5.59952	0	1.2015	11.1177	42.2055	17.7228	93.7391	1	1	1	0	0	0	0	0
24.08.2015 01:46:32.416000	-0.00999999	-0.0214113	-0.00849238	126.349	-664.016	-0.00108507	4	2	2	2	280.818	306	56.5167	5.59952	0	1.20149	11.1412	42.2037	17.7334	93.6918	1	1	1	0	0	0	0	0
24.08.2015 01:46:32.516000	-0.00999999	-0.0214113	-0.00849238	126.344	-664.016	-0.00108507	4	2	2	2	485.474	306	56.6406	5.59952	0	1.20149	11.3438	42.2144	17.7389	93.7117	1	1	1	0	0	0	0	0
24.08.2015 01:46:32.616000	-0.00999999	-0.0214113	-0.00849238	126.346	-664.016	-0.00289352	4	2	2	2	264.294	306	56.7595	5.59952	0	1.19719	11.2517	42.2112	17.7433	93.6827	1	1	1	0	0	0	0	0
24.08.2015 01:46:32.716000	-0.00999999	-0.0214113	-0.00849238	126.352	-664.016	-0.0016276	4	2	2	2	415.97	306	56.8833	5.59952	0	1.19568	11.3606	42.2123	17.7231	93.7643	1	1	1	0	0	0	0	0
24.08.2015 01:46:32.816000	-0.00999999	-0.0214113	-0.00849238	126.346	-664.016	-0.00180845	4	2	2	2	291.792	306	57.0037	5.59952	0	1.21217	11.2882	42.2128	17.7243	93.7617	1	1	1	0	0	0	0	0
24.08.2015 01:46:32.916000	-0.00999999	-0.0214113	-0.00849238	126.348	-664.016	-0.00108507	4	2	2	2	328.688	306	57.1231	5.59952	0	1.21924	11.192	42.2205	17.7245	93.7905	1	1	1	0	0	0	0	0
24.08.2015 01:46:33.016000	-0.00999999	-0.0214113	-0.00849238	126.346	-664.016	-0.00180845	4	2	2	2	299.479	306	57.2474	5.59952	0	1.21918	11.1454	42.2226	17.7271	93.7884	1	1	1	0	0	0	0	0
24.08.2015 01:46:33.116000	-0.00999999	-0.0214113	-0.00849238	126.352	-664.016	-0.00108507	4	2	2	2	354.656	306	57.3628	5.59952	0	1.21915	11.384	42.2247	17.7222	93.8155	1	1	1	0	0	0	0	0
24.08.2015 01:46:33.216000	-0.00999999	-0.0214113	-0.00849238	126.346	-664.016	-0.00108507	4	2	2	2	385.929	306	57.4882	5.59952	0	1.20872	11.3635	42.2298	17.7324	93.7958	1	1	1	0	0	0	0	0
24.08.2015 01:46:33.316000	-0.00999999	-0.0214113	-0.00849238	126.348	-664.016	-0.0016276	4	2	2	2	271.661	306	57.6041	5.59952	0	1.20148	11.1998	42.2304	17.7446	93.751	1	1	1	0	0	0	0	0
24.08.2015 01:46:33.416000	-0.00999999	-0.0214113	-0.00849238	126.346	-664.016	-0.0036169	4	2	2	2	317.779	306	57.7225	5.59952	0	1.19063	11.1399	42.2345	17.7353	93.8026	1	1	1	0	0	0	0	0
24.08.2015 01:46:33.516000	-0.00999999	-0.0214113	-0.00849238	126.352	-664.016	-0.00434028	4	2	2	2	430.549	306	57.8438	5.59952	0	1.17887	11.157	42.2355	17.7425	93.7788	1	1	1	0	0	0	0	0
24.08.2015 01:46:33.616000	-0.00999999	-0.0214113	-0.00849238	126.346	-664.016	-0.0036169	4	2	2	2	224.417	306	57.9563	5.59952	0	1.17497	11.1697	42.2175	17.7858	93.5442	1	1	1	0	0	0	0	0
24.08.2015 01:46:33.716000	-0.00999999	-0.0214113	-0.00849238	126.348	-664.016	-0.0016276	4	2	2	2	333.915	306	58.0776	5.25749	0	1.16771	11.3657	42.2059	17.785	93.503	1	1	1	0.1	0	0	0	0
24.08.2015 01:46:33.816000	-0.00999999	-0.0214113	-0.00849238	126.346	-664.016	-0.00108507	4	2	2	2	240.707	306	58.1512	2.29713	0.117938	1.16771	11.036	42.366	17.9476	93.4932	1	1	1	1	0	0	0	0
24.08.2015 01:46:33.916000	-0.00999999	-0.0214113	-0.00849238	126.352	-664.016	-0.0016276	4	2	2	2	22.3504	306	58.2099	3.05093	0.871735	1.07938	8.66691	42.6876	18.1777	93.8433	1	1	1	1	0	0	0	0
24.08.2015 01:46:34.016000	-0.00999999	-0.0214113	-0.00849238	126.349	-664.016	0.00108507	4	2	2	2	80.3351	306	58.2786	3.82293	1.64374	0.799691	6.98418	42.8901	18.3848	93.8258	1	1	1	1	0	0	0	0
24.08.2015 01:46:34.116000	-0.00999999	-0.0214113	-0.00849238	126.348	-664.016	0.00108507	4	2	2	2	179.753	306	58.3696	4.3465	2.16731	0.799691	6.49733	42.9961	18.483	93.8557	1	1	1	1	0	0	0	0
24.08.2015 01:46:34.216000	-0.00999999	-0.0214113	-0.00849238	126.352	-664.018	0.00108507	4	2	2	2	274.305	306	58.4681	4.53749	2.3583	0.843337	6.22283	43.0161	18.512	93.8211	1	1	1	1	0	0	0	0
24.08.2015 01:46:34.316000	-0.00999999	-0.0214113	-0.00849238	126.352	-664.016	0.000542535	4	2	2	2	333.215	306	58.5656	4.56274	2.38354	0.894574	6.02254	43.0226	18.526	93.7926	1	1	1	1	0	0	0	0
24.08.2015 01:46:34.416000	-0.00999999	-0.0214113	-0.00849238	126.352	-664.018	0.00108507	4	2	2	2	421.367	306	58.6651	4.33131	2.15212	0.894574	5.90914	43.0522	18.5393	93.855	1	1	1	1	0	0	0	0
24.08.2015 01:46:34.516000	-0.00999999	-0.0214113	-0.00849238	126.352	-664.016	-0.000542535	4	2	2	2	420.771	306	58.7516	3.92952	1.75033	0.947838	5.83843	43.131	18.6121	93.8781	1	1	1	1	0	0	0	0
24.08.2015 01:46:34.616000	-0.00999999	-0.0214113	-0.00849238	126.352	-664.018	0.00108507	4	2	2	2	321.507	306	58.8327	3.77846	1.59927	0.956509	5.80845	43.2269	18.7066	93.8835	1	1	1	1	0	0	0	0
24.08.2015 01:46:34.716000	-0.00999999	-0.0214113	-0.00849238	126.352	-664.02	-0.0016276	4	2	2	2	283.661	306	58.9173	3.80372	1.62453	0.956509	5.83572	43.326	18.7933	93.9309	1	1	1	1	0	0	0	0
24.08.2015 01:46:34.816000	-0.00999999	-0.0214113	-0.00849238	126.352	-664.021	-0.00072338	4	2	2	2	305.974	306	58.9998	3.83771	1.65852	0.844841	5.88311	43.3911	18.8703	93.8854	1	1	1	1	0	0	0	0
24.08.2015 01:46:34.916000	-0.00999999	-0.0214113	-0.00849238	126.352	-664.016	-0.00108507	4	2	2	2	274.57	306	59.0809	3.87379	1.6946	0.823571	5.87339	43.4444	18.9146	93.9197	1	1	1	1	0	0	0	0
24.08.2015 01:46:35.016000	-0.00999999	-0.0214113	-0.00849238	126.352	-664.021	-0.00217014	4	2	2	2	260.647	306	59.168	3.99642	1.81723	0.823571	5.90756	43.4718	18.9499	93.8893	1	1	1	1	0	0	0	0
24.08.2015 01:46:35.116000	-0.00999999	-0.0214113	-0.00849238	126.352	-664.016	-0.00325521	4	2	2	2	299.14	306	59.259	4.07879	1.8996	0.85557	5.96042	43.4769	18.9592	93.8734	1	1	1	1	0	0	0	0
24.08.2015 01:46:35.216000	-0.00999999	-0.0214113	-0.00849238	126.349	-664.018	-0.00289352	4	2	2	2	305.041	306	59.3451	4.09603	1.91684	0.857613	5.96288	43.4766	18.9557	93.8856	1	1	1	1	0	0	0	0
24.08.2015 01:46:35.316000	-0.00999999	-0.0214113	-0.00849238	126.352	-664.02	-0.00271267	4	2	2	2	318.107	306	59.4341	4.10195	1.92276	0.862687	5.94353	43.4715	18.9525	93.8786	1	1	1	1	0	0	0	0
24.08.2015 01:46:35.416000	-0.00999999	-0.0214113	-0.00849238	126.349	-664.018	-0.00180845	4	2	2	2	298.88	306	59.5206	4.11078	1.93159	0.891441	5.90511	43.469	18.9512	93.8739	1	1	1	1	0	0	0	0
24.08.2015 01:46:35.516000	-0.00999999	-0.0214113	-0.00849238	126.352	-664.02	-0.0016276	4	2	2	2	286.645	306	59.6147	4.12691	1.94772	0.891441	5.92431	43.4733	18.951	93.891	1	1	1	1	0	0	0	0
24.08.2015 01:46:35.616000	-0.00999999	-0.0214113	-0.00849238	126.352	-664.021	-0.00108507	4	2	2	2	265.01	306	59.7057	4.15708	1.97789	0.893886	5.96603	43.4663	18.9516	93.862	1	1	1	1	0	0	0	0
24.08.2015 01:46:35.716000	-0.00999999	-0.0214113	-0.00849238	126.352	-664.023	-0.00108507	4	2	2	2	282.178	306	59.7957	4.21118	2.03199	0.897874	5.96387	43.4515	18.9415	93.8438	1	1	1	1	0	0	0	0
24.08.2015 01:46:35.816000	-0.00999999	-0.0214113	-0.00849238	126.352	-664.018	-0.00144676	4	2	2	2	295.36	306	59.8902	4.27252	2.09333	0.897874	5.956	43.4348	18.9229	93.8512	1	1	1	1	0	0	0	0
24.08.2015 01:46:35.916000	-0.00999999	-0.0214113	-0.00849238	126.352	-664.02	-0.00108507	4	2	2	2	272.762	306	59.9842	4.32822	2.14903	0.921738	5.96784	43.4175	18.901	93.8685	1	1	1	1	0	0	0	0
24.08.2015 01:46:36.016000	-0.00999999	-0.0214113	-0.00849238	126.352	-664.023	-0.00036169	4	2	2	2	256.834	306	60.0797	4.40062	2.22143	0.931486	6.0128	43.3924	18.8741	93.8758	1	1	1	1	0	0	0	0
24.08.2015 01:46:36.116000	-0.00999999	-0.0214113	-0.00849238	126.352	-664.023	0.00108507	4	2	2	2	284.048	306	60.1777	4.49413	2.31494	0.937497	5.99743	43.3548	18.8408	93.8592	1	1	1	1	0	0	0	0
24.08.2015 01:46:36.216000	-0.00999999	-0.0214113	-0.00849238	126.352	-664.023	-0.00108507	4	2	2	2	309.953	306	60.2772	4.57792	2.39873	0.971559	5.94583	43.2975	18.8158	93.7355	1	1	1	1	0	0	0	0
24.08.2015 01:46:36.316000	-0.00999999	-0.0214113	-0.00849238	126.352	-664.02	-0.00108507	4	2	2	2	295.524	306	60.3772	4.63293	2.45374	0.971559	5.95275	43.239	18.7921	93.6023	1	1	1	1	0	0	0	0
24.08.2015 01:46:36.416000	-0.00999999	-0.0214113	-0.00849238	126.352	-664.023	-0.00108507	4	2	2	2	327.011	306	60.4812	4.67005	2.49086	1.00541	5.92431	43.1872	18.7438	93.589	1	1	1	1	0	0	0	0
24.08.2015 01:46:36.516000	-0.00999999	-0.0214113	-0.00849238	126.352	-664.023	-0.00108507	4	2	2	2	312.062	306	60.5826	4.6795	2.5003	1.01923	5.89982	43.1322	18.7089	93.5121	1	1	1	1	0	0	0	0
24.08.2015 01:46:36.616000	-0.00999999	-0.0214113	-0.00849238	126.354	-664.021	-0.00180845	4	2	2	2	234.795	306	60.6861	4.69161	2.51242	1.01816	5.97819	43.0981	18.689	93.4575	1	1	1	1	0	0	0	0
24.08.2015 01:46:36.716000	-0.00999999	-0.0214113	-0.00849238	126.352	-664.023	-0.00108507	4	2	2	2	231.148	306	60.7881	4.76486	2.58567	1.0151	6.00318	43.0691	18.6631	93.4455	1	1	1	1	0	0	0	0
24.08.2015 01:46:36.816000	-0.00999999	-0.0214113	-0.00849238	126.352	-664.023	-0.00072338	4	2	2	2	290.773	306	60.8935	4.87864	2.69945	1.0151	6.00992	43.0198	18.6216	93.4159	1	1	1	1	0	0	0	0
24.08.2015 01:46:36.916000	-0.00999999	-0.0214113	-0.00849238	126.348	-664.023	-0.00108507	4	2	2	2	313.607	306	61	4.97427	2.79508	1.04556	5.99125	42.9754	18.5813	93.4002	1	1	1	1	0	0	0	0
24.08.2015 01:46:37.016000	-0.00999999	-0.0214113	-0.00849238	126.352	-664.021	-0.00144676	4	2	2	2	261.168	306	61.1104	5.04229	2.8631	1.04932	5.9588	42.9162	18.5356	93.3483	1	1	1	1	0	0	0	0
24.08.2015 01:46:37.116000	-0.00999999	-0.0214113	-0.00849238	126.352	-664.023	-0.00108507	4	2	2	2	286.559	306	61.2223	5.12406	2.94487	1.07807	5.98537	42.8563	18.4715	93.3647	1	1	1	1	0	0	0	0
24.08.2015 01:46:37.216000	-0.00999999	-0.0214113	-0.00849238	126.352	-664.023	-0.00072338	4	2	2	2	284.017	306	61.3317	5.19793	3.01874	1.09569	5.96544	42.8048	18.4205	93.3628	1	1	1	1	0	0	0	0
24.08.2015 01:46:37.316000	-0.00999999	-0.0214113	-0.00849238	126.352	-664.023	0.00108507	4	2	2	2	285.199	306	61.4466	5.27048	3.09129	1.11557	5.95892	42.7496	18.3662	93.3591	1	1	1	1	0	0	0	0
24.08.2015 01:46:37.416000	-0.00999999	-0.0214113	-0.00849238	126.352	-664.018	0.00072338	4	2	2	2	284.557	306	61.565	5.3355	3.15631	1.14086	5.95791	42.6945	18.3074	93.3733	1	1	1	1	0	0	0	0
24.08.2015 01:46:37.516000	-0.00999999	-0.0214113	-0.00849238	126.352	-664.023	0.000542535	4	2	2	2	248.068	306	61.6804	5.4082	3.22901	1.14549	5.96759	42.6414	18.2592	93.3549	1	1	1	1	0	0	0	0
24.08.2015 01:46:37.616000	-0.00999999	-0.0214113	-0.00849238	126.354	-664.023	0.00180845	4	2	2	2	276.305	306	61.7973	5.50913	3.32994	1.15681	5.97577	42.5791	18.1971	93.3539	1	1	1	1	0	0	0	0
24.08.2015 01:46:37.716000	-0.00999999	-0.0214113	-0.00849238	126.352	-664.023	0.000542535	4	2	2	2	285.826	306	61.9207	5.60324	3.42405	1.16498	5.99496	42.5296	18.1365	93.396	1	1	1	1	0	0	0	0
24.08.2015 01:46:37.816000	-0.00999999	-0.0214113	-0.00849238	126.352	-664.023	0.00108507	4	2	2	2	278.179	306	62.0406	5.69079	3.5116	1.19571	6.00633	42.4694	18.0867	93.3563	1	1	1	1	0	0	0	0
24.08.2015 01:46:37.916000	-0.00999999	-0.0214113	-0.00849238	126.352	-664.023	0.000542535	4	2	2	2	308.963	306	62.1694	5.77141	3.59222	1.20959	6.0098	42.4174	18.0297	93.3754	1	1	1	1	0	0	0	0
24.08.2015 01:46:38.016000	-0.00999999	-0.0214113	-0.00849238	126.352	-664.021	0.00108507	4	2	2	2	290.18	306	62.2928	5.82648	3.64729	1.25605	6.00691	42.353	17.9786	93.3249	1	1	1	1	0	0	0	0
24.08.2015 01:46:38.116000	-0.00999999	-0.0214113	-0.00849238	126.352	-664.023	0.000542535	4	2	2	2	296.22	306	62.4221	5.87278	3.69359	1.25952	5.9887	42.3045	17.9214	93.3579	1	1	1	1	0	0	0	0
24.08.2015 01:46:38.216000	-0.00999999	-0.0214113	-0.00849238	126.352	-664.021	0.00144676	4	2	2	2	275.21	306.016	62.5449	5.93501	3.75582	1.26891	6.00532	42.2417	17.9068	93.1735	1	1	1	1	0.45	0	0	0
24.08.2015 01:46:38.316000	-0.00999999	-0.0214113	-0.00849238	126.352	-664.02	0	4	2	2	2	318.927	306.522	62.6743	6.09023	3.91104	1.26698	6.0203	42.172	17.861	93.0819	1	1	1	1	1	0	0	0
24.08.2015 01:46:38.416000	-0.00999999	-0.0214113	-0.00849238	126.352	-664.021	0.00072338	4	2	2	2	292.012	308.046	62.8066	6.20206	4.02287	1.26247	5.97669	42.1031	17.7941	93.0744	1	1	1	1	1	0	0	0
24.08.2015 01:46:38.516000	-0.00999999	-0.0214113	-0.00849238	126.352	-664.023	0.00108507	4	2	2	2	319.789	310.619	62.9389	6.33346	4.15427	1.28783	5.98889	42.015	17.7107	93.0562	1	1	1	1	1	0	0	0
24.08.2015 01:46:38.616000	-0.00999999	-0.0214113	-0.00849238	126.352	-664.023	0.00072338	4	2	2	2	305.417	314.24	63.0762	6.43159	4.2524	1.32287	5.99881	41.9374	17.6382	93.0366	1	1	1	1	1	0	0	0
24.08.2015 01:46:38.716000	-0.00999999	-0.0214113	-0.00849238	126.352	-664.023	0.000542535	4	2	2	2	329.689	318.909	63.2185	6.54106	4.36187	1.3705	5.99697	41.8627	17.5638	93.0359	1	1	1	1	1	0	0	0
24.08.2015 01:46:38.816000	-0.00999999	-0.0214113	-0.00849238	126.352	-664.023	0.00180845	4	2	2	2	289.022	324.625	63.3597	6.64706	4.46787	1.39729	5.95478	41.7854	17.4877	93.031	1	1	1	1	1	0	0	0
24.08.2015 01:46:38.916000	-0.00999999	-0.0214113	-0.00849238	126.352	-664.023	0.000542535	4	2	2	2	295.009	331.389	63.5055	6.86881	4.68962	1.434	5.96661	41.7039	17.3908	93.0901	1	1	1	1	1	0	0	0
24.08.2015 01:46:39.016000	-0.00999999	-0.0214113	-0.00849238	126.352	-664.023	0.00108507	4	2	2	2	344.632	339.202	63.6587	7.18533	5.00614	1.45894	5.95514	41.581	17.2715	93.076	1	1	1	1	1	0	0	0
24.08.2015 01:46:39.116000	-0.00999999	-0.0214113	-0.00849238	126.352	-664.02	0.000542535	4	2	2	2	318.463	348.063	63.8208	7.47929	5.3001	1.51656	5.96062	41.4294	17.1251	93.0564	1	1	1	1	1	0	0	0
24.08.2015 01:46:39.216000	-0.00999999	-0.0214113	-0.00849238	126.352	-664.023	0.00072338	4	2	2	2	327.432	357.972	63.987	7.8568	5.67761	1.60628	5.96782	41.2571	16.9584	93.0349	1	1	1	1	1	0	0	0
24.08.2015 01:46:39.316000	-0.00999999	-0.0214113	-0.00849238	126.352	-664.023	0.000542535	4	2	2	2	384.26	368.928	64.1586	8.24347	6.06428	1.6741	5.93947	41.059	16.7751	92.9781	1	1	1	1	1	0	0	0
24.08.2015 01:46:39.416000	-0.00999999	-0.0214113	-0.00849238	126.352	-664.023	0.00217014	4	2	2	2	326.241	380.932	64.3396	8.59389	6.4147	1.75109	5.95869	40.8444	16.5741	92.9263	1	1	1	1	1	0	0	0
24.08.2015 01:46:39.516000	-0.00999999	-0.0214113	-0.00849238	126.352	-664.023	0.00379774	4	2	2	2	376.996	393.985	64.5286	9.07256	6.89337	1.82691	5.97884	40.6085	16.3694	92.8068	1	1	1	1	1	0	0	0
24.08.2015 01:46:39.616000	-0.00999999	-0.0214113	-0.00849238	126.357	-664.021	0.00289352	4	2	2	2	354.031	408.086	64.7296	9.58605	7.40686	1.9195	5.97574	40.3538	16.1298	92.7489	1	1	1	1	1	0	0	0
24.08.2015 01:46:39.716000	-0.00999999	-0.0214113	-0.00849238	126.352	-664.023	0.00217014	4	2	2	2	396.01	423.235	64.9465	10.2134	8.03421	2.03581	5.96062	40.0759	15.8823	92.6323	1	1	1	1	1	0	0	0
24.08.2015 01:46:39.816000	-0.00999999	-0.0214113	-0.00849238	126.352	-664.023	0.00180845	4	2	2	2	385.77	439.432	65.1733	10.8727	8.69355	2.20477	5.96351	39.7843	15.5933	92.6224	1	1	1	1	1	0	0	0
24.08.2015 01:46:39.916000	-0.00999999	-0.0214113	-0.00849238	126.352	-664.023	0	4	2	2	2	418.998	456.677	65.4165	11.603	9.42384	2.36223	5.92805	39.4864	15.3003	92.6037	1	1	1	1	1	0	0	0
24.08.2015 01:46:40.016000	-0.00999999	-0.0214113	-0.00849238	126.352	-664.021	0.00108507	4	2	2	2	404.852	474.97	65.6747	12.3878	10.2086	2.49599	5.93514	39.1646	15.0024	92.5121	1	1	1	1	1	0	0	0
24.08.2015 01:46:40.116000	-0.00999999	-0.0214113	-0.00849238	126.352	-664.023	0.000542535	4	2	2	2	464.407	494.31	65.9458	13.2615	11.0823	2.65162	5.95335	38.8704	14.6997	92.5451	1	1	1	1	1	0	0	0
24.08.2015 01:46:40.216000	-0.00999999	-0.0214113	-0.00849238	126.352	-664.023	0.00180845	4	2	2	2	408.857	514.7	66.2338	14.1818	12.0026	2.83153	5.93053	38.5557	14.4593	92.2602	1	1	1	1	1	0	0	0
24.08.2015 01:46:40.316000	-0.00999999	-0.0214113	-0.00849238	126.352	-664.023	0.00108507	4	2	2	2	485.46	536.137	66.5452	15.2236	13.0444	3.03074	5.92416	38.2985	14.2192	92.1948	1	1	1	1	1	0	0	0
24.08.2015 01:46:40.416000	-0.00999999	-0.0214113	-0.00849238	126.352	-664.023	0.00072338	4	2	2	2	508.241	558.622	66.8804	16.295	14.1158	3.29355	5.95519	38.081	13.9848	92.2595	1	1	1	1	1	0	0	0
24.08.2015 01:46:40.516000	-0.00999999	-0.0214113	-0.00849238	126.352	-664.02	0.000542535	4	2	2	2	507.116	513.674	67.2336	17.4186	11.4593	3.50359	5.91795	37.8796	13.8018	92.1892	1	1	1	1	1	0.24	0	0.24
24.08.2015 01:46:40.616000	-0.00999999	-0.0214113	-0.00849238	126.352	-664.023	-0.00108507	4	2	2	2	938.559	306	68.3608	17.9295	0	36.6547	5.87827	65.5519	16.1724	189.064	1	1	1	1	1	1	0.2	1
24.08.2015 01:46:40.716000	-0.00999999	-0.0214113	-0.00849238	126.359	-664.02	-0.00108507	4	2	2	2	312.107	306	70.1177	17.9295	0	82.8755	5.08134	97.3813	1.13565	368.505	1	1	1	1	1	1	1	1
24.08.2015 01:46:40.816000	-0.00999999	-0.0214113	-0.00849238	126.344	-664.018	-0.00180845	4	2	2	2	7.95474	306	70.1361	17.033	0	82.8755	3.40231	107.769	0.642109	410.169	1	1	1	1	1	1	1	0.95
24.08.2015 01:46:40.916000	-0.00999999	-0.0214113	-0.00849238	126.344	-664.039	-0.00108507	4	2	2	2	1.27528	306	70.1361	0	0	82.8755	2.28263	114.956	0.585467	437.9	1	1	1	1	1	1	1	0
24.08.2015 01:46:41.016000	-0.00999999	-0.0214113	-0.00849238	126.344	-664.044	-0.00072338	4	2	2	2	0.306671	306	70.1361	0	0	82.8755	1.55563	115.365	0.528703	439.687	1	1	1	1	1	1	1	0
24.08.2015 01:46:41.116000	-0.00999999	-0.0214113	-0.00849238	126.344	-664.043	-0.0016276	4	2	2	2	0.237397	306	70.1361	0	0	82.8755	1.23691	115.71	0.508621	441.081	1	1	1	1	1	1	1	0
24.08.2015 01:46:41.216000	-0.00999999	-0.0214113	-0.00849238	126.344	-664.042	-0.00144676	4	2	2	2	0.254429	306	70.1361	0	0	82.8755	1.0088	116.026	0.507645	442.296	1	1	1	1	1	1	1	0
24.08.2015 01:46:41.316000	-0.00999999	-0.0214113	-0.00849238	126.344	-664.039	-0.0016276	4	2	2	2	0.244882	306	70.1361	0	0	82.8755	0.820906	116.42	0.572588	443.557	1	1	1	1	1	1	1	0
24.08.2015 01:46:41.416000	-0.00999999	-0.0214113	-0.00849238	126.331	-664.036	-0.00108507	4	2	2	2	0.247683	306	70.1361	0	0	82.8755	0.704883	116.796	0.530351	445.157	1	1	1	1	1	1	1	0
24.08.2015 01:46:41.516000	-0.00999999	-0.0214113	-0.00849238	126.328	-664.039	-0.00108507	4	2	2	2	0.223877	306	70.1361	0	0	82.8755	0.635344	117.163	0.564226	446.434	1	1	1	1	1	1	1	0
24.08.2015 01:46:41.616000	-0.00999999	-0.0214113	-0.00849238	126.328	-664.039	-0.00180845	4	2	2	2	0.220663	306	70.1361	0	0	68.7951	0.579181	117.532	0.569048	447.829	1	1	1	1	1	1	1	0
24.08.2015 01:46:41.716000	-0.00999999	-0.0214113	-0.00849238	126.328	-664.039	-0.00108507	4	2	2	2	0.2445	306	70.1361	0	0	0.0496949	0.524971	117.901	0.561785	449.27	1	1	1	1	1	1	1	0
24.08.2015 01:46:41.816000	-0.00999999	-0.0214113	-0.00849238	126.326	-664.039	-0.00072338	4	2	2	2	0.251108	306	70.1361	0	0	0.0496949	0.487753	118.267	0.564776	450.657	1	1	1	1	1	1	1	0
24.08.2015 01:46:41.916000	-0.00999999	-0.0214113	-0.00849238	126.328	-664.031	0.00108507	4	2	2	2	0.255149	306	70.1361	0	0	0.0496949	0.460699	118.625	0.563433	452.033	1	1	1	1	1	1	1	0
24.08.2015 01:46:42.016000	-0.00999999	-0.0214113	-0.00849238	126.328	-664.031	0.00072338	4	2	2	2	0.236175	306	70.1361	0	0	0.0496949	0.43674	118.978	0.565508	453.38	1	1	1	1	1	1	1	0
24.08.2015 01:46:42.116000	-0.00999999	-0.0214113	-0.00849238	126.328	-664.031	0.00108507	4	2	2	2	0.237644	306	70.1361	0	0	0.0496949	0.411849	119.358	0.565447	454.834	1	1	1	1	1	1	1	0
24.08.2015 01:46:42.216000	-0.00999999	-0.0214113	-0.00849238	126.328	-664.031	0.00108507	4	2	2	2	0.232418	306	70.1361	0	0	0.0496949	0.396166	119.741	0.573497	456.261	1	1	1	1	1	1	1	0
24.08.2015 01:46:42.316000	-0.00999999	-0.0214113	-0.00849238	126.328	-664.031	0.00108507	4	2	2	2	0.220145	306	70.1361	0	0	0.0496949	0.382899	120.111	0.574114	457.678	1	1	1	1	1	1	1	0
24.08.2015 01:46:42.416000	-0.00999999	-0.0214113	-0.00849238	126.328	-664.031	0.00072338	4	2	2	2	0.235033	306	70.1361	0	0	0.0496949	0.368981	120.461	0.575274	459.022	1	1	1	1	1	1	1	0
24.08.2015 01:46:42.516000	-0.00999999	-0.0214113	-0.00849238	126.324	-664.031	0.000542535	4	2	2	2	0.220323	306	70.1361	0	0	0.0496949	0.35761	120.798	0.580645	460.287	1	1	1	1	1	1	1	0
24.08.2015 01:46:42.616000	-0.00999999	-0.0214113	-0.00849238	126.326	-664.031	-0.00036169	4	2	2	2	0.235208	306	70.1361	0	0	0.0412468	0.349175	121.09	0.582965	461.399	1	1	1	1	1	1	1	0
24.08.2015 01:46:42.716000	-0.00999999	-0.0214113	-0.00849238	126.328	-664.027	-0.00108507	4	2	2	2	0.234359	306	70.1361	0	0	0	0.341811	121.378	0.584412	462.497	1	1	1	1	1	1	1	0
24.08.2015 01:46:42.816000	-0.00999999	-0.0214113	-0.00849238	126.328	-664.031	-0.00108507	4	2	2	2	0.239657	306	70.1361	0	0	0	0.333087	121.657	0.586138	463.557	1	1	1	1	1	1	1	0
24.08.2015 01:46:42.916000	-0.00999999	-0.0214113	-0.00849238	126.328	-664.023	-0.00379774	4	2	2	2	0.235278	306	70.1361	0	0	0	0.328906	121.92	0.58449	464.569	1	1	1	1	1	1	1	0
24.08.2015 01:46:43.016000	-0.00999999	-0.0214113	-0.00849238	126.328	-664.023	-0.00144676	4	2	2	2	0.223144	306	70.1361	0	0	0	0.323336	122.175	0.586016	465.54	1	1	1	1	1	1	1	0
24.08.2015 01:46:43.116000	-0.00999999	-0.0214113	-0.00849238	126.328	-663.996	-0.0016276	4	2	2	2	0.225743	306	70.1361	0	0	0	0.320631	122.404	0.586322	466.416	1	1	1	1	1	1	1	0
24.08.2015 01:46:43.216000	-0.00999999	-0.0214113	-0.00849238	126.326	-663.453	-0.00072338	4	2	2	2	0.241037	306	70.1361	0	0	0	0.31535	122.612	0.598163	467.168	1	1	1	1	1	1	1	0
24.08.2015 01:46:43.316000	-0.00999999	-0.0214113	-0.00849238	126.32	-653.996	-0.0016276	4	2	2	2	0.231049	306	70.1361	0	0	0	0.313267	122.814	0.605182	467.914	1	1	1	1	1	1	1	0
24.08.2015 01:46:43.416000	-0.00999999	-0.0214113	-0.00849238	126.32	-633.849	-0.00072338	4	2	2	2	0.231566	306	70.1361	0	0	0	0.309664	123.009	0.61568	468.619	1	1	1	1	1	1	1	0
24.08.2015 01:46:43.516000	-0.00999999	-0.0214113	-0.00849238	126.32	-612.566	-0.00217014	4	2	2	2	0.240952	306	70.1361	0	0	0	0.307943	123.185	0.625751	469.256	1	1	1	1	1	1	1	0
24.08.2015 01:46:43.616000	-0.00999999	-0.0214113	-0.00849238	126.32	-583.807	-0.00036169	4	2	2	2	0.255966	306	70.1361	0	0	0	0.304991	123.34	0.636494	469.808	1	1	1	1	1	1	1	0
24.08.2015 01:46:43.716000	-0.00999999	-0.0214113	-0.00849238	126.328	-544.363	0	4	2	2	2	0.240914	306	70.1361	0	0	0	0.304152	123.477	0.652974	470.27	1	1	1	1	1	1	1	0
24.08.2015 01:46:43.816000	-0.00999999	-0.0214113	-0.00849238	126.326	-509.872	0.00072338	4	2	2	2	0.237489	306	70.1361	0	0	0	0.302517	123.586	0.662069	470.651	1	1	1	1	1	1	1	0
24.08.2015 01:46:43.916000	-0.00999999	-0.0214113	-0.00849238	126.324	-471.512	0	4	2	2	2	0.249346	306	70.1361	0	0	0	0.301418	123.671	0.663717	470.972	1	1	1	1	1	1	1	0
24.08.2015 01:46:44.016000	-0.00999999	-0.0214113	-0.00849238	126.32	-418.182	0.00036169	4	2	2	2	0.239381	306	70.1361	0	0	0	0.301331	123.771	0.673055	471.319	1	1	1	1	1	1	1	0
24.08.2015 01:46:44.116000	-0.00999999	-0.0214113	-0.00849238	126.32	-370.582	-0.000542535	4	2	2	2	0.26385	306	70.1361	0	0	0	0.300246	123.77	0.677084	471.298	1	1	1	1	1	1	1	0
24.08.2015 01:46:44.216000	-0.00999999	-0.0214113	-0.00849238	126.32	-328.385	0.00108507	4	2	2	2	0.265137	306	70.1361	0	0	0	0.300477	123.898	0.683981	471.76	1	1	1	1	1	1	1	0
24.08.2015 01:46:44.316000	-0.00999999	-0.0214113	-0.00849238	126.32	-286.539	0.00108507	4	2	2	2	0.264205	306	70.1361	0	0	0	0.299349	123.917	0.689291	471.813	1	1	1	1	1	1	1	0
24.08.2015 01:46:44.416000	-0.00999999	-0.0214113	-0.00849238	126.32	-228.534	0.00108507	4	2	2	2	0.249185	306	70.1361	0	0	0	0.300767	123.906	0.697287	471.74	1	1	1	1	1	1	1	0
24.08.2015 01:46:44.516000	-0.00999999	-0.0214113	-0.00849238	126.32	-186.957	0.00108507	4	2	2	2	0.257297	306	70.1361	0	0	0	0.299913	123.884	0.701865	471.641	1	1	1	1	1	1	1	0
24.08.2015 01:46:44.616000	-0.00999999	-0.0214113	-0.00849238	126.32	-145.297	0.00108507	4	2	2	2	0.245255	306	70.1361	0	0	0	0.301071	123.861	0.705954	471.535	1	1	1	1	1	1	1	0
24.08.2015 01:46:44.716000	-0.00999999	-0.0214113	-0.00849238	126.32	-95.7227	0	4	2	2	2	0.264631	306	70.1361	0	0	0	0.301042	123.833	0.710715	471.411	1	1	1	1	1	1	1	0
24.08.2015 01:46:44.816000	-0.00999999	-0.0214113	-0.00849238	126.32	-46.0443	-0.00072338	4	2	2	2	0.251021	306	70.1361	0	0	0	0.301808	123.812	0.712729	471.323	1	1	1	1	1	1	1	0
24.08.2015 01:46:44.916000	-0.00999999	-0.0214113	-0.00849238	126.32	-4.62109	0.000542535	4	2	2	2	0.258061	306	70.1361	0	0	0	0.302604	123.789	0.71395	471.23	1	1	1	1	1	1	1	0
24.08.2015 01:46:45.016000	-0.00999999	-0.0214113	-0.00849238	126.32	36.4193	0	4	2	2	2	0.247815	306	70.1361	0	0	0	0.30353	123.763	0.716392	471.122	1	1	1	1	1	1	1	0
24.08.2015 01:46:45.116000	-0.00999999	-0.0214113	-0.00849238	126.32	94.0234	0.000542535	4	2	2	2	0.241135	306	70.1361	0	0	0	0.304659	123.742	0.721213	471.02	1	1	1	1	1	1	1	0
24.08.2015 01:46:45.216000	-0.00999999	-0.0214113	-0.00849238	126.323	135.758	0.00072338	4	2	2	2	0.252055	306	70.1361	0	0	0	0.304268	123.722	0.724082	470.934	1	1	1	1	1	1	1	0
24.08.2015 01:46:45.316000	-0.00999999	-0.0214113	-0.00849238	126.32	176.922	0.000542535	4	2	2	2	0.254589	306	70.1361	0	0	0	0.305382	123.697	0.728477	470.82	1	1	1	1	1	1	1	0
24.08.2015 01:46:45.416000	-0.00999999	-0.0214113	-0.00849238	126.32	217.914	0.00108507	4	2	2	2	0.251899	306	70.1361	0	0	0	0.304991	123.673	0.730491	470.721	1	1	1	1	1	1	1	0
24.08.2015 01:46:45.516000	-0.00999999	-0.0214113	-0.00849238	126.328	275.539	0.00108507	4	2	2	2	0.252509	306	70.1361	0	0	0	0.30583	123.654	0.733604	470.638	1	1	1	1	1	1	1	0
24.08.2015 01:46:45.616000	-0.00999999	-0.0214113	-0.00849238	126.323	316.482	0.00108507	4	2	2	2	0.250819	306	70.1361	0	0	0	0.303573	123.63	0.736839	470.534	1	1	1	1	1	1	1	0
24.08.2015 01:46:45.716000	-0.00999999	-0.0214113	-0.00849238	126.32	357.414	0.000542535	4	2	2	2	0.249976	306	70.1361	0	0	0	0.303559	123.611	0.73928	470.45	1	1	1	1	1	1	1	0
24.08.2015 01:46:45.816000	-0.00999999	-0.0214113	-0.00849238	126.323	403.964	0.00108507	4	2	2	2	0.237959	306	70.1361	0	0	0	0.302083	123.587	0.747337	470.328	1	1	1	1	1	1	1	0
24.08.2015 01:46:45.916000	-0.00999999	-0.0214113	-0.00849238	126.32	455.953	0.000542535	4	2	2	2	0.245548	306	70.1361	0	0	0	0.301823	123.561	0.750084	470.217	1	1	1	1	1	1	1	0
24.08.2015 01:46:46.016000	-0.00999999	-0.0214113	-0.00849238	126.326	496.867	0.00072338	4	2	2	2	0.247203	306	70.1361	0	0	0	0.300058	123.539	0.750206	470.134	1	1	1	1	1	1	1	0
24.08.2015 01:46:46.116000	-0.00999999	-0.0214113	-0.00849238	126.324	538.258	0.000542535	4	2	2	2	0.246895	306	70.1361	0	0	0	0.299523	123.518	0.750267	470.052	1	1	1	1	1	1	1	0
24.08.2015 01:46:46.216000	-0.00999999	-0.0214113	-0.00849238	126.328	584.042	0.00108507	4	2	2	2	0.24526	306	70.1361	0	0	0	0.299884	123.495	0.759056	469.932	1	1	1	1	1	1	1	0
24.08.2015 01:46:46.316000	-0.00999999	-0.0214113	-0.00849238	126.32	618.086	0.000542535	4	2	2	2	0.260059	306	70.1361	0	0	0	0.299363	123.474	0.779748	469.77	1	1	1	1	1	1	1	0
24.08.2015 01:46:46.416000	-0.00999999	-0.0214113	-0.00849238	126.326	642.023	0.00108507	4	2	2	2	0.253201	306	70.1361	0	0	0	0.299884	123.455	0.802393	469.612	1	1	1	1	1	1	1	0
24.08.2015 01:46:46.516000	-0.00999999	-0.0214113	-0.00849238	126.328	660.984	0.00108507	4	2	2	2	0.250201	306	70.1361	0	0	0	0.299638	123.433	0.825343	469.441	1	1	1	1	1	1	1	0
24.08.2015 01:46:46.616000	-0.00999999	-0.0214113	-0.00849238	126.326	676.167	0.00036169	4	2	2	2	0.252841	306	70.1361	0	0	0	0.301317	123.415	0.850368	469.275	1	1	1	1	1	1	1	0
24.08.2015 01:46:46.716000	-0.00999999	-0.0214113	-0.00849238	126.32	678.66	0	4	2	2	2	0.235172	306	70.1361	0	0	0	0.301085	123.392	0.877712	469.081	1	1	1	1	1	1	1	0
24.08.2015 01:46:46.816000	-0.00999999	-0.0214113	-0.00849238	126.31	678.768	-0.00180845	4	2	2	2	0.241173	306	70.1361	0	0	0	0.302633	123.378	0.916105	468.884	1	1	1	1	1	1	1	0
24.08.2015 01:46:46.916000	-0.00999999	-0.0214113	-0.00849238	126.305	678.758	0.000542535	4	2	2	2	0.233806	306	70.1361	0	0	0	0.302648	123.355	0.964507	468.607	1	1	1	1	1	1	1	0
24.08.2015 01:46:47.016000	-0.00999999	-0.0214113	-0.00849238	126.305	678.76	0.00108507	4	2	2	2	0.242224	306	70.1361	0	0	0	0.304933	123.339	1.10623	468.004	1	1	1	1	1	1	1	0
24.08.2015 01:46:47.116000	-0.00999999	-0.0214113	-0.00849238	126.305	678.766	0	4	2	2	2	0.248404	306	70.1361	0	0	0	0.305816	123.333	1.3994	466.858	1	1	1	1	1	1	1	0
24.08.2015 01:46:47.216000	-0.00999999	-0.0214113	-0.00849238	126.302	678.755	0.00072338	4	2	2	2	0.250563	306	70.1361	0	0	0	0.30897	123.317	1.53673	466.274	1	1	1	1	1	1	1	0
24.08.2015 01:46:47.316000	-0.00999999	-0.0214113	-0.00849238	126.297	678.789	0.00108507	4	2	2	2	0.265256	306	70.1361	0	0	0	0.312124	123.304	1.49174	466.393	1	1	1	1	1	1	1	0
24.08.2015 01:46:47.416000	-0.00999999	-0.0214113	-0.00849238	126.292	678.799	0.00072338	4	2	2	2	0.256443	306	70.1361	0	0	0	0.315336	123.277	1.39195	466.674	1	1	1	1	1	1	1	0
24.08.2015 01:46:47.516000	-0.00999999	-0.0214113	-0.00849238	126.289	678.758	0.000542535	4	2	2	2	0.243953	306	70.1361	0	0	0	0.318793	123.256	1.30619	466.922	1	1	1	1	1	1	1	0
24.08.2015 01:46:47.616000	-0.00999999	-0.0214113	-0.00849238	126.292	678.776	0.00072338	4	2	2	2	0.233176	306	70.1361	0	0	0	0.324103	123.233	1.24094	467.083	1	1	1	1	1	1	1	0
24.08.2015 01:46:47.716000	-0.00999999	-0.0214113	-0.00849238	126.293	678.742	0.000542535	4	2	2	2	0.268435	306	70.1361	0	0	0	0.328487	123.218	1.20127	467.178	1	1	1	1	1	1	1	0
24.08.2015 01:46:47.816000	-0.00999999	-0.0214113	-0.00849238	126.292	678.758	0.00036169	4	2	2	2	0.259951	306	70.1361	0	0	0	0.331959	123.198	1.19633	467.12	1	1	1	1	1	1	1	0
24.08.2015 01:46:47.916000	-0.00999999	-0.0214113	-0.00849238	126.297	678.754	0.000542535	4	2	2	2	0.272552	306	70.1361	0	0	0	0.33627	123.178	1.20151	467.024	1	1	1	1	1	1	1	0
24.08.2015 01:46:48.016000	-0.00999999	-0.0214113	-0.00849238	126.294	678.737	0.00072338	4	2	2	2	0.253865	306	70.1361	0	0	0	0.339641	123.154	1.2067	466.912	1	1	1	1	1	1	1	0
24.08.2015 01:46:48.116000	-0.00999999	-0.0214113	-0.00849238	126.297	678.738	0.00108507	4	2	2	2	0.245378	306	70.1361	0	0	0	0.343113	123.135	1.22282	466.778	1	1	1	1	1	1	1	0
24.08.2015 01:46:48.216000	-0.00999999	-0.0214113	-0.00849238	126.289	678.802	0.00072338	4	2	2	2	0.265738	306	70.1361	0	0	0	0.3443	123.101	1.22294	466.646	1	1	1	1	1	1	1	0
24.08.2015 01:46:48.316000	-0.00999999	-0.0214113	-0.00849238	126.289	678.777	0.000542535	4	2	2	2	0.260744	306	70.1361	0	0	0	0.346629	123.095	1.22269	466.626	1	1	1	1	1	1	1	0
24.08.2015 01:46:48.416000	-0.00999999	-0.0214113	-0.00849238	126.294	678.74	0.00072338	4	2	2	2	0.26198	306	70.1361	0	0	0	0.347758	123.08	1.2194	466.58	1	1	1	1	1	1	1	0
24.08.2015 01:46:48.516000	-0.00999999	-0.0214113	-0.00849238	126.297	678.801	0	4	2	2	2	0.25939	306	70.1361	0	0	0	0.348669	123.057	1.22135	466.485	1	1	1	1	1	1	1	0
24.08.2015 01:46:48.616000	-0.00999999	-0.0214113	-0.00849238	126.297	678.766	0.00072338	4	2	2	2	0.247677	306	70.1361	0	0	0	0.34822	123.036	1.22123	466.405	1	1	1	1	1	1	1	0
24.08.2015 01:46:48.716000	-0.00999999	-0.0214113	-0.00849238	126.297	678.734	-0.000542535	4	2	2	2	0.254923	306	70.1361	0	0	0	0.347989	123.021	1.22623	466.328	1	1	1	1	1	1	1	0
24.08.2015 01:46:48.816000	-0.00999999	-0.0214113	-0.00849238	126.297	678.727	0.00108507	4	2	2	2	0.249011	306	70.1361	0	0	0	0.347642	123.004	1.22544	466.266	1	1	1	1	1	1	1	0
24.08.2015 01:46:48.916000	-0.00999999	-0.0214113	-0.00849238	126.301	678.719	0.00379774	4	2	2	2	0.244368	306	70.1361	0	0	0	0.346542	122.98	1.22691	466.17	1	1	1	1	1	1	1	0
24.08.2015 01:46:49.016000	-0.00999999	-0.0214113	-0.00849238	126.302	678.706	0.00144676	4	2	2	2	0.256533	306	70.1361	0	0	0	0.345226	122.966	1.2252	466.12	1	1	1	1	1	1	1	0
24.08.2015 01:46:49.116000	-0.00999999	-0.0214113	-0.00849238	126.301	678.691	0.000542535	4	2	2	2	0.263327	306	70.1361	0	0	0	0.342925	122.951	1.23057	466.044	1	1	1	1	1	1	1	0
24.08.2015 01:46:49.216000	-0.00999999	-0.0214113	-0.00849238	126.302	678.69	0.00072338	4	2	2	2	0.269882	306	70.1361	0	0	0	0.342028	122.929	1.23209	465.951	1	1	1	1	1	1	1	0
24.08.2015 01:46:49.316000	-0.00999999	-0.0214113	-0.00849238	126.301	678.688	0.00108507	4	2	2	2	0.236235	306	70.1361	0	0	0	0.339468	122.911	1.23447	465.876	1	1	1	1	1	1	1	0
24.08.2015 01:46:49.416000	-0.00999999	-0.0214113	-0.00849238	126.305	678.68	0.00072338	4	2	2	2	0.255674	306	70.1361	0	0	0	0.336733	122.894	1.24174	465.782	1	1	1	1	1	1	1	0
24.08.2015 01:46:49.516000	-0.00999999	-0.0214113	-0.00849238	126.305	678.68	0.00108507	4	2	2	2	0.236344	306	70.1361	0	0	0	0.33465	122.873	1.23978	465.708	1	1	1	1	1	1	1	0
24.08.2015 01:46:49.616000	-0.00999999	-0.0214113	-0.00849238	126.305	678.68	0.00108507	4	2	2	2	0.233869	306	70.1361	0	0	0	0.333102	122.854	1.24509	465.615	1	1	1	1	1	1	1	0
24.08.2015 01:46:49.716000	-0.00999999	-0.0214113	-0.00849238	126.305	678.68	0.000542535	4	2	2	2	0.244619	306	70.1361	0	0	0	0.330744	122.84	1.24558	465.562	1	1	1	1	1	1	1	0
24.08.2015 01:46:49.816000	-0.00999999	-0.0214113	-0.00849238	126.305	678.68	0.00072338	4	2	2	2	0.273777	306	70.1361	0	0	0	0.328776	122.817	1.25163	465.451	1	1	1	1	1	1	1	0
24.08.2015 01:46:49.916000	-0.00999999	-0.0214113	-0.00849238	126.305	678.68	0	4	2	2	2	0.254896	306	70.1361	0	0	0	0.327257	122.799	1.25437	465.372	1	1	1	1	1	1	1	0
24.08.2015 01:46:50.016000	-0.00999999	-0.0214113	-0.00849238	126.302	678.669	-0.00144676	4	2	2	2	0.239829	306	70.1361	0	0	0	0.325579	122.785	1.25657	465.307	1	1	1	1	1	1	1	0
24.08.2015 01:46:50.116000	-0.00999999	-0.0214113	-0.00849238	126.301	678.664	-0.00108507	4	2	2	2	0.242723	306	70.1361	0	0	0	0.324349	122.766	1.26084	465.217	1	1	1	1	1	1	1	0
24.08.2015 01:46:50.216000	-0.00999999	-0.0214113	-0.00849238	126.305	678.667	-0.00108507	4	2	2	2	0.250813	306	70.1361	0	0	0	0.322251	122.746	1.25999	465.145	1	1	1	1	1	1	1	0
24.08.2015 01:46:50.316000	-0.00999999	-0.0214113	-0.00849238	126.305	678.668	-0.0016276	4	2	2	2	0.26964	306	70.1361	0	0	0	0.321904	122.728	1.26548	465.056	1	1	1	1	1	1	1	0
24.08.2015 01:46:50.416000	-0.00999999	-0.0214113	-0.00849238	126.305	678.664	-0.00108507	4	2	2	2	0.253141	306	70.1361	0	0	0	0.320067	122.71	1.28202	464.924	1	1	1	1	1	1	1	0
24.08.2015 01:46:50.516000	-0.00999999	-0.0214113	-0.00849238	126.305	678.664	-0.00217014	4	2	2	2	0.265384	306	70.1361	0	0	0	0.320023	122.687	1.322	464.684	1	1	1	1	1	1	1	0
24.08.2015 01:46:50.616000	-0.00999999	-0.0214113	-0.00849238	126.305	678.664	-0.00289352	4	2	2	2	0.247451	306	70.1361	0	0	0	0.318446	122.671	1.39531	464.342	1	1	1	1	1	1	1	0
24.08.2015 01:46:50.716000	-0.00999999	-0.0214113	-0.00849238	126.305	678.664	-0.0016276	4	2	2	2	0.267305	306	70.1361	0	0	0	0.318736	122.658	1.46825	464.013	1	1	1	1	1	1	1	0
24.08.2015 01:46:50.816000	-0.00999999	-0.0214113	-0.00849238	126.305	678.661	-0.00217014	4	2	2	2	0.26701	306	70.1361	0	0	0	0.316999	122.643	1.53703	463.691	1	1	1	1	1	1	1	0
24.08.2015 01:46:50.916000	-0.00999999	-0.0214113	-0.00849238	126.305	678.66	-0.0016276	4	2	2	2	0.265264	306	70.1361	0	0	0	0.317578	122.626	1.59911	463.389	1	1	1	1	1	1	1	0
24.08.2015 01:46:51.016000	-0.00999999	-0.0214113	-0.00849238	126.305	678.656	-0.00072338	4	2	2	2	0.24443	306	70.1361	0	0	0	0.317101	122.614	1.65917	463.113	1	1	1	1	1	1	1	0
24.08.2015 01:46:51.116000	-0.00999999	-0.0214113	-0.00849238	126.305	678.648	-0.00108507	4	2	2	2	0.253411	306	70.1361	0	0	0	0.317448	122.597	1.70495	462.872	1	1	1	1	1	1	1	0
24.08.2015 01:46:51.216000	-0.00999999	-0.0214113	-0.00849238	126.305	678.641	-0.00180845	4	2	2	2	0.254379	306	70.1361	0	0	0	0.31697	122.585	1.742	462.685	1	1	1	1	1	1	1	0
24.08.2015 01:46:51.316000	-0.00999999	-0.0214113	-0.00849238	126.305	678.641	-0.00108507	4	2	2	2	0.254493	306	70.1361	0	0	0	0.316725	122.572	1.76428	462.55	1	1	1	1	1	1	1	0
24.08.2015 01:46:51.416000	-0.00999999	-0.0214113	-0.00849238	126.305	678.641	-0.00108507	4	2	2	2	0.235469	306	70.1361	0	0	0	0.316667	122.554	1.74242	462.562	1	1	1	1	1	1	1	0
24.08.2015 01:46:51.516000	-0.00999999	-0.0214113	-0.00849238	126.305	678.641	0	4	2	2	2	0.263054	306	70.1361	0	0	0	0.31645	122.535	1.73577	462.517	1	1	1	1	1	1	1	0
24.08.2015 01:46:51.616000	-0.00999999	-0.0214113	-0.00849238	126.305	678.641	0.00108507	4	2	2	2	0.239408	306	70.1361	0	0	0	0.316392	122.52	1.73327	462.467	1	1	1	1	1	1	1	0
24.08.2015 01:46:51.716000	-0.00999999	-0.0214113	-0.00849238	126.305	678.641	0.00108507	4	2	2	2	0.245099	306	70.1361	0	0	0	0.315553	122.501	1.74236	462.359	1	1	1	1	1	1	1	0
24.08.2015 01:46:51.816000	-0.00999999	-0.0214113	-0.00849238	126.305	678.641	0.00072338	4	2	2	2	0.244749	306	70.1361	0	0	0	0.316392	122.487	1.76269	462.23	1	1	1	1	1	1	1	0
24.08.2015 01:46:51.916000	-0.00999999	-0.0214113	-0.00849238	126.305	678.652	0.000542535	4	2	2	2	0.25879	306	70.1361	0	0	0	0.315278	122.47	1.75964	462.175	1	1	1	1	1	1	1	0
24.08.2015 01:46:52.016000	-0.00999999	-0.0214113	-0.00849238	126.305	678.664	0.00072338	4	2	2	2	0.24368	306	70.1361	0	0	0	0.315538	122.454	1.72423	462.252	1	1	1	1	1	1	1	0
24.08.2015 01:46:52.116000	-0.00999999	-0.0214113	-0.00849238	126.305	678.664	0.0016276	4	2	2	2	0.261079	306	70.1361	0	0	0	0.314945	122.437	1.70794	462.247	1	1	1	1	1	1	1	0
24.08.2015 01:46:52.216000	-0.00999999	-0.0214113	-0.00849238	126.305	678.664	0.00072338	4	2	2	2	0.243498	306	70.1361	0	0	0	0.315553	122.421	1.69646	462.23	1	1	1	1	1	1	1	0
24.08.2015 01:46:52.316000	-0.00999999	-0.0214113	-0.00849238	126.305	678.664	0.000542535	4	2	2	2	0.274437	306	70.1361	0	0	0	0.314381	122.401	1.66546	462.274	1	1	1	1	1	1	1	0
24.08.2015 01:46:52.416000	-0.00999999	-0.0214113	-0.00849238	126.305	678.669	0.00072338	4	2	2	2	0.239697	306	70.1361	0	0	0	0.31454	122.382	1.648	462.265	1	1	1	1	1	1	1	0
24.08.2015 01:46:52.516000	-0.00999999	-0.0214113	-0.00849238	126.305	678.668	0.000542535	4	2	2	2	0.260233	306	70.1361	0	0	0	0.314222	122.366	1.648	462.204	1	1	1	1	1	1	1	0
24.08.2015 01:46:52.616000	-0.00999999	-0.0214113	-0.00849238	126.305	678.664	-0.00180845	4	2	2	2	0.25902	306	70.1361	0	0	0	0.314395	122.354	1.66112	462.107	1	1	1	1	1	1	1	0
24.08.2015 01:46:52.716000	-0.00999999	-0.0214113	-0.00849238	126.305	678.664	-0.00108507	4	2	2	2	0.278575	306	70.1361	0	0	0	0.31407	122.334	1.68841	461.929	1	1	1	1	1	1	1	0
24.08.2015 01:46:52.816000	-0.00999999	-0.0214113	-0.00849238	126.305	678.664	-0.00144676	4	2	2	2	0.270216	306	70.1361	0	0	0	0.313672	122.313	1.70275	461.795	1	1	1	1	1	1	1	0
24.08.2015 01:46:52.916000	-0.00999999	-0.0214113	-0.00849238	126.305	678.672	-0.0016276	4	2	2	2	0.267475	306	70.1361	0	0	0	0.314511	122.298	1.71225	461.699	1	1	1	1	1	1	1	0
24.08.2015 01:46:53.016000	-0.00999999	-0.0214113	-0.00849238	126.305	678.68	-0.00144676	4	2	2	2	0.232517	306	70.1361	0	0	0	0.313954	122.281	1.72448	461.592	1	1	1	1	1	1	1	0
24.08.2015 01:46:53.116000	-0.00999999	-0.0214113	-0.00849238	126.305	678.68	0.000542535	4	2	2	2	0.252328	306	70.1361	0	0	0	0.314518	122.269	1.72332	461.545	1	1	1	1	1	1	1	0
24.08.2015 01:46:53.216000	-0.00999999	-0.0214113	-0.00849238	126.305	678.68	-0.00180845	4	2	2	2	0.271785	306	70.1361	0	0	0	0.314091	122.249	1.72478	461.462	1	1	1	1	1	1	1	0
24.08.2015 01:46:53.316000	-0.00999999	-0.0214113	-0.00849238	126.305	678.68	-0.00217014	4	2	2	2	0.253844	306	70.1361	0	0	0	0.314959	122.237	1.72533	461.409	1	1	1	1	1	1	1	0
24.08.2015 01:46:53.416000	-0.00999999	-0.0214113	-0.00849238	126.305	678.703	0.00144676	4	2	2	2	0.269371	306	70.1361	0	0	0	0.314091	122.224	1.726	461.363	1	1	1	1	1	1	1	0
24.08.2015 01:46:53.516000	-0.00999999	-0.0214113	-0.00849238	126.305	678.703	0.00108507	4	2	2	2	0.251402	306	70.1361	0	0	0	0.314388	122.211	1.72375	461.323	1	1	1	1	1	1	1	0
24.08.2015 01:46:53.616000	-0.00999999	-0.0214113	-0.00849238	126.297	678.711	0.00036169	4	2	2	2	0.247284	306	70.1361	0	0	0	0.3148	122.199	1.72301	461.277	1	1	1	1	1	1	1	0
24.08.2015 01:46:53.716000	-0.00999999	-0.0214113	-0.00849238	126.297	678.727	0.000542535	4	2	2	2	0.251467	306	70.1361	0	0	0	0.315401	122.179	1.72503	461.193	1	1	1	1	1	1	1	0
24.08.2015 01:46:53.816000	-0.00999999	-0.0214113	-0.00849238	126.297	678.703	0.00072338	4	2	2	2	0.242706	306	70.1361	0	0	0	0.315234	122.168	1.73418	461.117	1	1	1	1	1	1	1	0
24.08.2015 01:46:53.916000	-0.00999999	-0.0214113	-0.00849238	126.297	678.727	0.000542535	4	2	2	2	0.262421	306	70.1361	0	0	0	0.315545	122.152	1.73595	461.05	1	1	1	1	1	1	1	0
24.08.2015 01:46:54.016000	-0.00999999	-0.0214113	-0.00849238	126.302	678.701	0.00180845	4	2	2	2	0.26558	306	70.1361	0	0	0	0.31611	122.139	1.73522	461.001	1	1	1	1	1	1	1	0
24.08.2015 01:46:54.116000	-0.00999999	-0.0214113	-0.00849238	126.297	678.703	0.00325521	4	2	2	2	0.246336	306	70.1361	0	0	0	0.315545	122.123	1.73601	460.938	1	1	1	1	1	1	1	0
24.08.2015 01:46:54.216000	-0.00999999	-0.0214113	-0.00849238	126.299	678.724	0.00325521	4	2	2	2	0.239585	306	70.1361	0	0	0	0.316262	122.109	1.72771	460.916	1	1	1	1	1	1	1	0
24.08.2015 01:46:54.316000	-0.00999999	-0.0214113	-0.00849238	126.289	678.746	0.00271267	4	2	2	2	0.247824	306	70.1361	0	0	0	0.315104	122.096	1.72588	460.872	1	1	1	1	1	1	1	0
24.08.2015 01:46:54.416000	-0.00999999	-0.0214113	-0.00849238	126.292	678.719	0.00108507	4	2	2	2	0.260264	306	70.1361	0	0	0	0.315972	122.078	1.72619	460.801	1	1	1	1	1	1	1	0
24.08.2015 01:46:54.516000	-0.00999999	-0.0214113	-0.00849238	126.297	678.738	0.000542535	4	2	2	2	0.25052	306	70.1361	0	0	0	0.314822	122.069	1.72918	460.759	1	1	1	1	1	1	1	0
24.08.2015 01:46:54.616000	-0.00999999	-0.0214113	-0.00849238	126.299	678.74	0.00108507	4	2	2	2	0.247011	306	70.1361	0	0	0	0.315538	122.046	1.73333	460.652	1	1	1	1	1	1	1	0
24.08.2015 01:46:54.716000	-0.00999999	-0.0214113	-0.00849238	126.297	678.754	0.00108507	4	2	2	2	0.254315	306	70.1361	0	0	0	0.315234	122.04	1.73797	460.611	1	1	1	1	1	1	1	0
24.08.2015 01:46:54.816000	-0.00999999	-0.0214113	-0.00849238	126.305	678.734	0.00072338	4	2	2	2	0.253149	306	70.1361	0	0	0	0.315553	122.019	1.74773	460.496	1	1	1	1	1	1	1	0
24.08.2015 01:46:54.916000	-0.00999999	-0.0214113	-0.00849238	126.297	678.73	0.000542535	4	2	2	2	0.257163	306	70.1361	0	0	0	0.315234	122.003	1.7625	460.378	1	1	1	1	1	1	1	0
24.08.2015 01:46:55.016000	-0.00999999	-0.0214113	-0.00849238	126.302	678.727	-0.00036169	4	2	2	2	0.240255	306	70.1361	0	0	0	0.315401	121.986	1.76208	460.313	1	1	1	1	1	1	1	0
24.08.2015 01:46:55.116000	-0.00999999	-0.0214113	-0.00849238	126.301	678.727	0	4	2	2	2	0.250995	306	70.1361	0	0	0	0.315958	121.973	1.75475	460.29	1	1	1	1	1	1	1	0
24.08.2015 01:46:55.216000	-0.00999999	-0.0214113	-0.00849238	126.302	678.727	-0.00072338	4	2	2	2	0.24228	306	70.1361	0	0	0	0.315697	121.955	1.75762	460.212	1	1	1	1	1	1	1	0
24.08.2015 01:46:55.316000	-0.00999999	-0.0214113	-0.00849238	126.305	678.727	0.000542535	4	2	2	2	0.2401	306	70.1361	0	0	0	0.315676	121.94	1.76049	460.145	1	1	1	1	1	1	1	0
24.08.2015 01:46:55.416000	-0.00999999	-0.0214113	-0.00849238	126.305	678.727	0.00108507	4	2	2	2	0.259721	306	70.1361	0	0	0	0.315538	121.928	1.75799	460.107	1	1	1	1	1	1	1	0
24.08.2015 01:46:55.516000	-0.00999999	-0.0214113	-0.00849238	126.305	678.727	0.00108507	4	2	2	2	0.273983	306	70.1361	0	0	0	0.316406	121.911	1.75988	460.035	1	1	1	1	1	1	1	0
24.08.2015 01:46:55.616000	-0.00999999	-0.0214113	-0.00849238	126.305	678.727	0.00036169	4	2	2	2	0.248259	306	70.1361	0	0	0	0.315401	121.897	1.76403	459.966	1	1	1	1	1	1	1	0
24.08.2015 01:46:55.716000	-0.00999999	-0.0214113	-0.00849238	126.305	678.727	0.000542535	4	2	2	2	0.260589	306	70.1361	0	0	0	0.315972	121.882	1.76971	459.885	1	1	1	1	1	1	1	0
24.08.2015 01:46:55.816000	-0.00999999	-0.0214113	-0.00849238	126.302	678.727	0.00108507	4	2	2	2	0.238334	306	70.1361	0	0	0	0.315607	121.872	1.77065	459.845	1	1	1	1	1	1	1	0
