Time	[76:0]	[76:1]	[76:2]	[76:4]	[76:8]	[76:70]	[76:71]	[78:0]	[78:1]	[78:2]	[79:2]	[79:3]	[79:4]	[79:8]	[79:9]	[79:10]	[79:11]	[79:12]	[79:13]	[79:14]	[79.0]	[79.1]	[79.2]	[79.3]	[79.4]	[79.5]	[79.6]	[79.8]
time	Hoogteverstelling - Referentie positie (mm)	Hoogteverstelling - AZ gemeten positie (mm)	Hoogteverstelling - BZ gemeten positie (mm)	Transfert Ingang - Gemeten positie (mm)	Transfert Uitgang - Gemeten positie (mm)	Aardgas - actueel debiet	Stappenschakelaar - gemeten pos	Laspos Ing - positie discreet	Laspos Uitg - positie discreet	Schaafverstelling - positie discreet	Stuikraam - Totale Stroommeting RMS-waarde (A)	Stuikraam - Stroomreferentie (A)	Stuikraam - Positie AZ (mm, pulsgever)	Stuikraam - Referentie Servo-ventiel (%)	Stuikraam - Trim door I-regelaar (%)	Stuikraam - Gemeten snelheid (mm/s, pulsgever)	Secundaire lasspanning	Stuikraam - Druk stuikcilinder voorkamer (=laszijde)  (bar)	Stuikraam - Druk stuikcilinder terugloopkamer  (bar)	Stuikraam - Netto voorwaartse kracht op stuikraam (kN)	Stuikraam - P1	Stuikraam - P2	Stuikraam - P3	Stuikraam - P4	Stuikraam - P5	Stuikraam - P6	Stuikraam - P7	Stuikraam - Openen stuikventielen	

Lasparameter.Ingang - Coil ID	0322954S
Lasparameter.Ingang - Dikte (um)	4250
Lasparameter.Ingang - Breedte (mm)	1000
Lasparameter.Ingang - Materiaal	0001
Lasparameter.Uitgang - Coil ID	0314064S
Lasparameter.Uitgang - Dikte (um)	4230
Lasparameter.Uitgang - Breedte (mm)	1000
Lasparameter.Uitgang - Materiaal	0001
Lasparameter.P2 (mm)	24.0
Lasparameter.P3 (mm)	34.0
Lasparameter.P4 (mm)	42.2
Lasparameter.P5 (mm)	50.8
Lasparameter.P6 (mm)	57.5
Lasparameter.P7 (mm)	62.2
Lasparameter.Vonksnelheid (mm/s)	1.20
Lasparameter.Lassnelheid (mm/s)	0.48
Lasparameter.Stroom Referentie (A)	0296
Lasparameter.Stroomtoename (µA/s2)	56.9
Lasparameter.Stuikstroomtijd (per)	0009
Lasparameter.Afkoeltijd Stuik (per)	0010
Lasparameter.Stuikdruk (bar)	0101
Lasparameter.Stuiksnelheid (%)	90.0

11.08.2015 03:17:45.494000	-0.00999999	-0.0128483	-0.0127401	-0.0117188	0.0898438	0.00108507	6	4	4	4	0.251719	296	0	0	0	0	0.365697	2.74001	122.887	-460.02	1	0	0	0	0	0	0	0
11.08.2015 03:17:45.594000	-0.00999999	-0.0128483	-0.0127401	-0.0078125	0.0117188	0.00108507	6	4	4	4	0.247101	296	0	0	0	0	0.365741	2.47353	122.836	-460.844	1	0	0	0	0	0	0	0
11.08.2015 03:17:45.694000	-0.00999999	-0.0128483	-0.0127401	-0.00520833	-0.359375	-0.00036169	6	4	4	4	0.242551	296	0	0	0	0	0.36603	2.50294	122.818	-460.661	1	0	0	0	0	0	0	0
11.08.2015 03:17:45.794000	-0.00999999	-0.0128483	-0.0127401	0	-1.96484	-0.00108507	6	4	4	4	0.258729	296	0	0	0	0	0.365205	2.80148	122.807	-459.476	1	0	0	0	0	0	0	0
11.08.2015 03:17:45.894000	-0.00999999	-0.0128483	-0.0127401	0	-10.4505	-0.00108507	6	4	4	4	0.256398	296	0	0	0	0	0.36514	4.12482	122.814	-454.438	1	0	0	0	0	0	0	0
11.08.2015 03:17:45.994000	-0.00999999	-0.0128483	-0.0127401	0	-27.6094	-0.00108507	6	4	4	4	0.249696	296	0	0	0	0	0.364439	4.89468	122.829	-451.547	1	0	0	0	0	0	0	0
11.08.2015 03:17:46.094000	-0.00999999	-0.0128483	-0.0127401	-0.0130208	-48.7917	-0.00108507	6	4	4	4	0.250665	296	0	0	0	0	0.365039	5.51805	122.853	-449.251	1	0	0	0	0	0	0	0
11.08.2015 03:17:46.194000	-0.00999999	-0.0128483	-0.0127401	-0.015625	-84.293	-0.000542535	6	4	4	4	0.262001	296	0	0	0	0	0.36611	4.69295	122.811	-452.251	1	0	0	0	0	0	0	0
11.08.2015 03:17:46.294000	-0.00999999	-0.0128483	-0.0127401	-0.00520833	-114.469	-0.00072338	6	4	4	4	0.258856	296	0	0	0	0	0.367043	5.41575	122.841	-449.597	1	0	0	0	0	0	0	0
11.08.2015 03:17:46.394000	-0.00999999	-0.0128483	-0.0127401	0	-147.875	-0.00108507	6	4	4	4	0.282678	296	0	0	0	0	0.367289	4.56014	122.78	-452.64	1	0	0	0	0	0	0	0
11.08.2015 03:17:46.494000	-0.00999999	-0.0128483	-0.0127401	0	-191.396	-0.00144676	6	4	4	4	0.274195	296	0	0	0	0	0.367933	4.64852	122.769	-452.259	1	0	0	0	0	0	0	0
11.08.2015 03:17:46.594000	-0.00999999	-0.0128483	-0.0127401	0	-242.148	-0.00108507	6	4	4	4	0.293039	296	0	0	0	0	0.368302	5.66301	122.776	-448.403	1	0	0	0	0	0	0	0
11.08.2015 03:17:46.694000	-0.00999999	-0.0128483	-0.0127401	0	-282.5	-0.00144676	6	4	4	4	0.279192	296	0	0	0	0	0.368656	5.77081	122.754	-447.907	1	0	0	0	0	0	0	0
11.08.2015 03:17:46.794000	-0.00999999	-0.0128483	-0.0127401	-0.0117188	-322.66	-0.00108507	6	4	4	4	0.265987	296	0	0	0	0	0.369191	3.21024	122.665	-457.367	1	0	0	0	0	0	0	0
11.08.2015 03:17:46.894000	-0.00999999	-0.0128483	-0.0127401	-0.00520833	-373.62	-0.00144676	6	4	4	4	0.286814	296	0	0	0	0	0.369481	3.53148	122.635	-456.025	1	0	0	0	0	0	0	0
11.08.2015 03:17:46.994000	-0.00999999	-0.0128483	-0.0127401	0.0078125	-419.277	-0.00325521	6	4	4	4	0.304159	296	0	0	0	0	0.37105	7.30406	122.756	-442.043	1	0	0	0	0	0	0	0
11.08.2015 03:17:47.094000	-0.00999999	-0.0128483	-0.0127401	0	-459.24	-0.00144676	6	4	4	4	0.293255	296	0	0	0	0	0.370804	5.37382	122.738	-449.366	1	0	0	0	0	0	0	0
11.08.2015 03:17:47.194000	-0.00999999	-0.0128483	-0.0127401	0	-499.07	-0.00108507	6	4	4	4	0.28194	296	0	0	0	0	0.371672	3.98883	122.623	-454.227	1	0	0	0	0	0	0	0
11.08.2015 03:17:47.294000	-0.00999999	-0.0128483	-0.0127401	0	-553.883	-0.00036169	6	4	4	4	0.257382	296	0	0	0	0	0.371897	5.91504	122.657	-446.98	1	0	0	0	0	0	0	0
11.08.2015 03:17:47.394000	-0.00999999	-0.0128483	-0.0127401	-0.0078125	-586.734	0.00108507	6	4	4	4	0.266473	296	0	0	0	0	0.372729	5.59172	122.629	-448.112	1	0	0	0	0	0	0	0
11.08.2015 03:17:47.494000	-0.00999999	-0.0128483	-0.0127401	0	-611.953	0	6	4	4	4	0.260821	296	0	0	0	0	0.372085	4.68423	122.583	-451.41	1	0	0	0	0	0	0	0
11.08.2015 03:17:47.594000	-0.00999999	-0.0128483	-0.0127401	0	-635.004	0.000542535	6	4	4	4	0.24469	296	0	0	0	0	0.371304	5.54521	122.581	-448.107	1	0	0	0	0	0	0	0
11.08.2015 03:17:47.694000	-0.00999999	-0.0128483	-0.0127401	0	-651.872	0.00108507	6	4	4	4	0.255098	296	0	0	0	0	0.37066	5.26505	122.558	-449.091	1	0	0	0	0	0	0	0
11.08.2015 03:17:47.794000	-0.00999999	-0.0128483	-0.0127401	-0.0117188	-661.379	0.00108507	6	4	4	4	0.249889	296	0	0	0	0	0.369133	3.99219	122.481	-453.668	1	0	0	0	0	0	0	0
11.08.2015 03:17:47.894000	-0.00999999	-0.0128483	-0.0127401	0	-666.297	0.00072338	6	4	4	4	0.241317	296	0	0	0	0	0.3682	2.82455	122.418	-457.899	1	0	0	0	0	0	0	0
11.08.2015 03:17:47.994000	-0.00999999	-0.0128483	-0.0127401	0.242188	-668.156	0.00108507	6	4	4	4	0.235005	296	0	0	0	0	0.36692	3.53362	122.409	-455.151	1	0	0	0	0	0	0	0
11.08.2015 03:17:48.094000	-0.00999999	-0.0128483	-0.0127401	1.3099	-669.523	0.00217014	6	4	4	4	0.243089	296	0	0	0	0	0.36692	4.82009	122.424	-450.281	1	0	0	0	0	0	0	0
11.08.2015 03:17:48.194000	-0.00999999	-0.0128483	-0.0127401	8.79688	-670.016	0.00271267	6	4	4	4	0.245589	296	0	0	0	0	0.366052	4.78298	122.403	-450.345	1	0	0	0	0	0	0	0
11.08.2015 03:17:48.294000	-0.00999999	-0.0128483	-0.0127401	25.7917	-670.065	0.00289352	6	4	4	4	0.233184	296	0	0	0	0	0.36603	5.23917	122.4	-448.584	1	0	0	0	0	0	0	0
11.08.2015 03:17:48.394000	-0.00999999	-0.0128483	-0.0127401	54.8008	-670.074	0.00379774	6	4	4	4	0.274231	296	0	0	0	0	0.365328	5.25797	122.392	-448.482	1	0	0	0	0	0	0	0
11.08.2015 03:17:48.494000	-0.00999999	-0.0128483	-0.0127401	79.7865	-670.081	0.00542535	6	4	4	4	0.242681	296	0	0	0	0	0.365039	4.67782	122.347	-450.532	1	0	0	0	0	0	0	0
11.08.2015 03:17:48.594000	-0.00999999	-0.0128483	-0.0127401	109.191	-670.082	0.00596788	6	4	4	4	0.234571	296	0	0	0	0	0.364294	4.33937	122.319	-451.719	1	0	0	0	0	0	0	0
11.08.2015 03:17:48.694000	-0.00999999	-0.0128483	-0.0127401	149.195	-670.089	0.00614873	6	4	4	4	0.233121	296	0	0	0	0	0.364316	4.67519	122.302	-450.371	1	0	0	0	0	0	0	0
11.08.2015 03:17:48.794000	-0.00999999	-0.0128483	-0.0127401	200.176	-670.09	0.00705295	6	4	4	4	0.27624	296	0	0	0	0	0.365263	4.5931	122.276	-450.585	1	0	0	0	0	0	0	0
11.08.2015 03:17:48.894000	-0.00999999	-0.0128483	-0.0127401	242.974	-670.094	0.00831887	6	4	4	4	0.272727	296	0	0	0	0	0.365039	5.03311	122.265	-448.857	1	0	0	0	0	0	0	0
11.08.2015 03:17:48.994000	-0.00999999	-0.0128483	-0.0127401	285.926	-670.09	0.00868056	6	4	4	4	0.263349	296	0	0	0	0	0.365697	4.70382	122.239	-450.019	1	0	0	0	0	0	0	0
11.08.2015 03:17:49.094000	-0.00999999	-0.0128483	-0.0127401	340.081	-670.094	0.00940394	6	4	4	4	0.26648	296	0	0	0	0	0.366855	4.62606	122.215	-450.224	1	0	0	0	0	0	0	0
11.08.2015 03:17:49.194000	-0.00999999	-0.0128483	-0.0127401	388.637	-670.094	0.00705295	6	4	4	4	0.260909	296	0	0	0	0	0.37053	4.74734	122.195	-449.684	1	0	0	0	0	0	0	0
11.08.2015 03:17:49.294000	-0.00999999	-0.0128483	-0.0127401	430.13	-670.094	0.00868056	6	4	4	4	0.264755	296	0	0	0	0	0.372352	4.58632	122.174	-450.218	1	0	0	0	0	0	0	0
11.08.2015 03:17:49.394000	-0.00999999	-0.0128483	-0.0127401	464.047	-670.094	0.00759549	6	4	4	4	0.27119	296	0	0	0	0	0.375492	4.4861	122.147	-450.502	1	0	0	0	0	0	0	0
11.08.2015 03:17:49.494000	-0.00999999	-0.0128483	-0.0127401	487.466	-670.102	0.00759549	6	4	4	4	0.254871	296	0	0	0	0	0.376982	4.42634	122.126	-450.648	1	0	0	0	0	0	0	0
11.08.2015 03:17:49.594000	-0.00999999	-0.0128483	-0.0127401	503.965	-670.109	0.00759549	6	4	4	4	0.261919	296	0	0	0	0	0.378718	4.69973	122.117	-449.569	1	0	0	0	0	0	0	0
11.08.2015 03:17:49.694000	-0.00999999	-0.0128483	-0.0127401	520.401	-670.112	0.00831887	6	4	4	4	0.254394	296	0	0	0	0	0.379586	4.45668	122.237	-450.959	1	0	0	0	0	0	0	0
11.08.2015 03:17:49.794000	-0.00999999	-0.0128483	-0.0127401	536.164	-670.109	0.00813802	6	4	4	4	0.25842	296	0	0	0	0	0.381076	3.82916	122.384	-453.924	1	0	0	0	0	0	0	0
11.08.2015 03:17:49.894000	-0.00999999	-0.0128483	-0.0127401	558.286	-670.112	0.00795718	6	4	4	4	0.248219	296	0	0	0	0	0.381055	4.55788	122.583	-451.895	1	0	0	0	0	0	0	0
11.08.2015 03:17:49.994000	-0.00999999	-0.0128483	-0.0127401	574.215	-670.113	0.00976563	6	4	4	4	0.252014	296	0	0	0	0	0.380809	4.64467	123.192	-453.895	1	0	0	0	0	0	0	0
11.08.2015 03:17:50.094000	-0.00999999	-0.0128483	-0.0127401	589.974	-670.112	0.00795718	6	4	4	4	0.250496	296	0	0	0	0	0.381322	4.38386	124.503	-459.914	1	0	0	0	0	0	0	0
11.08.2015 03:17:50.194000	-0.00999999	-0.0128483	-0.0127401	607.719	-670.113	0.0103082	6	4	4	4	0.256548	296	0	0	0	0	0.380664	4.30122	124.458	-460.056	1	0	0	0	0	0	0	0
11.08.2015 03:17:50.294000	-0.00999999	-0.0128483	-0.0127401	625.549	-670.117	0.00868056	6	4	4	4	0.237926	296	0	0	0	0	0.382046	4.5533	124.524	-459.342	1	0	0	0	0	0	0	0
11.08.2015 03:17:50.394000	-0.00999999	-0.0128483	-0.0127401	640.012	-670.113	0.00868056	6	4	4	4	0.24831	296	0	0	0	0	0.381554	4.50404	124.863	-460.829	1	0	0	0	0	0	0	0
11.08.2015 03:17:50.494000	-0.00999999	-0.0128483	-0.0127401	653.685	-670.117	0.00614873	6	4	4	4	0.247771	296	0	0	0	0	0.381778	4.3072	125.219	-462.949	1	0	0	0	0	0	0	0
11.08.2015 03:17:50.594000	-0.00999999	-0.0128483	-0.0127401	671.656	-670.117	0.00542535	6	4	4	4	0.247245	296	0	0	0	0	0.381655	4.42744	125.453	-463.383	1	0	0	0	0	0	0	0
11.08.2015 03:17:50.694000	-0.00999999	-0.0128483	-0.0127401	683.37	-670.117	0.00325521	6	4	4	4	0.240849	296	0	0	0	0	0.382234	4.46974	125.713	-464.218	1	0	0	0	0	0	0	0
11.08.2015 03:17:50.794000	-0.00999999	-0.0128483	-0.0127401	693.793	-670.117	0.0016276	6	4	4	4	0.253541	296	0	0	0	0	0.381778	4.39839	125.946	-465.38	1	0	0	0	0	0	0	0
11.08.2015 03:17:50.894000	-0.00999999	-0.0128483	-0.0127401	703.063	-670.117	0.00072338	6	4	4	4	0.248085	296	0	0	0	0	0.3824	4.33546	126.166	-466.467	1	0	0	0	0	0	0	0
11.08.2015 03:17:50.994000	-0.00999999	-0.0128483	-0.0127401	709.391	-670.121	0.000542535	6	4	4	4	0.262442	296	0	0	0	0	0.382892	4.33229	126.406	-467.396	1	0	0	0	0	0	0	0
11.08.2015 03:17:51.094000	-0.00999999	-0.0128483	-0.0127401	710.385	-670.125	0.00108507	6	4	4	4	0.256887	296	0	0	0	0	0.383847	4.33644	126.63	-468.237	1	0	0	0	0	0	0	0
11.08.2015 03:17:51.194000	-0.00999999	-0.0128483	-0.0127401	711.047	-670.121	0.000542535	6	4	4	4	0.24601	296	0	0	0	0	0.385453	4.37355	126.673	-468.26	1	0	0	0	0	0	0	0
11.08.2015 03:17:51.294000	-0.00999999	-0.0128483	-0.0127401	711.078	-670.125	0.00072338	6	4	4	4	0.265222	296	0	0	0	0	0.387008	4.36201	127.056	-469.77	1	0	0	0	0	0	0	0
11.08.2015 03:17:51.394000	-0.00999999	-0.0128483	-0.0127401	711.078	-670.125	0.00379774	6	4	4	4	0.26733	296	0	0	0	0	0.388122	4.7178	127.555	-470.319	1	0	0	0	0	0	0	0
11.08.2015 03:17:51.494000	-0.00999999	-0.0128483	-0.0127401	711.078	-670.125	0.00180845	6	4	4	4	0.25568	296	0	0	0	0	0.388187	5.06925	127.567	-469.018	1	0	0	0	0	0	0	0
11.08.2015 03:17:51.594000	-0.00999999	-0.0128483	-0.0127401	711.078	-670.125	0.000542535	6	4	4	4	0.247162	296	0	0	0	0	0.386249	4.21357	127.65	-472.614	1	0	0	0	0	0	0	0
11.08.2015 03:17:51.694000	-0.00999999	-0.0128483	-0.0127401	711.078	-670.125	0.00108507	6	4	4	4	0.24595	296	0	0	0	0	0.38329	4.28871	127.775	-472.805	1	0	0	0	0	0	0	0
11.08.2015 03:17:51.794000	-0.00999999	-0.0128483	-0.0127401	711.082	-670.125	0.00108507	6	4	4	4	0.258436	296	0	0	0	0	0.38172	4.7037	128	-472.079	1	0	0	0	0	0	0	0
11.08.2015 03:17:51.894000	-0.00999999	-0.0128483	-0.0127401	711.078	-670.125	0	6	4	4	4	0.232634	296	0	0	0	0	0.379673	4.38502	128.25	-474.256	1	0	0	0	0	0	0	0
11.08.2015 03:17:51.994000	-0.00999999	-0.0128483	-0.0127401	711.078	-670.125	-0.00108507	6	4	4	4	0.239355	296	0	0	0	0	0.3767	4.38289	128.447	-475.016	1	0	0	0	0	0	0	0
11.08.2015 03:17:52.094000	-0.00999999	-0.0128483	-0.0127401	711.083	-670.125	-0.00144676	6	4	4	4	0.235225	296	0	0	0	0	0.375166	4.62264	128.592	-474.655	1	0	0	0	0	0	0	0
11.08.2015 03:17:52.194000	-0.00999999	-0.0128483	-0.0127401	711.086	-670.125	-0.0016276	6	4	4	4	0.257254	296	0	0	0	0	0.373184	4.59334	128.709	-475.213	1	0	0	0	0	0	0	0
11.08.2015 03:17:52.294000	-0.00999999	-0.0128483	-0.0127401	711.086	-670.128	-0.00144676	6	4	4	4	0.269906	296	0	0	0	0	0.372273	4.56514	128.848	-475.853	1	0	0	0	0	0	0	0
11.08.2015 03:17:52.394000	-0.00999999	-0.0128483	-0.0127401	711.086	-670.125	-0.00108507	6	4	4	4	0.269468	296	0	0	0	0	0.369878	4.51234	129.005	-476.659	1	0	0	0	0	0	0	0
11.08.2015 03:17:52.494000	-0.00999999	-0.0128483	-0.0127401	711.089	-670.13	-0.00108507	6	4	4	4	0.272394	296	0	0	0	0	0.368656	4.5005	129.143	-477.232	1	0	0	0	0	0	0	0
11.08.2015 03:17:52.594000	-0.00999999	-0.0128483	-0.0127401	711.09	-670.125	-0.0016276	6	4	4	4	0.279077	296	0	0	0	0	0.366674	4.54653	129.134	-477.02	1	0	0	0	0	0	0	0
11.08.2015 03:17:52.694000	-0.00999999	-0.0128483	-0.0127401	711.094	-670.133	-0.00108507	6	4	4	4	0.270334	296	0	0	0	0	0.365495	4.53542	129.227	-477.419	1	0	0	0	0	0	0	0
11.08.2015 03:17:52.794000	-0.00999999	-0.0128483	-0.0127401	711.094	-670.145	-0.00108507	6	4	4	4	0.262878	296	0	0	0	0	0.364583	3.94897	129.778	-481.773	1	0	0	0	0	0	0	0
11.08.2015 03:17:52.894000	-0.00999999	-0.0128483	-0.0127401	711.094	-670.143	-0.00072338	6	4	4	4	0.273787	296	0	0	0	0	0.364316	4.20612	128.052	-474.182	1	0	0	0	0	0	0	0
11.08.2015 03:17:52.994000	-0.00999999	-0.0128483	-0.0127401	711.098	-670.141	-0.00108507	6	4	4	4	0.2582	296	0	0	0	0	0.36258	4.7828	129.142	-476.146	1	0	0	0	0	0	0	0
11.08.2015 03:17:53.094000	-0.00999999	-0.0128483	-0.0127401	711.117	-670.141	-0.00072338	6	4	4	4	0.254866	296	0	0	0	0	0.36258	5.96991	129.959	-474.731	1	0	0	0	0	0	0	0
11.08.2015 03:17:53.194000	-0.00999999	-0.0128483	-0.0127401	711.109	-670.141	-0.0016276	6	4	4	4	0.259419	296	0	0	0	0	0.362948	4.82998	129.822	-478.569	1	0	0	0	0	0	0	0
11.08.2015 03:17:53.294000	-0.00999999	-0.0128483	-0.0127401	711.109	-670.141	-0.00180845	6	4	4	4	0.253892	296	0	0	0	0	0.363303	4.50612	129.247	-477.607	1	0	0	0	0	0	0	0
11.08.2015 03:17:53.394000	-0.00999999	-0.0128483	-0.0127401	711.109	-670.141	-0.00108507	6	4	4	4	0.235496	296	0	0	0	0	0.363961	5.27757	128.898	-473.319	1	0	0	0	0	0	0	0
11.08.2015 03:17:53.494000	-0.00999999	-0.0128483	-0.0127401	711.109	-670.141	-0.00253183	6	4	4	4	0.249223	296	0	0	0	0	0.364316	4.88296	128.713	-474.121	1	0	0	0	0	0	0	0
11.08.2015 03:17:53.594000	-0.00999999	-0.0128483	-0.0127401	711.109	-670.141	-0.00108507	6	4	4	4	0.260047	296	0	0	0	0	0.364851	4.88699	128.665	-473.92	1	0	0	0	0	0	0	0
11.08.2015 03:17:53.694000	-0.00999999	-0.0128483	-0.0127401	711.109	-670.141	-0.00108507	6	4	4	4	0.249582	296	0	0	0	0	0.363759	4.96005	128.69	-473.738	1	0	0	0	0	0	0	0
11.08.2015 03:17:53.794000	-0.00999999	-0.0128483	-0.0127401	711.109	-670.141	-0.00108507	6	4	4	4	0.242159	296	0	0	0	0	0.363715	5.04971	128.66	-473.293	1	0	0	0	0	0	0	0
11.08.2015 03:17:53.894000	-0.00999999	-0.0128483	-0.0127401	711.109	-670.141	-0.00144676	6	4	4	4	0.237815	296	0	0	0	0	0.36258	4.90518	128.46	-473.067	1	0	0	0	0	0	0	0
11.08.2015 03:17:53.994000	-0.00999999	-0.0128483	-0.0127401	711.109	-670.141	-0.000542535	6	4	4	4	0.255801	296	0	0	0	0	0.362992	4.73165	128.158	-472.573	1	0	0	0	0	0	0	0
11.08.2015 03:17:54.094000	-0.00999999	-0.0128483	-0.0127401	711.109	-670.141	0.00108507	6	4	4	4	0.254471	296	0	0	0	0	0.362391	4.41122	127.712	-472.093	1	0	0	0	0	0	0	0
11.08.2015 03:17:54.194000	-0.00999999	-0.0128483	-0.0127401	711.105	-670.141	0.00108507	6	4	4	4	0.288099	296	0	0	0	0	0.363303	14.2004	117.448	-395.314	1	0	0	0	0	0	0	0
11.08.2015 03:17:54.294000	-0.00999999	-0.0128483	-0.0127401	710.341	-670.141	0.00144676	6	4	4	4	0.295738	296	0.197475	0	0	4.35301	0.363238	86.3551	94.5167	-31.2602	1	0	0	0	0	0	0	0
11.08.2015 03:17:54.394000	-0.00999999	-0.0128483	-0.0106162	704.766	-670.137	0.000542535	6	4	4	4	0.29093	296	2.53186	0	0	33.1465	0.36373	111.915	84.0005	106.874	1	0	0	0	0	0	0	0
11.08.2015 03:17:54.494000	-0.00999999	-0.0128483	-0.00849238	690.318	-670.133	0.00072338	6	4	4	4	0.259118	296	6.00136	0	0	34.9768	0.364518	110.121	83.1307	103.352	1	0	0	0	0	0	0	0
11.08.2015 03:17:54.594000	-0.00999999	-0.0128483	-0.00849238	673.699	-670.141	0.00108507	6	4	4	4	0.251369	296	9.57644	0	0	35.8721	0.364178	111.977	85.9262	99.7451	1	0	0	0	0	0	0	0
11.08.2015 03:17:54.694000	-0.00999999	-0.0128483	-0.00849238	642.359	-670.141	0.00072338	6	4	4	4	0.25085	296	13.1756	0	0	36.3666	0.36386	115.519	89.9088	98.055	1	0	0	0	0	0	0	0
11.08.2015 03:17:54.794000	-0.00999999	-0.0128483	-0.00849238	616.707	-670.141	0.00108507	6	4	4	4	0.231856	296	16.7491	0	0	35.5387	0.362731	118.579	92.8238	98.6107	1	0	0	0	0	0	0	0
11.08.2015 03:17:54.894000	-0.00999999	-0.0128483	-0.00849238	586.526	-670.141	0.00108507	6	4	4	4	0.234065	296	20.2748	0	0	35.222	0.362138	119.852	94.1824	98.2831	1	0	0	0	0	0	0	0
11.08.2015 03:17:54.994000	-0.00999999	-0.0128483	-0.00849238	544.488	-670.141	0	6	4	4	4	0.243313	296	23.7667	9.5	0	35.2589	0.360981	119.883	93.6683	100.373	1	0.43	0	0	0	0	0	0
11.08.2015 03:17:55.094000	-0.00999999	-0.0128483	-0.00849238	497.643	-670.146	0.00072338	6	4	4	4	0.245246	296	28.1977	50	0	49.8337	0.361256	107.715	82.8636	95.1518	1	1	0	0	0	0	0	0
11.08.2015 03:17:55.194000	-0.00999999	-0.0128483	-0.00849238	458.523	-670.145	0.00108507	6	4	4	4	0.257176	296	31.4324	49.054	0	19.8454	0.360677	92.398	70.5963	83.4743	1	1	0	0	0	0	0	0
11.08.2015 03:17:55.294000	-0.00999999	-0.0128483	-0.00849238	420.904	-670.161	0.00108507	6	4	4	4	0.275389	296	32.7078	40.6501	0	11.8555	0.362659	64.9	41.5457	89.4189	1	1	0	0	0	0	0	0
11.08.2015 03:17:55.394000	-0.00999999	-0.0128483	-0.00849238	371.305	-670.188	0	6	4	4	4	0.251648	296	33.5952	30.6503	0	8.56961	0.364106	53.8822	28.9824	95.3364	1	1	0	0	0	0	0	0
11.08.2015 03:17:55.494000	-0.00999999	-0.0128483	-0.00849238	338.063	-670.18	0.00289352	6	4	4	4	54.2585	296	34.1965	13.5982	0	6.5167	0.430454	48.5282	23.7068	95.0363	1	1	1	0	0	0	0	0
11.08.2015 03:17:55.594000	-0.00999999	-0.0128483	-0.00849238	306.785	-670.176	0.00651042	6	4	4	4	78.6239	296	34.397	5.27501	0	3.88621	6.53014	45.0121	21.5854	89.6961	1	1	1	0	0	0	0	0
11.08.2015 03:17:55.694000	-0.00999999	-0.0128483	-0.00849238	274.419	-670.18	0.00289352	6	4	4	4	78.9232	296	34.5393	5.27501	0	2.55952	10.8732	44.9699	20.393	94.0999	1	1	1	0	0	0	0	0
11.08.2015 03:17:55.794000	-0.00999999	-0.0128483	-0.00849238	242.316	-670.18	0.00271267	6	4	4	4	79.3059	296	34.6716	5.27501	0	1.42938	11.5713	45.1029	19.2436	99.0101	1	1	1	0	0	0	0	0
11.08.2015 03:17:55.894000	-0.00999999	-0.0128483	-0.00849238	223.974	-670.18	0.00397859	6	4	4	4	79.1342	296	34.7989	5.27501	0	1.32226	11.7772	44.7247	18.5633	100.167	1	1	1	0	0	0	0	0
11.08.2015 03:17:55.994000	-0.00999999	-0.0128483	-0.00849238	208.402	-670.18	0.00379774	6	4	4	4	79.1872	296	34.9218	5.27501	0	1.20146	11.8492	41.822	18.1908	90.479	1	1	1	0	0	0	0	0
11.08.2015 03:17:56.094000	-0.00999999	-0.0128483	-0.00849238	185.813	-670.182	0.00253183	6	4	4	4	79.1663	296	35.0481	5.27501	0	1.26788	11.8721	43.0971	17.8136	96.8054	1	1	1	0	0	0	0	0
11.08.2015 03:17:56.194000	-0.00999999	-0.0128483	-0.00849238	166.406	-670.18	0.000542535	6	4	4	4	79.3615	296	35.1695	5.27501	0	1.31599	11.8777	44.111	17.4776	101.974	1	1	1	0	0	0	0	0
11.08.2015 03:17:56.294000	-0.00999999	-0.0128483	-0.00849238	150.99	-670.19	0.00072338	6	4	4	4	79.3769	296	35.2884	5.27501	0	1.25281	11.8825	41.9616	17.3008	94.4215	1	1	1	0	0	0	0	0
11.08.2015 03:17:56.394000	-0.00999999	-0.0128483	-0.00849238	139.57	-670.195	0.0016276	6	4	4	4	79.3457	296	35.4122	5.27501	0	1.18437	11.8936	41.566	17.1718	93.4007	1	1	1	0	0	0	0	0
11.08.2015 03:17:56.494000	-0.00999999	-0.0128483	-0.00849238	130.776	-670.195	0.00036169	6	4	4	4	79.1752	296	35.5266	5.27501	0	1.18881	11.8938	41.9581	17.0206	95.4808	1	1	1	0	0	0	0	0
11.08.2015 03:17:56.594000	-0.00999999	-0.0128483	-0.00849238	127.078	-670.195	0.00108507	6	4	4	4	79.2216	296	35.65	5.27501	0	1.19548	11.8914	43.1949	16.8993	100.68	1	1	1	0	0	0	0	0
11.08.2015 03:17:56.694000	-0.00999999	-0.0128483	-0.00849238	124.339	-670.201	0.00289352	6	4	4	4	79.1542	296	35.7674	5.27501	0	1.1922	11.8975	41.7939	17.0272	94.8269	1	1	1	0	0	0	0	0
11.08.2015 03:17:56.794000	-0.00999999	-0.0128483	-0.00849238	126.07	-670.203	0.00325521	6	4	4	4	79.1614	296	35.8818	5.27501	0	1.18453	11.9013	41.0255	16.9191	92.2985	1	1	1	0	0	0	0	0
11.08.2015 03:17:56.894000	-0.00999999	-0.0128483	-0.00849238	127.026	-670.208	0.00289352	6	4	4	4	79.2704	296	36.0047	5.27501	0	1.18567	11.8963	40.9806	16.8556	92.37	1	1	1	0	0	0	0	0
11.08.2015 03:17:56.994000	-0.00999999	-0.0128483	-0.00849238	127.082	-670.207	0.00434028	6	4	4	4	79.3167	296	36.1146	5.27501	0	1.18996	11.9	42.3262	16.7913	97.7678	1	1	1	0	0	0	0	0
11.08.2015 03:17:57.094000	-0.00999999	-0.0128483	-0.00849238	127.109	-670.211	0.00434028	6	4	4	4	79.3662	296	36.233	5.27501	0	1.18821	11.9047	42.3378	16.7836	97.8419	1	1	1	0	0	0	0	0
11.08.2015 03:17:57.194000	-0.00999999	-0.0128483	-0.00849238	127.109	-670.219	0.00325521	6	4	4	4	79.2256	296	36.3519	5.27501	0	1.14611	11.9193	40.9391	16.7922	92.4535	1	1	1	0	0	0	0	0
11.08.2015 03:17:57.294000	-0.00999999	-0.0128483	-0.00849238	127.109	-670.219	0.00325521	6	4	4	4	79.253	296	36.4683	5.27501	0	1.14611	11.9171	41.8518	16.7895	95.9587	1	1	1	0	0	0	0	0
11.08.2015 03:17:57.394000	-0.00999999	-0.0128483	-0.00849238	127.109	-670.223	0.00325521	6	4	4	4	79.4196	296	36.5857	5.27501	0	1.16572	11.9242	41.613	16.763	95.1457	1	1	1	0	0	0	0	0
11.08.2015 03:17:57.494000	-0.00999999	-0.0128483	-0.00849238	127.109	-670.227	0.00506366	6	4	4	4	79.5045	296	36.702	5.27501	0	1.16766	11.9298	42.8116	16.7758	99.686	1	1	1	0	0	0	0	0
11.08.2015 03:17:57.594000	-0.00999999	-0.0128483	-0.00849238	127.109	-670.227	0.00434028	6	4	4	4	79.3997	296	36.8194	5.27501	0	1.18594	11.9347	41.9595	16.7885	96.3745	1	1	1	0	0	0	0	0
11.08.2015 03:17:57.694000	-0.00999999	-0.0128483	-0.00849238	127.109	-670.232	0.00687211	6	4	4	4	79.6201	296	36.9378	5.27501	0	1.18995	11.934	41.6704	16.7746	95.321	1	1	1	0	0	0	0	0
11.08.2015 03:17:57.794000	-0.00999999	-0.0128483	-0.00849238	127.109	-670.234	0.00651042	6	4	4	4	79.6945	296	37.0547	5.27501	0	1.1782	11.9347	41.9575	16.7822	96.3911	1	1	1	0	0	0	0	0
11.08.2015 03:17:57.894000	-0.00999999	-0.0128483	-0.00849238	127.112	-670.234	0.00542535	6	4	4	4	79.4643	296	37.1686	5.27501	0	1.17316	11.944	42.6093	16.7872	98.8676	1	1	1	0	0	0	0	0
11.08.2015 03:17:57.994000	-0.00999999	-0.0128483	-0.00849238	127.113	-670.234	0.00542535	6	4	4	4	79.7978	296	37.288	5.27501	0	1.16416	11.9408	42.6402	16.8004	98.9356	1	1	1	0	0	0	0	0
11.08.2015 03:17:58.094000	-0.00999999	-0.0128483	-0.00849238	127.112	-670.24	0.00614873	6	4	4	4	79.787	296	37.4054	5.27501	0	1.1568	11.9432	41.1835	16.7985	93.3651	1	1	1	0	0	0	0	0
11.08.2015 03:17:58.194000	-0.00999999	-0.0128483	-0.00849238	127.113	-670.242	0.00651042	6	4	4	4	79.8357	296	37.5198	5.27501	0	1.16136	11.9471	42.3111	16.8158	97.6166	1	1	1	0	0	0	0	0
11.08.2015 03:17:58.294000	-0.00999999	-0.0128483	-0.00849238	127.115	-670.245	0.00614873	6	4	4	4	79.8251	296	37.6422	5.27501	0	1.16765	11.9413	42.8769	16.812	99.7972	1	1	1	0	0	0	0	0
11.08.2015 03:17:58.394000	-0.00999999	-0.0128483	-0.00849238	127.117	-670.242	0.00596788	6	4	4	4	79.9661	296	37.7556	5.27501	0	1.17108	11.9411	42.1811	16.8248	97.0842	1	1	1	0	0	0	0	0
11.08.2015 03:17:58.494000	-0.00999999	-0.0128483	-0.00849238	127.109	-670.247	0.00470197	6	4	4	4	79.7676	296	37.873	5.27501	0	1.17871	11.9444	42.0029	16.836	96.3588	1	1	1	0	0	0	0	0
11.08.2015 03:17:58.594000	-0.00999999	-0.0128483	-0.00849238	127.117	-670.25	0.00434028	6	4	4	4	79.8037	296	37.9948	5.27501	0	1.18259	11.9495	41.1997	16.8655	93.1707	1	1	1	0	0	0	0	0
11.08.2015 03:17:58.694000	-0.00999999	-0.0128483	-0.00849238	127.112	-670.25	0.00506366	6	4	4	4	79.9956	296	38.1097	5.27501	0	1.19559	11.9454	42.6043	16.8777	98.5021	1	1	1	0	0	0	0	0
11.08.2015 03:17:58.794000	-0.00999999	-0.0128483	-0.00849238	127.117	-670.25	0.00596788	6	4	4	4	80.019	296	38.2316	5.27501	0	1.19279	11.9497	42.2812	16.9003	97.1784	1	1	1	0	0	0	0	0
11.08.2015 03:17:58.894000	-0.00999999	-0.0128483	-0.00849238	127.115	-670.25	0.00614873	6	4	4	4	80.1277	296	38.3475	5.27501	0	1.16758	11.9535	41.9959	16.891	96.1216	1	1	1	0	0	0	0	0
11.08.2015 03:17:58.994000	-0.00999999	-0.0128483	-0.00849238	127.117	-670.25	0.00651042	6	4	4	4	79.9323	296	38.4634	5.27501	0	1.16758	11.9545	41.9123	16.8981	95.7746	1	1	1	0	0	0	0	0
11.08.2015 03:17:59.094000	-0.00999999	-0.0128483	-0.00849238	127.115	-670.258	0.00470197	6	4	4	4	79.782	296	38.5868	5.27501	0	1.17314	11.9441	41.9135	16.8991	95.7753	1	1	1	0	0	0	0	0
11.08.2015 03:17:59.194000	-0.00999999	-0.0128483	-0.00849238	127.113	-670.258	0.00325521	6	4	4	4	79.9763	296	38.7027	5.27501	0	1.17326	11.938	42.6608	16.8831	98.6977	1	1	1	0	0	0	0	0
11.08.2015 03:17:59.294000	-0.00999999	-0.0128483	-0.00849238	127.115	-670.26	0.00180845	6	4	4	4	80.0205	296	38.825	5.27501	0	1.20454	11.9341	43.051	16.8757	100.22	1	1	1	0	0	0	0	0
11.08.2015 03:17:59.394000	-0.00999999	-0.0128483	-0.00849238	127.113	-670.258	0.000542535	6	4	4	4	79.983	296	38.9454	5.27501	0	1.20726	11.9363	42.3273	16.9002	97.3555	1	1	1	0	0	0	0	0
11.08.2015 03:17:59.494000	-0.00999999	-0.0128483	-0.00849238	127.117	-670.26	0.00289352	6	4	4	4	80.0997	296	39.0613	5.27501	0	1.19764	11.9369	40.7765	16.8924	91.4476	1	1	1	0	0	0	0	0
11.08.2015 03:17:59.594000	-0.00999999	-0.0128483	-0.00849238	127.113	-670.262	0.00488281	6	4	4	4	80.1921	296	39.1857	5.27501	0	1.19581	11.9477	41.576	16.8983	94.486	1	1	1	0	0	0	0	0
11.08.2015 03:17:59.694000	-0.00999999	-0.0128483	-0.00849238	127.117	-670.263	0.00578704	6	4	4	4	79.7481	296	39.3011	5.27501	0	1.19571	11.9485	42.438	16.9062	97.7563	1	1	1	0	0	0	0	0
11.08.2015 03:17:59.794000	-0.00999999	-0.0128483	-0.00849238	127.117	-670.266	0.00651042	6	4	4	4	79.8797	296	39.4239	5.27501	0	1.19567	11.9307	42.7404	16.9114	98.894	1	1	1	0	0	0	0	0
11.08.2015 03:17:59.894000	-0.00999999	-0.0128483	-0.00849238	127.117	-670.263	0.00542535	6	4	4	4	79.8352	296	39.5418	5.27501	0	1.19568	11.9284	41.4762	16.9136	94.0452	1	1	1	0	0	0	0	0
11.08.2015 03:17:59.994000	-0.00999999	-0.0128483	-0.00849238	127.117	-670.262	0.00434028	6	4	4	4	79.8863	296	39.6562	5.27501	0	1.19569	11.9221	41.6556	16.9229	94.6965	1	1	1	0	0	0	0	0
11.08.2015 03:18:00.094000	-0.00999999	-0.0128483	-0.00849238	127.117	-670.266	0.00506366	6	4	4	4	79.6539	296	39.7776	5.27501	0	1.18597	11.9263	41.3759	16.9115	93.6694	1	1	1	0	0	0	0	0
11.08.2015 03:18:00.194000	-0.00999999	-0.0128483	-0.00849238	127.117	-670.266	0.00542535	6	4	4	4	79.7651	296	39.893	5.27501	0	1.17864	11.9189	43.228	16.9299	100.69	1	1	1	0	0	0	0	0
11.08.2015 03:18:00.294000	-0.00999999	-0.0128483	-0.00849238	127.117	-670.266	0.00542535	6	4	4	4	86.3352	296	40.0124	5.27501	0	1.18408	11.9242	41.9805	16.9388	95.8797	1	1	1	0	0	0	0	0
11.08.2015 03:18:00.394000	-0.00999999	-0.0128483	-0.00849238	127.117	-670.266	0.00596788	6	4	4	4	123.092	296	40.1342	5.27501	0	1.18997	11.9127	41.7662	16.9338	95.0784	1	1	1	0	0	0	0	0
11.08.2015 03:18:00.494000	-0.00999999	-0.0128483	-0.00849238	127.117	-670.266	0.00831887	6	4	4	4	130.511	296	40.2506	5.27501	0	1.18779	11.7053	41.4428	16.9428	93.8057	1	1	1	0	0	0	0	0
11.08.2015 03:18:00.594000	-0.00999999	-0.0128483	-0.00849238	127.117	-670.266	0.00922309	6	4	4	4	179.265	296	40.375	5.27501	0	1.18423	11.5875	41.3414	16.9368	93.4402	1	1	1	0	0	0	0	0
11.08.2015 03:18:00.694000	-0.00999999	-0.0128483	-0.00849238	127.115	-670.266	8.79232	6	4	4	4	453.037	296	40.4919	5.27501	0	1.18957	11.4125	43.3835	16.9232	101.311	1	1	1	0	0	0	0	0
11.08.2015 03:18:00.794000	-0.00999999	-0.0128483	-0.00849238	127.117	-670.266	17.0698	6	4	4	4	233.097	296	40.6123	5.27501	0	1.20145	11.0417	41.7993	16.9449	95.1628	1	1	1	0	0	0	0	0
11.08.2015 03:18:00.894000	-0.00999999	-0.0128483	-0.00849238	127.117	-670.266	22.8541	6	4	4	4	346.661	296	40.7326	5.27501	0	1.20015	10.9522	41.4686	16.9551	93.8571	1	1	1	0	0	0	0	0
11.08.2015 03:18:00.994000	-0.00999999	-0.0128483	-0.00849238	127.117	-670.266	26.4735	6	4	4	4	763.851	296	40.85	5.27501	0	1.1958	10.8458	40.3546	16.9367	89.6627	1	1	1	0	0	0	0	0
11.08.2015 03:18:01.094000	-0.00999999	-0.0128483	-0.00849238	127.117	-670.273	27.581	6	4	4	4	409.948	296	40.9754	5.27501	0	1.19894	10.7708	42.3643	16.963	97.2565	1	1	1	0	0	0	0	0
11.08.2015 03:18:01.194000	-0.00999999	-0.0128483	-0.00849238	127.117	-670.273	28.3198	6	4	4	4	396.715	296	41.0898	5.27501	0	1.21323	10.8675	42.838	16.9713	99.0382	1	1	1	0	0	0	0	0
11.08.2015 03:18:01.294000	-0.00999999	-0.0128483	-0.00849238	127.117	-670.273	28.6252	6	4	4	4	339.054	296	41.2112	5.27501	0	1.21091	10.8795	41.4634	16.9834	93.729	1	1	1	0	0	0	0	0
11.08.2015 03:18:01.394000	-0.00999999	-0.0128483	-0.00849238	127.117	-670.273	29.011	6	4	4	4	544.105	296	41.33	5.27501	0	1.18427	10.8309	41.92	16.9749	95.5096	1	1	1	0	0	0	0	0
11.08.2015 03:18:01.494000	-0.00999999	-0.0128483	-0.00849238	127.117	-670.273	29.1385	6	4	4	4	629.01	296	41.4439	5.27501	0	1.18427	10.79	41.3704	16.9809	93.3824	1	1	1	0	0	0	0	0
11.08.2015 03:18:01.594000	-0.00999999	-0.0128483	-0.00849238	127.113	-670.273	29.2301	6	4	4	4	526.88	296	41.5673	5.27501	0	1.17884	10.7521	43.7903	16.9784	102.657	1	1	1	0	0	0	0	0
11.08.2015 03:18:01.694000	-0.00999999	-0.0128483	-0.00849238	127.12	-670.273	29.3182	6	4	4	4	505.149	296	41.6837	5.27501	0	1.17867	10.8089	42.1417	17.0067	96.2368	1	1	1	0	0	0	0	0
11.08.2015 03:18:01.794000	-0.00999999	-0.0128483	-0.00849238	127.117	-670.273	29.401	6	4	4	4	494.535	296	41.8026	5.27501	0	1.1836	10.8668	42.2729	17.0255	96.6671	1	1	1	0	0	0	0	0
11.08.2015 03:18:01.894000	-0.00999999	-0.0128483	-0.00849238	127.12	-670.273	29.4188	6	4	4	4	484.148	296	41.9259	5.27501	0	1.18434	10.8923	42.6633	17.0215	98.1772	1	1	1	0	0	0	0	0
11.08.2015 03:18:01.994000	-0.00999999	-0.0128483	-0.00849238	127.117	-670.273	29.426	6	4	4	4	506.474	296	42.0433	5.27501	0	1.21322	10.9143	41.9631	17.0087	95.5455	1	1	1	0	0	0	0	0
11.08.2015 03:18:02.094000	-0.00999999	-0.0128483	-0.00849238	127.12	-670.273	29.3265	6	4	4	4	318.602	296	42.1587	3.29357	0	1.21913	10.933	42.9463	17.1762	98.6685	1	1	1	0.58	0	0	0	0
11.08.2015 03:18:02.194000	-0.00999999	-0.0128483	-0.00849238	127.117	-670.273	29.1602	6	4	4	4	212.412	296	42.2095	2.07466	0.215916	1.21913	9.87585	43.7208	17.2264	101.442	1	1	1	1	0	0	0	0
11.08.2015 03:18:02.294000	-0.00999999	-0.0128483	-0.00849238	127.12	-670.273	29.0469	6	4	4	4	319.967	296	42.2577	2.08128	0.222539	0.969013	8.26495	42.9354	17.5046	97.3696	1	1	1	1	0	0	0	0
11.08.2015 03:18:02.394000	-0.00999999	-0.0128483	-0.00849238	127.121	-670.273	28.8732	6	4	4	4	305.369	296	42.309	1.94322	0.0844793	0.755946	7.77163	42.7245	17.7386	95.6659	1	1	1	1	0	0	0	0
11.08.2015 03:18:02.494000	-0.00999999	-0.0128483	-0.00849238	127.12	-670.273	28.6675	6	4	4	4	358.033	296	42.3592	1.89206	0.0333184	0.755946	7.65767	43.0882	17.9353	96.3053	1	1	1	1	0	0	0	0
11.08.2015 03:18:02.594000	-0.00999999	-0.0128483	-0.00849238	127.125	-670.273	28.4679	6	4	4	4	318.15	296	42.4089	1.7759	-0.0828364	0.755946	7.59606	43.2216	18.1053	96.1653	1	1	1	1	0	0	0	0
11.08.2015 03:18:02.694000	-0.00999999	-0.0128483	-0.00849238	127.117	-670.273	28.3999	6	4	4	4	264.005	296	42.4527	1.79019	-0.0685547	0.755946	7.58247	42.879	18.2637	94.2471	1	1	1	1	0	0	0	0
11.08.2015 03:18:02.794000	-0.00999999	-0.0128483	-0.00849238	127.125	-670.273	28.291	6	4	4	4	301.007	296	42.5015	1.82522	-0.0335201	0.637896	7.63922	43.7335	18.4071	96.9699	1	1	1	1	0	0	0	0
11.08.2015 03:18:02.894000	-0.00999999	-0.0128483	-0.00849238	127.122	-670.273	28.1959	6	4	4	4	266.239	296	42.5517	1.86174	0.00300303	0.487651	7.63945	43.5559	18.5286	95.8243	1	1	1	1	0	0	0	0
11.08.2015 03:18:02.994000	-0.00999999	-0.0128483	-0.00849238	127.125	-670.273	28.1359	6	4	4	4	303.477	296	42.6014	1.88013	0.0213841	0.487651	7.65686	43.2687	18.6327	94.3263	1	1	1	1	0	0	0	0
11.08.2015 03:18:03.094000	-0.00999999	-0.0128483	-0.00849238	127.12	-670.273	28.0584	6	4	4	4	310.099	296	42.6502	1.91216	0.0534214	0.487651	7.6693	44.2674	18.711	97.8503	1	1	1	1	0	0	0	0
11.08.2015 03:18:03.194000	-0.00999999	-0.0128483	-0.00849238	127.121	-670.273	27.9438	6	4	4	4	319.22	296	42.6974	1.77832	-0.0804242	0.487651	7.6283	43.9748	18.8091	96.3544	1	1	1	1	0	0	0	0
11.08.2015 03:18:03.294000	-0.00999999	-0.0128483	-0.00849238	127.122	-670.273	27.8856	6	4	4	4	299.136	296	42.7472	1.81461	-0.0441264	0.489112	7.61518	43.4499	18.8833	94.0604	1	1	1	1	0	0	0	0
11.08.2015 03:18:03.394000	-0.00999999	-0.0128483	-0.00849238	127.125	-670.273	27.8326	6	4	4	4	297.947	296	42.7954	1.77746	-0.0812829	0.491494	7.63014	43.7859	18.9634	95.0403	1	1	1	1	0	0	0	0
11.08.2015 03:18:03.494000	-0.00999999	-0.0128483	-0.00849238	127.12	-670.273	27.8092	6	4	4	4	306.747	296	42.8427	1.75256	-0.106179	0.491494	7.62595	44.1658	19.0334	96.2272	1	1	1	1	0	0	0	0
11.08.2015 03:18:03.594000	-0.00999999	-0.0128483	-0.00849238	127.125	-670.273	27.7837	6	4	4	4	303.651	296	42.8884	1.77089	-0.0878468	0.491494	7.61196	44.2414	19.0782	96.3448	1	1	1	1	0	0	0	0
11.08.2015 03:18:03.694000	-0.00999999	-0.0128483	-0.00849238	127.125	-670.273	27.7778	6	4	4	4	238.378	296	42.9382	1.76613	-0.0926103	0.491494	7.60203	44.4044	19.146	96.7094	1	1	1	1	0	0	0	0
11.08.2015 03:18:03.794000	-0.00999999	-0.0128483	-0.00849238	127.125	-670.273	27.7745	6	4	4	4	302.801	296	42.9879	1.80552	-0.0532238	0.489397	7.67124	44.3346	19.1917	96.267	1	1	1	1	0	0	0	0
11.08.2015 03:18:03.894000	-0.00999999	-0.0128483	-0.00849238	127.125	-670.273	27.7691	6	4	4	4	301.246	296	43.0352	1.82917	-0.0295721	0.48196	7.64784	44.3511	19.2292	96.187	1	1	1	1	0	0	0	0
11.08.2015 03:18:03.994000	-0.00999999	-0.0128483	-0.00849238	127.121	-670.273	27.7561	6	4	4	4	312.307	296	43.0859	1.82912	-0.0296201	0.48196	7.61398	44.3489	19.2679	96.03	1	1	1	1	0	0	0	0
11.08.2015 03:18:04.094000	-0.00999999	-0.0128483	-0.00849238	127.125	-670.273	27.7499	6	4	4	4	298.438	296	43.1391	1.81709	-0.0416476	0.48196	7.60788	44.5135	19.3082	96.506	1	1	1	1	0	0	0	0
11.08.2015 03:18:04.194000	-0.00999999	-0.0128483	-0.00849238	127.121	-670.273	27.7469	6	4	4	4	291.202	296	43.1889	1.80759	-0.0511487	0.48196	7.62713	44.4676	19.3282	96.2536	1	1	1	1	0	0	0	0
11.08.2015 03:18:04.294000	-0.00999999	-0.0128483	-0.00849238	127.125	-670.273	27.7434	6	4	4	4	266.628	296	43.2381	1.80807	-0.0506685	0.486578	7.6249	44.483	19.3602	96.1901	1	1	1	1	0	0	0	0
11.08.2015 03:18:04.394000	-0.00999999	-0.0128483	-0.00849238	127.125	-670.273	27.7371	6	4	4	4	263.238	296	43.2884	1.8361	-0.0226443	0.500432	7.62951	44.5118	19.3907	96.1835	1	1	1	1	0	0	0	0
11.08.2015 03:18:04.494000	-0.00999999	-0.0128483	-0.00849238	127.125	-670.273	27.734	6	4	4	4	240.19	296	43.3416	1.89517	0.0364253	0.500432	7.64625	44.562	19.4086	96.3074	1	1	1	1	0	0	0	0
11.08.2015 03:18:04.594000	-0.00999999	-0.0128483	-0.00849238	127.125	-670.273	27.7279	6	4	4	4	286.114	296	43.3968	1.97787	0.119127	0.500432	7.66273	44.5231	19.4209	96.1113	1	1	1	1	0	0	0	0
11.08.2015 03:18:04.694000	-0.00999999	-0.0128483	-0.00849238	127.125	-670.273	27.7192	6	4	4	4	279.322	296	43.45	2.04358	0.184853	0.500432	7.63777	44.4489	19.4347	95.8692	1	1	1	1	0	0	0	0
11.08.2015 03:18:04.794000	-0.00999999	-0.0128483	-0.00849238	127.125	-670.273	27.7159	6	4	4	4	281.072	296	43.5047	2.09841	0.23967	0.522123	7.63385	44.948	19.4524	97.6175	1	1	1	1	0	0	0	0
11.08.2015 03:18:04.894000	-0.00999999	-0.0128483	-0.00849238	127.125	-670.273	27.7091	6	4	4	4	313.01	296	43.562	2.14962	0.290875	0.535992	7.65087	44.4986	19.4401	96.358	1	1	1	1	0	0	0	0
11.08.2015 03:18:04.994000	-0.00999999	-0.0128483	-0.00849238	127.125	-670.273	27.7018	6	4	4	4	324.497	296	43.6241	2.17213	0.313403	0.535992	7.61157	44.6419	19.4446	95.9258	1	1	1	1	0	0	0	0
11.08.2015 03:18:05.094000	-0.00999999	-0.0128483	-0.00849238	127.125	-670.273	27.6986	6	4	4	4	285.94	296	43.6838	2.16672	0.307981	0.535992	7.57977	44.9886	19.4363	97.4422	1	1	1	1	0	0	0	0
11.08.2015 03:18:05.194000	-0.00999999	-0.0128483	-0.00849238	127.125	-670.273	27.698	6	4	4	4	256.998	296	43.7415	2.17478	0.316039	0.554191	7.61793	44.6928	19.4297	96.7313	1	1	1	1	0	0	0	0
11.08.2015 03:18:05.294000	-0.00999999	-0.0128483	-0.00849238	127.125	-670.273	27.7004	6	4	4	4	294.562	296	43.8002	2.20757	0.348831	0.585179	7.63848	43.7906	19.4395	93.2357	1	1	1	1	0	0	0	0
11.08.2015 03:18:05.394000	-0.00999999	-0.0128483	-0.00849238	127.125	-670.273	27.7034	6	4	4	4	308.379	296	43.8569	2.23055	0.371807	0.585179	7.61637	44.2692	19.4374	95.0763	1	1	1	1	0	0	0	0
11.08.2015 03:18:05.494000	-0.00999999	-0.0128483	-0.00849238	127.125	-670.273	27.7054	6	4	4	4	274.652	296	43.9151	2.24077	0.382027	0.585179	7.59124	44.7043	19.4344	96.7533	1	1	1	1	0	0	0	0
11.08.2015 03:18:05.594000	-0.00999999	-0.0128483	-0.00849238	127.125	-670.273	27.7067	6	4	4	4	286.985	296	43.9823	2.27483	0.416085	0.587836	7.59525	44.5043	19.4192	96.0457	1	1	1	1	0	0	0	0
11.08.2015 03:18:05.694000	-0.00999999	-0.0128483	-0.00849238	127.125	-670.273	27.7047	6	4	4	4	297.971	296	44.0405	2.30084	0.442103	0.597828	7.56903	44.2136	19.414	94.9524	1	1	1	1	0	0	0	0
11.08.2015 03:18:05.794000	-0.00999999	-0.0128483	-0.00849238	127.125	-670.273	27.7013	6	4	4	4	230.192	296	44.0992	2.32597	0.467227	0.597828	7.5888	44.7408	19.4043	97.0085	1	1	1	1	0	0	0	0
11.08.2015 03:18:05.894000	-0.00999999	-0.0128483	-0.00849238	127.125	-670.273	27.7004	6	4	4	4	288.304	296	44.1608	2.38942	0.530683	0.597828	7.63006	44.4682	19.4017	95.9749	1	1	1	1	0	0	0	0
11.08.2015 03:18:05.994000	-0.00999999	-0.0128483	-0.00849238	127.125	-670.273	27.6969	6	4	4	4	297.223	296	44.23	2.44359	0.58485	0.601792	7.59853	46.2001	19.3824	102.68	1	1	1	1	0	0	0	0
11.08.2015 03:18:06.094000	-0.00999999	-0.0128483	-0.00849238	127.125	-670.276	27.6928	6	4	4	4	314.68	296	44.2897	2.47248	0.613743	0.618694	7.57295	40.8547	19.3749	82.242	1	1	1	1	0	0	0	0
11.08.2015 03:18:06.194000	-0.00999999	-0.0128483	-0.00849238	127.125	-670.273	27.6877	6	4	4	4	300.137	296	44.3519	2.47972	0.620977	0.618694	7.57786	44.896	19.3547	97.7926	1	1	1	1	0	0	0	0
11.08.2015 03:18:06.294000	-0.00999999	-0.0128483	-0.00849238	127.125	-670.273	27.6863	6	4	4	4	294.994	296	44.416	2.47738	0.618636	0.618694	7.58129	44.6131	19.3316	96.7975	1	1	1	1	0	0	0	0
11.08.2015 03:18:06.394000	-0.00999999	-0.0128483	-0.00849238	127.125	-670.273	27.6845	6	4	4	4	305.047	296	44.4827	2.48034	0.621596	0.622954	7.59217	40.6176	19.3321	81.4982	1	1	1	1	0	0	0	0
11.08.2015 03:18:06.494000	-0.00999999	-0.0128483	-0.00849238	127.125	-670.273	27.6808	6	4	4	4	290.612	296	44.5444	2.48445	0.625707	0.63447	7.59107	49.3403	19.3027	115.008	1	1	1	1	0	0	0	0
11.08.2015 03:18:06.594000	-0.00999999	-0.0128483	-0.00849238	127.125	-670.273	27.6801	6	4	4	4	289.609	296	44.6045	2.48796	0.629217	0.63447	7.59824	41.4534	19.3184	84.7503	1	1	1	1	0	0	0	0
11.08.2015 03:18:06.694000	-0.00999999	-0.0128483	-0.00849238	127.125	-670.273	27.6798	6	4	4	4	285.289	296	44.6727	2.50389	0.645151	0.63447	7.60119	46.1882	19.2899	102.988	1	1	1	1	0	0	0	0
11.08.2015 03:18:06.794000	-0.00999999	-0.0128483	-0.00849238	127.125	-670.273	27.6785	6	4	4	4	252.847	296	44.7388	2.52794	0.669197	0.639293	7.58234	44.9682	19.286	98.3322	1	1	1	1	0	0	0	0
11.08.2015 03:18:06.894000	-0.00999999	-0.0128483	-0.00849238	127.125	-670.273	27.6736	6	4	4	4	290.331	296	44.8	2.57266	0.713922	0.645953	7.60174	45.9308	19.2657	102.095	1	1	1	1	0	0	0	0
11.08.2015 03:18:06.994000	-0.00999999	-0.0128483	-0.00849238	127.125	-670.273	27.6709	6	4	4	4	293.148	296	44.8677	2.60606	0.747315	0.645953	7.58571	43.6987	19.2589	93.5748	1	1	1	1	0	0	0	0
11.08.2015 03:18:07.094000	-0.00999999	-0.0128483	-0.00849238	127.125	-670.273	27.6707	6	4	4	4	313.747	296	44.9383	2.63223	0.773492	0.645953	7.60097	42.5287	19.2578	89.0997	1	1	1	1	0	0	0	0
11.08.2015 03:18:07.194000	-0.00999999	-0.0128483	-0.00849238	127.125	-670.277	27.672	6	4	4	4	283.683	296	45.0025	2.64385	0.785105	0.664821	7.59167	46.5269	19.2337	104.5	1	1	1	1	0	0	0	0
11.08.2015 03:18:07.294000	-0.00999999	-0.0128483	-0.00849238	127.125	-670.273	27.6714	6	4	4	4	252.582	296	45.0756	2.661	0.802254	0.672159	7.59325	42.8733	19.2339	90.5105	1	1	1	1	0	0	0	0
11.08.2015 03:18:07.394000	-0.00999999	-0.0128483	-0.00849238	127.125	-670.273	27.6714	6	4	4	4	300.002	296	45.1427	2.70396	0.845222	0.672159	7.61664	45.2596	19.2032	99.765	1	1	1	1	0	0	0	0
11.08.2015 03:18:07.494000	-0.00999999	-0.0128483	-0.00849238	127.125	-670.273	27.6725	6	4	4	4	308.405	296	45.2119	2.73098	0.872241	0.673645	7.5918	43.2551	19.1853	92.1586	1	1	1	1	0	0	0	0
11.08.2015 03:18:07.594000	-0.00999999	-0.0128483	-0.00849238	127.125	-670.277	27.6693	6	4	4	4	297.375	296	45.2845	2.73954	0.8808	0.687022	7.5729	46.3649	19.1654	104.142	1	1	1	1	0	0	0	0
11.08.2015 03:18:07.694000	-0.00999999	-0.0128483	-0.00849238	127.125	-670.276	27.6729	6	4	4	4	247.858	296	45.3482	2.74613	0.887392	0.687022	7.58338	42.653	19.1579	89.958	1	1	1	1	0	0	0	0
11.08.2015 03:18:07.794000	-0.00999999	-0.0128483	-0.00849238	127.125	-670.273	27.6736	6	4	4	4	267.885	296	45.4278	2.79604	0.937294	0.687022	7.61795	45.4917	19.137	100.907	1	1	1	1	0	0	0	0
11.08.2015 03:18:07.894000	-0.00999999	-0.0128483	-0.00849238	127.125	-670.273	27.6725	6	4	4	4	285.996	296	45.4924	2.86154	1.00279	0.696996	7.60632	44.4122	19.1192	96.8416	1	1	1	1	0	0	0	0
11.08.2015 03:18:07.994000	-0.00999999	-0.0128483	-0.00849238	127.125	-670.273	27.6731	6	4	4	4	291.451	296	45.573	2.90446	1.04572	0.704521	7.54774	42.8675	19.1013	90.9959	1	1	1	1	0	0	0	0
11.08.2015 03:18:08.094000	-0.00999999	-0.0128483	-0.00849238	127.125	-670.273	27.6732	6	4	4	4	301.625	296	45.6417	2.93998	1.08123	0.704521	7.53134	41.6348	19.0767	86.3703	1	1	1	1	0	0	0	0
11.08.2015 03:18:08.194000	-0.00999999	-0.0128483	-0.00849238	127.125	-670.273	27.6763	6	4	4	4	270.286	296	45.7193	2.96963	1.11089	0.713742	7.531	44.2115	19.048	96.346	1	1	1	1	0	0	0	0
11.08.2015 03:18:08.294000	-0.00999999	-0.0128483	-0.00849238	127.125	-670.273	27.6794	6	4	4	4	322.414	296	45.7904	2.99994	1.1412	0.744612	7.54289	44.5324	19.0201	97.6815	1	1	1	1	0	0	0	0
11.08.2015 03:18:08.394000	-0.00999999	-0.0128483	-0.00849238	127.125	-670.273	27.6817	6	4	4	4	281.684	296	45.8655	3.0095	1.15076	0.744612	7.52785	46.0638	19.0048	103.604	1	1	1	1	0	0	0	0
11.08.2015 03:18:08.494000	-0.00999999	-0.0128483	-0.00849238	127.13	-670.273	27.6823	6	4	4	4	285.273	296	45.9406	3.02402	1.16528	0.744612	7.56319	43.5795	18.9848	94.1681	1	1	1	1	0	0	0	0
11.08.2015 03:18:08.594000	-0.00999999	-0.0128483	-0.00849238	127.125	-670.273	27.6828	6	4	4	4	296.639	296	46.0172	3.03754	1.1788	0.744656	7.53382	43.2389	18.9734	92.908	1	1	1	1	0	0	0	0
11.08.2015 03:18:08.694000	-0.00999999	-0.0128483	-0.00849238	127.133	-670.273	27.6834	6	4	4	4	274.585	296	46.0878	3.05368	1.19494	0.744661	7.54196	48.0955	18.9458	111.608	1	1	1	1	0	0	0	0
11.08.2015 03:18:08.794000	-0.00999999	-0.0128483	-0.00849238	127.133	-670.273	27.6839	6	4	4	4	250.706	296	46.1679	3.08843	1.22969	0.744661	7.5752	41.5608	18.9477	86.5811	1	1	1	1	0	0	0	0
11.08.2015 03:18:08.894000	-0.00999999	-0.0128483	-0.00849238	127.13	-670.273	27.6834	6	4	4	4	290.984	296	46.2381	3.14971	1.29097	0.74589	7.58623	43.0761	18.9192	92.492	1	1	1	1	0	0	0	0
11.08.2015 03:18:08.994000	-0.00999999	-0.0128483	-0.00849238	127.133	-670.273	27.6828	6	4	4	4	283.874	296	46.3241	3.19391	1.33517	0.746855	7.54672	42.4942	18.9004	90.3362	1	1	1	1	0	0	0	0
11.08.2015 03:18:09.094000	-0.00999999	-0.0128483	-0.00849238	127.133	-670.273	27.6863	6	4	4	4	269.689	296	46.3987	3.24364	1.3849	0.746855	7.57025	43.4459	18.8666	94.1092	1	1	1	1	0	0	0	0
11.08.2015 03:18:09.194000	-0.00999999	-0.0128483	-0.00849238	127.133	-670.273	27.6861	6	4	4	4	301.948	296	46.4818	3.2963	1.43756	0.772352	7.55067	45.3461	18.8235	101.55	1	1	1	1	0	0	0	0
11.08.2015 03:18:09.294000	-0.00999999	-0.0128483	-0.00849238	127.133	-670.273	27.6902	6	4	4	4	292.04	296	46.5639	3.32136	1.46262	0.802283	7.54274	43.8039	18.7977	95.744	1	1	1	1	0	0	0	0
11.08.2015 03:18:09.394000	-0.00999999	-0.0128483	-0.00849238	127.137	-670.273	27.6872	6	4	4	4	284.99	296	46.6405	3.34244	1.4837	0.802283	7.55388	43.4458	18.775	94.4595	1	1	1	1	0	0	0	0
11.08.2015 03:18:09.494000	-0.00999999	-0.0128483	-0.00849238	127.133	-670.273	27.687	6	4	4	4	290.349	296	46.7295	3.37823	1.51949	0.811618	7.54747	44.7484	18.7338	99.6047	1	1	1	1	0	0	0	0
11.08.2015 03:18:09.594000	-0.00999999	-0.0128483	-0.00849238	127.141	-670.273	27.6872	6	4	4	4	252.074	296	46.8111	3.41433	1.55559	0.823497	7.58467	42.5282	18.7166	91.1698	1	1	1	1	0	0	0	0
11.08.2015 03:18:09.694000	-0.00999999	-0.0128483	-0.00849238	127.133	-670.273	27.6866	6	4	4	4	276.646	296	46.8912	3.47555	1.6168	0.823497	7.58413	43.2617	18.6827	94.1081	1	1	1	1	0	0	0	0
11.08.2015 03:18:09.794000	-0.00999999	-0.0128483	-0.00849238	127.141	-670.273	27.6861	6	4	4	4	303.452	296	46.9802	3.53121	1.67247	0.83153	7.56471	44.8172	18.6522	100.18	1	1	1	1	0	0	0	0
11.08.2015 03:18:09.894000	-0.00999999	-0.0128483	-0.00849238	127.141	-670.273	27.6848	6	4	4	4	305.249	296	47.0658	3.55367	1.69493	0.840232	7.55302	43.1563	18.6238	93.9302	1	1	1	1	0	0	0	0
11.08.2015 03:18:09.994000	-0.00999999	-0.0128483	-0.00849238	127.141	-670.273	27.6812	6	4	4	4	244.76	296	47.1523	3.57103	1.71229	0.840232	7.52935	43.8175	18.6002	96.5518	1	1	1	1	0	0	0	0
11.08.2015 03:18:10.094000	-0.00999999	-0.0128483	-0.00849238	127.138	-670.273	27.6783	6	4	4	4	308.588	296	47.2359	3.61536	1.75662	0.858426	7.5333	44.2359	18.5669	98.2815	1	1	1	1	0	0	0	0
11.08.2015 03:18:10.194000	-0.00999999	-0.0128483	-0.00849238	127.141	-670.273	27.6758	6	4	4	4	273.457	296	47.3269	3.65752	1.79878	0.869577	7.54323	42.4392	18.5517	91.4605	1	1	1	1	0	0	0	0
11.08.2015 03:18:10.294000	-0.00999999	-0.0128483	-0.00849238	127.141	-670.273	27.6725	6	4	4	4	289.77	296	47.414	3.69663	1.83789	0.869577	7.52359	43.753	18.522	96.6044	1	1	1	1	0	0	0	0
11.08.2015 03:18:10.394000	-0.00999999	-0.0128483	-0.00849238	127.141	-670.273	27.6752	6	4	4	4	306.938	296	47.5	3.72051	1.86177	0.865146	7.53881	43.2185	18.4884	94.6865	1	1	1	1	0	0	0	0
11.08.2015 03:18:10.494000	-0.00999999	-0.0128483	-0.00849238	127.141	-670.273	27.674	6	4	4	4	314.578	296	47.5881	3.73011	1.87136	0.863589	7.58066	43.616	18.4715	96.2733	1	1	1	1	0	0	0	0
11.08.2015 03:18:10.594000	-0.00999999	-0.0128483	-0.00849238	127.141	-670.273	27.6725	6	4	4	4	313.997	296	47.6771	3.72332	1.86458	0.863589	7.55377	43.4259	18.4709	95.5479	1	1	1	1	0	0	0	0
11.08.2015 03:18:10.694000	-0.00999999	-0.0128483	-0.00849238	127.141	-670.273	27.6696	6	4	4	4	290.158	296	47.7681	3.69848	1.83974	0.883564	7.52279	43.3207	18.4495	95.2268	1	1	1	1	0	0	0	0
11.08.2015 03:18:10.794000	-0.00999999	-0.0128483	-0.00849238	127.141	-670.273	27.6687	6	4	4	4	233.622	296	47.8532	3.70306	1.84432	0.885068	7.58056	43.0762	18.4368	94.3394	1	1	1	1	0	0	0	0
11.08.2015 03:18:10.894000	-0.00999999	-0.0128483	-0.00849238	127.141	-670.273	27.6696	6	4	4	4	297.111	296	47.9442	3.75215	1.89341	0.885954	7.58855	43.306	18.4296	95.2469	1	1	1	1	0	0	0	0
11.08.2015 03:18:10.994000	-0.00999999	-0.0128483	-0.00849238	127.141	-670.273	27.6698	6	4	4	4	281.189	296	48.0323	3.79018	1.93144	0.8914	7.59266	43.3925	18.4125	95.6435	1	1	1	1	0	0	0	0
11.08.2015 03:18:11.094000	-0.00999999	-0.0128483	-0.00849238	127.141	-670.273	27.6696	6	4	4	4	242.505	296	48.1253	3.83447	1.97573	0.8914	7.59196	43.2349	18.3992	95.091	1	1	1	1	0	0	0	0
11.08.2015 03:18:11.194000	-0.00999999	-0.0128483	-0.00849238	127.141	-670.273	27.6698	6	4	4	4	325.119	296	48.2188	3.89443	2.03568	0.901044	7.57331	43.2433	18.361	95.2693	1	1	1	1	0	0	0	0
11.08.2015 03:18:11.294000	-0.00999999	-0.0128483	-0.00849238	127.141	-670.273	27.6689	6	4	4	4	321.056	296	48.3108	3.92098	2.06224	0.914363	7.55075	43.2397	18.3298	95.3749	1	1	1	1	0	0	0	0
11.08.2015 03:18:11.394000	-0.00999999	-0.0128483	-0.00849238	127.145	-670.273	27.6676	6	4	4	4	301.801	296	48.4033	3.90812	2.04938	0.914363	7.53169	43.093	18.3102	94.8884	1	1	1	1	0	0	0	0
11.08.2015 03:18:11.494000	-0.00999999	-0.0128483	-0.00849238	127.141	-670.273	27.6682	6	4	4	4	227.015	296	48.4953	3.90877	2.05002	0.92184	7.56534	42.8511	18.3038	93.9868	1	1	1	1	0	0	0	0
11.08.2015 03:18:11.594000	-0.00999999	-0.0128483	-0.00849238	127.145	-670.273	27.6682	6	4	4	4	304.587	296	48.5889	3.95577	2.09703	0.924605	7.59103	43.1602	18.2836	95.2473	1	1	1	1	0	0	0	0
11.08.2015 03:18:11.694000	-0.00999999	-0.0128483	-0.00849238	127.141	-670.273	27.6675	6	4	4	4	274.43	296	48.6829	3.99148	2.13274	0.927318	7.60526	43.0523	18.2641	94.909	1	1	1	1	0	0	0	0
11.08.2015 03:18:11.794000	-0.00999999	-0.0128483	-0.00849238	127.148	-670.273	27.672	6	4	4	4	314.068	296	48.7759	4.03084	2.1721	0.949269	7.55257	42.8725	18.2386	94.3182	1	1	1	1	0	0	0	0
11.08.2015 03:18:11.894000	-0.00999999	-0.0128483	-0.00849238	127.146	-670.273	27.67	6	4	4	4	283.017	296	48.8709	4.04872	2.18998	0.949269	7.55778	43.1361	18.223	95.3873	1	1	1	1	0	0	0	0
11.08.2015 03:18:11.994000	-0.00999999	-0.0128483	-0.00849238	127.148	-670.273	27.6736	6	4	4	4	346.973	296	48.9694	4.05847	2.19973	0.947533	7.56839	43.1676	18.2017	95.5895	1	1	1	1	0	0	0	0
11.08.2015 03:18:12.094000	-0.00999999	-0.0128483	-0.00849238	127.148	-670.273	27.6787	6	4	4	4	286.265	296	49.0654	4.03115	2.17241	0.945652	7.54279	43.1781	18.1884	95.6809	1	1	1	1	0	0	0	0
11.08.2015 03:18:12.194000	-0.00999999	-0.0128483	-0.00849238	127.148	-670.273	27.6785	6	4	4	4	339.149	296	49.1614	4.00482	2.14608	0.945652	7.56549	42.9911	18.1836	94.9828	1	1	1	1	0	0	0	0
11.08.2015 03:18:12.294000	-0.00999999	-0.0128483	-0.00849238	127.148	-670.273	27.6805	6	4	4	4	281.334	296	49.2524	3.96637	2.10763	0.948759	7.52987	42.9695	18.18	94.9141	1	1	1	1	0	0	0	0
11.08.2015 03:18:12.394000	-0.00999999	-0.0128483	-0.00849238	127.148	-670.273	27.6812	6	4	4	4	242.559	296	49.3479	3.95737	2.09863	0.949265	7.54963	43.2022	18.1858	95.783	1	1	1	1	0	0	0	0
11.08.2015 03:18:12.494000	-0.00999999	-0.0128483	-0.00849238	127.148	-670.273	27.6834	6	4	4	4	236.724	296	49.4399	4.00216	2.14342	0.945882	7.60305	43.0213	18.1921	95.066	1	1	1	1	0	0	0	0
11.08.2015 03:18:12.594000	-0.00999999	-0.0128483	-0.00849238	127.148	-670.273	27.6823	6	4	4	4	270.916	296	49.5359	4.08597	2.22723	0.931461	7.62789	43.2618	18.1782	96.0398	1	1	1	1	0	0	0	0
11.08.2015 03:18:12.694000	-0.00999999	-0.0128483	-0.00849238	127.148	-670.273	27.6827	6	4	4	4	305.818	296	49.632	4.15452	2.29578	0.931461	7.57797	43.0292	18.1622	95.2107	1	1	1	1	0	0	0	0
11.08.2015 03:18:12.794000	-0.00999999	-0.0128483	-0.00849238	127.148	-670.273	27.685	6	4	4	4	301.973	296	49.7314	4.19966	2.34092	0.95956	7.57752	42.677	18.1404	93.9456	1	1	1	1	0	0	0	0
11.08.2015 03:18:12.894000	-0.00999999	-0.0128483	-0.00849238	127.151	-670.273	27.6852	6	4	4	4	339.156	296	49.8284	4.22283	2.36409	0.975366	7.58301	43.462	18.1073	97.0781	1	1	1	1	0	0	0	0
11.08.2015 03:18:12.994000	-0.00999999	-0.0128483	-0.00849238	127.148	-670.273	27.691	6	4	4	4	297.079	296	49.9284	4.19592	2.33718	0.976751	7.5538	42.3563	18.0967	92.8851	1	1	1	1	0	0	0	0
11.08.2015 03:18:13.094000	-0.00999999	-0.0128483	-0.00849238	127.151	-670.273	27.6906	6	4	4	4	262.885	296	50.0269	4.17826	2.31952	0.986915	7.59269	41.4852	18.0825	89.6045	1	1	1	1	0	0	0	0
11.08.2015 03:18:13.194000	-0.00999999	-0.0128483	-0.00849238	127.152	-670.273	27.6877	6	4	4	4	244.22	296	50.1264	4.20061	2.34187	0.986915	7.58498	43.4946	18.0751	97.3263	1	1	1	1	0	0	0	0
11.08.2015 03:18:13.294000	-0.00999999	-0.0128483	-0.00849238	127.156	-670.273	27.6874	6	4	4	4	289.322	296	50.2229	4.25833	2.39958	0.984636	7.59939	42.6755	18.0635	94.2345	1	1	1	1	0	0	0	0
11.08.2015 03:18:13.394000	-0.00999999	-0.0128483	-0.00849238	127.156	-670.273	27.6872	6	4	4	4	293.063	296	50.3244	4.30353	2.44479	0.983053	7.60412	42.7121	18.0477	94.435	1	1	1	1	0	0	0	0
11.08.2015 03:18:13.494000	-0.00999999	-0.0128483	-0.00849238	127.156	-670.273	27.6884	6	4	4	4	278.23	296	50.4224	4.34852	2.48978	0.984109	7.61881	41.6019	18.0316	90.246	1	1	1	1	0	0	0	0
11.08.2015 03:18:13.594000	-0.00999999	-0.0128483	-0.00849238	127.16	-670.273	27.6931	6	4	4	4	281.693	296	50.5243	4.39423	2.53549	0.994782	7.59878	43.1098	18.0106	96.0999	1	1	1	1	0	0	0	0
11.08.2015 03:18:13.694000	-0.00999999	-0.0128483	-0.00849238	127.161	-670.273	27.6931	6	4	4	4	274.266	296	50.6258	4.43106	2.57232	0.994782	7.60405	42.7472	18.0068	94.7257	1	1	1	1	0	0	0	0
11.08.2015 03:18:13.794000	-0.00999999	-0.0128483	-0.00849238	127.16	-670.273	27.6953	6	4	4	4	249.227	296.002	50.7322	4.48966	2.63092	1.02339	7.62345	42.5162	17.9723	93.9737	1	1	1	1	0.22	0	0	0
11.08.2015 03:18:13.894000	-0.00999999	-0.0128483	-0.00849238	127.159	-670.273	27.6953	6	4	4	4	368.403	296.347	50.8377	4.64632	2.78758	1.03624	7.61193	41.9111	17.9218	91.8501	1	1	1	1	1	0	0	0
11.08.2015 03:18:13.994000	-0.00999999	-0.0128483	-0.00849238	127.164	-670.273	27.6959	6	4	4	4	296.245	297.742	50.9481	4.64885	2.79011	1.05382	7.55403	41.5948	17.8854	90.7783	1	1	1	1	1	0	0	0
11.08.2015 03:18:14.094000	-0.00999999	-0.0128483	-0.00849238	127.164	-670.273	27.6957	6	4	4	4	313.025	300.276	51.0546	4.58792	2.72918	1.0813	7.56322	42.7031	17.8567	95.1321	1	1	1	1	1	0	0	0
11.08.2015 03:18:14.194000	-0.00999999	-0.0128483	-0.00849238	127.164	-670.273	27.6948	6	4	4	4	275.161	303.949	51.1645	4.56759	2.70885	1.08038	7.54997	42.4852	17.8456	94.3404	1	1	1	1	1	0	0	0
11.08.2015 03:18:14.294000	-0.00999999	-0.0128483	-0.00849238	127.164	-670.273	27.691	6	4	4	4	276.736	308.76	51.2709	4.7243	2.86556	1.06294	7.57314	40.6688	17.8146	87.5042	1	1	1	1	1	0	0	0
11.08.2015 03:18:14.394000	-0.00999999	-0.0128483	-0.00849238	127.164	-670.273	27.6855	6	4	4	4	343.169	314.711	51.3824	4.91113	3.05238	1.06294	7.56463	43.5898	17.7661	98.8736	1	1	1	1	1	0	0	0
11.08.2015 03:18:14.494000	-0.00999999	-0.0128483	-0.00849238	127.164	-670.273	27.6816	6	4	4	4	293.883	321.801	51.4948	5.04706	3.18832	1.11057	7.57388	43.8777	17.6988	100.234	1	1	1	1	1	0	0	0
11.08.2015 03:18:14.594000	-0.00999999	-0.0128483	-0.00849238	127.164	-670.273	27.6807	6	4	4	4	373.698	330.029	51.6147	5.272	3.41326	1.12033	7.59487	40.6425	17.6121	88.1787	1	1	1	1	1	0	0	0
11.08.2015 03:18:14.694000	-0.00999999	-0.0128483	-0.00849238	127.164	-670.273	27.6772	6	4	4	4	355.648	339.397	51.7345	5.36861	3.50987	1.16704	7.52775	44.123	17.5234	101.845	1	1	1	1	1	0	0	0
11.08.2015 03:18:14.794000	-0.00999999	-0.0128483	-0.00849238	127.164	-670.273	27.6796	6	4	4	4	302.115	349.903	51.8589	5.45169	3.59295	1.18432	7.55566	44.1239	17.4385	102.173	1	1	1	1	1	0	0	0
11.08.2015 03:18:14.894000	-0.00999999	-0.0128483	-0.00849238	127.164	-670.273	27.6801	6	4	4	4	340.605	361.549	51.9847	5.71872	3.85998	1.23262	7.59894	40.8847	17.3317	90.1796	1	1	1	1	1	0	0	0
11.08.2015 03:18:14.994000	-0.00999999	-0.0128483	-0.00849238	127.164	-670.273	27.6823	6	4	4	4	339.483	374.333	52.122	6.0949	4.23616	1.24959	7.6056	42.0161	17.1992	95.019	1	1	1	1	1	0	0	0
11.08.2015 03:18:15.094000	-0.00999999	-0.0128483	-0.00849238	127.164	-670.273	27.6888	6	4	4	4	347.727	388.259	52.2658	6.56003	4.70134	1.3655	7.60583	40.9499	17.0177	91.6318	1	1	1	1	1	0	0	0
11.08.2015 03:18:15.194000	-0.00999999	-0.0128483	-0.00849238	127.164	-670.273	27.6921	6	4	4	4	399.207	403.324	52.426	7.09558	5.23684	1.43371	7.57492	41.2888	16.7744	93.8606	1	1	1	1	1	0	0	0
11.08.2015 03:18:15.294000	-0.00999999	-0.0128483	-0.00849238	127.164	-670.273	27.6917	6	4	4	4	392.369	419.525	52.5966	7.6311	5.77236	1.55447	7.54782	41.6821	16.492	96.4532	1	1	1	1	1	0	0	0
11.08.2015 03:18:15.394000	-0.00999999	-0.0128483	-0.00849238	127.164	-670.273	27.6883	6	4	4	4	404.637	436.869	52.7786	8.19806	6.33932	1.74723	7.55095	41.9796	16.1953	98.7229	1	1	1	1	1	0	0	0
11.08.2015 03:18:15.494000	-0.00999999	-0.0128483	-0.00849238	127.164	-670.273	27.6866	6	4	4	4	432.502	455.346	52.9716	8.81847	6.95973	1.84611	7.5404	40.0163	15.8652	92.4496	1	1	1	1	1	0	0	0
11.08.2015 03:18:15.594000	-0.00999999	-0.0128483	-0.00849238	127.164	-670.273	27.6828	6	4	4	4	460.787	474.963	53.1766	9.48512	7.62638	1.96133	7.571	40.0272	15.5321	93.0409	1	1	1	1	1	0	0	0
11.08.2015 03:18:15.694000	-0.00999999	-0.0128483	-0.00849238	127.164	-670.273	27.6823	6	4	4	4	429.649	495.812	53.3969	10.1683	8.30974	2.09452	7.54658	39.6073	15.2041	93.51	1	1	1	1	1	0	0	0
11.08.2015 03:18:15.794000	-0.00999999	-0.0128483	-0.00849238	127.164	-670.273	27.6812	6	4	4	4	466.133	517.785	53.6342	10.9843	9.12553	2.25408	7.5515	38.3803	14.8723	90.0074	1	1	1	1	1	0	0	0
11.08.2015 03:18:15.894000	-0.00999999	-0.0128483	-0.00849238	127.167	-670.273	27.6848	6	4	4	4	474.485	540.866	53.8884	11.8797	10.0209	2.46652	7.52025	38.5399	14.5509	91.8491	1	1	1	1	1	0	0	0
11.08.2015 03:18:15.994000	-0.00999999	-0.0128483	-0.00849238	127.168	-670.273	27.6866	6	4	4	4	483.035	565.052	54.1609	12.8674	11.0095	2.64491	7.52705	37.8008	14.2419	89.9895	1	1	1	1	1	0	0	0
11.08.2015 03:18:16.094000	-0.00999999	-0.0128483	-0.00849238	127.167	-670.273	27.6895	6	4	4	4	473.988	590.378	54.4554	14.0544	12.1957	2.83531	7.57538	38.2531	13.9532	93.0394	1	1	1	1	1	0	0	0
11.08.2015 03:18:16.194000	-0.00999999	-0.0128483	-0.00849238	127.168	-670.273	27.6931	6	4	4	4	578.613	616.848	54.7703	15.3944	13.5357	3.09054	7.54615	38.0292	13.6834	93.2151	1	1	1	1	1	0	0	0
11.08.2015 03:18:16.294000	-0.00999999	-0.0128483	-0.00849238	127.164	-670.273	27.6957	6	4	4	4	521.3	644.453	55.112	16.6996	14.8408	3.38635	7.50796	37.7304	13.4419	92.9959	1	1	1	1	1	0	0	0
11.08.2015 03:18:16.394000	-0.00999999	-0.0128483	-0.00849238	127.168	-670.273	27.6969	6	4	4	4	601.205	673.19	55.4806	18.1326	16.2739	3.61235	7.51461	37.5113	13.2467	92.9045	1	1	1	1	1	0	0	0
11.08.2015 03:18:16.494000	-0.00999999	-0.0128483	-0.00849238	127.164	-670.273	27.696	6	4	4	4	582.133	703.072	55.878	19.5947	17.736	3.97685	7.48973	37.3761	13.1424	92.7858	1	1	1	1	1	0	0	0
11.08.2015 03:18:16.594000	-0.00999999	-0.0128483	-0.00849238	127.164	-670.273	27.6948	6	4	4	4	700.86	734.09	56.2984	21.1504	19.2916	4.13167	7.50275	37.3829	13.1393	92.8237	1	1	1	1	1	0	0	0
11.08.2015 03:18:16.694000	-0.00999999	-0.0128483	-0.00849238	127.167	-670.273	27.6931	6	4	4	4	665.119	766.241	56.7445	22.65	20.7913	4.50128	7.44777	37.5275	13.3534	92.5575	1	1	1	1	1	0	0	0
11.08.2015 03:18:16.794000	-0.00999999	-0.0128483	-0.00849238	127.168	-670.273	27.6888	6	4	4	4	691.471	799.539	57.2216	24.2408	22.3821	4.715	7.41074	37.7997	13.6202	92.5787	1	1	1	1	1	0	0	0
11.08.2015 03:18:16.894000	-0.00999999	-0.0128483	-0.00849238	127.167	-670.273	27.6895	6	4	4	4	861.587	306.418	57.8971	25.3344	0.464449	16.8864	7.42347	48.9248	15.2581	128.903	1	1	1	1	1	0.98	0	0.98
11.08.2015 03:18:16.994000	-0.00999999	-0.0128483	-0.00849238	127.168	-670.277	27.691	6	4	4	4	2524.63	296	61.8083	25.3396	0	94.7248	6.68446	102.184	10.3429	351.641	1	1	1	1	1	1	0.72	1
11.08.2015 03:18:17.094000	-0.00999999	-0.0128483	-0.00849238	127.161	-670.237	27.5528	6	4	4	4	191.772	296	62.1774	25.3396	0	99.4838	4.69806	107.514	0.62154	409.27	1	1	1	1	1	1	1	1
11.08.2015 03:18:17.194000	-0.00999999	-0.0128483	-0.00849238	127.141	-670.262	24.164	6	4	4	4	9.15027	296	62.1774	20.7785	0	99.4838	3.09606	125.662	0.614215	478.781	1	1	1	1	1	1	1	0.82
11.08.2015 03:18:17.294000	-0.00999999	-0.0128483	-0.00849238	127.138	-670.279	19.2846	6	4	4	4	1.45566	296	62.1774	0	0	99.4838	2.20602	133.417	0.52089	508.834	1	1	1	1	1	1	1	0
11.08.2015 03:18:17.394000	-0.00999999	-0.0128483	-0.00849238	127.141	-670.313	15.6364	6	4	4	4	0.255503	296	62.1774	0	0	99.4838	1.53834	133.242	0.536393	508.105	1	1	1	1	1	1	1	0
11.08.2015 03:18:17.494000	-0.00999999	-0.0128483	-0.00849238	127.125	-670.297	12.9156	6	4	4	4	0.26442	296	62.1774	0	0	99.4838	1.18157	133.338	0.53029	508.496	1	1	1	1	1	1	1	0
11.08.2015 03:18:17.594000	-0.00999999	-0.0128483	-0.00849238	127.133	-670.316	9.77214	6	4	4	4	0.275957	296	62.1774	0	0	99.4838	0.970197	133.173	0.515702	507.92	1	1	1	1	1	1	1	0
11.08.2015 03:18:17.694000	-0.00999999	-0.0128483	-0.00849238	127.076	-670.305	8.006	6	4	4	4	0.272364	296	62.1774	0	0	99.4838	0.831597	133.104	0.516739	507.649	1	1	1	1	1	1	1	0
11.08.2015 03:18:17.794000	-0.00999999	-0.0128483	-0.00849238	127.031	-670.32	6.58095	6	4	4	4	0.279861	296	62.1774	0	0	99.4838	0.684896	133.041	0.516495	507.409	1	1	1	1	1	1	1	0
11.08.2015 03:18:17.894000	-0.00999999	-0.0128483	-0.00849238	126.992	-670.313	5.76244	6	4	4	4	0.276109	296	62.1774	0	0	99.4838	0.614294	132.986	0.517899	507.195	1	1	1	1	1	1	1	0
11.08.2015 03:18:17.994000	-0.00999999	-0.0128483	-0.00849238	126.996	-670.32	4.82585	6	4	4	4	0.274462	296	62.1774	0	0	29.9147	0.559317	132.936	0.516617	507.008	1	1	1	1	1	1	1	0
11.08.2015 03:18:18.094000	-0.00999999	-0.0128483	-0.00849238	126.99	-670.32	4.14388	6	4	4	4	0.268205	296	62.1774	0	0	0.0993895	0.515046	132.889	0.519486	506.816	1	1	1	1	1	1	1	0
11.08.2015 03:18:18.194000	-0.00999999	-0.0128483	-0.00849238	126.988	-670.32	3.62901	6	4	4	4	0.259789	296	62.1774	0	0	0.0993895	0.475984	132.847	0.522416	506.643	1	1	1	1	1	1	1	0
11.08.2015 03:18:18.294000	-0.00999999	-0.0128483	-0.00849238	126.99	-670.32	3.15466	6	4	4	4	0.265585	296	62.1774	0	0	0.0993895	0.451968	132.807	0.51619	506.514	1	1	1	1	1	1	1	0
11.08.2015 03:18:18.394000	-0.00999999	-0.0128483	-0.00849238	126.984	-670.32	2.47993	6	4	4	4	0.257175	296	62.1774	0	0	0.0993895	0.436053	132.764	0.515702	506.354	1	1	1	1	1	1	1	0
11.08.2015 03:18:18.494000	-0.00999999	-0.0128483	-0.00849238	126.99	-670.32	0.611256	6	4	4	4	0.251719	296	62.1774	0	0	0.0993895	0.420718	132.724	0.518204	506.189	1	1	1	1	1	1	1	0
11.08.2015 03:18:18.594000	-0.00999999	-0.0128483	-0.00849238	126.992	-670.32	0.159505	6	4	4	4	0.283008	296	62.1774	0	0	0.0993895	0.410301	132.685	0.52028	506.031	1	1	1	1	1	1	1	0
11.08.2015 03:18:18.694000	-0.00999999	-0.0128483	-0.00849238	126.992	-670.32	0.121528	6	4	4	4	0.256321	296	62.1774	0	0	0.0993895	0.403646	132.65	0.51558	505.918	1	1	1	1	1	1	1	0
11.08.2015 03:18:18.794000	-0.00999999	-0.0128483	-0.00849238	126.988	-670.32	0.104167	6	4	4	4	0.265859	296	62.1774	0	0	0.0993895	0.398872	132.611	0.511307	505.783	1	1	1	1	1	1	1	0
11.08.2015 03:18:18.894000	-0.00999999	-0.0128483	-0.00849238	126.992	-670.32	0.0882523	6	4	4	4	0.266926	296	62.1774	0	0	0.0993895	0.393084	132.579	0.517655	505.638	1	1	1	1	1	1	1	0
11.08.2015 03:18:18.994000	-0.00999999	-0.0128483	-0.00849238	126.996	-670.32	0.0775825	6	4	4	4	0.263969	296	62.1774	0	0	0.0308107	0.385417	132.544	0.519425	505.497	1	1	1	1	1	1	1	0
11.08.2015 03:18:19.094000	-0.00999999	-0.0128483	-0.00849238	126.995	-670.32	0.0582321	6	4	4	4	0.274695	296	62.1774	0	0	0	0.379051	132.51	0.518693	505.367	1	1	1	1	1	1	1	0
11.08.2015 03:18:19.194000	-0.00999999	-0.0128483	-0.00849238	126.996	-670.32	0.046658	6	4	4	4	0.28398	296	62.1774	0	0	0	0.367477	132.475	0.520341	505.228	1	1	1	1	1	1	1	0
11.08.2015 03:18:19.294000	-0.00999999	-0.0128483	-0.00849238	126.995	-670.318	0.0365307	6	4	4	4	0.258589	296	62.1774	0	0	0	0.355035	132.445	0.522355	505.106	1	1	1	1	1	1	1	0
11.08.2015 03:18:19.394000	-0.00999999	-0.0128483	-0.00849238	126.992	-670.309	0.0282118	6	4	4	4	0.242869	296	62.1774	0	0	0	0.358507	132.409	0.523148	504.966	1	1	1	1	1	1	1	0
11.08.2015 03:18:19.494000	-0.00999999	-0.0128483	-0.00849238	127	-669.935	0.0191696	6	4	4	4	0.252226	296	62.1774	0	0	0	0.362847	132.38	0.522294	504.856	1	1	1	1	1	1	1	0
11.08.2015 03:18:19.594000	-0.00999999	-0.0128483	-0.00849238	127.023	-668.051	0.0124783	6	4	4	4	0.224983	296	62.1774	0	0	0	0.368779	132.351	0.52205	504.748	1	1	1	1	1	1	1	0
11.08.2015 03:18:19.694000	-0.00999999	-0.0128483	-0.00849238	127.023	-649.07	0.0072338	6	4	4	4	0.238187	296	62.1774	0	0	0	0.373409	132.319	0.522172	504.625	1	1	1	1	1	1	1	0
11.08.2015 03:18:19.794000	-0.00999999	-0.0128483	-0.00849238	127.023	-623.629	0.00271267	6	4	4	4	0.245904	296	62.1774	0	0	0	0.375289	132.293	0.52443	504.515	1	1	1	1	1	1	1	0
11.08.2015 03:18:19.894000	-0.00999999	-0.0128483	-0.00849238	127.026	-601.352	0	6	4	4	4	0.236363	296	62.1774	0	0	0	0.377315	132.261	0.523515	504.397	1	1	1	1	1	1	1	0
11.08.2015 03:18:19.994000	-0.00999999	-0.0128483	-0.00849238	127.027	-573.469	0.00108507	6	4	4	4	0.245284	296	62.1774	0	0	0	0.378617	132.231	0.523087	504.282	1	1	1	1	1	1	1	0
11.08.2015 03:18:20.094000	-0.00999999	-0.0128483	-0.00849238	127.031	-524.836	0	6	4	4	4	0.249198	296	62.1774	0	0	0	0.380642	132.202	0.527726	504.153	1	1	1	1	1	1	1	0
11.08.2015 03:18:20.194000	-0.00999999	-0.0128483	-0.00849238	127.027	-487.117	-0.00271267	6	4	4	4	0.249222	296	62.1774	0	0	0	0.381076	132.174	0.527726	504.046	1	1	1	1	1	1	1	0
11.08.2015 03:18:20.294000	-0.00999999	-0.0128483	-0.00849238	127.026	-445.695	-0.00434028	6	4	4	4	0.259013	296	62.1774	0	0	0	0.382523	132.143	0.526505	503.934	1	1	1	1	1	1	1	0
11.08.2015 03:18:20.394000	-0.00999999	-0.0128483	-0.00849238	127.023	-394.805	-0.00434028	6	4	4	4	0.250978	296	62.1774	0	0	0	0.383681	132.096	0.528031	503.747	1	1	1	1	1	1	1	0
11.08.2015 03:18:20.494000	-0.00999999	-0.0128483	-0.00849238	127.029	-343.883	-0.00542535	6	4	4	4	0.250401	296	62.1774	0	0	0	0.384838	131.639	0.532426	501.981	1	1	1	1	1	1	1	0
11.08.2015 03:18:20.594000	-0.00999999	-0.0128483	-0.00849238	127.023	-301.309	-0.00379774	6	4	4	4	0.257126	296	62.1774	0	0	0	0.385272	132.067	0.528703	503.633	1	1	1	1	1	1	1	0
11.08.2015 03:18:20.694000	-0.00999999	-0.0128483	-0.00849238	127.026	-259.12	-0.00470197	6	4	4	4	0.265642	296	62.1774	0	0	0	0.385561	132.039	0.523392	503.547	1	1	1	1	1	1	1	0
11.08.2015 03:18:20.794000	-0.00999999	-0.0128483	-0.00849238	127.031	-208.727	-0.00379774	6	4	4	4	0.247619	296	62.1774	0	0	0	0.386429	132.012	0.527787	503.427	1	1	1	1	1	1	1	0
11.08.2015 03:18:20.894000	-0.00999999	-0.0128483	-0.00849238	127.029	-158.682	-0.00434028	6	4	4	4	0.258138	296	62.1774	0	0	0	0.386719	131.985	0.528275	503.321	1	1	1	1	1	1	1	0
11.08.2015 03:18:20.994000	-0.00999999	-0.0128483	-0.00849238	127.039	-117.012	-0.00488281	6	4	4	4	0.252782	296	62.1774	0	0	0	0.387876	131.955	0.529862	503.202	1	1	1	1	1	1	1	0
11.08.2015 03:18:21.094000	-0.00999999	-0.0128483	-0.00849238	127.039	-75.1458	-0.00325521	6	4	4	4	0.26997	296	62.1774	0	0	0	0.388166	131.926	0.528825	503.093	1	1	1	1	1	1	1	0
11.08.2015 03:18:21.194000	-0.00999999	-0.0128483	-0.00849238	127.039	-16.7773	-0.00108507	6	4	4	4	0.260783	296	62.1774	0	0	0	0.390046	131.904	0.528092	503.014	1	1	1	1	1	1	1	0
11.08.2015 03:18:21.294000	-0.00999999	-0.0128483	-0.00849238	127.039	24.6458	-0.00036169	6	4	4	4	0.263504	296	62.1774	0	0	0	0.390914	131.875	0.527421	502.902	1	1	1	1	1	1	1	0
11.08.2015 03:18:21.394000	-0.00999999	-0.0128483	-0.00849238	127.039	66.2695	0.00108507	6	4	4	4	0.258822	296	62.1774	0	0	0	0.392506	131.852	0.531754	502.797	1	1	1	1	1	1	1	0
11.08.2015 03:18:21.494000	-0.00999999	-0.0128483	-0.00849238	127.039	113.484	0.00108507	6	4	4	4	0.24947	296	62.1774	0	0	0	0.393663	131.823	0.531999	502.687	1	1	1	1	1	1	1	0
11.08.2015 03:18:21.594000	-0.00999999	-0.0128483	-0.00849238	127.039	166.227	0.00108507	6	4	4	4	0.265439	296	62.1774	0	0	0	0.394821	131.796	0.5309	502.586	1	1	1	1	1	1	1	0
11.08.2015 03:18:21.694000	-0.00999999	-0.0128483	-0.00849238	127.039	207.516	0.00144676	6	4	4	4	0.272375	296	62.1774	0	0	0	0.394821	131.773	0.530961	502.498	1	1	1	1	1	1	1	0
11.08.2015 03:18:21.794000	-0.00999999	-0.0128483	-0.00849238	127.039	248.398	0.00108507	6	4	4	4	0.261858	296	62.1774	0	0	0	0.394965	131.745	0.529557	502.4	1	1	1	1	1	1	1	0
11.08.2015 03:18:21.894000	-0.00999999	-0.0128483	-0.00849238	127.039	300.68	0.00144676	6	4	4	4	0.269548	296	62.1774	0	0	0	0.395255	131.718	0.527909	502.301	1	1	1	1	1	1	1	0
11.08.2015 03:18:21.994000	-0.00999999	-0.0128483	-0.00849238	127.039	347.563	0.00271267	6	4	4	4	0.266574	296	62.1774	0	0	0	0.395689	131.696	0.532853	502.199	1	1	1	1	1	1	1	0
11.08.2015 03:18:22.094000	-0.00999999	-0.0128483	-0.00849238	127.042	388.753	0.00072338	6	4	4	4	0.286583	296	62.1774	0	0	0	0.396557	131.672	0.5309	502.114	1	1	1	1	1	1	1	0
11.08.2015 03:18:22.194000	-0.00999999	-0.0128483	-0.00849238	127.043	429.555	0.000542535	6	4	4	4	0.265233	296	62.1774	0	0	0	0.396846	131.646	0.528703	502.021	1	1	1	1	1	1	1	0
11.08.2015 03:18:22.294000	-0.00999999	-0.0128483	-0.00849238	127.047	481.909	0.00325521	6	4	4	4	0.258778	296	62.1774	0	0	0	0.397425	131.621	0.528459	501.928	1	1	1	1	1	1	1	0
11.08.2015 03:18:22.394000	-0.00999999	-0.0128483	-0.00849238	127.047	528.754	0.00217014	6	4	4	4	0.253529	296	62.1774	0	0	0	0.396412	131.599	0.531999	501.828	1	1	1	1	1	1	1	0
11.08.2015 03:18:22.494000	-0.00999999	-0.0128483	-0.00849238	127.055	567.815	0.00108507	6	4	4	4	0.246935	296	62.1774	0	0	0	0.396991	131.575	0.532121	501.739	1	1	1	1	1	1	1	0
11.08.2015 03:18:22.594000	-0.00999999	-0.0128483	-0.00849238	127.055	600.031	0.0016276	6	4	4	4	0.259461	296	62.1774	0	0	0	0.396557	131.549	0.529313	501.648	1	1	1	1	1	1	1	0
11.08.2015 03:18:22.694000	-0.00999999	-0.0128483	-0.00849238	127.06	636.276	0.00180845	6	4	4	4	0.255333	296	62.1774	0	0	0	0.396846	131.527	0.530534	501.561	1	1	1	1	1	1	1	0
11.08.2015 03:18:22.794000	-0.00999999	-0.0128483	-0.00849238	127.063	655.984	0.00379774	6	4	4	4	0.234924	296	62.1774	0	0	0	0.395399	131.5	0.534684	501.44	1	1	1	1	1	1	1	0
11.08.2015 03:18:22.894000	-0.00999999	-0.0128483	-0.00849238	127.065	668.188	0.00108507	6	4	4	4	0.251719	296	62.1774	0	0	0	0.39511	131.477	0.534684	501.35	1	1	1	1	1	1	1	0
11.08.2015 03:18:22.994000	-0.00999999	-0.0128483	-0.00849238	127.074	673.285	0.000542535	6	4	4	4	0.261594	296	62.1774	0	0	0	0.394821	131.454	0.534684	501.265	1	1	1	1	1	1	1	0
11.08.2015 03:18:23.094000	-0.00999999	-0.0128483	-0.00849238	127.076	675.06	0.00289352	6	4	4	4	0.249687	296	62.1774	0	0	0	0.395399	131.434	0.533769	501.19	1	1	1	1	1	1	1	0
11.08.2015 03:18:23.194000	-0.00999999	-0.0128483	-0.00849238	127.055	675.133	0.00325521	6	4	4	4	0.243044	296	62.1774	0	0	0	0.396267	131.409	0.534806	501.091	1	1	1	1	1	1	1	0
11.08.2015 03:18:23.294000	-0.00999999	-0.0128483	-0.00849238	127.055	675.128	0.00289352	6	4	4	4	0.261966	296	62.1774	0	0	0	0.397425	131.385	0.534623	501	1	1	1	1	1	1	1	0
11.08.2015 03:18:23.394000	-0.00999999	-0.0128483	-0.00849238	127.055	675.125	0.00325521	6	4	4	4	0.24429	296	62.1774	0	0	0	0.399016	131.271	0.532731	500.569	1	1	1	1	1	1	1	0
11.08.2015 03:18:23.494000	-0.00999999	-0.0128483	-0.00849238	127.008	675.115	0.00108507	6	4	4	4	0.250383	296	62.1774	0	0	0	0.399884	131.366	0.534806	500.927	1	1	1	1	1	1	1	0
11.08.2015 03:18:23.594000	-0.00999999	-0.0128483	-0.00849238	126.973	675.152	0.00108507	6	4	4	4	0.247901	296	62.1774	0	0	0	0.402054	131.6	0.534379	501.823	1	1	1	1	1	1	1	0
11.08.2015 03:18:23.694000	-0.00999999	-0.0128483	-0.00849238	126.961	675.164	0.00108507	6	4	4	4	0.251247	296	62.1774	0	0	0	0.40408	131.301	0.537492	500.669	1	1	1	1	1	1	1	0
11.08.2015 03:18:23.794000	-0.00999999	-0.0128483	-0.00849238	126.973	675.133	0.000542535	6	4	4	4	0.249835	296	62.1774	0	0	0	0.406395	131.286	0.532792	500.629	1	1	1	1	1	1	1	0
11.08.2015 03:18:23.894000	-0.00999999	-0.0128483	-0.00849238	126.977	675.148	0.00072338	6	4	4	4	0.236651	296	62.1774	0	0	0	0.407552	131.285	0.533097	500.622	1	1	1	1	1	1	1	0
11.08.2015 03:18:23.994000	-0.00999999	-0.0128483	-0.00849238	126.977	675.113	0.000542535	6	4	4	4	0.259115	296	62.1774	0	0	0	0.410012	131.455	0.536515	501.26	1	1	1	1	1	1	1	0
11.08.2015 03:18:24.094000	-0.00999999	-0.0128483	-0.00849238	126.974	675.122	0	6	4	4	4	0.268454	296	62.1774	0	0	0	0.412326	131.142	0.532975	500.074	1	1	1	1	1	1	1	0
11.08.2015 03:18:24.194000	-0.00999999	-0.0128483	-0.00849238	126.973	675.125	-0.000542535	6	4	4	4	0.268826	296	62.1774	0	0	0	0.41305	131.235	0.538408	500.41	1	1	1	1	1	1	1	0
11.08.2015 03:18:24.294000	-0.00999999	-0.0128483	-0.00849238	126.974	675.107	-0.00144676	6	4	4	4	0.258278	296	62.1774	0	0	0	0.413918	131.177	0.532365	500.211	1	1	1	1	1	1	1	0
11.08.2015 03:18:24.394000	-0.00999999	-0.0128483	-0.00849238	126.98	675.105	-0.0016276	6	4	4	4	0.270045	296	62.1774	0	0	0	0.413773	131.155	0.531449	500.131	1	1	1	1	1	1	1	0
11.08.2015 03:18:24.494000	-0.00999999	-0.0128483	-0.00849238	127.016	675.203	-0.00144676	6	4	4	4	0.258053	296	62.1774	0	0	0	0.413194	131.144	0.535234	500.074	1	1	1	1	1	1	1	0
11.08.2015 03:18:24.594000	-0.00999999	-0.0128483	-0.00849238	127.023	675.156	-0.00108507	6	4	4	4	0.264444	296	62.1774	0	0	0	0.411169	131.119	0.5356	499.98	1	1	1	1	1	1	1	0
11.08.2015 03:18:24.694000	-0.00999999	-0.0128483	-0.00849238	127.023	675.13	-0.00036169	6	4	4	4	0.265468	296	62.1774	0	0	0	0.410301	131.099	0.53621	499.899	1	1	1	1	1	1	1	0
11.08.2015 03:18:24.794000	-0.00999999	-0.0128483	-0.00849238	127.02	675.156	0.000542535	6	4	4	4	0.250973	296	62.1774	0	0	0	0.405382	131.078	0.536821	499.814	1	1	1	1	1	1	1	0
11.08.2015 03:18:24.894000	-0.00999999	-0.0128483	-0.00849238	127.023	675.198	0.00108507	6	4	4	4	0.252681	296	62.1774	0	0	0	0.402199	131.062	0.538774	499.746	1	1	1	1	1	1	1	0
11.08.2015 03:18:24.994000	-0.00999999	-0.0128483	-0.00849238	127.023	675.172	0.00217014	6	4	4	4	0.263331	296	62.1774	0	0	0	0.398727	131.043	0.535783	499.686	1	1	1	1	1	1	1	0
11.08.2015 03:18:25.094000	-0.00999999	-0.0128483	-0.00849238	127.023	675.159	0.00542535	6	4	4	4	0.268564	296	62.1774	0	0	0	0.396123	131.023	0.539445	499.597	1	1	1	1	1	1	1	0
11.08.2015 03:18:25.194000	-0.00999999	-0.0128483	-0.00849238	127.023	675.133	0.00651042	6	4	4	4	0.277271	296	62.1774	0	0	0	0.392216	131.003	0.542253	499.508	1	1	1	1	1	1	1	0
11.08.2015 03:18:25.294000	-0.00999999	-0.0128483	-0.00849238	127.023	675.12	0.00759549	6	4	4	4	0.282914	296	62.1774	0	0	0	0.39048	130.982	0.543657	499.421	1	1	1	1	1	1	1	0
11.08.2015 03:18:25.394000	-0.00999999	-0.0128483	-0.00849238	127.023	675.105	0.00976563	6	4	4	4	0.265403	296	62.1774	0	0	0	0.389902	130.963	0.544816	499.344	1	1	1	1	1	1	1	0
11.08.2015 03:18:25.494000	-0.00999999	-0.0128483	-0.00849238	127.023	675.086	0.0119358	6	4	4	4	0.262994	296	62.1774	0	0	0	0.389034	130.94	0.545122	499.256	1	1	1	1	1	1	1	0
11.08.2015 03:18:25.594000	-0.00999999	-0.0128483	-0.00849238	127.023	675.086	0.0130208	6	4	4	4	0.250396	296	62.1774	0	0	0	0.3886	130.915	0.547258	499.15	1	1	1	1	1	1	1	0
11.08.2015 03:18:25.694000	-0.00999999	-0.0128483	-0.00849238	127.023	675.07	0.0112124	6	4	4	4	0.244496	296	62.1774	0	0	0	0.387153	130.897	0.54622	499.086	1	1	1	1	1	1	1	0
11.08.2015 03:18:25.794000	-0.00999999	-0.0128483	-0.00849238	127.023	675.07	0.00868056	6	4	4	4	0.260147	296	62.1774	0	0	0	0.387442	130.875	0.544328	499.011	1	1	1	1	1	1	1	0
11.08.2015 03:18:25.894000	-0.00999999	-0.0128483	-0.00849238	127.023	675.065	0.00687211	6	4	4	4	0.249434	296	62.1774	0	0	0	0.386285	130.859	0.544267	498.948	1	1	1	1	1	1	1	0
11.08.2015 03:18:25.994000	-0.00999999	-0.0128483	-0.00849238	127.023	675.063	0.00434028	6	4	4	4	0.247594	296	62.1774	0	0	0	0.385706	130.838	0.544638	498.863	1	1	1	1	1	1	1	0
11.08.2015 03:18:26.094000	-0.00999999	-0.0128483	-0.00849238	127.023	675.063	0.00217014	6	4	4	4	0.231636	296	62.1774	0	0	0	0.384838	130.82	0.545	498.794	1	1	1	1	1	1	1	0
11.08.2015 03:18:26.194000	-0.00999999	-0.0128483	-0.00849238	127.023	675.078	0.00108507	6	4	4	4	0.23919	296	62.1774	0	0	0	0.384404	130.797	0.547258	498.699	1	1	1	1	1	1	1	0
11.08.2015 03:18:26.294000	-0.00999999	-0.0128483	-0.00849238	127.023	675.07	0.00289352	6	4	4	4	0.246038	296	62.1774	0	0	0	0.382082	130.777	0.548034	498.606	1	1	1	1	1	1	1	0
11.08.2015 03:18:26.394000	-0.00999999	-0.0128483	-0.00849238	127.023	675.063	-0.000542535	6	4	4	4	0.242153	296	62.1774	0	0	0	0.379745	130.762	0.547075	498.568	1	1	1	1	1	1	1	0
11.08.2015 03:18:26.494000	-0.00999999	-0.0128483	-0.00849238	127.023	675.06	0.00108507	6	4	4	4	0.241733	296	62.1774	0	0	0	0.377148	130.742	0.54622	498.494	1	1	1	1	1	1	1	0
11.08.2015 03:18:26.594000	-0.00999999	-0.0128483	-0.00849238	127.023	675.059	0	6	4	4	4	0.269771	296	62.1774	0	0	0	0.373799	130.718	0.545188	498.407	1	1	1	1	1	1	1	0
11.08.2015 03:18:26.694000	-0.00999999	-0.0128483	-0.00849238	127.023	675.049	0.00108507	6	4	4	4	0.262004	296	62.1774	0	0	0	0.370624	130.701	0.542436	498.35	1	1	1	1	1	1	1	0
11.08.2015 03:18:26.794000	-0.00999999	-0.0128483	-0.00849238	127.023	675.047	0.000542535	6	4	4	4	0.236647	296	62.1774	0	0	0	0.366573	130.682	0.539445	498.291	1	1	1	1	1	1	1	0
11.08.2015 03:18:26.894000	-0.00999999	-0.0128483	-0.00849238	127.023	675.047	0.00289352	6	4	4	4	0.256275	296	62.1774	0	0	0	0.363961	130.664	0.543413	498.207	1	1	1	1	1	1	1	0
11.08.2015 03:18:26.994000	-0.00999999	-0.0128483	-0.00849238	127.023	675.047	0.00596788	6	4	4	4	0.243957	296	62.1774	0	0	0	0.35965	130.643	0.540605	498.137	1	1	1	1	1	1	1	0
11.08.2015 03:18:27.094000	-0.00999999	-0.0128483	-0.00849238	127.023	675.047	0.00651042	6	4	4	4	0.246629	296	62.1774	0	0	0	0.358196	130.622	0.542375	498.048	1	1	1	1	1	1	1	0
11.08.2015 03:18:27.194000	-0.00999999	-0.0128483	-0.00849238	127.023	675.039	0.00868056	6	4	4	4	0.239583	296	62.1774	0	0	0	0.356626	130.605	0.538285	498.001	1	1	1	1	1	1	1	0
11.08.2015 03:18:27.294000	-0.00999999	-0.0128483	-0.00849238	127.023	675.047	0.00904225	6	4	4	4	0.26376	296	62.1774	0	0	0	0.356315	130.589	0.541826	497.924	1	1	1	1	1	1	1	0
11.08.2015 03:18:27.394000	-0.00999999	-0.0128483	-0.00849238	127.023	675.039	0.00976563	6	4	4	4	0.259328	296	62.1774	0	0	0	0.354456	130.569	0.543474	497.842	1	1	1	1	1	1	1	0
11.08.2015 03:18:27.494000	-0.00999999	-0.0128483	-0.00849238	127.023	675.026	0.00795718	6	4	4	4	0.264224	296	62.1774	0	0	0	0.35327	130.551	0.54445	497.769	1	1	1	1	1	1	1	0
11.08.2015 03:18:27.594000	-0.00999999	-0.0128483	-0.00849238	127.023	675.023	0.00705295	6	4	4	4	0.266366	296	62.1774	0	0	0	0.351411	130.529	0.542131	497.696	1	1	1	1	1	1	1	0
11.08.2015 03:18:27.694000	-0.00999999	-0.0128483	-0.00849238	127.023	675.023	0.00470197	6	4	4	4	0.260801	296	62.1774	0	0	0	0.34877	130.512	0.541154	497.634	1	1	1	1	1	1	1	0
11.08.2015 03:18:27.794000	-0.00999999	-0.0128483	-0.00849238	127.023	675.02	0.00325521	6	4	4	4	0.275121	296	62.1774	0	0	0	0.346347	130.493	0.543596	497.552	1	1	1	1	1	1	1	0
11.08.2015 03:18:27.894000	-0.00999999	-0.0128483	-0.00849238	127.023	675.018	0.00072338	6	4	4	4	0.249157	296	62.1774	0	0	0	0.34401	130.474	0.54384	497.477	1	1	1	1	1	1	1	0
11.08.2015 03:18:27.994000	-0.00999999	-0.0128483	-0.00849238	127.023	675.016	0.000542535	6	4	4	4	0.25604	296	62.1774	0	0	0	0.343171	130.458	0.545793	497.409	1	1	1	1	1	1	1	0
11.08.2015 03:18:28.094000	-0.00999999	-0.0128483	-0.00849238	127.023	675.016	0.00108507	6	4	4	4	0.235785	296	62.1774	0	0	0	0.341725	130.44	0.546525	497.335	1	1	1	1	1	1	1	0
11.08.2015 03:18:28.194000	-0.00999999	-0.0128483	-0.00849238	127.023	675.031	0.0016276	6	4	4	4	0.261838	296	62.1774	0	0	0	0.34273	130.419	0.544694	497.264	1	1	1	1	1	1	1	0
11.08.2015 03:18:28.294000	-0.00999999	-0.0128483	-0.00849238	127.023	675.039	0.00180845	6	4	4	4	0.250782	296	62.1774	0	0	0	0.34247	130.403	0.549577	497.184	1	1	1	1	1	1	1	0
11.08.2015 03:18:28.394000	-0.00999999	-0.0128483	-0.00849238	127.023	675.047	0.00217014	6	4	4	4	0.257201	296	62.1774	0	0	0	0.344618	130.383	0.545854	497.119	1	1	1	1	1	1	1	0
11.08.2015 03:18:28.494000	-0.00999999	-0.0128483	-0.00849238	127.023	675.047	0.00434028	6	4	4	4	0.259856	296	62.1774	0	0	0	0.345515	130.364	0.547319	497.044	1	1	1	1	1	1	1	0
11.08.2015 03:18:28.594000	-0.00999999	-0.0128483	-0.00849238	127.023	675.047	0.00596788	6	4	4	4	0.242051	296	62.1774	0	0	0	0.347512	130.346	0.54207	496.993	1	1	1	1	1	1	1	0
11.08.2015 03:18:28.694000	-0.00999999	-0.0128483	-0.00849238	127.023	675.047	0.00795718	6	4	4	4	0.266213	296	62.1774	0	0	0	0.348401	130.327	0.543718	496.915	1	1	1	1	1	1	1	0
11.08.2015 03:18:28.794000	-0.00999999	-0.0128483	-0.00849238	127.023	675.063	0.0108507	6	4	4	4	0.243488	296	62.1774	0	0	0	0.349392	130.312	0.541459	496.866	1	1	1	1	1	1	1	0
11.08.2015 03:18:28.894000	-0.00999999	-0.0128483	-0.00849238	127.023	675.057	0.0112124	6	4	4	4	0.242067	296	62.1774	0	0	0	0.349385	130.294	0.54677	496.776	1	1	1	1	1	1	1	0
11.08.2015 03:18:28.994000	-0.00999999	-0.0128483	-0.00849238	127.023	675.059	0.00922309	6	4	4	4	0.252245	296	62.1774	0	0	0	0.348076	130.273	0.542741	496.713	1	1	1	1	1	1	1	0
11.08.2015 03:18:29.094000	-0.00999999	-0.0128483	-0.00849238	127.023	675.057	0.00868056	6	4	4	4	0.229948	296	62.1774	0	0	0	0.347215	130.26	0.546098	496.649	1	1	1	1	1	1	1	0
11.08.2015 03:18:29.194000	-0.00999999	-0.0128483	-0.00849238	127.023	675.055	0.00596788	6	4	4	4	0.23151	296	62.1774	0	0	0	0.345327	130.244	0.542497	496.601	1	1	1	1	1	1	1	0
11.08.2015 03:18:29.294000	-0.00999999	-0.0128483	-0.00849238	127.023	675.065	0.00614873	6	4	4	4	0.234624	296	62.1774	0	0	0	0.344452	130.221	0.544267	496.508	1	1	1	1	1	1	1	0
11.08.2015 03:18:29.394000	-0.00999999	-0.0128483	-0.00849238	127.023	675.074	0.00434028	6	4	4	4	0.24298	296	62.1774	0	0	0	0.342593	130.205	0.544389	496.444	1	1	1	1	1	1	1	0
11.08.2015 03:18:29.494000	-0.00999999	-0.0128483	-0.00849238	127.023	675.081	0.00325521	6	4	4	4	0.25094	296	62.1774	0	0	0	0.343453	130.19	0.548601	496.37	1	1	1	1	1	1	1	0
11.08.2015 03:18:29.594000	-0.00999999	-0.0128483	-0.00849238	127.023	675.086	0.00325521	6	4	4	4	0.263992	296	62.1774	0	0	0	0.342752	130.172	0.547746	496.304	1	1	1	1	1	1	1	0
11.08.2015 03:18:29.694000	-0.00999999	-0.0128483	-0.00849238	127.023	675.094	0.0036169	6	4	4	4	0.257927	296	62.1774	0	0	0	0.343895	130.153	0.54738	496.233	1	1	1	1	1	1	1	0
11.08.2015 03:18:29.794000	-0.00999999	-0.0128483	-0.00849238	127.023	675.102	0.00542535	6	4	4	4	0.256026	296	62.1774	0	0	0	0.34435	130.138	0.54677	496.177	1	1	1	1	1	1	1	0
11.08.2015 03:18:29.894000	-0.00999999	-0.0128483	-0.00849238	127.021	675.083	0.00651042	6	4	4	4	0.267071	296	62.1774	0	0	0	0.346361	129.96	0.547197	495.496	1	1	1	1	1	1	1	0
11.08.2015 03:18:29.994000	-0.00999999	-0.0128483	-0.00849238	126.992	675.102	0.00759549	6	4	4	4	0.252236	296	62.1774	0	0	0	0.347685	130.166	0.548845	496.277	1	1	1	1	1	1	1	0
11.08.2015 03:18:30.094000	-0.00999999	-0.0128483	-0.00849238	126.984	675.12	0.00868056	6	4	4	4	0.245961	296	62.1774	0	0	0	0.34911	130.145	0.548418	496.199	1	1	1	1	1	1	1	0
11.08.2015 03:18:30.194000	-0.00999999	-0.0128483	-0.00849238	126.984	675.102	0.00868056	6	4	4	4	0.25439	296	62.1774	0	0	0	0.350557	130.127	0.548723	496.128	1	1	1	1	1	1	1	0
11.08.2015 03:18:30.294000	-0.00999999	-0.0128483	-0.00849238	126.984	675.117	0.00795718	6	4	4	4	0.239641	296	62.1774	0	0	0	0.350253	130.106	0.545549	496.062	1	1	1	1	1	1	1	0
11.08.2015 03:18:30.394000	-0.00999999	-0.0128483	-0.00849238	126.984	675.102	0.00813802	6	4	4	4	0.247112	296	62.1774	0	0	0	0.349812	130.091	0.549272	495.991	1	1	1	1	1	1	1	0
11.08.2015 03:18:30.494000	-0.00999999	-0.0128483	-0.00849238	126.984	675.104	0.00651042	6	4	4	4	0.264596	296	62.1774	0	0	0	0.347193	130.072	0.547807	495.923	1	1	1	1	1	1	1	0
11.08.2015 03:18:30.594000	-0.00999999	-0.0128483	-0.00849238	126.98	675.18	0.00434028	6	4	4	4	0.265801	296	62.1774	0	0	0	0.345472	130.06	0.549089	495.873	1	1	1	1	1	1	1	0
11.08.2015 03:18:30.694000	-0.00999999	-0.0128483	-0.00849238	126.982	675.161	0.00289352	6	4	4	4	0.248434	296	62.1774	0	0	0	0.341978	130.042	0.548784	495.802	1	1	1	1	1	1	1	0
11.08.2015 03:18:30.794000	-0.00999999	-0.0128483	-0.00849238	126.984	675.145	0.000542535	6	4	4	4	0.250112	296	62.1774	0	0	0	0.339525	130.046	0.546587	495.826	1	1	1	1	1	1	1	0
11.08.2015 03:18:30.894000	-0.00999999	-0.0128483	-0.00849238	126.984	675.148	0.00108507	6	4	4	4	0.260619	296	62.1774	0	0	0	0.336646	130.012	0.550737	495.681	1	1	1	1	1	1	1	0
11.08.2015 03:18:30.994000	-0.00999999	-0.0128483	-0.00849238	126.984	675.152	0.00271267	6	4	4	4	0.267454	296	62.1774	0	0	0	0.335033	129.769	0.55324	494.741	1	1	1	1	1	1	1	0
11.08.2015 03:18:31.094000	-0.00999999	-0.0128483	-0.00849238	126.984	675.159	0.00397859	6	4	4	4	0.264377	296	62.1774	0	0	0	0.333341	129.983	0.551286	495.566	1	1	1	1	1	1	1	0
11.08.2015 03:18:31.194000	-0.00999999	-0.0128483	-0.00849238	126.984	675.148	0.00651042	6	4	4	4	0.252507	296	62.1774	0	0	0	0.332885	129.964	0.552385	495.492	1	1	1	1	1	1	1	0
11.08.2015 03:18:31.294000	-0.00999999	-0.0128483	-0.00849238	126.984	675.141	0.00651042	6	4	4	4	0.256926	296	62.1774	0	0	0	0.332914	129.948	0.551347	495.434	1	1	1	1	1	1	1	0
11.08.2015 03:18:31.394000	-0.00999999	-0.0128483	-0.00849238	126.984	675.141	0.00651042	6	4	4	4	0.267028	296	62.1774	0	0	0	0.332595	129.93	0.550188	495.368	1	1	1	1	1	1	1	0
11.08.2015 03:18:31.494000	-0.00999999	-0.0128483	-0.00849238	126.984	675.141	0.00614873	6	4	4	4	0.253882	296	62.1774	0	0	0	0.332017	129.909	0.552751	495.279	1	1	1	1	1	1	1	0
11.08.2015 03:18:31.594000	-0.00999999	-0.0128483	-0.00849238	126.984	675.141	0.00542535	6	4	4	4	0.266046	296	62.1774	0	0	0	0.329702	129.895	0.554704	495.217	1	1	1	1	1	1	1	0
11.08.2015 03:18:31.694000	-0.00999999	-0.0128483	-0.00849238	126.984	675.141	0.00253183	6	4	4	4	0.269847	296	62.1774	0	0	0	0.329709	129.878	0.554704	495.153	1	1	1	1	1	1	1	0
11.08.2015 03:18:31.794000	-0.00999999	-0.0128483	-0.00849238	126.984	675.141	0.00108507	6	4	4	4	0.257946	296	62.1774	0	0	0	0.328125	129.854	0.552873	495.07	1	1	1	1	1	1	1	0
11.08.2015 03:18:31.894000	-0.00999999	-0.0128483	-0.00849238	126.984	675.141	0.00108507	6	4	4	4	0.269114	296	62.1774	0	0	0	0.328704	129.843	0.553423	495.024	1	1	1	1	1	1	1	0
11.08.2015 03:18:31.994000	-0.00999999	-0.0128483	-0.00849238	126.984	675.141	0.000542535	6	4	4	4	0.24719	296	62.1774	0	0	0	0.329159	129.819	0.553484	494.932	1	1	1	1	1	1	1	0
11.08.2015 03:18:32.094000	-0.00999999	-0.0128483	-0.00849238	126.984	675.141	0.00108507	6	4	4	4	0.238019	296	62.1774	0	0	0	0.331785	129.813	0.555864	494.9	1	1	1	1	1	1	1	0
11.08.2015 03:18:32.194000	-0.00999999	-0.0128483	-0.00849238	126.984	675.141	0.000542535	6	4	4	4	0.243326	296	62.1774	0	0	0	0.336522	129.8	0.555139	494.854	1	1	1	1	1	1	1	0
