Time	[76:0]	[76:1]	[76:2]	[76:4]	[76:8]	[76:70]	[76:71]	[78:0]	[78:1]	[78:2]	[79:2]	[79:3]	[79:4]	[79:8]	[79:9]	[79:10]	[79:11]	[79:12]	[79:13]	[79:14]	[79.0]	[79.1]	[79.2]	[79.3]	[79.4]	[79.5]	[79.6]	[79.8]
time	Hoogteverstelling - Referentie positie (mm)	Hoogteverstelling - AZ gemeten positie (mm)	Hoogteverstelling - BZ gemeten positie (mm)	Transfert Ingang - Gemeten positie (mm)	Transfert Uitgang - Gemeten positie (mm)	Aardgas - actueel debiet	Stappenschakelaar - gemeten pos	Laspos Ing - positie discreet	Laspos Uitg - positie discreet	Schaafverstelling - positie discreet	Stuikraam - Totale Stroommeting RMS-waarde (A)	Stuikraam - Stroomreferentie (A)	Stuikraam - Positie AZ (mm, pulsgever)	Stuikraam - Referentie Servo-ventiel (%)	Stuikraam - Trim door I-regelaar (%)	Stuikraam - Gemeten snelheid (mm/s, pulsgever)	Secundaire lasspanning	Stuikraam - Druk stuikcilinder voorkamer (=laszijde)  (bar)	Stuikraam - Druk stuikcilinder terugloopkamer  (bar)	Stuikraam - Netto voorwaartse kracht op stuikraam (kN)	Stuikraam - P1	Stuikraam - P2	Stuikraam - P3	Stuikraam - P4	Stuikraam - P5	Stuikraam - P6	Stuikraam - P7	Stuikraam - Openen stuikventielen	

Lasparameter.Ingang - Coil ID	0323298S
Lasparameter.Ingang - Dikte (um)	3750
Lasparameter.Ingang - Breedte (mm)	1887
Lasparameter.Ingang - Materiaal	0001
Lasparameter.Uitgang - Coil ID	0350921S
Lasparameter.Uitgang - Dikte (um)	3650
Lasparameter.Uitgang - Breedte (mm)	1647
Lasparameter.Uitgang - Materiaal	0001
Lasparameter.P2 (mm)	32.0
Lasparameter.P3 (mm)	42.0
Lasparameter.P4 (mm)	50.1
Lasparameter.P5 (mm)	56.4
Lasparameter.P6 (mm)	62.1
Lasparameter.P7 (mm)	66.1
Lasparameter.Vonksnelheid (mm/s)	1.20
Lasparameter.Lassnelheid (mm/s)	0.48
Lasparameter.Stroom Referentie (A)	0367
Lasparameter.Stroomtoename (µA/s2)	46.7
Lasparameter.Stuikstroomtijd (per)	0008
Lasparameter.Afkoeltijd Stuik (per)	0010
Lasparameter.Stuikdruk (bar)	0108
Lasparameter.Stuiksnelheid (%)	90.0

31.08.2015 13:12:05.610000	-0.05	-0.0598931	-0.0637138	-0.0625	-667.953	0.00596788	6	3	3	3	0.267063	367	0	0	0	0	0.267759	4.56227	129.368	-477.856	1	0	0	0	0	0	0	0
31.08.2015 13:12:05.710000	-0.05	-0.0598931	-0.0637138	-0.0625	-667.953	0.00488281	6	3	3	3	0.262327	367	0	0	0	0	0.266385	4.98843	129.376	-476.253	1	0	0	0	0	0	0	0
31.08.2015 13:12:05.810000	-0.05	-0.0598931	-0.0637138	-0.0416667	-667.951	0.00325521	6	3	3	3	0.260868	367	0	0	0	0	0.26718	4.05438	129.346	-479.716	1	0	0	0	0	0	0	0
31.08.2015 13:12:05.910000	-0.05	-0.0598931	-0.0637138	0	-667.953	0.00325521	6	3	3	3	0.252851	367	0	0	0	0	0.266385	4.4651	129.352	-478.166	1	0	0	0	0	0	0	0
31.08.2015 13:12:06.010000	-0.05	-0.0598931	-0.0637138	0	-667.948	0.00325521	6	3	3	3	0.274201	367	0	0	0	0	0.267361	7.04929	129.448	-468.641	1	0	0	0	0	0	0	0
31.08.2015 13:12:06.110000	-0.05	-0.0598931	-0.0637138	0.0078125	-667.945	0.00325521	6	3	3	3	0.273373	367	0	0	0	0	0.265372	3.10776	129.327	-483.268	1	0	0	0	0	0	0	0
31.08.2015 13:12:06.210000	-0.05	-0.0598931	-0.0637138	0.0104167	-667.951	0.00108507	6	3	3	3	0.265503	367	0	0	0	0	0.266529	4.57112	129.358	-477.783	1	0	0	0	0	0	0	0
31.08.2015 13:12:06.310000	-0.05	-0.0598931	-0.0637138	0.0117188	-667.945	0.00108507	6	3	3	3	0.249569	367	0	0	0	0	0.264721	3.44151	129.331	-482.004	1	0	0	0	0	0	0	0
31.08.2015 13:12:06.410000	-0.05	-0.0598931	-0.0637138	0.015625	-667.945	0.00072338	6	3	3	3	0.24484	367	0	0	0	0	0.264178	5.71831	129.402	-473.561	1	0	0	0	0	0	0	0
31.08.2015 13:12:06.510000	-0.05	-0.0598931	-0.0637138	0.015625	-667.945	0.00108507	6	3	3	3	0.263075	367	0	0	0	0	0.263093	4.52724	129.356	-477.946	1	0	0	0	0	0	0	0
31.08.2015 13:12:06.610000	-0.05	-0.0598931	-0.0637138	0.0104167	-667.945	0.00108507	6	3	3	3	0.284567	367	0	0	0	0	0.262623	6.65224	129.44	-470.13	1	0	0	0	0	0	0	0
31.08.2015 13:12:06.710000	-0.05	-0.0598931	-0.0637138	0.0078125	-667.945	0.00108507	6	3	3	3	0.273797	367	0	0	0	0	0.261502	2.71535	129.305	-484.685	1	0	0	0	0	0	0	0
31.08.2015 13:12:06.810000	-0.05	-0.0598931	-0.0637138	0.0130208	-667.945	0.00144676	6	3	3	3	0.244745	367	0	0	0	0	0.259512	4.04608	129.321	-479.652	1	0	0	0	0	0	0	0
31.08.2015 13:12:06.910000	-0.05	-0.0598931	-0.0637138	0.015625	-667.941	0.00108507	6	3	3	3	0.257084	367	0	0	0	0	0.261321	7.38524	129.462	-467.406	1	0	0	0	0	0	0	0
31.08.2015 13:12:07.010000	-0.05	-0.0598931	-0.0637138	0.015625	-667.945	0.00108507	6	3	3	3	0.254595	367	0	0	0	0	0.260525	4.58443	129.367	-477.767	1	0	0	0	0	0	0	0
31.08.2015 13:12:07.110000	-0.05	-0.0598931	-0.0637138	0.015625	-667.945	0.000542535	6	3	3	3	0.264945	367	0	0	0	0	0.262876	4.47517	129.337	-478.069	1	0	0	0	0	0	0	0
31.08.2015 13:12:07.210000	-0.05	-0.0598931	-0.0637138	0.0182292	-667.945	0.00072338	6	3	3	3	0.258476	367	0	0	0	0	0.261936	5.94629	129.38	-472.603	1	0	0	0	0	0	0	0
31.08.2015 13:12:07.310000	-0.05	-0.0598931	-0.0637138	0.0195313	-667.941	0.0016276	6	3	3	3	0.261469	367	0	0	0	0	0.26407	5.22037	129.357	-475.294	1	0	0	0	0	0	0	0
31.08.2015 13:12:07.410000	-0.05	-0.0598931	-0.0637138	0.015625	-667.943	0.00217014	6	3	3	3	0.256461	367	0	0	0	0	0.262731	5.60979	129.358	-473.807	1	0	0	0	0	0	0	0
31.08.2015 13:12:07.510000	-0.05	-0.0598931	-0.0637138	0.0234375	-667.938	0.000542535	6	3	3	3	0.252795	367	0	0	0	0	0.261719	5.49754	129.357	-474.233	1	0	0	0	0	0	0	0
31.08.2015 13:12:07.610000	-0.05	-0.0598931	-0.0637138	0.0234375	-667.94	0.00180845	6	3	3	3	0.265749	367	0	0	0	0	0.260236	5.11435	129.336	-475.619	1	0	0	0	0	0	0	0
31.08.2015 13:12:07.710000	-0.05	-0.0598931	-0.0637138	0.0078125	-667.941	0.000542535	6	3	3	3	0.258076	367	0	0	0	0	0.259585	3.10111	129.26	-483.037	1	0	0	0	0	0	0	0
31.08.2015 13:12:07.810000	-0.05	-0.0598931	-0.0637138	0.0234375	-667.945	0.00072338	6	3	3	3	0.276919	367	0	0	0	0	0.2585	3.27775	129.249	-482.318	1	0	0	0	0	0	0	0
31.08.2015 13:12:07.910000	-0.05	-0.0598931	-0.0637138	0.335938	-667.945	0.00108507	6	3	3	3	0.276094	367	0	0	0	0	0.256908	4.7275	129.29	-476.923	1	0	0	0	0	0	0	0
31.08.2015 13:12:08.010000	-0.05	-0.0598931	-0.0637138	1.30208	-667.945	-0.00108507	6	3	3	3	0.282024	367	0	0	0	0	0.258247	5.08408	129.295	-475.579	1	0	0	0	0	0	0	0
31.08.2015 13:12:08.110000	-0.05	-0.0598931	-0.0637138	8.80469	-667.945	-0.00108507	6	3	3	3	0.253117	367	0	0	0	0	0.258174	3.86792	129.263	-480.113	1	0	0	0	0	0	0	0
31.08.2015 13:12:08.210000	-0.05	-0.0598931	-0.0637138	26.2891	-667.945	-0.00144676	6	3	3	3	0.256043	367	0	0	0	0	0.260055	5.52043	129.306	-473.949	1	0	0	0	0	0	0	0
31.08.2015 13:12:08.310000	-0.05	-0.0598931	-0.0637138	55.6094	-667.945	-0.00108507	6	3	3	3	0.267962	367	0	0	0	0	0.259223	4.90738	129.287	-476.225	1	0	0	0	0	0	0	0
31.08.2015 13:12:08.410000	-0.05	-0.0598931	-0.0637138	81.0521	-667.945	-0.00108507	6	3	3	3	0.321878	367	0	0	0	0	0.260959	4.15961	129.269	-479.019	1	0	0	0	0	0	0	0
31.08.2015 13:12:08.510000	-0.05	-0.0598931	-0.0637138	110.883	-667.945	-0.000542535	6	3	3	3	0.304694	367	0	0	0	0	0.259549	4.2765	129.263	-478.547	1	0	0	0	0	0	0	0
31.08.2015 13:12:08.610000	-0.05	-0.0598931	-0.0637138	151.872	-667.945	-0.00108507	6	3	3	3	0.290691	367	0	0	0	0	0.259006	5.08506	129.275	-475.497	1	0	0	0	0	0	0	0
31.08.2015 13:12:08.710000	-0.05	-0.0598931	-0.0637138	203.664	-667.945	-0.0016276	6	3	3	3	0.309426	367	0	0	0	0	0.257595	4.68429	129.263	-476.986	1	0	0	0	0	0	0	0
31.08.2015 13:12:08.810000	-0.05	-0.0598931	-0.0637138	247.294	-667.945	-0.00144676	6	3	3	3	0.299154	367	0	0	0	0	0.256149	4.52358	129.255	-477.573	1	0	0	0	0	0	0	0
31.08.2015 13:12:08.910000	-0.05	-0.0598931	-0.0637138	290.809	-667.945	-0.00108507	6	3	3	3	0.310205	367	0	0	0	0	0.254955	4.72372	129.254	-476.802	1	0	0	0	0	0	0	0
31.08.2015 13:12:09.010000	-0.05	-0.0598931	-0.0637138	345.612	-667.945	-0.00144676	6	3	3	3	0.326219	367	0	0	0	0	0.255498	4.64528	129.249	-477.081	1	0	0	0	0	0	0	0
31.08.2015 13:12:09.110000	-0.05	-0.0598931	-0.0637138	394.859	-667.945	-0.000542535	6	3	3	3	0.298389	367	0	0	0	0	0.258753	4.57765	129.244	-477.324	1	0	0	0	0	0	0	0
31.08.2015 13:12:09.210000	-0.05	-0.0598931	-0.0637138	434.859	-667.945	0.00217014	6	3	3	3	0.331763	367	0	0	0	0	0.259766	4.36201	129.235	-478.114	1	0	0	0	0	0	0	0
31.08.2015 13:12:09.310000	-0.05	-0.0598931	-0.0637138	464.07	-667.945	-0.00108507	6	3	3	3	0.301175	367	0	0	0	0	0.263491	4.37568	129.231	-478.048	1	0	0	0	0	0	0	0
31.08.2015 13:12:09.410000	-0.05	-0.0598931	-0.0637138	485.789	-667.945	-0.00108507	6	3	3	3	0.309803	367	0	0	0	0	0.263672	4.55263	129.226	-477.351	1	0	0	0	0	0	0	0
31.08.2015 13:12:09.510000	-0.05	-0.0598931	-0.0637138	501.266	-667.945	-0.0016276	6	3	3	3	0.309896	367	0	0	0	0	0.266565	4.53615	129.217	-477.379	1	0	0	0	0	0	0	0
31.08.2015 13:12:09.610000	-0.05	-0.0598931	-0.0637138	517.901	-667.945	-0.00144676	6	3	3	3	0.31017	367	0	0	0	0	0.267072	4.50887	129.217	-477.483	1	0	0	0	0	0	0	0
31.08.2015 13:12:09.710000	-0.05	-0.0598931	-0.0637138	533.688	-667.945	-0.0016276	6	3	3	3	0.320099	367	0	0	0	0	0.269821	4.51387	129.212	-477.443	1	0	0	0	0	0	0	0
31.08.2015 13:12:09.810000	-0.05	-0.0598931	-0.0637138	556.266	-667.945	-0.00072338	6	3	3	3	0.325653	367	0	0	0	0	0.270833	4.55226	129.205	-477.271	1	0	0	0	0	0	0	0
31.08.2015 13:12:09.910000	-0.05	-0.0598931	-0.0637138	572.313	-667.953	-0.00108507	6	3	3	3	0.302784	367	0	0	0	0	0.273257	4.52126	129.201	-477.375	1	0	0	0	0	0	0	0
31.08.2015 13:12:10.010000	-0.05	-0.0598931	-0.0637138	588.06	-667.951	-0.00180845	6	3	3	3	0.258362	367	0	0	0	0	0.274848	4.4568	129.196	-477.602	1	0	0	0	0	0	0	0
31.08.2015 13:12:10.110000	-0.05	-0.0598931	-0.0637138	605.98	-667.953	-0.00108507	6	3	3	3	0.261402	367	0	0	0	0	0.276259	4.48427	129.195	-477.494	1	0	0	0	0	0	0	0
31.08.2015 13:12:10.210000	-0.05	-0.0598931	-0.0637138	624.078	-667.953	-0.00108507	6	3	3	3	0.267165	367	0	0	0	0	0.278284	4.52956	129.191	-477.302	1	0	0	0	0	0	0	0
31.08.2015 13:12:10.310000	-0.05	-0.0598931	-0.0637138	638.664	-667.953	-0.00108507	6	3	3	3	0.248836	367	0	0	0	0	0.278863	4.49239	129.183	-477.417	1	0	0	0	0	0	0	0
31.08.2015 13:12:10.410000	-0.05	-0.0598931	-0.0637138	652.253	-667.953	-0.00108507	6	3	3	3	0.266201	367	0	0	0	0	0.281539	4.46657	129.177	-477.493	1	0	0	0	0	0	0	0
31.08.2015 13:12:10.510000	-0.05	-0.0598931	-0.0637138	670.207	-667.953	-0.0016276	6	3	3	3	0.255408	367	0	0	0	0	0.280852	4.47688	129.173	-477.435	1	0	0	0	0	0	0	0
31.08.2015 13:12:10.610000	-0.05	-0.0598931	-0.0637138	681.867	-667.953	-0.00072338	6	3	3	3	0.25124	367	0	0	0	0	0.282227	4.47676	129.171	-477.429	1	0	0	0	0	0	0	0
31.08.2015 13:12:10.710000	-0.05	-0.0598931	-0.0637138	692.027	-667.953	-0.0016276	6	3	3	3	0.259854	367	0	0	0	0	0.281648	4.4344	129.167	-477.575	1	0	0	0	0	0	0	0
31.08.2015 13:12:10.810000	-0.05	-0.0598931	-0.0637138	699.94	-667.953	-0.00108507	6	3	3	3	0.266648	367	0	0	0	0	0.282986	4.39827	129.16	-477.689	1	0	0	0	0	0	0	0
31.08.2015 13:12:10.910000	-0.05	-0.0598931	-0.0637138	705.813	-667.953	-0.00108507	6	3	3	3	0.302871	367	0	0	0	0	0.282624	4.35499	129.154	-477.831	1	0	0	0	0	0	0	0
31.08.2015 13:12:11.010000	-0.05	-0.0598931	-0.0637138	706.674	-667.953	-0.00253183	6	3	3	3	0.260667	367	0	0	0	0	0.283637	4.43086	129.149	-477.521	1	0	0	0	0	0	0	0
31.08.2015 13:12:11.110000	-0.05	-0.0598931	-0.0637138	707.125	-667.953	-0.00271267	6	3	3	3	0.268584	367	0	0	0	0	0.283167	4.40645	129.146	-477.605	1	0	0	0	0	0	0	0
31.08.2015 13:12:11.210000	-0.05	-0.0598931	-0.0637138	707.125	-667.953	-0.00434028	6	3	3	3	0.248225	367	0	0	0	0	0.283492	4.43178	129.142	-477.489	1	0	0	0	0	0	0	0
31.08.2015 13:12:11.310000	-0.05	-0.0598931	-0.0637138	707.125	-667.953	-0.00108507	6	3	3	3	0.260208	367	0	0	0	0	0.28418	4.65102	129.139	-476.641	1	0	0	0	0	0	0	0
31.08.2015 13:12:11.410000	-0.05	-0.0598931	-0.0637138	707.125	-667.956	-0.00506366	6	3	3	3	0.247193	367	0	0	0	0	0.283637	5.1503	129.15	-474.771	1	0	0	0	0	0	0	0
31.08.2015 13:12:11.510000	-0.05	-0.0598931	-0.0637138	707.125	-667.953	-0.00922309	6	3	3	3	0.283788	367	0	0	0	0	0.282516	4.36396	129.132	-477.713	1	0	0	0	0	0	0	0
31.08.2015 13:12:11.610000	-0.05	-0.0598931	-0.0637138	707.13	-667.961	-0.00687211	6	3	3	3	0.274934	367	0	0	0	0	0.278537	4.3918	129.126	-477.581	1	0	0	0	0	0	0	0
31.08.2015 13:12:11.710000	-0.05	-0.0598931	-0.0637138	707.133	-667.961	-0.00651042	6	3	3	3	0.271689	367	0	0	0	0	0.276982	4.74258	129.129	-476.249	1	0	0	0	0	0	0	0
31.08.2015 13:12:11.810000	-0.05	-0.0598931	-0.0637138	707.133	-667.958	-0.00651042	6	3	3	3	0.266947	367	0	0	0	0	0.273184	4.41768	129.119	-477.455	1	0	0	0	0	0	0	0
31.08.2015 13:12:11.910000	-0.05	-0.0598931	-0.0637138	707.133	-667.961	-0.00651042	6	3	3	3	0.252791	367	0	0	0	0	0.270869	4.44044	129.118	-477.364	1	0	0	0	0	0	0	0
31.08.2015 13:12:12.010000	-0.05	-0.0598931	-0.0637138	707.13	-667.961	-0.00651042	6	3	3	3	0.271492	367	0	0	0	0	0.268989	4.65035	129.115	-476.552	1	0	0	0	0	0	0	0
31.08.2015 13:12:12.110000	-0.05	-0.0598931	-0.0637138	707.133	-667.961	-0.00759549	6	3	3	3	0.264534	367	0	0	0	0	0.267072	4.60237	129.111	-476.72	1	0	0	0	0	0	0	0
31.08.2015 13:12:12.210000	-0.05	-0.0598931	-0.0637138	707.135	-667.961	-0.00542535	6	3	3	3	0.271773	367	0	0	0	0	0.265082	4.49599	129.106	-477.108	1	0	0	0	0	0	0	0
31.08.2015 13:12:12.310000	-0.05	-0.0598931	-0.0637138	707.133	-667.961	-0.00434028	6	3	3	3	0.255819	367	0	0	0	0	0.262876	4.5215	129.099	-476.982	1	0	0	0	0	0	0	0
31.08.2015 13:12:12.410000	-0.05	-0.0598931	-0.0637138	707.141	-667.961	-0.00434028	6	3	3	3	0.263058	367	0	0	0	0	0.26284	4.57204	129.095	-476.777	1	0	0	0	0	0	0	0
31.08.2015 13:12:12.510000	-0.05	-0.0598931	-0.0637138	707.137	-667.961	-0.00108507	6	3	3	3	0.263021	367	0	0	0	0	0.260706	4.55796	129.097	-476.835	1	0	0	0	0	0	0	0
31.08.2015 13:12:12.610000	-0.05	-0.0598931	-0.0637138	707.141	-667.961	-0.00108507	6	3	3	3	0.274417	367	0	0	0	0	0.260453	4.5461	129.178	-477.192	1	0	0	0	0	0	0	0
31.08.2015 13:12:12.710000	-0.05	-0.0598931	-0.0637138	707.145	-667.961	0.000542535	6	3	3	3	0.26818	367	0	0	0	0	0.258427	4.05866	129.297	-479.513	1	0	0	0	0	0	0	0
31.08.2015 13:12:12.810000	-0.05	-0.0598931	-0.0637138	707.148	-667.966	0.00072338	6	3	3	3	0.243093	367	0	0	0	0	0.258898	4.19361	128.181	-474.723	1	0	0	0	0	0	0	0
31.08.2015 13:12:12.910000	-0.05	-0.0598931	-0.0637138	707.148	-667.969	0.000542535	6	3	3	3	0.254367	367	0	0	0	0	0.257017	4.49462	126.149	-465.791	1	0	0	0	0	0	0	0
31.08.2015 13:12:13.010000	-0.05	-0.0598931	-0.0637138	707.154	-667.966	0.00144676	6	3	3	3	0.240626	367	0	0	0	0	0.256547	6.11791	130.688	-476.916	1	0	0	0	0	0	0	0
31.08.2015 13:12:13.110000	-0.05	-0.0598931	-0.0637138	707.164	-667.961	0.000542535	6	3	3	3	0.257945	367	0	0	0	0	0.256221	4.72494	130.443	-481.357	1	0	0	0	0	0	0	0
31.08.2015 13:12:13.210000	-0.05	-0.0598931	-0.0637138	707.164	-667.969	0.00253183	6	3	3	3	0.266885	367	0	0	0	0	0.255787	4.69204	129.751	-478.827	1	0	0	0	0	0	0	0
31.08.2015 13:12:13.310000	-0.05	-0.0598931	-0.0637138	707.164	-667.969	0.00108507	6	3	3	3	0.281486	367	0	0	0	0	0.254977	5.26774	129.31	-474.933	1	0	0	0	0	0	0	0
31.08.2015 13:12:13.410000	-0.05	-0.0598931	-0.0637138	707.161	-667.966	-0.00072338	6	3	3	3	0.276051	367	0	0	0	0	0.254282	4.90335	129.143	-475.688	1	0	0	0	0	0	0	0
31.08.2015 13:12:13.510000	-0.05	-0.0598931	-0.0637138	707.164	-667.969	0.000542535	6	3	3	3	0.274256	367	0	0	0	0	0.254456	4.84713	128.855	-474.801	1	0	0	0	0	0	0	0
31.08.2015 13:12:13.610000	-0.05	-0.0598931	-0.0637138	707.161	-667.969	0.00072338	6	3	3	3	0.277706	367	0	0	0	0	0.253241	5.0325	129.088	-474.985	1	0	0	0	0	0	0	0
31.08.2015 13:12:13.710000	-0.05	-0.0598931	-0.0637138	707.156	-667.969	0.000542535	6	3	3	3	0.265987	367	0	0	0	0	0.254022	5.07395	129.114	-474.926	1	0	0	0	0	0	0	0
31.08.2015 13:12:13.810000	-0.05	-0.0598931	-0.0637138	707.161	-667.969	0.00108507	6	3	3	3	0.261889	367	0	0	0	0	0.252344	4.81729	128.842	-474.865	1	0	0	0	0	0	0	0
31.08.2015 13:12:13.910000	-0.05	-0.0598931	-0.0637138	707.164	-667.969	0.000542535	6	3	3	3	0.263036	367	0	0	0	0	0.253212	4.8359	128.567	-473.741	1	0	0	0	0	0	0	0
31.08.2015 13:12:14.010000	-0.05	-0.0598931	-0.0637138	707.164	-667.969	0.00180845	6	3	3	3	0.25135	367	0	0	0	0	0.251997	4.35011	128.476	-475.253	1	0	0	0	0	0	0	0
31.08.2015 13:12:14.110000	-0.05	-0.0598931	-0.0637138	707.164	-667.969	0.00325521	6	3	3	3	0.256958	367	0	0	0	0	0.252112	6.53005	120.523	-436.457	1	0	0	0	0	0	0	0
31.08.2015 13:12:14.210000	-0.05	-0.0598931	-0.0637138	707.042	-667.969	0.00325521	6	3	3	3	0.285512	367	0.0527264	0	0	0.0308182	0.251939	56.8749	107.668	-194.478	1	0	0	0	0	0	0	0
31.08.2015 13:12:14.310000	-0.05	-0.0598931	-0.0637138	705.742	-667.961	0.00217014	6	3	3	3	0.282771	367	1.6962	0	0	27.2857	0.252112	114.206	83.4969	117.58	1	0	0	0	0	0	0	0
31.08.2015 13:12:14.410000	-0.05	-0.0598931	-0.0594596	695.221	-667.961	0.00289352	6	3	3	3	0.264065	367	5.07616	0	0	34.538	0.251823	109.676	83.2958	101.005	1	0	0	0	0	0	0	0
31.08.2015 13:12:14.510000	-0.05	-0.0598931	-0.0594596	674.406	-667.965	0.00271267	6	3	3	3	0.250622	367	8.60783	0	0	36.1083	0.2511	110.799	84.6274	100.207	1	0	0	0	0	0	0	0
31.08.2015 13:12:14.610000	-0.05	-0.0598931	-0.0594596	650.026	-667.969	0.00325521	6	3	3	3	0.256022	367	12.1783	0	0	35.9461	0.252083	114.745	88.6139	100.051	1	0	0	0	0	0	0	0
31.08.2015 13:12:14.710000	-0.05	-0.0598931	-0.0594596	625.602	-667.969	0.00271267	6	3	3	3	0.258319	367	15.7388	0	0	35.6808	0.2511	118.459	92.5091	99.3586	1	0	0	0	0	0	0	0
31.08.2015 13:12:14.810000	-0.05	-0.0598931	-0.0594596	597.094	-667.969	0.00253183	6	3	3	3	0.270553	367	19.2685	0	0	34.9063	0.251968	119.924	94.3231	98.0206	1	0	0	0	0	0	0	0
31.08.2015 13:12:14.910000	-0.05	-0.0598931	-0.0594596	556.891	-667.969	0.00271267	6	3	3	3	0.260738	367	22.7544	0	0	34.9157	0.251157	119.994	94.4942	97.6329	1	0	0	0	0	0	0	0
31.08.2015 13:12:15.010000	-0.05	-0.0598931	-0.0594596	511.714	-667.969	0.00072338	6	3	3	3	0.275732	367	26.2209	0	0	34.906	0.252894	119.647	94.1957	97.4462	1	0	0	0	0	0	0	0
31.08.2015 13:12:15.110000	-0.05	-0.0598931	-0.0594596	472.18	-667.969	0.00108507	6	3	3	3	0.260827	367	29.6894	0	0	34.6113	0.251447	119.764	94.5042	96.7133	1	0	0	0	0	0	0	0
31.08.2015 13:12:15.210000	-0.05	-0.0598931	-0.0594596	433.419	-667.969	0.00072338	6	3	3	3	0.272245	367	33.3305	28.5	0	42.0414	0.252894	117.533	88.6701	110.512	1	0.83	0	0	0	0	0	0
31.08.2015 13:12:15.310000	-0.05	-0.0598931	-0.0594596	382.859	-667.973	0.000542535	6	3	3	3	0.271715	367	38.0973	50	0	42.893	0.252807	104.937	86.0853	72.179	1	1	0	0	0	0	0	0
31.08.2015 13:12:15.410000	-0.05	-0.0598931	-0.0594596	348.789	-667.979	0.00180845	6	3	3	3	0.27729	367	40.4471	46.5141	0	16.4288	0.253675	84.6107	61.182	89.7038	1	1	0	0	0	0	0	0
31.08.2015 13:12:15.510000	-0.05	-0.0598931	-0.0594596	316.582	-667.988	0.00596788	6	3	3	3	0.273442	367	41.5484	36.6512	0	10.3083	0.254051	61.0721	37.0214	92.0852	1	1	0	0	0	0	0	0
31.08.2015 13:12:15.610000	-0.05	-0.0598931	-0.0594596	283.583	-667.997	0.00325521	6	3	3	3	57.3524	367	42.3239	19.1753	0	7.6711	0.661169	52.367	28.6652	90.7494	1	1	1	0	0	0	0	0
31.08.2015 13:12:15.710000	-0.05	-0.0598931	-0.0594596	250.359	-667.992	0.00488281	6	3	3	3	96.4349	367	42.6004	5.72493	0	3.92631	6.26777	49.3757	24.6699	94.5937	1	1	1	0	0	0	0	0
31.08.2015 13:12:15.810000	-0.05	-0.0598931	-0.0594596	231.625	-667.992	0.00614873	6	3	3	3	96.3558	367	42.7527	5.70616	0	3.00695	10.1324	47.8207	23.0659	94.7811	1	1	1	0	0	0	0	0
31.08.2015 13:12:15.910000	-0.05	-0.0598931	-0.0594596	216.258	-667.996	0.00651042	6	3	3	3	97.2465	367	42.8865	5.70616	0	1.4983	11.2156	46.9518	21.9141	95.8643	1	1	1	0	0	0	0	0
31.08.2015 13:12:16.010000	-0.05	-0.0598931	-0.0594596	193.701	-667.995	0.00614873	6	3	3	3	97.2034	367	43.0218	5.70616	0	1.45014	11.4675	45.718	21.1078	94.2275	1	1	1	0	0	0	0	0
31.08.2015 13:12:16.110000	-0.05	-0.0598931	-0.0594596	174.242	-668	0.00651042	6	3	3	3	97.0976	367	43.1491	5.70616	0	1.26897	11.5329	45.4874	20.4561	95.8398	1	1	1	0	0	0	0	0
31.08.2015 13:12:16.210000	-0.05	-0.0598931	-0.0594596	158.07	-668	0.00651042	6	3	3	3	96.8921	367	43.2769	5.70616	0	1.27895	11.565	44.6873	19.8567	95.0716	1	1	1	0	0	0	0	0
31.08.2015 13:12:16.310000	-0.05	-0.0598931	-0.0594596	144.305	-668	0.00651042	6	3	3	3	97.169	367	43.4023	5.70616	0	1.30222	11.5746	44.2186	19.4762	94.7337	1	1	1	0	0	0	0	0
31.08.2015 13:12:16.410000	-0.05	-0.0598931	-0.0594596	134.01	-668	0.00651042	6	3	3	3	96.6988	367	43.5241	5.70616	0	1.2834	11.5961	43.9685	19.2013	94.8286	1	1	1	0	0	0	0	0
31.08.2015 13:12:16.510000	-0.05	-0.0598931	-0.0594596	127.605	-668	0.00651042	6	3	3	3	97.1395	367	43.6465	5.70616	0	1.23732	11.6163	43.6786	18.9497	94.682	1	1	1	0	0	0	0	0
31.08.2015 13:12:16.610000	-0.05	-0.0598931	-0.0594596	124.19	-668.008	0.00253183	6	3	3	3	97.0713	367	43.7704	5.70616	0	1.23568	11.6174	43.6993	18.8711	95.0625	1	1	1	0	0	0	0	0
31.08.2015 13:12:16.710000	-0.05	-0.0598931	-0.0594596	124.82	-668.008	0.000542535	6	3	3	3	97.0734	367	43.8873	5.70616	0	1.23125	11.6158	43.479	18.6736	94.9749	1	1	1	0	0	0	0	0
31.08.2015 13:12:16.810000	-0.05	-0.0598931	-0.0594596	126.219	-668.008	0.00144676	6	3	3	3	97.1293	367	44.0121	5.70616	0	1.2253	11.615	43.2889	18.5592	94.6851	1	1	1	0	0	0	0	0
31.08.2015 13:12:16.910000	-0.05	-0.0598931	-0.0594596	126.32	-668.012	0.00108507	6	3	3	3	96.2037	367	44.129	5.70616	0	1.2015	11.6222	43.2291	18.4873	94.7316	1	1	1	0	0	0	0	0
31.08.2015 13:12:17.010000	-0.05	-0.0598931	-0.0594596	126.372	-668.016	0.00144676	6	3	3	3	95.3305	367	44.2534	5.70616	0	1.20327	11.6492	43.3353	18.4332	95.3453	1	1	1	0	0	0	0	0
31.08.2015 13:12:17.110000	-0.05	-0.0598931	-0.0594596	126.375	-668.016	0.00108507	6	3	3	3	94.2191	367	44.3698	5.70616	0	1.21328	11.7048	43.175	18.3727	94.9632	1	1	1	0	0	0	0	0
31.08.2015 13:12:17.210000	-0.05	-0.0598931	-0.0594596	126.375	-668.016	0.00036169	6	3	3	3	94.3953	367	44.4886	5.70616	0	1.21208	11.7528	42.9497	18.3372	94.2361	1	1	1	0	0	0	0	0
31.08.2015 13:12:17.310000	-0.05	-0.0598931	-0.0594596	126.375	-668.016	0.00108507	6	3	3	3	94.326	367	44.609	5.70616	0	1.17315	11.7753	43.1736	18.3121	95.1896	1	1	1	0	0	0	0	0
31.08.2015 13:12:17.410000	-0.05	-0.0598931	-0.0594596	126.375	-668.018	0.00217014	6	3	3	3	94.6184	367	44.7219	5.70616	0	1.17315	11.7833	43.0412	18.2912	94.7627	1	1	1	0	0	0	0	0
31.08.2015 13:12:17.510000	-0.05	-0.0598931	-0.0594596	126.375	-668.023	0.00108507	6	3	3	3	94.3284	367	44.8418	5.70616	0	1.17829	11.7774	43.0386	18.2742	94.818	1	1	1	0	0	0	0	0
31.08.2015 13:12:17.610000	-0.05	-0.0598931	-0.0594596	126.375	-668.023	0	6	3	3	3	94.2457	367	44.9617	5.70616	0	1.17874	11.7721	43.0504	18.2622	94.9092	1	1	1	0	0	0	0	0
31.08.2015 13:12:17.710000	-0.05	-0.0598931	-0.0594596	126.375	-668.023	0.00108507	6	3	3	3	94.5984	367	45.0781	5.70616	0	1.19303	11.778	43.1299	18.2487	95.2649	1	1	1	0	0	0	0	0
31.08.2015 13:12:17.810000	-0.05	-0.0598931	-0.0594596	126.375	-668.023	0.00108507	6	3	3	3	128.297	367	45.2029	5.70616	0	1.19575	11.7318	43.0517	18.258	94.93	1	1	1	0	0	0	0	0
31.08.2015 13:12:17.910000	-0.05	-0.0598931	-0.0594596	126.375	-668.027	0.00271267	6	3	3	3	246.616	367	45.3183	5.70616	0	1.19147	11.3663	42.9038	18.2571	94.3675	1	1	1	0	0	0	0	0
31.08.2015 13:12:18.010000	-0.05	-0.0598931	-0.0594596	126.375	-668.026	-0.00036169	6	3	3	3	319.255	367	45.4407	5.70616	0	1.19005	10.9302	43.1028	18.2565	95.1317	1	1	1	0	0	0	0	0
31.08.2015 13:12:18.110000	-0.05	-0.0598931	-0.0594596	126.375	-668.031	-0.0016276	6	3	3	3	313.802	367	45.5616	5.70616	0	1.19783	10.7905	42.968	18.2688	94.5682	1	1	1	0	0	0	0	0
31.08.2015 13:12:18.210000	-0.05	-0.0598931	-0.0594596	126.375	-668.026	-0.00036169	6	3	3	3	912.735	367	45.6795	5.70616	0	1.20149	10.7683	43.1661	18.1948	95.61	1	1	1	0	0	0	0	0
31.08.2015 13:12:18.310000	-0.05	-0.0598931	-0.0594596	126.375	-668.031	-0.00271267	6	3	3	3	520.514	367	45.8033	5.70616	0	1.20512	10.5399	43.186	18.2745	95.3808	1	1	1	0	0	0	0	0
31.08.2015 13:12:18.410000	-0.05	-0.0598931	-0.0594596	126.375	-668.031	-0.00144676	6	3	3	3	344.5	367	45.9177	5.70616	0	1.20734	10.6427	43.2127	18.2798	95.4633	1	1	1	0	0	0	0	0
31.08.2015 13:12:18.510000	-0.05	-0.0598931	-0.0594596	126.375	-668.031	0	6	3	3	3	1120.7	367	46.0371	5.70616	0	1.19027	10.799	43.159	18.1861	95.6161	1	1	1	0	0	0	0	0
31.08.2015 13:12:18.610000	-0.05	-0.0598931	-0.0594596	126.375	-668.034	-0.00108507	6	3	3	3	440.424	367	46.1555	5.70616	0	1.17319	10.5364	42.9057	18.2927	94.238	1	1	1	0	0	0	0	0
31.08.2015 13:12:18.710000	-0.05	-0.0598931	-0.0594596	126.375	-668.039	-0.00108507	6	3	3	3	510.393	367	46.2704	5.70616	0	1.17317	10.667	43.0269	18.2729	94.7783	1	1	1	0	0	0	0	0
31.08.2015 13:12:18.810000	-0.05	-0.0598931	-0.0594596	126.375	-668.036	-0.00072338	6	3	3	3	885.063	367	46.3918	5.70616	0	1.17314	10.6536	42.7915	18.2457	93.9807	1	1	1	0	0	0	0	0
31.08.2015 13:12:18.910000	-0.05	-0.0598931	-0.0594596	126.375	-668.039	0.000542535	6	3	3	3	570.7	367	46.5097	5.70616	0	1.17992	10.5937	43.1759	18.2929	95.2721	1	1	1	0	0	0	0	0
31.08.2015 13:12:19.010000	-0.05	-0.0598931	-0.0594596	126.378	-668.039	0.00072338	6	3	3	3	576.043	367	46.6315	5.70616	0	1.19574	10.6723	43.2032	18.278	95.4336	1	1	1	0	0	0	0	0
31.08.2015 13:12:19.110000	-0.05	-0.0598931	-0.0594596	126.375	-668.039	-0.0016276	6	3	3	3	948.85	367	46.7509	5.70616	0	1.19707	10.6694	43.1132	18.2413	95.2293	1	1	1	0	0	0	0	0
31.08.2015 13:12:19.210000	-0.05	-0.0598931	-0.0594596	126.375	-668.039	-0.00217014	6	3	3	3	580.801	367	46.8683	5.70616	0	1.20155	10.5927	43.0305	18.2794	94.7673	1	1	1	0	0	0	0	0
31.08.2015 13:12:19.310000	-0.05	-0.0598931	-0.0594596	126.375	-668.039	0	6	3	3	3	679.095	367	46.9931	5.70616	0	1.20367	10.7236	42.9811	18.2677	94.6227	1	1	1	0	0	0	0	0
31.08.2015 13:12:19.410000	-0.05	-0.0598931	-0.0594596	126.38	-668.039	-0.00144676	6	3	3	3	696.299	367	47.109	5.70616	0	1.21333	10.7099	43.0061	18.2714	94.704	1	1	1	0	0	0	0	0
31.08.2015 13:12:19.510000	-0.05	-0.0598931	-0.0594596	126.375	-668.039	-0.00271267	6	3	3	3	670.917	367	47.2299	5.70616	0	1.211	10.7222	43.3593	18.2746	96.0443	1	1	1	0	0	0	0	0
31.08.2015 13:12:19.610000	-0.05	-0.0598931	-0.0594596	126.383	-668.039	-0.00180845	6	3	3	3	729.455	367	47.3488	5.70616	0	1.18426	10.7535	43.1073	18.2748	95.0786	1	1	1	0	0	0	0	0
31.08.2015 13:12:19.710000	-0.05	-0.0598931	-0.0594596	126.379	-668.039	-0.0016276	6	3	3	3	568.339	367	47.4657	5.70616	0	1.18426	10.7913	42.9433	18.2953	94.3721	1	1	1	0	0	0	0	0
31.08.2015 13:12:19.810000	-0.05	-0.0598931	-0.0594596	126.38	-668.042	0.00072338	6	3	3	3	621.381	367	47.59	5.70616	0	1.18995	10.8227	43.1288	18.294	95.0875	1	1	1	0	0	0	0	0
31.08.2015 13:12:19.910000	-0.05	-0.0598931	-0.0594596	126.379	-668.043	-0.000542535	6	3	3	3	567.793	367	47.705	5.70616	0	1.19	10.8099	42.8183	18.2905	93.9122	1	1	1	0	0	0	0	0
31.08.2015 13:12:20.010000	-0.05	-0.0598931	-0.0594596	126.383	-668.044	0.00217014	6	3	3	3	687.11	367	47.8233	5.70616	0	1.19003	10.7968	43.3858	18.2741	96.1476	1	1	1	0	0	0	0	0
31.08.2015 13:12:20.110000	-0.05	-0.0598931	-0.0594596	126.383	-668.047	0.000542535	6	3	3	3	591.058	367	47.9452	5.70616	0	1.19003	10.8212	43.0901	18.2874	94.9646	1	1	1	0	0	0	0	0
31.08.2015 13:12:20.210000	-0.05	-0.0598931	-0.0594596	126.378	-668.047	0.00180845	6	3	3	3	562.235	367	48.0616	5.70616	0	1.1947	10.8242	42.9702	18.2851	94.5145	1	1	1	0	0	0	0	0
31.08.2015 13:12:20.310000	-0.05	-0.0598931	-0.0594596	126.379	-668.047	0.00271267	6	3	3	3	597.001	367	48.1865	5.70616	0	1.19572	10.7935	43.1567	18.2707	95.2836	1	1	1	0	0	0	0	0
31.08.2015 13:12:20.410000	-0.05	-0.0598931	-0.0594596	126.38	-668.044	0.00072338	6	3	3	3	586.035	367	48.3038	5.70616	0	1.20012	10.7919	43.016	18.2725	94.7381	1	1	1	0	0	0	0	0
31.08.2015 13:12:20.510000	-0.05	-0.0598931	-0.0594596	126.383	-668.047	0	6	3	3	3	515.692	367	48.4257	5.70616	0	1.20159	10.8163	42.7555	18.2924	93.664	1	1	1	0	0	0	0	0
31.08.2015 13:12:20.610000	-0.05	-0.0598931	-0.0594596	126.383	-668.047	-0.00108507	6	3	3	3	530.096	367	48.5456	5.70616	0	1.20155	10.8455	43.1681	18.2893	95.2562	1	1	1	0	0	0	0	0
31.08.2015 13:12:20.710000	-0.05	-0.0598931	-0.0594596	126.383	-668.047	-0.00108507	6	3	3	3	511.732	367	48.663	5.70616	0	1.20153	10.8389	43.0628	18.2825	94.879	1	1	1	0	0	0	0	0
31.08.2015 13:12:20.810000	-0.05	-0.0598931	-0.0594596	126.38	-668.047	-0.00144676	6	3	3	3	552.126	367	48.7883	5.70616	0	1.20886	10.8115	43.2036	18.2677	95.4745	1	1	1	0	0	0	0	0
31.08.2015 13:12:20.910000	-0.05	-0.0598931	-0.0594596	126.383	-668.047	0.000542535	6	3	3	3	478.935	367	48.9022	5.70616	0	1.21316	10.8269	43.0304	18.2676	94.8115	1	1	1	0	0	0	0	0
31.08.2015 13:12:21.010000	-0.05	-0.0598931	-0.0594596	126.38	-668.047	-0.00072338	6	3	3	3	507.717	367	49.0266	5.70616	0	1.20669	10.835	42.817	18.2617	94.0172	1	1	1	0	0	0	0	0
31.08.2015 13:12:21.110000	-0.05	-0.0598931	-0.0594596	126.383	-668.047	-0.00217014	6	3	3	3	519.049	367	49.147	5.70616	0	1.2016	10.8459	42.9788	18.2658	94.6213	1	1	1	0	0	0	0	0
31.08.2015 13:12:21.210000	-0.05	-0.0598931	-0.0594596	126.383	-668.055	-0.00144676	6	3	3	3	554.597	367	49.2688	5.70616	0	1.20158	10.8313	43.1498	18.2755	95.2389	1	1	1	0	0	0	0	0
31.08.2015 13:12:21.310000	-0.05	-0.0598931	-0.0594596	126.383	-668.047	-0.00108507	6	3	3	3	553.478	367	49.3897	5.70616	0	1.20156	10.8302	42.896	18.2864	94.2252	1	1	1	0	0	0	0	0
31.08.2015 13:12:21.410000	-0.05	-0.0598931	-0.0594596	126.383	-668.047	-0.00180845	6	3	3	3	510.396	367	49.5046	5.70616	0	1.19915	10.8406	42.7691	18.2864	93.7391	1	1	1	0	0	0	0	0
31.08.2015 13:12:21.510000	-0.05	-0.0598931	-0.0594596	126.383	-668.047	-0.0016276	6	3	3	3	562.241	367	49.63	5.70616	0	1.19567	10.9059	43.1714	18.2921	95.2576	1	1	1	0	0	0	0	0
31.08.2015 13:12:21.610000	-0.05	-0.0598931	-0.0594596	126.383	-668.047	-0.00144676	6	3	3	3	577.037	367	49.7459	5.70616	0	1.19766	10.8736	43.1539	18.2873	95.2093	1	1	1	0	0	0	0	0
31.08.2015 13:12:21.710000	-0.05	-0.0598931	-0.0594596	126.379	-668.047	0	6	3	3	3	543.87	367	49.8677	5.70616	0	1.20152	10.8677	42.974	18.2936	94.4962	1	1	1	0	0	0	0	0
31.08.2015 13:12:21.810000	-0.05	-0.0598931	-0.0594596	126.383	-668.052	0.00036169	6	3	3	3	568.388	367	49.9881	5.70616	0	1.20155	10.849	42.9442	18.2808	94.431	1	1	1	0	0	0	0	0
31.08.2015 13:12:21.910000	-0.05	-0.0598931	-0.0594596	126.383	-668.051	0.000542535	6	3	3	3	456.969	367	50.1035	4.23498	0	1.20163	10.8292	42.9889	18.4061	94.1223	1	1	1	0.43	0	0	0	0
31.08.2015 13:12:22.010000	-0.05	-0.0598931	-0.0594596	126.383	-668.049	0.00108507	6	3	3	3	92.4766	367	50.1617	2.64342	0.358603	1.20163	10.0605	43.5189	18.4801	95.8685	1	1	1	1	0	0	0	0
31.08.2015 13:12:22.110000	-0.05	-0.0598931	-0.0594596	126.383	-668.051	0.000542535	6	3	3	3	114.05	367	50.2219	3.53576	1.25094	1.20163	8.60014	43.7995	18.7375	95.9573	1	1	1	1	0	0	0	0
31.08.2015 13:12:22.210000	-0.05	-0.0598931	-0.0594596	126.383	-668.052	0.00180845	6	3	3	3	320.94	367	50.3055	3.92312	1.6383	0.762667	7.82422	43.607	18.9149	94.5411	1	1	1	1	0	0	0	0
31.08.2015 13:12:22.310000	-0.05	-0.0598931	-0.0594596	126.383	-668.055	0.0016276	6	3	3	3	424.109	367	50.3845	3.85877	1.57395	0.758233	7.5127	43.989	19.0396	95.5264	1	1	1	1	0	0	0	0
31.08.2015 13:12:22.410000	-0.05	-0.0598931	-0.0594596	126.383	-668.049	0.00397859	6	3	3	3	518.603	367	50.4621	3.53196	1.24715	0.758233	7.34986	44.0172	19.1697	95.1363	1	1	1	1	0	0	0	0
31.08.2015 13:12:22.510000	-0.05	-0.0598931	-0.0594596	126.383	-668.051	0.00108507	6	3	3	3	521.29	367	50.5258	3.08583	0.801019	0.767173	7.24115	44.2298	19.3097	95.4142	1	1	1	1	0	0	0	0
31.08.2015 13:12:22.610000	-0.05	-0.0598931	-0.0594596	126.383	-668.055	0.00144676	6	3	3	3	445.148	367	50.5915	2.63574	0.350925	0.769996	7.23999	44.3837	19.4555	95.4451	1	1	1	1	0	0	0	0
31.08.2015 13:12:22.710000	-0.05	-0.0598931	-0.0594596	126.383	-668.055	0	6	3	3	3	346.003	367	50.6477	2.71875	0.433935	0.769996	7.33157	44.5365	19.5912	95.5105	1	1	1	1	0	0	0	0
31.08.2015 13:12:22.810000	-0.05	-0.0598931	-0.0594596	126.383	-668.052	0.00108507	6	3	3	3	386.515	367	50.7039	2.69622	0.411402	0.769996	7.37208	44.6131	19.7303	95.2712	1	1	1	1	0	0	0	0
31.08.2015 13:12:22.910000	-0.05	-0.0598931	-0.0594596	126.383	-668.055	0.000542535	6	3	3	3	402.745	367	50.7626	2.58607	0.30125	0.674598	7.37824	44.7558	19.8365	95.4109	1	1	1	1	0	0	0	0
31.08.2015 13:12:23.010000	-0.05	-0.0598931	-0.0594596	126.383	-668.052	0.00108507	6	3	3	3	413.299	367	50.8178	2.43992	0.155103	0.586539	7.3353	44.8557	19.9343	95.4291	1	1	1	1	0	0	0	0
31.08.2015 13:12:23.110000	-0.05	-0.0598931	-0.0594596	126.383	-668.051	0.000542535	6	3	3	3	404.255	367	50.8695	2.33389	0.0490757	0.586539	7.33915	44.931	20.0231	95.3675	1	1	1	1	0	0	0	0
31.08.2015 13:12:23.210000	-0.05	-0.0598931	-0.0594596	126.383	-668.055	0.00072338	6	3	3	3	357.333	367	50.9198	2.28562	0.00080573	0.586539	7.33626	45.0436	20.1096	95.4635	1	1	1	1	0	0	0	0
31.08.2015 13:12:23.310000	-0.05	-0.0598931	-0.0594596	126.383	-668.051	0.00108507	6	3	3	3	389.775	367	50.9725	2.27844	-0.0063766	0.586539	7.40749	45.1127	20.185	95.4432	1	1	1	1	0	0	0	0
31.08.2015 13:12:23.410000	-0.05	-0.0598931	-0.0594596	126.383	-668.055	0.00036169	6	3	3	3	365.884	367	51.0242	2.23346	-0.0513526	0.538305	7.45535	45.1825	20.2474	95.4715	1	1	1	1	0	0	0	0
31.08.2015 13:12:23.510000	-0.05	-0.0598931	-0.0594596	126.383	-668.055	-0.00108507	6	3	3	3	335.525	367	51.0725	2.1951	-0.0897108	0.524701	7.45315	45.2496	20.305	95.4982	1	1	1	1	0	0	0	0
31.08.2015 13:12:23.610000	-0.05	-0.0598931	-0.0594596	126.383	-668.055	0	6	3	3	3	361.734	367	51.1212	2.19587	-0.0889494	0.524701	7.39702	45.2961	20.3535	95.5004	1	1	1	1	0	0	0	0
31.08.2015 13:12:23.710000	-0.05	-0.0598931	-0.0594596	126.383	-668.055	-0.00108507	6	3	3	3	311.114	367	51.1744	2.21293	-0.0718406	0.524701	7.41719	45.341	20.4129	95.4509	1	1	1	1	0	0	0	0
31.08.2015 13:12:23.810000	-0.05	-0.0598931	-0.0594596	126.383	-668.055	-0.00072338	6	3	3	3	324.271	367	51.2272	2.27662	-0.00815485	0.524701	7.44561	45.4113	20.4492	95.5748	1	1	1	1	0	0	0	0
31.08.2015 13:12:23.910000	-0.05	-0.0598931	-0.0594596	126.383	-668.055	0	6	3	3	3	337.405	367	51.2779	2.35904	0.0742209	0.508705	7.4338	45.4317	20.4896	95.5098	1	1	1	1	0	0	0	0
31.08.2015 13:12:24.010000	-0.05	-0.0598931	-0.0594596	126.383	-668.055	0.00144676	6	3	3	3	386.536	367	51.3331	2.42668	0.141866	0.506524	7.40349	45.4296	20.5187	95.3836	1	1	1	1	0	0	0	0
31.08.2015 13:12:24.110000	-0.05	-0.0598931	-0.0594596	126.383	-668.051	0.000542535	6	3	3	3	387.568	367	51.3928	2.47084	0.186022	0.506524	7.35273	45.4906	20.5396	95.5264	1	1	1	1	0	0	0	0
31.08.2015 13:12:24.210000	-0.05	-0.0598931	-0.0594596	126.383	-668.055	0.00108507	6	3	3	3	439.263	367	51.446	2.46554	0.180729	0.506524	7.31121	45.5104	20.552	95.5607	1	1	1	1	0	0	0	0
31.08.2015 13:12:24.310000	-0.05	-0.0598931	-0.0594596	126.383	-668.055	0	6	3	3	3	302.839	367	51.5008	2.41693	0.13212	0.522253	7.32378	45.4897	20.5799	95.3749	1	1	1	1	0	0	0	0
31.08.2015 13:12:24.410000	-0.05	-0.0598931	-0.0594596	126.383	-668.055	0.00144676	6	3	3	3	433.033	367	51.5565	2.41291	0.128093	0.550214	7.34935	45.4987	20.5814	95.4035	1	1	1	1	0	0	0	0
31.08.2015 13:12:24.510000	-0.05	-0.0598931	-0.0594596	126.383	-668.055	0.00108507	6	3	3	3	377.746	367	51.6112	2.36699	0.0821794	0.550214	7.29355	45.5301	20.5941	95.475	1	1	1	1	0	0	0	0
31.08.2015 13:12:24.610000	-0.05	-0.0598931	-0.0594596	126.383	-668.055	0.00036169	6	3	3	3	343.067	367	51.6634	2.32249	0.0376708	0.550214	7.33056	45.5321	20.6115	95.4161	1	1	1	1	0	0	0	0
31.08.2015 13:12:24.710000	-0.05	-0.0598931	-0.0594596	126.383	-668.055	-0.0016276	6	3	3	3	390.682	367	51.7151	2.31151	0.0266966	0.550214	7.3749	45.5141	20.6296	95.278	1	1	1	1	0	0	0	0
31.08.2015 13:12:24.810000	-0.05	-0.0598931	-0.0594596	126.383	-668.055	-0.00108507	6	3	3	3	369.27	367	51.7694	2.2917	0.00688396	0.542957	7.33372	45.5732	20.6487	95.431	1	1	1	1	0	0	0	0
31.08.2015 13:12:24.910000	-0.05	-0.0598931	-0.0594596	126.383	-668.051	-0.00108507	6	3	3	3	356.175	367	51.8226	2.28063	-0.00418929	0.540666	7.36251	45.5598	20.6665	95.3114	1	1	1	1	0	0	0	0
31.08.2015 13:12:25.010000	-0.05	-0.0598931	-0.0594596	126.383	-668.055	-0.00108507	6	3	3	3	366.164	367	51.8753	2.2695	-0.0153176	0.540666	7.3921	45.5756	20.6842	95.3041	1	1	1	1	0	0	0	0
31.08.2015 13:12:25.110000	-0.05	-0.0598931	-0.0594596	126.383	-668.055	-0.000542535	6	3	3	3	322.35	367	51.927	2.28074	-0.00407614	0.540666	7.41616	45.6346	20.6938	95.4934	1	1	1	1	0	0	0	0
31.08.2015 13:12:25.210000	-0.05	-0.0598931	-0.0594596	126.383	-668.055	0.00108507	6	3	3	3	360.891	367	51.9842	2.32603	0.0412175	0.539926	7.43161	45.6005	20.6973	95.3492	1	1	1	1	0	0	0	0
31.08.2015 13:12:25.310000	-0.05	-0.0598931	-0.0594596	126.383	-668.055	0.00108507	6	3	3	3	341.147	367	52.0365	2.36506	0.0802438	0.531422	7.44364	45.5947	20.715	95.2595	1	1	1	1	0	0	0	0
31.08.2015 13:12:25.410000	-0.05	-0.0598931	-0.0594596	126.383	-668.055	0.00108507	6	3	3	3	371.46	367	52.0902	2.40647	0.121655	0.531422	7.40707	45.6683	20.7163	95.5362	1	1	1	1	0	0	0	0
31.08.2015 13:12:25.510000	-0.05	-0.0598931	-0.0594596	126.383	-668.055	0.0016276	6	3	3	3	360.477	367	52.1459	2.43643	0.151613	0.531422	7.37979	45.6188	20.7222	95.324	1	1	1	1	0	0	0	0
31.08.2015 13:12:25.610000	-0.05	-0.0598931	-0.0594596	126.383	-668.055	0.00072338	6	3	3	3	348.459	367	52.2016	2.46015	0.175338	0.531422	7.35958	45.5901	20.7431	95.1342	1	1	1	1	0	0	0	0
31.08.2015 13:12:25.710000	-0.05	-0.0598931	-0.0594596	126.383	-668.055	0.000542535	6	3	3	3	317.518	367	52.2568	2.50449	0.219671	0.541954	7.35817	45.6025	20.7427	95.1833	1	1	1	1	0	0	0	0
31.08.2015 13:12:25.810000	-0.05	-0.0598931	-0.0594596	126.383	-668.055	0.00108507	6	3	3	3	417.745	367	52.3125	2.56207	0.277256	0.550229	7.37351	45.6119	20.7194	95.3081	1	1	1	1	0	0	0	0
31.08.2015 13:12:25.910000	-0.05	-0.0598931	-0.0594596	126.383	-668.051	0.0016276	6	3	3	3	383.68	367	52.3722	2.55718	0.272369	0.550229	7.3202	45.5644	20.7128	95.152	1	1	1	1	0	0	0	0
31.08.2015 13:12:26.010000	-0.05	-0.0598931	-0.0594596	126.383	-668.055	0.00108507	6	3	3	3	337.595	367	52.4354	2.54245	0.257637	0.550229	7.32614	45.5549	20.7066	95.1394	1	1	1	1	0	0	0	0
31.08.2015 13:12:26.110000	-0.05	-0.0598931	-0.0594596	126.383	-668.055	0.00108507	6	3	3	3	373.685	367	52.4911	2.55611	0.271299	0.558191	7.35517	45.5693	20.697	95.2308	1	1	1	1	0	0	0	0
31.08.2015 13:12:26.210000	-0.05	-0.0598931	-0.0594596	126.383	-668.055	0.00325521	6	3	3	3	302.805	367	52.5503	2.57242	0.287605	0.579717	7.38341	45.5342	20.6894	95.1258	1	1	1	1	0	0	0	0
31.08.2015 13:12:26.310000	-0.05	-0.0598931	-0.0594596	126.383	-668.055	0.00108507	6	3	3	3	392.565	367	52.6085	2.62236	0.337547	0.579717	7.40245	45.5335	20.6717	95.191	1	1	1	1	0	0	0	0
31.08.2015 13:12:26.410000	-0.05	-0.0598931	-0.0594596	126.383	-668.055	0.00144676	6	3	3	3	353.606	367	52.6667	2.64857	0.363759	0.579717	7.37195	45.5637	20.6753	95.2929	1	1	1	1	0	0	0	0
31.08.2015 13:12:26.510000	-0.05	-0.0598931	-0.0594596	126.383	-668.055	0.000542535	6	3	3	3	370.293	367	52.7329	2.6703	0.385486	0.583779	7.35957	45.4899	20.6712	95.026	1	1	1	1	0	0	0	0
31.08.2015 13:12:26.610000	-0.05	-0.0598931	-0.0594596	126.383	-668.052	0.00108507	6	3	3	3	380.873	367	52.794	2.6899	0.405082	0.605106	7.3527	45.5032	20.6671	95.0922	1	1	1	1	0	0	0	0
31.08.2015 13:12:26.710000	-0.05	-0.0598931	-0.0594596	126.383	-668.055	0.000542535	6	3	3	3	401.117	367	52.8532	2.68448	0.399663	0.605106	7.35539	45.5503	20.6685	95.2674	1	1	1	1	0	0	0	0
31.08.2015 13:12:26.810000	-0.05	-0.0598931	-0.0594596	126.383	-668.055	0.00108507	6	3	3	3	342.844	367	52.9114	2.64698	0.362167	0.605106	7.37805	45.4787	20.6668	95.0001	1	1	1	1	0	0	0	0
31.08.2015 13:12:26.910000	-0.05	-0.0598931	-0.0594596	126.383	-668.055	0.00108507	6	3	3	3	317.186	367	52.9761	2.64931	0.364493	0.605847	7.42388	45.4985	20.6665	95.0768	1	1	1	1	0	0	0	0
31.08.2015 13:12:27.010000	-0.05	-0.0598931	-0.0594596	126.383	-668.055	0.00108507	6	3	3	3	332.476	367	53.0383	2.69702	0.412207	0.612523	7.45733	45.551	20.6588	95.3072	1	1	1	1	0	0	0	0
31.08.2015 13:12:27.110000	-0.05	-0.0598931	-0.0594596	126.383	-668.055	0.00108507	6	3	3	3	399.891	367	53.0975	2.74878	0.46396	0.612523	7.4063	45.5196	20.6491	95.2242	1	1	1	1	0	0	0	0
31.08.2015 13:12:27.210000	-0.05	-0.0598931	-0.0594596	126.383	-668.052	0.00072338	6	3	3	3	354.018	367	53.1577	2.76636	0.481544	0.612523	7.34048	45.4868	20.6425	95.124	1	1	1	1	0	0	0	0
31.08.2015 13:12:27.310000	-0.05	-0.0598931	-0.0594596	126.383	-668.055	0.00108507	6	3	3	3	310.98	367	53.2238	2.80002	0.515201	0.613447	7.38612	45.5092	20.6333	95.245	1	1	1	1	0	0	0	0
31.08.2015 13:12:27.410000	-0.05	-0.0598931	-0.0594596	126.383	-668.055	0.00108507	6	3	3	3	385.304	367	53.289	2.85926	0.574448	0.621766	7.40533	45.4438	20.6222	95.0373	1	1	1	1	0	0	0	0
31.08.2015 13:12:27.510000	-0.05	-0.0598931	-0.0594596	126.383	-668.055	0.00108507	6	3	3	3	352.444	367	53.3521	2.89432	0.609505	0.621766	7.36558	45.473	20.6091	95.1987	1	1	1	1	0	0	0	0
31.08.2015 13:12:27.610000	-0.05	-0.0598931	-0.0594596	126.383	-668.055	0.00036169	6	3	3	3	408.047	367	53.4168	2.9156	0.630787	0.621766	7.3707	45.418	20.591	95.0576	1	1	1	1	0	0	0	0
31.08.2015 13:12:27.710000	-0.05	-0.0598931	-0.0594596	126.383	-668.055	0.000542535	6	3	3	3	388.796	367	53.4865	2.90723	0.622419	0.629966	7.34994	45.4195	20.5797	95.1069	1	1	1	1	0	0	0	0
31.08.2015 13:12:27.810000	-0.05	-0.0598931	-0.0594596	126.383	-668.055	0.00144676	6	3	3	3	331.575	367	53.5506	2.88541	0.60059	0.651051	7.32724	45.4637	20.5802	95.2742	1	1	1	1	0	0	0	0
31.08.2015 13:12:27.910000	-0.05	-0.0598931	-0.0594596	126.383	-668.055	0.0016276	6	3	3	3	297.535	367	53.6138	2.91203	0.627217	0.651051	7.37229	45.3817	20.5753	94.9788	1	1	1	1	0	0	0	0
31.08.2015 13:12:28.010000	-0.05	-0.0598931	-0.0594596	126.383	-668.055	0.00108507	6	3	3	3	405.551	367	53.6854	2.96968	0.684866	0.651051	7.39296	45.3951	20.5635	95.0753	1	1	1	1	0	0	0	0
31.08.2015 13:12:28.110000	-0.05	-0.0598931	-0.0594596	126.383	-668.055	0.00108507	6	3	3	3	374.662	367	53.7486	2.98437	0.699551	0.659688	7.37414	45.4122	20.5498	95.1931	1	1	1	1	0	0	0	0
31.08.2015 13:12:28.210000	-0.05	-0.0598931	-0.0594596	126.385	-668.055	0.00108507	6	3	3	3	362.335	367	53.8138	2.9909	0.70608	0.666754	7.3935	45.3204	20.5421	94.8709	1	1	1	1	0	0	0	0
31.08.2015 13:12:28.310000	-0.05	-0.0598931	-0.0594596	126.387	-668.055	0.00108507	6	3	3	3	330.512	367	53.8854	2.99794	0.713122	0.666754	7.4096	45.3992	20.5398	95.1817	1	1	1	1	0	0	0	0
31.08.2015 13:12:28.410000	-0.05	-0.0598931	-0.0594596	126.385	-668.055	0.00072338	6	3	3	3	319.487	367	53.9496	3.03907	0.754252	0.666754	7.42188	45.3402	20.5404	94.9536	1	1	1	1	0	0	0	0
31.08.2015 13:12:28.510000	-0.05	-0.0598931	-0.0594596	126.387	-668.055	0.00108507	6	3	3	3	337.458	367	54.0192	3.10968	0.82486	0.676384	7.42666	45.3314	20.5379	94.9293	1	1	1	1	0	0	0	0
31.08.2015 13:12:28.610000	-0.05	-0.0598931	-0.0594596	126.383	-668.055	0.00108507	6	3	3	3	449.523	367	54.0888	3.16671	0.881897	0.677697	7.39854	45.3306	20.5147	95.0151	1	1	1	1	0	0	0	0
31.08.2015 13:12:28.710000	-0.05	-0.0598931	-0.0594596	126.387	-668.055	0.000542535	6	3	3	3	401.426	367	54.1565	3.13954	0.854721	0.677697	7.35949	45.2704	20.4984	94.8473	1	1	1	1	0	0	0	0
31.08.2015 13:12:28.810000	-0.05	-0.0598931	-0.0594596	126.385	-668.055	0.00108507	6	3	3	3	317.287	367	54.2326	3.09758	0.812763	0.68138	7.36916	45.255	20.4913	94.8155	1	1	1	1	0	0	0	0
31.08.2015 13:12:28.910000	-0.05	-0.0598931	-0.0594596	126.383	-668.055	0.0016276	6	3	3	3	329.047	367	54.2962	3.11516	0.830346	0.69085	7.40567	45.2828	20.4815	94.959	1	1	1	1	0	0	0	0
31.08.2015 13:12:29.010000	-0.05	-0.0598931	-0.0594596	126.385	-668.055	0.00108507	6	3	3	3	350.4	367	54.3714	3.16581	0.880993	0.69085	7.4131	45.2554	20.4681	94.9057	1	1	1	1	0	0	0	0
31.08.2015 13:12:29.110000	-0.05	-0.0598931	-0.0594596	126.391	-668.055	0.000542535	6	3	3	3	326.54	367	54.441	3.21691	0.932099	0.69085	7.41769	45.2567	20.4617	94.9349	1	1	1	1	0	0	0	0
31.08.2015 13:12:29.210000	-0.05	-0.0598931	-0.0594596	126.385	-668.055	0.00108507	6	3	3	3	326.379	367	54.5101	3.28886	1.00405	0.702755	7.4028	45.2597	20.4319	95.0609	1	1	1	1	0	0	0	0
31.08.2015 13:12:29.310000	-0.05	-0.0598931	-0.0594596	126.383	-668.055	0.00108507	6	3	3	3	399.403	367	54.5882	3.36305	1.07824	0.706514	7.37415	45.1722	20.4101	94.8089	1	1	1	1	0	0	0	0
31.08.2015 13:12:29.410000	-0.05	-0.0598931	-0.0594596	126.385	-668.055	0.00072338	6	3	3	3	372.336	367	54.6584	3.39605	1.11124	0.706514	7.36648	45.2571	20.3858	95.2272	1	1	1	1	0	0	0	0
31.08.2015 13:12:29.510000	-0.05	-0.0598931	-0.0594596	126.391	-668.055	0.00271267	6	3	3	3	394.903	367	54.7375	3.40143	1.11661	0.723868	7.37868	45.1137	20.3563	94.7914	1	1	1	1	0	0	0	0
31.08.2015 13:12:29.610000	-0.05	-0.0598931	-0.0594596	126.385	-668.055	0.00253183	6	3	3	3	336.886	367	54.8116	3.38982	1.105	0.746871	7.37335	45.1418	20.3425	94.9515	1	1	1	1	0	0	0	0
31.08.2015 13:12:29.710000	-0.05	-0.0598931	-0.0594596	126.387	-668.055	0.00325521	6	3	3	3	329.056	367	54.8867	3.41366	1.12884	0.746871	7.36902	45.0714	20.317	94.7797	1	1	1	1	0	0	0	0
31.08.2015 13:12:29.810000	-0.05	-0.0598931	-0.0594596	126.385	-668.055	0.00253183	6	3	3	3	401.066	367	54.9633	3.4462	1.16138	0.74906	7.39451	45.0783	20.291	94.9057	1	1	1	1	0	0	0	0
31.08.2015 13:12:29.910000	-0.05	-0.0598931	-0.0594596	126.383	-668.055	0.00108507	6	3	3	3	415.142	367	55.0384	3.43881	1.154	0.760551	7.42011	45.0089	20.2728	94.7096	1	1	1	1	0	0	0	0
31.08.2015 13:12:30.010000	-0.05	-0.0598931	-0.0594596	126.388	-668.055	0.00108507	6	3	3	3	386.586	367	55.113	3.39638	1.11156	0.760551	7.41866	45.042	20.2729	94.8358	1	1	1	1	0	0	0	0
31.08.2015 13:12:30.110000	-0.05	-0.0598931	-0.0594596	126.383	-668.055	0.00108507	6	3	3	3	390.122	367	55.1886	3.34405	1.05923	0.760551	7.41757	45.0448	20.2647	94.8783	1	1	1	1	0	0	0	0
31.08.2015 13:12:30.210000	-0.05	-0.0598931	-0.0594596	126.385	-668.055	0.00108507	6	3	3	3	333.818	367	55.2563	3.29037	1.00555	0.741251	7.46032	45.0432	20.2739	94.8365	1	1	1	1	0	0	0	0
31.08.2015 13:12:30.310000	-0.05	-0.0598931	-0.0594596	126.383	-668.055	0.00108507	6	3	3	3	252.823	367	55.3334	3.29904	1.01423	0.735807	7.48276	45.0451	20.2858	94.7982	1	1	1	1	0	0	0	0
31.08.2015 13:12:30.410000	-0.05	-0.0598931	-0.0594596	126.388	-668.055	0.00108507	6	3	3	3	321.254	367	55.4035	3.4189	1.13408	0.735807	7.51118	44.9394	20.2673	94.4647	1	1	1	1	0	0	0	0
31.08.2015 13:12:30.510000	-0.05	-0.0598931	-0.0594596	126.387	-668.055	0.00108507	6	3	3	3	351.297	367	55.4821	3.53311	1.2483	0.735784	7.4783	45.1077	20.2485	95.181	1	1	1	1	0	0	0	0
31.08.2015 13:12:30.610000	-0.05	-0.0598931	-0.0594596	126.383	-668.055	0.00144676	6	3	3	3	380.471	367	55.5602	3.61801	1.3332	0.735749	7.44617	44.8294	20.215	94.2436	1	1	1	1	0	0	0	0
31.08.2015 13:12:30.710000	-0.05	-0.0598931	-0.0594596	126.383	-668.055	0.00108507	6	3	3	3	366.257	367	55.6383	3.67197	1.38715	0.735749	7.38631	45.0296	20.1873	95.1162	1	1	1	1	0	0	0	0
31.08.2015 13:12:30.810000	-0.05	-0.0598931	-0.0594596	126.383	-668.052	0.00144676	6	3	3	3	426.857	367	55.7253	3.69539	1.41057	0.763588	7.40622	44.8363	20.1534	94.5061	1	1	1	1	0	0	0	0
31.08.2015 13:12:30.910000	-0.05	-0.0598931	-0.0594596	126.387	-668.055	0.000542535	6	3	3	3	390.227	367	55.8024	3.65027	1.36545	0.815291	7.4125	44.812	20.1376	94.4733	1	1	1	1	0	0	0	0
31.08.2015 13:12:31.010000	-0.05	-0.0598931	-0.0594596	126.385	-668.055	0.00217014	6	3	3	3	299.615	367	55.8835	3.61558	1.33076	0.815291	7.42446	44.8991	20.1268	94.848	1	1	1	1	0	0	0	0
31.08.2015 13:12:31.110000	-0.05	-0.0598931	-0.0594596	126.387	-668.055	0.00325521	6	3	3	3	298.857	367	55.9671	3.6543	1.36948	0.813207	7.46463	44.7235	20.1146	94.2228	1	1	1	1	0	0	0	0
31.08.2015 13:12:31.210000	-0.05	-0.0598931	-0.0594596	126.383	-668.055	0.00217014	6	3	3	3	404.672	367	56.0427	3.7332	1.44839	0.807571	7.44075	44.875	20.0897	94.8977	1	1	1	1	0	0	0	0
31.08.2015 13:12:31.310000	-0.05	-0.0598931	-0.0594596	126.387	-668.055	0.00108507	6	3	3	3	418.332	367	56.1307	3.75327	1.46845	0.807571	7.41734	44.7439	20.0688	94.4759	1	1	1	1	0	0	0	0
31.08.2015 13:12:31.410000	-0.05	-0.0598931	-0.0594596	126.383	-668.055	0.00072338	6	3	3	3	405.335	367	56.2103	3.71756	1.43275	0.808081	7.43803	44.7832	20.0467	94.711	1	1	1	1	0	0	0	0
31.08.2015 13:12:31.510000	-0.05	-0.0598931	-0.0594596	126.387	-668.055	0.0016276	6	3	3	3	390.581	367	56.2869	3.65214	1.36732	0.810118	7.46398	44.6983	20.0467	94.3859	1	1	1	1	0	0	0	0
31.08.2015 13:12:31.610000	-0.05	-0.0598931	-0.0594596	126.385	-668.055	0.00180845	6	3	3	3	338.263	367	56.374	3.58265	1.29784	0.810118	7.48111	44.7588	20.05	94.6049	1	1	1	1	0	0	0	0
31.08.2015 13:12:31.710000	-0.05	-0.0598931	-0.0594596	126.391	-668.055	0.00108507	6	3	3	3	270.792	367.054	56.4461	3.61543	1.33062	0.809079	7.47428	44.7544	20.0583	94.5565	1	1	1	1	0.7	0	0	0
31.08.2015 13:12:31.810000	-0.05	-0.0598931	-0.0594596	126.385	-668.055	-0.00144676	6	3	3	3	351.303	367.716	56.5312	3.89343	1.60861	0.797132	7.51403	44.7509	20.0389	94.6173	1	1	1	1	1	0	0	0
31.08.2015 13:12:31.910000	-0.05	-0.0598931	-0.0594596	126.387	-668.055	-0.000542535	6	3	3	3	416.894	369.307	56.6217	4.14866	1.86385	0.797132	7.48801	44.7222	19.9834	94.7199	1	1	1	1	1	0	0	0
31.08.2015 13:12:32.010000	-0.05	-0.0598931	-0.0594596	126.385	-668.055	-0.00072338	6	3	3	3	431.44	371.831	56.7132	4.183	1.89819	0.828358	7.43524	44.6405	19.9235	94.6367	1	1	1	1	1	0	0	0
31.08.2015 13:12:32.110000	-0.05	-0.0598931	-0.0594596	126.387	-668.055	-0.00108507	6	3	3	3	390.498	375.288	56.8042	4.03442	1.7496	0.897861	7.4353	44.5418	19.8829	94.4142	1	1	1	1	1	0	0	0
31.08.2015 13:12:32.210000	-0.05	-0.0598931	-0.0594596	126.385	-668.055	0.00108507	6	3	3	3	380.271	379.677	56.8888	3.87257	1.58776	0.897861	7.49705	44.5366	19.8658	94.4595	1	1	1	1	1	0	0	0
31.08.2015 13:12:32.310000	-0.05	-0.0598931	-0.0594596	126.383	-668.051	0.0016276	6	3	3	3	326.53	385	56.9773	3.85402	1.5692	0.886288	7.51711	44.5287	19.8762	94.3897	1	1	1	1	1	0	0	0
31.08.2015 13:12:32.410000	-0.05	-0.0598931	-0.0594596	126.391	-668.055	0.00036169	6	3	3	3	392.942	391.256	57.0629	4.07684	1.79202	0.872701	7.51416	44.5305	19.8495	94.4986	1	1	1	1	1	0	0	0
31.08.2015 13:12:32.510000	-0.05	-0.0598931	-0.0594596	126.383	-668.055	0.00108507	6	3	3	3	396.094	398.445	57.1559	4.28608	2.00127	0.872701	7.48009	44.5172	19.815	94.5799	1	1	1	1	1	0	0	0
31.08.2015 13:12:32.610000	-0.05	-0.0598931	-0.0594596	126.388	-668.055	0.00072338	6	3	3	3	398.864	406.566	57.2514	4.48198	2.19716	0.903543	7.4993	44.4781	19.748	94.6865	1	1	1	1	1	0	0	0
31.08.2015 13:12:32.710000	-0.05	-0.0598931	-0.0594596	126.387	-668.055	0.000542535	6	3	3	3	477.048	415.621	57.3549	4.66748	2.38266	0.91438	7.49527	44.2782	19.6471	94.3076	1	1	1	1	1	0	0	0
31.08.2015 13:12:32.810000	-0.05	-0.0598931	-0.0594596	126.388	-668.055	0.00144676	6	3	3	3	418.218	425.609	57.4564	4.70638	2.42156	0.945864	7.48808	44.1423	19.5427	94.1871	1	1	1	1	1	0	0	0
31.08.2015 13:12:32.910000	-0.05	-0.0598931	-0.0594596	126.387	-668.055	0.00108507	6	3	3	3	377.706	436.53	57.5618	4.86969	2.58488	1.01933	7.49588	44.0947	19.4424	94.3885	1	1	1	1	1	0	0	0
31.08.2015 13:12:33.010000	-0.05	-0.0598931	-0.0594596	126.385	-668.055	0.00072338	6	3	3	3	426.601	448.384	57.6702	5.21324	2.92843	1.02257	7.47082	44.1495	19.3166	95.0803	1	1	1	1	1	0	0	0
31.08.2015 13:12:33.110000	-0.05	-0.0598931	-0.0594596	126.387	-668.055	0.000542535	6	3	3	3	539.263	461.171	57.7906	5.57975	3.29493	1.10046	7.48158	43.8942	19.133	94.8057	1	1	1	1	1	0	0	0
31.08.2015 13:12:33.210000	-0.05	-0.0598931	-0.0594596	126.388	-668.055	0.00108507	6	3	3	3	478.041	474.89	57.909	5.74281	3.45799	1.10171	7.4718	43.5565	18.9573	94.1854	1	1	1	1	1	0	0	0
31.08.2015 13:12:33.310000	-0.05	-0.0598931	-0.0594596	126.391	-668.055	0.00108507	6	3	3	3	452.726	489.543	58.0383	5.95578	3.67097	1.22519	7.51746	43.4862	18.8176	94.4511	1	1	1	1	1	0	0	0
31.08.2015 13:12:33.410000	-0.05	-0.0598931	-0.0594596	126.391	-668.055	0.00072338	6	3	3	3	471.715	505.129	58.1697	6.33057	4.04576	1.23441	7.51443	42.9977	18.6484	93.2287	1	1	1	1	1	0	0	0
31.08.2015 13:12:33.510000	-0.05	-0.0598931	-0.0594596	126.391	-668.055	-0.00108507	6	3	3	3	504.179	521.647	58.3139	6.82446	4.53965	1.30907	7.52171	42.7845	18.4247	93.2689	1	1	1	1	1	0	0	0
31.08.2015 13:12:33.610000	-0.05	-0.0598931	-0.0594596	126.385	-668.055	-0.00108507	6	3	3	3	496.753	539.099	58.4711	7.36844	5.08362	1.41988	7.45872	42.6785	18.1491	93.9183	1	1	1	1	1	0	0	0
31.08.2015 13:12:33.710000	-0.05	-0.0598931	-0.0594596	126.387	-668.055	-0.00271267	6	3	3	3	514.318	557.486	58.6402	7.98808	5.70326	1.54747	7.47233	42.322	17.8101	93.8512	1	1	1	1	1	0	0	0
31.08.2015 13:12:33.810000	-0.05	-0.0598931	-0.0594596	126.388	-668.055	-0.00108507	6	3	3	3	524.281	576.802	58.8233	8.71048	6.42566	1.7394	7.48035	41.8923	17.4117	93.7313	1	1	1	1	1	0	0	0
31.08.2015 13:12:33.910000	-0.05	-0.0598931	-0.0594596	126.391	-668.055	-0.00108507	6	3	3	3	622.233	597.056	59.0257	9.49181	7.207	1.88462	7.45114	41.4027	16.9626	93.5764	1	1	1	1	1	0	0	0
31.08.2015 13:12:34.010000	-0.05	-0.0598931	-0.0594596	126.388	-668.055	-0.00144676	6	3	3	3	590.626	618.24	59.2396	10.1439	7.85909	2.03414	7.49431	40.9606	16.5458	93.4794	1	1	1	1	1	0	0	0
31.08.2015 13:12:34.110000	-0.05	-0.0598931	-0.0594596	126.387	-668.055	-0.000542535	6	3	3	3	634.425	640.359	59.4644	10.809	8.52423	2.17167	7.47904	40.5401	16.1433	93.4105	1	1	1	1	1	0	0	0
31.08.2015 13:12:34.210000	-0.05	-0.0598931	-0.0594596	126.391	-668.052	0.00072338	6	3	3	3	683.327	663.406	59.7037	11.4433	9.15852	2.33152	7.5011	40.143	15.7892	93.246	1	1	1	1	1	0	0	0
31.08.2015 13:12:34.310000	-0.05	-0.0598931	-0.0594596	126.391	-668.055	0.000542535	6	3	3	3	686.35	687.408	59.9579	12.0109	9.72561	2.48609	7.5331	39.8085	15.4591	93.2344	1	1	1	1	1	0	0	0
31.08.2015 13:12:34.410000	-0.05	-0.0598931	-0.0594596	126.388	-668.055	0.00217014	6	3	3	3	654.415	712.466	60.221	12.6105	10.3253	2.56607	7.53408	39.5219	15.1993	93.1268	1	1	1	1	1	0	0	0
31.08.2015 13:12:34.510000	-0.05	-0.0598931	-0.0594596	126.391	-668.055	0.00325521	6	3	3	3	679.831	738.375	60.4986	13.3812	11.0965	2.67904	7.53802	39.2456	14.9301	93.0992	1	1	1	1	1	0	0	0
31.08.2015 13:12:34.610000	-0.05	-0.0598931	-0.0594596	126.391	-668.055	0.00289352	6	3	3	3	704.475	765.179	60.791	14.3135	12.0287	2.88205	7.55181	38.9544	14.6568	93.0305	1	1	1	1	1	0	0	0
31.08.2015 13:12:34.710000	-0.05	-0.0598931	-0.0594596	126.383	-668.055	0.00325521	6	3	3	3	719.073	792.906	61.1044	15.3703	13.0855	3.08628	7.55108	38.6886	14.3999	92.9968	1	1	1	1	1	0	0	0
31.08.2015 13:12:34.810000	-0.05	-0.0598931	-0.0594596	126.388	-668.055	0.00253183	6	3	3	3	800.241	821.57	61.4392	16.4841	14.1993	3.26461	7.51722	38.4089	14.1456	92.8994	1	1	1	1	1	0	0	0
31.08.2015 13:12:34.910000	-0.05	-0.0598931	-0.0594596	126.387	-668.055	0.00271267	6	3	3	3	766.102	851.162	61.7968	17.603	15.3182	3.55228	7.48556	38.1601	13.9235	92.797	1	1	1	1	1	0	0	0
31.08.2015 13:12:35.010000	-0.05	-0.0598931	-0.0594596	126.388	-668.055	0.00217014	6	3	3	3	887.316	594.774	62.1749	18.7626	7.29043	3.76138	7.42714	37.9534	13.7476	92.6792	1	1	1	1	1	0.55	0	0.55
31.08.2015 13:12:35.110000	-0.05	-0.0598931	-0.0594596	126.387	-668.055	0.000542535	6	3	3	3	2257.93	367	64.5679	18.9891	0	55.8723	7.2577	93.6118	15.5127	299.026	1	1	1	1	1	1	0.39	1
31.08.2015 13:12:35.210000	-0.05	-0.0598931	-0.0594596	126.391	-668.055	0.00108507	6	3	3	3	939.23	367	66.1119	18.9891	0	62.1307	5.40632	109.025	0.583819	415.198	1	1	1	1	1	1	1	1
31.08.2015 13:12:35.310000	-0.05	-0.0598931	-0.0594596	126.332	-668.074	0.00108507	6	3	3	3	16.1305	367	66.107	18.9891	0	62.1307	3.60839	120.178	0.561785	457.985	1	1	1	1	1	1	1	1
31.08.2015 13:12:35.410000	-0.05	-0.0598931	-0.0594596	126.328	-668.081	0.00072338	6	3	3	3	2.65033	367	66.107	0.759566	0	62.1307	2.40592	128.505	0.482559	490.172	1	1	1	1	1	1	1	0.04
31.08.2015 13:12:35.510000	-0.05	-0.0598931	-0.0594596	126.328	-668.082	0.0016276	6	3	3	3	0.787768	367	66.107	0	0	62.1307	1.61876	129.064	0.475356	492.34	1	1	1	1	1	1	1	0
31.08.2015 13:12:35.610000	-0.05	-0.0598931	-0.0594596	126.328	-668.081	0.00108507	6	3	3	3	0.763296	367	66.107	0	0	62.1307	1.26126	128.712	0.440199	491.128	1	1	1	1	1	1	1	0
31.08.2015 13:12:35.710000	-0.05	-0.0598931	-0.0594596	126.328	-668.078	0.000542535	6	3	3	3	0.767422	367	66.107	0	0	62.1307	1.03874	128.51	0.438185	490.36	1	1	1	1	1	1	1	0
31.08.2015 13:12:35.810000	-0.05	-0.0598931	-0.0594596	126.289	-668.073	-0.000723379	6	3	3	3	0.76391	367	66.107	0	0	62.1307	0.842824	128.414	0.447035	489.959	1	1	1	1	1	1	1	0
31.08.2015 13:12:35.910000	-0.05	-0.0598931	-0.0594596	126.285	-668.07	0.00108507	6	3	3	3	0.76268	367	66.107	0	0	62.1307	0.717318	128.354	0.443495	489.742	1	1	1	1	1	1	1	0
31.08.2015 13:12:36.010000	-0.05	-0.0598931	-0.0594596	126.281	-668.068	0.00253183	6	3	3	3	0.762596	367	66.107	0	0	62.1307	0.635532	128.3	0.443434	489.537	1	1	1	1	1	1	1	0
31.08.2015 13:12:36.110000	-0.05	-0.0598931	-0.0594596	126.285	-668.074	0.00271267	6	3	3	3	0.376795	367	66.107	0	0	40.9894	0.576837	128.25	0.447462	489.331	1	1	1	1	1	1	1	0
31.08.2015 13:12:36.210000	-0.05	-0.0598931	-0.0594596	126.284	-668.073	0.00289352	6	3	3	3	0.268167	367	66.107	0	0	-0.0496946	0.51088	128.21	0.461074	489.125	1	1	1	1	1	1	1	0
31.08.2015 13:12:36.310000	-0.05	-0.0598931	-0.0594596	126.281	-668.07	0.00325521	6	3	3	3	0.278513	367	66.107	0	0	-0.0496946	0.477069	128.172	0.45558	489	1	1	1	1	1	1	1	0
31.08.2015 13:12:36.410000	-0.05	-0.0598931	-0.0594596	126.281	-668.07	0.00289352	6	3	3	3	0.278903	367	66.107	0	0	-0.0496946	0.447381	128.139	0.449355	488.898	1	1	1	1	1	1	1	0
31.08.2015 13:12:36.510000	-0.05	-0.0598931	-0.0594596	126.285	-668.07	0.00325521	6	3	3	3	0.273779	367	66.107	0	0	-0.0496946	0.424841	128.101	0.445082	488.767	1	1	1	1	1	1	1	0
31.08.2015 13:12:36.610000	-0.05	-0.0598931	-0.0594596	126.289	-668.068	0.00289352	6	3	3	3	0.259945	367	66.107	0	0	-0.0496946	0.397975	128.063	0.448744	488.609	1	1	1	1	1	1	1	0
31.08.2015 13:12:36.710000	-0.05	-0.0598931	-0.0594596	126.289	-668.063	0.00217014	6	3	3	3	0.270745	367	66.107	0	0	-0.0496946	0.38235	128.028	0.448256	488.479	1	1	1	1	1	1	1	0
31.08.2015 13:12:36.810000	-0.05	-0.0598931	-0.0594596	126.289	-668.063	0.00108507	6	3	3	3	0.26243	367	66.107	0	0	-0.0496946	0.368909	127.998	0.450758	488.351	1	1	1	1	1	1	1	0
31.08.2015 13:12:36.910000	-0.05	-0.0598931	-0.0594596	126.289	-668.066	0.000542535	6	3	3	3	0.255817	367	66.107	0	0	-0.0496946	0.355599	127.967	0.448988	488.24	1	1	1	1	1	1	1	0
31.08.2015 13:12:37.010000	-0.05	-0.0598931	-0.0594596	126.289	-668.063	0.00072338	6	3	3	3	0.260301	367	66.107	0	0	-0.0496946	0.343388	127.933	0.449293	488.11	1	1	1	1	1	1	1	0
31.08.2015 13:12:37.110000	-0.05	-0.0598931	-0.0594596	126.289	-668.063	0.000542535	6	3	3	3	0.252029	367	66.107	0	0	-0.0332954	0.334057	127.904	0.451369	487.99	1	1	1	1	1	1	1	0
31.08.2015 13:12:37.210000	-0.05	-0.0598931	-0.0594596	126.289	-668.063	0.00108507	6	3	3	3	0.243889	367	66.107	0	0	0	0.327691	127.874	0.454299	487.863	1	1	1	1	1	1	1	0
31.08.2015 13:12:37.310000	-0.05	-0.0598931	-0.0594596	126.289	-668.063	0.00108507	6	3	3	3	0.243138	367	66.107	0	0	0	0.31901	127.847	0.455519	487.756	1	1	1	1	1	1	1	0
31.08.2015 13:12:37.410000	-0.05	-0.0598931	-0.0594596	126.279	-668.06	0.00072338	6	3	3	3	0.24316	367	66.107	0	0	0	0.312934	127.816	0.454299	487.642	1	1	1	1	1	1	1	0
31.08.2015 13:12:37.510000	-0.05	-0.0598931	-0.0594596	126.273	-668.059	0.00108507	6	3	3	3	0.270522	367	66.107	0	0	0	0.307364	127.786	0.455031	487.524	1	1	1	1	1	1	1	0
31.08.2015 13:12:37.610000	-0.05	-0.0598931	-0.0594596	126.26	-668.036	0.00180845	6	3	3	3	0.27895	367	66.107	0	0	0	0.303241	127.76	0.456313	487.422	1	1	1	1	1	1	1	0
31.08.2015 13:12:37.710000	-0.05	-0.0598931	-0.0594596	126.258	-667.719	0.00217014	6	3	3	3	0.288913	367	66.107	0	0	0	0.298192	127.735	0.454421	487.333	1	1	1	1	1	1	1	0
31.08.2015 13:12:37.810000	-0.05	-0.0598931	-0.0594596	126.268	-660.578	0.00289352	6	3	3	3	0.266925	367	66.107	0	0	0	0.294517	127.707	0.456252	487.218	1	1	1	1	1	1	1	0
31.08.2015 13:12:37.910000	-0.05	-0.0598931	-0.0594596	126.266	-642.004	0.00488281	6	3	3	3	0.251893	367	66.107	0	0	0	0.292694	127.681	0.45436	487.124	1	1	1	1	1	1	1	0
31.08.2015 13:12:38.010000	-0.05	-0.0598931	-0.0594596	126.268	-619.951	0.00614873	6	3	3	3	0.234608	367	66.107	0	0	0	0.289598	127.656	0.459059	487.01	1	1	1	1	1	1	1	0
31.08.2015 13:12:38.110000	-0.05	-0.0598931	-0.0594596	126.27	-596.531	0.00596788	6	3	3	3	0.244098	367	66.107	0	0	0	0.287471	127.629	0.459181	486.908	1	1	1	1	1	1	1	0
31.08.2015 13:12:38.210000	-0.05	-0.0598931	-0.0594596	126.271	-554.104	0.00542535	6	3	3	3	0.255342	367	66.107	0	0	0	0.283926	127.603	0.460829	486.8	1	1	1	1	1	1	1	0
31.08.2015 13:12:38.310000	-0.05	-0.0598931	-0.0594596	126.273	-519.73	0.00651042	6	3	3	3	0.269719	367	66.107	0	0	0	0.283565	127.578	0.46205	486.701	1	1	1	1	1	1	1	0
31.08.2015 13:12:38.410000	-0.05	-0.0598931	-0.0594596	126.273	-481.997	0.00470197	6	3	3	3	0.261882	367	66.107	0	0	0	0.281568	127.553	0.468154	486.583	1	1	1	1	1	1	1	0
31.08.2015 13:12:38.510000	-0.05	-0.0598931	-0.0594596	126.266	-431.895	0.00325521	6	3	3	3	0.283399	367	66.107	0	0	0	0.281004	127.528	0.471023	486.475	1	1	1	1	1	1	1	0
31.08.2015 13:12:38.610000	-0.05	-0.0598931	-0.0594596	126.268	-381.044	0.00289352	6	3	3	3	0.281175	367	66.107	0	0	0	0.279659	127.517	0.469741	486.437	1	1	1	1	1	1	1	0
31.08.2015 13:12:38.710000	-0.05	-0.0598931	-0.0594596	126.266	-338.484	0.00325521	6	3	3	3	0.275464	367	66.107	0	0	0	0.279123	127.487	0.46498	486.342	1	1	1	1	1	1	1	0
31.08.2015 13:12:38.810000	-0.05	-0.0598931	-0.0594596	126.263	-295.865	0.00289352	6	3	3	3	0.270643	367	66.107	0	0	0	0.277648	127.46	0.462722	486.246	1	1	1	1	1	1	1	0
31.08.2015 13:12:38.910000	-0.05	-0.0598931	-0.0594596	126.266	-237.074	0.00217014	6	3	3	3	0.276062	367	66.107	0	0	0	0.27594	127.435	0.464614	486.145	1	1	1	1	1	1	1	0
31.08.2015 13:12:39.010000	-0.05	-0.0598931	-0.0594596	126.266	-195.466	0.00325521	6	3	3	3	0.264343	367	66.107	0	0	0	0.275593	127.414	0.464248	486.064	1	1	1	1	1	1	1	0
31.08.2015 13:12:39.110000	-0.05	-0.0598931	-0.0594596	126.266	-153.578	0.00325521	6	3	3	3	0.280888	367	66.107	0	0	0	0.274204	127.389	0.463515	485.972	1	1	1	1	1	1	1	0
31.08.2015 13:12:39.210000	-0.05	-0.0598931	-0.0594596	126.268	-106.096	0.00289352	6	3	3	3	0.285678	367	66.107	0	0	0	0.273756	127.361	0.458815	485.881	1	1	1	1	1	1	1	0
31.08.2015 13:12:39.310000	-0.05	-0.0598931	-0.0594596	126.27	-52.7578	0.00217014	6	3	3	3	0.283542	367	66.107	0	0	0	0.271701	127.337	0.460952	485.784	1	1	1	1	1	1	1	0
31.08.2015 13:12:39.410000	-0.05	-0.0598931	-0.0594596	126.271	-11.2266	0.00253183	6	3	3	3	0.278899	367	66.107	0	0	0	0.27202	127.315	0.46498	485.682	1	1	1	1	1	1	1	0
31.08.2015 13:12:39.510000	-0.05	-0.0598931	-0.0594596	126.273	30.1914	0.00488281	6	3	3	3	0.27796	367	66.107	0	0	0	0.27053	127.291	0.46382	485.595	1	1	1	1	1	1	1	0
31.08.2015 13:12:39.610000	-0.05	-0.0598931	-0.0594596	126.273	83.1068	0.00434028	6	3	3	3	0.27233	367	66.107	0	0	0	0.269459	127.268	0.463332	485.509	1	1	1	1	1	1	1	0
31.08.2015 13:12:39.710000	-0.05	-0.0598931	-0.0594596	126.273	130.578	0.00271267	6	3	3	3	0.250624	367	66.107	0	0	0	0.26849	127.242	0.467177	485.397	1	1	1	1	1	1	1	0
31.08.2015 13:12:39.810000	-0.05	-0.0598931	-0.0594596	126.273	171.875	0.00289352	6	3	3	3	0.253327	367	66.107	0	0	0	0.268417	127.219	0.462294	485.325	1	1	1	1	1	1	1	0
31.08.2015 13:12:39.910000	-0.05	-0.0598931	-0.0594596	126.273	213.363	0.00488281	6	3	3	3	0.257611	367	66.107	0	0	0	0.267491	127.197	0.464125	485.233	1	1	1	1	1	1	1	0
31.08.2015 13:12:40.010000	-0.05	-0.0598931	-0.0594596	126.273	270.831	0.00072338	6	3	3	3	0.274324	367	66.107	0	0	0	0.265524	127.174	0.467788	485.132	1	1	1	1	1	1	1	0
31.08.2015 13:12:40.110000	-0.05	-0.0598931	-0.0594596	126.273	312.172	-0.00108507	6	3	3	3	0.289617	367	66.107	0	0	0	0.266334	127.152	0.466445	485.055	1	1	1	1	1	1	1	0
31.08.2015 13:12:40.210000	-0.05	-0.0598931	-0.0594596	126.273	353.482	0.00072338	6	3	3	3	0.273923	367	66.107	0	0	0	0.264207	127.129	0.467299	484.963	1	1	1	1	1	1	1	0
31.08.2015 13:12:40.310000	-0.05	-0.0598931	-0.0594596	126.273	394.809	0.000542535	6	3	3	3	0.258146	367	66.107	0	0	0	0.264771	127.105	0.471084	484.855	1	1	1	1	1	1	1	0
31.08.2015 13:12:40.410000	-0.05	-0.0598931	-0.0594596	126.271	452.563	0.00108507	6	3	3	3	0.267025	367	66.107	0	0	0	0.262876	127.083	0.471267	484.771	1	1	1	1	1	1	1	0
31.08.2015 13:12:40.510000	-0.05	-0.0598931	-0.0594596	126.27	493.438	0.000542535	6	3	3	3	0.248477	367	66.107	0	0	0	0.264048	127.061	0.472732	484.682	1	1	1	1	1	1	1	0
31.08.2015 13:12:40.610000	-0.05	-0.0598931	-0.0594596	126.268	534.609	0.00108507	6	3	3	3	0.251476	367	66.107	0	0	0	0.262731	127.037	0.472243	484.59	1	1	1	1	1	1	1	0
31.08.2015 13:12:40.710000	-0.05	-0.0598931	-0.0594596	126.273	579.695	0.00108507	6	3	3	3	0.260485	367	66.107	0	0	0	0.262471	127.016	0.474624	484.502	1	1	1	1	1	1	1	0
31.08.2015 13:12:40.810000	-0.05	-0.0598931	-0.0594596	126.273	615.542	0.00108507	6	3	3	3	0.292271	367	66.107	0	0	0	0.262124	126.996	0.478103	484.411	1	1	1	1	1	1	1	0
31.08.2015 13:12:40.910000	-0.05	-0.0598931	-0.0594596	126.27	639.977	0.00325521	6	3	3	3	0.28886	367	66.107	0	0	0	0.262196	126.975	0.483535	484.311	1	1	1	1	1	1	1	0
31.08.2015 13:12:41.010000	-0.05	-0.0598931	-0.0594596	126.273	658.688	0.00072338	6	3	3	3	0.287721	367	66.107	0	0	0	0.262558	126.954	0.48262	484.236	1	1	1	1	1	1	1	0
31.08.2015 13:12:41.110000	-0.05	-0.0598931	-0.0594596	126.273	674.418	0.000542535	6	3	3	3	0.280509	367	66.107	0	0	0	0.260894	126.938	0.472732	484.211	1	1	1	1	1	1	1	0
31.08.2015 13:12:41.210000	-0.05	-0.0598931	-0.0594596	126.273	676.659	0.00072338	6	3	3	3	0.26924	367	66.107	0	0	0	0.261545	126.915	0.469253	484.135	1	1	1	1	1	1	1	0
31.08.2015 13:12:41.310000	-0.05	-0.0598931	-0.0594596	126.273	676.762	0	6	3	3	3	0.276732	367	66.107	0	0	0	0.260735	126.897	0.476028	484.04	1	1	1	1	1	1	1	0
31.08.2015 13:12:41.410000	-0.05	-0.0598931	-0.0594596	126.273	676.781	0.00108507	6	3	3	3	0.287982	367	66.107	0	0	0	0.261155	126.873	0.472488	483.964	1	1	1	1	1	1	1	0
31.08.2015 13:12:41.510000	-0.05	-0.0598931	-0.0594596	126.273	676.781	0.0016276	6	3	3	3	0.279165	367	66.107	0	0	0	0.259404	126.853	0.478469	483.861	1	1	1	1	1	1	1	0
31.08.2015 13:12:41.610000	-0.05	-0.0598931	-0.0594596	126.273	676.781	0.00072338	6	3	3	3	0.270375	367	66.107	0	0	0	0.260851	126.819	0.476272	483.74	1	1	1	1	1	1	1	0
31.08.2015 13:12:41.710000	-0.05	-0.0598931	-0.0594596	126.258	676.785	-0.00108507	6	3	3	3	0.280179	367	66.107	0	0	0	0.259389	126.834	0.476638	483.795	1	1	1	1	1	1	1	0
31.08.2015 13:12:41.810000	-0.05	-0.0598931	-0.0594596	126.229	676.813	-0.00108507	6	3	3	3	0.26654	367	66.107	0	0	0	0.259737	126.788	0.479385	483.61	1	1	1	1	1	1	1	0
31.08.2015 13:12:41.910000	-0.05	-0.0598931	-0.0594596	126.23	676.813	0	6	3	3	3	0.243747	367	66.107	0	0	0	0.25965	126.755	0.480483	483.479	1	1	1	1	1	1	1	0
31.08.2015 13:12:42.010000	-0.05	-0.0598931	-0.0594596	126.234	676.792	-0.00180845	6	3	3	3	0.270074	367	66.107	0	0	0	0.259737	127.116	0.473281	484.888	1	1	1	1	1	1	1	0
31.08.2015 13:12:42.110000	-0.05	-0.0598931	-0.0594596	126.234	676.805	-0.00108507	6	3	3	3	0.303588	367	66.107	0	0	0	0.259375	126.538	0.476211	482.667	1	1	1	1	1	1	1	0
31.08.2015 13:12:42.210000	-0.05	-0.0598931	-0.0594596	126.234	676.779	-0.00108507	6	3	3	3	0.292479	367	66.107	0	0	0	0.258435	126.796	0.475784	483.653	1	1	1	1	1	1	1	0
31.08.2015 13:12:42.310000	-0.05	-0.0598931	-0.0594596	126.238	676.777	-0.00108507	6	3	3	3	0.293387	367	66.107	0	0	0	0.258927	126.764	0.481094	483.511	1	1	1	1	1	1	1	0
31.08.2015 13:12:42.410000	-0.05	-0.0598931	-0.0594596	126.234	676.794	-0.00108507	6	3	3	3	0.269613	367	66.107	0	0	0	0.258406	126.692	0.480178	483.242	1	1	1	1	1	1	1	0
31.08.2015 13:12:42.510000	-0.05	-0.0598931	-0.0594596	126.234	676.766	-0.00108507	6	3	3	3	0.275315	367	66.107	0	0	0	0.259259	126.702	0.480117	483.279	1	1	1	1	1	1	1	0
31.08.2015 13:12:42.610000	-0.05	-0.0598931	-0.0594596	126.234	676.781	0.00072338	6	3	3	3	0.263102	367	66.107	0	0	0	0.257523	126.671	0.478652	483.167	1	1	1	1	1	1	1	0
31.08.2015 13:12:42.710000	-0.05	-0.0598931	-0.0594596	126.23	676.844	0.0016276	6	3	3	3	0.281401	367	66.107	0	0	0	0.259259	126.666	0.483291	483.127	1	1	1	1	1	1	1	0
31.08.2015 13:12:42.810000	-0.05	-0.0598931	-0.0594596	126.208	676.846	0.00072338	6	3	3	3	0.281915	367	66.107	0	0	0	0.258102	126.682	0.481521	483.197	1	1	1	1	1	1	1	0
31.08.2015 13:12:42.910000	-0.05	-0.0598931	-0.0594596	126.203	676.789	0.00108507	6	3	3	3	0.277968	367	66.107	0	0	0	0.258145	126.638	0.486221	483.01	1	1	1	1	1	1	1	0
31.08.2015 13:12:43.010000	-0.05	-0.0598931	-0.0594596	126.203	676.849	0.00072338	6	3	3	3	0.284521	367	66.107	0	0	0	0.25748	126.602	0.488296	482.864	1	1	1	1	1	1	1	0
31.08.2015 13:12:43.110000	-0.05	-0.0598931	-0.0594596	126.207	676.824	0.00108507	6	3	3	3	0.291734	367	66.107	0	0	0	0.257856	126.696	0.49263	483.208	1	1	1	1	1	1	1	0
31.08.2015 13:12:43.210000	-0.05	-0.0598931	-0.0594596	126.206	676.794	0.00108507	6	3	3	3	0.274508	367	66.107	0	0	0	0.258637	126.637	0.484146	483.013	1	1	1	1	1	1	1	0
31.08.2015 13:12:43.310000	-0.05	-0.0598931	-0.0594596	126.211	676.793	0.00108507	6	3	3	3	0.280369	367	66.107	0	0	0	0.257567	126.572	0.481521	482.774	1	1	1	1	1	1	1	0
31.08.2015 13:12:43.410000	-0.05	-0.0598931	-0.0594596	126.211	676.781	0.00108507	6	3	3	3	0.283493	367	66.107	0	0	0	0.258637	126.587	0.480056	482.839	1	1	1	1	1	1	1	0
31.08.2015 13:12:43.510000	-0.05	-0.0598931	-0.0594596	126.211	676.781	0.000542535	6	3	3	3	0.290537	367	66.107	0	0	0	0.257277	126.489	0.480361	482.463	1	1	1	1	1	1	1	0
31.08.2015 13:12:43.610000	-0.05	-0.0598931	-0.0594596	126.211	676.76	0.00072338	6	3	3	3	0.278051	367	66.107	0	0	0	0.257957	126.503	0.48262	482.506	1	1	1	1	1	1	1	0
31.08.2015 13:12:43.710000	-0.05	-0.0598931	-0.0594596	126.211	676.766	0.00108507	6	3	3	3	0.285501	367	66.107	0	0	0	0.256785	126.575	0.485916	482.771	1	1	1	1	1	1	1	0
31.08.2015 13:12:43.810000	-0.05	-0.0598931	-0.0594596	126.211	676.766	0.00072338	6	3	3	3	0.295574	367	66.107	0	0	0	0.257841	126.471	0.483413	482.382	1	1	1	1	1	1	1	0
31.08.2015 13:12:43.910000	-0.05	-0.0598931	-0.0594596	126.211	676.75	-0.000542535	6	3	3	3	0.268394	367	66.107	0	0	0	0.256337	126.431	0.483718	482.226	1	1	1	1	1	1	1	0
31.08.2015 13:12:44.010000	-0.05	-0.0598931	-0.0594596	126.211	676.753	0.00036169	6	3	3	3	0.253239	367	66.107	0	0	0	0.257133	126.465	0.483047	482.359	1	1	1	1	1	1	1	0
31.08.2015 13:12:44.110000	-0.05	-0.0598931	-0.0594596	126.211	676.75	0.00108507	6	3	3	3	0.263134	367	66.107	0	0	0	0.256467	126.425	0.481826	482.209	1	1	1	1	1	1	1	0
31.08.2015 13:12:44.210000	-0.05	-0.0598931	-0.0594596	126.216	676.729	0.00108507	6	3	3	3	0.287939	367	66.107	0	0	0	0.256843	126.435	0.482253	482.247	1	1	1	1	1	1	1	0
31.08.2015 13:12:44.310000	-0.05	-0.0598931	-0.0594596	126.215	676.605	-0.000542535	6	3	3	3	0.304377	367	66.107	0	0	0	0.257046	126.372	0.480789	482.013	1	1	1	1	1	1	1	0
31.08.2015 13:12:44.410000	-0.05	-0.0598931	-0.0594596	126.216	675.615	0.00072338	6	3	3	3	0.29144	367	66.107	0	0	0	0.255686	126.36	0.484146	481.954	1	1	1	1	1	1	1	0
31.08.2015 13:12:44.510000	-0.05	-0.0598931	-0.0594596	126.215	671.59	0.000542535	6	3	3	3	0.273909	367	66.107	0	0	0	0.256756	126.327	0.488174	481.808	1	1	1	1	1	1	1	0
31.08.2015 13:12:44.610000	-0.05	-0.0598931	-0.0594596	126.214	656.471	0.00036169	6	3	3	3	0.270021	367	66.107	0	0	0	0.255527	126.289	0.484695	481.681	1	1	1	1	1	1	1	0
31.08.2015 13:12:44.710000	-0.05	-0.0598931	-0.0594596	126.215	636.25	-0.0016276	6	3	3	3	0.259589	367	66.107	0	0	0	0.256366	126.297	0.487136	481.688	1	1	1	1	1	1	1	0
31.08.2015 13:12:44.810000	-0.05	-0.0598931	-0.0594596	126.211	603.576	-0.00072338	6	3	3	3	0.280852	367	66.107	0	0	0	0.254919	126.492	0.490493	482.481	1	1	1	1	1	1	1	0
31.08.2015 13:12:44.910000	-0.05	-0.0598931	-0.0594596	126.219	576.102	0	6	3	3	3	0.293627	367	66.107	0	0	0	0.256366	126.299	0.488235	481.694	1	1	1	1	1	1	1	0
31.08.2015 13:12:45.010000	-0.05	-0.0598931	-0.0594596	126.219	544.362	0.00108507	6	3	3	3	0.284973	367	66.107	0	0	0	0.254625	126.162	0.496905	481.128	1	1	1	1	1	1	1	0
31.08.2015 13:12:45.110000	-0.05	-0.0598931	-0.0594596	126.215	501.293	0.00108507	6	3	3	3	0.288001	367	66.107	0	0	0	0.255512	126.168	0.493899	481.185	1	1	1	1	1	1	1	0
31.08.2015 13:12:45.210000	-0.05	-0.0598931	-0.0594596	126.216	455.102	0.00072338	6	3	3	3	0.277838	367	66.107	0	0	0	0.255042	126.403	0.487136	482.106	1	1	1	1	1	1	1	0
31.08.2015 13:12:45.310000	-0.05	-0.0598931	-0.0594596	126.215	416.461	0.00108507	6	3	3	3	0.266895	367	66.107	0	0	0	0.255664	126.165	0.485916	481.179	1	1	1	1	1	1	1	0
31.08.2015 13:12:45.410000	-0.05	-0.0598931	-0.0594596	126.216	378.083	0.00108507	6	3	3	3	0.289069	367	66.107	0	0	0	0.255194	126.186	0.485916	481.281	1	1	1	1	1	1	1	0
31.08.2015 13:12:45.510000	-0.05	-0.0598931	-0.0594596	126.219	331.906	0.00108507	6	3	3	3	0.306062	367	66.107	0	0	0	0.254651	126.147	0.488235	481.122	1	1	1	1	1	1	1	0
31.08.2015 13:12:45.610000	-0.05	-0.0598931	-0.0594596	126.214	285.987	0.00108507	6	3	3	3	0.296804	367	66.107	0	0	0	0.255765	126.146	0.487136	481.123	1	1	1	1	1	1	1	0
31.08.2015 13:12:45.710000	-0.05	-0.0598931	-0.0594596	126.219	247.762	0.000542535	6	3	3	3	0.306803	367	66.107	0	0	0	0.254651	126.121	0.485366	481.035	1	1	1	1	1	1	1	0
31.08.2015 13:12:45.810000	-0.05	-0.0598931	-0.0594596	126.214	209.672	0.00108507	6	3	3	3	0.274725	367	66.107	0	0	0	0.25578	126.104	0.485977	480.967	1	1	1	1	1	1	1	0
31.08.2015 13:12:45.910000	-0.05	-0.0598931	-0.0594596	126.215	156.766	0.00325521	6	3	3	3	0.269647	367	66.107	0	0	0	0.254058	126.094	0.49678	480.889	1	1	1	1	1	1	1	0
31.08.2015 13:12:46.010000	-0.05	-0.0598931	-0.0594596	126.216	118.88	0.00470197	6	3	3	3	0.268053	367	66.107	0	0	0	0.255201	125.866	0.507034	479.976	1	1	1	1	1	1	1	0
31.08.2015 13:12:46.110000	-0.05	-0.0598931	-0.0594596	126.219	81.1055	0.00325521	6	3	3	3	0.289885	367	66.107	0	0	0	0.254333	126.037	0.533891	480.527	1	1	1	1	1	1	1	0
31.08.2015 13:12:46.210000	-0.05	-0.0598931	-0.0594596	126.216	38.2839	0.00144676	6	3	3	3	0.296226	367	66.107	0	0	0	0.254651	126.071	0.542924	480.62	1	1	1	1	1	1	1	0
31.08.2015 13:12:46.310000	-0.05	-0.0598931	-0.0594596	126.215	-9.52734	0.00325521	6	3	3	3	0.278373	367	66.107	0	0	0	0.253747	126.036	0.548906	480.463	1	1	1	1	1	1	1	0
31.08.2015 13:12:46.410000	-0.05	-0.0598931	-0.0594596	126.219	-47.026	0.00180845	6	3	3	3	0.2806	367	66.107	0	0	0	0.254355	126.038	0.547075	480.481	1	1	1	1	1	1	1	0
31.08.2015 13:12:46.510000	-0.05	-0.0598931	-0.0594596	126.211	-84.668	0.000542535	6	3	3	3	0.279399	367	66.107	0	0	0	0.254029	125.984	0.55385	480.247	1	1	1	1	1	1	1	0
31.08.2015 13:12:46.610000	-0.05	-0.0598931	-0.0594596	126.214	-127.753	0.00108507	6	3	3	3	0.268672	367	66.107	0	0	0	0.253646	125.998	0.553667	480.303	1	1	1	1	1	1	1	0
31.08.2015 13:12:46.710000	-0.05	-0.0598931	-0.0594596	126.211	-176.332	0.00108507	6	3	3	3	0.265112	367	66.107	0	0	0	0.254167	125.948	0.556658	480.098	1	1	1	1	1	1	1	0
31.08.2015 13:12:46.810000	-0.05	-0.0598931	-0.0594596	126.214	-214.62	-0.00036169	6	3	3	3	0.257895	367	66.107	0	0	0	0.253356	126.081	0.560015	480.594	1	1	1	1	1	1	1	0
31.08.2015 13:12:46.910000	-0.05	-0.0598931	-0.0594596	126.215	-252.949	-0.0016276	6	3	3	3	0.281946	367	66.107	0	0	0	0.254463	125.914	0.569842	479.916	1	1	1	1	1	1	1	0
31.08.2015 13:12:47.010000	-0.05	-0.0598931	-0.0594596	126.219	-302.008	-0.00036169	6	3	3	3	0.301842	367	66.107	0	0	0	0.253335	126.027	0.584185	480.294	1	1	1	1	1	1	1	0
31.08.2015 13:12:47.110000	-0.05	-0.0598931	-0.0594596	126.219	-346.023	0	6	3	3	3	0.285989	367	66.107	0	0	0	0.255049	125.97	0.605182	479.997	1	1	1	1	1	1	1	0
31.08.2015 13:12:47.210000	-0.05	-0.0598931	-0.0594596	126.219	-384.651	0.00036169	6	3	3	3	0.257522	367	66.107	0	0	0	0.253617	125.819	0.62215	479.355	1	1	1	1	1	1	1	0
31.08.2015 13:12:47.310000	-0.05	-0.0598931	-0.0594596	126.219	-423.289	-0.00108507	6	3	3	3	0.277025	367	66.107	0	0	0	0.254789	125.751	0.640095	479.025	1	1	1	1	1	1	1	0
31.08.2015 13:12:47.410000	-0.05	-0.0598931	-0.0594596	126.219	-477.359	0.00108507	6	3	3	3	0.289419	367	66.107	0	0	0	0.253892	125.764	0.660604	478.996	1	1	1	1	1	1	1	0
31.08.2015 13:12:47.510000	-0.05	-0.0598931	-0.0594596	126.219	-515.695	0	6	3	3	3	0.267262	367	66.107	0	0	0	0.254217	125.867	0.675192	479.334	1	1	1	1	1	1	1	0
31.08.2015 13:12:47.610000	-0.05	-0.0598931	-0.0594596	126.219	-553.182	0.00108507	6	3	3	3	0.280044	367	66.107	0	0	0	0.254174	125.856	0.693258	479.223	1	1	1	1	1	1	1	0
31.08.2015 13:12:47.710000	-0.05	-0.0598931	-0.0594596	126.219	-589.18	0.000542535	6	3	3	3	0.292492	367	66.107	0	0	0	0.253356	125.765	0.703391	478.835	1	1	1	1	1	1	1	0
31.08.2015 13:12:47.810000	-0.05	-0.0598931	-0.0594596	126.219	-616.922	0.00072338	6	3	3	3	0.287363	367	66.107	0	0	0	0.254745	125.681	0.70864	478.495	1	1	1	1	1	1	1	0
31.08.2015 13:12:47.910000	-0.05	-0.0598931	-0.0594596	126.219	-634.586	-0.00108507	6	3	3	3	0.254097	367	66.107	0	0	0	0.253356	125.798	0.713218	478.924	1	1	1	1	1	1	1	0
31.08.2015 13:12:48.010000	-0.05	-0.0598931	-0.0594596	126.219	-648.297	-0.00108507	6	3	3	3	0.279938	367	66.107	0	0	0	0.254333	125.757	0.719016	478.747	1	1	1	1	1	1	1	0
31.08.2015 13:12:48.110000	-0.05	-0.0598931	-0.0594596	126.215	-661.352	-0.00325521	6	3	3	3	0.289328	367	66.107	0	0	0	0.253176	125.86	0.728843	479.104	1	1	1	1	1	1	1	0
31.08.2015 13:12:48.210000	-0.05	-0.0598931	-0.0594596	126.216	-666.214	-0.00108507	6	3	3	3	0.311969	367	66.107	0	0	0	0.255064	125.718	0.73281	478.545	1	1	1	1	1	1	1	0
31.08.2015 13:12:48.310000	-0.05	-0.0598931	-0.0594596	126.219	-667.836	-0.00108507	6	3	3	3	0.300767	367	66.107	0	0	0	0.254181	125.741	0.742943	478.592	1	1	1	1	1	1	1	0
31.08.2015 13:12:48.410000	-0.05	-0.0598931	-0.0594596	126.216	-667.88	-0.00108507	6	3	3	3	0.273338	367	66.107	0	0	0	0.254362	125.589	0.749596	477.984	1	1	1	1	1	1	1	0
31.08.2015 13:12:48.510000	-0.05	-0.0598931	-0.0594596	126.219	-667.887	-0.0016276	6	3	3	3	0.2697	367	66.107	0	0	0	0.254036	125.65	0.75808	478.185	1	1	1	1	1	1	1	0
31.08.2015 13:12:48.610000	-0.05	-0.0598931	-0.0594596	126.219	-667.878	-0.00108507	6	3	3	3	0.27331	367	66.107	0	0	0	0.254355	125.6	0.769005	477.952	1	1	1	1	1	1	1	0
31.08.2015 13:12:48.710000	-0.05	-0.0598931	-0.0594596	126.219	-667.867	-0.0016276	6	3	3	3	0.275794	367	66.107	0	0	0	0.254608	125.755	0.78872	478.47	1	1	1	1	1	1	1	0
31.08.2015 13:12:48.810000	-0.05	-0.0598931	-0.0594596	126.219	-667.891	-0.00144676	6	3	3	3	0.280131	367	66.107	0	0	0	0.253205	125.637	0.793298	478.002	1	1	1	1	1	1	1	0
31.08.2015 13:12:48.910000	-0.05	-0.0598931	-0.0594596	126.219	-667.891	-0.00108507	6	3	3	3	0.278224	367	66.107	0	0	0	0.254608	125.611	0.791833	477.909	1	1	1	1	1	1	1	0
31.08.2015 13:12:49.010000	-0.05	-0.0598931	-0.0594596	126.219	-667.893	-0.00144676	6	3	3	3	0.287348	367	66.107	0	0	0	0.253205	125.597	0.797082	477.834	1	1	1	1	1	1	1	0
31.08.2015 13:12:49.110000	-0.05	-0.0598931	-0.0594596	126.219	-667.891	-0.00108507	6	3	3	3	0.313723	367	66.107	0	0	0	0.254615	125.698	0.802087	478.2	1	1	1	1	1	1	1	0
31.08.2015 13:12:49.210000	-0.05	-0.0598931	-0.0594596	126.219	-667.893	-0.00108507	6	3	3	3	0.280977	367	66.107	0	0	0	0.253335	125.661	0.809656	478.029	1	1	1	1	1	1	1	0
31.08.2015 13:12:49.310000	-0.05	-0.0598931	-0.0594596	126.219	-667.891	-0.0016276	6	3	3	3	0.284175	367	66.107	0	0	0	0.254478	125.588	0.801843	477.781	1	1	1	1	1	1	1	0
31.08.2015 13:12:49.410000	-0.05	-0.0598931	-0.0594596	126.219	-667.893	-0.00036169	6	3	3	3	0.285736	367	66.107	0	0	0	0.252894	125.606	0.793481	477.881	1	1	1	1	1	1	1	0
31.08.2015 13:12:49.510000	-0.05	-0.0598931	-0.0594596	126.219	-667.898	-0.0016276	6	3	3	3	0.271431	367	66.107	0	0	0	0.254065	125.553	0.792688	477.681	1	1	1	1	1	1	1	0
31.08.2015 13:12:49.610000	-0.05	-0.0598931	-0.0594596	126.214	-667.924	-0.00072338	6	3	3	3	0.26191	367	66.107	0	0	0	0.253885	125.535	0.799402	477.588	1	1	1	1	1	1	1	0
31.08.2015 13:12:49.710000	-0.05	-0.0598931	-0.0594596	126.219	-667.926	-0.00108507	6	3	3	3	0.27383	367	66.107	0	0	0	0.254217	125.519	0.799829	477.524	1	1	1	1	1	1	1	0
31.08.2015 13:12:49.810000	-0.05	-0.0598931	-0.0594596	126.219	-667.927	-0.00108507	6	3	3	3	0.277927	367	66.107	0	0	0	0.25361	125.552	0.798791	477.653	1	1	1	1	1	1	1	0
31.08.2015 13:12:49.910000	-0.05	-0.0598931	-0.0594596	126.203	-667.918	-0.000542535	6	3	3	3	0.272923	367	66.107	0	0	0	0.253053	125.531	0.802637	477.559	1	1	1	1	1	1	1	0
31.08.2015 13:12:50.010000	-0.05	-0.0598931	-0.0594596	126.198	-667.924	-0.00217014	6	3	3	3	0.253495	367	66.107	0	0	0	0.254456	125.541	0.80459	477.591	1	1	1	1	1	1	1	0
31.08.2015 13:12:50.110000	-0.05	-0.0598931	-0.0594596	126.203	-667.914	-0.00325521	6	3	3	3	0.256625	367	66.107	0	0	0	0.253074	125.539	0.799768	477.603	1	1	1	1	1	1	1	0
31.08.2015 13:12:50.210000	-0.05	-0.0598931	-0.0594596	126.203	-667.927	-0.0036169	6	3	3	3	0.247641	367	66.107	0	0	0	0.254615	125.408	0.805017	477.082	1	1	1	1	1	1	1	0
31.08.2015 13:12:50.310000	-0.05	-0.0598931	-0.0594596	126.203	-667.926	-0.0016276	6	3	3	3	0.237857	367	66.107	0	0	0	0.252894	125.43	0.807886	477.154	1	1	1	1	1	1	1	0
31.08.2015 13:12:50.410000	-0.05	-0.0598931	-0.0594596	126.203	-667.93	-0.00108507	6	3	3	3	0.244795	367	66.107	0	0	0	0.254268	125.684	0.814844	478.1	1	1	1	1	1	1	1	0
