Time	[76:0]	[76:1]	[76:2]	[76:4]	[76:8]	[76:70]	[76:71]	[78:0]	[78:1]	[78:2]	[79:2]	[79:3]	[79:4]	[79:8]	[79:9]	[79:10]	[79:11]	[79:12]	[79:13]	[79:14]	[79.0]	[79.1]	[79.2]	[79.3]	[79.4]	[79.5]	[79.6]	[79.8]
time	Hoogteverstelling - Referentie positie (mm)	Hoogteverstelling - AZ gemeten positie (mm)	Hoogteverstelling - BZ gemeten positie (mm)	Transfert Ingang - Gemeten positie (mm)	Transfert Uitgang - Gemeten positie (mm)	Aardgas - actueel debiet	Stappenschakelaar - gemeten pos	Laspos Ing - positie discreet	Laspos Uitg - positie discreet	Schaafverstelling - positie discreet	Stuikraam - Totale Stroommeting RMS-waarde (A)	Stuikraam - Stroomreferentie (A)	Stuikraam - Positie AZ (mm, pulsgever)	Stuikraam - Referentie Servo-ventiel (%)	Stuikraam - Trim door I-regelaar (%)	Stuikraam - Gemeten snelheid (mm/s, pulsgever)	Secundaire lasspanning	Stuikraam - Druk stuikcilinder voorkamer (=laszijde)  (bar)	Stuikraam - Druk stuikcilinder terugloopkamer  (bar)	Stuikraam - Netto voorwaartse kracht op stuikraam (kN)	Stuikraam - P1	Stuikraam - P2	Stuikraam - P3	Stuikraam - P4	Stuikraam - P5	Stuikraam - P6	Stuikraam - P7	Stuikraam - Openen stuikventielen	

Lasparameter.Ingang - Coil ID	0323340S
Lasparameter.Ingang - Dikte (um)	4170
Lasparameter.Ingang - Breedte (mm)	1490
Lasparameter.Ingang - Materiaal	0001
Lasparameter.Uitgang - Coil ID	0757915S
Lasparameter.Uitgang - Dikte (um)	3790
Lasparameter.Uitgang - Breedte (mm)	1547
Lasparameter.Uitgang - Materiaal	0001
Lasparameter.P2 (mm)	24.0
Lasparameter.P3 (mm)	34.0
Lasparameter.P4 (mm)	42.2
Lasparameter.P5 (mm)	51.2
Lasparameter.P6 (mm)	58.1
Lasparameter.P7 (mm)	62.2
Lasparameter.Vonksnelheid (mm/s)	1.20
Lasparameter.Lassnelheid (mm/s)	0.48
Lasparameter.Stroom Referentie (A)	0361
Lasparameter.Stroomtoename (µA/s2)	47.3
Lasparameter.Stuikstroomtijd (per)	0008
Lasparameter.Afkoeltijd Stuik (per)	0010
Lasparameter.Stuikdruk (bar)	0107
Lasparameter.Stuiksnelheid (%)	90.0

12.08.2015 10:35:01.664000	-0.19	-0.192115	-0.179059	0	0.117188	0.00108507	6	4	4	4	0.291301	361	0	0	0	0	0.224624	2.75704	124.877	-467.572	1	0	0	0	0	0	0	0
12.08.2015 10:35:01.764000	-0.19	-0.192115	-0.179059	0	0.0820313	0.00108507	6	4	4	4	0.303072	361	0	0	0	0	0.222946	4.46638	124.901	-461.122	1	0	0	0	0	0	0	0
12.08.2015 10:35:01.864000	-0.19	-0.192115	-0.179059	0.00520833	0.0286458	0.00108507	6	4	4	4	0.330965	361	0	0	0	0	0.224971	4.7662	124.895	-459.951	1	0	0	0	0	0	0	0
12.08.2015 10:35:01.964000	-0.19	-0.192115	-0.179059	0	0.00390625	0.00108507	6	4	4	4	0.334127	361	0	0	0	0	0.22322	5.45109	124.903	-457.359	1	0	0	0	0	0	0	0
12.08.2015 10:35:02.064000	-0.19	-0.192115	-0.179059	0.0078125	-0.0234375	0.00036169	6	4	4	4	0.326551	361	0	0	0	0	0.223177	6.95254	124.949	-451.786	1	0	0	0	0	0	0	0
12.08.2015 10:35:02.164000	-0.19	-0.192115	-0.179059	0.0195313	-0.0507813	0.00108507	6	4	4	4	0.336795	361	0	0	0	0	0.221296	4.4836	124.859	-460.892	1	0	0	0	0	0	0	0
12.08.2015 10:35:02.264000	-0.19	-0.192115	-0.179059	0.0130208	-0.03125	0.00217014	6	4	4	4	0.308731	361	0	0	0	0	0.22215	7.01364	124.925	-451.457	1	0	0	0	0	0	0	0
12.08.2015 10:35:02.364000	-0.19	-0.192115	-0.179059	0.0234375	-0.046875	0.00271267	6	4	4	4	0.297067	361	0	0	0	0	0.220848	3.81695	124.772	-463.115	1	0	0	0	0	0	0	0
12.08.2015 10:35:02.464000	-0.19	-0.192115	-0.179059	0.0182292	-0.0390625	0.00036169	6	4	4	4	0.274104	361	0	0	0	0	0.219835	6.584	124.855	-452.835	1	0	0	0	0	0	0	0
12.08.2015 10:35:02.564000	-0.19	-0.192115	-0.179059	0.0195313	-0.0429688	0.00108507	6	4	4	4	0.249068	361	0	0	0	0	0.220862	3.02481	124.705	-465.888	1	0	0	0	0	0	0	0
12.08.2015 10:35:02.664000	-0.19	-0.192115	-0.179059	0.0130208	0.0651042	0.00072338	6	4	4	4	0.246914	361	0	0	0	0	0.21998	3.72308	124.699	-463.193	1	0	0	0	0	0	0	0
12.08.2015 10:35:02.764000	-0.19	-0.192115	-0.179059	0.0117188	-0.144531	0.000542535	6	4	4	4	0.252112	361	0	0	0	0	0.221007	2.63192	124.642	-467.152	1	0	0	0	0	0	0	0
12.08.2015 10:35:02.864000	-0.19	-0.192115	-0.179059	0.015625	-0.986979	0.00108507	6	4	4	4	0.251988	361	0	0	0	0	0.218359	3.94452	124.646	-462.144	1	0	0	0	0	0	0	0
12.08.2015 10:35:02.964000	-0.19	-0.192115	-0.179059	0.0195313	-3.91797	0.000542535	6	4	4	4	0.273514	361	0	0	0	0	0.220602	5.97833	124.715	-454.617	1	0	0	0	0	0	0	0
12.08.2015 10:35:03.064000	-0.19	-0.192115	-0.179059	0.0208333	-15.1432	0.00072338	6	4	4	4	0.288691	361	0	0	0	0	0.218736	3.58519	124.588	-463.297	1	0	0	0	0	0	0	0
12.08.2015 10:35:03.164000	-0.19	-0.192115	-0.179059	0.015625	-33.4766	0.000542535	6	4	4	4	0.313011	361	0	0	0	0	0.22053	6.65877	124.683	-451.892	1	0	0	0	0	0	0	0
12.08.2015 10:35:03.264000	-0.19	-0.192115	-0.179059	0.015625	-62.2396	0.00072338	6	4	4	4	0.295156	361	0	0	0	0	0.219835	5.30241	124.618	-456.837	1	0	0	0	0	0	0	0
12.08.2015 10:35:03.364000	-0.19	-0.192115	-0.179059	0.015625	-91.9688	0.000542535	6	4	4	4	0.275393	361	0	0	0	0	0.221976	5.22233	124.587	-457.025	1	0	0	0	0	0	0	0
12.08.2015 10:35:03.464000	-0.19	-0.192115	-0.179059	0.0182292	-122.339	0.00108507	6	4	4	4	0.318558	361	0	0	0	0	0.220992	6.43562	124.598	-452.419	1	0	0	0	0	0	0	0
12.08.2015 10:35:03.564000	-0.19	-0.192115	-0.179059	0.0195313	-156.688	0.000542535	6	4	4	4	0.29082	361	0	0	0	0	0.222295	5.64892	124.549	-455.245	1	0	0	0	0	0	0	0
12.08.2015 10:35:03.664000	-0.19	-0.192115	-0.179059	0.0208333	-210.438	0.00108507	6	4	4	4	0.290601	361	0	0	0	0	0.223438	4.98172	124.507	-457.639	1	0	0	0	0	0	0	0
12.08.2015 10:35:03.764000	-0.19	-0.192115	-0.179059	0.0078125	-249.801	0.00108507	6	4	4	4	0.280113	361	0	0	0	0	0.223293	2.99643	124.4	-464.83	1	0	0	0	0	0	0	0
12.08.2015 10:35:03.864000	-0.19	-0.192115	-0.179059	0.0182292	-289.393	0.00072338	6	4	4	4	0.297262	361	0	0	0	0	0.224074	4.04157	124.388	-460.782	1	0	0	0	0	0	0	0
12.08.2015 10:35:03.964000	-0.19	-0.192115	-0.179059	0.183594	-329.301	0	6	4	4	4	0.30225	361	0	0	0	0	0.222671	5.30106	124.411	-456.05	1	0	0	0	0	0	0	0
12.08.2015 10:35:04.064000	-0.19	-0.192115	-0.179059	1.58594	-385.065	0.00072338	6	4	4	4	0.270803	361	0	0	0	0	0.224797	5.00961	124.387	-457.071	1	0	0	0	0	0	0	0
12.08.2015 10:35:04.164000	-0.19	-0.192115	-0.179059	9.55859	-424.563	0.000542535	6	4	4	4	0.263385	361	0	0	0	0	0.22283	4.88668	124.35	-457.4	1	0	0	0	0	0	0	0
12.08.2015 10:35:04.264000	-0.19	-0.192115	-0.179059	26.1927	-464.307	0.00072338	6	4	4	4	0.25545	361	0	0	0	0	0.224117	4.91079	124.341	-457.273	1	0	0	0	0	0	0	0
12.08.2015 10:35:04.364000	-0.19	-0.192115	-0.179059	50.2344	-511.773	0.000542535	6	4	4	4	0.26703	361	0	0	0	0	0.223192	5.13016	124.316	-456.337	1	0	0	0	0	0	0	0
12.08.2015 10:35:04.464000	-0.19	-0.192115	-0.179059	79.8464	-558.445	0.00180845	6	4	4	4	0.279972	361	0	0	0	0	0.223857	4.1518	124.268	-459.899	1	0	0	0	0	0	0	0
12.08.2015 10:35:04.564000	-0.19	-0.192115	-0.179059	108.883	-589.98	0.00108507	6	4	4	4	0.28458	361	0	0	0	0	0.223452	4.25446	124.243	-459.412	1	0	0	0	0	0	0	0
12.08.2015 10:35:04.664000	-0.19	-0.192115	-0.179059	142.888	-614.443	0.00036169	6	4	4	4	0.286863	361	0	0	0	0	0.223148	5.06363	124.237	-456.29	1	0	0	0	0	0	0	0
12.08.2015 10:35:04.764000	-0.19	-0.192115	-0.179059	198.289	-640.27	0.00108507	6	4	4	4	0.302916	361	0	0	0	0	0.225043	4.41737	124.2	-458.625	1	0	0	0	0	0	0	0
12.08.2015 10:35:04.864000	-0.19	-0.192115	-0.179059	240.516	-653.37	0.00434028	6	4	4	4	0.32125	361	0	0	0	0	0.224002	4.58455	124.177	-457.897	1	0	0	0	0	0	0	0
12.08.2015 10:35:04.964000	-0.19	-0.192115	-0.179059	283.063	-662.258	0.0016276	6	4	4	4	0.308343	361	0	0	0	0	0.22623	4.14393	124.145	-459.46	1	0	0	0	0	0	0	0
12.08.2015 10:35:05.064000	-0.19	-0.192115	-0.179059	330.81	-666.536	0	6	4	4	4	0.302626	361	0	0	0	0	0.225521	4.77407	124.128	-456.984	1	0	0	0	0	0	0	0
12.08.2015 10:35:05.164000	-0.19	-0.192115	-0.179059	384.621	-668.203	0.00108507	6	4	4	4	0.297368	361	0	0	0	0	0.228993	4.69997	124.109	-457.192	1	0	0	0	0	0	0	0
12.08.2015 10:35:05.264000	-0.19	-0.192115	-0.179059	425.786	-669.276	0.00072338	6	4	4	4	0.279785	361	0	0	0	0	0.227546	4.22803	124.071	-458.855	1	0	0	0	0	0	0	0
12.08.2015 10:35:05.364000	-0.19	-0.192115	-0.179059	459.188	-669.617	0.00108507	6	4	4	4	0.27603	361	0	0	0	0	0.229659	4.60732	124.057	-457.347	1	0	0	0	0	0	0	0
12.08.2015 10:35:05.464000	-0.19	-0.192115	-0.179059	482.417	-669.643	0.00072338	6	4	4	4	0.281847	361	0	0	0	0	0.228964	5.16892	124.045	-455.152	1	0	0	0	0	0	0	0
12.08.2015 10:35:05.564000	-0.19	-0.192115	-0.179059	498.578	-669.648	0.00217014	6	4	4	4	0.280812	361	0	0	0	0	0.229933	4.60164	124.008	-457.182	1	0	0	0	0	0	0	0
12.08.2015 10:35:05.664000	-0.19	-0.192115	-0.179059	514.646	-669.648	0.00072338	6	4	4	4	0.261162	361	0	0	0	0	0.229268	4.48585	123.973	-457.491	1	0	0	0	0	0	0	0
12.08.2015 10:35:05.764000	-0.19	-0.192115	-0.179059	530.316	-669.652	0	6	4	4	4	0.284133	361	0	0	0	0	0.22908	4.7018	123.955	-456.598	1	0	0	0	0	0	0	0
12.08.2015 10:35:05.864000	-0.19	-0.192115	-0.179059	552.073	-669.656	0.00036169	6	4	4	4	0.295764	361	0	0	0	0	0.230252	4.50246	123.931	-457.269	1	0	0	0	0	0	0	0
12.08.2015 10:35:05.964000	-0.19	-0.192115	-0.179059	567.793	-669.656	0.00108507	6	4	4	4	0.326052	361	0	0	0	0	0.229514	4.49464	123.906	-457.201	1	0	0	0	0	0	0	0
12.08.2015 10:35:06.064000	-0.19	-0.192115	-0.179059	583.328	-669.664	0.00036169	6	4	4	4	0.339816	361	0	0	0	0	0.230165	4.69448	123.885	-456.356	1	0	0	0	0	0	0	0
12.08.2015 10:35:06.164000	-0.19	-0.192115	-0.179059	601.145	-669.664	0.00108507	6	4	4	4	0.334193	361	0	0	0	0	0.229022	4.65749	123.86	-456.402	1	0	0	0	0	0	0	0
12.08.2015 10:35:06.264000	-0.19	-0.192115	-0.179059	618.745	-669.664	0.00036169	6	4	4	4	0.331527	361	0	0	0	0	0.231178	4.58345	123.837	-456.598	1	0	0	0	0	0	0	0
12.08.2015 10:35:06.364000	-0.19	-0.192115	-0.179059	633.227	-669.664	0	6	4	4	4	0.294776	361	0	0	0	0	0.229181	4.58773	123.811	-456.484	1	0	0	0	0	0	0	0
12.08.2015 10:35:06.464000	-0.19	-0.192115	-0.179059	647.039	-669.669	0.00036169	6	4	4	4	0.246932	361	0	0	0	0	0.230917	4.59285	123.792	-456.388	1	0	0	0	0	0	0	0
12.08.2015 10:35:06.564000	-0.19	-0.192115	-0.179059	662.805	-669.672	0.000542535	6	4	4	4	0.246697	361	0	0	0	0	0.229413	4.58431	123.77	-456.338	1	0	0	0	0	0	0	0
12.08.2015 10:35:06.664000	-0.19	-0.192115	-0.179059	677.263	-669.672	0.00036169	6	4	4	4	0.240987	361	0	0	0	0	0.230946	4.56276	123.863	-456.779	1	0	0	0	0	0	0	0
12.08.2015 10:35:06.764000	-0.19	-0.192115	-0.179059	688.539	-669.672	0.00108507	6	4	4	4	0.266989	361	0	0	0	0	0.230252	4.553	124.026	-457.437	1	0	0	0	0	0	0	0
12.08.2015 10:35:06.864000	-0.19	-0.192115	-0.179059	697.99	-669.672	0.00108507	6	4	4	4	0.272424	361	0	0	0	0	0.229818	3.91321	124.2	-460.556	1	0	0	0	0	0	0	0
12.08.2015 10:35:06.964000	-0.19	-0.192115	-0.179059	707.359	-669.68	0.0016276	6	4	4	4	0.266232	361	0	0	0	0	0.23083	4.04144	124.572	-461.486	1	0	0	0	0	0	0	0
12.08.2015 10:35:07.064000	-0.19	-0.192115	-0.179059	709.909	-669.674	0.00036169	6	4	4	4	0.287256	361	0	0	0	0	0.230107	4.62569	125.804	-463.967	1	0	0	0	0	0	0	0
12.08.2015 10:35:07.164000	-0.19	-0.192115	-0.179059	710.738	-669.672	0.000542535	6	4	4	4	0.273266	361	0	0	0	0	0.231134	4.32905	125.856	-465.304	1	0	0	0	0	0	0	0
12.08.2015 10:35:07.264000	-0.19	-0.192115	-0.179059	711.099	-669.669	0.00108507	6	4	4	4	0.272258	361	0	0	0	0	0.229196	4.17701	126.113	-466.868	1	0	0	0	0	0	0	0
12.08.2015 10:35:07.364000	-0.19	-0.192115	-0.179059	711.102	-669.672	0.000542535	6	4	4	4	0.253345	361	0	0	0	0	0.231453	4.84567	126.252	-464.841	1	0	0	0	0	0	0	0
12.08.2015 10:35:07.464000	-0.19	-0.192115	-0.179059	711.102	-669.677	0.00144676	6	4	4	4	0.277331	361	0	0	0	0	0.229586	5.26536	126.712	-464.995	1	0	0	0	0	0	0	0
12.08.2015 10:35:07.564000	-0.19	-0.192115	-0.179059	711.102	-669.664	0	6	4	4	4	0.27056	361	0	0	0	0	0.231105	4.20618	127.099	-470.533	1	0	0	0	0	0	0	0
12.08.2015 10:35:07.664000	-0.19	-0.192115	-0.179059	711.107	-669.677	0.00072338	6	4	4	4	0.274242	361	0	0	0	0	0.228574	4.41267	127.118	-469.816	1	0	0	0	0	0	0	0
12.08.2015 10:35:07.764000	-0.19	-0.192115	-0.179059	711.109	-669.68	0.00108507	6	4	4	4	0.285964	361	0	0	0	0	0.22921	4.76016	127.244	-468.965	1	0	0	0	0	0	0	0
12.08.2015 10:35:07.864000	-0.19	-0.192115	-0.179059	711.109	-669.68	0.00072338	6	4	4	4	0.277084	361	0	0	0	0	0.226837	4.35585	127.433	-471.237	1	0	0	0	0	0	0	0
12.08.2015 10:35:07.964000	-0.19	-0.192115	-0.179059	711.109	-669.68	0	6	4	4	4	0.289357	361	0	0	0	0	0.225781	4.39296	127.722	-472.201	1	0	0	0	0	0	0	0
12.08.2015 10:35:08.064000	-0.19	-0.192115	-0.179059	711.109	-669.68	0.00108507	6	4	4	4	0.315307	361	0	0	0	0	0.225637	4.68679	127.96	-471.987	1	0	0	0	0	0	0	0
12.08.2015 10:35:08.164000	-0.19	-0.192115	-0.179059	711.109	-669.68	0.000542535	6	4	4	4	0.287524	361	0	0	0	0	0.224624	4.58657	128.129	-473.02	1	0	0	0	0	0	0	0
12.08.2015 10:35:08.264000	-0.19	-0.192115	-0.179059	711.109	-669.68	0.00072338	6	4	4	4	0.275633	361	0	0	0	0	0.224797	4.45961	128.28	-474.085	1	0	0	0	0	0	0	0
12.08.2015 10:35:08.364000	-0.19	-0.192115	-0.179059	711.109	-669.68	-0.000542535	6	4	4	4	0.272144	361	0	0	0	0	0.222555	4.51668	128.422	-474.41	1	0	0	0	0	0	0	0
12.08.2015 10:35:08.464000	-0.19	-0.192115	-0.179059	711.109	-669.68	0.00108507	6	4	4	4	0.288422	361	0	0	0	0	0.224653	4.57399	128.579	-474.791	1	0	0	0	0	0	0	0
12.08.2015 10:35:08.564000	-0.19	-0.192115	-0.179059	711.109	-669.68	0.000542535	6	4	4	4	0.263566	361	0	0	0	0	0.221542	4.54036	128.682	-475.315	1	0	0	0	0	0	0	0
12.08.2015 10:35:08.664000	-0.19	-0.192115	-0.179059	711.109	-669.68	-0.00108507	6	4	4	4	0.28852	361	0	0	0	0	0.222541	4.5118	128.675	-475.397	1	0	0	0	0	0	0	0
12.08.2015 10:35:08.764000	-0.19	-0.192115	-0.179059	711.113	-669.68	-0.00108507	6	4	4	4	0.300923	361	0	0	0	0	0.220732	3.86853	129.183	-479.804	1	0	0	0	0	0	0	0
12.08.2015 10:35:08.864000	-0.19	-0.192115	-0.179059	711.122	-669.688	-0.00036169	6	4	4	4	0.327347	361	0	0	0	0	0.221716	4.43464	128.115	-473.546	1	0	0	0	0	0	0	0
12.08.2015 10:35:08.964000	-0.19	-0.192115	-0.179059	711.121	-669.688	0.00108507	6	4	4	4	0.336681	361	0	0	0	0	0.21956	4.64958	128.37	-473.692	1	0	0	0	0	0	0	0
12.08.2015 10:35:09.064000	-0.19	-0.192115	-0.179059	711.122	-669.688	0	6	4	4	4	0.284556	361	0	0	0	0	0.219097	6.18742	129.616	-472.581	1	0	0	0	0	0	0	0
12.08.2015 10:35:09.164000	-0.19	-0.192115	-0.179059	711.125	-669.684	-0.00108507	6	4	4	4	0.24476	361	0	0	0	0	0.219871	4.75088	129.522	-477.723	1	0	0	0	0	0	0	0
12.08.2015 10:35:09.264000	-0.19	-0.192115	-0.179059	711.125	-669.685	-0.00144676	6	4	4	4	0.256671	361	0	0	0	0	0.21807	4.65426	128.953	-475.915	1	0	0	0	0	0	0	0
12.08.2015 10:35:09.364000	-0.19	-0.192115	-0.179059	711.125	-669.684	-0.000542535	6	4	4	4	0.288494	361	0	0	0	0	0.218287	5.38072	128.599	-471.78	1	0	0	0	0	0	0	0
12.08.2015 10:35:09.464000	-0.19	-0.192115	-0.179059	711.125	-669.685	-0.00217014	6	4	4	4	0.285656	361	0	0	0	0	0.216594	4.89598	128.485	-473.198	1	0	0	0	0	0	0	0
12.08.2015 10:35:09.564000	-0.19	-0.192115	-0.179059	711.125	-669.688	0	6	4	4	4	0.295752	361	0	0	0	0	0.21917	4.90561	128.445	-473.009	1	0	0	0	0	0	0	0
12.08.2015 10:35:09.664000	-0.19	-0.192115	-0.179059	711.125	-669.688	0.00144676	6	4	4	4	0.288755	361	0	0	0	0	0.216457	5.0936	128.478	-472.415	1	0	0	0	0	0	0	0
12.08.2015 10:35:09.764000	-0.19	-0.192115	-0.179059	711.125	-669.688	0.000542535	6	4	4	4	0.264788	361	0	0	0	0	0.217882	5.08646	128.462	-472.38	1	0	0	0	0	0	0	0
12.08.2015 10:35:09.864000	-0.19	-0.192115	-0.179059	711.125	-669.688	0	6	4	4	4	0.261152	361	0	0	0	0	0.217274	4.88723	128.205	-472.158	1	0	0	0	0	0	0	0
12.08.2015 10:35:09.964000	-0.19	-0.192115	-0.179059	711.125	-669.688	0.000542535	6	4	4	4	0.267779	361	0	0	0	0	0.21849	4.85873	127.997	-471.473	1	0	0	0	0	0	0	0
12.08.2015 10:35:10.064000	-0.19	-0.192115	-0.179059	711.125	-669.688	0.00036169	6	4	4	4	0.280878	361	0	0	0	0	0.216696	4.41231	128.257	-474.177	1	0	0	0	0	0	0	0
12.08.2015 10:35:10.164000	-0.19	-0.192115	-0.179059	711.125	-669.688	0.000542535	6	4	4	4	0.278966	361	0	0	0	0	0.217347	4.84603	127.07	-467.972	1	0	0	0	0	0	0	0
12.08.2015 10:35:10.264000	-0.19	-0.192115	-0.179059	711.125	-669.688	-0.00144676	6	4	4	4	0.285436	361	0.000497419	0	0	0	0.218417	24.9856	116.016	-348.539	1	0	0	0	0	0	0	0
12.08.2015 10:35:10.364000	-0.19	-0.192115	-0.179059	711.004	-669.688	-0.00108507	6	4	4	4	0.325748	361	0.85755	0	0	17.1355	0.217636	112.301	87.6998	94.1929	1	0	0	0	0	0	0	0
12.08.2015 10:35:10.464000	-0.19	-0.192115	-0.179059	708.573	-669.688	-0.00180845	6	4	4	4	0.309829	361	4.00024	0	0	34.6003	0.218005	110.289	84.186	99.9447	1	0	0	0	0	0	0	0
12.08.2015 10:35:10.564000	-0.19	-0.192115	-0.179059	696.902	-669.684	-0.00217014	6	4	4	4	0.282694	361	7.44636	0	0	35.0142	0.216023	110.497	83.9708	101.562	1	0	0	0	0	0	0	0
12.08.2015 10:35:10.664000	-0.19	-0.192115	-0.179059	672.328	-669.688	-0.00108507	6	4	4	4	0.286324	361	11.0039	0	0	35.944	0.218294	113.578	87.4589	100.005	1	0	0	0	0	0	0	0
12.08.2015 10:35:10.764000	-0.19	-0.192115	-0.179059	652.648	-669.695	-0.00108507	6	4	4	4	0.303089	361	14.5634	0	0	35.4111	0.216023	117.678	91.4717	100.341	1	0	0	0	0	0	0	0
12.08.2015 10:35:10.864000	-0.19	-0.192115	-0.179059	627.25	-669.695	-0.00036169	6	4	4	4	0.277411	361	18.0871	0	0	35.3918	0.218019	119.811	93.8831	99.2735	1	0	0	0	0	0	0	0
12.08.2015 10:35:10.964000	-0.19	-0.192115	-0.179059	591.598	-669.695	0.00108507	6	4	4	4	0.287029	361	21.5576	0	0	34.6689	0.216855	120.149	94.3913	98.6224	1	0	0	0	0	0	0	0
12.08.2015 10:35:11.064000	-0.19	-0.192115	-0.179059	550.391	-669.695	-0.00036169	6	4	4	4	0.303448	361	25.1943	30	0	41.9271	0.218909	116.887	87.4705	112.628	1	0.8	0	0	0	0	0	0
12.08.2015 10:35:11.164000	-0.19	-0.192115	-0.179059	512.902	-669.695	0.00108507	6	4	4	4	0.299686	361	29.5452	50	0	35.7509	0.216565	101.72	83.0489	71.4893	1	1	0	0	0	0	0	0
12.08.2015 10:35:11.264000	-0.19	-0.192115	-0.179059	473.5	-669.698	0.00036169	6	4	4	4	0.272447	361	31.418	46.76	0	13.948	0.217325	77.6852	53.3456	93.1915	1	1	0	0	0	0	0	0
12.08.2015 10:35:11.364000	-0.19	-0.192115	-0.179059	427.848	-669.715	0.000542535	6	4	4	4	0.258226	361	32.4899	36.9502	0	9.89119	0.217846	57.7819	33.0952	94.5201	1	1	0	0	0	0	0	0
12.08.2015 10:35:11.464000	-0.19	-0.192115	-0.179059	384.576	-669.727	0.00072338	6	4	4	4	0.268074	361	33.2758	26.9513	0	7.67098	0.217202	50.331	25.6746	94.4044	1	1	0	0	0	0	0	0
12.08.2015 10:35:11.564000	-0.19	-0.192115	-0.179059	350.289	-669.723	0	6	4	4	4	0.297245	361	33.8115	16.9502	0	5.39376	0.217405	46.1926	21.359	95.0831	1	1	0	0	0	0	0	0
12.08.2015 10:35:11.664000	-0.19	-0.192115	-0.179059	318.682	-669.719	0.00072338	6	4	4	4	56.2936	361	34.0861	6.16467	0	3.64277	0.677988	44.074	19.1319	95.4983	1	1	1	0	0	0	0	0
12.08.2015 10:35:11.764000	-0.19	-0.192115	-0.179059	277.859	-669.723	0.000542535	6	4	4	4	88.3075	361	34.2174	5.26385	0	3.23003	6.40706	43.2486	18.5097	94.7204	1	1	1	0	0	0	0	0
12.08.2015 10:35:11.864000	-0.19	-0.192115	-0.179059	250.703	-669.727	0.00072338	6	4	4	4	88.5209	361	34.3328	5.26385	0	1.68639	10.2817	43.6963	18.2319	97.4981	1	1	1	0	0	0	0	0
12.08.2015 10:35:11.964000	-0.19	-0.192115	-0.179059	228.813	-669.73	0.0016276	6	4	4	4	88.5132	361	34.4562	5.26385	0	1.2253	11.3635	43.0585	17.899	96.3305	1	1	1	0	0	0	0	0
12.08.2015 10:35:12.064000	-0.19	-0.192115	-0.179059	212.094	-669.734	0.00072338	6	4	4	4	88.6009	361	34.5741	5.26385	0	1.22974	11.6237	42.7141	17.615	96.0992	1	1	1	0	0	0	0	0
12.08.2015 10:35:12.164000	-0.19	-0.192115	-0.179059	189.477	-669.734	0.000542535	6	4	4	4	88.6618	361	34.691	5.26385	0	1.23122	11.6804	42.8502	17.4778	97.1461	1	1	1	0	0	0	0	0
12.08.2015 10:35:12.264000	-0.19	-0.192115	-0.179059	172.542	-669.734	0.00108507	6	4	4	4	88.6352	361	34.8129	5.26385	0	1.20398	11.7061	42.7908	17.3572	97.3803	1	1	1	0	0	0	0	0
12.08.2015 10:35:12.364000	-0.19	-0.192115	-0.179059	156.953	-669.734	0.00108507	6	4	4	4	88.5986	361	34.9263	5.26385	0	1.18995	11.7119	42.1474	17.2718	95.2438	1	1	1	0	0	0	0	0
12.08.2015 10:35:12.464000	-0.19	-0.192115	-0.179059	141.271	-669.737	0.00108507	6	4	4	4	88.5697	361	35.0481	5.26385	0	1.17812	11.7196	42.3904	17.1849	96.507	1	1	1	0	0	0	0	0
12.08.2015 10:35:12.564000	-0.19	-0.192115	-0.179059	131.863	-669.742	0.00108507	6	4	4	4	88.6171	361	35.163	5.26385	0	1.16763	11.7211	42.2307	17.1299	96.106	1	1	1	0	0	0	0	0
12.08.2015 10:35:12.664000	-0.19	-0.192115	-0.179059	126.76	-669.742	0.00072338	6	4	4	4	88.5624	361	35.2784	5.26385	0	1.16553	11.7274	42.6754	17.1494	97.7339	1	1	1	0	0	0	0	0
12.08.2015 10:35:12.764000	-0.19	-0.192115	-0.179059	124.785	-669.75	0	6	4	4	4	88.5299	361	35.4013	5.26385	0	1.16224	11.7325	42.1381	17.161	95.632	1	1	1	0	0	0	0	0
12.08.2015 10:35:12.864000	-0.19	-0.192115	-0.179059	125.841	-669.763	0.00036169	6	4	4	4	88.3551	361	35.5142	5.26385	0	1.16685	11.7309	41.5911	17.0884	93.8157	1	1	1	0	0	0	0	0
12.08.2015 10:35:12.964000	-0.19	-0.192115	-0.179059	126.52	-669.766	0.00108507	6	4	4	4	88.3604	361	35.6276	5.26385	0	1.1787	11.734	42.4282	17.057	97.141	1	1	1	0	0	0	0	0
12.08.2015 10:35:13.064000	-0.19	-0.192115	-0.179059	126.651	-669.766	0.00072338	6	4	4	4	88.266	361	35.7465	5.26385	0	1.17585	11.7308	42.3311	17.0589	96.7622	1	1	1	0	0	0	0	0
12.08.2015 10:35:13.164000	-0.19	-0.192115	-0.179059	126.727	-669.766	0.00108507	6	4	4	4	88.2991	361	35.8614	5.26385	0	1.15677	11.7349	43.1162	17.0259	99.8944	1	1	1	0	0	0	0	0
12.08.2015 10:35:13.264000	-0.19	-0.192115	-0.179059	126.719	-669.773	0.00072338	6	4	4	4	88.2521	361	35.9743	5.26385	0	1.15677	11.7371	42.0709	17.034	95.8613	1	1	1	0	0	0	0	0
12.08.2015 10:35:13.364000	-0.19	-0.192115	-0.179059	126.719	-669.773	0.000542535	6	4	4	4	88.4095	361	36.0922	5.26385	0	1.14661	11.7328	42.0699	17.0277	95.8814	1	1	1	0	0	0	0	0
12.08.2015 10:35:13.464000	-0.19	-0.192115	-0.179059	126.721	-669.773	0.00036169	6	4	4	4	88.5547	361	36.2101	5.26385	0	1.14618	11.7368	41.6178	17.0478	94.0737	1	1	1	0	0	0	0	0
12.08.2015 10:35:13.564000	-0.19	-0.192115	-0.179059	126.719	-669.773	0	6	4	4	4	88.5717	361	36.321	5.26385	0	1.14617	11.741	42.6853	17.0422	98.1824	1	1	1	0	0	0	0	0
12.08.2015 10:35:13.664000	-0.19	-0.192115	-0.179059	126.724	-669.773	-0.00144676	6	4	4	4	88.5605	361	36.4429	5.26385	0	1.14617	11.7405	42.4808	17.0457	97.3857	1	1	1	0	0	0	0	0
12.08.2015 10:35:13.764000	-0.19	-0.192115	-0.179059	126.719	-669.781	-0.00217014	6	4	4	4	88.6275	361	36.5578	5.26385	0	1.16828	11.7342	42.7622	17.0558	98.4249	1	1	1	0	0	0	0	0
12.08.2015 10:35:13.864000	-0.19	-0.192115	-0.179059	126.724	-669.781	0.00072338	6	4	4	4	88.7822	361	36.6732	5.26385	0	1.17868	11.7412	42.0201	17.0609	95.5635	1	1	1	0	0	0	0	0
12.08.2015 10:35:13.964000	-0.19	-0.192115	-0.179059	126.723	-669.789	-0.00108507	6	4	4	4	88.8412	361	36.7936	5.26385	0	1.17871	11.7423	42.8529	17.0676	98.7267	1	1	1	0	0	0	0	0
12.08.2015 10:35:14.064000	-0.19	-0.192115	-0.179059	126.721	-669.789	-0.00036169	6	4	4	4	88.727	361	36.9075	5.26385	0	1.17874	11.7479	42.0012	17.0779	95.4264	1	1	1	0	0	0	0	0
12.08.2015 10:35:14.164000	-0.19	-0.192115	-0.179059	126.723	-669.789	0.000542535	6	4	4	4	88.798	361	37.0229	5.26385	0	1.17383	11.7396	41.8689	17.0749	94.9312	1	1	1	0	0	0	0	0
12.08.2015 10:35:14.264000	-0.19	-0.192115	-0.179059	126.727	-669.789	0.00108507	6	4	4	4	88.7316	361	37.1418	5.26385	0	1.16758	11.7469	42.0315	17.0812	95.5297	1	1	1	0	0	0	0	0
12.08.2015 10:35:14.364000	-0.19	-0.192115	-0.179059	126.727	-669.789	0	6	4	4	4	88.6388	361	37.2562	5.26385	0	1.16174	11.7428	42.9188	17.0913	98.8884	1	1	1	0	0	0	0	0
12.08.2015 10:35:14.464000	-0.19	-0.192115	-0.179059	126.721	-669.792	0.00036169	6	4	4	4	88.4687	361	37.3701	5.26385	0	1.14595	11.7412	42.5457	17.1137	97.374	1	1	1	0	0	0	0	0
12.08.2015 10:35:14.564000	-0.19	-0.192115	-0.179059	126.727	-669.797	0.000542535	6	4	4	4	88.4539	361	37.491	5.26385	0	1.15006	11.7379	41.6376	17.1212	93.8683	1	1	1	0	0	0	0	0
12.08.2015 10:35:14.664000	-0.19	-0.192115	-0.179059	126.727	-669.797	0.00072338	6	4	4	4	88.4222	361	37.6054	5.26385	0	1.17333	11.7353	42.1174	17.1222	95.7017	1	1	1	0	0	0	0	0
12.08.2015 10:35:14.764000	-0.19	-0.192115	-0.179059	126.727	-669.797	0.00108507	6	4	4	4	88.3765	361	37.7198	5.26385	0	1.17322	11.7384	42.8238	17.1272	98.3871	1	1	1	0	0	0	0	0
12.08.2015 10:35:14.864000	-0.19	-0.192115	-0.179059	126.724	-669.797	0.00072338	6	4	4	4	88.1257	361	37.8401	5.26385	0	1.16763	11.7313	42.6029	17.1503	97.4528	1	1	1	0	0	0	0	0
12.08.2015 10:35:14.964000	-0.19	-0.192115	-0.179059	126.727	-669.797	0	6	4	4	4	88.229	361	37.9536	5.26385	0	1.16763	11.733	42.1762	17.1941	95.6512	1	1	1	0	0	0	0	0
12.08.2015 10:35:15.064000	-0.19	-0.192115	-0.179059	126.727	-669.802	0.00072338	6	4	4	4	88.2859	361	38.0685	5.26385	0	1.16286	11.7359	42.3184	17.2105	96.1331	1	1	1	0	0	0	0	0
12.08.2015 10:35:15.164000	-0.19	-0.192115	-0.179059	126.73	-669.805	0.000542535	6	4	4	4	88.381	361	38.1903	5.26385	0	1.16221	11.7377	42.9951	17.1994	98.7668	1	1	1	0	0	0	0	0
12.08.2015 10:35:15.264000	-0.19	-0.192115	-0.179059	126.724	-669.805	0.00036169	6	4	4	4	88.4384	361	38.3022	5.26385	0	1.1545	11.7313	42.5197	17.1919	96.9751	1	1	1	0	0	0	0	0
12.08.2015 10:35:15.364000	-0.19	-0.192115	-0.179059	126.727	-669.805	0.000542535	6	4	4	4	88.4835	361	38.4171	5.26385	0	1.15151	11.736	42.0244	17.2021	95.0398	1	1	1	0	0	0	0	0
12.08.2015 10:35:15.464000	-0.19	-0.192115	-0.179059	126.729	-669.805	0.00036169	6	4	4	4	88.6004	361	38.539	5.26385	0	1.16102	11.7403	42.6291	17.2107	97.3221	1	1	1	0	0	0	0	0
12.08.2015 10:35:15.564000	-0.19	-0.192115	-0.179059	126.727	-669.805	0.00108507	6	4	4	4	88.6783	361	38.6559	5.26385	0	1.16763	11.7397	43.2251	17.2105	99.6044	1	1	1	0	0	0	0	0
12.08.2015 10:35:15.664000	-0.19	-0.192115	-0.179059	126.729	-669.805	0.00036169	6	4	4	4	88.6209	361	38.7778	5.26385	0	1.18868	11.7378	42.9565	17.2204	98.5385	1	1	1	0	0	0	0	0
12.08.2015 10:35:15.764000	-0.19	-0.192115	-0.179059	126.727	-669.805	0.000542535	6	4	4	4	116.898	361	38.8947	5.26385	0	1.20735	11.7176	41.7167	17.1992	93.8727	1	1	1	0	0	0	0	0
12.08.2015 10:35:15.864000	-0.19	-0.192115	-0.179059	126.727	-669.813	-0.00144676	6	4	4	4	171.218	361	39.0121	5.26385	0	1.19972	11.4066	42.2632	17.1935	95.987	1	1	1	0	0	0	0	0
12.08.2015 10:35:15.964000	-0.19	-0.192115	-0.179059	126.727	-669.809	0	6	4	4	4	169.864	361	39.1354	5.26385	0	1.19	11.1991	42.488	17.1889	96.865	1	1	1	0	0	0	0	0
12.08.2015 10:35:16.064000	-0.19	-0.192115	-0.179059	126.727	-669.807	0.00144676	6	4	4	4	197.127	361	39.2518	5.26385	0	1.18805	11.1455	42.4827	17.1849	96.8606	1	1	1	0	0	0	0	0
12.08.2015 10:35:16.164000	-0.19	-0.192115	-0.179059	126.727	-669.816	0.000542535	6	4	4	4	242.855	361	39.3712	5.26385	0	1.18425	11.1417	42.371	17.1847	96.4336	1	1	1	0	0	0	0	0
12.08.2015 10:35:16.264000	-0.19	-0.192115	-0.179059	126.729	-669.813	0.00253183	6	4	4	4	286.545	361	39.4906	5.26385	0	1.18567	11.1428	41.6678	17.1902	93.7199	1	1	1	0	0	0	0	0
12.08.2015 10:35:16.364000	-0.19	-0.192115	-0.179059	126.727	-669.813	0.00325521	6	4	4	4	446.279	361	39.6055	5.26385	0	1.18993	10.8501	42.3828	17.2135	96.3682	1	1	1	0	0	0	0	0
12.08.2015 10:35:16.464000	-0.19	-0.192115	-0.179059	126.729	-669.813	0.0036169	6	4	4	4	274.178	361	39.7264	5.26385	0	1.18776	10.7688	42.7554	17.2228	97.7591	1	1	1	0	0	0	0	0
12.08.2015 10:35:16.564000	-0.19	-0.192115	-0.179059	126.73	-669.816	0.00217014	6	4	4	4	814.704	361	39.8418	5.26385	0	1.17322	10.7185	42.8686	17.1839	98.3415	1	1	1	0	0	0	0	0
12.08.2015 10:35:16.664000	-0.19	-0.192115	-0.179059	126.727	-669.815	0.0036169	6	4	4	4	239.99	361	39.9567	5.26385	0	1.17322	10.5857	41.6852	17.2573	93.5297	1	1	1	0	0	0	0	0
12.08.2015 10:35:16.764000	-0.19	-0.192115	-0.179059	126.73	-669.82	0.00271267	6	4	4	4	465.835	361	40.078	5.26385	0	1.17317	11.067	42.2548	17.2339	95.8	1	1	1	0	0	0	0	0
12.08.2015 10:35:16.864000	-0.19	-0.192115	-0.179059	126.729	-669.82	0.00144676	6	4	4	4	592.516	361	40.1959	5.26385	0	1.17317	10.9093	42.51	17.2379	96.7619	1	1	1	0	0	0	0	0
12.08.2015 10:35:16.964000	-0.19	-0.192115	-0.179059	126.73	-669.82	0.00108507	6	4	4	4	588.9	361	40.3143	5.26385	0	1.17313	10.7148	42.3224	17.243	96.0239	1	1	1	0	0	0	0	0
12.08.2015 10:35:17.064000	-0.19	-0.192115	-0.179059	126.727	-669.818	0.00036169	6	4	4	4	542.202	361	40.4362	5.26385	0	1.17313	10.6826	42.2206	17.2495	95.6091	1	1	1	0	0	0	0	0
12.08.2015 10:35:17.164000	-0.19	-0.192115	-0.179059	126.73	-669.82	0	6	4	4	4	590.952	361	40.5511	5.26385	0	1.1914	10.7162	41.8851	17.2445	94.3436	1	1	1	0	0	0	0	0
12.08.2015 10:35:17.264000	-0.19	-0.192115	-0.179059	126.727	-669.82	0.00108507	6	4	4	4	616.737	361	40.6734	5.26385	0	1.19568	10.6769	42.3446	17.2417	96.1139	1	1	1	0	0	0	0	0
12.08.2015 10:35:17.364000	-0.19	-0.192115	-0.179059	126.727	-669.82	0.00434028	6	4	4	4	946.253	361	40.7908	5.26385	0	1.1957	10.5857	42.0391	17.2044	95.0873	1	1	1	0	0	0	0	0
12.08.2015 10:35:17.464000	-0.19	-0.192115	-0.179059	126.727	-669.82	0.00108507	6	4	4	4	503.311	361	40.9082	5.26385	0	1.19571	10.5552	42.2734	17.2694	95.7351	1	1	1	0	0	0	0	0
12.08.2015 10:35:17.564000	-0.19	-0.192115	-0.179059	126.727	-669.82	0.000542535	6	4	4	4	464.349	361	41.0296	5.26385	0	1.19209	10.719	42.0683	17.2832	94.897	1	1	1	0	0	0	0	0
12.08.2015 10:35:17.664000	-0.19	-0.192115	-0.179059	126.729	-669.82	0.00108507	6	4	4	4	581.826	361	41.145	5.26385	0	1.19005	10.754	42.6881	17.2728	97.3102	1	1	1	0	0	0	0	0
12.08.2015 10:35:17.764000	-0.19	-0.192115	-0.179059	126.727	-669.82	0.0016276	6	4	4	4	817.2	361	41.2659	5.26385	0	1.18402	10.7017	42.1393	17.2483	95.3027	1	1	1	0	0	0	0	0
12.08.2015 10:35:17.864000	-0.19	-0.192115	-0.179059	126.729	-669.82	0	6	4	4	4	643.723	361	41.3848	5.26385	0	1.17867	10.6626	42.5423	17.2671	96.7736	1	1	1	0	0	0	0	0
12.08.2015 10:35:17.964000	-0.19	-0.192115	-0.179059	126.727	-669.82	0	6	4	4	4	518.617	361	41.4962	5.26385	0	1.17424	10.7309	42.7326	17.274	97.4761	1	1	1	0	0	0	0	0
12.08.2015 10:35:18.064000	-0.19	-0.192115	-0.179059	126.732	-669.82	0.00072338	6	4	4	4	821.8	361	41.6185	5.26385	0	1.1676	10.7034	42.8567	17.2747	97.9484	1	1	1	0	0	0	0	0
12.08.2015 10:35:18.164000	-0.19	-0.192115	-0.179059	126.727	-669.82	0	6	4	4	4	805.954	361	41.7339	5.26385	0	1.17261	10.6029	41.7859	17.2896	93.7914	1	1	1	0	0	0	0	0
12.08.2015 10:35:18.264000	-0.19	-0.192115	-0.179059	126.729	-669.82	-0.00144676	6	4	4	4	871.259	361	41.8518	5.26385	0	1.1843	10.5567	42.0362	17.2938	94.7337	1	1	1	0	0	0	0	0
12.08.2015 10:35:18.364000	-0.19	-0.192115	-0.179059	126.727	-669.82	-0.0016276	6	4	4	4	424.748	361	41.9752	5.26385	0	1.18681	10.6414	42.381	17.3276	95.9244	1	1	1	0	0	0	0	0
12.08.2015 10:35:18.464000	-0.19	-0.192115	-0.179059	126.729	-669.82	-0.00108507	6	4	4	4	631.606	361	42.0901	5.26385	0	1.19571	10.9105	42.9676	17.3174	98.2095	1	1	1	0	0	0	0	0
12.08.2015 10:35:18.564000	-0.19	-0.192115	-0.179059	126.73	-669.82	-0.0016276	6	4	4	4	483.438	361	42.2075	3.34916	0	1.19571	10.8399	41.7186	17.4868	92.7788	1	1	1	0.56	0	0	0	0
12.08.2015 10:35:18.664000	-0.19	-0.192115	-0.179059	126.729	-669.82	-0.00180845	6	4	4	4	74.272	361	42.2562	2.29976	0.455006	1.05394	9.53092	42.9602	17.5366	97.3418	1	1	1	1	0	0	0	0
12.08.2015 10:35:18.764000	-0.19	-0.192115	-0.179059	126.734	-669.82	-0.00108507	6	4	4	4	213.661	361	42.3154	2.97927	1.13452	0.917733	8.41762	42.4893	17.8014	94.5252	1	1	1	1	0	0	0	0
12.08.2015 10:35:18.864000	-0.19	-0.192115	-0.179059	126.729	-669.82	-0.00144676	6	4	4	4	358.907	361	42.398	3.19866	1.3539	0.917733	7.85592	42.8092	17.9943	95.0111	1	1	1	1	0	0	0	0
12.08.2015 10:35:18.964000	-0.19	-0.192115	-0.179059	126.73	-669.82	-0.00108507	6	4	4	4	470.512	361	42.4612	2.9706	1.12585	0.917733	7.43109	42.8273	18.1527	94.474	1	1	1	1	0	0	0	0
12.08.2015 10:35:19.064000	-0.19	-0.192115	-0.179059	126.729	-669.82	-0.00072338	6	4	4	4	544.355	361	42.5323	2.52262	0.677863	0.711277	7.19542	43.4952	18.306	96.4446	1	1	1	1	0	0	0	0
12.08.2015 10:35:19.164000	-0.19	-0.192115	-0.179059	126.734	-669.82	0.000542535	6	4	4	4	486.895	361	42.5875	1.99814	0.153379	0.690858	7.09708	43.4162	18.4746	95.3778	1	1	1	1	0	0	0	0
12.08.2015 10:35:19.264000	-0.19	-0.192115	-0.179059	126.732	-669.82	0.00180845	6	4	4	4	381.386	361	42.6313	1.81345	-0.0313089	0.690858	7.1508	43.7107	18.603	96.1324	1	1	1	1	0	0	0	0
12.08.2015 10:35:19.364000	-0.19	-0.192115	-0.179059	126.727	-669.82	0	6	4	4	4	369.577	361	42.6785	1.82379	-0.0209688	0.690858	7.26323	44.0591	18.7246	97.001	1	1	1	1	0	0	0	0
12.08.2015 10:35:19.464000	-0.19	-0.192115	-0.179059	126.732	-669.82	0.00072338	6	4	4	4	427.309	361	42.7278	1.69294	-0.151813	0.690858	7.28633	43.9144	18.8338	96.0286	1	1	1	1	0	0	0	0
12.08.2015 10:35:19.564000	-0.19	-0.192115	-0.179059	126.727	-669.82	0.00108507	6	4	4	4	357.514	361	42.774	1.58994	-0.25482	0.51379	7.25741	44.0547	18.9503	96.1795	1	1	1	1	0	0	0	0
12.08.2015 10:35:19.664000	-0.19	-0.192115	-0.179059	126.729	-669.82	0.00108507	6	4	4	4	377.557	361	42.8163	1.59175	-0.25305	0.498393	7.31669	44.3822	19.0489	97.0137	1	1	1	1	0	0	0	0
12.08.2015 10:35:19.764000	-0.19	-0.192115	-0.179059	126.73	-669.82	0.000542535	6	4	4	4	369.133	361	42.8571	1.49829	-0.346392	0.498393	7.31593	44.4953	19.1402	97.1058	1	1	1	1	0	0	0	0
12.08.2015 10:35:19.864000	-0.19	-0.192115	-0.179059	126.732	-669.823	0.00036169	6	4	4	4	363.654	361	42.8979	1.53059	-0.314137	0.498393	7.32968	44.2871	19.2138	96.0003	1	1	1	1	0	0	0	0
12.08.2015 10:35:19.964000	-0.19	-0.192115	-0.179059	126.73	-669.82	0.00108507	6	4	4	4	380.229	361	42.9382	1.48308	-0.361681	0.498393	7.32841	44.4021	19.2948	96.0852	1	1	1	1	0	0	0	0
12.08.2015 10:35:20.064000	-0.19	-0.192115	-0.179059	126.729	-669.82	0.00036169	6	4	4	4	330.908	361	42.98	1.45182	-0.392937	0.49391	7.31568	44.7354	19.365	97.1008	1	1	1	1	0	0	0	0
12.08.2015 10:35:20.164000	-0.19	-0.192115	-0.179059	126.727	-669.82	0.00108507	6	4	4	4	348.777	361	43.0267	1.44796	-0.396794	0.42368	7.35966	44.8082	19.4252	97.1866	1	1	1	1	0	0	0	0
12.08.2015 10:35:20.264000	-0.19	-0.192115	-0.179059	126.734	-669.82	0	6	4	4	4	398.599	361	43.0665	1.46407	-0.380687	0.42368	7.37558	44.5814	19.4671	96.1576	1	1	1	1	0	0	0	0
12.08.2015 10:35:20.364000	-0.19	-0.192115	-0.179059	126.734	-669.82	0.00108507	6	4	4	4	366.908	361	43.1098	1.43802	-0.406742	0.42368	7.32986	44.5455	19.5298	95.7799	1	1	1	1	0	0	0	0
12.08.2015 10:35:20.464000	-0.19	-0.192115	-0.179059	126.734	-669.82	0.00036169	6	4	4	4	378.307	361	43.1516	1.4009	-0.443856	0.42368	7.32856	44.937	19.5724	97.116	1	1	1	1	0	0	0	0
12.08.2015 10:35:20.564000	-0.19	-0.192115	-0.179059	126.73	-669.82	0.00108507	6	4	4	4	285.326	361	43.1914	1.38168	-0.46308	0.42368	7.33984	44.956	19.6157	97.023	1	1	1	1	0	0	0	0
12.08.2015 10:35:20.664000	-0.19	-0.192115	-0.179059	126.734	-669.82	0.00144676	6	4	4	4	330.957	361	43.2302	1.42318	-0.421582	0.423042	7.38137	44.8211	19.6599	96.3371	1	1	1	1	0	0	0	0
12.08.2015 10:35:20.764000	-0.19	-0.192115	-0.179059	126.73	-669.82	0.000542535	6	4	4	4	360.77	361	43.2754	1.49284	-0.351915	0.416587	7.39468	44.7653	19.6832	96.0344	1	1	1	1	0	0	0	0
12.08.2015 10:35:20.864000	-0.19	-0.192115	-0.179059	126.734	-669.82	0.00072338	6	4	4	4	353.043	361	43.3227	1.543	-0.301761	0.416587	7.36892	45.0899	19.7186	97.1417	1	1	1	1	0	0	0	0
12.08.2015 10:35:20.964000	-0.19	-0.192115	-0.179059	126.734	-669.824	0	6	4	4	4	354.001	361	43.3685	1.58676	-0.257995	0.416587	7.37268	44.9429	19.7431	96.485	1	1	1	1	0	0	0	0
12.08.2015 10:35:21.064000	-0.19	-0.192115	-0.179059	126.729	-669.82	0.00072338	6	4	4	4	382.176	361	43.4152	1.61205	-0.232706	0.416587	7.35561	44.8411	19.7646	96.0129	1	1	1	1	0	0	0	0
12.08.2015 10:35:21.164000	-0.19	-0.192115	-0.179059	126.734	-669.82	0	6	4	4	4	398.762	361	43.4615	1.59922	-0.245538	0.416587	7.31424	44.9429	19.7945	96.288	1	1	1	1	0	0	0	0
12.08.2015 10:35:21.264000	-0.19	-0.192115	-0.179059	126.732	-669.82	0.00036169	6	4	4	4	355.947	361	43.5057	1.56599	-0.278766	0.441091	7.32031	45.2364	19.8146	97.335	1	1	1	1	0	0	0	0
12.08.2015 10:35:21.364000	-0.19	-0.192115	-0.179059	126.734	-669.824	0.000542535	6	4	4	4	318.94	361	43.5525	1.55609	-0.288667	0.455482	7.37587	45.0078	19.8268	96.413	1	1	1	1	0	0	0	0
12.08.2015 10:35:21.464000	-0.19	-0.192115	-0.179059	126.729	-669.82	0.00072338	6	4	4	4	310.455	361	43.5988	1.58243	-0.262324	0.455482	7.39207	44.9104	19.8503	95.9503	1	1	1	1	0	0	0	0
12.08.2015 10:35:21.564000	-0.19	-0.192115	-0.179059	126.734	-669.82	0.000542535	6	4	4	4	332.482	361	43.6435	1.64111	-0.203644	0.455482	7.40625	44.8758	19.859	95.7844	1	1	1	1	0	0	0	0
12.08.2015 10:35:21.664000	-0.19	-0.192115	-0.179059	126.734	-669.826	0.00072338	6	4	4	4	373.753	361	43.6913	1.71772	-0.127039	0.455482	7.41421	45.1191	19.8738	96.6591	1	1	1	1	0	0	0	0
12.08.2015 10:35:21.764000	-0.19	-0.192115	-0.179059	126.734	-669.824	0.000542535	6	4	4	4	394.828	361	43.743	1.75073	-0.0940251	0.463501	7.36444	45.3783	19.8838	97.6133	1	1	1	1	0	0	0	0
12.08.2015 10:35:21.864000	-0.19	-0.192115	-0.179059	126.729	-669.823	0.00072338	6	4	4	4	379.951	361	43.7923	1.74376	-0.100994	0.475529	7.36979	45.0662	19.8731	96.4593	1	1	1	1	0	0	0	0
12.08.2015 10:35:21.964000	-0.19	-0.192115	-0.179059	126.734	-669.824	0.00217014	6	4	4	4	369.942	361	43.84	1.7249	-0.119858	0.475529	7.3559	44.9201	19.8892	95.8384	1	1	1	1	0	0	0	0
12.08.2015 10:35:22.064000	-0.19	-0.192115	-0.179059	126.734	-669.826	0	6	4	4	4	293.496	361	43.8888	1.716	-0.128755	0.475529	7.33709	44.9905	19.8951	96.0852	1	1	1	1	0	0	0	0
12.08.2015 10:35:22.164000	-0.19	-0.192115	-0.179059	126.73	-669.824	0.000542535	6	4	4	4	377.853	361	43.9415	1.75384	-0.0909147	0.475529	7.37558	45.1701	19.8901	96.7921	1	1	1	1	0	0	0	0
12.08.2015 10:35:22.264000	-0.19	-0.192115	-0.179059	126.734	-669.828	0.00036169	6	4	4	4	318.612	361	43.9937	1.78204	-0.0627206	0.48692	7.35301	45.0643	19.8784	96.4317	1	1	1	1	0	0	0	0
12.08.2015 10:35:22.364000	-0.19	-0.192115	-0.179059	126.73	-669.82	0.000542535	6	4	4	4	357.163	361	44.042	1.8267	-0.0180524	0.501417	7.3669	45.0459	19.8899	96.317	1	1	1	1	0	0	0	0
12.08.2015 10:35:22.464000	-0.19	-0.192115	-0.179059	126.734	-669.823	0.00072338	6	4	4	4	353.005	361	44.0927	1.86723	0.0224697	0.501417	7.37399	44.9736	19.8712	96.1123	1	1	1	1	0	0	0	0
12.08.2015 10:35:22.564000	-0.19	-0.192115	-0.179059	126.73	-669.828	0	6	4	4	4	387.721	361	44.1469	1.8872	0.0424416	0.501417	7.37457	44.9821	19.8679	96.1576	1	1	1	1	0	0	0	0
12.08.2015 10:35:22.664000	-0.19	-0.192115	-0.179059	126.734	-669.826	0.00289352	6	4	4	4	332.055	361	44.1991	1.89492	0.0501658	0.501417	7.34606	45.0416	19.8633	96.4025	1	1	1	1	0	0	0	0
12.08.2015 10:35:22.764000	-0.19	-0.192115	-0.179059	126.73	-669.824	0.00325521	6	4	4	4	375.827	361	44.2499	1.9143	0.069545	0.50812	7.33478	45.0456	19.8491	96.4724	1	1	1	1	0	0	0	0
12.08.2015 10:35:22.864000	-0.19	-0.192115	-0.179059	126.732	-669.823	0.00144676	6	4	4	4	360.272	361	44.3011	1.91101	0.0662485	0.512779	7.3559	44.9652	19.836	96.2149	1	1	1	1	0	0	0	0
12.08.2015 10:35:22.964000	-0.19	-0.192115	-0.179059	126.734	-669.828	0.00108507	6	4	4	4	287.415	361	44.3548	1.9254	0.0806445	0.512779	7.40104	44.9964	19.8458	96.2964	1	1	1	1	0	0	0	0
12.08.2015 10:35:23.064000	-0.19	-0.192115	-0.179059	126.734	-669.823	0.00072338	6	4	4	4	363.926	361	44.4091	1.99994	0.155178	0.512779	7.43562	44.9467	19.83	96.167	1	1	1	1	0	0	0	0
12.08.2015 10:35:23.164000	-0.19	-0.192115	-0.179059	126.734	-669.828	0.00108507	6	4	4	4	369.343	361	44.4618	2.04902	0.204267	0.512779	7.39656	44.9527	19.8254	96.2071	1	1	1	1	0	0	0	0
12.08.2015 10:35:23.264000	-0.19	-0.192115	-0.179059	126.729	-669.823	0.00036169	6	4	4	4	359.202	361	44.515	2.07225	0.227497	0.53098	7.3818	44.997	19.8057	96.4525	1	1	1	1	0	0	0	0
12.08.2015 10:35:23.364000	-0.19	-0.192115	-0.179059	126.734	-669.828	0.0016276	6	4	4	4	378.616	361	44.5737	2.08516	0.2404	0.532563	7.36849	44.9278	19.7985	96.2151	1	1	1	1	0	0	0	0
12.08.2015 10:35:23.464000	-0.19	-0.192115	-0.179059	126.729	-669.823	0.00036169	6	4	4	4	340.202	361	44.6274	2.08572	0.24096	0.532563	7.37775	44.8148	19.7891	95.8185	1	1	1	1	0	0	0	0
12.08.2015 10:35:23.564000	-0.19	-0.192115	-0.179059	126.734	-669.828	0.0016276	6	4	4	4	361.818	361	44.6836	2.09419	0.249429	0.532563	7.39424	44.8744	19.7809	96.0779	1	1	1	1	0	0	0	0
12.08.2015 10:35:23.664000	-0.19	-0.192115	-0.179059	126.732	-669.826	0.00072338	6	4	4	4	330.073	361	44.7393	2.11211	0.267352	0.54175	7.40914	44.9427	19.7687	96.3862	1	1	1	1	0	0	0	0
12.08.2015 10:35:23.764000	-0.19	-0.192115	-0.179059	126.734	-669.828	0.000542535	6	4	4	4	335.714	361	44.7946	2.15302	0.308259	0.553928	7.4265	44.9028	19.7591	96.2702	1	1	1	1	0	0	0	0
12.08.2015 10:35:23.864000	-0.19	-0.192115	-0.179059	126.734	-669.826	0.00180845	6	4	4	4	296.342	361	44.8503	2.20948	0.364725	0.553928	7.4362	44.6646	19.7726	95.3065	1	1	1	1	0	0	0	0
12.08.2015 10:35:23.964000	-0.19	-0.192115	-0.179059	126.734	-669.824	0.00108507	6	4	4	4	384.6	361	44.9075	2.29499	0.450233	0.553928	7.44314	44.6934	19.7531	95.4913	1	1	1	1	0	0	0	0
12.08.2015 10:35:24.064000	-0.19	-0.192115	-0.179059	126.734	-669.826	0.00036169	6	4	4	4	369.212	361	44.9756	2.34093	0.496177	0.559555	7.41319	44.3877	19.7433	94.3586	1	1	1	1	0	0	0	0
12.08.2015 10:35:24.164000	-0.19	-0.192115	-0.179059	126.734	-669.82	0.000542535	6	4	4	4	376.038	361	45.0343	2.36402	0.51926	0.58519	7.39641	44.807	19.7214	96.0475	1	1	1	1	0	0	0	0
12.08.2015 10:35:24.264000	-0.19	-0.192115	-0.179059	126.734	-669.823	0	6	4	4	4	353.367	361	45.0945	2.35977	0.515009	0.58519	7.39685	44.9325	19.7165	96.5469	1	1	1	1	0	0	0	0
12.08.2015 10:35:24.364000	-0.19	-0.192115	-0.179059	126.734	-669.828	0.000542535	6	4	4	4	423.147	361	45.1552	2.34635	0.501597	0.58519	7.38585	45.0711	19.6907	97.1765	1	1	1	1	0	0	0	0
12.08.2015 10:35:24.464000	-0.19	-0.192115	-0.179059	126.734	-669.828	0.00072338	6	4	4	4	356.506	361	45.2228	2.29832	0.453559	0.590538	7.37457	44.8256	19.6925	96.2296	1	1	1	1	0	0	0	0
12.08.2015 10:35:24.564000	-0.19	-0.192115	-0.179059	126.727	-669.82	0.00108507	6	4	4	4	321.003	361	45.2815	2.27426	0.429498	0.618615	7.38585	44.6991	19.6956	95.7334	1	1	1	1	0	0	0	0
12.08.2015 10:35:24.664000	-0.19	-0.192115	-0.179059	126.734	-669.828	0.00108507	6	4	4	4	317.58	361	45.3402	2.29792	0.45316	0.618615	7.43909	44.8492	19.6933	96.317	1	1	1	1	0	0	0	0
12.08.2015 10:35:24.764000	-0.19	-0.192115	-0.179059	126.734	-669.828	0.00108507	6	4	4	4	356.94	361	45.4004	2.34712	0.502366	0.618615	7.43533	44.852	19.6878	96.3488	1	1	1	1	0	0	0	0
12.08.2015 10:35:24.864000	-0.19	-0.192115	-0.179059	126.734	-669.828	0.00036169	6	4	4	4	307.329	361	45.4641	2.40157	0.556816	0.617941	7.40582	44.6735	19.6765	95.7087	1	1	1	1	0	0	0	0
12.08.2015 10:35:24.964000	-0.19	-0.192115	-0.179059	126.734	-669.828	0.00108507	6	4	4	4	335.999	361	45.5312	2.47504	0.630285	0.611126	7.43504	44.8004	19.6632	96.2452	1	1	1	1	0	0	0	0
12.08.2015 10:35:25.064000	-0.19	-0.192115	-0.179059	126.734	-669.823	0.00108507	6	4	4	4	351.106	361	45.5944	2.55687	0.712116	0.611126	7.43822	44.8111	19.6394	96.3773	1	1	1	1	0	0	0	0
12.08.2015 10:35:25.164000	-0.19	-0.192115	-0.179059	126.734	-669.828	0	6	4	4	4	387.939	361	45.6576	2.61205	0.767288	0.611126	7.39569	44.7497	19.6282	96.1849	1	1	1	1	0	0	0	0
12.08.2015 10:35:25.264000	-0.19	-0.192115	-0.179059	126.734	-669.823	0.00072338	6	4	4	4	345.762	361	45.7307	2.63019	0.785437	0.631152	7.40336	44.698	19.5983	96.102	1	1	1	1	0	0	0	0
12.08.2015 10:35:25.364000	-0.19	-0.192115	-0.179059	126.734	-669.828	0	6	4	4	4	345.845	361	45.7934	2.65382	0.809064	0.666753	7.43634	46.4729	19.5777	102.976	1	1	1	1	0	0	0	0
12.08.2015 10:35:25.464000	-0.19	-0.192115	-0.179059	126.734	-669.823	0.00108507	6	4	4	4	356.949	361	45.8605	2.68778	0.843027	0.666753	7.4213	46.0004	19.55	101.273	1	1	1	1	0	0	0	0
12.08.2015 10:35:25.564000	-0.19	-0.192115	-0.179059	126.734	-669.824	0.000542535	6	4	4	4	395.041	361	45.9322	2.69973	0.854973	0.666753	7.40625	44.3844	19.5401	95.124	1	1	1	1	0	0	0	0
12.08.2015 10:35:25.664000	-0.19	-0.192115	-0.179059	126.732	-669.826	0.00072338	6	4	4	4	283.548	361	45.9943	2.6894	0.844647	0.670315	7.44792	45.4366	19.5228	99.2188	1	1	1	1	0	0	0	0
12.08.2015 10:35:25.764000	-0.19	-0.192115	-0.179059	126.734	-669.824	0.000542535	6	4	4	4	325.102	361	46.0635	2.74581	0.901057	0.672149	7.4945	44.1678	19.5046	94.4303	1	1	1	1	0	0	0	0
12.08.2015 10:35:25.864000	-0.19	-0.192115	-0.179059	126.732	-669.826	-0.00144676	6	4	4	4	397.39	361	46.1336	2.81899	0.974238	0.672149	7.44444	43.6882	19.4764	92.7024	1	1	1	1	0	0	0	0
12.08.2015 10:35:25.964000	-0.19	-0.192115	-0.179059	126.734	-669.824	-0.00217014	6	4	4	4	405.005	361	46.1983	2.84091	0.996153	0.67237	7.42043	44.9983	19.4595	97.783	1	1	1	1	0	0	0	0
12.08.2015 10:35:26.064000	-0.19	-0.192115	-0.179059	126.734	-669.826	-0.00108507	6	4	4	4	342.429	361	46.2754	2.81528	0.970523	0.683187	7.42969	44.4689	19.4724	95.7066	1	1	1	1	0	0	0	0
12.08.2015 10:35:26.164000	-0.19	-0.192115	-0.179059	126.734	-669.82	-0.0016276	6	4	4	4	257.866	361	46.3395	2.82346	0.978706	0.683187	7.46441	44.4807	19.4695	95.7629	1	1	1	1	0	0	0	0
12.08.2015 10:35:26.264000	-0.19	-0.192115	-0.179059	126.734	-669.82	-0.00108507	6	4	4	4	363.092	361	46.4151	2.90636	1.0616	0.683187	7.49146	44.7063	19.4519	96.6939	1	1	1	1	0	0	0	0
12.08.2015 10:35:26.364000	-0.19	-0.192115	-0.179059	126.734	-669.82	-0.00325521	6	4	4	4	347.541	361	46.4843	2.97996	1.1352	0.696163	7.49002	44.1078	19.4297	94.4874	1	1	1	1	0	0	0	0
12.08.2015 10:35:26.464000	-0.19	-0.192115	-0.179059	126.734	-669.826	-0.00325521	6	4	4	4	333.407	361	46.5629	3.04048	1.19573	0.708631	7.49349	44.9729	19.4034	97.9005	1	1	1	1	0	0	0	0
12.08.2015 10:35:26.564000	-0.19	-0.192115	-0.179059	126.734	-669.82	-0.00325521	6	4	4	4	376.249	361	46.635	3.10594	1.26118	0.708631	7.49002	43.8593	19.3744	93.7477	1	1	1	1	0	0	0	0
12.08.2015 10:35:26.664000	-0.19	-0.192115	-0.179059	126.734	-669.826	-0.00144676	6	4	4	4	403.319	361	46.7141	3.13282	1.28807	0.724543	7.43186	44.497	19.3701	96.2057	1	1	1	1	0	0	0	0
12.08.2015 10:35:26.764000	-0.19	-0.192115	-0.179059	126.734	-669.82	-0.0016276	6	4	4	4	423.875	361	46.7877	3.09706	1.25231	0.767565	7.39453	44.5186	19.3249	96.4616	1	1	1	1	0	0	0	0
12.08.2015 10:35:26.864000	-0.19	-0.192115	-0.179059	126.734	-669.82	0	6	4	4	4	337.102	361	46.8693	3.02767	1.18292	0.767565	7.42433	44.4486	19.3103	96.2494	1	1	1	1	0	0	0	0
12.08.2015 10:35:26.964000	-0.19	-0.192115	-0.179059	126.734	-669.828	0.000542535	6	4	4	4	340.695	361	46.9384	2.99592	1.15116	0.767565	7.45269	44.2501	19.2937	95.5528	1	1	1	1	0	0	0	0
12.08.2015 10:35:27.064000	-0.19	-0.192115	-0.179059	126.734	-669.82	0.00036169	6	4	4	4	306.347	361	47.0185	3.00663	1.16187	0.756172	7.4838	44.8137	19.2818	97.7566	1	1	1	1	0	0	0	0
12.08.2015 10:35:27.164000	-0.19	-0.192115	-0.179059	126.734	-669.82	0.00108507	6	4	4	4	342.014	361	47.0867	3.05927	1.21451	0.755939	7.51302	43.4089	19.2831	92.3729	1	1	1	1	0	0	0	0
12.08.2015 10:35:27.264000	-0.19	-0.192115	-0.179059	126.734	-669.823	-0.00036169	6	4	4	4	328.082	361	47.1707	3.12204	1.27729	0.755939	7.50347	44.7135	19.2521	97.4869	1	1	1	1	0	0	0	0
12.08.2015 10:35:27.364000	-0.19	-0.192115	-0.179059	126.734	-669.824	0.00108507	6	4	4	4	376.264	361	47.2389	3.18733	1.34258	0.754328	7.48987	43.2954	19.2374	92.1132	1	1	1	1	0	0	0	0
12.08.2015 10:35:27.464000	-0.19	-0.192115	-0.179059	126.734	-669.823	0.00036169	6	4	4	4	363.169	361	47.3239	3.21757	1.37282	0.753569	7.44878	44.9162	19.2018	98.4551	1	1	1	1	0	0	0	0
12.08.2015 10:35:27.564000	-0.19	-0.192115	-0.179059	126.734	-669.828	0.000542535	6	4	4	4	415.052	361	47.3946	3.22089	1.37614	0.753569	7.43432	43.5055	19.1838	93.123	1	1	1	1	0	0	0	0
12.08.2015 10:35:27.664000	-0.19	-0.192115	-0.179059	126.734	-669.82	0.00036169	6	4	4	4	323.911	361	47.4756	3.19829	1.35354	0.759792	7.46369	43.874	19.1609	94.6213	1	1	1	1	0	0	0	0
12.08.2015 10:35:27.764000	-0.19	-0.192115	-0.179059	126.734	-669.82	0	6	4	4	4	326.203	361	47.5537	3.21847	1.37372	0.767712	7.50391	44.1756	19.1449	95.8374	1	1	1	1	0	0	0	0
12.08.2015 10:35:27.864000	-0.19	-0.192115	-0.179059	126.732	-669.82	0.00108507	6	4	4	4	353.67	361	47.6288	3.25219	1.40744	0.767712	7.49045	44.4825	19.1179	97.116	1	1	1	1	0	0	0	0
12.08.2015 10:35:27.964000	-0.19	-0.192115	-0.179059	126.734	-669.824	0.000542535	6	4	4	4	356.462	361	47.7094	3.28827	1.44351	0.770695	7.50781	43.5335	19.0992	93.5542	1	1	1	1	0	0	0	0
12.08.2015 10:35:28.064000	-0.19	-0.192115	-0.179059	126.734	-669.82	-0.00108507	6	4	4	4	313.46	361	47.785	3.31671	1.47195	0.779643	7.49407	44.7486	19.0763	98.2941	1	1	1	1	0	0	0	0
12.08.2015 10:35:28.164000	-0.19	-0.192115	-0.179059	126.734	-669.824	0.000542535	6	4	4	4	383.813	361	47.8711	3.36745	1.52269	0.779643	7.50391	43.4659	19.0522	93.4752	1	1	1	1	0	0	0	0
12.08.2015 10:35:28.264000	-0.19	-0.192115	-0.179059	126.734	-669.823	0.00036169	6	4	4	4	407.614	361	47.9512	3.37945	1.53469	0.785935	7.46918	44.3708	19.0305	97.023	1	1	1	1	0	0	0	0
12.08.2015 10:35:28.364000	-0.19	-0.192115	-0.179059	126.734	-669.82	0.00108507	6	4	4	4	315.016	361	48.0298	3.36328	1.51853	0.81276	7.49089	43.253	19.0199	92.7835	1	1	1	1	0	0	0	0
12.08.2015 10:35:28.464000	-0.19	-0.192115	-0.179059	126.734	-669.826	-0.00144676	6	4	4	4	342.138	361	48.1148	3.3865	1.54174	0.81276	7.50868	45.1626	19.0041	100.155	1	1	1	1	0	0	0	0
12.08.2015 10:35:28.564000	-0.19	-0.192115	-0.179059	126.734	-669.824	-0.00108507	6	4	4	4	343.839	361	48.1939	3.4212	1.57644	0.812445	7.48177	43.4037	18.9919	93.468	1	1	1	1	0	0	0	0
12.08.2015 10:35:28.664000	-0.19	-0.192115	-0.179059	126.734	-669.823	-0.00108507	6	4	4	4	349.852	361	48.2755	3.46272	1.61796	0.810139	7.48423	44.2896	18.9748	96.9253	1	1	1	1	0	0	0	0
12.08.2015 10:35:28.764000	-0.19	-0.192115	-0.179059	126.734	-669.82	-0.000542535	6	4	4	4	352.256	361	48.364	3.50643	1.66167	0.810139	7.47352	44.3006	18.9448	97.0824	1	1	1	1	0	0	0	0
12.08.2015 10:35:28.864000	-0.19	-0.192115	-0.179059	126.734	-669.826	-0.00144676	6	4	4	4	368.907	361	48.4436	3.53105	1.6863	0.814231	7.43099	43.3234	18.9272	93.4081	1	1	1	1	0	0	0	0
12.08.2015 10:35:28.964000	-0.19	-0.192115	-0.179059	126.734	-669.828	-0.00108507	6	4	4	4	398.645	361	48.5267	3.53707	1.69231	0.837417	7.44459	44.7171	18.9005	98.8465	1	1	1	1	0	0	0	0
12.08.2015 10:35:29.064000	-0.19	-0.192115	-0.179059	126.734	-669.82	-0.00108507	6	4	4	4	364.54	361	48.6182	3.50671	1.66195	0.837417	7.4281	43.6301	18.8942	94.7087	1	1	1	1	0	0	0	0
12.08.2015 10:35:29.164000	-0.19	-0.192115	-0.179059	126.734	-669.82	0	6	4	4	4	339.742	361	48.6993	3.4944	1.64964	0.841546	7.51085	44.0281	18.878	96.2948	1	1	1	1	0	0	0	0
12.08.2015 10:35:29.264000	-0.19	-0.192115	-0.179059	126.734	-669.823	-0.00072338	6	4	4	4	296.338	361	48.7779	3.50992	1.66516	0.854622	7.5272	44.4582	18.8731	97.9604	1	1	1	1	0	0	0	0
12.08.2015 10:35:29.364000	-0.19	-0.192115	-0.179059	126.73	-669.824	-0.00108507	6	4	4	4	407.384	361	48.8659	3.56135	1.71659	0.854622	7.52922	43.8565	18.8614	95.7014	1	1	1	1	0	0	0	0
12.08.2015 10:35:29.464000	-0.19	-0.192115	-0.179059	126.734	-669.82	-0.00108507	6	4	4	4	326.824	361	48.951	3.57234	1.72758	0.849421	7.48929	44.0547	18.867	96.4387	1	1	1	1	0	0	0	0
12.08.2015 10:35:29.564000	-0.19	-0.192115	-0.179059	126.734	-669.824	-0.00108507	6	4	4	4	353.595	361	49.0346	3.60604	1.76129	0.83462	7.51273	43.7214	18.8598	95.1901	1	1	1	1	0	0	0	0
12.08.2015 10:35:29.664000	-0.19	-0.192115	-0.179059	126.732	-669.823	-0.00036169	6	4	4	4	307.516	361	49.1226	3.6539	1.80914	0.83462	7.51331	44.3316	18.8368	97.6145	1	1	1	1	0	0	0	0
12.08.2015 10:35:29.764000	-0.19	-0.192115	-0.179059	126.734	-669.828	0.000542535	6	4	4	4	329.08	361	49.2151	3.72925	1.88449	0.850199	7.50694	44.4025	18.8176	98.1384	1	1	1	1	0	0	0	0
12.08.2015 10:35:29.864000	-0.19	-0.192115	-0.179059	126.734	-669.823	0.00036169	6	4	4	4	352.378	361	49.3022	3.80095	1.95619	0.872616	7.51418	43.7418	18.7834	95.5605	1	1	1	1	0	0	0	0
12.08.2015 10:35:29.964000	-0.19	-0.192115	-0.179059	126.734	-669.828	0.0016276	6	4	4	4	436.48	361	49.3917	3.84173	1.99697	0.872616	7.49479	44.1102	18.7472	97.1099	1	1	1	1	0	0	0	0
12.08.2015 10:35:30.064000	-0.19	-0.192115	-0.179059	126.734	-669.82	0.00072338	6	4	4	4	355.543	361	49.4802	3.81828	1.97353	0.886504	7.47107	43.2586	18.7271	93.926	1	1	1	1	0	0	0	0
12.08.2015 10:35:30.164000	-0.19	-0.192115	-0.179059	126.734	-669.828	0	6	4	4	4	399.228	361	49.5698	3.79318	1.94843	0.894661	7.50579	43.8432	18.7255	96.1707	1	1	1	1	0	0	0	0
12.08.2015 10:35:30.264000	-0.19	-0.192115	-0.179059	126.734	-669.826	0.00108507	6	4	4	4	397.347	361	49.6618	3.7425	1.89774	0.894661	7.47049	43.4669	18.7242	94.7943	1	1	1	1	0	0	0	0
12.08.2015 10:35:30.364000	-0.19	-0.192115	-0.179059	126.734	-669.828	0.000542535	6	4	4	4	406.751	361	49.7503	3.66251	1.81768	0.900258	7.47367	42.8569	18.7292	92.9816	1	1	1	1	0	0	0	0
12.08.2015 10:35:30.464000	-0.19	-0.192115	-0.179059	126.734	-669.82	0.00072338	6	4	4	4	282.8	361	49.8319	3.59262	1.74786	0.901095	7.54659	43.4317	18.7467	94.5159	1	1	1	1	0	0	0	0
12.08.2015 10:35:30.564000	-0.19	-0.192115	-0.179059	126.734	-669.82	0	6	4	4	4	362.076	361	49.918	3.59962	1.75487	0.901095	7.55275	44.5938	18.7428	98.9786	1	1	1	1	0	0	0	0
12.08.2015 10:35:30.664000	-0.19	-0.192115	-0.179059	126.734	-669.82	0.00144676	6	4	4	4	335.153	361	50.0055	3.61538	1.77062	0.851428	7.52656	43.478	18.756	94.6556	1	1	1	1	0	0	0	0
12.08.2015 10:35:30.764000	-0.19	-0.192115	-0.179059	126.734	-669.824	0.00108507	6	4	4	4	348.108	361	50.0881	3.64703	1.80227	0.848814	7.53361	43.5844	18.762	95.0401	1	1	1	1	0	0	0	0
12.08.2015 10:35:30.864000	-0.19	-0.192115	-0.179059	126.734	-669.823	0.00036169	6	4	4	4	366.482	361	50.1731	3.67944	1.83468	0.849255	7.55456	44.6104	18.7635	98.9629	1	1	1	1	0	0	0	0
12.08.2015 10:35:30.964000	-0.19	-0.192115	-0.179059	126.734	-669.82	0.00108507	6	4	4	4	369.541	361	50.2627	3.69824	1.85348	0.857633	7.55974	43.5866	18.7631	95.044	1	1	1	1	0	0	0	0
12.08.2015 10:35:31.064000	-0.19	-0.192115	-0.179059	126.734	-669.823	0.00072338	6	4	4	4	306.08	361	50.3502	3.71574	1.87098	0.857633	7.52845	43.484	18.7647	94.6451	1	1	1	1	0	0	0	0
12.08.2015 10:35:31.164000	-0.19	-0.192115	-0.179059	126.734	-669.82	0.00108507	6	4	4	4	306.831	361	50.4353	3.7752	1.93044	0.859251	7.51872	43.9847	18.7628	96.5694	1	1	1	1	0	0	0	0
12.08.2015 10:35:31.264000	-0.19	-0.192115	-0.179059	126.734	-669.82	0.00108507	6	4	4	4	364.487	361	50.5243	3.86141	2.01665	0.86662	7.56268	43.0735	18.7429	93.1569	1	1	1	1	0	0	0	0
12.08.2015 10:35:31.364000	-0.19	-0.192115	-0.179059	126.734	-669.82	0.00108507	6	4	4	4	397.353	361	50.6139	3.9122	2.06745	0.86662	7.55472	44.3078	18.7471	97.8669	1	1	1	1	0	0	0	0
12.08.2015 10:35:31.464000	-0.19	-0.192115	-0.179059	126.734	-669.823	0.00036169	6	4	4	4	427.733	361	50.7094	3.90102	2.05626	0.888586	7.50324	43.6235	18.7386	95.2791	1	1	1	1	0	0	0	0
12.08.2015 10:35:31.564000	-0.19	-0.192115	-0.179059	126.734	-669.82	0.000542535	6	4	4	4	352.208	361	50.8014	3.84165	1.99689	0.914373	7.47795	43.4251	18.7485	94.4818	1	1	1	1	0	0	0	0
12.08.2015 10:35:31.664000	-0.19	-0.192115	-0.179059	126.734	-669.82	0.00072338	6	4	4	4	310.808	361	50.8894	3.80985	1.96509	0.914373	7.4462	43.7893	18.7555	95.8496	1	1	1	1	0	0	0	0
12.08.2015 10:35:31.764000	-0.19	-0.192115	-0.179059	126.734	-669.824	0.000542535	6	4	4	4	316.928	361	50.978	3.84951	2.00476	0.907298	7.44017	43.7646	18.7448	95.7958	1	1	1	1	0	0	0	0
12.08.2015 10:35:31.864000	-0.19	-0.192115	-0.179059	126.734	-669.82	0.00072338	6	4	4	4	408.396	361	51.069	3.89816	2.0534	0.904408	7.47228	42.971	18.7305	92.8122	1	1	1	1	0	0	0	0
12.08.2015 10:35:31.964000	-0.19	-0.192115	-0.179059	126.734	-669.82	0.000542535	6	4	4	4	378.999	361	51.162	3.8943	2.04954	0.904408	7.464	43.4885	18.7119	94.8648	1	1	1	1	0	0	0	0
12.08.2015 10:35:32.064000	-0.19	-0.192115	-0.179059	126.734	-669.823	0.00108507	6	4	4	4	327.699	361.151	51.255	3.87489	2.03013	0.910911	7.45303	43.3195	18.7061	94.2396	1	1	1	1	0.98	0	0	0
12.08.2015 10:35:32.164000	-0.19	-0.192115	-0.179059	126.734	-669.82	0.000542535	6	4	4	4	336.847	362.083	51.348	3.9507	2.10594	0.911044	7.49793	44.7757	18.69	99.8769	1	1	1	1	1	0	0	0
12.08.2015 10:35:32.264000	-0.19	-0.192115	-0.179059	126.734	-669.823	-0.00036169	6	4	4	4	371.727	363.962	51.4401	4.07	2.22525	0.91614	7.49846	43.8639	18.6615	96.4953	1	1	1	1	1	0	0	0
12.08.2015 10:35:32.364000	-0.19	-0.192115	-0.179059	126.734	-669.82	0.00108507	6	4	4	4	341.292	366.787	51.5366	4.15949	2.31474	0.92803	7.48168	43.1443	18.6378	93.8304	1	1	1	1	1	0	0	0
12.08.2015 10:35:32.464000	-0.19	-0.192115	-0.179059	126.734	-669.82	-0.00036169	6	4	4	4	362.438	370.559	51.6326	4.32018	2.47543	0.92803	7.49526	43.4449	18.5816	95.1969	1	1	1	1	1	0	0	0
12.08.2015 10:35:32.564000	-0.19	-0.192115	-0.179059	126.734	-669.824	0	6	4	4	4	400.627	375.276	51.7365	4.47206	2.62731	0.973975	7.49363	43.801	18.5147	96.8159	1	1	1	1	1	0	0	0
12.08.2015 10:35:32.664000	-0.19	-0.192115	-0.179059	126.734	-669.826	0.00036169	6	4	4	4	384.837	380.941	51.84	4.55733	2.71257	0.986934	7.50061	42.9543	18.4422	93.8519	1	1	1	1	1	0	0	0
12.08.2015 10:35:32.764000	-0.19	-0.192115	-0.179059	126.734	-669.82	0.00108507	6	4	4	4	378.907	387.552	51.9474	4.63492	2.79016	1.02036	7.48435	43.1176	18.4099	94.6007	1	1	1	1	1	0	0	0
12.08.2015 10:35:32.864000	-0.19	-0.192115	-0.179059	126.734	-669.826	0	6	4	4	4	378.51	395.109	52.0569	4.7843	2.93955	1.06291	7.48135	43.2823	18.3319	95.5304	1	1	1	1	1	0	0	0
12.08.2015 10:35:32.964000	-0.19	-0.192115	-0.179059	126.734	-669.824	0.00108507	6	4	4	4	421.845	403.612	52.1703	4.97885	3.13409	1.07099	7.48155	43.1976	18.2435	95.5441	1	1	1	1	1	0	0	0
12.08.2015 10:35:33.064000	-0.19	-0.192115	-0.179059	126.734	-669.82	0.00072338	6	4	4	4	393.223	413.061	52.2842	5.15191	3.30715	1.10547	7.4656	42.8279	18.1417	94.5187	1	1	1	1	1	0	0	0
12.08.2015 10:35:33.164000	-0.19	-0.192115	-0.179059	126.734	-669.82	0.00108507	6	4	4	4	477.081	423.458	52.4071	5.36718	3.52242	1.11541	7.45446	42.3261	18.0212	93.0583	1	1	1	1	1	0	0	0
12.08.2015 10:35:33.264000	-0.19	-0.192115	-0.179059	126.734	-669.823	0.00072338	6	4	4	4	436.036	434.8	52.5324	5.48348	3.63872	1.19579	7.43443	43.2355	17.9213	96.9232	1	1	1	1	1	0	0	0
12.08.2015 10:35:33.364000	-0.19	-0.192115	-0.179059	126.734	-669.824	0.00108507	6	4	4	4	395.154	447.088	52.6612	5.63789	3.79314	1.21472	7.49103	42.5794	17.8255	94.7778	1	1	1	1	1	0	0	0
12.08.2015 10:35:33.464000	-0.19	-0.192115	-0.179059	126.734	-669.82	0.00036169	6	4	4	4	414.62	460.324	52.7921	6.02417	4.17941	1.29543	7.47773	42.4306	17.6832	94.7531	1	1	1	1	1	0	0	0
12.08.2015 10:35:33.564000	-0.19	-0.192115	-0.179059	126.734	-669.824	0.00108507	6	4	4	4	488.237	474.506	52.9378	6.51179	4.66704	1.3415	7.4194	41.36	17.4852	91.4119	1	1	1	1	1	0	0	0
12.08.2015 10:35:33.664000	-0.19	-0.192115	-0.179059	126.734	-669.826	0.00072338	6	4	4	4	532.838	489.634	53.0915	6.87337	5.02861	1.40513	7.39253	41.6026	17.2375	93.2894	1	1	1	1	1	0	0	0
12.08.2015 10:35:33.764000	-0.19	-0.192115	-0.179059	126.734	-669.824	0.000542535	6	4	4	4	401.354	505.71	53.2507	7.19776	5.35301	1.52759	7.48691	41.6946	16.9922	94.5808	1	1	1	1	1	0	0	0
12.08.2015 10:35:33.864000	-0.19	-0.192115	-0.179059	126.734	-669.823	0.00108507	6	4	4	4	479.299	522.731	53.4223	7.83159	5.98684	1.6026	7.49059	41.3579	16.721	94.3298	1	1	1	1	1	0	0	0
12.08.2015 10:35:33.964000	-0.19	-0.192115	-0.179059	126.734	-669.824	0.0016276	6	4	4	4	539.51	540.698	53.6073	8.53298	6.68822	1.70304	7.48788	40.9395	16.405	93.9379	1	1	1	1	1	0	0	0
12.08.2015 10:35:34.064000	-0.19	-0.192115	-0.179059	126.734	-669.823	0.00289352	6	4	4	4	581.618	559.612	53.8083	9.15265	7.3079	1.91341	7.43712	40.7047	16.0571	94.371	1	1	1	1	1	0	0	0
12.08.2015 10:35:34.164000	-0.19	-0.192115	-0.179059	126.734	-669.82	0.000542535	6	4	4	4	543.066	579.473	54.0177	9.676	7.83124	2.03268	7.42935	40.2376	15.7429	93.7853	1	1	1	1	1	0	0	0
12.08.2015 10:35:34.264000	-0.19	-0.192115	-0.179059	126.734	-669.82	-0.00144676	6	4	4	4	529.713	600.281	54.2405	10.3251	8.48033	2.1438	7.48499	39.924	15.4326	93.7727	1	1	1	1	1	0	0	0
12.08.2015 10:35:34.364000	-0.19	-0.192115	-0.179059	126.738	-669.824	0.00108507	6	4	4	4	567.267	622.034	54.4763	11.1687	9.32397	2.27165	7.48091	39.6924	15.122	94.0749	1	1	1	1	1	0	0	0
12.08.2015 10:35:34.464000	-0.19	-0.192115	-0.179059	126.734	-669.823	0.00036169	6	4	4	4	656.031	644.733	54.7315	12.0123	10.1676	2.46314	7.41199	39.3218	14.8053	93.869	1	1	1	1	1	0	0	0
12.08.2015 10:35:34.564000	-0.19	-0.192115	-0.179059	126.734	-669.824	0.00108507	6	4	4	4	584.597	668.378	54.9991	12.7978	10.953	2.63641	7.49073	38.9624	14.5232	93.5729	1	1	1	1	1	0	0	0
12.08.2015 10:35:34.664000	-0.19	-0.192115	-0.179059	126.734	-669.823	-0.00036169	6	4	4	4	673.996	692.971	55.2856	13.7684	11.9236	2.77408	7.46892	38.7401	14.2822	93.6444	1	1	1	1	1	0	0	0
12.08.2015 10:35:34.764000	-0.19	-0.192115	-0.179059	126.734	-669.82	-0.0016276	6	4	4	4	709.145	718.51	55.5945	14.6958	12.851	3.01897	7.41973	38.4894	14.0941	93.4049	1	1	1	1	1	0	0	0
12.08.2015 10:35:34.864000	-0.19	-0.192115	-0.179059	126.734	-669.82	0.00108507	6	4	4	4	681.787	744.994	55.9203	15.5773	13.7326	3.22509	7.44482	38.2426	13.8894	93.2434	1	1	1	1	1	0	0	0
12.08.2015 10:35:34.964000	-0.19	-0.192115	-0.179059	126.734	-669.82	-0.00108507	6	4	4	4	666.661	772.423	56.2625	16.5948	14.75	3.36531	7.46084	38.0382	13.6979	93.1943	1	1	1	1	1	0	0	0
12.08.2015 10:35:35.064000	-0.19	-0.192115	-0.179059	126.734	-669.82	-0.00144676	6	4	4	4	814.24	800.802	56.6267	17.737	15.8923	3.63045	7.36998	37.8899	13.5469	93.2044	1	1	1	1	1	0	0	0
12.08.2015 10:35:35.164000	-0.19	-0.192115	-0.179059	126.734	-669.82	-0.0016276	6	4	4	4	789.82	830.127	57.0131	18.8014	16.9566	3.82627	7.32899	37.7622	13.4723	93.0013	1	1	1	1	1	0	0	0
12.08.2015 10:35:35.264000	-0.19	-0.192115	-0.179059	126.737	-669.82	-0.00180845	6	4	4	4	799.057	860.398	57.4185	19.8712	18.0264	4.04311	7.21204	37.7073	13.4407	92.912	1	1	1	1	1	0	0	0
12.08.2015 10:35:35.364000	-0.19	-0.192115	-0.179059	126.738	-669.82	-0.00108507	6	4	4	4	839.241	891.616	57.8369	21.0159	19.1712	4.15683	7.26636	37.7359	13.4847	92.8529	1	1	1	1	1	0	0	0
12.08.2015 10:35:35.464000	-0.19	-0.192115	-0.179059	126.742	-669.82	-0.00144676	6	4	4	4	866.952	454.377	58.2806	22.0186	3.38044	4.3499	7.24802	39.3063	13.4347	99.0573	1	1	1	1	1	0.83	0	0.83
12.08.2015 10:35:35.564000	-0.19	-0.192115	-0.179059	126.742	-669.824	-0.000542535	6	4	4	4	2443.77	361	61.4476	22.0777	0	53.0492	6.93009	106.12	13.7375	353.714	1	1	1	1	1	1	0.6	1
12.08.2015 10:35:35.664000	-0.19	-0.192115	-0.179059	126.742	-669.813	-0.00144676	6	4	4	4	87.8647	361	62.1853	22.0777	0	31.0809	4.88338	110.994	0.69924	422.296	1	1	1	1	1	1	1	1
12.08.2015 10:35:35.764000	-0.19	-0.192115	-0.179059	126.699	-669.852	-0.000542535	6	4	4	4	6.52403	361	62.1774	16.7791	0	31.0809	3.27617	124.779	0.705344	475.055	1	1	1	1	1	1	1	0.76
12.08.2015 10:35:35.864000	-0.19	-0.192115	-0.179059	126.677	-669.872	0.00036169	6	4	4	4	1.57352	361	62.1774	0	0	31.0809	2.21013	130.699	0.600787	498.121	1	1	1	1	1	1	1	0
12.08.2015 10:35:35.964000	-0.19	-0.192115	-0.179059	126.641	-669.859	0.00108507	6	4	4	4	0.904697	361	62.1788	0	0	31.0809	1.5213	130.781	0.603473	498.425	1	1	1	1	1	1	1	0
12.08.2015 10:35:36.064000	-0.19	-0.192115	-0.179059	126.656	-669.862	-0.00108507	6	4	4	4	0.856481	361	62.2271	0	0	31.0809	1.19701	130.825	0.590167	498.644	1	1	1	1	1	1	1	0
12.08.2015 10:35:36.164000	-0.19	-0.192115	-0.179059	126.652	-669.859	-0.000542535	6	4	4	4	0.847637	361	62.2271	0	0	31.0809	0.99375	130.687	0.578509	498.158	1	1	1	1	1	1	1	0
12.08.2015 10:35:36.264000	-0.19	-0.192115	-0.179059	126.622	-669.867	-0.00253183	6	4	4	4	0.386473	361	62.2271	0	0	31.0809	0.811408	130.621	0.588763	497.869	1	1	1	1	1	1	1	0
12.08.2015 10:35:36.364000	-0.19	-0.192115	-0.179059	126.586	-669.879	-0.0016276	6	4	4	4	0.248962	361	62.2271	0	0	31.0809	0.699248	130.557	0.588458	497.624	1	1	1	1	1	1	1	0
12.08.2015 10:35:36.464000	-0.19	-0.192115	-0.179059	126.529	-669.891	0.00072338	6	4	4	4	0.263442	361	62.2271	0	0	31.0809	0.621723	130.506	0.597674	497.395	1	1	1	1	1	1	1	0
12.08.2015 10:35:36.564000	-0.19	-0.192115	-0.179059	126.523	-669.895	0.00108507	6	4	4	4	0.263537	361	62.2271	0	0	15.2043	0.563267	130.443	0.591449	497.176	1	1	1	1	1	1	1	0
12.08.2015 10:35:36.664000	-0.19	-0.192115	-0.179059	126.523	-669.888	0.00036169	6	4	4	4	0.251412	361	62.2271	0	0	-0.0496971	0.495349	130.396	0.590899	496.997	1	1	1	1	1	1	1	0
12.08.2015 10:35:36.764000	-0.19	-0.192115	-0.179059	126.523	-669.895	0.0016276	6	4	4	4	0.23995	361	62.2271	0	0	-0.0496971	0.459368	130.351	0.593585	496.815	1	1	1	1	1	1	1	0
12.08.2015 10:35:36.864000	-0.19	-0.192115	-0.179059	126.523	-669.896	0.00072338	6	4	4	4	0.233572	361	62.2271	0	0	-0.0496971	0.4273	130.304	0.593829	496.634	1	1	1	1	1	1	1	0
12.08.2015 10:35:36.964000	-0.19	-0.192115	-0.179059	126.523	-669.895	0.000542535	6	4	4	4	0.229706	361	62.2271	0	0	-0.0496971	0.401678	130.264	0.580645	496.531	1	1	1	1	1	1	1	0
12.08.2015 10:35:37.064000	-0.19	-0.192115	-0.179059	126.523	-669.893	0.00072338	6	4	4	4	0.228423	361	62.2271	0	0	-0.0496971	0.370508	130.223	0.576495	496.389	1	1	1	1	1	1	1	0
12.08.2015 10:35:37.164000	-0.19	-0.192115	-0.179059	126.527	-669.891	0.000542535	6	4	4	4	0.239997	361	62.2271	0	0	-0.0496971	0.352221	130.179	0.575762	496.226	1	1	1	1	1	1	1	0
12.08.2015 10:35:37.264000	-0.19	-0.192115	-0.179059	126.526	-669.893	0.00072338	6	4	4	4	0.232909	361	62.2271	0	0	-0.0496971	0.336408	130.143	0.575152	496.088	1	1	1	1	1	1	1	0
12.08.2015 10:35:37.364000	-0.19	-0.192115	-0.179059	126.523	-669.891	0.0016276	6	4	4	4	0.238887	361	62.2271	0	0	-0.0496971	0.320399	130.103	0.572466	495.945	1	1	1	1	1	1	1	0
12.08.2015 10:35:37.464000	-0.19	-0.192115	-0.179059	126.523	-669.893	0.00108507	6	4	4	4	0.236329	361	62.2271	0	0	-0.0496971	0.305302	130.066	0.57625	495.79	1	1	1	1	1	1	1	0
12.08.2015 10:35:37.564000	-0.19	-0.192115	-0.179059	126.523	-669.891	0.00108507	6	4	4	4	0.257105	361	62.2271	0	0	-0.0248486	0.294018	130.029	0.583697	495.622	1	1	1	1	1	1	1	0
12.08.2015 10:35:37.664000	-0.19	-0.192115	-0.179059	126.523	-669.891	0.00072338	6	4	4	4	0.267534	361	62.2271	0	0	0	0.284635	129.995	0.582476	495.493	1	1	1	1	1	1	1	0
12.08.2015 10:35:37.764000	-0.19	-0.192115	-0.179059	126.523	-669.891	0.00108507	6	4	4	4	0.256743	361	62.2271	0	0	0	0.274212	129.957	0.592547	495.31	1	1	1	1	1	1	1	0
12.08.2015 10:35:37.864000	-0.19	-0.192115	-0.179059	126.523	-669.891	0.00072338	6	4	4	4	0.253298	361	62.2271	0	0	0	0.267296	129.921	0.599994	495.146	1	1	1	1	1	1	1	0
12.08.2015 10:35:37.964000	-0.19	-0.192115	-0.179059	126.523	-669.891	0.00108507	6	4	4	4	0.25167	361	62.2271	0	0	0	0.262117	129.893	0.598407	495.043	1	1	1	1	1	1	1	0
12.08.2015 10:35:38.064000	-0.19	-0.192115	-0.179059	126.526	-669.867	0.00036169	6	4	4	4	0.246687	361	62.2271	0	0	0	0.257169	129.865	0.597797	494.938	1	1	1	1	1	1	1	0
12.08.2015 10:35:38.164000	-0.19	-0.192115	-0.179059	126.527	-669.383	0.00108507	6	4	4	4	0.241923	361	62.2271	0	0	0	0.252554	129.833	0.598712	494.811	1	1	1	1	1	1	1	0
12.08.2015 10:35:38.264000	-0.19	-0.192115	-0.179059	126.536	-662.784	0.00217014	6	4	4	4	0.259652	361	62.2271	0	0	0	0.246644	129.8	0.588336	494.726	1	1	1	1	1	1	1	0
12.08.2015 10:35:38.364000	-0.19	-0.192115	-0.179059	126.539	-643.723	0.000542535	6	4	4	4	0.245249	361	62.2271	0	0	0	0.24519	129.772	0.596515	494.588	1	1	1	1	1	1	1	0
12.08.2015 10:35:38.464000	-0.19	-0.192115	-0.179059	126.539	-621.781	0.00144676	6	4	4	4	0.238828	361	62.2271	0	0	0	0.240285	129.736	0.594378	494.459	1	1	1	1	1	1	1	0
12.08.2015 10:35:38.564000	-0.19	-0.192115	-0.179059	126.539	-598.906	0.00271267	6	4	4	4	0.246593	361	62.2271	0	0	0	0.23852	129.707	0.595172	494.342	1	1	1	1	1	1	1	0
12.08.2015 10:35:38.664000	-0.19	-0.192115	-0.179059	126.539	-560.771	0.00180845	6	4	4	4	0.261404	361	62.2271	0	0	0	0.234086	129.678	0.596942	494.227	1	1	1	1	1	1	1	0
12.08.2015 10:35:38.764000	-0.19	-0.192115	-0.179059	126.539	-522.395	0.00217014	6	4	4	4	0.269713	361	62.2271	0	0	0	0.233449	129.649	0.595477	494.119	1	1	1	1	1	1	1	0
12.08.2015 10:35:38.864000	-0.19	-0.192115	-0.179059	126.539	-485.063	0.00036169	6	4	4	4	0.253639	361	62.2271	0	0	0	0.229622	129.619	0.600238	493.987	1	1	1	1	1	1	1	0
12.08.2015 10:35:38.964000	-0.19	-0.192115	-0.179059	126.543	-444	0.000542535	6	4	4	4	0.260483	361	62.2271	0	0	0	0.227814	129.591	0.599994	493.88	1	1	1	1	1	1	1	0
12.08.2015 10:35:39.064000	-0.19	-0.192115	-0.179059	126.542	-384.987	0.00108507	6	4	4	4	0.25337	361	62.2271	0	0	0	0.226729	129.641	0.598895	494.076	1	1	1	1	1	1	1	0
12.08.2015 10:35:39.164000	-0.19	-0.192115	-0.179059	126.551	-342.805	0.00271267	6	4	4	4	0.262659	361	62.2271	0	0	0	0.224935	129.532	0.598407	493.661	1	1	1	1	1	1	1	0
12.08.2015 10:35:39.264000	-0.19	-0.192115	-0.179059	126.57	-300.904	0.00253183	6	4	4	4	0.281191	361	62.2271	0	0	0	0.224385	129.498	0.596637	493.537	1	1	1	1	1	1	1	0
12.08.2015 10:35:39.364000	-0.19	-0.192115	-0.179059	126.594	-251.336	0	6	4	4	4	0.268949	361	62.2271	0	0	0	0.220898	129.475	0.596332	493.449	1	1	1	1	1	1	1	0
12.08.2015 10:35:39.464000	-0.19	-0.192115	-0.179059	126.594	-201.656	0.00036169	6	4	4	4	0.272339	361	62.2271	0	0	0	0.221933	129.443	0.600482	493.311	1	1	1	1	1	1	1	0
12.08.2015 10:35:39.564000	-0.19	-0.192115	-0.179059	126.598	-160.344	0.000542535	6	4	4	4	0.282494	361	62.2271	0	0	0	0.219032	129.412	0.599322	493.198	1	1	1	1	1	1	1	0
12.08.2015 10:35:39.664000	-0.19	-0.192115	-0.179059	126.602	-119.174	0.00108507	6	4	4	4	0.286282	361	62.2271	0	0	0	0.219582	129.383	0.600787	493.082	1	1	1	1	1	1	1	0
12.08.2015 10:35:39.764000	-0.19	-0.192115	-0.179059	126.602	-61.3281	0.00108507	6	4	4	4	0.275296	361	62.2271	0	0	0	0.216753	129.357	0.600543	492.982	1	1	1	1	1	1	1	0
12.08.2015 10:35:39.864000	-0.19	-0.192115	-0.179059	126.599	-20.3411	0.00036169	6	4	4	4	0.268907	361	62.2271	0	0	0	0.2193	129.324	0.604022	492.843	1	1	1	1	1	1	1	0
12.08.2015 10:35:39.964000	-0.19	-0.192115	-0.179059	126.598	20.4688	0.00108507	6	4	4	4	0.27674	361	62.2271	0	0	0	0.216739	129.298	0.604266	492.742	1	1	1	1	1	1	1	0
12.08.2015 10:35:40.064000	-0.19	-0.192115	-0.179059	126.607	61.224	0.00108507	6	4	4	4	0.273155	361	62.2271	0	0	0	0.216392	129.27	0.603229	492.64	1	1	1	1	1	1	1	0
12.08.2015 10:35:40.164000	-0.19	-0.192115	-0.179059	126.617	118.176	0.00108507	6	4	4	4	0.27668	361	62.2271	0	0	0	0.215893	129.241	0.605976	492.517	1	1	1	1	1	1	1	0
12.08.2015 10:35:40.264000	-0.19	-0.192115	-0.179059	126.622	158.375	0.00072338	6	4	4	4	0.278652	361	62.2271	0	0	0	0.215365	129.214	0.605731	492.415	1	1	1	1	1	1	1	0
12.08.2015 10:35:40.364000	-0.19	-0.192115	-0.179059	126.625	198.754	-0.00217014	6	4	4	4	0.271202	361	62.2271	0	0	0	0.215437	129.189	0.605121	492.321	1	1	1	1	1	1	1	0
12.08.2015 10:35:40.464000	-0.19	-0.192115	-0.179059	126.625	244.69	0.00036169	6	4	4	4	0.285279	361	62.2271	0	0	0	0.212529	129.156	0.605853	492.193	1	1	1	1	1	1	1	0
12.08.2015 10:35:40.564000	-0.19	-0.192115	-0.179059	126.625	296.199	0.000542535	6	4	4	4	0.305229	361	62.2271	0	0	0	0.215111	129.132	0.605853	492.102	1	1	1	1	1	1	1	0
12.08.2015 10:35:40.664000	-0.19	-0.192115	-0.179059	126.625	336.122	0.00108507	6	4	4	4	0.279331	361	62.2271	0	0	0	0.211697	129.107	0.606647	492.003	1	1	1	1	1	1	1	0
12.08.2015 10:35:40.764000	-0.19	-0.192115	-0.179059	126.625	376.781	0.00108507	6	4	4	4	0.238508	361	62.2271	0	0	0	0.213057	129.078	0.609027	491.881	1	1	1	1	1	1	1	0
12.08.2015 10:35:40.864000	-0.19	-0.192115	-0.179059	126.625	428.44	0.00108507	6	4	4	4	0.269209	361	62.2271	0	0	0	0.211118	129.05	0.608234	491.778	1	1	1	1	1	1	1	0
12.08.2015 10:35:40.964000	-0.19	-0.192115	-0.179059	126.625	473.895	0.00217014	6	4	4	4	0.273242	361	62.2271	0	0	0	0.212196	129.015	0.608505	491.677	1	1	1	1	1	1	1	0
12.08.2015 10:35:41.064000	-0.19	-0.192115	-0.179059	126.625	514.328	0.00180845	6	4	4	4	0.27451	361	62.2271	0	0	0	0.211422	128.995	0.608356	491.563	1	1	1	1	1	1	1	0
12.08.2015 10:35:41.164000	-0.19	-0.192115	-0.179059	126.625	554.582	0.00108507	6	4	4	4	0.274914	361	62.2271	0	0	0	0.210127	128.972	0.611835	491.463	1	1	1	1	1	1	1	0
12.08.2015 10:35:41.264000	-0.19	-0.192115	-0.179059	126.625	600.667	0.00036169	6	4	4	4	0.289448	361	62.2271	0	0	0	0.21101	128.945	0.611774	491.363	1	1	1	1	1	1	1	0
12.08.2015 10:35:41.364000	-0.19	-0.192115	-0.179059	126.625	627.301	0.000542535	6	4	4	4	0.301989	361	62.2271	0	0	0	0.209462	128.923	0.611225	491.278	1	1	1	1	1	1	1	0
12.08.2015 10:35:41.464000	-0.19	-0.192115	-0.179059	126.625	648.172	0.00072338	6	4	4	4	0.272589	361	62.2271	0	0	0	0.211487	128.894	0.606747	491.192	1	1	1	1	1	1	1	0
12.08.2015 10:35:41.564000	-0.19	-0.192115	-0.179059	126.625	665.512	0.000542535	6	4	4	4	0.268126	361	62.2271	0	0	0	0.208058	128.872	0.609455	491.092	1	1	1	1	1	1	1	0
12.08.2015 10:35:41.664000	-0.19	-0.192115	-0.179059	126.625	672.451	0	6	4	4	4	0.248882	361	62.2271	0	0	0	0.210923	128.847	0.610309	490.992	1	1	1	1	1	1	1	0
12.08.2015 10:35:41.764000	-0.19	-0.192115	-0.179059	126.625	674.355	0.00108507	6	4	4	4	0.240739	361	62.2271	0	0	0	0.208941	128.819	0.608661	490.892	1	1	1	1	1	1	1	0
12.08.2015 10:35:41.864000	-0.19	-0.192115	-0.179059	126.625	675.003	0.00072338	6	4	4	4	0.244812	361	62.2271	0	0	0	0.209983	128.798	0.609638	490.81	1	1	1	1	1	1	1	0
12.08.2015 10:35:41.964000	-0.19	-0.192115	-0.179059	126.625	675	0.00108507	6	4	4	4	0.253631	361	62.2271	0	0	0	0.208131	128.772	0.61092	490.702	1	1	1	1	1	1	1	0
12.08.2015 10:35:42.064000	-0.19	-0.192115	-0.179059	126.625	675	0.00036169	6	4	4	4	0.252114	361	62.2271	0	0	0	0.209983	128.767	0.608966	490.69	1	1	1	1	1	1	1	0
12.08.2015 10:35:42.164000	-0.19	-0.192115	-0.179059	126.625	674.988	0.000542535	6	4	4	4	0.270992	361	62.2271	0	0	0	0.208984	128.724	0.609088	490.527	1	1	1	1	1	1	1	0
12.08.2015 10:35:42.264000	-0.19	-0.192115	-0.179059	126.563	675.008	0.00144676	6	4	4	4	0.262316	361	62.2271	0	0	0	0.208391	128.705	0.609088	490.453	1	1	1	1	1	1	1	0
12.08.2015 10:35:42.364000	-0.19	-0.192115	-0.179059	126.555	675.07	0.000542535	6	4	4	4	0.249724	361	62.2271	0	0	0	0.209722	128.679	0.608966	490.354	1	1	1	1	1	1	1	0
12.08.2015 10:35:42.464000	-0.19	-0.192115	-0.179059	126.542	675.063	0.00036169	6	4	4	4	0.253765	361	62.2271	0	0	0	0.208102	128.65	0.609333	490.242	1	1	1	1	1	1	1	0
12.08.2015 10:35:42.564000	-0.19	-0.192115	-0.179059	126.539	675.02	0.000542535	6	4	4	4	0.269373	361	62.2271	0	0	0	0.209954	128.623	0.604694	490.157	1	1	1	1	1	1	1	0
12.08.2015 10:35:42.664000	-0.19	-0.192115	-0.179059	126.542	675.026	0.00108507	6	4	4	4	0.279796	361	62.2271	0	0	0	0.20719	128.598	0.606891	490.052	1	1	1	1	1	1	1	0
12.08.2015 10:35:42.764000	-0.19	-0.192115	-0.179059	126.539	675.008	0.000542535	6	4	4	4	0.284582	361	62.2271	0	0	0	0.210648	128.577	0.606952	489.971	1	1	1	1	1	1	1	0
12.08.2015 10:35:42.864000	-0.19	-0.192115	-0.179059	126.547	675.023	0.00108507	6	4	4	4	0.288498	361	62.2271	0	0	0	0.207943	128.552	0.607074	489.877	1	1	1	1	1	1	1	0
12.08.2015 10:35:42.964000	-0.19	-0.192115	-0.179059	126.551	674.992	0.000542535	6	4	4	4	0.282968	361	62.2271	0	0	0	0.209245	128.526	0.60799	489.772	1	1	1	1	1	1	1	0
12.08.2015 10:35:43.064000	-0.19	-0.192115	-0.179059	126.549	674.992	0.00036169	6	4	4	4	0.279693	361	62.2271	0	0	0	0.206814	128.506	0.609027	489.694	1	1	1	1	1	1	1	0
12.08.2015 10:35:43.164000	-0.19	-0.192115	-0.179059	126.547	675.027	0	6	4	4	4	0.268823	361	62.2271	0	0	0	0.209274	128.486	0.611286	489.608	1	1	1	1	1	1	1	0
12.08.2015 10:35:43.264000	-0.19	-0.192115	-0.179059	126.542	675.104	0.00072338	6	4	4	4	0.269316	361	62.2271	0	0	0	0.20829	128.461	0.609821	489.517	1	1	1	1	1	1	1	0
12.08.2015 10:35:43.364000	-0.19	-0.192115	-0.179059	126.547	675.023	0.000542535	6	4	4	4	0.255889	361	62.2271	0	0	0	0.207538	128.439	0.609272	489.434	1	1	1	1	1	1	1	0
12.08.2015 10:35:43.464000	-0.19	-0.192115	-0.179059	126.547	675.141	0.00180845	6	4	4	4	0.269409	361	62.2271	0	0	0	0.208999	128.413	0.607379	489.34	1	1	1	1	1	1	1	0
12.08.2015 10:35:43.564000	-0.19	-0.192115	-0.179059	126.551	675.133	0.000542535	6	4	4	4	0.281594	361	62.2271	0	0	0	0.207943	128.388	0.608966	489.242	1	1	1	1	1	1	1	0
12.08.2015 10:35:43.664000	-0.19	-0.192115	-0.179059	126.552	675.091	0.00072338	6	4	4	4	0.283283	361	62.2271	0	0	0	0.208377	128.363	0.607562	489.151	1	1	1	1	1	1	1	0
12.08.2015 10:35:43.764000	-0.19	-0.192115	-0.179059	126.551	675.09	0	6	4	4	4	0.281203	361	62.2271	0	0	0	0.206004	128.342	0.609699	489.062	1	1	1	1	1	1	1	0
12.08.2015 10:35:43.864000	-0.19	-0.192115	-0.179059	126.555	675.076	0.00108507	6	4	4	4	0.300252	361	62.2271	0	0	0	0.209086	128.315	0.609455	488.961	1	1	1	1	1	1	1	0
12.08.2015 10:35:43.964000	-0.19	-0.192115	-0.179059	126.555	675.063	0.000542535	6	4	4	4	0.2818	361	62.2271	0	0	0	0.206467	128.296	0.611713	488.879	1	1	1	1	1	1	1	0
12.08.2015 10:35:44.064000	-0.19	-0.192115	-0.179059	126.552	675.044	0.00108507	6	4	4	4	0.264748	361	62.2271	0	0	0	0.208247	128.276	0.612384	488.8	1	1	1	1	1	1	1	0
12.08.2015 10:35:44.164000	-0.19	-0.192115	-0.179059	126.555	675.047	0.00108507	6	4	4	4	0.255966	361	62.2271	0	0	0	0.205816	128.254	0.614215	488.707	1	1	1	1	1	1	1	0
12.08.2015 10:35:44.264000	-0.19	-0.192115	-0.179059	126.555	675.039	0.00036169	6	4	4	4	0.267473	361	62.2271	0	0	0	0.208247	128.229	0.612873	488.617	1	1	1	1	1	1	1	0
12.08.2015 10:35:44.364000	-0.19	-0.192115	-0.179059	126.555	675.023	0.00434028	6	4	4	4	0.286225	361	62.2271	0	0	0	0.206366	128.207	0.614887	488.524	1	1	1	1	1	1	1	0
12.08.2015 10:35:44.464000	-0.19	-0.192115	-0.179059	126.555	675.023	0.00072338	6	4	4	4	0.28459	361	62.2271	0	0	0	0.206221	128.185	0.617267	488.433	1	1	1	1	1	1	1	0
12.08.2015 10:35:44.564000	-0.19	-0.192115	-0.179059	126.555	675.027	0.00217014	6	4	4	4	0.290092	361	62.2271	0	0	0	0.206698	128.164	0.619648	488.343	1	1	1	1	1	1	1	0
12.08.2015 10:35:44.664000	-0.19	-0.192115	-0.179059	126.555	675.023	-0.00108507	6	4	4	4	0.286078	361	62.2271	0	0	0	0.206626	128.14	0.617939	488.257	1	1	1	1	1	1	1	0
12.08.2015 10:35:44.764000	-0.19	-0.192115	-0.179059	126.555	675.023	-0.00108507	6	4	4	4	0.288715	361	62.2271	0	0	0	0.207089	128.12	0.616535	488.185	1	1	1	1	1	1	1	0
12.08.2015 10:35:44.864000	-0.19	-0.192115	-0.179059	126.555	675.023	-0.00108507	6	4	4	4	0.259904	361	62.2271	0	0	0	0.204847	128.098	0.616047	488.103	1	1	1	1	1	1	1	0
12.08.2015 10:35:44.964000	-0.19	-0.192115	-0.179059	126.555	675.016	0	6	4	4	4	0.249004	361	62.2271	0	0	0	0.208073	128.073	0.614215	488.015	1	1	1	1	1	1	1	0
12.08.2015 10:35:45.064000	-0.19	-0.192115	-0.179059	126.555	675.01	0.00036169	6	4	4	4	0.237966	361	62.2271	0	0	0	0.206207	128.051	0.613544	487.934	1	1	1	1	1	1	1	0
12.08.2015 10:35:45.164000	-0.19	-0.192115	-0.179059	126.555	675.02	0	6	4	4	4	0.247331	361	62.2271	0	0	0	0.208681	128.029	0.615009	487.843	1	1	1	1	1	1	1	0
12.08.2015 10:35:45.264000	-0.19	-0.192115	-0.179059	126.555	675	0.00072338	6	4	4	4	0.245363	361	62.2271	0	0	0	0.20625	128.009	0.619404	487.749	1	1	1	1	1	1	1	0
12.08.2015 10:35:45.364000	-0.19	-0.192115	-0.179059	126.555	675	-0.0016276	6	4	4	4	0.272701	361	62.2271	0	0	0	0.209274	127.99	0.617817	487.682	1	1	1	1	1	1	1	0
12.08.2015 10:35:45.464000	-0.19	-0.192115	-0.179059	126.555	675	-0.00072338	6	4	4	4	0.268626	361	62.2271	0	0	0	0.207292	127.97	0.617206	487.607	1	1	1	1	1	1	1	0
12.08.2015 10:35:45.564000	-0.19	-0.192115	-0.179059	126.555	674.996	0	6	4	4	4	0.262182	361	62.2271	0	0	0	0.208247	127.944	0.619404	487.501	1	1	1	1	1	1	1	0
12.08.2015 10:35:45.664000	-0.19	-0.192115	-0.179059	126.555	674.997	0.00072338	6	4	4	4	0.269651	361	62.2271	0	0	0	0.209158	127.924	0.618915	487.424	1	1	1	1	1	1	1	0
12.08.2015 10:35:45.764000	-0.19	-0.192115	-0.179059	126.555	674.992	0.000542535	6	4	4	4	0.257307	361	62.2271	0	0	0	0.209245	127.902	0.61916	487.342	1	1	1	1	1	1	1	0
12.08.2015 10:35:45.864000	-0.19	-0.192115	-0.179059	126.555	674.987	0.00036169	6	4	4	4	0.267793	361	62.2271	0	0	0	0.209867	127.88	0.614643	487.274	1	1	1	1	1	1	1	0
12.08.2015 10:35:45.964000	-0.19	-0.192115	-0.179059	126.555	674.984	0.000542535	6	4	4	4	0.28787	361	62.2271	0	0	0	0.208594	127.858	0.615619	487.186	1	1	1	1	1	1	1	0
12.08.2015 10:35:46.064000	-0.19	-0.192115	-0.179059	126.555	674.984	0.00036169	6	4	4	4	0.282322	361	62.2271	0	0	0	0.211126	127.833	0.616169	487.089	1	1	1	1	1	1	1	0
12.08.2015 10:35:46.164000	-0.19	-0.192115	-0.179059	126.555	674.984	0.000542535	6	4	4	4	0.299114	361	62.2271	0	0	0	0.208753	127.814	0.618549	487.004	1	1	1	1	1	1	1	0
12.08.2015 10:35:46.264000	-0.19	-0.192115	-0.179059	126.555	674.984	0.00072338	6	4	4	4	0.286938	361	62.2271	0	0	0	0.21059	127.793	0.619465	486.923	1	1	1	1	1	1	1	0
12.08.2015 10:35:46.364000	-0.19	-0.192115	-0.179059	126.555	674.984	0.000542535	6	4	4	4	0.281581	361	62.2271	0	0	0	0.208695	127.775	0.620991	486.847	1	1	1	1	1	1	1	0
12.08.2015 10:35:46.464000	-0.19	-0.192115	-0.179059	126.555	674.982	-0.00072338	6	4	4	4	0.281892	361	62.2271	0	0	0	0.211155	127.752	0.620563	486.763	1	1	1	1	1	1	1	0
12.08.2015 10:35:46.564000	-0.19	-0.192115	-0.179059	126.555	674.977	0	6	4	4	4	0.275085	361	62.2271	0	0	0	0.209274	127.732	0.618488	486.692	1	1	1	1	1	1	1	0
12.08.2015 10:35:46.664000	-0.19	-0.192115	-0.179059	126.555	674.971	-0.00036169	6	4	4	4	0.280659	361	62.2271	0	0	0	0.209389	127.712	0.618061	486.616	1	1	1	1	1	1	1	0
12.08.2015 10:35:46.764000	-0.19	-0.192115	-0.179059	126.555	674.969	0.000542535	6	4	4	4	0.28233	361	62.2271	0	0	0	0.209303	127.69	0.61745	486.534	1	1	1	1	1	1	1	0
12.08.2015 10:35:46.864000	-0.19	-0.192115	-0.179059	126.555	674.969	0	6	4	4	4	0.294981	361	62.2271	0	0	0	0.209679	127.668	0.617634	486.451	1	1	1	1	1	1	1	0
12.08.2015 10:35:46.964000	-0.19	-0.192115	-0.179059	126.555	675	0.000542535	6	4	4	4	0.278306	361	62.2271	0	0	0	0.209259	127.648	0.619404	486.365	1	1	1	1	1	1	1	0
12.08.2015 10:35:47.064000	-0.19	-0.192115	-0.179059	126.552	674.992	0.00108507	6	4	4	4	0.268248	361	62.2271	0	0	0	0.208304	127.629	0.624287	486.275	1	1	1	1	1	1	1	0
12.08.2015 10:35:47.164000	-0.19	-0.192115	-0.179059	126.555	674.988	0.00108507	6	4	4	4	0.277357	361	62.2271	0	0	0	0.210388	127.608	0.622272	486.203	1	1	1	1	1	1	1	0
12.08.2015 10:35:47.264000	-0.19	-0.192115	-0.179059	126.555	674.995	0.00036169	6	4	4	4	0.288632	361	62.2271	0	0	0	0.208145	127.588	0.621906	486.128	1	1	1	1	1	1	1	0
12.08.2015 10:35:47.364000	-0.19	-0.192115	-0.179059	126.555	675	0.00108507	6	4	4	4	0.289111	361	62.2271	0	0	0	0.210503	127.569	0.620624	486.059	1	1	1	1	1	1	1	0
12.08.2015 10:35:47.464000	-0.19	-0.192115	-0.179059	126.555	675	0.00072338	6	4	4	4	0.288779	361	62.2271	0	0	0	0.208087	127.545	0.624958	485.953	1	1	1	1	1	1	1	0
12.08.2015 10:35:47.564000	-0.19	-0.192115	-0.179059	126.555	675	0.000542535	6	4	4	4	0.299274	361	62.2271	0	0	0	0.211198	127.525	0.624165	485.879	1	1	1	1	1	1	1	0
12.08.2015 10:35:47.664000	-0.19	-0.192115	-0.179059	126.555	675	0.00108507	6	4	4	4	0.284721	361	62.2271	0	0	0	0.208999	127.508	0.626972	485.801	1	1	1	1	1	1	1	0
12.08.2015 10:35:47.764000	-0.19	-0.192115	-0.179059	126.555	675	0	6	4	4	4	0.275413	361	62.2271	0	0	0	0.210836	127.489	0.624409	485.739	1	1	1	1	1	1	1	0
12.08.2015 10:35:47.864000	-0.19	-0.192115	-0.179059	126.555	675	0.00072338	6	4	4	4	0.25377	361	62.2271	0	0	0	0.209592	127.475	0.625629	485.679	1	1	1	1	1	1	1	0
12.08.2015 10:35:47.964000	-0.19	-0.192115	-0.179059	126.555	675.008	-0.0016276	6	4	4	4	0.237215	361	62.2271	0	0	0	0.211126	127.448	0.620808	485.597	1	1	1	1	1	1	1	0
12.08.2015 10:35:48.064000	-0.19	-0.192115	-0.179059	126.555	675.016	0.00072338	6	4	4	4	0.248745	361	62.2271	0	0	0	0.209592	127.428	0.617939	485.532	1	1	1	1	1	1	1	0
12.08.2015 10:35:48.164000	-0.19	-0.192115	-0.179059	126.555	675.023	0	6	4	4	4	0.262182	361	62.2271	0	0	0	0.209129	127.412	0.6227	485.45	1	1	1	1	1	1	1	0
12.08.2015 10:35:48.264000	-0.19	-0.192115	-0.179059	126.555	675.023	0.00108507	6	4	4	4	0.272507	361	62.2271	0	0	0	0.211299	127.392	0.62038	485.383	1	1	1	1	1	1	1	0
12.08.2015 10:35:48.364000	-0.19	-0.192115	-0.179059	126.555	675.027	0.00217014	6	4	4	4	0.298266	361	62.2271	0	0	0	0.210012	127.369	0.621235	485.294	1	1	1	1	1	1	1	0
12.08.2015 10:35:48.464000	-0.19	-0.192115	-0.179059	126.555	675.049	0.00072338	6	4	4	4	0.282636	361	62.2271	0	0	0	0.211256	127.352	0.624348	485.214	1	1	1	1	1	1	1	0
12.08.2015 10:35:48.564000	-0.19	-0.192115	-0.179059	126.555	675.023	-0.000542535	6	4	4	4	0.281208	361	62.2271	0	0	0	0.209216	127.333	0.621235	485.154	1	1	1	1	1	1	1	0
12.08.2015 10:35:48.664000	-0.19	-0.192115	-0.179059	126.505	675.065	0.00072338	6	4	4	4	0.260588	361	62.2271	0	0	0	0.212211	127.312	0.619221	485.081	1	1	1	1	1	1	1	0
12.08.2015 10:35:48.764000	-0.19	-0.192115	-0.179059	126.488	675.086	0.000542535	6	4	4	4	0.256193	361	62.2271	0	0	0	0.209115	127.295	0.619343	485.016	1	1	1	1	1	1	1	0
12.08.2015 10:35:48.864000	-0.19	-0.192115	-0.179059	126.482	675.047	0.00072338	6	4	4	4	0.262998	361	62.2271	0	0	0	0.211863	127.272	0.618732	484.931	1	1	1	1	1	1	1	0
12.08.2015 10:35:48.964000	-0.19	-0.192115	-0.179059	126.484	675.063	0.00108507	6	4	4	4	0.285969	361	62.2271	0	0	0	0.209997	127.25	0.619953	484.843	1	1	1	1	1	1	1	0
12.08.2015 10:35:49.064000	-0.19	-0.192115	-0.179059	126.484	675.052	0.00036169	6	4	4	4	0.287602	361	62.2271	0	0	0	0.21127	127.235	0.619831	484.784	1	1	1	1	1	1	1	0
12.08.2015 10:35:49.164000	-0.19	-0.192115	-0.179059	126.484	675.063	0.00108507	6	4	4	4	0.311199	361	62.2271	0	0	0	0.2091	127.216	0.620808	484.709	1	1	1	1	1	1	1	0
12.08.2015 10:35:49.264000	-0.19	-0.192115	-0.179059	126.484	675.083	0.00072338	6	4	4	4	0.325861	361	62.2271	0	0	0	0.207827	127.194	0.617145	484.636	1	1	1	1	1	1	1	0
12.08.2015 10:35:49.364000	-0.19	-0.192115	-0.179059	126.469	675.109	0	6	4	4	4	0.311882	361	62.2271	0	0	0	0.209418	127.185	0.619343	484.594	1	1	1	1	1	1	1	0
12.08.2015 10:35:49.464000	-0.19	-0.192115	-0.179059	126.482	675.104	0.00108507	6	4	4	4	0.297685	361	62.2271	0	0	0	0.207538	127.162	0.621662	484.497	1	1	1	1	1	1	1	0
12.08.2015 10:35:49.564000	-0.19	-0.192115	-0.179059	126.484	675.086	0.000542535	6	4	4	4	0.27462	361	62.2271	0	0	0	0.210243	127.142	0.625263	484.406	1	1	1	1	1	1	1	0
12.08.2015 10:35:49.664000	-0.19	-0.192115	-0.179059	126.484	675.096	0.00036169	6	4	4	4	0.285366	361	62.2271	0	0	0	0.208247	127.101	0.623798	484.257	1	1	1	1	1	1	1	0
12.08.2015 10:35:49.764000	-0.19	-0.192115	-0.179059	126.484	675.105	0.00108507	6	4	4	4	0.291262	361	62.2271	0	0	0	0.212211	127.101	0.627522	484.241	1	1	1	1	1	1	1	0
12.08.2015 10:35:49.864000	-0.19	-0.192115	-0.179059	126.484	675.109	0	6	4	4	4	0.306948	361	62.2271	0	0	0	0.210171	127.086	0.631733	484.17	1	1	1	1	1	1	1	0
12.08.2015 10:35:49.964000	-0.19	-0.192115	-0.179059	126.484	675.094	0.000542535	6	4	4	4	0.294011	361	62.2271	0	0	0	0.212312	127.066	0.630818	484.094	1	1	1	1	1	1	1	0
12.08.2015 10:35:50.064000	-0.19	-0.192115	-0.179059	126.484	675.091	0.00108507	6	4	4	4	0.286565	361	62.2271	0	0	0	0.212326	127.048	0.631367	484.026	1	1	1	1	1	1	1	0
12.08.2015 10:35:50.164000	-0.19	-0.192115	-0.179059	126.484	675.086	0.000542535	6	4	4	4	0.269226	361	62.2271	0	0	0	0.213035	127.028	0.632405	483.944	1	1	1	1	1	1	1	0
12.08.2015 10:35:50.264000	-0.19	-0.192115	-0.179059	126.484	675.099	-0.00036169	6	4	4	4	0.277352	361	62.2271	0	0	0	0.213759	127.009	0.632099	483.871	1	1	1	1	1	1	1	0
12.08.2015 10:35:50.364000	-0.19	-0.192115	-0.179059	126.484	675.094	-0.00108507	6	4	4	4	0.274585	361	62.2271	0	0	0	0.211617	126.992	0.633076	483.803	1	1	1	1	1	1	1	0
12.08.2015 10:35:50.464000	-0.19	-0.192115	-0.179059	126.484	675.091	-0.00144676	6	4	4	4	0.280136	361	62.2271	0	0	0	0.214019	126.973	0.627522	483.753	1	1	1	1	1	1	1	0
12.08.2015 10:35:50.564000	-0.19	-0.192115	-0.179059	126.488	675.086	-0.00217014	6	4	4	4	0.282423	361	62.2271	0	0	0	0.211589	126.958	0.628315	483.69	1	1	1	1	1	1	1	0
12.08.2015 10:35:50.664000	-0.19	-0.192115	-0.179059	126.487	675.089	-0.00144676	6	4	4	4	0.275859	361	62.2271	0	0	0	0.212543	126.935	0.627644	483.604	1	1	1	1	1	1	1	0
12.08.2015 10:35:50.764000	-0.19	-0.192115	-0.179059	126.488	675.094	-0.0016276	6	4	4	4	0.280685	361	62.2271	0	0	0	0.210808	126.919	0.625629	483.551	1	1	1	1	1	1	1	0
12.08.2015 10:35:50.864000	-0.19	-0.192115	-0.179059	126.492	675.094	-0.00108507	6	4	4	4	1.#QNAN	1.#QNAN	1.#QNAN	1.#QNAN	1.#QNAN	1.#QNAN	1.#QNAN	1.#QNAN	1.#QNAN	1.#QNAN	1.#QNAN	1.#QNAN	1.#QNAN	1.#QNAN	1.#QNAN	1.#QNAN	1.#QNAN	1.#QNAN
