Time	[76:0]	[76:1]	[76:2]	[76:4]	[76:8]	[76:70]	[76:71]	[78:0]	[78:1]	[78:2]	[79:2]	[79:3]	[79:4]	[79:8]	[79:9]	[79:10]	[79:11]	[79:12]	[79:13]	[79:14]	[79.0]	[79.1]	[79.2]	[79.3]	[79.4]	[79.5]	[79.6]	[79.8]
time	Hoogteverstelling - Referentie positie (mm)	Hoogteverstelling - AZ gemeten positie (mm)	Hoogteverstelling - BZ gemeten positie (mm)	Transfert Ingang - Gemeten positie (mm)	Transfert Uitgang - Gemeten positie (mm)	Aardgas - actueel debiet	Stappenschakelaar - gemeten pos	Laspos Ing - positie discreet	Laspos Uitg - positie discreet	Schaafverstelling - positie discreet	Stuikraam - Totale Stroommeting RMS-waarde (A)	Stuikraam - Stroomreferentie (A)	Stuikraam - Positie AZ (mm, pulsgever)	Stuikraam - Referentie Servo-ventiel (%)	Stuikraam - Trim door I-regelaar (%)	Stuikraam - Gemeten snelheid (mm/s, pulsgever)	Secundaire lasspanning	Stuikraam - Druk stuikcilinder voorkamer (=laszijde)  (bar)	Stuikraam - Druk stuikcilinder terugloopkamer  (bar)	Stuikraam - Netto voorwaartse kracht op stuikraam (kN)	Stuikraam - P1	Stuikraam - P2	Stuikraam - P3	Stuikraam - P4	Stuikraam - P5	Stuikraam - P6	Stuikraam - P7	Stuikraam - Openen stuikventielen	

Lasparameter.Ingang - Coil ID	0323270S
Lasparameter.Ingang - Dikte (um)	3690
Lasparameter.Ingang - Breedte (mm)	1405
Lasparameter.Ingang - Materiaal	0001
Lasparameter.Uitgang - Coil ID	0323269S
Lasparameter.Uitgang - Dikte (um)	3680
Lasparameter.Uitgang - Breedte (mm)	1405
Lasparameter.Uitgang - Materiaal	0001
Lasparameter.P2 (mm)	24.0
Lasparameter.P3 (mm)	34.0
Lasparameter.P4 (mm)	42.1
Lasparameter.P5 (mm)	51.2
Lasparameter.P6 (mm)	58.1
Lasparameter.P7 (mm)	62.1
Lasparameter.Vonksnelheid (mm/s)	1.20
Lasparameter.Lassnelheid (mm/s)	0.48
Lasparameter.Stroom Referentie (A)	0350
Lasparameter.Stroomtoename (µA/s2)	48.5
Lasparameter.Stuikstroomtijd (per)	0008
Lasparameter.Afkoeltijd Stuik (per)	0010
Lasparameter.Stuikdruk (bar)	0105
Lasparameter.Stuiksnelheid (%)	90.0

14.08.2015 07:54:48.931000	-0.005	-0.00428328	-0.0127401	0.0390625	0.117188	-0.00379774	5	4	4	4	0.318565	350	0	0	0	0	0.314207	3.22977	124.922	-465.935	1	0	0	0	0	0	0	0
14.08.2015 07:54:49.031000	-0.005	-0.00428328	-0.0127401	0.0390625	0.0117188	-0.00488281	5	4	4	4	0.318337	350	0	0	0	0	0.315828	5.83721	124.978	-456.168	1	0	0	0	0	0	0	0
14.08.2015 07:54:49.131000	-0.005	-0.00428328	-0.0127401	0.046875	0.00260417	-0.00470197	5	4	4	4	0.319632	350	0	0	0	0	0.318895	5.01682	124.968	-459.27	1	0	0	0	0	0	0	0
14.08.2015 07:54:49.231000	-0.005	-0.00428328	-0.0127401	0.0546875	-0.0234375	-0.00434028	5	4	4	4	0.315432	350	0	0	0	0	0.318981	5.43712	124.954	-457.606	1	0	0	0	0	0	0	0
14.08.2015 07:54:49.331000	-0.005	-0.00428328	-0.0127401	0.0546875	-0.015625	-0.00289352	5	4	4	4	0.312158	350	0	0	0	0	0.320718	5.72356	124.939	-456.451	1	0	0	0	0	0	0	0
14.08.2015 07:54:49.431000	-0.005	-0.00428328	-0.0127401	0.0273438	-0.0351563	-0.00488281	5	4	4	4	0.290132	350	0	0	0	0	0.321557	5.65044	124.908	-456.612	1	0	0	0	0	0	0	0
14.08.2015 07:54:49.531000	-0.005	-0.00428328	-0.0127401	0.00260417	-0.0182292	-0.00470197	5	4	4	4	0.307932	350	0	0	0	0	0.321788	6.19617	124.909	-454.528	1	0	0	0	0	0	0	0
14.08.2015 07:54:49.631000	-0.005	-0.00428328	-0.0127401	0.0078125	-0.03125	-0.00434028	5	4	4	4	0.312523	350	0	0	0	0	0.321441	2.95346	124.777	-466.437	1	0	0	0	0	0	0	0
14.08.2015 07:54:49.731000	-0.005	-0.00428328	-0.0127401	0	0.078125	-0.00470197	5	4	4	4	0.294857	350	0	0	0	0	0.321788	2.51234	124.725	-467.929	1	0	0	0	0	0	0	0
14.08.2015 07:54:49.831000	-0.005	-0.00428328	-0.0127401	0.00390625	-0.15625	-0.00596788	5	4	4	4	0.333426	350	0	0	0	0	0.321991	3.67052	124.726	-463.498	1	0	0	0	0	0	0	0
14.08.2015 07:54:49.931000	-0.005	-0.00428328	-0.0127401	0.00260417	-1.16146	-0.00434028	5	4	4	4	0.298612	350	0	0	0	0	0.321528	4.86599	124.753	-459.024	1	0	0	0	0	0	0	0
14.08.2015 07:54:50.031000	-0.005	-0.00428328	-0.0127401	0	-3.14453	-0.00434028	5	4	4	4	0.285562	350	0	0	0	0	0.321991	6.41871	124.806	-453.282	1	0	0	0	0	0	0	0
14.08.2015 07:54:50.131000	-0.005	-0.00428328	-0.0127401	0.00260417	-13.7448	-0.00506366	5	4	4	4	0.317784	350	0	0	0	0	0.322049	2.72555	124.665	-466.88	1	0	0	0	0	0	0	0
14.08.2015 07:54:50.231000	-0.005	-0.00428328	-0.0127401	-0.0195313	-32.6016	-0.00434028	5	4	4	4	0.345585	350	0	0	0	0	0.323177	5.4655	124.729	-456.634	1	0	0	0	0	0	0	0
14.08.2015 07:54:50.331000	-0.005	-0.00428328	-0.0127401	0	-64.2318	-0.00397859	5	4	4	4	0.322074	350	0	0	0	0	0.322078	6.6639	124.804	-452.335	1	0	0	0	0	0	0	0
14.08.2015 07:54:50.431000	-0.005	-0.00428328	-0.0127401	0	-90.1563	-0.00596788	5	4	4	4	0.311455	350	0	0	0	0	0.322917	3.95563	124.646	-462.099	1	0	0	0	0	0	0	0
14.08.2015 07:54:50.531000	-0.005	-0.00428328	-0.0127401	0	-120.227	-0.00180845	5	4	4	4	0.299686	350	0	0	0	0	0.323553	6.12696	124.686	-453.941	1	0	0	0	0	0	0	0
14.08.2015 07:54:50.631000	-0.005	-0.00428328	-0.0127401	0	-162.516	-0.0016276	5	4	4	4	0.283629	350	0	0	0	0	0.325347	5.98016	124.663	-454.415	1	0	0	0	0	0	0	0
14.08.2015 07:54:50.731000	-0.005	-0.00428328	-0.0127401	0	-209.094	-0.00397859	5	4	4	4	0.308705	350	0	0	0	0	0.327257	5.49596	124.624	-456.117	1	0	0	0	0	0	0	0
14.08.2015 07:54:50.831000	-0.005	-0.00428328	-0.0127401	0	-248.68	-0.00379774	5	4	4	4	0.332334	350	0	0	0	0	0.329948	5.58367	124.603	-455.7	1	0	0	0	0	0	0	0
14.08.2015 07:54:50.931000	-0.005	-0.00428328	-0.0127401	0	-288.073	-0.0036169	5	4	4	4	0.327459	350	0	0	0	0	0.3318	5.53227	124.578	-455.803	1	0	0	0	0	0	0	0
14.08.2015 07:54:51.031000	-0.005	-0.00428328	-0.0127401	0	-343.18	-0.00379774	5	4	4	4	0.319871	350	0	0	0	0	0.333015	5.28355	124.549	-456.644	1	0	0	0	0	0	0	0
14.08.2015 07:54:51.131000	-0.005	-0.00428328	-0.0127401	-0.00520833	-382.646	-0.00289352	5	4	4	4	0.319236	350	0	0	0	0	0.334578	3.01328	124.444	-464.934	1	0	0	0	0	0	0	0
14.08.2015 07:54:51.231000	-0.005	-0.00428328	-0.0127401	-0.0117188	-422.496	-0.00434028	5	4	4	4	0.298543	350	0	0	0	0	0.335185	4.17676	124.441	-460.468	1	0	0	0	0	0	0	0
14.08.2015 07:54:51.331000	-0.005	-0.00428328	-0.0127401	0.164063	-467.849	-0.00397859	5	4	4	4	0.289759	350	0	0	0	0	0.336632	5.15476	124.455	-456.776	1	0	0	0	0	0	0	0
14.08.2015 07:54:51.431000	-0.005	-0.00428328	-0.0127401	0.871094	-518.484	-0.00434028	5	4	4	4	0.340127	350	0	0	0	0	0.335532	4.8605	124.433	-457.818	1	0	0	0	0	0	0	0
14.08.2015 07:54:51.531000	-0.005	-0.00428328	-0.0127401	7.22656	-557.438	-0.0036169	5	4	4	4	0.325858	350	0	0	0	0	0.337326	4.71029	124.403	-458.281	1	0	0	0	0	0	0	0
14.08.2015 07:54:51.631000	-0.005	-0.00428328	-0.0127401	22.3516	-589.031	-0.00379774	5	4	4	4	0.318286	350	0	0	0	0	0.337066	4.31782	124.367	-459.645	1	0	0	0	0	0	0	0
14.08.2015 07:54:51.731000	-0.005	-0.00428328	-0.0127401	44.5859	-616.297	-0.00470197	5	4	4	4	0.334955	350	0	0	0	0	0.337529	4.88656	124.361	-457.444	1	0	0	0	0	0	0	0
14.08.2015 07:54:51.831000	-0.005	-0.00428328	-0.0127401	74.3047	-639.566	-0.00325521	5	4	4	4	0.275751	350	0	0	0	0	0.338079	4.37245	124.325	-459.275	1	0	0	0	0	0	0	0
14.08.2015 07:54:51.931000	-0.005	-0.00428328	-0.0127401	102.927	-652.805	-0.00325521	5	4	4	4	0.281174	350	0	0	0	0	0.337905	3.90625	124.289	-460.922	1	0	0	0	0	0	0	0
14.08.2015 07:54:52.031000	-0.005	-0.00428328	-0.0127401	136.016	-661.805	-0.00325521	5	4	4	4	0.284509	350	0	0	0	0	0.337731	4.92166	124.289	-457.036	1	0	0	0	0	0	0	0
14.08.2015 07:54:52.131000	-0.005	-0.00428328	-0.0127401	185.185	-666.266	-0.00253183	5	4	4	4	0.294132	350	0	0	0	0	0.337442	4.7264	124.264	-457.684	1	0	0	0	0	0	0	0
14.08.2015 07:54:52.231000	-0.005	-0.00428328	-0.0127401	232.875	-667.816	-0.00108507	5	4	4	4	0.322923	350	0	0	0	0	0.337095	4.45827	124.235	-458.602	1	0	0	0	0	0	0	0
14.08.2015 07:54:52.331000	-0.005	-0.00428328	-0.0127401	275.43	-668.932	-0.00253183	5	4	4	4	0.303417	350	0	0	0	0	0.335243	4.6614	124.216	-457.75	1	0	0	0	0	0	0	0
14.08.2015 07:54:52.431000	-0.005	-0.00428328	-0.0127401	317.504	-669.316	-0.00325521	5	4	4	4	0.344764	350	0	0	0	0	0.337182	4.96188	124.2	-456.541	1	0	0	0	0	0	0	0
14.08.2015 07:54:52.531000	-0.005	-0.00428328	-0.0127401	377.073	-669.328	-0.0036169	5	4	4	4	0.28423	350	0	0	0	0	0.338339	5.13938	124.186	-455.806	1	0	0	0	0	0	0	0
14.08.2015 07:54:52.631000	-0.005	-0.00428328	-0.0127401	419.16	-669.328	-0.00108507	5	4	4	4	0.268838	350	0	0	0	0	0.340625	4.44606	124.142	-458.293	1	0	0	0	0	0	0	0
14.08.2015 07:54:52.731000	-0.005	-0.00428328	-0.0127401	454.016	-669.331	-0.00108507	5	4	4	4	0.324801	350	0	0	0	0	0.342361	4.42799	124.118	-458.27	1	0	0	0	0	0	0	0
14.08.2015 07:54:52.831000	-0.005	-0.00428328	-0.0127401	479.656	-669.328	-0.00217014	5	4	4	4	0.322626	350	0	0	0	0	0.344155	4.67116	124.101	-457.273	1	0	0	0	0	0	0	0
14.08.2015 07:54:52.931000	-0.005	-0.00428328	-0.0127401	496.646	-669.336	-0.00180845	5	4	4	4	0.331864	350	0	0	0	0	0.344965	4.47005	124.078	-457.956	1	0	0	0	0	0	0	0
14.08.2015 07:54:53.031000	-0.005	-0.00428328	-0.0127401	512.516	-669.336	-0.00108507	5	4	4	4	0.309244	350	0	0	0	0	0.346499	4.51363	124.054	-457.696	1	0	0	0	0	0	0	0
14.08.2015 07:54:53.131000	-0.005	-0.00428328	-0.0127401	528.349	-669.341	-0.00144676	5	4	4	4	0.298952	350	0	0	0	0	0.347309	4.68636	124.038	-456.973	1	0	0	0	0	0	0	0
14.08.2015 07:54:53.231000	-0.005	-0.00428328	-0.0127401	546.906	-669.344	-0.0016276	5	4	4	4	0.293264	350	0	0	0	0	0.347946	4.66677	124.011	-456.944	1	0	0	0	0	0	0	0
14.08.2015 07:54:53.331000	-0.005	-0.00428328	-0.0127401	565.794	-669.344	-0.00108507	5	4	4	4	0.277891	350	0	0	0	0	0.348466	4.54176	123.988	-457.336	1	0	0	0	0	0	0	0
14.08.2015 07:54:53.431000	-0.005	-0.00428328	-0.0127401	581.395	-669.344	-0.00108507	5	4	4	4	0.311142	350	0	0	0	0	0.349103	4.56844	123.966	-457.149	1	0	0	0	0	0	0	0
14.08.2015 07:54:53.531000	-0.005	-0.00428328	-0.0127401	596.484	-669.344	-0.00108507	5	4	4	4	0.303121	350	0	0	0	0	0.349971	4.59816	123.945	-456.955	1	0	0	0	0	0	0	0
14.08.2015 07:54:53.631000	-0.005	-0.00428328	-0.0127401	616.922	-669.352	-0.00108507	5	4	4	4	0.304682	350	0	0	0	0	0.349653	4.59944	123.924	-456.869	1	0	0	0	0	0	0	0
14.08.2015 07:54:53.731000	-0.005	-0.00428328	-0.0127401	631.466	-669.352	-0.00180845	5	4	4	4	0.3181	350	0	0	0	0	0.35081	4.57717	123.9	-456.863	1	0	0	0	0	0	0	0
14.08.2015 07:54:53.831000	-0.005	-0.00428328	-0.0127401	645.398	-669.352	-0.00108507	5	4	4	4	0.313594	350	0	0	0	0	0.3511	4.55806	123.875	-456.842	1	0	0	0	0	0	0	0
14.08.2015 07:54:53.931000	-0.005	-0.00428328	-0.0127401	660.31	-669.362	-0.00253183	5	4	4	4	0.294463	350	0	0	0	0	0.351736	3.94928	123.85	-459.076	1	0	0	0	0	0	0	0
14.08.2015 07:54:54.031000	-0.005	-0.00428328	-0.0127401	675.824	-669.363	-0.00217014	5	4	4	4	0.306936	350	0	0	0	0	0.35136	4.20997	123.918	-458.338	1	0	0	0	0	0	0	0
14.08.2015 07:54:54.131000	-0.005	-0.00428328	-0.0127401	687.182	-669.365	-0.00325521	5	4	4	4	0.278745	350	0	0	0	0	0.351765	4.72872	124.116	-457.111	1	0	0	0	0	0	0	0
14.08.2015 07:54:54.231000	-0.005	-0.00428328	-0.0127401	696.996	-669.367	-0.00434028	5	4	4	4	0.300264	350	0	0	0	0	0.351649	4.30885	124.319	-459.496	1	0	0	0	0	0	0	0
14.08.2015 07:54:54.331000	-0.005	-0.00428328	-0.0127401	705.852	-669.362	-0.00434028	5	4	4	4	0.299383	350	0	0	0	0	0.352691	4.27845	124.916	-461.897	1	0	0	0	0	0	0	0
14.08.2015 07:54:54.431000	-0.005	-0.00428328	-0.0127401	709.797	-669.371	-0.00434028	5	4	4	4	0.297006	350	0	0	0	0	0.35408	4.605	125.846	-464.207	1	0	0	0	0	0	0	0
14.08.2015 07:54:54.531000	-0.005	-0.00428328	-0.0127401	710.641	-669.37	-0.00217014	5	4	4	4	0.304418	350	0	0	0	0	0.354601	4.44704	125.859	-464.861	1	0	0	0	0	0	0	0
14.08.2015 07:54:54.631000	-0.005	-0.00428328	-0.0127401	711.082	-669.375	-0.00325521	5	4	4	4	0.316608	350	0	0	0	0	0.355469	4.22498	126.238	-467.165	1	0	0	0	0	0	0	0
14.08.2015 07:54:54.731000	-0.005	-0.00428328	-0.0127401	711.086	-669.375	-0.0036169	5	4	4	4	0.32396	350	0	0	0	0	0.355006	4.60482	126.544	-466.882	1	0	0	0	0	0	0	0
14.08.2015 07:54:54.831000	-0.005	-0.00428328	-0.0127401	711.086	-669.375	-0.00325521	5	4	4	4	0.323724	350	0	0	0	0	0.356453	5.15281	126.726	-465.478	1	0	0	0	0	0	0	0
14.08.2015 07:54:54.931000	-0.005	-0.00428328	-0.0127401	711.086	-669.375	-0.00180845	5	4	4	4	0.283896	350	0	0	0	0	0.357668	4.36317	126.916	-469.229	1	0	0	0	0	0	0	0
14.08.2015 07:54:55.031000	-0.005	-0.00428328	-0.0127401	711.086	-669.375	-0.0016276	5	4	4	4	0.296303	350	0	0	0	0	0.359259	4.29292	127.152	-470.403	1	0	0	0	0	0	0	0
14.08.2015 07:54:55.131000	-0.005	-0.00428328	-0.0127401	711.089	-669.375	-0.00144676	5	4	4	4	0.310773	350	0	0	0	0	0.357697	4.76815	127.348	-469.335	1	0	0	0	0	0	0	0
14.08.2015 07:54:55.231000	-0.005	-0.00428328	-0.0127401	711.086	-669.375	-0.00108507	5	4	4	4	0.308339	350	0	0	0	0	0.354919	4.4225	127.442	-471.019	1	0	0	0	0	0	0	0
14.08.2015 07:54:55.331000	-0.005	-0.00428328	-0.0127401	711.094	-669.378	-0.00180845	5	4	4	4	0.304551	350	0	0	0	0	0.352083	4.33515	127.561	-471.807	1	0	0	0	0	0	0	0
14.08.2015 07:54:55.431000	-0.005	-0.00428328	-0.0127401	711.094	-669.379	-0.00108507	5	4	4	4	0.349734	350	0	0	0	0	0.349769	4.66512	128.157	-472.827	1	0	0	0	0	0	0	0
14.08.2015 07:54:55.531000	-0.005	-0.00428328	-0.0127401	711.094	-669.38	-0.00108507	5	4	4	4	0.320234	350	0	0	0	0	0.348148	4.59786	128.231	-473.369	1	0	0	0	0	0	0	0
14.08.2015 07:54:55.631000	-0.005	-0.00428328	-0.0127401	711.094	-669.383	-0.00217014	5	4	4	4	0.304404	350	0	0	0	0	0.345862	4.45491	128.25	-473.988	1	0	0	0	0	0	0	0
14.08.2015 07:54:55.731000	-0.005	-0.00428328	-0.0127401	711.094	-669.383	-0.00180845	5	4	4	4	0.285212	350	0	0	0	0	0.344416	4.52132	128.296	-473.91	1	0	0	0	0	0	0	0
14.08.2015 07:54:55.831000	-0.005	-0.00428328	-0.0127401	711.094	-669.375	-0.00108507	5	4	4	4	0.321272	350	0	0	0	0	0.342332	4.58248	128.453	-474.274	1	0	0	0	0	0	0	0
14.08.2015 07:54:55.931000	-0.005	-0.00428328	-0.0127401	711.094	-669.383	-0.00108507	5	4	4	4	0.334285	350	0	0	0	0	0.342216	4.54244	128.713	-475.426	1	0	0	0	0	0	0	0
14.08.2015 07:54:56.031000	-0.005	-0.00428328	-0.0127401	711.094	-669.383	-0.000542535	5	4	4	4	0.338123	350	0	0	0	0	0.340422	4.53097	128.87	-476.058	1	0	0	0	0	0	0	0
14.08.2015 07:54:56.131000	-0.005	-0.00428328	-0.0127401	711.094	-669.383	-0.00108507	5	4	4	4	0.314766	350	0	0	0	0	0.340177	4.19032	128.989	-477.823	1	0	0	0	0	0	0	0
14.08.2015 07:54:56.231000	-0.005	-0.00428328	-0.0127401	711.102	-669.387	-0.00217014	5	4	4	4	0.319909	350	0	0	0	0	0.339533	4.08216	128.667	-477.01	1	0	0	0	0	0	0	0
14.08.2015 07:54:56.331000	-0.005	-0.00428328	-0.0127401	711.104	-669.391	-0.00180845	5	4	4	4	0.31538	350	0	0	0	0	0.339453	4.59328	127.395	-470.184	1	0	0	0	0	0	0	0
14.08.2015 07:54:56.431000	-0.005	-0.00428328	-0.0127401	711.109	-669.391	-0.00325521	5	4	4	4	0.314896	350	0	0	0	0	0.339366	6.26746	129.446	-471.624	1	0	0	0	0	0	0	0
14.08.2015 07:54:56.531000	-0.005	-0.00428328	-0.0127401	711.104	-669.388	-0.00108507	5	4	4	4	0.289424	350	0	0	0	0	0.338419	4.86489	129.471	-477.091	1	0	0	0	0	0	0	0
14.08.2015 07:54:56.631000	-0.005	-0.00428328	-0.0127401	711.109	-669.387	-0.00325521	5	4	4	4	0.282176	350	0	0	0	0	0.339533	4.69692	128.743	-474.947	1	0	0	0	0	0	0	0
14.08.2015 07:54:56.731000	-0.005	-0.00428328	-0.0127401	711.109	-669.385	-0.00144676	5	4	4	4	0.296905	350	0	0	0	0	0.338997	5.3361	128.557	-471.786	1	0	0	0	0	0	0	0
14.08.2015 07:54:56.831000	-0.005	-0.00428328	-0.0127401	711.109	-669.391	-0.00108507	5	4	4	4	0.322819	350	0	0	0	0	0.339554	5.0065	128.438	-472.596	1	0	0	0	0	0	0	0
14.08.2015 07:54:56.931000	-0.005	-0.00428328	-0.0127401	711.109	-669.385	-0.00289352	5	4	4	4	0.318005	350	0	0	0	0	0.338976	4.86007	128.298	-472.618	1	0	0	0	0	0	0	0
14.08.2015 07:54:57.031000	-0.005	-0.00428328	-0.0127401	711.109	-669.391	-0.00108507	5	4	4	4	0.323537	350	0	0	0	0	0.339822	5.08725	128.22	-471.451	1	0	0	0	0	0	0	0
14.08.2015 07:54:57.131000	-0.005	-0.00428328	-0.0127401	711.109	-669.391	-0.00144676	5	4	4	4	0.333087	350	0	0	0	0	0.338708	5.18174	128.184	-470.953	1	0	0	0	0	0	0	0
14.08.2015 07:54:57.231000	-0.005	-0.00428328	-0.0127401	711.109	-669.391	-0.00108507	5	4	4	4	0.334251	350	0	0	0	0	0.33844	4.88418	128.099	-471.764	1	0	0	0	0	0	0	0
14.08.2015 07:54:57.331000	-0.005	-0.00428328	-0.0127401	711.109	-669.391	-0.00180845	5	4	4	4	0.306641	350	0	0	0	0	0.338354	4.91464	127.927	-470.988	1	0	0	0	0	0	0	0
14.08.2015 07:54:57.431000	-0.005	-0.00428328	-0.0127401	711.109	-669.391	-0.00217014	5	4	4	4	0.288692	350	0	0	0	0	0.338997	4.60842	127.881	-471.986	1	0	0	0	0	0	0	0
14.08.2015 07:54:57.531000	-0.005	-0.00428328	-0.0127401	711.109	-669.391	-0.0036169	5	4	4	4	0.298298	350	0	0	0	0	0.338831	4.45088	127.857	-472.497	1	0	0	0	0	0	0	0
14.08.2015 07:54:57.631000	-0.005	-0.00428328	-0.0127401	711.109	-669.391	-0.00379774	5	4	4	4	0.315285	350	0	0	0	0	0.338542	13.0816	117.674	-400.464	1	0	0	0	0	0	0	0
14.08.2015 07:54:57.731000	-0.005	-0.00428328	-0.0127401	711.023	-669.391	-0.00180845	5	4	4	4	0.321378	350	0.422309	0	0	9.10624	0.339366	100.696	93.4476	27.7529	1	0	0	0	0	0	0	0
14.08.2015 07:54:57.831000	-0.005	-0.00428328	-0.0127401	709.859	-669.387	-0.00108507	5	4	4	4	0.324983	350	3.26953	0	0	35.0155	0.339164	109.949	83.6529	100.682	1	0	0	0	0	0	0	0
14.08.2015 07:54:57.931000	-0.005	-0.00428328	-0.0127401	699.919	-669.385	-0.00108507	5	4	4	4	0.327567	350	6.7634	0	0	35.5315	0.33912	109.676	83.2422	101.211	1	0	0	0	0	0	0	0
14.08.2015 07:54:58.031000	-0.005	-0.00428328	-0.0127401	675.816	-669.387	0.00108507	5	4	4	4	0.31393	350	10.3443	0	0	36.3621	0.337985	112.248	86.0863	100.169	1	0	0	0	0	0	0	0
14.08.2015 07:54:58.131000	-0.005	-0.00428328	-0.0127401	655.891	-669.391	-0.00144676	5	4	4	4	0.317777	350	13.9914	0	0	36.7626	0.338686	116	90.156	98.9533	1	0	0	0	0	0	0	0
14.08.2015 07:54:58.231000	-0.005	-0.00428328	-0.0127401	632.008	-669.391	-0.00108507	5	4	4	4	0.312296	350	17.6235	0	0	35.957	0.338086	118.634	92.9507	98.335	1	0	0	0	0	0	0	0
14.08.2015 07:54:58.331000	-0.005	-0.00428328	-0.0127401	603.557	-669.391	-0.00180845	5	4	4	4	0.302738	350	21.2159	0	0	35.9479	0.338006	119.254	93.752	97.6402	1	0	0	0	0	0	0	0
14.08.2015 07:54:58.431000	-0.005	-0.00428328	-0.0127401	557.219	-669.391	-0.00108507	5	4	4	4	0.305062	350	24.8197	19	0	38.7431	0.33792	118.114	90.1881	106.924	1	0.72	0	0	0	0	0	0
14.08.2015 07:54:58.531000	-0.005	-0.00428328	-0.0127401	519.841	-669.391	-0.00217014	5	4	4	4	0.318391	350	29.3323	50	0	43.4829	0.338006	104.071	84.1946	76.1016	1	1	0	0	0	0	0	0
14.08.2015 07:54:58.631000	-0.005	-0.00428328	-0.0127401	480.484	-669.395	-0.00108507	5	4	4	4	0.303538	350	31.708	47.372	0	15.5276	0.33792	84.6541	60.5872	92.1473	1	1	0	0	0	0	0	0
14.08.2015 07:54:58.731000	-0.005	-0.00428328	-0.0127401	437.109	-669.409	0.00108507	5	4	4	4	0.277456	350	32.8371	37.7502	0	10.393	0.337551	60.8504	36.4361	93.4775	1	1	0	0	0	0	0	0
14.08.2015 07:54:58.831000	-0.005	-0.00428328	-0.0127401	390.789	-669.445	0.000542535	5	4	4	4	0.324424	350	33.6648	27.7503	0	7.80829	0.337818	52.0162	27.364	94.3885	1	1	0	0	0	0	0	0
14.08.2015 07:54:58.931000	-0.005	-0.00428328	-0.0127401	356.172	-669.44	0.00072338	5	4	4	4	57.3946	350	34.1926	11.3778	0	5.76364	1.05595	47.331	22.8072	93.8968	1	1	1	0	0	0	0	0
14.08.2015 07:54:59.031000	-0.005	-0.00428328	-0.0127401	323.91	-669.43	0.000542535	5	4	4	4	86.365	350	34.3711	5.20048	0	3.48458	7.42568	45.9525	20.4737	97.5533	1	1	1	0	0	0	0	0
14.08.2015 07:54:59.131000	-0.005	-0.00428328	-0.0127401	286.555	-669.43	0	5	4	4	4	86.2944	350	34.5094	5.20048	0	2.00575	10.5264	44.8155	19.5301	96.8127	1	1	1	0	0	0	0	0
14.08.2015 07:54:59.231000	-0.005	-0.00428328	-0.0127401	254.902	-669.441	-0.00108507	5	4	4	4	86.2033	350	34.6412	5.20048	0	1.54876	11.3208	44.0559	18.8603	96.4689	1	1	1	0	0	0	0	0
14.08.2015 07:54:59.331000	-0.005	-0.00428328	-0.0127401	232.089	-669.44	-0.00144676	5	4	4	4	85.9052	350	34.7666	5.20048	0	1.48047	11.5961	43.7571	18.257	97.635	1	1	1	0	0	0	0	0
14.08.2015 07:54:59.431000	-0.005	-0.00428328	-0.0127401	216.973	-669.445	-0.00217014	5	4	4	4	85.9926	350	34.8974	5.20048	0	1.30464	11.6651	42.7562	17.7996	95.5537	1	1	1	0	0	0	0	0
14.08.2015 07:54:59.531000	-0.005	-0.00428328	-0.0127401	192.729	-669.445	-0.00108507	5	4	4	4	86.032	350	35.0213	5.20048	0	1.29539	11.6928	42.6862	17.5059	96.4102	1	1	1	0	0	0	0	0
14.08.2015 07:54:59.631000	-0.005	-0.00428328	-0.0127401	175.309	-669.445	-0.00108507	5	4	4	4	86.1051	350	35.1436	5.20048	0	1.22149	11.7052	42.4487	17.2757	96.3824	1	1	1	0	0	0	0	0
14.08.2015 07:54:59.731000	-0.005	-0.00428328	-0.0127401	159.706	-669.445	-0.00108507	5	4	4	4	86.1529	350	35.266	5.20048	0	1.21328	11.7144	42.2615	17.0632	96.4792	1	1	1	0	0	0	0	0
14.08.2015 07:54:59.831000	-0.005	-0.00428328	-0.0127401	143.625	-669.449	-0.00108507	5	4	4	4	86.2503	350	35.3879	5.20048	0	1.24053	11.7108	42.1221	16.932	96.4479	1	1	1	0	0	0	0	0
14.08.2015 07:54:59.931000	-0.005	-0.00428328	-0.0127401	133.432	-669.451	-0.00108507	5	4	4	4	86.2389	350	35.5087	5.20048	0	1.24355	11.7149	42.0037	16.8751	96.2123	1	1	1	0	0	0	0	0
14.08.2015 07:55:00.031000	-0.005	-0.00428328	-0.0127401	127.605	-669.453	-0.00108507	5	4	4	4	86.4329	350	35.6286	5.20048	0	1.21312	11.7188	41.8934	16.8358	95.9407	1	1	1	0	0	0	0	0
14.08.2015 07:55:00.131000	-0.005	-0.00428328	-0.0127401	125.083	-669.453	-0.00144676	5	4	4	4	86.3211	350	35.753	5.20048	0	1.20733	11.7251	41.7756	16.8757	95.3366	1	1	1	0	0	0	0	0
14.08.2015 07:55:00.231000	-0.005	-0.00428328	-0.0127401	125.602	-669.453	-0.000542535	5	4	4	4	86.3994	350	35.8694	5.20048	0	1.19855	11.7203	41.7281	16.7663	95.5738	1	1	1	0	0	0	0	0
14.08.2015 07:55:00.331000	-0.005	-0.00428328	-0.0127401	126.391	-669.458	0.00072338	5	4	4	4	86.4003	350	35.9892	5.20048	0	1.19578	11.7225	41.7016	16.7321	95.603	1	1	1	0	0	0	0	0
14.08.2015 07:55:00.431000	-0.005	-0.00428328	-0.0127401	126.594	-669.461	0.00108507	5	4	4	4	86.5861	350	36.1086	5.20048	0	1.19196	11.731	41.6694	16.7056	95.5811	1	1	1	0	0	0	0	0
14.08.2015 07:55:00.531000	-0.005	-0.00428328	-0.0127401	126.688	-669.466	0.00072338	5	4	4	4	86.5106	350	36.225	5.20048	0	1.19008	11.7283	41.6976	16.6361	95.9557	1	1	1	0	0	0	0	0
14.08.2015 07:55:00.631000	-0.005	-0.00428328	-0.0127401	126.68	-669.469	-0.000542535	5	4	4	4	86.4382	350	36.3464	5.20048	0	1.18689	11.7284	41.7272	16.6178	96.1389	1	1	1	0	0	0	0	0
14.08.2015 07:55:00.731000	-0.005	-0.00428328	-0.0127401	126.68	-669.469	0.00108507	5	4	4	4	86.3641	350	36.4653	5.20048	0	1.18448	11.7279	41.683	16.6265	95.9363	1	1	1	0	0	0	0	0
14.08.2015 07:55:00.831000	-0.005	-0.00428328	-0.0127401	126.68	-669.469	0.000542535	5	4	4	4	86.3244	350	36.5857	5.20048	0	1.19616	11.7332	41.7417	16.6298	96.1485	1	1	1	0	0	0	0	0
14.08.2015 07:55:00.931000	-0.005	-0.00428328	-0.0127401	126.68	-669.477	0.00108507	5	4	4	4	86.2849	350	36.704	5.20048	0	1.20739	11.7336	41.751	16.6376	96.1541	1	1	1	0	0	0	0	0
14.08.2015 07:55:01.031000	-0.005	-0.00428328	-0.0127401	126.68	-669.477	-0.00108507	5	4	4	4	86.3016	350	36.8219	5.20048	0	1.20238	11.7394	41.7667	16.6532	96.1548	1	1	1	0	0	0	0	0
14.08.2015 07:55:01.131000	-0.005	-0.00428328	-0.0127401	126.68	-669.482	-0.00108507	5	4	4	4	86.1602	350	36.9448	5.20048	0	1.19575	11.7437	41.7748	16.6654	96.1389	1	1	1	0	0	0	0	0
14.08.2015 07:55:01.231000	-0.005	-0.00428328	-0.0127401	126.68	-669.484	-0.0016276	5	4	4	4	85.8604	350	37.0612	5.20048	0	1.19029	11.7329	41.8429	16.6615	96.4147	1	1	1	0	0	0	0	0
14.08.2015 07:55:01.331000	-0.005	-0.00428328	-0.0127401	126.68	-669.484	-0.00253183	5	4	4	4	85.887	350	37.1791	5.20048	0	1.17869	11.72	41.7436	16.664	96.0251	1	1	1	0	0	0	0	0
14.08.2015 07:55:01.431000	-0.005	-0.00428328	-0.0127401	126.68	-669.484	-0.00434028	5	4	4	4	85.8721	350	37.2994	5.20048	0	1.17995	11.7106	41.8599	16.6755	96.4261	1	1	1	0	0	0	0	0
14.08.2015 07:55:01.531000	-0.005	-0.00428328	-0.0127401	126.68	-669.484	-0.00470197	5	4	4	4	86.0877	350	37.4168	5.20048	0	1.18442	11.7105	41.8285	16.6905	96.2487	1	1	1	0	0	0	0	0
14.08.2015 07:55:01.631000	-0.005	-0.00428328	-0.0127401	126.68	-669.484	-0.00488281	5	4	4	4	86.1583	350	37.5392	5.20048	0	1.18601	11.7106	41.8251	16.6948	96.2188	1	1	1	0	0	0	0	0
14.08.2015 07:55:01.731000	-0.005	-0.00428328	-0.0127401	126.68	-669.49	-0.00217014	5	4	4	4	86.1826	350	37.6556	5.20048	0	1.19577	11.7134	41.8369	16.7082	96.2128	1	1	1	0	0	0	0	0
14.08.2015 07:55:01.831000	-0.005	-0.00428328	-0.0127401	126.68	-669.492	-0.00108507	5	4	4	4	86.1143	350	37.77	5.20048	0	1.19526	11.7151	41.873	16.7136	96.3305	1	1	1	0	0	0	0	0
14.08.2015 07:55:01.931000	-0.005	-0.00428328	-0.0127401	126.68	-669.492	0.00072338	5	4	4	4	86.291	350	37.8914	5.20048	0	1.17878	11.7228	41.8826	16.718	96.3502	1	1	1	0	0	0	0	0
14.08.2015 07:55:02.031000	-0.005	-0.00428328	-0.0127401	126.68	-669.492	-0.00108507	5	4	4	4	86.3036	350	38.0103	5.20048	0	1.17878	11.7193	41.8784	16.7176	96.3359	1	1	1	0	0	0	0	0
14.08.2015 07:55:02.131000	-0.005	-0.00428328	-0.0127401	126.68	-669.5	0.00144676	5	4	4	4	86.1973	350	38.1321	5.20048	0	1.19494	11.7142	41.9117	16.7321	96.4077	1	1	1	0	0	0	0	0
14.08.2015 07:55:02.231000	-0.005	-0.00428328	-0.0127401	126.68	-669.5	0	5	4	4	4	86.079	350	38.251	5.20048	0	1.19579	11.7122	41.8834	16.7321	96.2992	1	1	1	0	0	0	0	0
14.08.2015 07:55:02.331000	-0.005	-0.00428328	-0.0127401	126.68	-669.5	-0.00108507	5	4	4	4	86.1783	350	38.3669	5.20048	0	1.18145	11.7005	41.9045	16.7445	96.3326	1	1	1	0	0	0	0	0
14.08.2015 07:55:02.431000	-0.005	-0.00428328	-0.0127401	126.68	-669.5	-0.00325521	5	4	4	4	86.0898	350	38.4908	5.20048	0	1.17871	11.7051	41.9189	16.7826	96.242	1	1	1	0	0	0	0	0
14.08.2015 07:55:02.531000	-0.005	-0.00428328	-0.0127401	126.682	-669.5	-0.00542535	5	4	4	4	86.0269	350	38.6092	5.20048	0	1.21111	11.7167	41.8733	16.8151	95.9428	1	1	1	0	0	0	0	0
14.08.2015 07:55:02.631000	-0.005	-0.00428328	-0.0127401	126.68	-669.5	-0.00271267	5	4	4	4	85.8468	350	38.734	5.20048	0	1.21921	11.7248	41.9216	16.8277	96.0795	1	1	1	0	0	0	0	0
14.08.2015 07:55:02.731000	-0.005	-0.00428328	-0.0127401	126.68	-669.5	-0.00325521	5	4	4	4	85.9205	350	38.8544	5.20048	0	1.22391	11.7192	41.9402	16.818	96.1877	1	1	1	0	0	0	0	0
14.08.2015 07:55:02.831000	-0.005	-0.00428328	-0.0127401	126.68	-669.5	-0.00108507	5	4	4	4	90.6416	350	38.9787	5.20048	0	1.22531	11.7223	41.8835	16.8213	95.958	1	1	1	0	0	0	0	0
14.08.2015 07:55:02.931000	-0.005	-0.00428328	-0.0127401	126.68	-669.503	-0.00144676	5	4	4	4	113.35	350	39.0986	5.20048	0	1.21661	11.6629	41.8215	16.8155	95.743	1	1	1	0	0	0	0	0
14.08.2015 07:55:03.031000	-0.005	-0.00428328	-0.0127401	126.68	-669.504	0.00108507	5	4	4	4	131.324	350	39.2235	5.20048	0	1.21323	11.6318	41.8863	16.8138	95.9977	1	1	1	0	0	0	0	0
14.08.2015 07:55:03.131000	-0.005	-0.00428328	-0.0127401	126.68	-669.508	-0.00180845	5	4	4	4	152.26	350	39.3438	5.20048	0	1.21724	11.5677	41.9133	16.8115	96.1095	1	1	1	0	0	0	0	0
14.08.2015 07:55:03.231000	-0.005	-0.00428328	-0.0127401	126.68	-669.508	-0.00217014	5	4	4	4	189.065	350	39.4637	5.20048	0	1.21913	11.5273	41.8448	16.8162	95.8295	1	1	1	0	0	0	0	0
14.08.2015 07:55:03.331000	-0.005	-0.00428328	-0.0127401	126.68	-669.508	1.71694	5	4	4	4	306.18	350	39.5871	5.20048	0	1.21536	11.3677	41.9145	16.8103	96.1188	1	1	1	0	0	0	0	0
14.08.2015 07:55:03.431000	-0.005	-0.00428328	-0.0127401	126.68	-669.508	10.6852	5	4	4	4	256.245	350	39.7025	5.20048	0	1.21315	11.0132	41.8802	16.8126	95.9788	1	1	1	0	0	0	0	0
14.08.2015 07:55:03.531000	-0.005	-0.00428328	-0.0127401	126.682	-669.508	17.1369	5	4	4	4	335.75	350	39.8288	5.20048	0	1.21319	10.9854	41.9169	16.8033	96.1548	1	1	1	0	0	0	0	0
14.08.2015 07:55:03.631000	-0.005	-0.00428328	-0.0127401	126.688	-669.512	23.316	5	4	4	4	449.651	350	39.9457	5.20048	0	1.21322	10.8459	41.8863	16.799	96.0543	1	1	1	0	0	0	0	0
14.08.2015 07:55:03.731000	-0.005	-0.00428328	-0.0127401	126.682	-669.508	26.4081	5	4	4	4	313.983	350	40.0671	5.20048	0	1.20724	10.7309	41.8034	16.7982	95.74	1	1	1	0	0	0	0	0
14.08.2015 07:55:03.831000	-0.005	-0.00428328	-0.0127401	126.684	-669.516	27.7327	5	4	4	4	353.664	350	40.1899	5.20048	0	1.20149	10.7087	41.882	16.8084	96.0015	1	1	1	0	0	0	0	0
14.08.2015 07:55:03.931000	-0.005	-0.00428328	-0.0127401	126.68	-669.513	28.0932	5	4	4	4	226.336	350	40.3098	5.20048	0	1.20404	10.7012	41.9884	16.82	96.3649	1	1	1	0	0	0	0	0
14.08.2015 07:55:04.031000	-0.005	-0.00428328	-0.0127401	126.684	-669.512	28.4147	5	4	4	4	483.214	350	40.4357	5.20048	0	1.20716	10.699	41.9497	16.8318	96.1714	1	1	1	0	0	0	0	0
14.08.2015 07:55:04.131000	-0.005	-0.00428328	-0.0127401	126.682	-669.513	28.6853	5	4	4	4	399.734	350	40.5541	5.20048	0	1.21761	10.6497	41.9142	16.8611	95.9232	1	1	1	0	0	0	0	0
14.08.2015 07:55:04.231000	-0.005	-0.00428328	-0.0127401	126.684	-669.516	29.1428	5	4	4	4	474.865	350	40.6794	5.20048	0	1.23145	10.663	41.9183	16.8482	95.9884	1	1	1	0	0	0	0	0
14.08.2015 07:55:04.331000	-0.005	-0.00428328	-0.0127401	126.68	-669.516	29.5193	5	4	4	4	512.849	350	40.7993	5.20048	0	1.23135	10.6694	41.935	16.8535	96.0319	1	1	1	0	0	0	0	0
14.08.2015 07:55:04.431000	-0.005	-0.00428328	-0.0127401	126.684	-669.516	29.8513	5	4	4	4	546.809	350	40.9256	5.20048	0	1.23121	10.6733	41.9426	16.8661	96.0129	1	1	1	0	0	0	0	0
14.08.2015 07:55:04.531000	-0.005	-0.00428328	-0.0127401	126.68	-669.516	29.8759	5	4	4	4	580.713	350	41.043	5.20048	0	1.22286	10.663	41.9013	16.8701	95.8393	1	1	1	0	0	0	0	0
14.08.2015 07:55:04.631000	-0.005	-0.00428328	-0.0127401	126.68	-669.516	29.9316	5	4	4	4	605.097	350	41.1674	5.20048	0	1.20736	10.6572	42.0634	16.8702	96.4595	1	1	1	0	0	0	0	0
14.08.2015 07:55:04.731000	-0.005	-0.00428328	-0.0127401	126.682	-669.516	30.1092	5	4	4	4	628.739	350	41.2863	5.20048	0	1.21103	10.6616	41.9938	16.8629	96.2214	1	1	1	0	0	0	0	0
14.08.2015 07:55:04.831000	-0.005	-0.00428328	-0.0127401	126.68	-669.516	30.2306	5	4	4	4	615.09	350	41.4071	5.20048	0	1.21921	10.6717	42.0163	16.8686	96.2854	1	1	1	0	0	0	0	0
14.08.2015 07:55:04.931000	-0.005	-0.00428328	-0.0127401	126.685	-669.516	30.3161	5	4	4	4	571.023	350	41.528	5.20048	0	1.21494	10.682	41.9246	16.8598	95.9681	1	1	1	0	0	0	0	0
14.08.2015 07:55:05.031000	-0.005	-0.00428328	-0.0127401	126.68	-669.516	30.383	5	4	4	4	551.787	350	41.6459	5.20048	0	1.20145	10.7225	41.9786	16.864	96.1585	1	1	1	0	0	0	0	0
14.08.2015 07:55:05.131000	-0.005	-0.00428328	-0.0127401	126.685	-669.516	30.4264	5	4	4	4	666.158	350	41.7722	5.20048	0	1.20368	10.7326	41.9529	16.8672	96.048	1	1	1	0	0	0	0	0
14.08.2015 07:55:05.231000	-0.005	-0.00428328	-0.0127401	126.68	-669.516	30.4443	5	4	4	4	543.935	350	41.8901	5.20048	0	1.21319	10.7359	41.9581	16.8783	96.0258	1	1	1	0	0	0	0	0
14.08.2015 07:55:05.331000	-0.005	-0.00428328	-0.0127401	126.688	-669.516	30.3693	5	4	4	4	605.84	350	42.018	4.65266	0	1.2151	10.8027	41.9844	16.9206	95.9646	1	1	1	0.16	0	0	0	0
14.08.2015 07:55:05.431000	-0.005	-0.00428328	-0.0127401	126.684	-669.516	30.2262	5	4	4	4	236.396	350	42.0891	1.90854	0.131967	1.22514	10.4431	42.1657	17.0956	95.9884	1	1	1	1	0	0	0	0
14.08.2015 07:55:05.531000	-0.005	-0.00428328	-0.0127401	126.682	-669.516	30.0763	5	4	4	4	293.685	350	42.1453	2.27495	0.49838	1.22514	8.50611	42.47	17.3312	96.2515	1	1	1	1	0	0	0	0
14.08.2015 07:55:05.631000	-0.005	-0.00428328	-0.0127401	126.688	-669.516	29.9593	5	4	4	4	404.875	350	42.203	2.17398	0.397405	1.22514	7.25298	42.7567	17.5693	96.4378	1	1	1	1	0	0	0	0
14.08.2015 07:55:05.731000	-0.005	-0.00428328	-0.0127401	126.685	-669.516	29.8929	5	4	4	4	442.582	350	42.2572	1.96666	0.190087	1.22514	6.87107	42.9727	17.7903	96.4182	1	1	1	1	0	0	0	0
14.08.2015 07:55:05.831000	-0.005	-0.00428328	-0.0127401	126.688	-669.516	29.7917	5	4	4	4	370.333	350	42.308	1.8151	0.0385261	0.848031	6.72648	43.1742	17.9928	96.4144	1	1	1	1	0	0	0	0
14.08.2015 07:55:05.931000	-0.005	-0.00428328	-0.0127401	126.688	-669.516	29.7023	5	4	4	4	377.434	350	42.3602	1.75341	-0.0231618	0.539488	6.70261	43.3595	18.1566	96.4986	1	1	1	1	0	0	0	0
14.08.2015 07:55:06.031000	-0.005	-0.00428328	-0.0127401	126.688	-669.516	29.6289	5	4	4	4	414.5	350	42.4104	1.62055	-0.156022	0.539488	6.70219	43.5115	18.3041	96.518	1	1	1	1	0	0	0	0
14.08.2015 07:55:06.131000	-0.005	-0.00428328	-0.0127401	126.685	-669.518	29.5508	5	4	4	4	336.077	350	42.4557	1.55317	-0.223405	0.539488	6.67922	43.6639	18.4418	96.5703	1	1	1	1	0	0	0	0
14.08.2015 07:55:06.231000	-0.005	-0.00428328	-0.0127401	126.688	-669.516	29.5003	5	4	4	4	399.907	350	42.5005	1.45145	-0.325126	0.539488	6.6889	43.7776	18.5656	96.5318	1	1	1	1	0	0	0	0
14.08.2015 07:55:06.331000	-0.005	-0.00428328	-0.0127401	126.688	-669.516	29.4774	5	4	4	4	379.243	350	42.5442	1.37556	-0.400971	0.519761	6.66081	43.905	18.6655	96.6369	1	1	1	1	0	0	0	0
14.08.2015 07:55:06.431000	-0.005	-0.00428328	-0.0127401	126.688	-669.516	29.4623	5	4	4	4	360.671	350	42.586	1.31056	-0.466011	0.473731	6.6767	44.01	18.7509	96.7122	1	1	1	1	0	0	0	0
14.08.2015 07:55:06.531000	-0.005	-0.00428328	-0.0127401	126.688	-669.518	29.451	5	4	4	4	360.854	350	42.6288	1.26766	-0.508907	0.473731	6.68597	44.0967	18.8451	96.6834	1	1	1	1	0	0	0	0
14.08.2015 07:55:06.631000	-0.005	-0.00428328	-0.0127401	126.691	-669.516	29.4412	5	4	4	4	293.804	350	42.6736	1.36093	-0.41561	0.473731	6.68657	44.1944	18.9366	96.7196	1	1	1	1	0	0	0	0
14.08.2015 07:55:06.731000	-0.005	-0.00428328	-0.0127401	126.688	-669.518	29.4368	5	4	4	4	336.736	350	42.7158	1.48142	-0.295175	0.473731	6.71994	44.2618	19.011	96.6886	1	1	1	1	0	0	0	0
14.08.2015 07:55:06.831000	-0.005	-0.00428328	-0.0127401	126.688	-669.516	29.4287	5	4	4	4	372.823	350	42.7636	1.41438	-0.362276	0.473731	6.71887	44.3243	19.0811	96.6533	1	1	1	1	0	0	0	0
14.08.2015 07:55:06.931000	-0.005	-0.00428328	-0.0127401	126.688	-669.523	29.4198	5	4	4	4	374.254	350	42.8069	1.38895	-0.387623	0.450757	6.69304	44.3943	19.1489	96.6546	1	1	1	1	0	0	0	0
14.08.2015 07:55:07.031000	-0.005	-0.00428328	-0.0127401	126.684	-669.523	29.413	5	4	4	4	350.58	350	42.8492	1.3644	-0.412174	0.434794	6.665	44.4391	19.2067	96.6098	1	1	1	1	0	0	0	0
14.08.2015 07:55:07.131000	-0.005	-0.00428328	-0.0127401	126.688	-669.523	29.4086	5	4	4	4	387.886	350	42.8909	1.33772	-0.438858	0.434794	6.66227	44.5042	19.256	96.6706	1	1	1	1	0	0	0	0
14.08.2015 07:55:07.231000	-0.005	-0.00428328	-0.0127401	126.688	-669.523	29.4021	5	4	4	4	349.411	350	42.9352	1.29243	-0.484145	0.434794	6.65347	44.5491	19.3097	96.643	1	1	1	1	0	0	0	0
14.08.2015 07:55:07.331000	-0.005	-0.00428328	-0.0127401	126.688	-669.523	29.3967	5	4	4	4	348.456	350	42.9775	1.26016	-0.516413	0.434794	6.66185	44.588	19.3517	96.6248	1	1	1	1	0	0	0	0
14.08.2015 07:55:07.431000	-0.005	-0.00428328	-0.0127401	126.688	-669.523	29.3902	5	4	4	4	357.425	350	43.0267	1.23741	-0.539165	0.434794	6.66813	44.6298	19.3923	96.6294	1	1	1	1	0	0	0	0
14.08.2015 07:55:07.531000	-0.005	-0.00428328	-0.0127401	126.688	-669.523	29.3877	5	4	4	4	338.645	350	43.0655	1.22158	-0.554992	0.429575	6.64957	44.6718	19.4332	96.6334	1	1	1	1	0	0	0	0
14.08.2015 07:55:07.631000	-0.005	-0.00428328	-0.0127401	126.691	-669.523	29.3859	5	4	4	4	297.537	350	43.1058	1.22655	-0.550025	0.428103	6.65547	44.7017	19.4641	96.6299	1	1	1	1	0	0	0	0
14.08.2015 07:55:07.731000	-0.005	-0.00428328	-0.0127401	126.688	-669.523	29.3775	5	4	4	4	291.566	350	43.1496	1.27954	-0.497036	0.428103	6.7102	44.7356	19.493	96.6488	1	1	1	1	0	0	0	0
14.08.2015 07:55:07.831000	-0.005	-0.00428328	-0.0127401	126.691	-669.523	29.3755	5	4	4	4	357.887	350	43.1939	1.36059	-0.415978	0.428103	6.71416	44.7627	19.5159	96.665	1	1	1	1	0	0	0	0
14.08.2015 07:55:07.931000	-0.005	-0.00428328	-0.0127401	126.688	-669.523	29.3699	5	4	4	4	316.303	350	43.2381	1.43241	-0.344164	0.428103	6.70888	44.7727	19.5397	96.6124	1	1	1	1	0	0	0	0
14.08.2015 07:55:08.031000	-0.005	-0.00428328	-0.0127401	126.688	-669.523	29.3522	5	4	4	4	368.978	350	43.2864	1.48973	-0.286845	0.432339	6.69359	44.7897	19.5643	96.5829	1	1	1	1	0	0	0	0
14.08.2015 07:55:08.131000	-0.005	-0.00428328	-0.0127401	126.688	-669.523	29.3435	5	4	4	4	358.802	350	43.3351	1.51197	-0.264601	0.447356	6.65721	44.8069	19.5722	96.6185	1	1	1	1	0	0	0	0
14.08.2015 07:55:08.231000	-0.005	-0.00428328	-0.0127401	126.688	-669.52	29.3408	5	4	4	4	350.894	350	43.3844	1.52368	-0.252893	0.447356	6.63291	44.8048	19.5937	96.5285	1	1	1	1	0	0	0	0
14.08.2015 07:55:08.331000	-0.005	-0.00428328	-0.0127401	126.688	-669.523	29.3424	5	4	4	4	314.262	350	43.4326	1.53986	-0.236707	0.447356	6.6501	44.818	19.6059	96.532	1	1	1	1	0	0	0	0
14.08.2015 07:55:08.431000	-0.005	-0.00428328	-0.0127401	126.688	-669.52	29.3403	5	4	4	4	346.111	350	43.4824	1.5737	-0.202871	0.447356	6.66233	44.8238	19.6049	96.5582	1	1	1	1	0	0	0	0
14.08.2015 07:55:08.531000	-0.005	-0.00428328	-0.0127401	126.69	-669.523	29.328	5	4	4	4	362.43	350	43.5346	1.59516	-0.181408	0.457662	6.66496	44.8247	19.6085	96.5476	1	1	1	1	0	0	0	0
14.08.2015 07:55:08.631000	-0.005	-0.00428328	-0.0127401	126.691	-669.523	29.3153	5	4	4	4	289.799	350	43.5863	1.62084	-0.155727	0.496434	6.69557	44.8219	19.6211	96.4888	1	1	1	1	0	0	0	0
14.08.2015 07:55:08.731000	-0.005	-0.00428328	-0.0127401	126.693	-669.523	29.3056	5	4	4	4	353.262	350	43.6361	1.68195	-0.0946182	0.496434	6.69776	44.8221	19.6146	96.5147	1	1	1	1	0	0	0	0
14.08.2015 07:55:08.831000	-0.005	-0.00428328	-0.0127401	126.691	-669.523	29.1374	5	4	4	4	365.115	350	43.6898	1.71517	-0.0614006	0.496434	6.66133	44.8087	19.6149	96.4621	1	1	1	1	0	0	0	0
14.08.2015 07:55:08.931000	-0.005	-0.00428328	-0.0127401	126.693	-669.523	28.7967	5	4	4	4	363.961	350	43.7445	1.71792	-0.0586543	0.496434	6.65266	44.8058	19.6061	96.4846	1	1	1	1	0	0	0	0
14.08.2015 07:55:09.031000	-0.005	-0.00428328	-0.0127401	126.688	-669.523	28.5938	5	4	4	4	370.993	350	43.7967	1.70539	-0.0711791	0.510564	6.64155	44.8045	19.6075	96.474	1	1	1	1	0	0	0	0
14.08.2015 07:55:09.131000	-0.005	-0.00428328	-0.0127401	126.695	-669.523	28.5977	5	4	4	4	339.422	350	43.848	1.68818	-0.0883946	0.525872	6.62695	44.7943	19.6096	96.4271	1	1	1	1	0	0	0	0
14.08.2015 07:55:09.231000	-0.005	-0.00428328	-0.0127401	126.691	-669.523	28.5872	5	4	4	4	316.813	350	43.9002	1.68606	-0.0905166	0.525872	6.63326	44.8004	19.6137	96.435	1	1	1	1	0	0	0	0
14.08.2015 07:55:09.331000	-0.005	-0.00428328	-0.0127401	126.695	-669.523	28.5192	5	4	4	4	323.805	350	43.9549	1.71254	-0.0640354	0.525872	6.6435	44.8002	19.6125	96.4385	1	1	1	1	0	0	0	0
14.08.2015 07:55:09.431000	-0.005	-0.00428328	-0.0127401	126.691	-669.523	28.4679	5	4	4	4	336.318	350	44.0091	1.7531	-0.0234762	0.525872	6.64845	44.7887	19.6135	96.3906	1	1	1	1	0	0	0	0
14.08.2015 07:55:09.531000	-0.005	-0.00428328	-0.0127401	126.693	-669.523	28.4115	5	4	4	4	310.236	350	44.0614	1.80783	0.0312592	0.530336	6.66402	44.7922	19.6187	96.3843	1	1	1	1	0	0	0	0
14.08.2015 07:55:09.631000	-0.005	-0.00428328	-0.0127401	126.691	-669.523	28.4028	5	4	4	4	300.464	350	44.1161	1.88795	0.111379	0.531452	6.68613	44.7868	19.6098	96.3979	1	1	1	1	0	0	0	0
14.08.2015 07:55:09.731000	-0.005	-0.00428328	-0.0127401	126.693	-669.523	28.4115	5	4	4	4	320.24	350	44.1792	1.98199	0.20542	0.531452	6.69852	44.7669	19.5946	96.3799	1	1	1	1	0	0	0	0
14.08.2015 07:55:09.831000	-0.005	-0.00428328	-0.0127401	126.695	-669.523	28.6409	5	4	4	4	366.378	350	44.235	2.06214	0.28557	0.531452	6.67574	44.752	19.5775	96.3883	1	1	1	1	0	0	0	0
14.08.2015 07:55:09.931000	-0.005	-0.00428328	-0.0127401	126.695	-669.523	28.7753	5	4	4	4	394.96	350	44.2932	2.10402	0.327448	0.550563	6.65694	44.7263	19.5523	96.3862	1	1	1	1	0	0	0	0
14.08.2015 07:55:10.031000	-0.005	-0.00428328	-0.0127401	126.695	-669.523	28.8216	5	4	4	4	352.868	350	44.3538	2.09504	0.31847	0.572999	6.65486	44.7034	19.5376	96.3549	1	1	1	1	0	0	0	0
14.08.2015 07:55:10.131000	-0.005	-0.00428328	-0.0127401	126.693	-669.521	28.7952	5	4	4	4	355.124	350	44.4115	2.07583	0.299256	0.572999	6.65096	44.6927	19.5257	96.3595	1	1	1	1	0	0	0	0
14.08.2015 07:55:10.231000	-0.005	-0.00428328	-0.0127401	126.695	-669.523	28.7451	5	4	4	4	361.773	350	44.4757	2.05592	0.279352	0.572999	6.63448	44.6724	19.5185	96.309	1	1	1	1	0	0	0	0
14.08.2015 07:55:10.331000	-0.005	-0.00428328	-0.0127401	126.695	-669.523	28.6317	5	4	4	4	312.57	350	44.5354	2.04974	0.27317	0.582685	6.65582	44.6772	19.5109	96.3567	1	1	1	1	0	0	0	0
14.08.2015 07:55:10.431000	-0.005	-0.00428328	-0.0127401	126.695	-669.523	28.578	5	4	4	4	326.625	350	44.5946	2.07867	0.302097	0.602351	6.68908	44.6619	19.5053	96.3198	1	1	1	1	0	0	0	0
14.08.2015 07:55:10.531000	-0.005	-0.00428328	-0.0127401	126.695	-669.523	28.4549	5	4	4	4	342.796	350	44.6513	2.11564	0.339064	0.602351	6.6611	44.6394	19.4966	96.2665	1	1	1	1	0	0	0	0
14.08.2015 07:55:10.631000	-0.005	-0.00428328	-0.0127401	126.695	-669.523	28.3979	5	4	4	4	335.56	350	44.711	2.14399	0.367421	0.602351	6.65036	44.6355	19.4876	96.2864	1	1	1	1	0	0	0	0
14.08.2015 07:55:10.731000	-0.005	-0.00428328	-0.0127401	126.695	-669.523	28.3887	5	4	4	4	331.45	350	44.7791	2.183	0.406431	0.603338	6.62773	44.6212	19.4713	96.2941	1	1	1	1	0	0	0	0
14.08.2015 07:55:10.831000	-0.005	-0.00428328	-0.0127401	126.695	-669.523	28.3881	5	4	4	4	301.892	350	44.8378	2.23657	0.459996	0.606644	6.65648	44.6043	19.4581	96.2796	1	1	1	1	0	0	0	0
14.08.2015 07:55:10.931000	-0.005	-0.00428328	-0.0127401	126.695	-669.523	28.3887	5	4	4	4	294.621	350	44.8985	2.31897	0.5424	0.606644	6.68024	44.5795	19.4448	96.2357	1	1	1	1	0	0	0	0
14.08.2015 07:55:11.031000	-0.005	-0.00428328	-0.0127401	126.695	-669.523	28.3892	5	4	4	4	375.355	350	44.9687	2.40849	0.63192	0.606644	6.68666	44.5623	19.4075	96.3128	1	1	1	1	0	0	0	0
14.08.2015 07:55:11.131000	-0.005	-0.00428328	-0.0127401	126.695	-669.523	28.389	5	4	4	4	337.862	350	45.0363	2.45519	0.678623	0.623743	6.63779	44.5253	19.3855	96.2553	1	1	1	1	0	0	0	0
14.08.2015 07:55:11.231000	-0.005	-0.00428328	-0.0127401	126.695	-669.523	28.4093	5	4	4	4	392.386	350	45.0995	2.48551	0.708934	0.649391	6.64481	44.4948	19.3545	96.2569	1	1	1	1	0	0	0	0
14.08.2015 07:55:11.331000	-0.005	-0.00428328	-0.0127401	126.695	-669.523	28.5044	5	4	4	4	380.264	350	45.1781	2.46731	0.690738	0.649391	6.64423	44.4661	19.3272	96.252	1	1	1	1	0	0	0	0
14.08.2015 07:55:11.431000	-0.005	-0.00428328	-0.0127401	126.695	-669.523	28.5411	5	4	4	4	349.28	350	45.2417	2.43611	0.659542	0.649391	6.65995	44.4446	19.3142	96.2193	1	1	1	1	0	0	0	0
14.08.2015 07:55:11.531000	-0.005	-0.00428328	-0.0127401	126.695	-669.523	28.5605	5	4	4	4	339.142	350	45.3059	2.41735	0.640781	0.678767	6.65376	44.4337	19.307	96.205	1	1	1	1	0	0	0	0
14.08.2015 07:55:11.631000	-0.005	-0.00428328	-0.0127401	126.695	-669.523	28.5628	5	4	4	4	340.018	350	45.382	2.41	0.633432	0.687052	6.66842	44.4222	19.2876	96.2352	1	1	1	1	0	0	0	0
14.08.2015 07:55:11.731000	-0.005	-0.00428328	-0.0127401	126.695	-669.523	28.5243	5	4	4	4	343.282	350	45.4427	2.41659	0.640018	0.687052	6.64388	44.4235	19.2781	96.2766	1	1	1	1	0	0	0	0
14.08.2015 07:55:11.831000	-0.005	-0.00428328	-0.0127401	126.695	-669.523	28.4842	5	4	4	4	293.529	350	45.5118	2.43139	0.654815	0.686319	6.66363	44.3955	19.2943	96.1076	1	1	1	1	0	0	0	0
14.08.2015 07:55:11.931000	-0.005	-0.00428328	-0.0127401	126.695	-669.523	28.4776	5	4	4	4	322.221	350	45.583	2.4906	0.714026	0.681416	6.70767	44.3872	19.2799	96.1305	1	1	1	1	0	0	0	0
14.08.2015 07:55:12.031000	-0.005	-0.00428328	-0.0127401	126.695	-669.523	28.4804	5	4	4	4	294.445	350	45.6476	2.56672	0.79015	0.681416	6.66291	44.3625	19.2671	96.0854	1	1	1	1	0	0	0	0
14.08.2015 07:55:12.131000	-0.005	-0.00428328	-0.0127401	126.695	-669.523	28.4769	5	4	4	4	338.349	350	45.7227	2.66279	0.886219	0.681416	6.67497	44.3417	19.2373	96.12	1	1	1	1	0	0	0	0
14.08.2015 07:55:12.231000	-0.005	-0.00428328	-0.0127401	126.695	-669.523	28.635	5	4	4	4	306.75	350	45.7899	2.74695	0.970379	0.688747	6.66918	44.3034	19.2032	96.1036	1	1	1	1	0	0	0	0
14.08.2015 07:55:12.331000	-0.005	-0.00428328	-0.0127401	126.695	-669.523	28.8227	5	4	4	4	410.416	350	45.8645	2.81463	1.03805	0.694745	6.65386	44.273	19.1541	96.1751	1	1	1	1	0	0	0	0
14.08.2015 07:55:12.431000	-0.005	-0.00428328	-0.0127401	126.695	-669.523	28.826	5	4	4	4	330.137	350	45.9391	2.82767	1.05109	0.694745	6.61852	44.2233	19.1289	96.0814	1	1	1	1	0	0	0	0
14.08.2015 07:55:12.531000	-0.005	-0.00428328	-0.0127401	126.695	-669.523	28.8191	5	4	4	4	332.627	350	46.0187	2.85664	1.08007	0.70835	6.64151	44.1972	19.0896	96.1317	1	1	1	1	0	0	0	0
14.08.2015 07:55:12.631000	-0.005	-0.00428328	-0.0127401	126.695	-669.523	28.8015	5	4	4	4	341.24	350	46.0893	2.88881	1.11223	0.751433	6.64372	44.161	19.0652	96.0868	1	1	1	1	0	0	0	0
14.08.2015 07:55:12.731000	-0.005	-0.00428328	-0.0127401	126.695	-669.523	28.7739	5	4	4	4	350.241	350	46.1739	2.92362	1.14705	0.751433	6.65185	44.1243	19.0337	96.0672	1	1	1	1	0	0	0	0
14.08.2015 07:55:12.831000	-0.005	-0.00428328	-0.0127401	126.695	-669.523	28.7381	5	4	4	4	383.464	350	46.2411	2.94014	1.16357	0.751433	6.6616	44.0998	18.9997	96.1031	1	1	1	1	0	0	0	0
14.08.2015 07:55:12.931000	-0.005	-0.00428328	-0.0127401	126.695	-669.523	28.8064	5	4	4	4	291.71	350	46.3256	2.93741	1.16084	0.76268	6.67251	44.0635	18.9819	96.0323	1	1	1	1	0	0	0	0
14.08.2015 07:55:13.031000	-0.005	-0.00428328	-0.0127401	126.695	-669.523	28.9632	5	4	4	4	318.366	350	46.3977	2.97792	1.20135	0.76291	6.70524	44.0386	18.9568	96.0335	1	1	1	1	0	0	0	0
14.08.2015 07:55:13.131000	-0.005	-0.00428328	-0.0127401	126.695	-669.523	28.958	5	4	4	4	331.292	350	46.4808	3.0374	1.26083	0.76291	6.69605	44.0135	18.9281	96.0468	1	1	1	1	0	0	0	0
14.08.2015 07:55:13.231000	-0.005	-0.00428328	-0.0127401	126.695	-669.523	28.7885	5	4	4	4	418.825	350	46.5594	3.07747	1.30089	0.780495	6.67649	43.9833	18.8861	96.0922	1	1	1	1	0	0	0	0
14.08.2015 07:55:13.331000	-0.005	-0.00428328	-0.0127401	126.695	-669.523	28.75	5	4	4	4	322.691	350	46.637	3.06551	1.28894	0.784619	6.64261	43.9507	18.8679	96.037	1	1	1	1	0	0	0	0
14.08.2015 07:55:13.431000	-0.005	-0.00428328	-0.0127401	126.695	-669.523	28.7207	5	4	4	4	315.738	350	46.723	3.07346	1.29689	0.784619	6.61905	43.9319	18.8485	96.0391	1	1	1	1	0	0	0	0
14.08.2015 07:55:13.531000	-0.005	-0.00428328	-0.0127401	126.695	-669.523	28.7171	5	4	4	4	304.712	350	46.7992	3.11472	1.33815	0.803514	6.63838	43.9049	18.8334	95.9938	1	1	1	1	0	0	0	0
14.08.2015 07:55:13.631000	-0.005	-0.00428328	-0.0127401	126.695	-669.523	28.7131	5	4	4	4	371.839	350	46.8822	3.17916	1.40259	0.810152	6.66066	43.8865	18.7996	96.0524	1	1	1	1	0	0	0	0
14.08.2015 07:55:13.731000	-0.005	-0.00428328	-0.0127401	126.695	-669.523	28.7366	5	4	4	4	366.673	350	46.9698	3.20932	1.43275	0.810152	6.6059	43.8514	18.7771	96.0045	1	1	1	1	0	0	0	0
14.08.2015 07:55:13.831000	-0.005	-0.00428328	-0.0127401	126.695	-669.523	28.7592	5	4	4	4	308.457	350	47.0484	3.21879	1.44222	0.817711	6.62471	43.8226	18.7547	95.9802	1	1	1	1	0	0	0	0
14.08.2015 07:55:13.931000	-0.005	-0.00428328	-0.0127401	126.695	-669.523	28.7529	5	4	4	4	371.307	350	47.1329	3.24663	1.47006	0.820799	6.65233	43.8134	18.725	96.0583	1	1	1	1	0	0	0	0
14.08.2015 07:55:14.031000	-0.005	-0.00428328	-0.0127401	126.699	-669.523	28.7478	5	4	4	4	322.448	350	47.221	3.26591	1.48934	0.820799	6.64274	43.7842	18.7132	95.9921	1	1	1	1	0	0	0	0
14.08.2015 07:55:14.131000	-0.005	-0.00428328	-0.0127401	126.703	-669.523	28.7388	5	4	4	4	388.355	350	47.2981	3.27943	1.50286	0.830889	6.59547	43.7567	18.6887	95.9805	1	1	1	1	0	0	0	0
14.08.2015 07:55:14.231000	-0.005	-0.00428328	-0.0127401	126.699	-669.523	28.7229	5	4	4	4	370.124	350	47.3811	3.25799	1.48142	0.834621	6.60679	43.7405	18.6723	95.9814	1	1	1	1	0	0	0	0
14.08.2015 07:55:14.331000	-0.005	-0.00428328	-0.0127401	126.703	-669.523	28.6957	5	4	4	4	282.387	350	47.4657	3.24283	1.46626	0.834621	6.62224	43.7321	18.6644	95.9793	1	1	1	1	0	0	0	0
14.08.2015 07:55:14.431000	-0.005	-0.00428328	-0.0127401	126.703	-669.523	28.6388	5	4	4	4	343.505	350	47.5473	3.2844	1.50782	0.830553	6.65304	43.7211	18.6535	95.9791	1	1	1	1	0	0	0	0
14.08.2015 07:55:14.531000	-0.005	-0.00428328	-0.0127401	126.703	-669.523	28.6234	5	4	4	4	324.929	350	47.6298	3.33229	1.55571	0.829048	6.61576	43.7015	18.6495	95.919	1	1	1	1	0	0	0	0
14.08.2015 07:55:14.631000	-0.005	-0.00428328	-0.0127401	126.703	-669.523	28.6149	5	4	4	4	332.707	350	47.7184	3.37861	1.60204	0.829048	6.62196	43.6907	18.6326	95.9424	1	1	1	1	0	0	0	0
14.08.2015 07:55:14.731000	-0.005	-0.00428328	-0.0127401	126.703	-669.523	28.6122	5	4	4	4	330.33	350	47.8015	3.4281	1.65153	0.842396	6.64036	43.6722	18.6195	95.9216	1	1	1	1	0	0	0	0
14.08.2015 07:55:14.831000	-0.005	-0.00428328	-0.0127401	126.703	-669.523	28.7717	5	4	4	4	332.494	350	47.886	3.48565	1.70908	0.845945	6.65466	43.6434	18.5941	95.9087	1	1	1	1	0	0	0	0
14.08.2015 07:55:14.931000	-0.005	-0.00428328	-0.0127401	126.703	-669.523	28.8958	5	4	4	4	364.029	350	47.9765	3.53758	1.76101	0.845945	6.64278	43.6028	18.5783	95.8141	1	1	1	1	0	0	0	0
14.08.2015 07:55:15.031000	-0.005	-0.00428328	-0.0127401	126.703	-669.523	28.8883	5	4	4	4	369.484	350	48.0676	3.55482	1.77825	0.877502	6.60388	43.5688	18.5587	95.7587	1	1	1	1	0	0	0	0
14.08.2015 07:55:15.131000	-0.005	-0.00428328	-0.0127401	126.703	-669.523	28.8867	5	4	4	4	347.839	350	48.1576	3.55743	1.78085	0.878817	6.56638	43.5473	18.538	95.7556	1	1	1	1	0	0	0	0
14.08.2015 07:55:15.231000	-0.005	-0.00428328	-0.0127401	126.703	-669.523	28.8883	5	4	4	4	321.324	350	48.2452	3.56162	1.78505	0.880979	6.56147	43.5202	18.52	95.7208	1	1	1	1	0	0	0	0
14.08.2015 07:55:15.331000	-0.005	-0.00428328	-0.0127401	126.703	-669.523	28.8882	5	4	4	4	331.546	350	48.3367	3.58119	1.80461	0.891534	6.62067	43.4958	18.5013	95.6991	1	1	1	1	0	0	0	0
14.08.2015 07:55:15.431000	-0.005	-0.00428328	-0.0127401	126.703	-669.523	28.8862	5	4	4	4	356.135	350	48.4252	3.60594	1.82936	0.891534	6.6554	43.4787	18.4815	95.7094	1	1	1	1	0	0	0	0
14.08.2015 07:55:15.531000	-0.005	-0.00428328	-0.0127401	126.703	-669.523	28.8607	5	4	4	4	310.457	350	48.5197	3.63083	1.85425	0.900105	6.65679	43.457	18.4673	95.6804	1	1	1	1	0	0	0	0
14.08.2015 07:55:15.631000	-0.005	-0.00428328	-0.0127401	126.703	-669.523	28.8129	5	4	4	4	342.091	350	48.6112	3.68235	1.90578	0.911013	6.66198	43.4422	18.4398	95.729	1	1	1	1	0	0	0	0
14.08.2015 07:55:15.731000	-0.005	-0.00428328	-0.0127401	126.703	-669.523	28.7214	5	4	4	4	402.093	350	48.7028	3.70961	1.93304	0.911013	6.6215	43.4112	18.4153	95.7042	1	1	1	1	0	0	0	0
14.08.2015 07:55:15.831000	-0.005	-0.00428328	-0.0127401	126.703	-669.523	28.712	5	4	4	4	317.253	350	48.7943	3.70371	1.92714	0.92398	6.58352	43.3832	18.4018	95.6486	1	1	1	1	0	0	0	0
14.08.2015 07:55:15.931000	-0.005	-0.00428328	-0.0127401	126.703	-669.523	28.7117	5	4	4	4	354.755	350	48.8828	3.72118	1.94461	0.928075	6.62964	43.37	18.3798	95.6825	1	1	1	1	0	0	0	0
14.08.2015 07:55:16.031000	-0.005	-0.00428328	-0.0127401	126.703	-669.523	28.7391	5	4	4	4	284.375	350	48.9759	3.74146	1.96489	0.927565	6.62564	43.3439	18.3682	95.6271	1	1	1	1	0	0	0	0
14.08.2015 07:55:16.131000	-0.005	-0.00428328	-0.0127401	126.703	-669.523	28.8227	5	4	4	4	336.789	350	49.0699	3.8013	2.02473	0.91106	6.64534	43.325	18.3403	95.6615	1	1	1	1	0	0	0	0
14.08.2015 07:55:16.231000	-0.005	-0.00428328	-0.0127401	126.703	-669.523	28.8395	5	4	4	4	313.217	350	49.1689	3.86774	2.09117	0.91106	6.61701	43.2963	18.3157	95.6458	1	1	1	1	0	0	0	0
14.08.2015 07:55:16.331000	-0.005	-0.00428328	-0.0127401	126.703	-669.523	28.8317	5	4	4	4	332.032	350	49.2639	3.94249	2.16592	0.93271	6.64954	43.2624	18.2808	95.6495	1	1	1	1	0	0	0	0
14.08.2015 07:55:16.431000	-0.005	-0.00428328	-0.0127401	126.703	-669.523	28.801	5	4	4	4	345.04	350	49.3609	4.01046	2.23389	0.960264	6.65163	43.225	18.2495	95.6259	1	1	1	1	0	0	0	0
14.08.2015 07:55:16.531000	-0.005	-0.00428328	-0.0127401	126.703	-669.523	28.7713	5	4	4	4	363.291	350	49.4584	4.05731	2.28074	0.960264	6.61204	43.1853	18.2133	95.6126	1	1	1	1	0	0	0	0
14.08.2015 07:55:16.631000	-0.005	-0.00428328	-0.0127401	126.703	-669.523	28.7625	5	4	4	4	402.528	350	49.5598	4.06361	2.28704	0.984797	6.60255	43.15	18.1722	95.6351	1	1	1	1	0	0	0	0
14.08.2015 07:55:16.731000	-0.005	-0.00428328	-0.0127401	126.703	-669.523	28.75	5	4	4	4	324.594	350	49.6578	4.03919	2.26262	0.98693	6.57083	43.122	18.1519	95.6054	1	1	1	1	0	0	0	0
14.08.2015 07:55:16.831000	-0.005	-0.00428328	-0.0127401	126.707	-669.523	28.7598	5	4	4	4	320.073	350	49.7588	4.04094	2.26437	0.99205	6.58617	43.1061	18.1387	95.5953	1	1	1	1	0	0	0	0
14.08.2015 07:55:16.931000	-0.005	-0.00428328	-0.0127401	126.706	-669.523	28.8477	5	4	4	4	326.759	350	49.8568	4.06569	2.28912	0.998837	6.61172	43.0959	18.1204	95.6262	1	1	1	1	0	0	0	0
14.08.2015 07:55:17.031000	-0.005	-0.00428328	-0.0127401	126.711	-669.523	28.9285	5	4	4	4	340.332	350	49.9568	4.09951	2.32294	0.998837	6.62483	43.0747	18.1017	95.6164	1	1	1	1	0	0	0	0
14.08.2015 07:55:17.131000	-0.005	-0.00428328	-0.0127401	126.708	-669.523	28.9366	5	4	4	4	355.313	350	50.0553	4.13802	2.36145	0.988059	6.60632	43.0568	18.0818	95.6196	1	1	1	1	0	0	0	0
14.08.2015 07:55:17.231000	-0.005	-0.00428328	-0.0127401	126.711	-669.523	28.9388	5	4	4	4	286.74	350	50.1577	4.16964	2.39306	0.986993	6.60654	43.0277	18.0677	95.5637	1	1	1	1	0	0	0	0
14.08.2015 07:55:17.331000	-0.005	-0.00428328	-0.0127401	126.711	-669.523	28.8903	5	4	4	4	330.133	350	50.2582	4.24387	2.46729	0.995772	6.68766	43.0049	18.0428	95.5745	1	1	1	1	0	0	0	0
14.08.2015 07:55:17.431000	-0.005	-0.00428328	-0.0127401	126.711	-669.523	28.8829	5	4	4	4	386.792	350	50.3632	4.30954	2.53299	1.00695	6.65694	42.9565	18.0186	95.4871	1	1	1	1	0	0	0	0
14.08.2015 07:55:17.531000	-0.005	-0.00428328	-0.0127401	126.711	-669.523	28.8802	5	4	4	4	377.524	350	50.4651	4.31095	2.53438	1.00795	6.57459	42.9007	18.003	95.3284	1	1	1	1	0	0	0	0
14.08.2015 07:55:17.631000	-0.005	-0.00428328	-0.0127401	126.711	-669.523	28.865	5	4	4	4	381.757	350	50.5686	4.28622	2.50965	1.032	6.5678	42.8838	17.9747	95.3669	1	1	1	1	0	0	0	0
14.08.2015 07:55:17.731000	-0.005	-0.00428328	-0.0127401	126.711	-669.523	28.8574	5	4	4	4	320.995	350	50.673	4.24955	2.47298	1.032	6.55943	42.8787	17.9803	95.3108	1	1	1	1	0	0	0	0
14.08.2015 07:55:17.831000	-0.005	-0.00428328	-0.0127401	126.711	-669.523	28.8525	5	4	4	4	308.533	350	50.7765	4.25085	2.47428	1.03472	6.60471	42.8706	17.9717	95.3329	1	1	1	1	0	0	0	0
14.08.2015 07:55:17.931000	-0.005	-0.00428328	-0.0127401	126.714	-669.523	28.8419	5	4	4	4	349.844	350	50.8785	4.289	2.51243	1.03626	6.6174	42.8528	17.9609	95.306	1	1	1	1	0	0	0	0
14.08.2015 07:55:18.031000	-0.005	-0.00428328	-0.0127401	126.711	-669.523	28.8444	5	4	4	4	354.191	350	50.9815	4.31671	2.54014	1.03441	6.62229	42.8465	17.952	95.316	1	1	1	1	0	0	0	0
14.08.2015 07:55:18.131000	-0.005	-0.00428328	-0.0127401	126.719	-669.523	28.844	5	4	4	4	340.292	350	51.0849	4.32956	2.55299	1.02784	6.64754	42.8393	17.9382	95.3413	1	1	1	1	0	0	0	0
14.08.2015 07:55:18.231000	-0.005	-0.00428328	-0.0127401	126.719	-669.523	28.8422	5	4	4	4	340.132	350.084	51.1904	4.38039	2.60382	1.02784	6.64104	42.8277	17.9224	95.3572	1	1	1	1	0.8	0	0	0
14.08.2015 07:55:18.331000	-0.005	-0.00428328	-0.0127401	126.719	-669.523	28.8147	5	4	4	4	355.084	350.867	51.2968	4.45574	2.67917	1.0462	6.62096	42.7835	17.9033	95.2611	1	1	1	1	1	0	0	0
14.08.2015 07:55:18.431000	-0.005	-0.00428328	-0.0127401	126.719	-669.523	28.6388	5	4	4	4	361.002	352.619	51.4053	4.49289	2.71632	1.04944	6.62677	42.7627	17.878	95.2782	1	1	1	1	1	0	0	0
14.08.2015 07:55:18.531000	-0.005	-0.00428328	-0.0127401	126.719	-669.523	28.6227	5	4	4	4	334.927	355.341	51.5172	4.52541	2.74884	1.07306	6.61227	42.7356	17.8552	95.2621	1	1	1	1	1	0	0	0
14.08.2015 07:55:18.631000	-0.005	-0.00428328	-0.0127401	126.715	-669.523	28.6144	5	4	4	4	391.482	359.034	51.6241	4.61044	2.83386	1.09087	6.62081	42.7	17.8204	95.259	1	1	1	1	1	0	0	0
14.08.2015 07:55:18.731000	-0.005	-0.00428328	-0.0127401	126.719	-669.523	28.5988	5	4	4	4	359.891	363.698	51.7355	4.61432	2.83775	1.09554	6.60006	42.6686	17.8031	95.205	1	1	1	1	1	0	0	0
14.08.2015 07:55:18.831000	-0.005	-0.00428328	-0.0127401	126.719	-669.523	28.5824	5	4	4	4	321.917	369.332	51.845	4.69351	2.91694	1.10546	6.62846	42.6441	17.7678	95.2464	1	1	1	1	1	0	0	0
14.08.2015 07:55:18.931000	-0.005	-0.00428328	-0.0127401	126.719	-669.523	28.5829	5	4	4	4	343.981	375.936	51.9634	4.95013	3.17356	1.10847	6.67959	42.581	17.714	95.2107	1	1	1	1	1	0	0	0
14.08.2015 07:55:19.031000	-0.005	-0.00428328	-0.0127401	126.719	-669.523	28.584	5	4	4	4	447.703	383.512	52.0807	5.25348	3.47691	1.13052	6.64463	42.4751	17.6122	95.1948	1	1	1	1	1	0	0	0
14.08.2015 07:55:19.131000	-0.005	-0.00428328	-0.0127401	126.719	-669.523	28.6151	5	4	4	4	374.037	392.058	52.2106	5.35358	3.57701	1.15267	6.57552	42.3488	17.5279	95.0342	1	1	1	1	1	0	0	0
14.08.2015 07:55:19.231000	-0.005	-0.00428328	-0.0127401	126.719	-669.523	28.6616	5	4	4	4	420.706	401.575	52.3389	5.50634	3.72977	1.26896	6.59782	42.2326	17.4114	95.0354	1	1	1	1	1	0	0	0
14.08.2015 07:55:19.331000	-0.005	-0.00428328	-0.0127401	126.719	-669.523	28.6882	5	4	4	4	414.903	412.062	52.4752	5.66576	3.88919	1.28666	6.59073	42.0986	17.297	94.9604	1	1	1	1	1	0	0	0
14.08.2015 07:55:19.431000	-0.005	-0.00428328	-0.0127401	126.719	-669.523	28.7001	5	4	4	4	390.739	423.52	52.6115	5.8563	4.07973	1.32998	6.56351	41.967	17.1878	94.8746	1	1	1	1	1	0	0	0
14.08.2015 07:55:19.531000	-0.005	-0.00428328	-0.0127401	126.719	-669.523	28.7475	5	4	4	4	427.077	435.948	52.7533	6.14026	4.36369	1.36914	6.57746	41.8201	17.0467	94.8524	1	1	1	1	1	0	0	0
14.08.2015 07:55:19.631000	-0.005	-0.00428328	-0.0127401	126.719	-669.523	28.7804	5	4	4	4	403.847	449.346	52.901	6.49611	4.71954	1.40529	6.57399	41.6458	16.8778	94.8318	1	1	1	1	1	0	0	0
14.08.2015 07:55:19.731000	-0.005	-0.00428328	-0.0127401	126.719	-669.523	28.8006	5	4	4	4	444.758	463.715	53.0577	6.99691	5.22034	1.49388	6.61677	41.4337	16.6691	94.8185	1	1	1	1	1	0	0	0
14.08.2015 07:55:19.831000	-0.005	-0.00428328	-0.0127401	126.719	-669.523	28.8184	5	4	4	4	511.335	479.054	53.2293	7.50801	5.73143	1.5632	6.61604	41.166	16.4129	94.775	1	1	1	1	1	0	0	0
14.08.2015 07:55:19.931000	-0.005	-0.00428328	-0.0127401	126.719	-669.523	28.8477	5	4	4	4	488.221	495.363	53.4069	7.86982	6.09325	1.66039	6.5974	40.8806	16.1569	94.6622	1	1	1	1	1	0	0	0
14.08.2015 07:55:20.031000	-0.005	-0.00428328	-0.0127401	126.719	-669.523	28.8558	5	4	4	4	474.031	512.643	53.5934	8.24781	6.47124	1.82908	6.5309	40.6075	15.9164	94.5374	1	1	1	1	1	0	0	0
14.08.2015 07:55:20.131000	-0.005	-0.00428328	-0.0127401	126.721	-669.523	28.8466	5	4	4	4	499.702	530.894	53.7869	8.79805	7.02148	1.87782	6.53215	40.3374	15.6594	94.4871	1	1	1	1	1	0	0	0
14.08.2015 07:55:20.231000	-0.005	-0.00428328	-0.0127401	126.719	-669.523	28.8232	5	4	4	4	567.085	550.115	53.9958	9.41689	7.64031	1.98575	6.57039	40.0592	15.3865	94.467	1	1	1	1	1	0	0	0
14.08.2015 07:55:20.331000	-0.005	-0.00428328	-0.0127401	126.727	-669.523	28.8028	5	4	4	4	520.461	570.307	54.2142	9.97364	8.19707	2.11205	6.52276	39.7507	15.1311	94.2635	1	1	1	1	1	0	0	0
14.08.2015 07:55:20.431000	-0.005	-0.00428328	-0.0127401	126.719	-669.523	28.7994	5	4	4	4	553.767	591.468	54.446	10.6157	8.8391	2.23127	6.48912	39.4603	14.8704	94.1494	1	1	1	1	1	0	0	0
14.08.2015 07:55:20.531000	-0.005	-0.00428328	-0.0127401	126.727	-669.523	28.7865	5	4	4	4	631.478	613.601	54.6917	11.3096	9.53306	2.39802	6.45014	39.2104	14.5825	94.295	1	1	1	1	1	0	0	0
14.08.2015 07:55:20.631000	-0.005	-0.00428328	-0.0127401	126.723	-669.523	28.7831	5	4	4	4	603.458	636.706	54.9484	11.958	10.1814	2.52987	6.42666	38.9251	14.3656	94.0338	1	1	1	1	1	0	0	0
14.08.2015 07:55:20.731000	-0.005	-0.00428328	-0.0127401	126.727	-669.523	28.8354	5	4	4	4	609.027	660.782	55.218	12.6728	10.8962	2.62247	6.45737	38.6806	14.1415	93.9552	1	1	1	1	1	0	0	0
14.08.2015 07:55:20.831000	-0.005	-0.00428328	-0.0127401	126.727	-669.523	28.8515	5	4	4	4	645.893	685.826	55.504	13.5154	11.7389	2.80922	6.51875	38.4594	13.9309	93.9148	1	1	1	1	1	0	0	0
14.08.2015 07:55:20.931000	-0.005	-0.00428328	-0.0127401	126.727	-669.523	28.8144	5	4	4	4	667.541	711.841	55.8119	14.4108	12.6343	2.99684	6.4837	38.2387	13.7319	93.8316	1	1	1	1	1	0	0	0
14.08.2015 07:55:21.031000	-0.005	-0.00428328	-0.0127401	126.727	-669.523	28.7565	5	4	4	4	700.253	738.826	56.1377	15.3827	13.6061	3.20931	6.44238	38.0206	13.5249	93.7893	1	1	1	1	1	0	0	0
14.08.2015 07:55:21.131000	-0.005	-0.00428328	-0.0127401	126.727	-669.523	28.7583	5	4	4	4	668.277	766.783	56.4809	16.4486	14.6721	3.40956	6.35811	37.8126	13.3633	93.6115	1	1	1	1	1	0	0	0
14.08.2015 07:55:21.231000	-0.005	-0.00428328	-0.0127401	126.727	-669.523	28.8254	5	4	4	4	786.862	795.709	56.847	17.6212	15.8446	3.61002	6.3486	37.6591	13.2002	93.6484	1	1	1	1	1	0	0	0
14.08.2015 07:55:21.331000	-0.005	-0.00428328	-0.0127401	126.727	-669.523	28.8589	5	4	4	4	685.913	825.605	57.238	18.761	16.9844	3.86225	6.33631	37.5243	13.1317	93.3943	1	1	1	1	1	0	0	0
14.08.2015 07:55:21.431000	-0.005	-0.00428328	-0.0127401	126.727	-669.523	28.8612	5	4	4	4	823.654	856.474	57.6469	20.1151	18.3385	4.08658	6.38438	37.4921	13.088	93.438	1	1	1	1	1	0	0	0
14.08.2015 07:55:21.531000	-0.005	-0.00428328	-0.0127401	126.727	-669.523	28.852	5	4	4	4	799.102	620.5	58.0727	21.4077	9.86861	4.23233	6.30597	37.5593	13.1973	93.2773	1	1	1	1	1	0.49	0	0.49
14.08.2015 07:55:21.631000	-0.005	-0.00428328	-0.0127401	126.727	-669.523	28.8319	5	4	4	4	1636.56	350	60.2126	21.7	0	57.072	6.28659	86.7915	17.1347	266.702	1	1	1	1	1	1	0.32	1
14.08.2015 07:55:21.731000	-0.005	-0.00428328	-0.0127401	126.734	-669.529	28.7829	5	4	4	4	893.397	350	62.0988	21.7	0	82.8203	5.11323	105.247	0.687033	400.339	1	1	1	1	1	1	1	1
14.08.2015 07:55:21.831000	-0.005	-0.00856605	-0.0127401	126.734	-669.563	28.7695	5	4	4	4	10.5957	350	62.0779	21.7	0	82.8203	3.17649	117.913	0.581011	449.242	1	1	1	1	1	1	1	1
14.08.2015 07:55:21.931000	-0.005	-0.00856605	-0.0127401	126.68	-669.542	27.2114	5	4	4	4	1.65876	350	62.0779	2.387	0	82.8203	2.11929	128.798	0.486831	491.276	1	1	1	1	1	1	1	0.11
14.08.2015 07:55:22.031000	-0.005	-0.00856605	-0.0127401	126.684	-669.582	22.6025	5	4	4	4	0.497888	350	62.0779	0	0	82.8203	1.60514	129.411	0.497147	493.587	1	1	1	1	1	1	1	0
14.08.2015 07:55:22.131000	-0.005	-0.00856605	-0.0127401	126.68	-669.586	17.7264	5	4	4	4	0.489656	350	62.0779	0	0	82.8203	1.25069	129.497	0.461196	494.05	1	1	1	1	1	1	1	0
14.08.2015 07:55:22.231000	-0.005	-0.00856605	-0.0127401	126.68	-669.574	14.1184	5	4	4	4	0.425977	350	62.0779	0	0	82.8203	0.978031	129.341	0.467666	493.43	1	1	1	1	1	1	1	0
14.08.2015 07:55:22.331000	-0.005	-0.00856605	-0.0127401	126.641	-669.607	11.9101	5	4	4	4	0.385326	350	62.0779	0	0	82.8203	0.813853	129.294	0.478286	493.21	1	1	1	1	1	1	1	0
14.08.2015 07:55:22.431000	-0.005	-0.00856605	-0.0127401	126.543	-669.645	9.29742	5	4	4	4	0.39407	350	62.0779	0	0	82.8203	0.713542	129.232	0.476638	492.977	1	1	1	1	1	1	1	0
14.08.2015 07:55:22.531000	-0.005	-0.00856605	-0.0127401	126.557	-669.617	7.58681	5	4	4	4	0.451578	350	62.0779	0	0	82.8203	0.626975	129.173	0.478713	492.744	1	1	1	1	1	1	1	0
14.08.2015 07:55:22.631000	-0.005	-0.00856605	-0.0127401	126.547	-669.621	6.31131	5	4	4	4	0.381216	350	62.0779	0	0	58.8312	0.549891	129.126	0.473281	492.587	1	1	1	1	1	1	1	0
14.08.2015 07:55:22.731000	-0.005	-0.00856605	-0.0127401	126.547	-669.615	5.53783	5	4	4	4	0.378016	350	62.0779	0	0	0.0993939	0.501382	129.088	0.478896	492.417	1	1	1	1	1	1	1	0
14.08.2015 07:55:22.831000	-0.005	-0.00856605	-0.0127401	126.547	-669.625	4.49761	5	4	4	4	0.372795	350	62.0779	0	0	0.0993939	0.465263	129.053	0.47676	492.291	1	1	1	1	1	1	1	0
14.08.2015 07:55:22.931000	-0.005	-0.00856605	-0.0127401	126.547	-669.622	3.96123	5	4	4	4	0.367945	350	62.0779	0	0	0.0993939	0.425948	129.017	0.481643	492.138	1	1	1	1	1	1	1	0
14.08.2015 07:55:23.031000	-0.005	-0.00856605	-0.0127401	126.547	-669.617	3.47656	5	4	4	4	0.378228	350	62.0779	0	0	0.0993939	0.397041	128.982	0.481948	491.999	1	1	1	1	1	1	1	0
14.08.2015 07:55:23.131000	-0.005	-0.00856605	-0.0127401	126.547	-669.617	3.06134	5	4	4	4	0.386091	350	62.0779	0	0	0.0993939	0.374226	128.949	0.481643	491.877	1	1	1	1	1	1	1	0
14.08.2015 07:55:23.231000	-0.005	-0.00856605	-0.0127401	126.551	-669.617	2.38227	5	4	4	4	0.428622	350	62.0779	0	0	0.0993939	0.356489	128.917	0.481521	491.754	1	1	1	1	1	1	1	0
14.08.2015 07:55:23.331000	-0.005	-0.00856605	-0.0127401	126.549	-669.617	0.770399	5	4	4	4	0.380856	350	62.0779	0	0	0.0993939	0.333854	128.885	0.484207	491.621	1	1	1	1	1	1	1	0
14.08.2015 07:55:23.431000	-0.005	-0.00856605	-0.0127401	126.551	-669.617	0.167101	5	4	4	4	0.387079	350	62.0779	0	0	0.0993939	0.319857	128.853	0.487381	491.487	1	1	1	1	1	1	1	0
14.08.2015 07:55:23.531000	-0.005	-0.00856605	-0.0127401	126.549	-669.617	0.142867	5	4	4	4	0.410731	350	62.0779	0	0	0.0993939	0.307552	128.826	0.493301	491.359	1	1	1	1	1	1	1	0
14.08.2015 07:55:23.631000	-0.005	-0.00856605	-0.0127401	126.551	-669.617	0.116645	5	4	4	4	0.418196	350	62.0779	0	0	0.0715636	0.297121	128.801	0.489761	491.278	1	1	1	1	1	1	1	0
14.08.2015 07:55:23.731000	-0.005	-0.00856605	-0.0127401	126.549	-669.615	0.10055	5	4	4	4	0.380802	350	62.0779	0	0	0	0.284418	128.776	0.487564	491.192	1	1	1	1	1	1	1	0
14.08.2015 07:55:23.831000	-0.005	-0.00856605	-0.0127401	126.551	-669.613	0.0878906	5	4	4	4	0.396008	350	62.0779	0	0	0	0.275101	128.751	0.48732	491.095	1	1	1	1	1	1	1	0
14.08.2015 07:55:23.931000	-0.005	-0.00856605	-0.0127401	126.544	-669.609	0.0708912	5	4	4	4	0.423366	350	62.0779	0	0	0	0.271021	128.727	0.486953	491.005	1	1	1	1	1	1	1	0
14.08.2015 07:55:24.031000	-0.005	-0.00856605	-0.0127401	126.539	-669.609	0.0602214	5	4	4	4	0.386209	350	62.0779	0	0	0	0.265806	128.704	0.48677	490.917	1	1	1	1	1	1	1	0
14.08.2015 07:55:24.131000	-0.005	-0.00856605	-0.0127401	126.534	-669.573	0.0488281	5	4	4	4	0.393156	350	62.0779	0	0	0	0.263064	128.686	0.484634	490.856	1	1	1	1	1	1	1	0
14.08.2015 07:55:24.231000	-0.005	-0.00856605	-0.0127401	126.535	-668.801	0.0390625	5	4	4	4	0.415357	350	62.0779	0	0	0	0.259556	128.67	0.487381	490.784	1	1	1	1	1	1	1	0
14.08.2015 07:55:24.331000	-0.005	-0.00856605	-0.0127401	126.555	-664.677	0.0289352	5	4	4	4	0.408109	350	62.0779	0	0	0	0.258565	128.648	0.487991	490.7	1	1	1	1	1	1	1	0
14.08.2015 07:55:24.431000	-0.005	-0.00856605	-0.0127401	126.555	-648.973	0.0244141	5	4	4	4	0.414274	350	62.0779	0	0	0	0.25651	128.63	0.488784	490.628	1	1	1	1	1	1	1	0
14.08.2015 07:55:24.531000	-0.005	-0.00856605	-0.0127401	126.555	-622.813	0.0191696	5	4	4	4	0.40416	350	62.0779	0	0	0	0.254239	128.606	0.48909	490.533	1	1	1	1	1	1	1	0
14.08.2015 07:55:24.631000	-0.005	-0.00856605	-0.0127401	126.555	-591.754	0.0146484	5	4	4	4	0.470298	350	62.0779	0	0	0	0.253595	128.588	0.494949	490.444	1	1	1	1	1	1	1	0
14.08.2015 07:55:24.731000	-0.005	-0.00856605	-0.0127401	126.555	-562.51	0.0112124	5	4	4	4	0.456719	350	62.0779	0	0	0	0.252054	128.563	0.493484	490.354	1	1	1	1	1	1	1	0
14.08.2015 07:55:24.831000	-0.005	-0.00856605	-0.0127401	126.563	-529.094	0.00813802	5	4	4	4	0.395137	350	62.0779	0	0	0	0.252025	128.538	0.490493	490.269	1	1	1	1	1	1	1	0
14.08.2015 07:55:24.931000	-0.005	-0.00856605	-0.0127401	126.563	-480.13	0.00506366	5	4	4	4	0.398147	350	62.0779	0	0	0	0.250152	128.513	0.488113	490.18	1	1	1	1	1	1	1	0
14.08.2015 07:55:25.031000	-0.005	-0.00856605	-0.0127401	126.563	-432.945	0.00108507	5	4	4	4	0.423843	350	62.0779	0	0	0	0.251584	128.487	0.488907	490.079	1	1	1	1	1	1	1	0
14.08.2015 07:55:25.131000	-0.005	-0.00856605	-0.0127401	126.563	-390.948	0	5	4	4	4	0.394811	350	62.0779	0	0	0	0.249436	128.464	0.490432	489.986	1	1	1	1	1	1	1	0
14.08.2015 07:55:25.231000	-0.005	-0.00856605	-0.0127401	126.563	-348.574	0.0016276	5	4	4	4	0.402142	350	62.0779	0	0	0	0.249443	128.432	0.49031	489.862	1	1	1	1	1	1	1	0
14.08.2015 07:55:25.331000	-0.005	-0.00856605	-0.0127401	126.565	-289.565	0.00108507	5	4	4	4	0.406929	350	62.0779	0	0	0	0.248394	128.406	0.491653	489.758	1	1	1	1	1	1	1	0
14.08.2015 07:55:25.431000	-0.005	-0.00856605	-0.0127401	126.566	-248.148	0.0016276	5	4	4	4	0.452113	350	62.0779	0	0	0	0.248437	128.377	0.493789	489.639	1	1	1	1	1	1	1	0
14.08.2015 07:55:25.531000	-0.005	-0.00856605	-0.0127401	126.568	-206.583	0.00108507	5	4	4	4	0.407365	350	62.0779	0	0	0	0.247099	128.349	0.493912	489.531	1	1	1	1	1	1	1	0
14.08.2015 07:55:25.631000	-0.005	-0.00856605	-0.0127401	126.57	-164.965	0.00108507	5	4	4	4	0.385904	350	62.0779	0	0	0	0.245399	128.324	0.497757	489.423	1	1	1	1	1	1	1	0
14.08.2015 07:55:25.731000	-0.005	-0.00856605	-0.0127401	126.578	-106.922	0.00108507	5	4	4	4	0.438418	350	62.0779	0	0	0	0.245935	128.297	0.498123	489.316	1	1	1	1	1	1	1	0
14.08.2015 07:55:25.831000	-0.005	-0.00856605	-0.0127401	126.578	-65.6211	0.00108507	5	4	4	4	0.448387	350	62.0779	0	0	0	0.244524	128.274	0.499161	489.225	1	1	1	1	1	1	1	0
14.08.2015 07:55:25.931000	-0.005	-0.00856605	-0.0127401	126.578	-24.4896	-0.00072338	5	4	4	4	0.365495	350	62.0779	0	0	0	0.245652	128.245	0.494339	489.131	1	1	1	1	1	1	1	0
14.08.2015 07:55:26.031000	-0.005	-0.00856605	-0.0127401	126.578	24.7656	-0.00108507	5	4	4	4	0.41666	350	62.0779	0	0	0	0.243352	128.224	0.493912	489.055	1	1	1	1	1	1	1	0
14.08.2015 07:55:26.131000	-0.005	-0.00856605	-0.0127401	126.578	73.9089	-0.00072338	5	4	4	4	0.43596	350	62.0779	0	0	0	0.244936	128.198	0.496841	488.942	1	1	1	1	1	1	1	0
14.08.2015 07:55:26.231000	-0.005	-0.00856605	-0.0127401	126.578	115.492	-0.00108507	5	4	4	4	0.430032	350	62.0779	0	0	0	0.243193	128.169	0.497818	488.826	1	1	1	1	1	1	1	0
14.08.2015 07:55:26.331000	-0.005	-0.00856605	-0.0127401	126.581	156.25	-0.00072338	5	4	4	4	0.406322	350	62.0779	0	0	0	0.242947	128.148	0.495315	488.757	1	1	1	1	1	1	1	0
14.08.2015 07:55:26.431000	-0.005	-0.00856605	-0.0127401	126.582	213.207	-0.000542535	5	4	4	4	0.398296	350	62.0779	0	0	0	0.241739	128.125	0.497452	488.66	1	1	1	1	1	1	1	0
14.08.2015 07:55:26.531000	-0.005	-0.00856605	-0.0127401	126.583	254.25	0.00108507	5	4	4	4	0.430477	350	62.0779	0	0	0	0.24192	128.099	0.495682	488.566	1	1	1	1	1	1	1	0
14.08.2015 07:55:26.631000	-0.005	-0.00856605	-0.0127401	126.586	294.863	0.000542535	5	4	4	4	0.417834	350	62.0779	0	0	0	0.241876	128.07	0.49794	488.45	1	1	1	1	1	1	1	0
14.08.2015 07:55:26.731000	-0.005	-0.00856605	-0.0127401	126.589	341.018	0.00036169	5	4	4	4	0.372134	350	62.0779	0	0	0	0.240336	128.047	0.498367	488.358	1	1	1	1	1	1	1	0
14.08.2015 07:55:26.831000	-0.005	-0.00856605	-0.0127401	126.594	392.367	0.0016276	5	4	4	4	0.402616	350	62.0779	0	0	0	0.240864	128.022	0.500259	488.256	1	1	1	1	1	1	1	0
14.08.2015 07:55:26.931000	-0.005	-0.00856605	-0.0127401	126.604	432.846	0.00144676	5	4	4	4	0.446592	350	62.0779	0	0	0	0.239185	127.996	0.50148	488.15	1	1	1	1	1	1	1	0
14.08.2015 07:55:27.031000	-0.005	-0.00856605	-0.0127401	126.609	473.434	0.00108507	5	4	4	4	0.427611	350	62.0779	0	0	0	0.239142	127.975	0.501053	488.072	1	1	1	1	1	1	1	0
14.08.2015 07:55:27.131000	-0.005	-0.00856605	-0.0127401	126.609	519.43	0.00036169	5	4	4	4	0.417897	350	62.0779	0	0	0	0.237131	127.953	0.496353	488.006	1	1	1	1	1	1	1	0
14.08.2015 07:55:27.231000	-0.005	-0.00856605	-0.0127401	126.609	569.223	0.000542535	5	4	4	4	0.41528	350	62.0779	0	0	0	0.238571	127.931	0.496841	487.918	1	1	1	1	1	1	1	0
14.08.2015 07:55:27.331000	-0.005	-0.00856605	-0.0127401	126.609	600.578	0.00144676	5	4	4	4	0.416629	350	62.0779	0	0	0	0.236683	127.9	0.495193	487.809	1	1	1	1	1	1	1	0
14.08.2015 07:55:27.431000	-0.005	-0.00856605	-0.0127401	126.609	627.508	0.00108507	5	4	4	4	0.408006	350	62.0779	0	0	0	0.236726	127.879	0.494522	487.731	1	1	1	1	1	1	1	0
14.08.2015 07:55:27.531000	-0.005	-0.00856605	-0.0127401	126.609	653.143	0.00036169	5	4	4	4	0.406706	350	62.0779	0	0	0	0.2358	127.859	0.498184	487.64	1	1	1	1	1	1	1	0
14.08.2015 07:55:27.631000	-0.005	-0.00856605	-0.0127401	126.609	668.563	-0.00108507	5	4	4	4	0.413613	350	62.0779	0	0	0	0.236133	127.837	0.497635	487.556	1	1	1	1	1	1	1	0
14.08.2015 07:55:27.731000	-0.005	-0.00856605	-0.0127401	126.609	672.771	-0.00072338	5	4	4	4	0.450298	350	62.0779	0	0	0	0.235952	127.816	0.498672	487.473	1	1	1	1	1	1	1	0
14.08.2015 07:55:27.831000	-0.005	-0.00856605	-0.0127401	126.609	674.691	-0.00108507	5	4	4	4	0.422472	350	62.0779	0	0	0	0.23512	127.793	0.504105	487.364	1	1	1	1	1	1	1	0
14.08.2015 07:55:27.931000	-0.005	-0.00856605	-0.0127401	126.607	675.031	-0.00108507	5	4	4	4	0.386867	350	62.0779	0	0	0	0.236523	127.766	0.510648	487.231	1	1	1	1	1	1	1	0
14.08.2015 07:55:28.031000	-0.005	-0.00856605	-0.0127401	126.609	675.023	-0.0016276	5	4	4	4	0.394028	350	62.0779	0	0	0	0.234541	127.746	0.513238	487.147	1	1	1	1	1	1	1	0
14.08.2015 07:55:28.131000	-0.005	-0.00856605	-0.0127401	126.609	675.023	-0.00217014	5	4	4	4	0.465066	350	62.0779	0	0	0	0.2358	127.722	0.521073	487.03	1	1	1	1	1	1	1	0
14.08.2015 07:55:28.231000	-0.005	-0.00856605	-0.0127401	126.566	675.008	-0.0016276	5	4	4	4	0.440929	350	62.0779	0	0	0	0.233796	127.7	0.526811	486.922	1	1	1	1	1	1	1	0
14.08.2015 07:55:28.331000	-0.005	-0.00856605	-0.0127401	126.523	675.042	-0.00108507	5	4	4	4	0.395261	350	62.0779	0	0	0	0.235532	127.682	0.521317	486.871	1	1	1	1	1	1	1	0
14.08.2015 07:55:28.431000	-0.005	-0.00856605	-0.0127401	126.523	675.059	0	5	4	4	4	0.395398	350	62.0779	0	0	0	0.233507	127.661	0.522782	486.788	1	1	1	1	1	1	1	0
14.08.2015 07:55:28.531000	-0.005	-0.00856605	-0.0127401	126.523	675.034	-0.00144676	5	4	4	4	0.419407	350	62.0779	0	0	0	0.235388	127.639	0.522965	486.702	1	1	1	1	1	1	1	0
14.08.2015 07:55:28.631000	-0.005	-0.00856605	-0.0127401	126.523	675.035	-0.00108507	5	4	4	4	0.408883	350	62.0779	0	0	0	0.235098	127.617	0.518876	486.634	1	1	1	1	1	1	1	0
14.08.2015 07:55:28.731000	-0.005	-0.00856605	-0.0127401	126.523	674.992	-0.00108507	5	4	4	4	0.404732	350	62.0779	0	0	0	0.235966	127.596	0.522843	486.536	1	1	1	1	1	1	1	0
14.08.2015 07:55:28.831000	-0.005	-0.00856605	-0.0127401	126.523	674.992	-0.00108507	5	4	4	4	0.413536	350	62.0779	0	0	0	0.235388	127.573	0.522965	486.449	1	1	1	1	1	1	1	0
14.08.2015 07:55:28.931000	-0.005	-0.00856605	-0.0127401	126.523	675.013	-0.00072338	5	4	4	4	0.452312	350	62.0779	0	0	0	0.234664	127.554	0.526017	486.366	1	1	1	1	1	1	1	0
14.08.2015 07:55:29.031000	-0.005	-0.00856605	-0.0127401	126.523	674.988	-0.00271267	5	4	4	4	0.472521	350	62.0779	0	0	0	0.236111	127.533	0.524186	486.291	1	1	1	1	1	1	1	0
14.08.2015 07:55:29.131000	-0.005	-0.00856605	-0.0127401	126.526	674.99	-0.00325521	5	4	4	4	0.415479	350	62.0779	0	0	0	0.23452	127.51	0.523759	486.203	1	1	1	1	1	1	1	0
14.08.2015 07:55:29.231000	-0.005	-0.00856605	-0.0127401	126.563	675.043	-0.00542535	5	4	4	4	0.37308	350	62.0779	0	0	0	0.235388	127.487	0.527055	486.105	1	1	1	1	1	1	1	0
14.08.2015 07:55:29.331000	-0.005	-0.00856605	-0.0127401	126.563	675.036	-0.00289352	5	4	4	4	0.403599	350	62.0779	0	0	0	0.233941	127.467	0.527299	486.027	1	1	1	1	1	1	1	0
14.08.2015 07:55:29.431000	-0.005	-0.00856605	-0.0127401	126.57	674.98	-0.00217014	5	4	4	4	0.428814	350	62.0779	0	0	0	0.236545	127.444	0.528031	485.938	1	1	1	1	1	1	1	0
14.08.2015 07:55:29.531000	-0.005	-0.00856605	-0.0127401	126.568	675.12	-0.00108507	5	4	4	4	0.456632	350	62.0779	0	0	0	0.234954	127.425	0.532121	485.847	1	1	1	1	1	1	1	0
14.08.2015 07:55:29.631000	-0.005	-0.00856605	-0.0127401	126.57	675.094	-0.00108507	5	4	4	4	0.395508	350	62.0779	0	0	0	0.235822	127.405	0.526627	485.791	1	1	1	1	1	1	1	0
14.08.2015 07:55:29.731000	-0.005	-0.00856605	-0.0127401	126.57	675.065	-0.00253183	5	4	4	4	0.367809	350	62.0779	0	0	0	0.235822	127.382	0.526383	485.706	1	1	1	1	1	1	1	0
14.08.2015 07:55:29.831000	-0.005	-0.00856605	-0.0127401	126.57	675.063	-0.00217014	5	4	4	4	0.424345	350	62.0779	0	0	0	0.236111	127.363	0.526017	485.634	1	1	1	1	1	1	1	0
14.08.2015 07:55:29.931000	-0.005	-0.00856605	-0.0127401	126.57	675.047	-0.00144676	5	4	4	4	0.418716	350	62.0779	0	0	0	0.235966	127.345	0.525956	485.564	1	1	1	1	1	1	1	0
14.08.2015 07:55:30.031000	-0.005	-0.00856605	-0.0127401	126.57	675.027	-0.000542535	5	4	4	4	0.389701	350	62.0779	0	0	0	0.23452	127.324	0.527299	485.479	1	1	1	1	1	1	1	0
14.08.2015 07:55:30.131000	-0.005	-0.00856605	-0.0127401	126.57	675.003	-0.00108507	5	4	4	4	0.407371	350	62.0779	0	0	0	0.236545	127.303	0.531632	485.382	1	1	1	1	1	1	1	0
14.08.2015 07:55:30.231000	-0.005	-0.00856605	-0.0127401	126.57	674.988	-0.00108507	5	4	4	4	0.412317	350	62.0779	0	0	0	0.235098	127.281	0.536637	485.277	1	1	1	1	1	1	1	0
14.08.2015 07:55:30.331000	-0.005	-0.00856605	-0.0127401	126.57	674.995	-0.00108507	5	4	4	4	0.468027	350	62.0779	0	0	0	0.236834	127.262	0.538469	485.199	1	1	1	1	1	1	1	0
14.08.2015 07:55:30.431000	-0.005	-0.00856605	-0.0127401	126.57	674.984	-0.00108507	5	4	4	4	0.43271	350	62.0779	0	0	0	0.235677	127.241	0.542558	485.105	1	1	1	1	1	1	1	0
14.08.2015 07:55:30.531000	-0.005	-0.00856605	-0.0127401	126.57	674.984	-0.00108507	5	4	4	4	0.428345	350	62.0779	0	0	0	0.237269	127.219	0.547136	485.002	1	1	1	1	1	1	1	0
14.08.2015 07:55:30.631000	-0.005	-0.00856605	-0.0127401	126.57	674.988	0.00108507	5	4	4	4	0.409654	350	62.0779	0	0	0	0.236111	127.194	0.55324	484.882	1	1	1	1	1	1	1	0
14.08.2015 07:55:30.731000	-0.005	-0.00856605	-0.0127401	126.57	674.984	0.00108507	5	4	4	4	0.449136	350	62.0779	0	0	0	0.236256	127.178	0.554765	484.817	1	1	1	1	1	1	1	0
14.08.2015 07:55:30.831000	-0.005	-0.00856605	-0.0127401	126.57	674.98	0.00108507	5	4	4	4	0.459319	350	62.0779	0	0	0	0.236834	127.16	0.560137	484.726	1	1	1	1	1	1	1	0
14.08.2015 07:55:30.931000	-0.005	-0.00856605	-0.0127401	126.57	674.984	0	5	4	4	4	0.401974	350	62.0779	0	0	0	0.236545	127.142	0.555376	484.674	1	1	1	1	1	1	1	0
14.08.2015 07:55:31.031000	-0.005	-0.00856605	-0.0127401	126.57	674.98	-0.00108507	5	4	4	4	0.399125	350	62.0779	0	0	0	0.236545	127.118	0.558672	484.572	1	1	1	1	1	1	1	0
14.08.2015 07:55:31.131000	-0.005	-0.00856605	-0.0127401	126.57	674.961	0.00072338	5	4	4	4	0.419453	350	62.0779	0	0	0	0.235966	127.1	0.56209	484.489	1	1	1	1	1	1	1	0
14.08.2015 07:55:31.231000	-0.005	-0.00856605	-0.0127401	126.57	674.961	0.000542535	5	4	4	4	0.41931	350	62.0779	0	0	0	0.237992	127.081	0.563067	484.413	1	1	1	1	1	1	1	0
14.08.2015 07:55:31.331000	-0.005	-0.00856605	-0.0127401	126.57	674.961	0.00144676	5	4	4	4	0.399272	350	62.0779	0	0	0	0.235677	127.062	0.568011	484.321	1	1	1	1	1	1	1	0
14.08.2015 07:55:31.431000	-0.005	-0.00856605	-0.0127401	126.57	674.961	0.00108507	5	4	4	4	0.421865	350	62.0779	0	0	0	0.237124	127.04	0.568743	484.232	1	1	1	1	1	1	1	0
14.08.2015 07:55:31.531000	-0.005	-0.00856605	-0.0127401	126.57	674.953	0.00072338	5	4	4	4	0.407336	350	62.0779	0	0	0	0.236256	127.021	0.568926	484.16	1	1	1	1	1	1	1	0
14.08.2015 07:55:31.631000	-0.005	-0.00856605	-0.0127401	126.57	674.953	0.00108507	5	4	4	4	0.397321	350	62.0779	0	0	0	0.237703	127.001	0.573748	484.063	1	1	1	1	1	1	1	0
14.08.2015 07:55:31.731000	-0.005	-0.00856605	-0.0127401	126.57	674.948	0.00036169	5	4	4	4	0.442485	350	62.0779	0	0	0	0.236256	126.982	0.578143	483.975	1	1	1	1	1	1	1	0
14.08.2015 07:55:31.831000	-0.005	-0.00856605	-0.0127401	126.57	674.945	0.00108507	5	4	4	4	0.422133	350	62.0779	0	0	0	0.236834	126.962	0.580889	483.889	1	1	1	1	1	1	1	0
14.08.2015 07:55:31.931000	-0.005	-0.00856605	-0.0127401	126.57	674.945	0.00108507	5	4	4	4	0.407062	350	62.0779	0	0	0	0.237558	126.942	0.58504	483.797	1	1	1	1	1	1	1	0
14.08.2015 07:55:32.031000	-0.005	-0.00856605	-0.0127401	126.57	674.945	0.00108507	5	4	4	4	0.391569	350	62.0779	0	0	0	0.237269	126.921	0.589618	483.699	1	1	1	1	1	1	1	0
14.08.2015 07:55:32.131000	-0.005	-0.00856605	-0.0127401	126.57	674.945	0.00072338	5	4	4	4	0.457315	350	62.0779	0	0	0	0.237992	126.906	0.594562	483.623	1	1	1	1	1	1	1	0
14.08.2015 07:55:32.231000	-0.005	-0.00856605	-0.0127401	126.57	674.945	0.000542535	5	4	4	4	0.452956	350	62.0779	0	0	0	0.236256	126.887	0.596332	483.542	1	1	1	1	1	1	1	0
14.08.2015 07:55:32.331000	-0.005	-0.00856605	-0.0127401	126.573	674.945	0	5	4	4	4	0.393177	350	62.0779	0	0	0	0.237703	126.87	0.595477	483.479	1	1	1	1	1	1	1	0
14.08.2015 07:55:32.431000	-0.005	-0.00856605	-0.0127401	126.57	674.938	0.000542535	5	4	4	4	0.400813	350	62.0779	0	0	0	0.234809	126.851	0.599261	483.392	1	1	1	1	1	1	1	0
14.08.2015 07:55:32.531000	-0.005	-0.00856605	-0.0127401	126.57	674.935	0.00072338	5	4	4	4	0.424024	350	62.0779	0	0	0	0.235098	126.833	0.60213	483.313	1	1	1	1	1	1	1	0
14.08.2015 07:55:32.631000	-0.005	-0.00856605	-0.0127401	126.57	674.926	0.00108507	5	4	4	4	0.423122	350	62.0779	0	0	0	0.233941	126.816	0.60622	483.231	1	1	1	1	1	1	1	0
14.08.2015 07:55:32.731000	-0.005	-0.00856605	-0.0127401	126.57	674.922	0.00072338	5	4	4	4	0.402954	350	62.0779	0	0	0	0.234954	126.796	0.611164	483.137	1	1	1	1	1	1	1	0
14.08.2015 07:55:32.831000	-0.005	-0.00856605	-0.0127401	126.57	674.926	0.00108507	5	4	4	4	0.413127	350	62.0779	0	0	0	0.232928	126.778	0.614887	483.052	1	1	1	1	1	1	1	0
14.08.2015 07:55:32.931000	-0.005	-0.00856605	-0.0127401	126.57	674.917	-0.00036169	5	4	4	4	0.39633	350	62.0779	0	0	0	0.232639	126.762	0.618671	482.976	1	1	1	1	1	1	1	0
14.08.2015 07:55:33.031000	-0.005	-0.00856605	-0.0127401	126.57	674.945	0.000542535	5	4	4	4	0.419007	350	62.0779	0	0	0	0.233218	126.743	0.622395	482.892	1	1	1	1	1	1	1	0
14.08.2015 07:55:33.131000	-0.005	-0.00856605	-0.0127401	126.57	674.948	0.00108507	5	4	4	4	0.412859	350	62.0779	0	0	0	0.232205	126.724	0.629292	482.791	1	1	1	1	1	1	1	0
14.08.2015 07:55:33.231000	-0.005	-0.00856605	-0.0127401	126.57	674.945	0.000542535	5	4	4	4	0.401007	350	62.0779	0	0	0	0.232494	126.706	0.634541	482.704	1	1	1	1	1	1	1	0
14.08.2015 07:55:33.331000	-0.005	-0.00856605	-0.0127401	126.57	674.951	0.00072338	5	4	4	4	0.394726	350	62.0779	0	0	0	0.230903	126.687	0.637715	482.619	1	1	1	1	1	1	1	0
14.08.2015 07:55:33.431000	-0.005	-0.00856605	-0.0127401	126.57	674.961	0.00488281	5	4	4	4	0.394392	350	62.0779	0	0	0	0.232639	126.672	0.646382	482.525	1	1	1	1	1	1	1	0
14.08.2015 07:55:33.531000	-0.005	-0.00856605	-0.0127401	126.57	674.958	0.00108507	5	4	4	4	0.426655	350	62.0779	0	0	0	0.22989	126.651	0.656331	482.41	1	1	1	1	1	1	1	0
14.08.2015 07:55:33.631000	-0.005	-0.00856605	-0.0127401	126.57	674.961	0.000542535	5	4	4	4	0.461744	350	62.0779	0	0	0	0.231047	126.632	0.664266	482.305	1	1	1	1	1	1	1	0
14.08.2015 07:55:33.731000	-0.005	-0.00856605	-0.0127401	126.57	674.961	0.00108507	5	4	4	4	0.423459	350	62.0779	0	0	0	0.229456	126.618	0.666891	482.24	1	1	1	1	1	1	1	0
14.08.2015 07:55:33.831000	-0.005	-0.00856605	-0.0127401	126.57	674.961	0.0016276	5	4	4	4	0.400882	350	62.0779	0	0	0	0.231192	126.601	0.666646	482.176	1	1	1	1	1	1	1	0
14.08.2015 07:55:33.931000	-0.005	-0.00856605	-0.0127401	126.57	674.961	0.00108507	5	4	4	4	0.385259	350	62.0779	0	0	0	0.229745	126.582	0.671407	482.085	1	1	1	1	1	1	1	0
14.08.2015 07:55:34.031000	-0.005	-0.00856605	-0.0127401	126.57	674.961	0.00108507	5	4	4	4	0.414191	350	62.0779	0	0	0	0.229745	126.565	0.675192	482.009	1	1	1	1	1	1	1	0
14.08.2015 07:55:34.131000	-0.005	-0.00856605	-0.0127401	126.57	674.979	0.00108507	5	4	4	4	0.439662	350	62.0779	0	0	0	0.230324	126.548	0.681906	481.915	1	1	1	1	1	1	1	0
14.08.2015 07:55:34.231000	-0.005	-0.00856605	-0.0127401	126.57	674.984	0.00217014	5	4	4	4	0.399642	350	62.0779	0	0	0	0.229456	126.529	0.689596	481.813	1	1	1	1	1	1	1	0
14.08.2015 07:55:34.331000	-0.005	-0.00856605	-0.0127401	126.57	674.984	0.00289352	5	4	4	4	0.397518	350	62.0779	0	0	0	0.229745	126.514	0.696188	481.732	1	1	1	1	1	1	1	0
14.08.2015 07:55:34.431000	-0.005	-0.00856605	-0.0127401	126.57	674.984	0.00271267	5	4	4	4	0.388286	350	62.0779	0	0	0	0.228877	126.497	0.702414	481.642	1	1	1	1	1	1	1	0
14.08.2015 07:55:34.531000	-0.005	-0.00856605	-0.0127401	126.57	674.997	0.00253183	5	4	4	4	0.398561	350	62.0779	0	0	0	0.230903	126.48	0.709616	481.551	1	1	1	1	1	1	1	0
14.08.2015 07:55:34.631000	-0.005	-0.00856605	-0.0127401	126.57	675.023	0.000542535	5	4	4	4	0.412199	350	62.0779	0	0	0	0.228299	126.458	0.715232	481.445	1	1	1	1	1	1	1	0
14.08.2015 07:55:34.731000	-0.005	-0.00856605	-0.0127401	126.568	675.003	0.00108507	5	4	4	4	0.467957	350	62.0779	0	0	0	0.22989	126.451	0.717307	481.408	1	1	1	1	1	1	1	0
14.08.2015 07:55:34.831000	-0.005	-0.00856605	-0.0127401	126.543	675.023	0.00108507	5	4	4	4	0.399004	350	62.0779	0	0	0	0.228443	126.433	0.719199	481.332	1	1	1	1	1	1	1	0
14.08.2015 07:55:34.931000	-0.005	-0.00856605	-0.0127401	126.531	675.042	0.00072338	5	4	4	4	0.396862	350	62.0779	0	0	0	0.230179	126.414	0.722129	481.248	1	1	1	1	1	1	1	0
14.08.2015 07:55:35.031000	-0.005	-0.00856605	-0.0127401	126.531	675.016	0.000542535	5	4	4	4	0.411588	350	62.0779	0	0	0	0.228443	126.392	0.723594	481.161	1	1	1	1	1	1	1	0
14.08.2015 07:55:35.131000	-0.005	-0.00856605	-0.0127401	126.531	675.026	0.00072338	5	4	4	4	0.428989	350	62.0779	0	0	0	0.228443	126.379	0.724693	481.104	1	1	1	1	1	1	1	0
14.08.2015 07:55:35.231000	-0.005	-0.00856605	-0.0127401	126.527	675.02	-0.00108507	5	4	4	4	0.461074	350	62.0779	0	0	0	0.229311	126.361	0.728843	481.02	1	1	1	1	1	1	1	0
14.08.2015 07:55:35.331000	-0.005	-0.00856605	-0.0127401	126.529	675.023	0.00072338	5	4	4	4	0.426521	350	62.0779	0	0	0	0.228154	126.35	0.725181	480.991	1	1	1	1	1	1	1	0
14.08.2015 07:55:35.431000	-0.005	-0.00856605	-0.0127401	126.527	675.078	0.000542535	5	4	4	4	0.366159	350	62.0779	0	0	0	0.228733	126.331	0.718284	480.944	1	1	1	1	1	1	1	0
14.08.2015 07:55:35.531000	-0.005	-0.00856605	-0.0127401	126.523	675.078	0	5	4	4	4	0.418678	350	62.0779	0	0	0	0.226707	126.321	0.720725	480.9	1	1	1	1	1	1	1	0
14.08.2015 07:55:35.631000	-0.005	-0.00856605	-0.0127401	126.527	675.043	0.00217014	5	4	4	4	0.409176	350	62.0779	0	0	0	0.228443	126.302	0.718223	480.834	1	1	1	1	1	1	1	0
14.08.2015 07:55:35.731000	-0.005	-0.00856605	-0.0127401	126.526	675.06	0.00036169	5	4	4	4	0.410947	350	62.0779	0	0	0	0.22555	126.284	0.715598	480.775	1	1	1	1	1	1	1	0
14.08.2015 07:55:35.831000	-0.005	-0.00856605	-0.0127401	126.523	675.066	0.000542535	5	4	4	4	0.427947	350	62.0779	0	0	0	0.227286	126.269	0.719077	480.706	1	1	1	1	1	1	1	0
14.08.2015 07:55:35.931000	-0.005	-0.00856605	-0.0127401	126.526	675.078	-0.00144676	5	4	4	4	0.389133	350	62.0779	0	0	0	0.226128	126.25	0.718101	480.636	1	1	1	1	1	1	1	0
14.08.2015 07:55:36.031000	-0.005	-0.00856605	-0.0127401	126.527	675.066	-0.00108507	5	4	4	4	0.399784	350	62.0779	0	0	0	0.227286	126.232	0.719626	480.561	1	1	1	1	1	1	1	0
14.08.2015 07:55:36.131000	-0.005	-0.00856605	-0.0127401	126.526	675.063	-0.00108507	5	4	4	4	0.378402	350	62.0779	0	0	0	0.22526	126.213	0.719749	480.49	1	1	1	1	1	1	1	0
14.08.2015 07:55:36.231000	-0.005	-0.00856605	-0.0127401	126.527	675.063	-0.00271267	5	4	4	4	0.422494	350	62.0779	0	0	0	0.22526	126.195	0.719688	480.421	1	1	1	1	1	1	1	0
14.08.2015 07:55:36.331000	-0.005	-0.00856605	-0.0127401	126.529	675.057	-0.0036169	5	4	4	4	0.430512	350	62.0779	0	0	0	0.225694	126.179	0.720054	480.357	1	1	1	1	1	1	1	0
14.08.2015 07:55:36.431000	-0.005	-0.00856605	-0.0127401	126.527	675.059	-0.00379774	5	4	4	4	0.390883	350	62.0779	0	0	0	0.224537	126.161	0.719443	480.29	1	1	1	1	1	1	1	0
14.08.2015 07:55:36.531000	-0.005	-0.00856605	-0.0127401	126.529	675.063	-0.00470197	5	4	4	4	0.392453	350	62.0779	0	0	0	0.22555	126.145	0.720847	480.224	1	1	1	1	1	1	1	0
14.08.2015 07:55:36.631000	-0.005	-0.00856605	-0.0127401	126.531	675.063	-0.00434028	5	4	4	4	0.416583	350	62.0779	0	0	0	0.226418	126.129	0.721641	480.161	1	1	1	1	1	1	1	0
14.08.2015 07:55:36.731000	-0.005	-0.00856605	-0.0127401	126.531	675.057	-0.00434028	5	4	4	4	0.453811	350	62.0779	0	0	0	0.230613	126.114	0.724754	480.089	1	1	1	1	1	1	1	0
14.08.2015 07:55:36.831000	-0.005	-0.00856605	-0.0127401	126.531	675.059	-0.00379774	5	4	4	4	0.460486	350	62.0779	0	0	0	0.230613	126.094	0.73043	479.991	1	1	1	1	1	1	1	0
14.08.2015 07:55:36.931000	-0.005	-0.00856605	-0.0127401	126.535	675.059	-0.00271267	5	4	4	4	0.483011	350	62.0779	0	0	0	0.233652	126.097	0.731334	480.002	1	1	1	1	1	1	1	0
