Time	[76:0]	[76:1]	[76:2]	[76:4]	[76:8]	[76:70]	[76:71]	[78:0]	[78:1]	[78:2]	[79:2]	[79:3]	[79:4]	[79:8]	[79:9]	[79:10]	[79:11]	[79:12]	[79:13]	[79:14]	[79.0]	[79.1]	[79.2]	[79.3]	[79.4]	[79.5]	[79.6]	[79.8]
time	Hoogteverstelling - Referentie positie (mm)	Hoogteverstelling - AZ gemeten positie (mm)	Hoogteverstelling - BZ gemeten positie (mm)	Transfert Ingang - Gemeten positie (mm)	Transfert Uitgang - Gemeten positie (mm)	Aardgas - actueel debiet	Stappenschakelaar - gemeten pos	Laspos Ing - positie discreet	Laspos Uitg - positie discreet	Schaafverstelling - positie discreet	Stuikraam - Totale Stroommeting RMS-waarde (A)	Stuikraam - Stroomreferentie (A)	Stuikraam - Positie AZ (mm, pulsgever)	Stuikraam - Referentie Servo-ventiel (%)	Stuikraam - Trim door I-regelaar (%)	Stuikraam - Gemeten snelheid (mm/s, pulsgever)	Secundaire lasspanning	Stuikraam - Druk stuikcilinder voorkamer (=laszijde)  (bar)	Stuikraam - Druk stuikcilinder terugloopkamer  (bar)	Stuikraam - Netto voorwaartse kracht op stuikraam (kN)	Stuikraam - P1	Stuikraam - P2	Stuikraam - P3	Stuikraam - P4	Stuikraam - P5	Stuikraam - P6	Stuikraam - P7	Stuikraam - Openen stuikventielen	

Lasparameter.Ingang - Coil ID	0323987S
Lasparameter.Ingang - Dikte (um)	2610
Lasparameter.Ingang - Breedte (mm)	1634
Lasparameter.Ingang - Materiaal	0001
Lasparameter.Uitgang - Coil ID	0322565S
Lasparameter.Uitgang - Dikte (um)	3010
Lasparameter.Uitgang - Breedte (mm)	1641
Lasparameter.Uitgang - Materiaal	0001
Lasparameter.P2 (mm)	40.0
Lasparameter.P3 (mm)	50.0
Lasparameter.P4 (mm)	58.0
Lasparameter.P5 (mm)	62.3
Lasparameter.P6 (mm)	67.0
Lasparameter.P7 (mm)	70.0
Lasparameter.Vonksnelheid (mm/s)	1.20
Lasparameter.Lassnelheid (mm/s)	0.48
Lasparameter.Stroom Referentie (A)	0330
Lasparameter.Stroomtoename (µA/s2)	50.7
Lasparameter.Stuikstroomtijd (per)	0006
Lasparameter.Afkoeltijd Stuik (per)	0010
Lasparameter.Stuikdruk (bar)	0101
Lasparameter.Stuiksnelheid (%)	90.0

15.08.2015 21:14:05.849000	0.2	0.205981	0.206617	0	-0.015625	0.00488281	5	2	2	2	0.235513	330	0	0	0	0	0.203154	5.26084	122.731	-449.771	1	0	0	0	0	0	0	0
15.08.2015 21:14:05.949000	0.2	0.205981	0.206617	0.00390625	-0.0195313	0.00488281	5	2	2	2	0.225392	330	0	0	0	0	0.199913	6.54921	122.747	-444.9	1	0	0	0	0	0	0	0
15.08.2015 21:14:06.049000	0.2	0.205981	0.206617	0.00520833	-0.03125	0.00397859	5	2	2	2	0.2264	330	0	0	0	0	0.203154	4.22651	122.678	-453.529	1	0	0	0	0	0	0	0
15.08.2015 21:14:06.149000	0.2	0.205981	0.206617	0	0.09375	0.00488281	5	2	2	2	0.237139	330	0	0	0	0	0.200955	2.54555	122.576	-459.574	1	0	0	0	0	0	0	0
15.08.2015 21:14:06.249000	0.2	0.205981	0.206617	0.00260417	-0.221354	0.00614873	5	2	2	2	0.234335	330	0	0	0	0	0.201591	3.63402	122.573	-455.392	1	0	0	0	0	0	0	0
15.08.2015 21:14:06.349000	0.2	0.205981	0.206617	0	-0.792969	0.00596788	5	2	2	2	0.24034	330	0	0	0	0	0.19945	5.02518	122.622	-450.255	1	0	0	0	0	0	0	0
15.08.2015 21:14:06.449000	0.2	0.205981	0.206617	0	-2.23958	0.00614873	5	2	2	2	0.252225	330	0	0	0	0	0.201678	6.90158	122.662	-443.225	1	0	0	0	0	0	0	0
15.08.2015 21:14:06.549000	0.2	0.205981	0.206617	0.00390625	-8.76953	0.00596788	5	2	2	2	0.24372	330	0	0	0	0	0.200984	2.87991	122.523	-458.089	1	0	0	0	0	0	0	0
15.08.2015 21:14:06.649000	0.2	0.205981	0.206617	0	-34.2031	0.00614873	5	2	2	2	0.263704	330	0	0	0	0	0.199595	3.01303	122.478	-457.408	1	0	0	0	0	0	0	0
15.08.2015 21:14:06.749000	0.2	0.205981	0.206617	0	-55.625	0.00651042	5	2	2	2	0.260599	330	0	0	0	0	0.200058	7.03946	122.6	-442.459	1	0	0	0	0	0	0	0
15.08.2015 21:14:06.849000	0.2	0.205981	0.206617	0	-79.9297	0.00506366	5	2	2	2	0.273136	330	0	0	0	0	0.199016	4.04602	122.509	-453.57	1	0	0	0	0	0	0	0
15.08.2015 21:14:06.949000	0.2	0.205981	0.206617	0	-115.359	0.00434028	5	2	2	2	0.266083	330	0	0	0	0	0.201505	5.80151	122.552	-447.013	1	0	0	0	0	0	0	0
15.08.2015 21:14:07.049000	0.2	0.205981	0.206617	0	-157.185	0.00470197	5	2	2	2	0.247617	330	0	0	0	0	0.198003	6.12568	122.534	-445.704	1	0	0	0	0	0	0	0
15.08.2015 21:14:07.149000	0.2	0.205981	0.206617	0	-195.148	0.00379774	5	2	2	2	0.245805	330	0	0	0	0	0.201823	5.12687	122.464	-449.26	1	0	0	0	0	0	0	0
15.08.2015 21:14:07.249000	0.2	0.205981	0.206617	0	-234.464	0.00253183	5	2	2	2	0.25355	330	0	0	0	0	0.199826	6.18836	122.468	-445.212	1	0	0	0	0	0	0	0
15.08.2015 21:14:07.349000	0.2	0.205981	0.206617	0	-281.664	0.00271267	5	2	2	2	0.244455	330	0	0	0	0	0.204572	5.41404	122.424	-448.009	1	0	0	0	0	0	0	0
15.08.2015 21:14:07.449000	0.2	0.205981	0.206617	0	-328.974	0.00253183	5	2	2	2	0.232021	330	0	0	0	0	0.205266	5.48137	122.408	-447.687	1	0	0	0	0	0	0	0
15.08.2015 21:14:07.549000	0.2	0.205981	0.206617	-0.0195313	-368.547	0.00271267	5	2	2	2	0.224519	330	0	0	0	0	0.211632	3.31272	122.291	-455.543	1	0	0	0	0	0	0	0
15.08.2015 21:14:07.649000	0.2	0.205981	0.206617	-0.00260417	-408.102	0.00180845	5	2	2	2	0.227549	330	0	0	0	0	0.214468	3.60753	122.271	-454.337	1	0	0	0	0	0	0	0
15.08.2015 21:14:07.749000	0.2	0.205981	0.206617	0.253906	-463.609	0.00271267	5	2	2	2	0.219261	330	0	0	0	0	0.217998	5.21958	122.294	-448.255	1	0	0	0	0	0	0	0
15.08.2015 21:14:07.849000	0.2	0.205981	0.206617	0.953125	-503.06	0.00325521	5	2	2	2	0.242528	330	0	0	0	0	0.219821	5.23588	122.27	-448.101	1	0	0	0	0	0	0	0
15.08.2015 21:14:07.949000	0.2	0.205981	0.206617	7.02734	-542.125	0.00217014	5	2	2	2	0.236286	330	0	0	0	0	0.223047	4.1343	122.218	-452.141	1	0	0	0	0	0	0	0
15.08.2015 21:14:08.049000	0.2	0.205981	0.206617	26.2448	-578.318	0.00072338	5	2	2	2	0.245218	330	0	0	0	0	0.225627	4.84858	122.223	-449.404	1	0	0	0	0	0	0	0
15.08.2015 21:14:08.149000	0.2	0.205981	0.206617	52.0234	-609.605	0.00217014	5	2	2	2	0.233615	330	0	0	0	0	0.2261	4.88614	122.196	-449.147	1	0	0	0	0	0	0	0
15.08.2015 21:14:08.249000	0.2	0.205981	0.206617	76.5078	-627.534	0.00217014	5	2	2	2	0.231036	330	0	0	0	0	0.227134	4.24586	122.152	-451.438	1	0	0	0	0	0	0	0
15.08.2015 21:14:08.349000	0.2	0.205981	0.206617	105.324	-641.645	0.00271267	5	2	2	2	0.247293	330	0	0	0	0	0.225752	4.24342	122.132	-451.371	1	0	0	0	0	0	0	0
15.08.2015 21:14:08.449000	0.2	0.205981	0.206617	149.302	-652.854	0.00434028	5	2	2	2	0.250594	330	0	0	0	0	0.225362	4.67104	122.113	-449.662	1	0	0	0	0	0	0	0
15.08.2015 21:14:08.549000	0.2	0.205981	0.206617	193.848	-657.508	0.00542535	5	2	2	2	0.237739	330	0	0	0	0	0.222418	4.4698	122.087	-450.33	1	0	0	0	0	0	0	0
15.08.2015 21:14:08.649000	0.2	0.205981	0.206617	235.792	-658.682	0.00578704	5	2	2	2	0.248655	330	0	0	0	0	0.224154	4.72604	122.067	-449.276	1	0	0	0	0	0	0	0
15.08.2015 21:14:08.749000	0.2	0.205981	0.206617	277.688	-659.859	0.00651042	5	2	2	2	0.240604	330	0	0	0	0	0.221209	4.58535	122.046	-449.732	1	0	0	0	0	0	0	0
15.08.2015 21:14:08.849000	0.2	0.205981	0.206617	330.557	-660.505	0.00759549	5	2	2	2	0.241636	330	0	0	0	0	0.222562	4.65297	122.019	-449.37	1	0	0	0	0	0	0	0
15.08.2015 21:14:08.949000	0.2	0.205981	0.206617	378.016	-660.523	0.00596788	5	2	2	2	0.253548	330	0	0	0	0	0.223416	5.34751	122.019	-446.713	1	0	0	0	0	0	0	0
15.08.2015 21:14:09.049000	0.2	0.205981	0.206617	418.43	-660.523	0.00759549	5	2	2	2	0.237864	330	0	0	0	0	0.225738	4.69808	121.981	-449.052	1	0	0	0	0	0	0	0
15.08.2015 21:14:09.149000	0.2	0.205981	0.206617	451.652	-660.523	0.00759549	5	2	2	2	0.232073	330	0	0	0	0	0.229536	4.22864	121.941	-450.699	1	0	0	0	0	0	0	0
15.08.2015 21:14:09.249000	0.2	0.205981	0.206617	477.031	-660.523	0.00795718	5	2	2	2	0.224821	330	0	0	0	0	0.230997	4.5981	121.926	-449.225	1	0	0	0	0	0	0	0
15.08.2015 21:14:09.349000	0.2	0.205981	0.206617	491.273	-660.523	0.00868056	5	2	2	2	0.232017	330	0	0	0	0	0.234266	4.54384	121.9	-449.334	1	0	0	0	0	0	0	0
15.08.2015 21:14:09.449000	0.2	0.205981	0.206617	507.107	-660.523	0.00904225	5	2	2	2	0.241141	330	0	0	0	0	0.236487	4.5204	121.876	-449.332	1	0	0	0	0	0	0	0
15.08.2015 21:14:09.549000	0.2	0.205981	0.206617	525.773	-660.523	0.00976563	5	2	2	2	0.235973	330	0	0	0	0	0.239533	4.59651	121.857	-448.966	1	0	0	0	0	0	0	0
15.08.2015 21:14:09.649000	0.2	0.205981	0.206617	544.214	-660.523	0.00868056	5	2	2	2	0.244939	330	0	0	0	0	0.239525	4.67904	121.915	-448.872	1	0	0	0	0	0	0	0
15.08.2015 21:14:09.749000	0.2	0.205981	0.206617	559.664	-660.527	0.00868056	5	2	2	2	0.237358	330	0	0	0	0	0.24315	4.60341	122.09	-449.832	1	0	0	0	0	0	0	0
15.08.2015 21:14:09.849000	0.2	0.205981	0.206617	575.138	-660.531	0.00795718	5	2	2	2	0.248621	330	0	0	0	0	0.243721	4.52657	122.292	-450.899	1	0	0	0	0	0	0	0
15.08.2015 21:14:09.949000	0.2	0.205981	0.206617	595.699	-660.535	0.00705295	5	2	2	2	0.246823	330	0	0	0	0	0.245182	4.58644	122.714	-452.286	1	0	0	0	0	0	0	0
15.08.2015 21:14:10.049000	0.2	0.205981	0.206617	610.253	-660.536	0.00578704	5	2	2	2	0.248181	330	0	0	0	0	0.246419	4.62929	124.087	-457.381	1	0	0	0	0	0	0	0
15.08.2015 21:14:10.149000	0.2	0.205981	0.206617	624.766	-660.539	0.00651042	5	2	2	2	0.256509	330	0	0	0	0	0.247591	4.58016	124.137	-457.76	1	0	0	0	0	0	0	0
15.08.2015 21:14:10.249000	0.2	0.205981	0.206617	640.221	-660.539	0.00542535	5	2	2	2	0.24915	330	0	0	0	0	0.249797	4.56874	124.412	-458.857	1	0	0	0	0	0	0	0
15.08.2015 21:14:10.349000	0.2	0.205981	0.206617	656.773	-660.539	0.00488281	5	2	2	2	0.240852	330	0	0	0	0	0.249233	4.18421	124.589	-461.004	1	0	0	0	0	0	0	0
15.08.2015 21:14:10.449000	0.2	0.205981	0.206617	668.586	-660.539	0.00434028	5	2	2	2	0.249374	330	0	0	0	0	0.251244	3.95441	124.98	-463.383	1	0	0	0	0	0	0	0
15.08.2015 21:14:10.549000	0.2	0.205981	0.206617	679.938	-660.539	0.00542535	5	2	2	2	0.234544	330	0	0	0	0	0.251157	4.74471	125.484	-462.286	1	0	0	0	0	0	0	0
15.08.2015 21:14:10.649000	0.2	0.205981	0.206617	691.378	-660.534	0.00325521	5	2	2	2	0.235651	330	0	0	0	0	0.253277	4.44221	125.58	-463.811	1	0	0	0	0	0	0	0
15.08.2015 21:14:10.749000	0.2	0.205981	0.206617	698.883	-660.527	0.00325521	5	2	2	2	0.226474	330	0	0	0	0	0.252648	4.10053	125.795	-465.943	1	0	0	0	0	0	0	0
15.08.2015 21:14:10.849000	0.2	0.205981	0.206617	701.792	-660.531	0.00289352	5	2	2	2	0.251164	330	0	0	0	0	0.254297	4.58699	125.99	-464.827	1	0	0	0	0	0	0	0
15.08.2015 21:14:10.949000	0.2	0.205981	0.206617	702.656	-660.539	0.00325521	5	2	2	2	0.258453	330	0	0	0	0	0.253993	4.55416	126.293	-466.115	1	0	0	0	0	0	0	0
15.08.2015 21:14:11.049000	0.2	0.205981	0.206617	703.036	-660.536	0.00217014	5	2	2	2	0.239349	330	0	0	0	0	0.254876	4.20222	126.609	-468.672	1	0	0	0	0	0	0	0
15.08.2015 21:14:11.149000	0.2	0.205981	0.206617	703.039	-660.539	0.00217014	5	2	2	2	0.246578	330	0	0	0	0	0.254622	4.44771	126.85	-468.654	1	0	0	0	0	0	0	0
15.08.2015 21:14:11.249000	0.2	0.205981	0.206617	703.039	-660.539	0.00217014	5	2	2	2	0.240403	330	0	0	0	0	0.255693	5.20939	127.066	-466.564	1	0	0	0	0	0	0	0
15.08.2015 21:14:11.349000	0.2	0.205981	0.206617	703.039	-660.539	0.00379774	5	2	2	2	0.229418	330	0	0	0	0	0.256648	4.28278	127.265	-470.874	1	0	0	0	0	0	0	0
15.08.2015 21:14:11.449000	0.2	0.205981	0.206617	703.039	-660.542	0.00253183	5	2	2	2	0.240412	330	0	0	0	0	0.255505	4.48067	127.51	-471.054	1	0	0	0	0	0	0	0
15.08.2015 21:14:11.549000	0.2	0.205981	0.206617	703.043	-660.539	0.00271267	5	2	2	2	0.236945	330	0	0	0	0	0.256409	4.73519	127.707	-470.835	1	0	0	0	0	0	0	0
15.08.2015 21:14:11.649000	0.2	0.205981	0.206617	703.042	-660.539	0.00542535	5	2	2	2	0.246269	330	0	0	0	0	0.252481	4.34919	127.889	-473.009	1	0	0	0	0	0	0	0
15.08.2015 21:14:11.749000	0.2	0.205981	0.206617	703.047	-660.547	0.00271267	5	2	2	2	0.250232	330	0	0	0	0	0.249045	4.42537	127.962	-472.999	1	0	0	0	0	0	0	0
15.08.2015 21:14:11.849000	0.2	0.205981	0.206617	703.047	-660.547	0.00289352	5	2	2	2	0.23347	330	0	0	0	0	0.243649	4.6014	128.137	-472.994	1	0	0	0	0	0	0	0
15.08.2015 21:14:11.949000	0.2	0.205981	0.206617	703.047	-660.543	0.00271267	5	2	2	2	0.217487	330	0	0	0	0	0.241811	4.59957	128.706	-475.179	1	0	0	0	0	0	0	0
15.08.2015 21:14:12.049000	0.2	0.205981	0.206617	703.047	-660.547	0.00253183	5	2	2	2	0.223341	330	0	0	0	0	0.236798	4.47914	128.727	-475.721	1	0	0	0	0	0	0	0
15.08.2015 21:14:12.149000	0.2	0.205981	0.206617	703.047	-660.547	0.00325521	5	2	2	2	0.246222	330	0	0	0	0	0.234534	4.48769	128.75	-475.775	1	0	0	0	0	0	0	0
15.08.2015 21:14:12.249000	0.2	0.205981	0.206617	703.047	-660.547	0.00506366	5	2	2	2	0.232463	330	0	0	0	0	0.231337	4.58419	128.794	-475.573	1	0	0	0	0	0	0	0
15.08.2015 21:14:12.349000	0.2	0.205981	0.206617	703.051	-660.547	0.00596788	5	2	2	2	0.239681	330	0	0	0	0	0.229955	4.50252	128.977	-476.587	1	0	0	0	0	0	0	0
15.08.2015 21:14:12.449000	0.2	0.205981	0.206617	703.049	-660.552	0.00614873	5	2	2	2	0.24329	330	0	0	0	0	0.227337	4.5193	129.244	-477.545	1	0	0	0	0	0	0	0
15.08.2015 21:14:12.549000	0.2	0.205981	0.206617	703.047	-660.551	0.00596788	5	2	2	2	0.247219	330	0	0	0	0	0.223828	4.46089	129.365	-478.232	1	0	0	0	0	0	0	0
15.08.2015 21:14:12.649000	0.2	0.205981	0.206617	703.055	-660.555	0.00578704	5	2	2	2	0.255527	330	0	0	0	0	0.223712	3.76409	129.491	-481.383	1	0	0	0	0	0	0	0
15.08.2015 21:14:12.749000	0.2	0.205981	0.206617	703.055	-660.551	0.00596788	5	2	2	2	0.255536	330	0	0	0	0	0.221173	4.53334	127.687	-471.532	1	0	0	0	0	0	0	0
15.08.2015 21:14:12.849000	0.2	0.205981	0.206617	703.063	-660.555	0.00578704	5	2	2	2	0.255096	330	0	0	0	0	0.221072	4.82394	129.421	-477.058	1	0	0	0	0	0	0	0
15.08.2015 21:14:12.949000	0.2	0.205981	0.206617	703.066	-660.555	0.00651042	5	2	2	2	0.249637	330	0	0	0	0	0.217159	6.04657	130.21	-475.396	1	0	0	0	0	0	0	0
15.08.2015 21:14:13.049000	0.2	0.205981	0.206617	703.078	-660.552	0.00434028	5	2	2	2	0.261144	330	0	0	0	0	0.218613	4.88711	129.805	-478.287	1	0	0	0	0	0	0	0
15.08.2015 21:14:13.149000	0.2	0.205981	0.206617	703.078	-660.555	0.00434028	5	2	2	2	0.262683	330	0	0	0	0	0.215994	4.74685	129.132	-476.247	1	0	0	0	0	0	0	0
15.08.2015 21:14:13.249000	0.2	0.205981	0.206617	703.078	-660.555	0.00434028	5	2	2	2	0.234449	330	0	0	0	0	0.214576	5.23991	128.658	-472.542	1	0	0	0	0	0	0	0
15.08.2015 21:14:13.349000	0.2	0.205981	0.206617	703.078	-660.555	0.00488281	5	2	2	2	0.224494	330	0	0	0	0	0.213288	4.99142	128.946	-474.596	1	0	0	0	0	0	0	0
15.08.2015 21:14:13.449000	0.2	0.205981	0.206617	703.078	-660.555	0.0036169	5	2	2	2	0.236161	330	0	0	0	0	0.213889	4.92538	128.992	-475.026	1	0	0	0	0	0	0	0
15.08.2015 21:14:13.549000	0.2	0.205981	0.206617	703.078	-660.555	0.00542535	5	2	2	2	0.236295	330	0	0	0	0	0.213245	5.08213	128.87	-473.958	1	0	0	0	0	0	0	0
15.08.2015 21:14:13.649000	0.2	0.205981	0.206617	703.078	-660.555	0.00506366	5	2	2	2	0.248091	330	0	0	0	0	0.209795	5.10898	128.716	-473.266	1	0	0	0	0	0	0	0
15.08.2015 21:14:13.749000	0.2	0.205981	0.206617	703.078	-660.555	0.00217014	5	2	2	2	0.240817	330	0	0	0	0	0.211603	4.91031	128.514	-473.255	1	0	0	0	0	0	0	0
15.08.2015 21:14:13.849000	0.2	0.205981	0.206617	703.078	-660.555	0.00506366	5	2	2	2	0.239725	330	0	0	0	0	0.209498	4.88968	128.372	-472.79	1	0	0	0	0	0	0	0
15.08.2015 21:14:13.949000	0.2	0.205981	0.206617	703.078	-660.555	0.00596788	5	2	2	2	0.235482	330	0	0	0	0	0.210366	4.63186	128.38	-473.808	1	0	0	0	0	0	0	0
15.08.2015 21:14:14.049000	0.2	0.205981	0.206617	703.078	-660.555	0.00578704	5	2	2	2	0.238717	330	0	0	0	0	0.207075	5.27281	124.995	-458.391	1	0	0	0	0	0	0	0
15.08.2015 21:14:14.149000	0.2	0.205981	0.206617	703.059	-660.555	0.00542535	5	2	2	2	0.245228	330	0.0323322	0	0	0	0.209592	47.3622	110.607	-242.153	1	0	0	0	0	0	0	0
15.08.2015 21:14:14.249000	0.2	0.205981	0.206617	702.177	-660.555	0.00578704	5	2	2	2	0.248013	330	1.58428	0	0	26.6435	0.207747	114.336	83.5323	117.943	1	0	0	0	0	0	0	0
15.08.2015 21:14:14.349000	0.2	0.205981	0.206617	691.719	-660.555	0.00434028	5	2	2	2	0.250526	330	4.9329	0	0	34.2969	0.207436	110.23	83.4596	102.5	1	0	0	0	0	0	0	0
15.08.2015 21:14:14.449000	0.2	0.205981	0.206617	672.542	-660.555	0.00506366	5	2	2	2	0.253223	330	8.43473	0	0	35.692	0.207111	111.201	85.0071	100.291	1	0	0	0	0	0	0	0
15.08.2015 21:14:14.549000	0.2	0.205981	0.206617	655.426	-660.555	0.00596788	5	2	2	2	0.228274	330	11.9808	0	0	35.5252	0.207241	115.175	89.1433	99.671	1	0	0	0	0	0	0	0
15.08.2015 21:14:14.649000	0.2	0.205981	0.206617	631.156	-660.557	0.00651042	5	2	2	2	0.231365	330	15.4991	0	0	34.9112	0.207986	118.792	92.8563	99.3018	1	0	0	0	0	0	0	0
15.08.2015 21:14:14.749000	0.2	0.205981	0.206617	591.715	-660.555	0.00596788	5	2	2	2	0.21769	330	18.981	0	0	34.8217	0.20497	120.162	94.5012	98.2483	1	0	0	0	0	0	0	0
15.08.2015 21:14:14.849000	0.2	0.205981	0.206617	559.633	-660.563	0.00578704	5	2	2	2	0.242665	330	22.4336	0	0	34.6807	0.207067	120.208	94.698	97.6729	1	0	0	0	0	0	0	0
15.08.2015 21:14:14.949000	0.2	0.205981	0.206617	523.754	-660.563	0.00596788	5	2	2	2	0.240032	330	25.8772	0	0	34.6101	0.205158	120.036	94.4996	97.7753	1	0	0	0	0	0	0	0
15.08.2015 21:14:15.049000	0.2	0.205981	0.206617	478.844	-660.563	0.00687211	5	2	2	2	0.233517	330	29.3189	0	0	34.3334	0.206604	120.263	94.794	97.5175	1	0	0	0	0	0	0	0
15.08.2015 21:14:15.149000	0.2	0.205981	0.206617	429.477	-660.566	0.00596788	5	2	2	2	0.230842	330	32.7655	0	0	34.867	0.203696	120.82	95.4309	97.2107	1	0	0	0	0	0	0	0
15.08.2015 21:14:15.249000	0.2	0.205981	0.206617	392.854	-660.57	0.00578704	5	2	2	2	0.237836	330	36.2285	0	0	34.5962	0.206894	121.551	96.3013	96.6767	1	0	0	0	0	0	0	0
15.08.2015 21:14:15.349000	0.2	0.205981	0.206617	358.531	-660.57	0.00705295	5	2	2	2	0.252613	330	39.7124	17	0	37.4601	0.20557	121.451	94.098	104.73	1	0.4	0	0	0	0	0	0
15.08.2015 21:14:15.449000	0.2	0.205981	0.206617	318.237	-660.573	0.00868056	5	2	2	2	0.258757	330	44.3767	50	0	49.5535	0.204926	108.578	86.442	84.7533	1	1	0	0	0	0	0	0
15.08.2015 21:14:15.549000	0.2	0.205981	0.206617	283.945	-660.578	0.00868056	5	2	2	2	0.264276	330	47.4428	49.18	0	19.0509	0.204796	92.3239	70.3531	84.1217	1	1	0	0	0	0	0	0
15.08.2015 21:14:15.649000	0.2	0.205981	0.206617	256.479	-660.591	0.00759549	5	2	2	2	0.256082	330	48.7212	40.9501	0	11.5605	0.205498	64.2356	40.2884	91.6891	1	1	0	0	0	0	0	0
15.08.2015 21:14:15.749000	0.2	0.205981	0.206617	235.539	-660.605	0.00813802	5	2	2	2	0.24393	330	49.6359	30.9503	0	8.45789	0.206539	52.9087	28.7705	92.4203	1	1	0	0	0	0	0	0
15.08.2015 21:14:15.849000	0.2	0.205981	0.206617	214.331	-660.604	0.00831887	5	2	2	2	62.981	330	50.2373	13.8355	0	6.08201	0.532718	47.5703	23.7637	91.1506	1	1	1	0	0	0	0	0
15.08.2015 21:14:15.949000	0.2	0.205981	0.206617	195.777	-660.602	0.00759549	5	2	2	2	97.6037	330	50.4323	5.21931	0	4.69334	6.02865	46.0649	21.2181	95.1335	1	1	1	0	0	0	0	0
15.08.2015 21:14:16.049000	0.2	0.205981	0.206617	178.815	-660.602	0.00868056	5	2	2	2	98.2835	330	50.5711	5.21931	0	1.76909	10.0344	45.2713	20.3311	95.4911	1	1	1	0	0	0	0	0
15.08.2015 21:14:16.149000	0.2	0.205981	0.206617	162.52	-660.605	0.00976563	5	2	2	2	98.7054	330	50.6984	5.21931	0	1.62695	11.2236	44.9054	19.7123	96.4591	1	1	1	0	0	0	0	0
15.08.2015 21:14:16.249000	0.2	0.205981	0.206617	142.75	-660.609	0.0119358	5	2	2	2	99.0722	330	50.8238	5.21931	0	1.30905	11.4302	43.8683	19.231	94.3312	1	1	1	0	0	0	0	0
15.08.2015 21:14:16.349000	0.2	0.205981	0.206617	132.809	-660.609	0.0103082	5	2	2	2	99.1343	330	50.9441	5.21931	0	1.30905	11.4878	43.5026	18.7843	94.6416	1	1	1	0	0	0	0	0
15.08.2015 21:14:16.449000	0.2	0.205981	0.206617	128.016	-660.609	0.00940393	5	2	2	2	100.071	330	51.069	5.21931	0	1.19797	11.506	43.3284	18.4752	95.1581	1	1	1	0	0	0	0	0
15.08.2015 21:14:16.549000	0.2	0.205981	0.206617	126.387	-660.609	0.00868056	5	2	2	2	99.6838	330	51.1874	5.21931	0	1.19571	11.5097	43.0284	18.3214	94.5984	1	1	1	0	0	0	0	0
15.08.2015 21:14:16.649000	0.2	0.205981	0.206617	127.378	-660.615	0.00651042	5	2	2	2	99.209	330	51.3053	5.21931	0	1.19046	11.5151	42.4972	18.1319	93.2899	1	1	1	0	0	0	0	0
15.08.2015 21:14:16.749000	0.2	0.205981	0.206617	128.188	-660.621	0.00596788	5	2	2	2	99.3615	330	51.4271	5.21931	0	1.18981	11.5234	42.6773	17.9668	94.6115	1	1	1	0	0	0	0	0
15.08.2015 21:14:16.849000	0.2	0.205981	0.206617	128.195	-660.622	0.00542535	5	2	2	2	100.249	330	51.5401	5.21931	0	1.18136	11.5267	42.4508	17.8924	94.0291	1	1	1	0	0	0	0	0
15.08.2015 21:14:16.949000	0.2	0.205981	0.206617	128.203	-660.625	0.00434028	5	2	2	2	99.9109	330	51.6574	5.21931	0	1.17898	11.5257	42.433	17.8203	94.2371	1	1	1	0	0	0	0	0
15.08.2015 21:14:17.049000	0.2	0.205981	0.206617	128.203	-660.625	0.00253183	5	2	2	2	99.6769	330	51.7783	5.21931	0	1.18663	11.5314	42.2918	17.7654	93.9064	1	1	1	0	0	0	0	0
15.08.2015 21:14:17.149000	0.2	0.205981	0.206617	128.199	-660.625	0.00325521	5	2	2	2	99.7012	330	51.8922	5.21931	0	1.19007	11.5366	42.4172	17.7213	94.5556	1	1	1	0	0	0	0	0
15.08.2015 21:14:17.249000	0.2	0.205981	0.206617	128.198	-660.63	0.00289352	5	2	2	2	99.714	330	52.0121	5.21931	0	1.18051	11.5409	42.1707	17.7027	93.683	1	1	1	0	0	0	0	0
15.08.2015 21:14:17.349000	0.2	0.205981	0.206617	128.199	-660.633	0.00108507	5	2	2	2	99.7775	330	52.1275	5.21931	0	1.1733	11.5418	42.2691	17.7001	94.0697	1	1	1	0	0	0	0	0
15.08.2015 21:14:17.449000	0.2	0.205981	0.206617	128.203	-660.635	0	5	2	2	2	99.6009	330	52.2404	5.21931	0	1.16244	11.5417	42.4652	17.7031	94.8089	1	1	1	0	0	0	0	0
15.08.2015 21:14:17.549000	0.2	0.205981	0.206617	128.199	-660.641	-0.00108507	5	2	2	2	99.6809	330	52.3588	5.21931	0	1.14617	11.5361	42.5617	17.6989	95.1948	1	1	1	0	0	0	0	0
15.08.2015 21:14:17.649000	0.2	0.205981	0.206617	128.203	-660.641	-0.00144676	5	2	2	2	100.14	330	52.4727	5.21931	0	1.14618	11.5438	42.1777	17.6921	93.7505	1	1	1	0	0	0	0	0
15.08.2015 21:14:17.749000	0.2	0.205981	0.206617	128.199	-660.641	0.00217014	5	2	2	2	99.8035	330	52.5876	5.21931	0	1.14621	11.5353	42.2438	17.6898	94.0122	1	1	1	0	0	0	0	0
15.08.2015 21:14:17.849000	0.2	0.205981	0.206617	128.203	-660.641	0.00108507	5	2	2	2	99.3859	330	52.7075	5.21931	0	1.15011	11.5358	42.3705	17.6818	94.528	1	1	1	0	0	0	0	0
15.08.2015 21:14:17.949000	0.2	0.205981	0.206617	128.199	-660.641	0	5	2	2	2	99.6104	330	52.8244	5.21931	0	1.17871	11.5341	42.2777	17.6847	94.1618	1	1	1	0	0	0	0	0
15.08.2015 21:14:18.049000	0.2	0.205981	0.206617	128.201	-660.648	0	5	2	2	2	99.8422	330	52.9393	5.21931	0	1.17871	11.5391	42.1873	17.6725	93.7977	1	1	1	0	0	0	0	0
15.08.2015 21:14:18.149000	0.2	0.205981	0.206617	128.203	-660.645	0	5	2	2	2	100.514	330	53.0612	5.21931	0	1.17862	11.5464	42.2729	17.6609	94.2345	1	1	1	0	0	0	0	0
15.08.2015 21:14:18.249000	0.2	0.205981	0.206617	128.203	-660.664	0.00072338	5	2	2	2	99.9812	330	53.1771	5.21931	0	1.17862	11.5414	42.2822	17.6703	94.234	1	1	1	0	0	0	0	0
15.08.2015 21:14:18.349000	0.2	0.205981	0.206617	128.203	-660.676	0.000542535	5	2	2	2	99.7764	330	53.2935	5.21931	0	1.17892	11.5503	42.2228	17.6787	93.9744	1	1	1	0	0	0	0	0
15.08.2015 21:14:18.449000	0.2	0.205981	0.206617	128.203	-660.677	0.00072338	5	2	2	2	99.9516	330	53.4143	5.21931	0	1.17895	11.5559	42.3117	17.6856	94.2882	1	1	1	0	0	0	0	0
15.08.2015 21:14:18.549000	0.2	0.205981	0.206617	128.203	-660.676	0.000542535	5	2	2	2	99.7797	330	53.5287	5.21931	0	1.17021	11.5561	42.3041	17.6915	94.4072	1	1	1	0	0	0	0	0
15.08.2015 21:14:18.649000	0.2	0.205981	0.206617	128.203	-660.677	0.00072338	5	2	2	2	100.018	330	53.6481	5.21931	0	1.16759	11.5482	42.2271	17.6976	93.8667	1	1	1	0	0	0	0	0
15.08.2015 21:14:18.749000	0.2	0.205981	0.206617	128.203	-660.68	0	5	2	2	2	100.089	330	53.767	5.21931	0	1.17886	11.5508	42.373	17.7018	94.3946	1	1	1	0	0	0	0	0
15.08.2015 21:14:18.849000	0.2	0.205981	0.206617	128.203	-660.68	0.00072338	5	2	2	2	99.8897	330	53.8804	5.21931	0	1.18441	11.5538	42.7388	17.7162	95.8082	1	1	1	0	0	0	0	0
15.08.2015 21:14:18.949000	0.2	0.205981	0.206617	128.203	-660.68	0.00217014	5	2	2	2	99.8446	330	54.0013	5.21931	0	1.17243	11.5503	42.4812	17.7264	94.7339	1	1	1	0	0	0	0	0
15.08.2015 21:14:19.049000	0.2	0.205981	0.206617	128.203	-660.68	0.00253183	5	2	2	2	99.9265	330	54.1162	5.21931	0	1.16223	11.5453	42.353	17.7351	94.0978	1	1	1	0	0	0	0	0
15.08.2015 21:14:19.149000	0.2	0.205981	0.206617	128.203	-660.68	0.00271267	5	2	2	2	99.8494	330	54.2306	5.21931	0	1.16447	11.5509	42.3962	17.7422	94.3764	1	1	1	0	0	0	0	0
15.08.2015 21:14:19.249000	0.2	0.205981	0.206617	128.203	-660.682	0.0036169	5	2	2	2	99.521	330	54.352	5.21931	0	1.16769	11.5486	42.4016	17.7634	94.2277	1	1	1	0	0	0	0	0
15.08.2015 21:14:19.349000	0.2	0.205981	0.206617	128.203	-660.684	0.00596788	5	2	2	2	99.6707	330	54.4669	5.21931	0	1.16931	11.5323	42.4235	17.769	94.3969	1	1	1	0	0	0	0	0
15.08.2015 21:14:19.449000	0.2	0.205981	0.206617	128.203	-660.685	0.00687211	5	2	2	2	99.3141	330	54.5838	5.21931	0	1.17326	11.5283	42.4202	17.7721	94.3728	1	1	1	0	0	0	0	0
15.08.2015 21:14:19.549000	0.2	0.205981	0.206617	128.203	-660.68	0.00813802	5	2	2	2	99.3584	330	54.7041	5.21931	0	1.17426	11.5224	42.2684	17.818	93.6157	1	1	1	0	0	0	0	0
15.08.2015 21:14:19.649000	0.2	0.205981	0.206617	128.203	-660.688	0.0130208	5	2	2	2	99.1583	330	54.8205	5.21931	0	1.17882	11.5221	42.2897	17.808	93.7355	1	1	1	0	0	0	0	0
15.08.2015 21:14:19.749000	0.2	0.205981	0.206617	128.203	-660.688	0.0124783	5	2	2	2	99.1445	330	54.9379	5.21931	0	1.17882	11.5184	42.3762	17.806	94.0746	1	1	1	0	0	0	0	0
15.08.2015 21:14:19.849000	0.2	0.205981	0.206617	128.203	-660.69	0.0101273	5	2	2	2	99.4496	330	55.0563	5.21931	0	1.1787	11.52	42.3981	17.809	94.1471	1	1	1	0	0	0	0	0
15.08.2015 21:14:19.949000	0.2	0.205981	0.206617	128.203	-660.688	0.0124783	5	2	2	2	99.075	330	55.1712	5.21931	0	1.1787	11.5187	42.3702	17.829	93.9634	1	1	1	0	0	0	0	0
15.08.2015 21:14:20.049000	0.2	0.205981	0.206617	128.203	-660.693	0.0126591	5	2	2	2	99.4222	330	55.2881	5.21931	0	1.15863	11.5175	42.3398	17.8329	93.8318	1	1	1	0	0	0	0	0
15.08.2015 21:14:20.149000	0.2	0.205981	0.206617	128.203	-660.695	0.0124783	5	2	2	2	106.729	330	55.4075	5.21931	0	1.15688	11.5203	42.4292	17.8496	94.1104	1	1	1	0	0	0	0	0
15.08.2015 21:14:20.249000	0.2	0.205981	0.206617	128.203	-660.695	0.0101273	5	2	2	2	128.31	330	55.5209	5.21931	0	1.16541	11.4925	42.4862	17.8826	94.2022	1	1	1	0	0	0	0	0
15.08.2015 21:14:20.349000	0.2	0.205981	0.206617	128.203	-660.695	0.00813802	5	2	2	2	142.598	330	55.6428	5.21931	0	1.16768	11.4314	42.5321	17.8926	94.3394	1	1	1	0	0	0	0	0
15.08.2015 21:14:20.449000	0.2	0.205981	0.206617	128.203	-660.693	0.00759549	5	2	2	2	175.14	330	55.7616	5.21931	0	1.18752	11.433	42.3682	17.8906	93.7197	1	1	1	0	0	0	0	0
15.08.2015 21:14:20.549000	0.2	0.205981	0.206617	128.203	-660.695	0.00759549	5	2	2	2	155.392	330	55.8775	5.21931	0	1.19563	11.2203	42.3107	17.8806	93.5381	1	1	1	0	0	0	0	0
15.08.2015 21:14:20.649000	0.2	0.205981	0.206617	128.203	-660.693	0.00614873	5	2	2	2	274.669	330	56.0019	5.21931	0	1.19939	11.173	42.3206	17.8704	93.6147	1	1	1	0	0	0	0	0
15.08.2015 21:14:20.749000	0.2	0.205981	0.206617	128.203	-660.695	0.00488281	5	2	2	2	295.743	330	56.1163	5.21931	0	1.20151	10.9262	42.3564	17.8779	93.7232	1	1	1	0	0	0	0	0
15.08.2015 21:14:20.849000	0.2	0.205981	0.206617	128.203	-660.695	0.00470197	5	2	2	2	365.58	330	56.2387	5.21931	0	1.18935	10.7918	42.0961	17.8733	92.7442	1	1	1	0	0	0	0	0
15.08.2015 21:14:20.949000	0.2	0.205981	0.206617	128.203	-660.695	0.00434028	5	2	2	2	356.545	330	56.3576	5.21931	0	1.17858	10.6872	42.4378	17.8765	94.0405	1	1	1	0	0	0	0	0
15.08.2015 21:14:21.049000	0.2	0.205981	0.206617	128.203	-660.695	0.00542535	5	2	2	2	580.507	330	56.473	5.21931	0	1.18363	10.6666	42.1642	17.8906	92.9389	1	1	1	0	0	0	0	0
15.08.2015 21:14:21.149000	0.2	0.205981	0.206617	128.203	-660.695	0.00705295	5	2	2	2	301.575	330	56.5978	5.21931	0	1.19005	10.8241	42.528	17.9139	94.2424	1	1	1	0	0	0	0	0
15.08.2015 21:14:21.249000	0.2	0.205981	0.206617	128.203	-660.695	0.00614873	5	2	2	2	441.736	330	56.7127	5.21931	0	1.19425	10.889	42.2886	17.9068	93.353	1	1	1	0	0	0	0	0
15.08.2015 21:14:21.349000	0.2	0.205981	0.206617	128.203	-660.695	0.00596788	5	2	2	2	546.692	330	56.8341	5.21931	0	1.2014	10.7841	42.121	17.8956	92.754	1	1	1	0	0	0	0	0
15.08.2015 21:14:21.449000	0.2	0.205981	0.206617	128.203	-660.695	0.00687211	5	2	2	2	723.077	330	56.954	5.21931	0	1.20324	10.5648	42.4254	17.8836	93.9657	1	1	1	0	0	0	0	0
15.08.2015 21:14:21.549000	0.2	0.205981	0.206617	128.203	-660.695	0.00868056	5	2	2	2	269.9	330	57.0723	5.21931	0	1.20733	10.6186	42.381	17.9073	93.7047	1	1	1	0	0	0	0	0
15.08.2015 21:14:21.649000	0.2	0.205981	0.206617	128.203	-660.695	0.00868056	5	2	2	2	528.229	330	57.1952	5.21931	0	1.20248	10.7516	41.9061	17.8959	91.9302	1	1	1	0	0	0	0	0
15.08.2015 21:14:21.749000	0.2	0.205981	0.206617	128.203	-660.695	0.0108507	5	2	2	2	531.645	330	57.3116	5.21931	0	1.18426	10.71	42.207	17.9084	93.0347	1	1	1	0	0	0	0	0
15.08.2015 21:14:21.849000	0.2	0.205981	0.206617	128.203	-660.695	0.00940394	5	2	2	2	630.656	330	57.4345	5.21931	0	1.18666	10.664	42.347	17.8976	93.6117	1	1	1	0	0	0	0	0
15.08.2015 21:14:21.949000	0.2	0.205981	0.206617	128.203	-660.695	0.0103082	5	2	2	2	463.838	330	57.5528	5.21931	0	1.2014	10.7431	42.631	17.8964	94.7038	1	1	1	0	0	0	0	0
15.08.2015 21:14:22.049000	0.2	0.205981	0.206617	128.203	-660.695	0.00904225	5	2	2	2	663.916	330	57.6692	5.21931	0	1.20083	10.6956	42.445	17.8912	94.0116	1	1	1	0	0	0	0	0
15.08.2015 21:14:22.149000	0.2	0.205981	0.206617	128.203	-660.699	0.00868056	5	2	2	2	429.074	330	57.7906	5.21931	0	1.19008	10.6102	41.9136	17.922	91.8592	1	1	1	0	0	0	0	0
15.08.2015 21:14:22.249000	0.2	0.205981	0.206617	128.203	-660.695	0.00868056	5	2	2	2	682.204	330	57.9045	5.21931	0	1.19008	10.7661	42.3722	17.9209	93.6192	1	1	1	0	0	0	0	0
15.08.2015 21:14:22.349000	0.2	0.205981	0.206617	128.203	-660.695	0.00759549	5	2	2	2	457.439	330	58.0194	3.54374	0	1.16945	10.7364	42.1079	18.0969	91.933	1	1	1	0.49	0	0	0	0
15.08.2015 21:14:22.449000	0.2	0.205981	0.206617	128.203	-660.695	0.00831887	5	2	2	2	44.9846	330	58.0712	2.17526	0.37548	1.16766	9.5794	42.6775	18.1546	93.8933	1	1	1	1	0	0	0	0
15.08.2015 21:14:22.549000	0.2	0.205981	0.206617	128.203	-660.699	0.00868056	5	2	2	2	144.049	330	58.1284	2.92141	1.12163	1.16766	7.86781	42.9449	18.426	93.8776	1	1	1	1	0	0	0	0
15.08.2015 21:14:22.649000	0.2	0.205981	0.206617	128.203	-660.695	0.00687211	5	2	2	2	268.109	330	58.2084	3.28913	1.48934	1.02774	7.12053	43.1305	18.6128	93.8732	1	1	1	1	0	0	0	0
15.08.2015 21:14:22.749000	0.2	0.205981	0.206617	128.203	-660.699	0.00542535	5	2	2	2	401.776	330	58.2776	3.20185	1.40207	0.685167	6.74847	43.2835	18.7357	93.9884	1	1	1	1	0	0	0	0
15.08.2015 21:14:22.849000	0.2	0.205981	0.206617	128.203	-660.695	0.00578704	5	2	2	2	441.75	330	58.3592	2.90993	1.11015	0.685167	6.53487	43.4373	18.8668	94.0756	1	1	1	1	0	0	0	0
15.08.2015 21:14:22.949000	0.2	0.205981	0.206617	128.203	-660.695	0.00596788	5	2	2	2	502.351	330	58.4208	2.47061	0.670826	0.685167	6.46016	43.5815	19.003	94.1064	1	1	1	1	0	0	0	0
15.08.2015 21:14:23.049000	0.2	0.205981	0.206617	128.203	-660.698	0.00651042	5	2	2	2	431.116	330	58.4776	2.03768	0.237898	0.68052	6.3992	43.7445	19.1543	94.1511	1	1	1	1	0	0	0	0
15.08.2015 21:14:23.149000	0.2	0.205981	0.206617	128.203	-660.695	0.00596788	5	2	2	2	349.343	330	58.5293	1.89321	0.0934228	0.677671	6.42739	43.8918	19.289	94.1992	1	1	1	1	0	0	0	0
15.08.2015 21:14:23.249000	0.2	0.205981	0.206617	128.203	-660.695	0.00831887	5	2	2	2	392.148	330	58.581	1.77936	-0.0204209	0.677671	6.47211	44.0194	19.4137	94.2104	1	1	1	1	0	0	0	0
15.08.2015 21:14:23.349000	0.2	0.205981	0.206617	128.203	-660.695	0.00813802	5	2	2	2	361.245	330	58.6263	1.62594	-0.173842	0.677671	6.50341	44.1344	19.5288	94.21	1	1	1	1	0	0	0	0
15.08.2015 21:14:23.449000	0.2	0.205981	0.206617	128.203	-660.698	0.00759549	5	2	2	2	355.135	330	58.6701	1.55283	-0.246952	0.677671	6.52452	44.2459	19.6344	94.2324	1	1	1	1	0	0	0	0
15.08.2015 21:14:23.549000	0.2	0.205981	0.206617	128.203	-660.699	0.00759549	5	2	2	2	320.036	330	58.7143	1.52141	-0.27837	0.600518	6.51934	44.3481	19.7199	94.2964	1	1	1	1	0	0	0	0
15.08.2015 21:14:23.649000	0.2	0.205981	0.206617	128.203	-660.701	0.010489	5	2	2	2	338.167	330	58.7586	1.55626	-0.243525	0.474635	6.55052	44.4367	19.8004	94.3275	1	1	1	1	0	0	0	0
15.08.2015 21:14:23.749000	0.2	0.205981	0.206617	128.203	-660.699	0.0103082	5	2	2	2	336.818	330	58.7999	1.48491	-0.314871	0.474635	6.56539	44.5152	19.8773	94.3336	1	1	1	1	0	0	0	0
15.08.2015 21:14:23.849000	0.2	0.205981	0.206617	128.203	-660.703	0.00976563	5	2	2	2	355.552	330	58.8446	1.45816	-0.341624	0.474635	6.56371	44.5821	19.9478	94.32	1	1	1	1	0	0	0	0
15.08.2015 21:14:23.949000	0.2	0.205981	0.206617	128.203	-660.703	0.0124783	5	2	2	2	358.331	330	58.8929	1.38348	-0.416309	0.474635	6.54437	44.6507	20.0186	94.3114	1	1	1	1	0	0	0	0
15.08.2015 21:14:24.049000	0.2	0.205981	0.206617	128.203	-660.701	0.00904225	5	2	2	2	305.171	330	58.9352	1.33285	-0.46693	0.474635	6.52781	44.7137	20.0717	94.3492	1	1	1	1	0	0	0	0
15.08.2015 21:14:24.149000	0.2	0.205981	0.206617	128.203	-660.703	0.00868056	5	2	2	2	291.314	330	58.9765	1.32441	-0.475377	0.448255	6.56308	44.7725	20.1285	94.357	1	1	1	1	0	0	0	0
15.08.2015 21:14:24.249000	0.2	0.205981	0.206617	128.203	-660.703	0.00795718	5	2	2	2	295.454	330	59.0153	1.36077	-0.439012	0.43405	6.61013	44.8264	20.1791	94.3698	1	1	1	1	0	0	0	0
15.08.2015 21:14:24.349000	0.2	0.205981	0.206617	128.203	-660.703	0.00651042	5	2	2	2	269.85	330	59.0565	1.41407	-0.385717	0.43405	6.58443	44.8669	20.2271	94.3408	1	1	1	1	0	0	0	0
15.08.2015 21:14:24.449000	0.2	0.205981	0.206617	128.203	-660.703	0.00542535	5	2	2	2	339.071	330	59.1013	1.49058	-0.309205	0.43405	6.60547	44.9127	20.2567	94.4032	1	1	1	1	0	0	0	0
15.08.2015 21:14:24.549000	0.2	0.205981	0.206617	128.203	-660.699	0.00596788	5	2	2	2	342.757	330	59.1486	1.54244	-0.25734	0.43405	6.59372	44.9467	20.2979	94.3754	1	1	1	1	0	0	0	0
15.08.2015 21:14:24.649000	0.2	0.205981	0.206617	128.203	-660.703	0.00542535	5	2	2	2	323.137	330	59.1938	1.56514	-0.234647	0.434204	6.6059	44.9787	20.3362	94.3513	1	1	1	1	0	0	0	0
15.08.2015 21:14:24.749000	0.2	0.205981	0.206617	128.203	-660.703	0.00434028	5	2	2	2	328.005	330	59.2426	1.59124	-0.208546	0.441751	6.62475	45.0054	20.3659	94.3397	1	1	1	1	0	0	0	0
15.08.2015 21:14:24.849000	0.2	0.205981	0.206617	128.203	-660.701	0.00614873	5	2	2	2	313.206	330	59.2893	1.61308	-0.186707	0.441751	6.59783	45.0258	20.3857	94.342	1	1	1	1	0	0	0	0
15.08.2015 21:14:24.949000	0.2	0.205981	0.206617	128.203	-660.703	0.00596788	5	2	2	2	331.997	330	59.3381	1.63431	-0.165474	0.441751	6.58864	45.0422	20.4132	94.2995	1	1	1	1	0	0	0	0
15.08.2015 21:14:25.049000	0.2	0.205981	0.206617	128.203	-660.701	0.00470197	5	2	2	2	273.932	330	59.3863	1.65832	-0.141462	0.441751	6.58209	45.063	20.4372	94.2873	1	1	1	1	0	0	0	0
15.08.2015 21:14:25.149000	0.2	0.205981	0.206617	128.203	-660.703	0.00379774	5	2	2	2	314.826	330	59.4331	1.71517	-0.084618	0.441751	6.606	45.0761	20.4646	94.2329	1	1	1	1	0	0	0	0
15.08.2015 21:14:25.249000	0.2	0.205981	0.206617	128.203	-660.703	0.00325521	5	2	2	2	340.789	330	59.4818	1.76837	-0.0314139	0.470617	6.58247	45.0803	20.487	94.1628	1	1	1	1	0	0	0	0
15.08.2015 21:14:25.349000	0.2	0.205981	0.206617	128.203	-660.703	0.00325521	5	2	2	2	339.958	330	59.5356	1.7947	-0.00508425	0.477389	6.58089	45.0778	20.5033	94.091	1	1	1	1	0	0	0	0
15.08.2015 21:14:25.449000	0.2	0.205981	0.206617	128.203	-660.703	0.00217014	5	2	2	2	332.66	330	59.5878	1.80379	0.00400552	0.477389	6.58323	45.0815	20.5095	94.0814	1	1	1	1	0	0	0	0
15.08.2015 21:14:25.549000	0.2	0.205981	0.206617	128.203	-660.703	0.00217014	5	2	2	2	314.44	330	59.637	1.8162	0.0164149	0.477389	6.56784	45.0744	20.5204	94.0123	1	1	1	1	0	0	0	0
15.08.2015 21:14:25.649000	0.2	0.205981	0.206617	128.203	-660.703	0.00253183	5	2	2	2	323.569	330	59.6898	1.83807	0.0382866	0.479151	6.55469	45.0821	20.5163	94.0576	1	1	1	1	0	0	0	0
15.08.2015 21:14:25.749000	0.2	0.205981	0.206617	128.203	-660.703	0.00271267	5	2	2	2	279.53	330	59.746	1.85997	0.0601876	0.521449	6.54941	45.079	20.523	94.0197	1	1	1	1	0	0	0	0
15.08.2015 21:14:25.849000	0.2	0.205981	0.206617	128.203	-660.703	0.0036169	5	2	2	2	292.381	330	59.7982	1.92211	0.122323	0.521449	6.59534	45.0758	20.5155	94.0363	1	1	1	1	0	0	0	0
15.08.2015 21:14:25.949000	0.2	0.205981	0.206617	128.203	-660.703	0.00325521	5	2	2	2	324.098	330	59.8524	2.00005	0.200269	0.521449	6.607	45.0644	20.5092	94.0167	1	1	1	1	0	0	0	0
15.08.2015 21:14:26.049000	0.2	0.205981	0.206617	128.203	-660.703	0.00397859	5	2	2	2	369.972	330	59.9096	2.04881	0.249027	0.521449	6.57674	45.0451	20.498	93.9858	1	1	1	1	0	0	0	0
15.08.2015 21:14:26.149000	0.2	0.205981	0.206617	128.203	-660.703	0.00651042	5	2	2	2	337.311	330	59.9683	2.05917	0.259385	0.543537	6.56395	45.0332	20.4905	93.969	1	1	1	1	0	0	0	0
15.08.2015 21:14:26.249000	0.2	0.205981	0.206617	128.203	-660.703	0.00614873	5	2	2	2	339.386	330	60.0225	2.05174	0.251954	0.558886	6.5521	45.0216	20.4813	93.9597	1	1	1	1	0	0	0	0
15.08.2015 21:14:26.349000	0.2	0.205981	0.206617	128.203	-660.703	0.00651042	5	2	2	2	281.418	330	60.0787	2.04441	0.244622	0.558886	6.5583	45.0127	20.4785	93.9365	1	1	1	1	0	0	0	0
15.08.2015 21:14:26.449000	0.2	0.205981	0.206617	128.203	-660.703	0.00759549	5	2	2	2	277.368	330	60.1409	2.08655	0.286767	0.558886	6.62313	45	20.4628	93.948	1	1	1	1	0	0	0	0
15.08.2015 21:14:26.549000	0.2	0.205981	0.206617	128.203	-660.699	0.00813802	5	2	2	2	341.53	330	60.1986	2.15408	0.354296	0.561133	6.62177	44.9914	20.447	93.9756	1	1	1	1	0	0	0	0
15.08.2015 21:14:26.649000	0.2	0.205981	0.206617	128.203	-660.701	0.00578704	5	2	2	2	319.495	330	60.2553	2.20195	0.402169	0.5691	6.56418	44.9796	20.4408	93.9543	1	1	1	1	0	0	0	0
15.08.2015 21:14:26.749000	0.2	0.205981	0.206617	128.203	-660.703	0.00651042	5	2	2	2	327.038	330	60.315	2.24064	0.440855	0.5691	6.55139	44.974	20.4222	94.0038	1	1	1	1	0	0	0	0
15.08.2015 21:14:26.849000	0.2	0.205981	0.206617	128.203	-660.703	0.00614873	5	2	2	2	327.526	330	60.3747	2.26569	0.465906	0.5691	6.56701	44.9563	20.4221	93.9363	1	1	1	1	0	0	0	0
15.08.2015 21:14:26.949000	0.2	0.205981	0.206617	128.203	-660.703	0.00542535	5	2	2	2	311.546	330	60.4359	2.28544	0.485659	0.572085	6.56079	44.9398	20.405	93.9386	1	1	1	1	0	0	0	0
15.08.2015 21:14:27.049000	0.2	0.205981	0.206617	128.203	-660.703	0.00506366	5	2	2	2	333.088	330	60.503	2.31527	0.515489	0.602257	6.57422	44.9328	20.4003	93.93	1	1	1	1	0	0	0	0
15.08.2015 21:14:27.149000	0.2	0.205981	0.206617	128.203	-660.703	0.00434028	5	2	2	2	333.364	330	60.5622	2.33658	0.5368	0.602257	6.57982	44.9327	20.384	93.9921	1	1	1	1	0	0	0	0
15.08.2015 21:14:27.249000	0.2	0.205981	0.206617	128.203	-660.703	0.00253183	5	2	2	2	274.062	330	60.6209	2.35345	0.553667	0.602257	6.5751	44.9168	20.3897	93.9092	1	1	1	1	0	0	0	0
15.08.2015 21:14:27.349000	0.2	0.205981	0.206617	128.203	-660.703	0.00217014	5	2	2	2	290.704	330	60.6901	2.41377	0.613981	0.607733	6.62891	44.8975	20.3702	93.9104	1	1	1	1	0	0	0	0
15.08.2015 21:14:27.449000	0.2	0.205981	0.206617	128.203	-660.703	0.00253183	5	2	2	2	311.943	330	60.7552	2.49295	0.693164	0.634468	6.63309	44.8846	20.3613	93.8947	1	1	1	1	0	0	0	0
15.08.2015 21:14:27.549000	0.2	0.205981	0.206617	128.203	-660.703	0.000542535	5	2	2	2	340.086	330	60.8164	2.56135	0.761568	0.634468	6.59329	44.8786	20.3327	93.9814	1	1	1	1	0	0	0	0
15.08.2015 21:14:27.649000	0.2	0.205981	0.206617	128.203	-660.703	0.00036169	5	2	2	2	337.936	330	60.8885	2.59938	0.799601	0.634468	6.59407	44.8466	20.319	93.9113	1	1	1	1	0	0	0	0
15.08.2015 21:14:27.749000	0.2	0.205981	0.206617	128.203	-660.703	0.00217014	5	2	2	2	321.988	330	60.9572	2.61511	0.815324	0.6522	6.55433	44.8158	20.3002	93.8653	1	1	1	1	0	0	0	0
15.08.2015 21:14:27.849000	0.2	0.205981	0.206617	128.203	-660.703	0.0036169	5	2	2	2	324.246	330	61.0189	2.63112	0.831341	0.672197	6.5854	44.8097	20.2835	93.9057	1	1	1	1	0	0	0	0
15.08.2015 21:14:27.949000	0.2	0.205981	0.206617	128.203	-660.703	0.00271267	5	2	2	2	323.732	330	61.096	2.65304	0.853258	0.672197	6.59145	44.7955	20.2653	93.9211	1	1	1	1	0	0	0	0
15.08.2015 21:14:28.049000	0.2	0.205981	0.206617	128.203	-660.703	0.00651042	5	2	2	2	338.894	330	61.1601	2.67092	0.871134	0.672197	6.56483	44.7484	20.2816	93.6785	1	1	1	1	0	0	0	0
15.08.2015 21:14:28.149000	0.2	0.205981	0.206617	128.203	-660.703	0.00651042	5	2	2	2	313.254	330	61.2263	2.67732	0.877531	0.676634	6.54708	44.7428	20.2641	93.7239	1	1	1	1	0	0	0	0
15.08.2015 21:14:28.249000	0.2	0.205981	0.206617	128.203	-660.701	0.00831887	5	2	2	2	283.619	330	61.3029	2.69965	0.899871	0.677744	6.57797	44.7219	20.2536	93.6844	1	1	1	1	0	0	0	0
15.08.2015 21:14:28.349000	0.2	0.205981	0.206617	128.203	-660.703	0.00759549	5	2	2	2	337.367	330	61.3671	2.75129	0.951504	0.677744	6.60229	44.6962	20.2264	93.69	1	1	1	1	0	0	0	0
15.08.2015 21:14:28.449000	0.2	0.205981	0.206617	128.203	-660.703	0.00759549	5	2	2	2	360.45	330	61.4447	2.78037	0.980588	0.686701	6.59923	44.6833	20.2078	93.7115	1	1	1	1	0	0	0	0
15.08.2015 21:14:28.549000	0.2	0.205981	0.206617	128.203	-660.703	0.00813802	5	2	2	2	342.779	330	61.5118	2.77412	0.97434	0.708632	6.57348	44.6646	20.1966	93.683	1	1	1	1	0	0	0	0
15.08.2015 21:14:28.649000	0.2	0.205981	0.206617	128.203	-660.703	0.00795718	5	2	2	2	308.971	330	61.5864	2.75861	0.958822	0.708632	6.56196	44.6348	20.1911	93.595	1	1	1	1	0	0	0	0
15.08.2015 21:14:28.749000	0.2	0.205981	0.206617	128.203	-660.703	0.00813802	5	2	2	2	294.351	330	61.6551	2.76333	0.96355	0.708632	6.59242	44.634	20.1749	93.643	1	1	1	1	0	0	0	0
15.08.2015 21:14:28.849000	0.2	0.205981	0.206617	128.203	-660.703	0.00976563	5	2	2	2	278.044	330	61.7272	2.81111	1.01133	0.713551	6.63051	44.631	20.1674	93.6638	1	1	1	1	0	0	0	0
15.08.2015 21:14:28.949000	0.2	0.205981	0.206617	128.203	-660.703	0.00976563	5	2	2	2	306.525	330	61.8013	2.8865	1.08671	0.714705	6.62394	44.6038	20.1466	93.6509	1	1	1	1	0	0	0	0
15.08.2015 21:14:29.049000	0.2	0.205981	0.206617	128.203	-660.703	0.00795718	5	2	2	2	315.54	330	61.8724	2.96007	1.16029	0.714705	6.60216	44.5927	20.1302	93.6619	1	1	1	1	0	0	0	0
15.08.2015 21:14:29.149000	0.2	0.205981	0.206617	128.203	-660.703	0.00868056	5	2	2	2	336.19	330	61.9515	3.02158	1.22179	0.727457	6.61312	44.5552	20.0995	93.636	1	1	1	1	0	0	0	0
15.08.2015 21:14:29.249000	0.2	0.205981	0.206617	128.203	-660.703	0.00831887	5	2	2	2	333.162	330	62.0246	3.05483	1.25505	0.742427	6.60621	44.5213	20.0715	93.6136	1	1	1	1	0	0	0	0
15.08.2015 21:14:29.349000	0.2	0.205981	0.206617	128.203	-660.703	0.00813802	5	2	2	2	311.065	330	62.1042	3.08458	1.28493	0.742427	6.62464	44.5106	20.0409	93.6792	1	1	1	1	0	0	0	0
15.08.2015 21:14:29.449000	0.2	0.205981	0.206617	128.203	-660.701	0.00795718	5	2	2	2	326.201	330	62.1843	3.11446	1.31469	0.749928	6.59031	44.4708	20.0285	93.5825	1	1	1	1	0	0	0	0
15.08.2015 21:14:29.549000	0.2	0.205981	0.206617	128.203	-660.703	0.00759549	5	2	2	2	313.387	330	62.2579	3.14015	1.34037	0.77243	6.60757	44.4693	20.0068	93.6425	1	1	1	1	0	0	0	0
15.08.2015 21:14:29.649000	0.2	0.205981	0.206617	128.203	-660.701	0.00795718	5	2	2	2	306.118	330.01	62.3455	3.18381	1.38403	0.77243	6.61672	44.4249	19.9776	93.6037	1	1	1	1	0.39	0	0	0
15.08.2015 21:14:29.749000	0.2	0.205981	0.206617	128.203	-660.703	0.00813802	5	2	2	2	318.886	330.448	62.4206	3.33836	1.53858	0.776913	6.63014	44.4143	19.947	93.6804	1	1	1	1	1	0	0	0
15.08.2015 21:14:29.849000	0.2	0.205981	0.206617	128.203	-660.703	0.00831887	5	2	2	2	365.923	331.861	62.5047	3.4853	1.68551	0.802317	6.62449	44.3532	19.9036	93.6126	1	1	1	1	1	0	0	0
15.08.2015 21:14:29.949000	0.2	0.205981	0.206617	128.203	-660.703	0.00705295	5	2	2	2	363.487	334.288	62.5947	3.49246	1.69267	0.802317	6.63697	44.3145	19.8599	93.6316	1	1	1	1	1	0	0	0
15.08.2015 21:14:30.049000	0.2	0.205981	0.206617	128.203	-660.703	0.00614873	5	2	2	2	379.818	337.728	62.6758	3.41056	1.61077	0.811489	6.60503	44.2576	19.8384	93.496	1	1	1	1	1	0	0	0
15.08.2015 21:14:30.149000	0.2	0.205981	0.206617	128.203	-660.703	0.00651042	5	2	2	2	302.054	342.181	62.7554	3.29129	1.49151	0.845991	6.58518	44.2384	19.8386	93.4219	1	1	1	1	1	0	0	0
15.08.2015 21:14:30.249000	0.2	0.205981	0.206617	128.203	-660.703	0.00506366	5	2	2	2	295.874	347.648	62.8399	3.37959	1.5798	0.845991	6.63415	44.2325	19.8161	93.4855	1	1	1	1	1	0	0	0
15.08.2015 21:14:30.349000	0.2	0.205981	0.206617	128.203	-660.703	0.00596788	5	2	2	2	390.025	354.127	62.9255	3.59447	1.79469	0.844565	6.6377	44.1999	19.7865	93.474	1	1	1	1	1	0	0	0
15.08.2015 21:14:30.449000	0.2	0.205981	0.206617	128.203	-660.701	0.00614873	5	2	2	2	307.984	361.619	63.012	3.75778	1.958	0.840289	6.63903	44.1428	19.7324	93.4624	1	1	1	1	1	0	0	0
15.08.2015 21:14:30.549000	0.2	0.205981	0.206617	128.203	-660.703	0.00596788	5	2	2	2	378.074	370.125	63.1095	4.05013	2.25035	0.840289	6.61194	44.0496	19.6417	93.453	1	1	1	1	1	0	0	0
15.08.2015 21:14:30.649000	0.2	0.205981	0.206617	128.203	-660.703	0.00614873	5	2	2	2	421.617	379.644	63.21	4.30195	2.50217	0.90567	6.58572	43.9279	19.5113	93.486	1	1	1	1	1	0	0	0
15.08.2015 21:14:30.749000	0.2	0.205981	0.206617	128.203	-660.703	0.00651042	5	2	2	2	424.654	390.177	63.3174	4.40342	2.60363	0.945742	6.57581	43.8801	19.3788	93.8103	1	1	1	1	1	0	0	0
15.08.2015 21:14:30.849000	0.2	0.205981	0.206617	128.203	-660.703	0.00651042	5	2	2	2	369.984	401.723	63.4209	4.47775	2.67797	0.973847	6.61462	43.5906	19.2607	93.1541	1	1	1	1	1	0	0	0
15.08.2015 21:14:30.949000	0.2	0.205981	0.206617	128.203	-660.703	0.00596788	5	2	2	2	378.396	414.281	63.5308	4.71378	2.91399	1.05384	6.62334	43.4348	19.1365	93.0333	1	1	1	1	1	0	0	0
15.08.2015 21:14:31.049000	0.2	0.205981	0.206617	128.203	-660.701	0.00542535	5	2	2	2	423.304	427.854	63.6487	5.07635	3.27657	1.06684	6.61874	43.1909	18.9839	92.6837	1	1	1	1	1	0	0	0
15.08.2015 21:14:31.149000	0.2	0.205981	0.206617	128.203	-660.703	0.00488281	5	2	2	2	410.006	442.438	63.7736	5.47595	3.67617	1.16225	6.61589	43.1653	18.7989	93.2941	1	1	1	1	1	0	0	0
15.08.2015 21:14:31.249000	0.2	0.205981	0.206617	128.203	-660.703	0.00434028	5	2	2	2	504.063	458.036	63.9123	5.92857	4.12879	1.21531	6.56192	42.909	18.5825	93.1415	1	1	1	1	1	0	0	0
15.08.2015 21:14:31.349000	0.2	0.205981	0.206617	128.203	-660.703	0.00434028	5	2	2	2	471.254	474.649	64.0551	6.25088	4.45109	1.35176	6.55346	42.656	18.3621	93.0167	1	1	1	1	1	0	0	0
15.08.2015 21:14:31.449000	0.2	0.205981	0.206617	128.203	-660.703	0.00434028	5	2	2	2	442.955	492.274	64.2053	6.60867	4.80889	1.42252	6.56699	42.4396	18.1024	93.1822	1	1	1	1	1	0	0	0
15.08.2015 21:14:31.549000	0.2	0.205981	0.206617	128.203	-660.703	0.00434028	5	2	2	2	515.974	510.913	64.364	7.12362	5.32384	1.47538	6.56098	42.1226	17.8041	93.1106	1	1	1	1	1	0	0	0
15.08.2015 21:14:31.649000	0.2	0.205981	0.206617	128.203	-660.703	0.00614873	5	2	2	2	488.607	530.564	64.5351	7.67118	5.87139	1.59438	6.56836	41.7602	17.4887	92.9309	1	1	1	1	1	0	0	0
15.08.2015 21:14:31.749000	0.2	0.205981	0.206617	128.203	-660.703	0.00542535	5	2	2	2	490.499	551.229	64.7172	8.31049	6.51071	1.72949	6.59755	41.3804	17.1275	92.8596	1	1	1	1	1	0	0	0
15.08.2015 21:14:31.849000	0.2	0.205981	0.206617	128.203	-660.703	0.00578704	5	2	2	2	569.728	572.906	64.9151	9.09345	7.29366	1.87732	6.61614	41.0612	16.7453	93.1006	1	1	1	1	1	0	0	0
15.08.2015 21:14:31.949000	0.2	0.205981	0.206617	128.203	-660.703	0.00651042	5	2	2	2	556.659	595.596	65.133	9.84668	8.0469	2.03981	6.58337	40.5614	16.3483	92.707	1	1	1	1	1	0	0	0
15.08.2015 21:14:32.049000	0.2	0.205981	0.206617	128.203	-660.703	0.00578704	5	2	2	2	616.562	619.3	65.3653	10.5983	8.79847	2.22105	6.56051	40.1145	15.9282	92.6047	1	1	1	1	1	0	0	0
15.08.2015 21:14:32.149000	0.2	0.205981	0.206617	128.203	-660.703	0.00542535	5	2	2	2	645.278	644.019	65.6135	11.312	9.51224	2.40025	6.50506	39.8219	15.5603	92.8928	1	1	1	1	1	0	0	0
15.08.2015 21:14:32.249000	0.2	0.205981	0.206617	128.203	-660.703	0.00651042	5	2	2	2	590.837	669.75	65.8727	12.0526	10.2528	2.54058	6.4839	39.4415	15.2287	92.7059	1	1	1	1	1	0	0	0
15.08.2015 21:14:32.349000	0.2	0.205981	0.206617	128.203	-660.703	0.00813802	5	2	2	2	697.451	696.494	66.1448	12.9536	11.1538	2.67201	6.48716	39.1156	14.9016	92.7108	1	1	1	1	1	0	0	0
15.08.2015 21:14:32.449000	0.2	0.205981	0.206617	128.203	-660.703	0.0072338	5	2	2	2	698.349	724.251	66.4328	13.8042	12.0044	2.81128	6.46669	38.791	14.6407	92.4668	1	1	1	1	1	0	0	0
15.08.2015 21:14:32.549000	0.2	0.205981	0.206617	128.203	-660.699	0.00596788	5	2	2	2	697.915	753.02	66.7427	14.6859	12.8861	3.03402	6.48966	38.5311	14.384	92.4544	1	1	1	1	1	0	0	0
15.08.2015 21:14:32.649000	0.2	0.205981	0.206617	128.203	-660.703	0.00614873	5	2	2	2	773.975	494.013	67.0744	15.6204	5.01458	3.25699	6.47096	38.4628	14.1396	93.1289	1	1	1	1	1	0.63	0	0.63
15.08.2015 21:14:32.749000	0.2	0.205981	0.206617	128.203	-660.703	0.00651042	5	2	2	2	1402.21	330	69.2591	15.7777	0	55.4885	6.25347	92.186	12.9463	303.393	1	1	1	1	1	1	0.55	1
15.08.2015 21:14:32.849000	0.2	0.205981	0.206617	128.203	-660.737	0.00651042	5	2	2	2	37.1289	330	70.2355	15.7777	0	62.2708	4.64764	103.667	0.728782	394.128	1	1	1	1	1	1	1	1
15.08.2015 21:14:32.949000	0.2	0.205981	0.206617	128.195	-660.742	0.00542535	5	2	2	2	5.33955	330	70.2355	8.99328	0	62.2708	3.10051	113.22	0.746971	430.638	1	1	1	1	1	1	1	0.57
15.08.2015 21:14:33.049000	0.2	0.205981	0.206617	128.203	-660.773	0.00578704	5	2	2	2	0.618922	330	70.2355	0	0	62.2708	2.04159	115.798	0.668111	440.809	1	1	1	1	1	1	1	0
15.08.2015 21:14:33.149000	0.2	0.205981	0.206617	128.203	-660.766	0.00596788	5	2	2	2	0.393494	330	70.2355	0	0	62.2708	1.46477	116.476	0.616291	443.605	1	1	1	1	1	1	1	0
15.08.2015 21:14:33.249000	0.2	0.205981	0.206617	128.195	-660.773	0.00614873	5	2	2	2	0.395658	330	70.2435	0	0	62.2708	1.16598	117.078	0.640584	445.816	1	1	1	1	1	1	1	0
15.08.2015 21:14:33.349000	0.2	0.205981	0.206617	128.172	-660.762	0.00596788	5	2	2	2	0.39857	330	70.2853	0	0	62.2708	0.969112	117.415	0.633625	447.134	1	1	1	1	1	1	1	0
15.08.2015 21:14:33.449000	0.2	0.205981	0.206617	128.154	-660.763	0.00651042	5	2	2	2	0.399177	330	70.2853	0	0	62.2708	0.779225	117.958	0.630879	449.222	1	1	1	1	1	1	1	0
15.08.2015 21:14:33.549000	0.2	0.205981	0.206617	128.148	-660.758	0.00759549	5	2	2	2	0.395719	330	70.2853	0	0	62.2708	0.682111	118.527	0.62978	451.404	1	1	1	1	1	1	1	0
15.08.2015 21:14:33.649000	0.2	0.205981	0.206617	128.148	-660.763	0.00795718	5	2	2	2	0.259347	330	70.2853	0	0	62.2708	0.60753	119.044	0.634724	453.365	1	1	1	1	1	1	1	0
15.08.2015 21:14:33.749000	0.2	0.205981	0.206617	128.148	-660.77	0.00759549	5	2	2	2	0.259508	330	70.2853	0	0	31.8311	0.543873	119.567	0.634846	455.369	1	1	1	1	1	1	1	0
15.08.2015 21:14:33.849000	0.2	0.205981	0.206617	128.148	-660.768	0.00831887	5	2	2	2	0.260913	330	70.2853	0	0	0.149094	0.486328	120.094	0.629658	457.405	1	1	1	1	1	1	1	0
15.08.2015 21:14:33.949000	0.2	0.205981	0.206617	128.148	-660.766	0.00813802	5	2	2	2	0.248183	330	70.2853	0	0	0.149094	0.450774	120.582	0.628071	459.281	1	1	1	1	1	1	1	0
15.08.2015 21:14:34.049000	0.2	0.205981	0.206617	128.148	-660.771	0.00795718	5	2	2	2	0.245797	330	70.2853	0	0	0.149094	0.420139	121.035	0.637959	460.975	1	1	1	1	1	1	1	0
15.08.2015 21:14:34.149000	0.2	0.205981	0.206617	128.148	-660.766	0.00813802	5	2	2	2	0.243043	330	70.2853	0	0	0.149094	0.391963	121.456	0.637898	462.587	1	1	1	1	1	1	1	0
15.08.2015 21:14:34.249000	0.2	0.205981	0.206617	128.148	-660.768	0.0115741	5	2	2	2	0.234081	330	70.2853	0	0	0.149094	0.364909	121.844	0.631245	464.098	1	1	1	1	1	1	1	0
15.08.2015 21:14:34.349000	0.2	0.205981	0.206617	128.148	-660.766	0.0103082	5	2	2	2	0.236865	330	70.2853	0	0	0.149094	0.347258	122.238	0.636372	465.588	1	1	1	1	1	1	1	0
15.08.2015 21:14:34.449000	0.2	0.205981	0.206617	128.148	-660.766	0.00976563	5	2	2	2	0.238203	330	70.2853	0	0	0.149094	0.331127	122.573	0.635456	466.876	1	1	1	1	1	1	1	0
15.08.2015 21:14:34.549000	0.2	0.205981	0.206617	128.148	-660.766	0.00976563	5	2	2	2	0.240848	330	70.2853	0	0	0.149094	0.314055	122.926	0.639424	468.212	1	1	1	1	1	1	1	0
15.08.2015 21:14:34.649000	0.2	0.205981	0.206617	128.146	-660.766	0.0101273	5	2	2	2	0.25629	330	70.2853	0	0	0.149094	0.299769	123.239	0.63802	469.415	1	1	1	1	1	1	1	0
15.08.2015 21:14:34.749000	0.2	0.205981	0.206617	128.145	-660.766	0.00976563	5	2	2	2	0.253212	330	70.2853	0	0	0.077529	0.290184	123.547	0.637532	470.595	1	1	1	1	1	1	1	0
15.08.2015 21:14:34.849000	0.2	0.205981	0.206617	128.148	-660.766	0.00976563	5	2	2	2	0.236374	330	70.2853	0	0	0	0.278899	123.83	0.637959	471.676	1	1	1	1	1	1	1	0
15.08.2015 21:14:34.949000	0.2	0.205981	0.206617	128.148	-660.766	0.00976563	5	2	2	2	0.251381	330	70.2853	0	0	0	0.268736	124.1	0.639485	472.705	1	1	1	1	1	1	1	0
15.08.2015 21:14:35.049000	0.2	0.205981	0.206617	128.148	-660.766	0.0101273	5	2	2	2	0.21873	330	70.2853	0	0	0	0.260236	124.357	0.638264	473.696	1	1	1	1	1	1	1	0
15.08.2015 21:14:35.149000	0.2	0.205981	0.206617	128.148	-660.754	0.00813802	5	2	2	2	0.242346	330	70.2853	0	0	0	0.254919	124.599	0.639302	474.617	1	1	1	1	1	1	1	0
15.08.2015 21:14:35.249000	0.2	0.205981	0.206617	128.143	-660.401	0.00795718	5	2	2	2	0.248181	330	70.2853	0	0	0	0.246492	124.788	0.639302	475.341	1	1	1	1	1	1	1	0
15.08.2015 21:14:35.349000	0.2	0.205981	0.206617	128.141	-656.719	0.00759549	5	2	2	2	0.230493	330	70.2853	0	0	0	0.2398	124.993	0.63741	476.132	1	1	1	1	1	1	1	0
15.08.2015 21:14:35.449000	0.2	0.205981	0.206617	128.141	-638.242	0.00831887	5	2	2	2	0.242151	330	70.2853	0	0	0	0.234954	125.191	0.638203	476.888	1	1	1	1	1	1	1	0
15.08.2015 21:14:35.549000	0.2	0.205981	0.206617	128.141	-616.059	0.00813802	5	2	2	2	0.248378	330	70.2853	0	0	0	0.230216	125.382	0.639119	477.617	1	1	1	1	1	1	1	0
15.08.2015 21:14:35.649000	0.2	0.205981	0.206617	128.141	-593.432	0.00831887	5	2	2	2	0.240275	330	70.2853	0	0	0	0.225224	125.553	0.640767	478.265	1	1	1	1	1	1	1	0
15.08.2015 21:14:35.749000	0.2	0.205981	0.206617	128.148	-552.293	0.00813802	5	2	2	2	0.249384	330	70.2853	0	0	0	0.219112	125.704	0.641743	478.837	1	1	1	1	1	1	1	0
15.08.2015 21:14:35.849000	0.2	0.205981	0.206617	128.146	-517.727	0.00831887	5	2	2	2	0.258157	330	70.2853	0	0	0	0.218678	125.797	0.641743	479.196	1	1	1	1	1	1	1	0
15.08.2015 21:14:35.949000	0.2	0.205981	0.206617	128.148	-480.656	0.00759549	5	2	2	2	0.251244	330	70.2853	0	0	0	0.212782	125.923	0.640522	479.681	1	1	1	1	1	1	1	0
15.08.2015 21:14:36.049000	0.2	0.205981	0.206617	128.148	-439.891	0.00831887	5	2	2	2	0.262835	330	70.2853	0	0	0	0.210069	126.004	0.647175	479.967	1	1	1	1	1	1	1	0
15.08.2015 21:14:36.149000	0.2	0.205981	0.206617	128.141	-380.586	0.00868056	5	2	2	2	0.267157	330	70.2853	0	0	0	0.206199	126.063	0.648091	480.19	1	1	1	1	1	1	1	0
15.08.2015 21:14:36.249000	0.2	0.205981	0.206617	128.143	-337.727	0.00759549	5	2	2	2	0.268153	330	70.2853	0	0	0	0.20497	126.081	0.65096	480.247	1	1	1	1	1	1	1	0
15.08.2015 21:14:36.349000	0.2	0.205981	0.206617	128.148	-295.422	0.00759549	5	2	2	2	0.263443	330	70.2853	0	0	0	0.201208	126.101	0.649983	480.328	1	1	1	1	1	1	1	0
15.08.2015 21:14:36.449000	0.2	0.205981	0.206617	128.143	-248.357	0.00651042	5	2	2	2	0.262163	330	70.2853	0	0	0	0.197555	126.092	0.647786	480.301	1	1	1	1	1	1	1	0
15.08.2015 21:14:36.549000	0.2	0.205981	0.206617	128.141	-195.395	0.00651042	5	2	2	2	0.258388	330	70.2853	0	0	0	0.198206	126.065	0.644612	480.21	1	1	1	1	1	1	1	0
15.08.2015 21:14:36.649000	0.2	0.205981	0.206617	128.141	-153.677	0.00614873	5	2	2	2	0.249734	330	70.2853	0	0	0	0.193034	126.039	0.643757	480.114	1	1	1	1	1	1	1	0
15.08.2015 21:14:36.749000	0.2	0.205981	0.206617	128.145	-112.195	0.00542535	5	2	2	2	0.248689	330	70.2853	0	0	0	0.19231	126.012	0.643147	480.011	1	1	1	1	1	1	1	0
15.08.2015 21:14:36.849000	0.2	0.205981	0.206617	128.141	-59.151	0.00578704	5	2	2	2	0.255809	330	70.2853	0	0	0	0.188368	125.982	0.644978	479.892	1	1	1	1	1	1	1	0
15.08.2015 21:14:36.949000	0.2	0.205981	0.206617	128.145	-11.8281	0.00651042	5	2	2	2	0.267156	330	70.2853	0	0	0	0.189634	125.955	0.644124	479.791	1	1	1	1	1	1	1	0
15.08.2015 21:14:37.049000	0.2	0.205981	0.206617	128.146	29.6641	0.00578704	5	2	2	2	0.253939	330	70.2853	0	0	0	0.185511	125.927	0.644612	479.681	1	1	1	1	1	1	1	0
15.08.2015 21:14:37.149000	0.2	0.205981	0.206617	128.145	71.0313	0.00488281	5	2	2	2	0.247987	330	70.2853	0	0	0	0.183449	125.901	0.643513	479.584	1	1	1	1	1	1	1	0
15.08.2015 21:14:37.249000	0.2	0.205981	0.206617	128.143	129.367	0.00470197	5	2	2	2	0.239587	330	70.2853	0	0	0	0.183775	125.872	0.642048	479.482	1	1	1	1	1	1	1	0
15.08.2015 21:14:37.349000	0.2	0.205981	0.206617	128.145	170.914	0.00488281	5	2	2	2	0.255367	330	70.2853	0	0	0	0.179543	125.847	0.646016	479.369	1	1	1	1	1	1	1	0
15.08.2015 21:14:37.449000	0.2	0.205981	0.206617	128.148	212.38	0.00470197	5	2	2	2	0.245199	330	70.2853	0	0	0	0.179796	125.819	0.646687	479.259	1	1	1	1	1	1	1	0
15.08.2015 21:14:37.549000	0.2	0.205981	0.206617	128.145	261.934	0.00271267	5	2	2	2	0.243574	330	70.2853	0	0	0	0.175275	125.8	0.645527	479.192	1	1	1	1	1	1	1	0
15.08.2015 21:14:37.649000	0.2	0.205981	0.206617	128.141	311.323	0.00253183	5	2	2	2	0.257138	330	70.2853	0	0	0	0.179145	125.77	0.645466	479.076	1	1	1	1	1	1	1	0
15.08.2015 21:14:37.749000	0.2	0.205981	0.206617	128.141	352.723	0	5	2	2	2	0.259432	330	70.2853	0	0	0	0.173358	125.745	0.649007	478.966	1	1	1	1	1	1	1	0
15.08.2015 21:14:37.849000	0.2	0.205981	0.206617	128.143	393.784	0.00072338	5	2	2	2	0.255713	330	70.2853	0	0	0	0.174443	125.718	0.648518	478.864	1	1	1	1	1	1	1	0
15.08.2015 21:14:37.949000	0.2	0.205981	0.206617	128.145	451.563	0.000542535	5	2	2	2	0.246739	330	70.2853	0	0	0	0.172164	125.695	0.647481	478.783	1	1	1	1	1	1	1	0
15.08.2015 21:14:38.049000	0.2	0.205981	0.206617	128.143	492.409	0.00108507	5	2	2	2	0.239255	330	70.2853	0	0	0	0.172128	125.671	0.649556	478.682	1	1	1	1	1	1	1	0
15.08.2015 21:14:38.149000	0.2	0.205981	0.206617	128.145	533.316	0.00217014	5	2	2	2	0.255786	330	70.2853	0	0	0	0.169994	125.646	0.646382	478.598	1	1	1	1	1	1	1	0
15.08.2015 21:14:38.249000	0.2	0.205981	0.206617	128.148	572.516	0.00144676	5	2	2	2	0.254908	330	70.2853	0	0	0	0.167679	125.621	0.647969	478.495	1	1	1	1	1	1	1	0
15.08.2015 21:14:38.349000	0.2	0.205981	0.206617	128.145	616.184	0.00271267	5	2	2	2	0.255571	330	70.2853	0	0	0	0.17032	125.594	0.651082	478.382	1	1	1	1	1	1	1	0
15.08.2015 21:14:38.449000	0.2	0.205981	0.206617	128.143	640.789	0.00434028	5	2	2	2	0.246325	330	70.2853	0	0	0	0.16616	125.574	0.650533	478.307	1	1	1	1	1	1	1	0
15.08.2015 21:14:38.549000	0.2	0.205981	0.206617	128.141	660.273	0.00434028	5	2	2	2	0.292713	330	70.2853	0	0	0	0.167173	125.547	0.650227	478.206	1	1	1	1	1	1	1	0
15.08.2015 21:14:38.649000	0.2	0.205981	0.206617	128.141	672.456	0.00578704	5	2	2	2	0.276042	330	70.2853	0	0	0	0.163303	125.522	0.652486	478.1	1	1	1	1	1	1	1	0
15.08.2015 21:14:38.749000	0.2	0.205981	0.206617	128.141	677.152	0.00542535	5	2	2	2	0.26372	330	70.2853	0	0	0	0.16692	125.499	0.65389	478.006	1	1	1	1	1	1	1	0
15.08.2015 21:14:38.849000	0.2	0.205981	0.206617	128.148	678.581	0.00651042	5	2	2	2	0.24231	330	70.2853	0	0	0	0.162435	125.48	0.654012	477.933	1	1	1	1	1	1	1	0
15.08.2015 21:14:38.949000	0.2	0.205981	0.206617	128.145	678.734	0.00596788	5	2	2	2	0.247965	330	70.2853	0	0	0	0.162797	125.455	0.656941	477.826	1	1	1	1	1	1	1	0
15.08.2015 21:14:39.049000	0.2	0.205981	0.206617	128.143	678.721	0.00614873	5	2	2	2	0.242774	330	70.2853	0	0	0	0.162326	125.438	0.652547	477.777	1	1	1	1	1	1	1	0
15.08.2015 21:14:39.149000	0.2	0.205981	0.206617	128.148	678.715	0.00596788	5	2	2	2	0.268612	330	70.2853	0	0	0	0.161784	125.414	0.650838	477.694	1	1	1	1	1	1	1	0
15.08.2015 21:14:39.249000	0.2	0.205981	0.206617	128.148	678.695	0.00614873	5	2	2	2	0.264971	330	70.2853	0	0	0	0.160699	125.391	0.651387	477.604	1	1	1	1	1	1	1	0
15.08.2015 21:14:39.349000	0.2	0.205981	0.206617	128.148	678.703	0.00542535	5	2	2	2	0.259298	330	70.2853	0	0	0	0.159071	125.372	0.65212	477.529	1	1	1	1	1	1	1	0
15.08.2015 21:14:39.449000	0.2	0.205981	0.206617	128.141	678.732	0.00651042	5	2	2	2	0.259069	330	70.2853	0	0	0	0.161712	125.347	0.651021	477.436	1	1	1	1	1	1	1	0
15.08.2015 21:14:39.549000	0.2	0.205981	0.206617	128.145	678.734	0.00705295	5	2	2	2	0.248801	330	70.2853	0	0	0	0.157516	125.325	0.65157	477.351	1	1	1	1	1	1	1	0
15.08.2015 21:14:39.649000	0.2	0.205981	0.206617	128.143	678.69	0.00795718	5	2	2	2	0.251688	330	70.2853	0	0	0	0.159324	125.301	0.648518	477.268	1	1	1	1	1	1	1	0
15.08.2015 21:14:39.749000	0.2	0.205981	0.206617	128.148	678.691	0.00759549	5	2	2	2	0.258173	330	70.2853	0	0	0	0.155744	125.281	0.651143	477.184	1	1	1	1	1	1	1	0
15.08.2015 21:14:39.849000	0.2	0.205981	0.206617	128.135	678.695	0.00651042	5	2	2	2	0.242454	330	70.2853	0	0	0	0.159071	125.258	0.650105	477.097	1	1	1	1	1	1	1	0
15.08.2015 21:14:39.949000	0.2	0.205981	0.206617	128.141	678.727	0.00596788	5	2	2	2	0.240271	330	70.2853	0	0	0	0.155454	125.235	0.651722	477.005	1	1	1	1	1	1	1	0
15.08.2015 21:14:40.049000	0.2	0.205981	0.206617	128.141	678.68	0.00614873	5	2	2	2	0.254311	330	70.2853	0	0	0	0.156431	125.213	0.652425	476.917	1	1	1	1	1	1	1	0
15.08.2015 21:14:40.149000	0.2	0.205981	0.206617	128.141	678.68	0.00651042	5	2	2	2	0.267336	330	70.2853	0	0	0	0.156047	125.189	0.651692	476.831	1	1	1	1	1	1	1	0
15.08.2015 21:14:40.249000	0.2	0.205981	0.206617	128.146	678.721	0.00542535	5	2	2	2	0.248882	330	70.2853	0	0	0	0.155758	125.169	0.652547	476.749	1	1	1	1	1	1	1	0
15.08.2015 21:14:40.349000	0.2	0.205981	0.206617	128.145	678.762	0.00651042	5	2	2	2	0.254621	330	70.2853	0	0	0	0.155064	125.148	0.653279	476.664	1	1	1	1	1	1	1	0
15.08.2015 21:14:40.449000	0.2	0.205981	0.206617	128.141	678.677	0.00614873	5	2	2	2	0.246776	330	70.2853	0	0	0	0.153328	125.128	0.653829	476.587	1	1	1	1	1	1	1	0
15.08.2015 21:14:40.549000	0.2	0.205981	0.206617	128.141	678.832	0.00596788	5	2	2	2	0.241732	330	70.2853	0	0	0	0.15599	125.105	0.655477	476.491	1	1	1	1	1	1	1	0
15.08.2015 21:14:40.649000	0.2	0.205981	0.206617	128.143	678.833	0.00614873	5	2	2	2	0.251948	330	70.2853	0	0	0	0.151939	125.083	0.653951	476.413	1	1	1	1	1	1	1	0
15.08.2015 21:14:40.749000	0.2	0.205981	0.206617	128.145	678.777	0.00596788	5	2	2	2	0.261008	330	70.2853	0	0	0	0.153791	125.064	0.655354	476.338	1	1	1	1	1	1	1	0
15.08.2015 21:14:40.849000	0.2	0.205981	0.206617	128.148	678.776	0.00578704	5	2	2	2	0.247858	330	70.2853	0	0	0	0.151823	125.042	0.654866	476.255	1	1	1	1	1	1	1	0
15.08.2015 21:14:40.949000	0.2	0.205981	0.206617	128.141	678.75	0.00596788	5	2	2	2	0.271098	330	70.2853	0	0	0	0.154051	125.023	0.65566	476.176	1	1	1	1	1	1	1	0
15.08.2015 21:14:41.049000	0.2	0.205981	0.206617	128.148	678.742	0.00614873	5	2	2	2	0.272153	330	70.2853	0	0	0	0.150984	125.003	0.655416	476.102	1	1	1	1	1	1	1	0
15.08.2015 21:14:41.149000	0.2	0.205981	0.206617	128.148	678.727	0.00651042	5	2	2	2	0.27766	330	70.2853	0	0	0	0.151215	124.979	0.657491	476.001	1	1	1	1	1	1	1	0
15.08.2015 21:14:41.249000	0.2	0.205981	0.206617	128.148	678.711	0.00614873	5	2	2	2	0.257695	330	70.2853	0	0	0	0.151968	124.96	0.662496	475.908	1	1	1	1	1	1	1	0
15.08.2015 21:14:41.349000	0.2	0.205981	0.206617	128.148	678.703	0.00651042	5	2	2	2	0.239199	330	70.2853	0	0	0	0.151302	124.943	0.662984	475.844	1	1	1	1	1	1	1	0
15.08.2015 21:14:41.449000	0.2	0.205981	0.206617	128.148	678.703	0.00506366	5	2	2	2	0.237269	330	70.2853	0	0	0	0.151128	124.922	0.657369	475.786	1	1	1	1	1	1	1	0
15.08.2015 21:14:41.549000	0.2	0.205981	0.206617	128.148	678.703	0.00434028	5	2	2	2	0.232497	330	70.2853	0	0	0	0.149479	124.903	0.658711	475.708	1	1	1	1	1	1	1	0
15.08.2015 21:14:41.649000	0.2	0.205981	0.206617	128.148	678.703	0.00470197	5	2	2	2	0.239362	330	70.2853	0	0	0	0.152257	124.88	0.6639	475.598	1	1	1	1	1	1	1	0
15.08.2015 21:14:41.749000	0.2	0.205981	0.206617	128.148	678.703	0.00434028	5	2	2	2	0.245053	330	70.2853	0	0	0	0.148987	124.859	0.671712	475.49	1	1	1	1	1	1	1	0
15.08.2015 21:14:41.849000	0.2	0.205981	0.206617	128.148	678.68	0.00506366	5	2	2	2	0.25041	330	70.2853	0	0	0	0.151071	124.84	0.679037	475.386	1	1	1	1	1	1	1	0
15.08.2015 21:14:41.949000	0.2	0.205981	0.206617	128.148	678.68	0.00488281	5	2	2	2	0.244687	330	70.2853	0	0	0	0.148351	124.821	0.683493	475.3	1	1	1	1	1	1	1	0
15.08.2015 21:14:42.049000	0.2	0.205981	0.206617	128.148	678.68	0.00614873	5	2	2	2	0.256582	330	70.2853	0	0	0	0.150434	124.798	0.692709	475.176	1	1	1	1	1	1	1	0
15.08.2015 21:14:42.149000	0.2	0.205981	0.206617	128.148	678.68	0.00651042	5	2	2	2	0.264154	330	70.2853	0	0	0	0.147338	124.78	0.697287	475.088	1	1	1	1	1	1	1	0
15.08.2015 21:14:42.249000	0.2	0.205981	0.206617	128.148	678.68	0.00651042	5	2	2	2	0.263586	330	70.2853	0	0	0	0.148843	124.76	0.701254	474.995	1	1	1	1	1	1	1	0
15.08.2015 21:14:42.349000	0.2	0.205981	0.206617	128.148	678.672	0.00976563	5	2	2	2	0.255033	330	70.2853	0	0	0	0.149103	124.739	0.705893	474.896	1	1	1	1	1	1	1	0
15.08.2015 21:14:42.449000	0.2	0.205981	0.206617	128.148	678.664	0.00759549	5	2	2	2	0.258596	330	70.2853	0	0	0	0.147656	124.719	0.707907	474.813	1	1	1	1	1	1	1	0
15.08.2015 21:14:42.549000	0.2	0.205981	0.206617	128.148	678.664	0.00813802	5	2	2	2	0.276544	330	70.2853	0	0	0	0.14809	124.696	0.711814	474.711	1	1	1	1	1	1	1	0
15.08.2015 21:14:42.649000	0.2	0.205981	0.206617	128.148	678.664	0.00831887	5	2	2	2	0.253078	330	70.2853	0	0	0	0.146528	124.678	0.718101	474.616	1	1	1	1	1	1	1	0
15.08.2015 21:14:42.749000	0.2	0.205981	0.206617	128.148	678.664	0.00922309	5	2	2	2	0.25407	330	70.2853	0	0	0	0.149219	124.658	0.722556	474.524	1	1	1	1	1	1	1	0
15.08.2015 21:14:42.849000	0.2	0.205981	0.206617	128.148	678.659	0.00759549	5	2	2	2	0.258914	330	70.2853	0	0	0	0.146094	124.635	0.728416	474.415	1	1	1	1	1	1	1	0
15.08.2015 21:14:42.949000	0.2	0.205981	0.206617	128.148	678.656	0.00868056	5	2	2	2	0.279618	330	70.2853	0	0	0	0.148756	124.617	0.731712	474.331	1	1	1	1	1	1	1	0
15.08.2015 21:14:43.049000	0.2	0.205981	0.206617	128.148	678.656	0.00795718	5	2	2	2	0.281541	330	70.2853	0	0	0	0.146152	124.597	0.734336	474.247	1	1	1	1	1	1	1	0
15.08.2015 21:14:43.149000	0.2	0.205981	0.206617	128.148	678.648	0.00759549	5	2	2	2	0.265613	330	70.2853	0	0	0	0.148264	124.578	0.738792	474.157	1	1	1	1	1	1	1	0
15.08.2015 21:14:43.249000	0.2	0.205981	0.206617	128.148	678.646	0.00759549	5	2	2	2	0.259592	330	70.2853	0	0	0	0.145718	124.558	0.747093	474.045	1	1	1	1	1	1	1	0
15.08.2015 21:14:43.349000	0.2	0.205981	0.206617	128.148	678.641	0.00759549	5	2	2	2	0.25775	330	70.2853	0	0	0	0.147454	124.538	0.75222	473.95	1	1	1	1	1	1	1	0
15.08.2015 21:14:43.449000	0.2	0.205981	0.206617	128.148	678.641	0.00795718	5	2	2	2	0.242636	330	70.2853	0	0	0	0.147106	124.522	0.753563	473.884	1	1	1	1	1	1	1	0
15.08.2015 21:14:43.549000	0.2	0.205981	0.206617	128.148	678.641	0.00813802	5	2	2	2	0.250366	330	70.2853	0	0	0	0.146325	124.504	0.754112	473.814	1	1	1	1	1	1	1	0
15.08.2015 21:14:43.649000	0.2	0.205981	0.206617	128.148	678.641	0.00795718	5	2	2	2	0.259407	330	70.2853	0	0	0	0.146499	124.484	0.759362	473.716	1	1	1	1	1	1	1	0
15.08.2015 21:14:43.749000	0.2	0.205981	0.206617	128.148	678.641	0.00759549	5	2	2	2	0.269645	330	70.2853	0	0	0	0.145168	124.466	0.764855	473.628	1	1	1	1	1	1	1	0
15.08.2015 21:14:43.849000	0.2	0.205981	0.206617	128.148	678.638	0.00831887	5	2	2	2	0.254622	330	70.2853	0	0	0	0.147598	124.446	0.773278	473.519	1	1	1	1	1	1	1	0
15.08.2015 21:14:43.949000	0.2	0.205981	0.206617	128.148	678.633	0.00813802	5	2	2	2	0.242259	330	70.2853	0	0	0	0.144647	124.423	0.777429	473.414	1	1	1	1	1	1	1	0
15.08.2015 21:14:44.049000	0.2	0.205981	0.206617	128.148	678.661	0.00795718	5	2	2	2	0.249846	330	70.2853	0	0	0	0.146962	124.408	0.780725	473.343	1	1	1	1	1	1	1	0
15.08.2015 21:14:44.149000	0.2	0.205981	0.206617	128.148	678.664	0.00705295	5	2	2	2	0.256992	330	70.2853	0	0	0	0.144618	124.388	0.789636	473.234	1	1	1	1	1	1	1	0
15.08.2015 21:14:44.249000	0.2	0.205981	0.206617	128.148	678.664	0.00687211	5	2	2	2	0.281569	330	70.2853	0	0	0	0.147512	124.369	0.797266	473.131	1	1	1	1	1	1	1	0
15.08.2015 21:14:44.349000	0.2	0.205981	0.206617	128.148	678.66	0.00488281	5	2	2	2	0.251657	330	70.2853	0	0	0	0.144184	124.351	0.803125	473.042	1	1	1	1	1	1	1	0
15.08.2015 21:14:44.449000	0.2	0.205981	0.206617	128.148	678.667	0.0036169	5	2	2	2	0.253892	330	70.2853	0	0	0	0.146788	124.329	0.810389	472.928	1	1	1	1	1	1	1	0
15.08.2015 21:14:44.549000	0.2	0.205981	0.206617	128.148	678.676	0.00271267	5	2	2	2	0.270408	330	70.2853	0	0	0	0.14537	124.31	0.819117	472.821	1	1	1	1	1	1	1	0
15.08.2015 21:14:44.649000	0.2	0.205981	0.206617	128.148	678.669	0.00253183	5	2	2	2	0.261063	330	70.2853	0	0	0	0.145718	124.296	0.826991	472.738	1	1	1	1	1	1	1	0
15.08.2015 21:14:44.749000	0.2	0.205981	0.206617	128.148	678.664	0.00325521	5	2	2	2	0.266258	330	70.2853	0	0	0	0.14537	124.275	0.836024	472.623	1	1	1	1	1	1	1	0
15.08.2015 21:14:44.849000	0.2	0.205981	0.206617	128.148	678.667	0.00253183	5	2	2	2	0.263543	330	70.2853	0	0	0	0.144965	124.255	0.842799	472.522	1	1	1	1	1	1	1	0
15.08.2015 21:14:44.949000	0.2	0.205981	0.206617	128.148	678.668	0.000542535	5	2	2	2	0.29627	330	70.2853	0	0	0	0.146412	124.238	0.854946	472.408	1	1	1	1	1	1	1	0
15.08.2015 21:14:45.049000	0.2	0.205981	0.206617	128.148	678.68	0.00108507	5	2	2	2	0.274848	330	70.2853	0	0	0	0.143808	124.22	0.86465	472.303	1	1	1	1	1	1	1	0
15.08.2015 21:14:45.149000	0.2	0.205981	0.206617	128.148	678.688	0	5	2	2	2	0.26571	330	70.2853	0	0	0	0.146412	124.2	0.873745	472.19	1	1	1	1	1	1	1	0
15.08.2015 21:14:45.249000	0.2	0.205981	0.206617	128.148	678.703	0.00108507	5	2	2	2	0.26923	330	70.2853	0	0	0	0.143866	124.184	0.88876	472.072	1	1	1	1	1	1	1	0
15.08.2015 21:14:45.349000	0.2	0.205981	0.206617	128.148	678.703	0.00108507	5	2	2	2	0.244531	330	70.2853	0	0	0	0.146441	124.166	0.902188	471.952	1	1	1	1	1	1	1	0
15.08.2015 21:14:45.449000	0.2	0.205981	0.206617	128.148	678.703	0.00253183	5	2	2	2	0.258562	330	70.2853	0	0	0	0.143895	124.149	0.909757	471.859	1	1	1	1	1	1	1	0
15.08.2015 21:14:45.549000	0.2	0.205981	0.206617	128.148	678.727	0.00271267	5	2	2	2	0.251644	330	70.2853	0	0	0	0.145573	124.133	0.918485	471.764	1	1	1	1	1	1	1	0
15.08.2015 21:14:45.649000	0.2	0.205981	0.206617	128.148	678.711	0.00289352	5	2	2	2	0.270354	330	70.2853	0	0	0	0.145226	124.118	0.922819	471.689	1	1	1	1	1	1	1	0
15.08.2015 21:14:45.749000	0.2	0.205981	0.206617	128.145	678.773	0.00271267	5	2	2	2	0.253238	330	70.2853	0	0	0	0.144416	124.102	0.925748	471.618	1	1	1	1	1	1	1	0
15.08.2015 21:14:45.849000	0.2	0.205981	0.206617	128.148	678.74	0.00217014	5	2	2	2	0.243983	330	70.2853	0	0	0	0.145341	124.079	0.924589	471.535	1	1	1	1	1	1	1	0
15.08.2015 21:14:45.949000	0.2	0.205981	0.206617	128.148	678.719	0.00217014	5	2	2	2	0.266813	330	70.2853	0	0	0	0.144242	124.065	0.926603	471.472	1	1	1	1	1	1	1	0
15.08.2015 21:14:46.049000	0.2	0.205981	0.206617	128.148	678.734	0.00217014	5	2	2	2	0.264208	330	70.2853	0	0	0	0.146557	124.045	0.925138	471.402	1	1	1	1	1	1	1	0
15.08.2015 21:14:46.149000	0.2	0.205981	0.206617	128.148	678.73	0.00217014	5	2	2	2	0.277878	330	70.2853	0	0	0	0.143113	124.025	0.92349	471.332	1	1	1	1	1	1	1	0
15.08.2015 21:14:46.249000	0.2	0.205981	0.206617	128.148	678.729	0.00325521	5	2	2	2	0.249935	330	70.2853	0	0	0	0.145718	124.012	0.921903	471.287	1	1	1	1	1	1	1	0
15.08.2015 21:14:46.349000	0.2	0.205981	0.206617	128.145	678.766	0.00217014	5	2	2	2	0.247027	330	70.2853	0	0	0	0.144097	123.995	0.921476	471.226	1	1	1	1	1	1	1	0
15.08.2015 21:14:46.449000	0.2	0.205981	0.206617	128.146	678.763	0.00289352	5	2	2	2	0.25614	330	70.2853	0	0	0	0.145544	123.98	0.925504	471.151	1	1	1	1	1	1	1	0
15.08.2015 21:14:46.549000	0.2	0.205981	0.206617	128.145	678.754	0.00651042	5	2	2	2	0.259559	330	70.2853	0	0	0	0.143837	123.962	0.923124	471.091	1	1	1	1	1	1	1	0
15.08.2015 21:14:46.649000	0.2	0.205981	0.206617	128.146	678.779	0.00253183	5	2	2	2	0.252427	330	70.2853	0	0	0	0.14592	123.943	0.923002	471.018	1	1	1	1	1	1	1	0
15.08.2015 21:14:46.749000	0.2	0.205981	0.206617	128.148	678.77	0.00271267	5	2	2	2	0.256735	330	70.2853	0	0	0	0.145399	123.814	0.922025	470.53	1	1	1	1	1	1	1	0
15.08.2015 21:14:46.849000	0.2	0.205981	0.206617	128.148	678.792	0.00217014	5	2	2	2	0.274274	330	70.2853	0	0	0	0.144126	123.912	0.923002	470.899	1	1	1	1	1	1	1	0
15.08.2015 21:14:46.949000	0.2	0.205981	0.206617	128.148	678.781	0.00379774	5	2	2	2	0.278389	330	70.2853	0	0	0	0.145486	123.897	0.922025	470.847	1	1	1	1	1	1	1	0
15.08.2015 21:14:47.049000	0.2	0.205981	0.206617	128.148	678.771	0.00434028	5	2	2	2	0.2814	330	70.2853	0	0	0	0.144502	123.877	0.923612	470.763	1	1	1	1	1	1	1	0
15.08.2015 21:14:47.149000	0.2	0.205981	0.206617	128.148	678.77	0.00434028	5	2	2	2	0.256994	330	70.2853	0	0	0	0.146325	123.862	0.926298	470.698	1	1	1	1	1	1	1	0
15.08.2015 21:14:47.249000	0.2	0.205981	0.206617	128.148	678.766	0.00651042	5	2	2	2	0.250388	330	70.2853	0	0	0	0.143316	123.847	0.928434	470.629	1	1	1	1	1	1	1	0
15.08.2015 21:14:47.349000	0.2	0.205981	0.206617	128.148	678.766	0.00596788	5	2	2	2	0.238823	330	70.2853	0	0	0	0.146325	123.825	0.920682	470.576	1	1	1	1	1	1	1	0
15.08.2015 21:14:47.449000	0.2	0.205981	0.206617	128.148	678.768	0.0072338	5	2	2	2	0.244343	330	70.2853	0	0	0	0.144242	123.81	0.923917	470.506	1	1	1	1	1	1	1	0
15.08.2015 21:14:47.549000	0.2	0.205981	0.206617	128.148	678.766	0.00868056	5	2	2	2	0.248415	330	70.2853	0	0	0	0.145544	123.791	0.922269	470.438	1	1	1	1	1	1	1	0
15.08.2015 21:14:47.649000	0.2	0.205981	0.206617	128.148	678.766	0.00940394	5	2	2	2	0.233092	330	70.2853	0	0	0	0.144097	123.776	0.922025	470.382	1	1	1	1	1	1	1	0
15.08.2015 21:14:47.749000	0.2	0.205981	0.206617	128.148	678.766	0.00759549	5	2	2	2	0.22785	330	70.2853	0	0	0	0.145284	123.757	0.920927	470.316	1	1	1	1	1	1	1	0
15.08.2015 21:14:47.849000	0.2	0.205981	0.206617	128.148	678.766	0.00976563	5	2	2	2	0.247001	330	70.2853	0	0	0	0.145515	123.74	0.92172	470.247	1	1	1	1	1	1	1	0
15.08.2015 21:14:47.949000	0.2	0.205981	0.206617	128.148	678.77	0.0103082	5	2	2	2	0.246432	330	70.2853	0	0	0	0.14559	123.724	0.920481	470.191	1	1	1	1	1	1	1	0
