Time	[76:0]	[76:1]	[76:2]	[76:4]	[76:8]	[76:70]	[76:71]	[78:0]	[78:1]	[78:2]	[79:2]	[79:3]	[79:4]	[79:8]	[79:9]	[79:10]	[79:11]	[79:12]	[79:13]	[79:14]	[79.0]	[79.1]	[79.2]	[79.3]	[79.4]	[79.5]	[79.6]	[79.8]
time	Hoogteverstelling - Referentie positie (mm)	Hoogteverstelling - AZ gemeten positie (mm)	Hoogteverstelling - BZ gemeten positie (mm)	Transfert Ingang - Gemeten positie (mm)	Transfert Uitgang - Gemeten positie (mm)	Aardgas - actueel debiet	Stappenschakelaar - gemeten pos	Laspos Ing - positie discreet	Laspos Uitg - positie discreet	Schaafverstelling - positie discreet	Stuikraam - Totale Stroommeting RMS-waarde (A)	Stuikraam - Stroomreferentie (A)	Stuikraam - Positie AZ (mm, pulsgever)	Stuikraam - Referentie Servo-ventiel (%)	Stuikraam - Trim door I-regelaar (%)	Stuikraam - Gemeten snelheid (mm/s, pulsgever)	Secundaire lasspanning	Stuikraam - Druk stuikcilinder voorkamer (=laszijde)  (bar)	Stuikraam - Druk stuikcilinder terugloopkamer  (bar)	Stuikraam - Netto voorwaartse kracht op stuikraam (kN)	Stuikraam - P1	Stuikraam - P2	Stuikraam - P3	Stuikraam - P4	Stuikraam - P5	Stuikraam - P6	Stuikraam - P7	Stuikraam - Openen stuikventielen	

Lasparameter.Ingang - Coil ID	0323054S
Lasparameter.Ingang - Dikte (um)	2960
Lasparameter.Ingang - Breedte (mm)	1405
Lasparameter.Ingang - Materiaal	0002
Lasparameter.Uitgang - Coil ID	0321530S
Lasparameter.Uitgang - Dikte (um)	3240
Lasparameter.Uitgang - Breedte (mm)	1479
Lasparameter.Uitgang - Materiaal	0002
Lasparameter.P2 (mm)	32.0
Lasparameter.P3 (mm)	42.0
Lasparameter.P4 (mm)	50.0
Lasparameter.P5 (mm)	56.1
Lasparameter.P6 (mm)	61.6
Lasparameter.P7 (mm)	66.0
Lasparameter.Vonksnelheid (mm/s)	1.20
Lasparameter.Lassnelheid (mm/s)	0.48
Lasparameter.Stroom Referentie (A)	0223
Lasparameter.Stroomtoename (µA/s2)	80.0
Lasparameter.Stuikstroomtijd (per)	0007
Lasparameter.Afkoeltijd Stuik (per)	0150
Lasparameter.Stuikdruk (bar)	0101
Lasparameter.Stuiksnelheid (%)	90.0

14.08.2015 14:29:18.089000	0.14	0.145853	0.147898	0.0078125	-665.402	-0.00271267	6	3	3	3	0.250359	223	0	0	0	0	0.302054	5.26731	128.863	-473.224	1	0	0	0	0	0	0	0
14.08.2015 14:29:18.189000	0.14	0.145853	0.147898	0.0078125	-665.402	-0.00379774	6	3	3	3	0.24373	223	0	0	0	0	0.30408	4.41469	128.833	-476.372	1	0	0	0	0	0	0	0
14.08.2015 14:29:18.289000	0.14	0.145853	0.147898	0.00520833	-665.401	-0.00434028	6	3	3	3	0.249952	223	0	0	0	0	0.306699	3.80047	128.806	-478.622	1	0	0	0	0	0	0	0
14.08.2015 14:29:18.389000	0.14	0.145853	0.147898	0	-665.406	-0.00434028	6	3	3	3	0.225527	223	0	0	0	0	0.307277	4.91299	128.823	-474.428	1	0	0	0	0	0	0	0
14.08.2015 14:29:18.489000	0.14	0.145853	0.147898	0	-665.401	-0.00542535	6	3	3	3	0.218967	223	0	0	0	0	0.308724	5.50377	128.833	-472.202	1	0	0	0	0	0	0	0
14.08.2015 14:29:18.589000	0.14	0.145853	0.147898	0.0078125	-665.391	-0.00434028	6	3	3	3	0.239007	223	0	0	0	0	0.311314	4.63546	128.818	-475.471	1	0	0	0	0	0	0	0
14.08.2015 14:29:18.689000	0.14	0.145853	0.147898	0.0078125	-665.398	-0.00434028	6	3	3	3	0.228988	223	0	0	0	0	0.314359	4.42018	128.79	-476.188	1	0	0	0	0	0	0	0
14.08.2015 14:29:18.789000	0.14	0.145853	0.147898	0.00390625	-665.398	-0.00325521	6	3	3	3	0.240694	223	0	0	0	0	0.316942	3.60332	128.758	-479.194	1	0	0	0	0	0	0	0
14.08.2015 14:29:18.889000	0.14	0.145853	0.147898	0.0078125	-665.398	-0.00325521	6	3	3	3	0.236833	223	0	0	0	0	0.320001	6.37556	128.831	-468.858	1	0	0	0	0	0	0	0
14.08.2015 14:29:18.989000	0.14	0.145853	0.147898	0.0078125	-665.395	-0.00108507	6	3	3	3	0.248843	223	0	0	0	0	0.322606	4.16926	128.779	-477.105	1	0	0	0	0	0	0	0
14.08.2015 14:29:19.089000	0.14	0.145853	0.147898	0	-665.398	-0.00144676	6	3	3	3	0.252266	223	0	0	0	0	0.32364	2.96335	128.708	-481.45	1	0	0	0	0	0	0	0
14.08.2015 14:29:19.189000	0.14	0.145853	0.147898	0.0195313	-665.398	-0.0016276	6	3	3	3	0.251186	223	0	0	0	0	0.325347	5.8612	128.788	-470.661	1	0	0	0	0	0	0	0
14.08.2015 14:29:19.289000	0.14	0.145853	0.147898	0.00520833	-665.393	-0.00325521	6	3	3	3	0.255588	223	0	0	0	0	0.324371	4.25495	128.75	-476.666	1	0	0	0	0	0	0	0
14.08.2015 14:29:19.389000	0.14	0.145853	0.147898	0.0117188	-665.398	-0.00271267	6	3	3	3	0.266841	223	0	0	0	0	0.325231	4.22968	128.71	-476.609	1	0	0	0	0	0	0	0
14.08.2015 14:29:19.489000	0.14	0.145853	0.147898	0.015625	-665.396	-0.00108507	6	3	3	3	0.248023	223	0	0	0	0	0.325796	5.45805	128.734	-471.998	1	0	0	0	0	0	0	0
14.08.2015 14:29:19.589000	0.14	0.145853	0.147898	0.015625	-665.391	-0.00379774	6	3	3	3	0.251395	223	0	0	0	0	0.330093	5.41075	128.724	-472.14	1	0	0	0	0	0	0	0
14.08.2015 14:29:19.689000	0.14	0.145853	0.147898	0.0208333	-665.391	-0.00289352	6	3	3	3	0.264879	223	0	0	0	0	0.335742	5.78106	128.72	-470.707	1	0	0	0	0	0	0	0
14.08.2015 14:29:19.789000	0.14	0.145853	0.147898	0.0234375	-665.391	-0.00271267	6	3	3	3	0.269744	223	0	0	0	0	0.338679	5.08512	128.696	-473.281	1	0	0	0	0	0	0	0
14.08.2015 14:29:19.889000	0.14	0.145853	0.147898	0.0234375	-665.391	-0.00325521	6	3	3	3	0.250265	223	0	0	0	0	0.340386	5.12467	128.693	-473.117	1	0	0	0	0	0	0	0
14.08.2015 14:29:19.989000	0.14	0.145853	0.147898	0.0117188	-665.391	-0.00271267	6	3	3	3	0.268938	223	0	0	0	0	0.345862	3.63353	128.623	-478.56	1	0	0	0	0	0	0	0
14.08.2015 14:29:20.089000	0.14	0.145853	0.147898	0.0572917	-665.385	-0.00325521	6	3	3	3	0.27874	223	0	0	0	0	0.353631	3.04727	128.593	-480.691	1	0	0	0	0	0	0	0
14.08.2015 14:29:20.189000	0.14	0.145853	0.147898	0.277344	-665.391	-0.00379774	6	3	3	3	0.278641	223	0	0	0	0	0.361487	4.68886	128.624	-474.524	1	0	0	0	0	0	0	0
14.08.2015 14:29:20.289000	0.14	0.145853	0.147898	1.03646	-665.391	-0.00434028	6	3	3	3	0.271573	223	0	0	0	0	0.369698	4.74673	128.616	-474.272	1	0	0	0	0	0	0	0
14.08.2015 14:29:20.389000	0.14	0.145853	0.147898	7.24609	-665.391	-0.00651042	6	3	3	3	0.266284	223	0	0	0	0	0.375825	4.50942	128.6	-475.119	1	0	0	0	0	0	0	0
14.08.2015 14:29:20.489000	0.14	0.145853	0.147898	29.625	-665.391	-0.00434028	6	3	3	3	0.270102	223	0	0	0	0	0.380028	5.09598	128.604	-472.889	1	0	0	0	0	0	0	0
14.08.2015 14:29:20.589000	0.14	0.145853	0.147898	52.4609	-665.391	-0.00542535	6	3	3	3	0.249506	223	0	0	0	0	0.381503	4.66591	128.583	-474.453	1	0	0	0	0	0	0	0
14.08.2015 14:29:20.689000	0.14	0.145853	0.147898	76.7448	-665.391	-0.00470197	6	3	3	3	0.27798	223	0	0	0	0	0.384216	4.59114	128.573	-474.703	1	0	0	0	0	0	0	0
14.08.2015 14:29:20.789000	0.14	0.145853	0.147898	106.512	-665.391	-0.00542535	6	3	3	3	0.281178	223	0	0	0	0	0.388845	4.24183	128.556	-475.974	1	0	0	0	0	0	0	0
14.08.2015 14:29:20.889000	0.14	0.145853	0.147898	156.37	-665.391	-0.00397859	6	3	3	3	0.285335	223	0	0	0	0	0.394755	4.88565	128.555	-473.505	1	0	0	0	0	0	0	0
14.08.2015 14:29:20.989000	0.14	0.145853	0.147898	196.516	-665.398	-0.00434028	6	3	3	3	0.283594	223	0	0	0	0	0.400832	4.67928	128.537	-474.228	1	0	0	0	0	0	0	0
14.08.2015 14:29:21.089000	0.14	0.145853	0.147898	239.096	-665.391	-0.00289352	6	3	3	3	0.273606	223	0	0	0	0	0.409896	4.72341	128.528	-474.023	1	0	0	0	0	0	0	0
14.08.2015 14:29:21.189000	0.14	0.145853	0.147898	290.871	-665.395	-0.00108507	6	3	3	3	0.272978	223	0	0	0	0	0.41977	4.56783	128.516	-474.572	1	0	0	0	0	0	0	0
14.08.2015 14:29:21.289000	0.14	0.145853	0.147898	342.409	-665.393	-0.00036169	6	3	3	3	0.279399	223	0	0	0	0	0.428451	4.68508	128.505	-474.08	1	0	0	0	0	0	0	0
14.08.2015 14:29:21.389000	0.14	0.145853	0.147898	385.477	-665.395	0.000542535	6	3	3	3	0.26859	223	0	0	0	0	0.433695	4.6495	128.494	-474.174	1	0	0	0	0	0	0	0
14.08.2015 14:29:21.489000	0.14	0.145853	0.147898	427.198	-665.398	0.00108507	6	3	3	3	0.280649	223	0	0	0	0	0.437059	4.36	128.473	-475.203	1	0	0	0	0	0	0	0
14.08.2015 14:29:21.589000	0.14	0.145853	0.147898	470.863	-665.398	0.000542535	6	3	3	3	0.272371	223	0	0	0	0	0.43478	4.41383	128.464	-474.962	1	0	0	0	0	0	0	0
14.08.2015 14:29:21.689000	0.14	0.145853	0.147898	488.508	-665.398	0.00108507	6	3	3	3	0.246968	223	0	0	0	0	0.430317	4.45204	128.457	-474.79	1	0	0	0	0	0	0	0
14.08.2015 14:29:21.789000	0.14	0.145853	0.147898	503.766	-665.398	0.00108507	6	3	3	3	0.274485	223	0	0	0	0	0.426541	4.56966	128.448	-474.305	1	0	0	0	0	0	0	0
14.08.2015 14:29:21.889000	0.14	0.145853	0.147898	521.563	-665.398	0.00144676	6	3	3	3	0.253193	223	0	0	0	0	0.422201	4.50728	128.437	-474.503	1	0	0	0	0	0	0	0
14.08.2015 14:29:21.989000	0.14	0.145853	0.147898	541.645	-665.398	0.00108507	6	3	3	3	0.252935	223	0	0	0	0	0.420153	4.48439	128.425	-474.544	1	0	0	0	0	0	0	0
14.08.2015 14:29:22.089000	0.14	0.145853	0.147898	557.422	-665.398	0.00072338	6	3	3	3	0.274741	223	0	0	0	0	0.419119	4.55251	128.412	-474.232	1	0	0	0	0	0	0	0
14.08.2015 14:29:22.189000	0.14	0.145853	0.147898	573.266	-665.398	0.00108507	6	3	3	3	0.275006	223	0	0	0	0	0.421419	4.51631	128.4	-474.327	1	0	0	0	0	0	0	0
14.08.2015 14:29:22.289000	0.14	0.145853	0.147898	590.69	-665.398	0.00036169	6	3	3	3	0.269728	223	0	0	0	0	0.425014	4.48854	128.388	-474.387	1	0	0	0	0	0	0	0
14.08.2015 14:29:22.389000	0.14	0.145853	0.147898	609.23	-665.398	0	6	3	3	3	0.250527	223	0	0	0	0	0.427937	4.48317	128.373	-474.348	1	0	0	0	0	0	0	0
14.08.2015 14:29:22.489000	0.14	0.145853	0.147898	624.128	-665.398	-0.00253183	6	3	3	3	0.268277	223	0	0	0	0	0.430664	4.5273	128.361	-474.136	1	0	0	0	0	0	0	0
14.08.2015 14:29:22.589000	0.14	0.145853	0.147898	638.477	-665.398	-0.00108507	6	3	3	3	0.265282	223	0	0	0	0	0.433854	4.50667	128.353	-474.182	1	0	0	0	0	0	0	0
14.08.2015 14:29:22.689000	0.14	0.145853	0.147898	655.383	-665.404	-0.00217014	6	3	3	3	0.265998	223	0	0	0	0	0.437174	4.47066	128.342	-474.279	1	0	0	0	0	0	0	0
14.08.2015 14:29:22.789000	0.14	0.145853	0.147898	669.582	-665.406	-0.0016276	6	3	3	3	0.246248	223	0	0	0	0	0.439504	4.4872	128.329	-474.165	1	0	0	0	0	0	0	0
14.08.2015 14:29:22.889000	0.14	0.145853	0.147898	681.185	-665.406	-0.00180845	6	3	3	3	0.264269	223	0	0	0	0	0.44197	4.47371	128.315	-474.164	1	0	0	0	0	0	0	0
14.08.2015 14:29:22.989000	0.14	0.145853	0.147898	691.406	-665.406	-0.00434028	6	3	3	3	0.259313	223	0	0	0	0	0.442267	4.4391	128.305	-474.258	1	0	0	0	0	0	0	0
14.08.2015 14:29:23.089000	0.14	0.145853	0.147898	701.841	-665.406	-0.00434028	6	3	3	3	0.284229	223	0	0	0	0	0.442571	4.40248	128.293	-474.35	1	0	0	0	0	0	0	0
14.08.2015 14:29:23.189000	0.14	0.145853	0.147898	705.734	-665.414	-0.00651042	6	3	3	3	0.262077	223	0	0	0	0	0.441978	4.36402	128.279	-474.446	1	0	0	0	0	0	0	0
14.08.2015 14:29:23.289000	0.14	0.145853	0.147898	706.661	-665.414	-0.00651042	6	3	3	3	0.261876	223	0	0	0	0	0.442282	4.44673	128.269	-474.093	1	0	0	0	0	0	0	0
14.08.2015 14:29:23.389000	0.14	0.145853	0.147898	707.133	-665.41	-0.00651042	6	3	3	3	0.27945	223	0	0	0	0	0.442267	4.41688	128.253	-474.145	1	0	0	0	0	0	0	0
14.08.2015 14:29:23.489000	0.14	0.145853	0.147898	707.133	-665.414	-0.00651042	6	3	3	3	0.244254	223	0	0	0	0	0.442144	4.46101	128.247	-473.953	1	0	0	0	0	0	0	0
14.08.2015 14:29:23.589000	0.14	0.145853	0.147898	707.133	-665.414	-0.00434028	6	3	3	3	0.233761	223	0	0	0	0	0.441262	5.03531	128.25	-471.764	1	0	0	0	0	0	0	0
14.08.2015 14:29:23.689000	0.14	0.145853	0.147898	707.135	-665.414	-0.00470197	6	3	3	3	0.25496	223	0	0	0	0	0.440697	4.73025	128.238	-472.888	1	0	0	0	0	0	0	0
14.08.2015 14:29:23.789000	0.14	0.145853	0.147898	707.137	-665.414	-0.00271267	6	3	3	3	0.248456	223	0	0	0	0	0.439815	4.27308	128.213	-474.539	1	0	0	0	0	0	0	0
14.08.2015 14:29:23.889000	0.14	0.145853	0.147898	707.138	-665.414	-0.00144676	6	3	3	3	0.237894	223	0	0	0	0	0.438824	4.65584	128.213	-473.074	1	0	0	0	0	0	0	0
14.08.2015 14:29:23.989000	0.14	0.145853	0.147898	707.141	-665.414	-0.00108507	6	3	3	3	0.246547	223	0	0	0	0	0.437363	4.59426	128.2	-473.261	1	0	0	0	0	0	0	0
14.08.2015 14:29:24.089000	0.14	0.145853	0.147898	707.141	-665.414	-0.00072338	6	3	3	3	0.24411	223	0	0	0	0	0.433492	4.35322	128.232	-474.309	1	0	0	0	0	0	0	0
14.08.2015 14:29:24.189000	0.14	0.145853	0.147898	707.141	-665.414	-0.00108507	6	3	3	3	0.243221	223	0	0	0	0	0.43201	4.5735	128.383	-474.043	1	0	0	0	0	0	0	0
14.08.2015 14:29:24.289000	0.14	0.145853	0.147898	707.141	-665.414	-0.00325521	6	3	3	3	0.258343	223	0	0	0	0	0.429145	4.68532	128.524	-474.154	1	0	0	0	0	0	0	0
14.08.2015 14:29:24.389000	0.14	0.145853	0.147898	707.141	-665.414	-0.00108507	6	3	3	3	0.267898	223	0	0	0	0	0.426823	4.51765	128.655	-475.296	1	0	0	0	0	0	0	0
14.08.2015 14:29:24.489000	0.14	0.145853	0.147898	707.141	-665.414	-0.00108507	6	3	3	3	0.277076	223	0	0	0	0	0.425347	4.52554	128.785	-475.765	1	0	0	0	0	0	0	0
14.08.2015 14:29:24.589000	0.14	0.145853	0.147898	707.141	-665.414	-0.00108507	6	3	3	3	0.248874	223	0	0	0	0	0.424776	4.54671	128.939	-476.28	1	0	0	0	0	0	0	0
14.08.2015 14:29:24.689000	0.14	0.145853	0.147898	707.141	-665.414	-0.00289352	6	3	3	3	0.256431	223	0	0	0	0	0.423192	4.5815	129.42	-477.982	1	0	0	0	0	0	0	0
14.08.2015 14:29:24.789000	0.14	0.145853	0.147898	707.141	-665.414	-0.00379774	6	3	3	3	0.273119	223	0	0	0	0	0.422309	4.55721	129.613	-478.807	1	0	0	0	0	0	0	0
14.08.2015 14:29:24.889000	0.14	0.145853	0.147898	707.141	-665.417	-0.00397859	6	3	3	3	0.294534	223	0	0	0	0	0.422888	4.51057	129.549	-478.746	1	0	0	0	0	0	0	0
14.08.2015 14:29:24.989000	0.14	0.145853	0.147898	707.148	-665.426	-0.00434028	6	3	3	3	0.287338	223	0	0	0	0	0.423177	3.85211	129.653	-481.666	1	0	0	0	0	0	0	0
14.08.2015 14:29:25.089000	0.14	0.145853	0.147898	707.148	-665.427	-0.00470197	6	3	3	3	0.279579	223	0	0	0	0	0.423756	4.54506	128.566	-474.852	1	0	0	0	0	0	0	0
14.08.2015 14:29:25.189000	0.14	0.145853	0.147898	707.148	-665.43	-0.00434028	6	3	3	3	0.280628	223	0	0	0	0	0.424913	4.69997	129.25	-476.876	1	0	0	0	0	0	0	0
14.08.2015 14:29:25.289000	0.14	0.145853	0.147898	707.146	-665.427	-0.00614873	6	3	3	3	0.299352	223	0	0	0	0	0.426071	6.02692	130.311	-475.86	1	0	0	0	0	0	0	0
14.08.2015 14:29:25.389000	0.14	0.145853	0.147898	707.16	-665.422	-0.00705295	6	3	3	3	0.309153	223	0	0	0	0	0.426649	5.08762	129.964	-478.127	1	0	0	0	0	0	0	0
14.08.2015 14:29:25.489000	0.14	0.145853	0.147898	707.161	-665.422	-0.00614873	6	3	3	3	0.301813	223	0	0	0	0	0.428675	4.77218	129.343	-476.956	1	0	0	0	0	0	0	0
14.08.2015 14:29:25.589000	0.14	0.145853	0.147898	707.164	-665.426	-0.00488281	6	3	3	3	0.309775	223	0	0	0	0	0.429543	5.17795	129.007	-474.118	1	0	0	0	0	0	0	0
14.08.2015 14:29:25.689000	0.14	0.145853	0.147898	707.156	-665.422	-0.00470197	6	3	3	3	0.313571	223	0	0	0	0	0.432002	5.14744	128.939	-473.974	1	0	0	0	0	0	0	0
14.08.2015 14:29:25.789000	0.14	0.145853	0.147898	707.16	-665.422	-0.00488281	6	3	3	3	0.309703	223	0	0	0	0	0.434317	4.9418	128.857	-474.446	1	0	0	0	0	0	0	0
14.08.2015 14:29:25.889000	0.14	0.145853	0.147898	707.159	-665.43	-0.00470197	6	3	3	3	0.31126	223	0	0	0	0	0.43533	5.0369	128.797	-473.851	1	0	0	0	0	0	0	0
14.08.2015 14:29:25.989000	0.14	0.145853	0.147898	707.156	-665.426	-0.00488281	6	3	3	3	0.327103	223	0	0	0	0	0.435041	5.23386	128.708	-472.759	1	0	0	0	0	0	0	0
14.08.2015 14:29:26.089000	0.14	0.145853	0.147898	707.156	-665.427	-0.00651042	6	3	3	3	0.306898	223	0	0	0	0	0.436921	4.93106	128.547	-473.302	1	0	0	0	0	0	0	0
14.08.2015 14:29:26.189000	0.14	0.145853	0.147898	707.156	-665.43	-0.00651042	6	3	3	3	0.290097	223	0	0	0	0	0.440104	4.9227	128.324	-472.479	1	0	0	0	0	0	0	0
14.08.2015 14:29:26.289000	0.14	0.145853	0.147898	707.156	-665.43	-0.00687211	6	3	3	3	0.285836	223	0	0	0	0	0.443866	4.63186	128.276	-473.407	1	0	0	0	0	0	0	0
14.08.2015 14:29:26.389000	0.14	0.145853	0.147898	707.156	-665.43	-0.00651042	6	3	3	3	0.287404	223	0	0	0	0	0.447049	4.92911	126.116	-463.999	1	0	0	0	0	0	0	0
14.08.2015 14:29:26.489000	0.14	0.145853	0.147898	707.143	-665.43	-0.0072338	6	3	3	3	0.276588	223	0.0079587	0	0	0	0.447338	32.2824	114.025	-312.975	1	0	0	0	0	0	0	0
14.08.2015 14:29:26.589000	0.14	0.145853	0.147898	706.734	-665.43	-0.00705295	6	3	3	3	0.277906	223	1.05304	0	0	20.8924	0.449942	114.34	85.8146	109.219	1	0	0	0	0	0	0	0
14.08.2015 14:29:26.689000	0.14	0.145853	0.1507	699.016	-665.422	-0.00614873	6	3	3	3	0.278854	223	4.31212	0	0	34.6015	0.451389	110.232	83.6666	101.714	1	0	0	0	0	0	0	0
14.08.2015 14:29:26.789000	0.14	0.145853	0.152101	679.434	-665.422	-0.00759549	6	3	3	3	0.282475	223	7.8249	0	0	35.6924	0.451968	110.59	84.4796	99.972	1	0	0	0	0	0	0	0
14.08.2015 14:29:26.889000	0.14	0.145853	0.152101	662.828	-665.427	-0.00614873	6	3	3	3	0.26731	223	11.4053	0	0	35.9462	0.451244	113.982	88.023	99.3901	1	0	0	0	0	0	0	0
14.08.2015 14:29:26.989000	0.14	0.145853	0.152101	640.188	-665.43	-0.00651042	6	3	3	3	0.273636	223	14.9703	0	0	35.6947	0.44864	118.027	92.2045	98.8676	1	0	0	0	0	0	0	0
14.08.2015 14:29:27.089000	0.14	0.145853	0.152101	604.716	-665.43	-0.00651042	6	3	3	3	0.246487	223	18.5005	0	0	35.211	0.446759	119.979	94.3953	97.955	1	0	0	0	0	0	0	0
14.08.2015 14:29:27.189000	0.14	0.145853	0.152101	568.824	-665.43	-0.00651042	6	3	3	3	0.257324	223	22.0023	0	0	34.9304	0.443866	120.18	94.7488	97.371	1	0	0	0	0	0	0	0
14.08.2015 14:29:27.289000	0.14	0.145853	0.152101	533.362	-665.43	-0.00506366	6	3	3	3	0.258114	223	25.4733	0	0	34.8981	0.441696	119.917	94.5022	97.3097	1	0	0	0	0	0	0	0
14.08.2015 14:29:27.389000	0.14	0.145853	0.152101	494.078	-665.43	-0.00434028	6	3	3	3	0.26203	223	28.9438	0	0	34.9236	0.439381	119.911	94.4916	97.324	1	0	0	0	0	0	0	0
14.08.2015 14:29:27.489000	0.14	0.145853	0.152101	444.292	-665.43	-0.00397859	6	3	3	3	0.268757	223	32.6322	30.5	0	42.811	0.439815	117.361	88.1678	111.775	1	0.62	0	0	0	0	0	0
14.08.2015 14:29:27.589000	0.14	0.145853	0.152101	401.895	-665.43	-0.00379774	6	3	3	3	0.249442	223	37.1975	50	0	38.0967	0.440104	104.055	85.5243	70.9495	1	1	0	0	0	0	0	0
14.08.2015 14:29:27.689000	0.14	0.145853	0.152101	366.547	-665.435	-0.00325521	6	3	3	3	0.247519	223	39.2493	48.047	0	14.5926	0.441696	80.5004	56.8133	90.6935	1	1	0	0	0	0	0	0
14.08.2015 14:29:27.789000	0.14	0.145853	0.152101	333.824	-665.453	-0.00325521	6	3	3	3	0.241648	223	40.3829	38.7502	0	10.7856	0.442564	58.8767	34.7196	92.4927	1	1	0	0	0	0	0	0
14.08.2015 14:29:27.889000	0.14	0.145853	0.152101	290.992	-665.469	-0.00253183	6	3	3	3	0.271853	223	41.2261	28.7503	0	8.01626	0.442708	50.6141	26.387	92.7608	1	1	0	0	0	0	0	0
14.08.2015 14:29:27.989000	0.14	0.145853	0.152101	262.121	-665.465	-0.0016276	6	3	3	3	0.266813	223	41.8011	18.7502	0	5.58382	0.443576	46.2829	21.8054	93.7194	1	1	0	0	0	0	0	0
14.08.2015 14:29:28.089000	0.14	0.145853	0.152101	239.417	-665.466	-0.00108507	6	3	3	3	57.1482	223	42.1194	6.6435	0	4.69201	1.26056	44.0997	19.3916	94.6023	1	1	1	0	0	0	0	0
14.08.2015 14:29:28.189000	0.14	0.145853	0.152101	221.031	-665.465	-0.00271267	6	3	3	3	84.8339	223	42.2493	5.15899	0	2.40154	7.27648	43.4928	18.6298	95.1952	1	1	1	0	0	0	0	0
14.08.2015 14:29:28.289000	0.14	0.145853	0.152101	199.656	-665.466	-0.00108507	6	3	3	3	85.0332	223	42.3791	5.15899	0	1.82892	10.4154	42.6115	18.2796	93.1621	1	1	1	0	0	0	0	0
14.08.2015 14:29:28.389000	0.14	0.145853	0.152101	182.09	-665.469	-0.0016276	6	3	3	3	84.9961	223	42.494	5.15899	0	1.3616	11.2038	42.8226	17.93	95.3088	1	1	1	0	0	0	0	0
14.08.2015 14:29:28.489000	0.14	0.145853	0.152101	165.799	-665.469	-0.00289352	6	3	3	3	85.1606	223	42.6203	5.15899	0	1.23738	11.5046	42.616	17.5815	95.8522	1	1	1	0	0	0	0	0
14.08.2015 14:29:28.589000	0.14	0.145853	0.152101	144.793	-665.469	-0.00325521	6	3	3	3	85.1806	223	42.7342	5.15899	0	1.23269	11.553	42.0626	17.4042	94.4121	1	1	1	0	0	0	0	0
14.08.2015 14:29:28.689000	0.14	0.145853	0.152101	134.516	-665.469	-0.00542535	6	3	3	3	85.1823	223	42.8566	5.15899	0	1.23129	11.5725	42.2253	17.2951	95.453	1	1	1	0	0	0	0	0
14.08.2015 14:29:28.789000	0.14	0.145853	0.152101	128.285	-665.48	-0.00759549	6	3	3	3	85.1928	223	42.973	5.15899	0	1.1935	11.5748	42.334	17.1573	96.3964	1	1	1	0	0	0	0	0
14.08.2015 14:29:28.889000	0.14	0.145853	0.152101	126.406	-665.484	-0.00687211	6	3	3	3	85.3683	223	43.0869	5.15899	0	1.17316	11.582	41.8731	17.1318	94.7295	1	1	1	0	0	0	0	0
14.08.2015 14:29:28.989000	0.14	0.145853	0.152101	126.738	-665.484	-0.00813802	6	3	3	3	85.5136	223	43.2083	5.15899	0	1.17935	11.5884	42.1097	17.0995	95.7591	1	1	1	0	0	0	0	0
14.08.2015 14:29:29.089000	0.14	0.145853	0.152101	127.828	-665.484	-0.00795718	6	3	3	3	85.5653	223	43.3232	5.15899	0	1.18441	11.5936	42.1401	17.0252	96.1599	1	1	1	0	0	0	0	0
14.08.2015 14:29:29.189000	0.14	0.145853	0.152101	127.918	-665.492	-0.00868056	6	3	3	3	85.7525	223	43.4386	5.15899	0	1.18192	11.5965	41.3294	16.9807	93.2263	1	1	1	0	0	0	0	0
14.08.2015 14:29:29.289000	0.14	0.145853	0.152101	127.935	-665.495	-0.00651042	6	3	3	3	85.7227	223	43.5595	5.15899	0	1.17875	11.5938	42.0117	16.95	95.9562	1	1	1	0	0	0	0	0
14.08.2015 14:29:29.389000	0.14	0.145853	0.152101	127.938	-665.5	-0.00434028	6	3	3	3	85.8042	223	43.6744	5.15899	0	1.17107	11.6033	42.0104	16.9221	96.0581	1	1	1	0	0	0	0	0
14.08.2015 14:29:29.489000	0.14	0.145853	0.152101	127.94	-665.5	-0.00542535	6	3	3	3	85.7731	223	43.7933	5.15899	0	1.15133	11.6045	41.9207	16.9387	95.6512	1	1	1	0	0	0	0	0
14.08.2015 14:29:29.589000	0.14	0.145853	0.152101	127.938	-665.5	-0.00325521	6	3	3	3	85.8049	223	43.9136	5.15899	0	1.16191	11.6108	41.6584	16.958	94.5731	1	1	1	0	0	0	0	0
14.08.2015 14:29:29.689000	0.14	0.145853	0.152101	127.945	-665.508	-0.00325521	6	3	3	3	85.8236	223	44.0305	5.15899	0	1.20174	11.6087	41.4874	16.958	93.9178	1	1	1	0	0	0	0	0
14.08.2015 14:29:29.789000	0.14	0.145853	0.152101	127.938	-665.508	-0.00217014	6	3	3	3	85.7341	223	44.1519	5.15899	0	1.20095	11.6113	41.8622	16.9581	95.353	1	1	1	0	0	0	0	0
14.08.2015 14:29:29.889000	0.14	0.145853	0.152101	127.945	-665.516	-0.00289352	6	3	3	3	85.7617	223	44.2703	5.15899	0	1.19564	11.6058	41.6591	16.957	94.5794	1	1	1	0	0	0	0	0
14.08.2015 14:29:29.989000	0.14	0.145853	0.152101	127.938	-665.516	-0.00108507	6	3	3	3	85.8504	223	44.3877	5.15899	0	1.19542	11.6034	41.9142	16.963	95.5334	1	1	1	0	0	0	0	0
14.08.2015 14:29:30.089000	0.14	0.145853	0.152101	127.945	-665.518	-0.00144676	6	3	3	3	85.7966	223	44.5085	5.15899	0	1.19001	11.61	41.7927	16.9441	95.1403	1	1	1	0	0	0	0	0
14.08.2015 14:29:30.189000	0.14	0.145853	0.152101	127.941	-665.516	-0.00325521	6	3	3	3	85.9099	223	44.6244	5.15899	0	1.19001	11.6068	41.7862	16.9496	95.0947	1	1	1	0	0	0	0	0
14.08.2015 14:29:30.289000	0.14	0.145853	0.152101	127.945	-665.523	-0.00434028	6	3	3	3	86.0337	223	44.7398	5.15899	0	1.16968	11.6146	41.9596	16.9654	95.6977	1	1	1	0	0	0	0	0
14.08.2015 14:29:30.389000	0.14	0.145853	0.152101	127.941	-665.523	-0.00434028	6	3	3	3	86.1015	223	44.8592	5.15899	0	1.16767	11.6209	41.6587	16.9588	94.571	1	1	1	0	0	0	0	0
14.08.2015 14:29:30.489000	0.14	0.145853	0.152101	127.943	-665.523	-0.00506366	6	3	3	3	86.0619	223	44.9741	5.15899	0	1.17201	11.6244	41.9522	16.9585	95.6958	1	1	1	0	0	0	0	0
14.08.2015 14:29:30.589000	0.14	0.145853	0.152101	127.945	-665.523	-0.00379774	6	3	3	3	86.566	223	45.097	5.15899	0	1.17316	11.6299	41.8213	16.967	95.1623	1	1	1	0	0	0	0	0
14.08.2015 14:29:30.689000	0.14	0.145853	0.152101	127.945	-665.523	-0.00687211	6	3	3	3	86.8199	223	45.2159	5.15899	0	1.1888	11.6619	41.7397	16.9621	94.8688	1	1	1	0	0	0	0	0
14.08.2015 14:29:30.789000	0.14	0.145853	0.152101	127.945	-665.523	-0.00922309	6	3	3	3	87.0191	223	45.3328	5.15899	0	1.19519	11.6874	41.7428	16.9756	94.8288	1	1	1	0	0	0	0	0
14.08.2015 14:29:30.889000	0.14	0.145853	0.152101	127.943	-665.531	-0.010489	6	3	3	3	87.267	223	45.4556	5.15899	0	1.19219	11.707	41.5892	16.9726	94.2523	1	1	1	0	0	0	0	0
14.08.2015 14:29:30.989000	0.14	0.145853	0.152101	127.945	-665.531	-0.0103082	6	3	3	3	87.1559	223	45.5725	5.15899	0	1.19035	11.7203	41.8373	16.9804	95.1723	1	1	1	0	0	0	0	0
14.08.2015 14:29:31.089000	0.14	0.145853	0.152101	127.945	-665.531	-0.00904225	6	3	3	3	86.8416	223	45.6944	5.15899	0	1.1966	11.7169	41.7693	16.9756	94.9302	1	1	1	0	0	0	0	0
14.08.2015 14:29:31.189000	0.14	0.145853	0.152101	127.945	-665.539	-0.00651042	6	3	3	3	86.6481	223	45.8123	5.15899	0	1.20171	11.6972	42.0673	16.9899	96.0162	1	1	1	0	0	0	0	0
14.08.2015 14:29:31.289000	0.14	0.145853	0.152101	127.945	-665.539	-0.00976563	6	3	3	3	86.3827	223	45.9277	5.15899	0	1.1939	11.6794	41.8543	16.9938	95.1859	1	1	1	0	0	0	0	0
14.08.2015 14:29:31.389000	0.14	0.145853	0.152101	127.945	-665.539	-0.00976563	6	3	3	3	86.3434	223	46.052	5.15899	0	1.18435	11.658	41.7082	16.9997	94.604	1	1	1	0	0	0	0	0
14.08.2015 14:29:31.489000	0.14	0.145853	0.152101	127.945	-665.539	-0.0112124	6	3	3	3	86.1937	223	46.1659	5.15899	0	1.18861	11.6408	41.9485	16.9961	95.5378	1	1	1	0	0	0	0	0
14.08.2015 14:29:31.589000	0.14	0.145853	0.152101	127.945	-665.539	-0.0108507	6	3	3	3	86.3552	223	46.2833	5.15899	0	1.19586	11.6376	41.7623	17.0173	94.7435	1	1	1	0	0	0	0	0
14.08.2015 14:29:31.689000	0.14	0.145853	0.152101	127.945	-665.539	-0.0108507	6	3	3	3	86.3597	223	46.4042	5.15899	0	1.18908	11.638	41.9111	17.0193	95.3058	1	1	1	0	0	0	0	0
14.08.2015 14:29:31.789000	0.14	0.145853	0.152101	127.945	-665.539	-0.0103082	6	3	3	3	86.252	223	46.5191	5.15899	0	1.1676	11.6467	41.9442	17.0137	95.4537	1	1	1	0	0	0	0	0
14.08.2015 14:29:31.889000	0.14	0.145853	0.152101	127.945	-665.544	-0.00868056	6	3	3	3	86.7177	223	46.643	5.15899	0	1.17098	11.6379	41.8214	17.0252	94.9396	1	1	1	0	0	0	0	0
14.08.2015 14:29:31.989000	0.14	0.145853	0.152101	127.945	-665.543	-0.00976563	6	3	3	3	94.0883	223	46.7594	5.15899	0	1.19012	11.6463	41.8845	17.0249	95.1824	1	1	1	0	0	0	0	0
14.08.2015 14:29:32.089000	0.14	0.145853	0.152101	127.945	-665.547	-0.00904225	6	3	3	3	119.195	223	46.8787	5.15899	0	1.19011	11.6308	41.8141	17.0327	94.883	1	1	1	0	0	0	0	0
14.08.2015 14:29:32.189000	0.14	0.145853	0.152101	127.945	-665.547	-0.00705295	6	3	3	3	123.895	223	46.9996	5.15899	0	1.18997	11.6311	41.8654	17.0446	95.034	1	1	1	0	0	0	0	0
14.08.2015 14:29:32.289000	0.14	0.145853	0.152101	127.945	-665.547	-0.00506366	6	3	3	3	155.65	223	47.113	5.15899	0	1.18997	11.5543	41.821	17.0399	94.8821	1	1	1	0	0	0	0	0
14.08.2015 14:29:32.389000	0.14	0.145853	0.152101	127.945	-665.547	10.912	6	3	3	3	161.746	223	47.2344	5.15899	0	1.18461	11.4729	42.0353	17.0563	95.6395	1	1	1	0	0	0	0	0
14.08.2015 14:29:32.489000	0.14	0.145853	0.152101	127.945	-665.547	17.8168	6	3	3	3	255.923	223	47.3508	5.15899	0	1.18438	11.4334	41.8104	17.0383	94.8473	1	1	1	0	0	0	0	0
14.08.2015 14:29:32.589000	0.14	0.145853	0.152101	127.945	-665.547	23.4093	6	3	3	3	128.382	223	47.4687	5.15899	0	1.18919	11.1192	41.7828	17.0608	94.6554	1	1	1	0	0	0	0	0
14.08.2015 14:29:32.689000	0.14	0.145853	0.152101	127.945	-665.547	25.9418	6	3	3	3	267.749	223	47.592	5.15899	0	1.18991	11.2894	41.9397	17.048	95.3053	1	1	1	0	0	0	0	0
14.08.2015 14:29:32.789000	0.14	0.145853	0.152101	127.945	-665.547	27.813	6	3	3	3	174.109	223	47.7064	5.15899	0	1.18125	11.0521	41.9457	17.0439	95.3439	1	1	1	0	0	0	0	0
14.08.2015 14:29:32.889000	0.14	0.145853	0.152101	127.945	-665.547	28.3077	6	3	3	3	245.484	223	47.8258	5.15899	0	1.17851	11.1976	41.8341	17.0475	94.9029	1	1	1	0	0	0	0	0
14.08.2015 14:29:32.989000	0.14	0.145853	0.152101	127.945	-665.555	28.7576	6	3	3	3	253.614	223	47.9462	5.15899	0	1.17873	11.0689	41.892	17.0415	95.1473	1	1	1	0	0	0	0	0
14.08.2015 14:29:33.089000	0.14	0.145853	0.152101	127.945	-665.547	28.9656	6	3	3	3	223.24	223	48.0621	5.15899	0	1.17884	10.9754	41.8865	17.0609	95.0524	1	1	1	0	0	0	0	0
14.08.2015 14:29:33.189000	0.14	0.145853	0.152101	127.945	-665.555	29.1466	6	3	3	3	287.943	223	48.186	5.15899	0	1.19199	11.0153	41.9501	17.0428	95.3654	1	1	1	0	0	0	0	0
14.08.2015 14:29:33.289000	0.14	0.145853	0.152101	127.945	-665.555	29.2202	6	3	3	3	253.02	223	48.3014	5.15899	0	1.20152	10.9188	41.9142	17.056	95.177	1	1	1	0	0	0	0	0
14.08.2015 14:29:33.389000	0.14	0.145853	0.152101	127.945	-665.555	29.2898	6	3	3	3	257.956	223	48.4207	5.15899	0	1.19322	10.8639	41.9374	17.0697	95.2137	1	1	1	0	0	0	0	0
14.08.2015 14:29:33.489000	0.14	0.145853	0.152101	127.945	-665.555	29.3584	6	3	3	3	288.819	223	48.5416	5.15899	0	1.18423	10.9819	42.0569	17.065	95.689	1	1	1	0	0	0	0	0
14.08.2015 14:29:33.589000	0.14	0.145853	0.152101	127.945	-665.555	29.3945	6	3	3	3	279.676	223	48.658	5.15899	0	1.18424	10.9128	41.7598	17.0633	94.5579	1	1	1	0	0	0	0	0
14.08.2015 14:29:33.689000	0.14	0.145853	0.152101	127.945	-665.555	29.4054	6	3	3	3	315.923	223	48.7809	5.15899	0	1.18426	10.8422	41.9008	17.0494	95.1508	1	1	1	0	0	0	0	0
14.08.2015 14:29:33.789000	0.14	0.145853	0.152101	127.945	-665.555	29.413	6	3	3	3	281.191	223	48.8978	5.15899	0	1.18768	10.8234	41.7673	17.0665	94.5745	1	1	1	0	0	0	0	0
14.08.2015 14:29:33.889000	0.14	0.145853	0.152101	127.945	-665.555	29.4195	6	3	3	3	345.473	223	49.0171	5.15899	0	1.19566	10.8566	41.8886	17.0694	95.0277	1	1	1	0	0	0	0	0
14.08.2015 14:29:33.989000	0.14	0.145853	0.152101	127.945	-665.555	29.4195	6	3	3	3	370.003	223	49.1395	5.15899	0	1.20004	10.8627	42.0928	17.0671	95.8183	1	1	1	0	0	0	0	0
14.08.2015 14:29:34.089000	0.14	0.145853	0.152101	127.945	-665.555	29.4151	6	3	3	3	388.3	223	49.2574	5.15899	0	1.21316	10.8558	41.8317	17.0744	94.7905	1	1	1	0	0	0	0	0
14.08.2015 14:29:34.189000	0.14	0.145853	0.152101	127.945	-665.555	29.4092	6	3	3	3	368.153	223	49.3793	5.15899	0	1.20945	10.8508	41.9166	17.0747	95.1146	1	1	1	0	0	0	0	0
14.08.2015 14:29:34.289000	0.14	0.145853	0.152101	127.945	-665.555	29.4054	6	3	3	3	396.542	223	49.4957	5.15899	0	1.18994	10.8151	41.9533	17.0839	95.22	1	1	1	0	0	0	0	0
14.08.2015 14:29:34.389000	0.14	0.145853	0.152101	127.945	-665.555	29.4021	6	3	3	3	472.18	223	49.6145	5.15899	0	1.18927	10.8542	41.871	17.0744	94.941	1	1	1	0	0	0	0	0
14.08.2015 14:29:34.489000	0.14	0.145853	0.152101	127.945	-665.555	29.3851	6	3	3	3	388.676	223	49.7359	5.15899	0	1.17312	10.9096	41.8791	17.0917	94.9059	1	1	1	0	0	0	0	0
14.08.2015 14:29:34.589000	0.14	0.145853	0.152101	127.945	-665.555	29.3674	6	3	3	3	485.98	223	49.8513	5.15899	0	1.17312	10.894	41.9621	17.1129	95.1427	1	1	1	0	0	0	0	0
14.08.2015 14:29:34.689000	0.14	0.145853	0.152101	127.945	-665.555	29.3594	6	3	3	3	481.029	223	49.9737	4.64599	0	1.19463	10.8584	41.8312	17.1438	94.5234	1	1	1	0.15	0	0	0	0
14.08.2015 14:29:34.789000	0.14	0.145853	0.152101	127.945	-665.555	29.3555	6	3	3	3	156.403	223	50.0443	1.81301	0.073998	1.19553	10.361	42.1309	17.312	95.0036	1	1	1	1	0	0	0	0
14.08.2015 14:29:34.889000	0.14	0.145853	0.152101	127.948	-665.555	29.354	6	3	3	3	267.027	223	50.0911	1.86318	0.124168	1.19553	8.67491	42.3487	17.5325	95.0162	1	1	1	1	0	0	0	0
14.08.2015 14:29:34.989000	0.14	0.145853	0.152101	127.945	-665.555	29.3566	6	3	3	3	351.148	223	50.1398	1.49985	-0.239161	1.19553	8.00593	42.6396	17.784	95.1677	1	1	1	1	0	0	0	0
14.08.2015 14:29:35.089000	0.14	0.145853	0.152101	127.945	-665.555	29.3634	6	3	3	3	346.645	223	50.1861	1.08301	-0.656001	0.657677	7.7309	42.8058	17.963	95.1309	1	1	1	1	0	0	0	0
14.08.2015 14:29:35.189000	0.14	0.145853	0.152101	127.945	-665.555	29.3685	6	3	3	3	263.13	223	50.2149	0.965277	-0.773752	0.617194	7.64776	43.0674	18.1312	95.443	1	1	1	1	0	0	0	0
14.08.2015 14:29:35.289000	0.14	0.145853	0.152101	127.945	-665.555	29.3848	6	3	3	3	188.982	223	50.2403	0.950488	-0.788497	0.617194	7.65516	43.1311	18.2685	95.1938	1	1	1	1	0	0	0	0
14.08.2015 14:29:35.389000	0.14	0.145853	0.152101	127.945	-665.555	29.3918	6	3	3	3	259.276	223	50.289	0.959865	-0.779145	0.617194	7.66933	43.3882	18.4019	95.6675	1	1	1	1	0	0	0	0
14.08.2015 14:29:35.489000	0.14	0.145853	0.152101	127.945	-665.555	29.3906	6	3	3	3	261.576	223	50.3164	0.863922	-0.875089	0.617194	7.66026	43.3791	18.521	95.1735	1	1	1	1	0	0	0	0
14.08.2015 14:29:35.589000	0.14	0.145853	0.152101	127.945	-665.563	29.388	6	3	3	3	232.216	223	50.3388	0.777753	-0.961258	0.617194	7.64677	43.5627	18.631	95.4584	1	1	1	1	0	0	0	0
14.08.2015 14:29:35.689000	0.14	0.145853	0.152101	127.945	-665.557	29.3786	6	3	3	3	248.185	223	50.3865	0.72838	-1.01063	0.617194	7.66052	43.6826	18.7194	95.579	1	1	1	1	0	0	0	0
14.08.2015 14:29:35.789000	0.14	0.145853	0.152101	127.945	-665.563	29.3533	6	3	3	3	175.084	223	50.4084	0.731555	-1.00746	0.502257	7.67494	43.7181	18.8057	95.3843	1	1	1	1	0	0	0	0
14.08.2015 14:29:35.889000	0.14	0.145853	0.152101	127.945	-665.56	29.332	6	3	3	3	214.5	223	50.4383	0.838591	-0.90042	0.329852	7.69239	43.8812	18.898	95.6559	1	1	1	1	0	0	0	0
14.08.2015 14:29:35.989000	0.14	0.145853	0.152101	127.945	-665.563	29.2887	6	3	3	3	238.911	223	50.482	0.84944	-0.88957	0.329852	7.71361	43.9485	18.9859	95.5769	1	1	1	1	0	0	0	0
14.08.2015 14:29:36.089000	0.14	0.145853	0.152101	127.945	-665.56	29.2567	6	3	3	3	251.35	223	50.5004	0.74228	-0.996731	0.329852	7.71862	43.9788	19.0685	95.3766	1	1	1	1	0	0	0	0
14.08.2015 14:29:36.189000	0.14	0.145853	0.152101	127.945	-665.563	29.2296	6	3	3	3	227.72	223	50.5378	0.702757	-1.03625	0.329852	7.71173	44.1187	19.1333	95.664	1	1	1	1	0	0	0	0
14.08.2015 14:29:36.289000	0.14	0.145853	0.152101	127.945	-665.563	29.2101	6	3	3	3	237.908	223	50.5746	0.66603	-1.07298	0.329852	7.69287	44.1248	19.193	95.4586	1	1	1	1	0	0	0	0
14.08.2015 14:29:36.389000	0.14	0.145853	0.152101	127.945	-665.563	29.2003	6	3	3	3	208.024	223	50.592	0.639413	-1.0996	0.329852	7.68811	44.2123	19.2605	95.5355	1	1	1	1	0	0	0	0
14.08.2015 14:29:36.489000	0.14	0.145853	0.152101	127.945	-665.563	29.196	6	3	3	3	223.649	223	50.6372	0.632673	-1.10634	0.329852	7.7065	44.3072	19.31	95.7091	1	1	1	1	0	0	0	0
14.08.2015 14:29:36.589000	0.14	0.145853	0.152101	127.945	-665.563	29.1949	6	3	3	3	227.511	223	50.6596	0.625741	-1.11327	0.322198	7.73558	44.3315	19.3661	95.5874	1	1	1	1	0	0	0	0
14.08.2015 14:29:36.689000	0.14	0.145853	0.152101	127.945	-665.563	29.1887	6	3	3	3	212.671	223	50.687	0.625302	-1.11371	0.312842	7.71356	44.3686	19.4117	95.5551	1	1	1	1	0	0	0	0
14.08.2015 14:29:36.789000	0.14	0.145853	0.152101	127.945	-665.563	29.1846	6	3	3	3	238.284	223	50.7258	0.626927	-1.11208	0.312842	7.70423	44.4653	19.4641	95.7246	1	1	1	1	0	0	0	0
14.08.2015 14:29:36.889000	0.14	0.145853	0.152101	127.948	-665.563	29.18	6	3	3	3	233.294	223	50.7452	0.622208	-1.1168	0.312842	7.70537	44.4552	19.498	95.5563	1	1	1	1	0	0	0	0
14.08.2015 14:29:36.989000	0.14	0.145853	0.152101	127.945	-665.563	29.1764	6	3	3	3	187.746	223	50.7865	0.607771	-1.13124	0.312842	7.72488	44.5112	19.5431	95.5981	1	1	1	1	0	0	0	0
14.08.2015 14:29:37.089000	0.14	0.145853	0.152101	127.945	-665.563	29.1696	6	3	3	3	253.013	223	50.8173	0.620311	-1.1187	0.312842	7.74823	44.572	19.5689	95.732	1	1	1	1	0	0	0	0
14.08.2015 14:29:37.189000	0.14	0.145853	0.152101	127.945	-665.563	29.1612	6	3	3	3	208.633	223	50.8362	0.614022	-1.12499	0.312842	7.72026	44.5772	19.611	95.5907	1	1	1	1	0	0	0	0
14.08.2015 14:29:37.289000	0.14	0.145853	0.152101	127.945	-665.563	29.1591	6	3	3	3	195.974	223	50.8825	0.613862	-1.12515	0.312842	7.7282	44.6323	19.6426	95.6806	1	1	1	1	0	0	0	0
14.08.2015 14:29:37.389000	0.14	0.145853	0.152101	127.945	-665.563	29.1564	6	3	3	3	231.246	223	50.9009	0.639835	-1.09918	0.310542	7.76179	44.6648	19.675	95.6809	1	1	1	1	0	0	0	0
14.08.2015 14:29:37.489000	0.14	0.145853	0.152101	127.945	-665.563	29.1555	6	3	3	3	201.445	223	50.9357	0.65838	-1.08063	0.305174	7.75001	44.6614	19.7093	95.5364	1	1	1	1	0	0	0	0
14.08.2015 14:29:37.589000	0.14	0.145853	0.152101	127.945	-665.563	29.1515	6	3	3	3	195.345	223	50.975	0.681807	-1.0572	0.305174	7.76942	44.7208	19.7349	95.6664	1	1	1	1	0	0	0	0
14.08.2015 14:29:37.689000	0.14	0.145853	0.152101	127.945	-665.563	29.1555	6	3	3	3	221.653	223	50.9984	0.723538	-1.01547	0.305174	7.78125	44.75	19.7482	95.7269	1	1	1	1	0	0	0	0
14.08.2015 14:29:37.789000	0.14	0.145853	0.152101	127.945	-665.563	29.158	6	3	3	3	202.854	223	51.0352	0.768535	-0.970476	0.305174	7.77639	44.7412	19.7718	95.603	1	1	1	1	0	0	0	0
14.08.2015 14:29:37.889000	0.14	0.145853	0.152101	127.945	-665.563	29.1598	6	3	3	3	231.332	223	51.071	0.802585	-0.936425	0.305174	7.7419	44.7888	19.7933	95.7028	1	1	1	1	0	0	0	0
14.08.2015 14:29:37.989000	0.14	0.145853	0.152101	127.945	-665.563	29.1612	6	3	3	3	227.568	223	51.0969	0.821995	-0.917016	0.305174	7.74633	44.7725	19.8057	95.593	1	1	1	1	0	0	0	0
14.08.2015 14:29:38.089000	0.14	0.145853	0.152101	127.945	-665.563	29.1594	6	3	3	3	232.267	223	51.1347	0.829172	-0.909838	0.305174	7.77076	44.8216	19.8356	95.6664	1	1	1	1	0	0	0	0
14.08.2015 14:29:38.189000	0.14	0.145853	0.152101	127.945	-665.563	29.1553	6	3	3	3	184.504	223	51.1804	0.840965	-0.898046	0.334462	7.77752	44.8126	19.8431	95.6033	1	1	1	1	0	0	0	0
14.08.2015 14:29:38.289000	0.14	0.145853	0.152101	127.945	-665.563	29.1468	6	3	3	3	195.791	223	51.2098	0.877611	-0.8614	0.337008	7.79541	44.8452	19.8496	95.7031	1	1	1	1	0	0	0	0
14.08.2015 14:29:38.389000	0.14	0.145853	0.152101	127.945	-665.563	29.1406	6	3	3	3	205.037	223	51.2421	0.916317	-0.822694	0.337008	7.78194	44.8322	19.8735	95.5619	1	1	1	1	0	0	0	0
14.08.2015 14:29:38.489000	0.14	0.145853	0.152101	127.948	-665.563	29.1345	6	3	3	3	230.471	223	51.2839	0.96006	-0.778951	0.337008	7.79072	44.852	19.8825	95.603	1	1	1	1	0	0	0	0
14.08.2015 14:29:38.589000	0.14	0.145853	0.152101	127.945	-665.563	29.1298	6	3	3	3	202.977	223	51.3232	0.997232	-0.741779	0.337008	7.78801	44.8382	19.8917	95.5152	1	1	1	1	0	0	0	0
14.08.2015 14:29:38.689000	0.14	0.145853	0.152101	127.945	-665.563	29.1215	6	3	3	3	206.891	223	51.359	1.0357	-0.703315	0.337008	7.78906	44.8852	19.884	95.7246	1	1	1	1	0	0	0	0
14.08.2015 14:29:38.789000	0.14	0.145853	0.152101	127.945	-665.563	29.113	6	3	3	3	221.736	223	51.3963	1.07484	-0.664175	0.346477	7.77049	44.8469	19.902	95.5089	1	1	1	1	0	0	0	0
14.08.2015 14:29:38.889000	0.14	0.145853	0.152101	127.945	-665.563	29.1084	6	3	3	3	203.261	223	51.4341	1.11349	-0.625517	0.373425	7.77103	44.8821	19.9017	95.6449	1	1	1	1	0	0	0	0
14.08.2015 14:29:38.989000	0.14	0.145853	0.152101	127.945	-665.563	29.1021	6	3	3	3	176.67	223	51.4828	1.1647	-0.574315	0.373425	7.78809	44.8261	19.9051	95.4175	1	1	1	1	0	0	0	0
14.08.2015 14:29:39.089000	0.14	0.145853	0.152101	127.945	-665.563	29.0987	6	3	3	3	225.829	223	51.5202	1.23251	-0.506497	0.373425	7.80388	44.9425	19.8971	95.894	1	1	1	1	0	0	0	0
14.08.2015 14:29:39.189000	0.14	0.145853	0.152101	127.945	-665.563	29.0956	6	3	3	3	213.897	223	51.5634	1.27909	-0.459922	0.373425	7.78754	44.8341	19.8932	95.4937	1	1	1	1	0	0	0	0
14.08.2015 14:29:39.289000	0.14	0.145853	0.152101	127.945	-665.563	29.0907	6	3	3	3	234.939	223	51.6077	1.30562	-0.433391	0.373425	7.77724	44.857	19.8975	95.5652	1	1	1	1	0	0	0	0
14.08.2015 14:29:39.389000	0.14	0.145853	0.152101	127.945	-665.563	29.0885	6	3	3	3	217.805	223	51.6485	1.31359	-0.425417	0.388601	7.75739	44.8467	19.8878	95.5628	1	1	1	1	0	0	0	0
14.08.2015 14:29:39.489000	0.14	0.145853	0.152101	127.945	-665.563	29.0878	6	3	3	3	219.472	223	51.6898	1.3303	-0.40871	0.419412	7.77566	44.8034	19.8861	95.4032	1	1	1	1	0	0	0	0
14.08.2015 14:29:39.589000	0.14	0.145853	0.152101	127.945	-665.563	29.0896	6	3	3	3	255.38	223	51.7365	1.33916	-0.399847	0.419412	7.78775	44.8293	19.8769	95.5378	1	1	1	1	0	0	0	0
14.08.2015 14:29:39.689000	0.14	0.145853	0.152101	127.945	-665.563	29.0922	6	3	3	3	187.734	223	51.7818	1.32765	-0.411364	0.419412	7.77423	44.8219	19.8837	95.4834	1	1	1	1	0	0	0	0
14.08.2015 14:29:39.789000	0.14	0.145853	0.152101	127.945	-665.563	29.0945	6	3	3	3	216.348	223	51.831	1.34942	-0.389594	0.419412	7.79825	44.8197	19.8784	95.4951	1	1	1	1	0	0	0	0
14.08.2015 14:29:39.889000	0.14	0.145853	0.152101	127.948	-665.563	29.0954	6	3	3	3	216.41	223	51.8763	1.37826	-0.360752	0.419412	7.79415	44.8067	19.8798	95.4399	1	1	1	1	0	0	0	0
14.08.2015 14:29:39.989000	0.14	0.145853	0.152101	127.945	-665.563	29.0967	6	3	3	3	219.307	223	51.9196	1.39414	-0.344866	0.441805	7.7633	44.7743	19.8763	95.3294	1	1	1	1	0	0	0	0
14.08.2015 14:29:40.089000	0.14	0.145853	0.152101	127.945	-665.563	29.0976	6	3	3	3	211.69	223	51.9673	1.40859	-0.330424	0.44812	7.77043	44.8645	19.8679	95.7073	1	1	1	1	0	0	0	0
14.08.2015 14:29:40.189000	0.14	0.145853	0.152101	127.945	-665.563	29.1005	6	3	3	3	218.859	223	52.0126	1.42908	-0.309932	0.44812	7.77427	44.7726	19.852	95.4161	1	1	1	1	0	0	0	0
14.08.2015 14:29:40.289000	0.14	0.145853	0.152101	127.945	-665.563	29.1005	6	3	3	3	217.071	223	52.0564	1.44966	-0.289349	0.44812	7.78352	44.7675	19.8564	95.3799	1	1	1	1	0	0	0	0
14.08.2015 14:29:40.389000	0.14	0.145853	0.152101	127.949	-665.563	29.1059	6	3	3	3	219.638	223	52.1021	1.46489	-0.274116	0.44812	7.77017	44.7863	19.8411	95.5103	1	1	1	1	0	0	0	0
14.08.2015 14:29:40.489000	0.14	0.145853	0.152101	127.945	-665.563	29.1095	6	3	3	3	189.526	223	52.1519	1.48702	-0.251991	0.456451	7.76529	44.7176	19.8253	95.3076	1	1	1	1	0	0	0	0
14.08.2015 14:29:40.589000	0.14	0.145853	0.152101	127.949	-665.563	29.1108	6	3	3	3	222.033	223	52.2001	1.52192	-0.217091	0.466633	7.77386	44.7553	19.8397	95.3969	1	1	1	1	0	0	0	0
14.08.2015 14:29:40.689000	0.14	0.145853	0.152101	127.945	-665.563	29.1106	6	3	3	3	233.512	223	52.2454	1.54663	-0.19238	0.466633	7.75966	44.6956	19.8421	95.1592	1	1	1	1	0	0	0	0
14.08.2015 14:29:40.789000	0.14	0.145853	0.152101	127.945	-665.563	29.1146	6	3	3	3	252.405	223	52.2941	1.55792	-0.181094	0.466633	7.74938	44.6712	19.8253	95.1303	1	1	1	1	0	0	0	0
14.08.2015 14:29:40.889000	0.14	0.145853	0.152101	127.945	-665.56	29.1153	6	3	3	3	224.695	223	52.3424	1.54202	-0.196987	0.466633	7.73704	44.7234	19.7992	95.4296	1	1	1	1	0	0	0	0
14.08.2015 14:29:40.989000	0.14	0.145853	0.152101	127.945	-665.563	29.1168	6	3	3	3	215.492	223	52.3896	1.52481	-0.214203	0.468893	7.73273	44.6364	19.7886	95.137	1	1	1	1	0	0	0	0
14.08.2015 14:29:41.089000	0.14	0.145853	0.152101	127.945	-665.563	29.1128	6	3	3	3	227.273	223	52.4369	1.51748	-0.221527	0.476458	7.74506	44.7274	19.7784	95.525	1	1	1	1	0	0	0	0
14.08.2015 14:29:41.189000	0.14	0.145853	0.152101	127.945	-665.563	29.1119	6	3	3	3	241.245	223	52.4846	1.50692	-0.232094	0.476458	7.75323	44.6348	19.7778	95.1726	1	1	1	1	0	0	0	0
14.08.2015 14:29:41.289000	0.14	0.145853	0.152101	127.945	-665.563	29.1077	6	3	3	3	206.16	223	52.5324	1.48426	-0.254746	0.476458	7.74844	44.5956	19.771	95.0485	1	1	1	1	0	0	0	0
14.08.2015 14:29:41.389000	0.14	0.145853	0.152101	127.945	-665.563	29.1064	6	3	3	3	179.986	223	52.5802	1.49261	-0.246402	0.476458	7.77373	44.7036	19.7615	95.4986	1	1	1	1	0	0	0	0
14.08.2015 14:29:41.489000	0.14	0.145853	0.152101	127.945	-665.563	29.1041	6	3	3	3	249.143	223	52.6299	1.52662	-0.212387	0.476735	7.77761	44.6005	19.7506	95.1452	1	1	1	1	0	0	0	0
14.08.2015 14:29:41.589000	0.14	0.145853	0.152101	127.945	-665.563	29.1059	6	3	3	3	185.945	223	52.6781	1.53872	-0.200293	0.481074	7.77041	44.676	19.7571	95.4098	1	1	1	1	0	0	0	0
14.08.2015 14:29:41.689000	0.14	0.145853	0.152101	127.945	-665.563	29.1106	6	3	3	3	207.959	223	52.7274	1.5749	-0.164111	0.481074	7.78555	44.6171	19.7487	95.2163	1	1	1	1	0	0	0	0
14.08.2015 14:29:41.789000	0.14	0.145853	0.152101	127.945	-665.563	29.113	6	3	3	3	213.006	223	52.7801	1.61656	-0.122446	0.481074	7.77868	44.5715	19.7451	95.0552	1	1	1	1	0	0	0	0
14.08.2015 14:29:41.889000	0.14	0.145853	0.152101	127.945	-665.563	29.1178	6	3	3	3	233.258	223	52.8294	1.65567	-0.0833397	0.481074	7.7848	44.631	19.7298	95.3418	1	1	1	1	0	0	0	0
14.08.2015 14:29:41.989000	0.14	0.145853	0.152101	127.945	-665.563	29.1184	6	3	3	3	234.815	223	52.8796	1.67125	-0.0677559	0.482542	7.75328	44.6129	19.7236	95.2964	1	1	1	1	0	0	0	0
14.08.2015 14:29:42.089000	0.14	0.145853	0.152101	127.945	-665.563	29.1171	6	3	3	3	247.082	223	52.9333	1.66129	-0.0777221	0.499427	7.72575	44.5177	19.7195	94.9473	1	1	1	1	0	0	0	0
14.08.2015 14:29:42.189000	0.14	0.145853	0.152101	127.945	-665.563	29.1157	6	3	3	3	218.887	223	52.9851	1.64438	-0.0946303	0.499427	7.69711	44.6103	19.7132	95.3259	1	1	1	1	0	0	0	0
14.08.2015 14:29:42.289000	0.14	0.145853	0.152101	127.945	-665.56	29.1142	6	3	3	3	209.985	223	53.0333	1.64635	-0.0926562	0.499427	7.71914	44.5791	19.7055	95.2361	1	1	1	1	0	0	0	0
14.08.2015 14:29:42.389000	0.14	0.145853	0.152101	127.949	-665.563	29.1097	6	3	3	3	222.056	223	53.0835	1.64765	-0.0913613	0.499427	7.73351	44.5919	19.7089	95.2721	1	1	1	1	0	0	0	0
14.08.2015 14:29:42.489000	0.14	0.145853	0.152101	127.948	-665.56	29.1113	6	3	3	3	218.988	223	53.1343	1.64956	-0.0894525	0.501471	7.73553	44.5617	19.6888	95.2333	1	1	1	1	0	0	0	0
14.08.2015 14:29:42.589000	0.14	0.145853	0.152101	127.945	-665.563	29.1113	6	3	3	3	211.059	223	53.185	1.65535	-0.0836563	0.509644	7.7411	44.6059	19.6939	95.3831	1	1	1	1	0	0	0	0
14.08.2015 14:29:42.689000	0.14	0.145853	0.152101	127.945	-665.563	29.1106	6	3	3	3	220.672	223	53.2358	1.66678	-0.0722279	0.509644	7.7575	44.5229	19.6881	95.0875	1	1	1	1	0	0	0	0
14.08.2015 14:29:42.789000	0.14	0.145853	0.152101	127.945	-665.563	29.1081	6	3	3	3	211.15	223	53.2855	1.67736	-0.0616463	0.509644	7.76809	44.6073	19.6882	95.4102	1	1	1	1	0	0	0	0
14.08.2015 14:29:42.889000	0.14	0.145853	0.152101	127.945	-665.563	29.1113	6	3	3	3	229.443	223	53.3397	1.70054	-0.0384729	0.509644	7.77637	44.5468	19.6778	95.2186	1	1	1	1	0	0	0	0
14.08.2015 14:29:42.989000	0.14	0.145853	0.152101	127.945	-665.563	29.1146	6	3	3	3	189.738	223	53.3914	1.71896	-0.020046	0.511591	7.74852	44.512	19.6727	95.1046	1	1	1	1	0	0	0	0
14.08.2015 14:29:43.089000	0.14	0.145853	0.152101	127.945	-665.563	29.1218	6	3	3	3	240.13	223	53.4437	1.74053	0.00152252	0.514907	7.78665	44.5882	19.668	95.4144	1	1	1	1	0	0	0	0
14.08.2015 14:29:43.189000	0.14	0.145853	0.152101	127.949	-665.563	29.1287	6	3	3	3	229.645	223	53.4954	1.74875	0.00973651	0.514907	7.77044	44.4763	19.6543	95.0384	1	1	1	1	0	0	0	0
14.08.2015 14:29:43.289000	0.14	0.145853	0.152101	127.945	-665.563	29.1327	6	3	3	3	198.077	223	53.5481	1.75229	0.0132819	0.514907	7.7787	44.5235	19.6483	95.242	1	1	1	1	0	0	0	0
14.08.2015 14:29:43.389000	0.14	0.145853	0.152101	127.945	-665.563	29.1325	6	3	3	3	230.745	223	53.6033	1.77008	0.0310722	0.514907	7.79081	44.4628	19.6462	95.0179	1	1	1	1	0	0	0	0
14.08.2015 14:29:43.489000	0.14	0.145853	0.152101	127.945	-665.563	29.1359	6	3	3	3	206.266	223	53.6546	1.78496	0.0459535	0.52361	7.77449	44.4808	19.6417	95.1039	1	1	1	1	0	0	0	0
14.08.2015 14:29:43.589000	0.14	0.145853	0.152101	127.945	-665.559	29.1374	6	3	3	3	245.299	223	53.7063	1.79591	0.056902	0.528093	7.76299	44.4961	19.643	95.1576	1	1	1	1	0	0	0	0
14.08.2015 14:29:43.689000	0.14	0.145853	0.152101	127.945	-665.563	29.1352	6	3	3	3	242.206	223	53.7595	1.78705	0.0480368	0.528093	7.74284	44.4697	19.635	95.087	1	1	1	1	0	0	0	0
14.08.2015 14:29:43.789000	0.14	0.145853	0.152101	127.945	-665.559	29.1352	6	3	3	3	213.669	223	53.8128	1.76786	0.0288491	0.528093	7.72452	44.5804	19.6323	95.5215	1	1	1	1	0	0	0	0
14.08.2015 14:29:43.889000	0.14	0.145853	0.152101	127.945	-665.563	29.1298	6	3	3	3	207.119	223	53.865	1.75884	0.019829	0.528093	7.73825	44.4541	19.6329	95.0351	1	1	1	1	0	0	0	0
14.08.2015 14:29:43.989000	0.14	0.145853	0.152101	127.945	-665.563	29.1276	6	3	3	3	223.641	223	53.9207	1.76193	0.0229175	0.527004	7.75126	44.4495	19.628	95.0366	1	1	1	1	0	0	0	0
14.08.2015 14:29:44.089000	0.14	0.145853	0.152101	127.948	-665.563	29.1247	6	3	3	3	211.523	223	53.9739	1.77213	0.0331174	0.526935	7.76003	44.5114	19.6252	95.2845	1	1	1	1	0	0	0	0
14.08.2015 14:29:44.189000	0.14	0.145853	0.152101	127.945	-665.563	29.1216	6	3	3	3	201.442	223	54.0232	1.79802	0.0590052	0.526935	7.75244	44.414	19.6224	94.9218	1	1	1	1	0	0	0	0
14.08.2015 14:29:44.289000	0.14	0.145853	0.152101	127.945	-665.56	29.1211	6	3	3	3	232.819	223	54.0759	1.82604	0.0870342	0.526935	7.75621	44.5297	19.6128	95.4021	1	1	1	1	0	0	0	0
14.08.2015 14:29:44.389000	0.14	0.145853	0.152101	127.945	-665.563	29.1216	6	3	3	3	193.914	223	54.1326	1.84391	0.104895	0.528461	7.74383	44.4367	19.6149	95.0377	1	1	1	1	0	0	0	0
14.08.2015 14:29:44.489000	0.14	0.145853	0.152101	127.945	-665.557	29.1211	6	3	3	3	178.998	223	54.1908	1.88712	0.148111	0.532588	7.78476	44.5828	19.6126	95.6061	1	1	1	1	0	0	0	0
14.08.2015 14:29:44.589000	0.14	0.145853	0.152101	127.945	-665.563	29.1189	6	3	3	3	214.892	223	54.242	1.95483	0.21582	0.532588	7.84046	44.427	19.6301	94.9421	1	1	1	1	0	0	0	0
14.08.2015 14:29:44.689000	0.14	0.145853	0.152101	127.948	-665.56	29.1164	6	3	3	3	211.194	223	54.2957	2.01123	0.272216	0.532588	7.79589	44.473	19.6008	95.2308	1	1	1	1	0	0	0	0
14.08.2015 14:29:44.789000	0.14	0.145853	0.152101	127.949	-665.563	29.113	6	3	3	3	232.645	223	54.3564	2.05426	0.315245	0.532588	7.73675	44.4303	19.5992	95.0735	1	1	1	1	0	0	0	0
14.08.2015 14:29:44.889000	0.14	0.145853	0.152101	127.945	-665.56	29.1117	6	3	3	3	217.474	223	54.4191	2.07868	0.339671	0.570219	7.74051	44.3339	19.5801	94.7774	1	1	1	1	0	0	0	0
14.08.2015 14:29:44.989000	0.14	0.145853	0.152101	127.953	-665.555	29.1075	6	3	3	3	227.852	223	54.4763	2.09656	0.357549	0.573051	7.74682	44.3953	19.5634	95.0763	1	1	1	1	0	0	0	0
14.08.2015 14:29:45.089000	0.14	0.145853	0.152101	127.945	-665.563	29.1063	6	3	3	3	211.151	223	54.534	2.10535	0.366341	0.573051	7.73411	44.3472	19.5594	94.9078	1	1	1	1	0	0	0	0
14.08.2015 14:29:45.189000	0.14	0.145853	0.152101	127.949	-665.559	29.1059	6	3	3	3	232.394	223	54.5977	2.11725	0.378241	0.573051	7.74585	44.3687	19.5299	95.1111	1	1	1	1	0	0	0	0
14.08.2015 14:29:45.289000	0.14	0.145853	0.152101	127.945	-665.563	29.1023	6	3	3	3	214.755	223	54.6519	2.11879	0.37978	0.584628	7.7384	44.3044	19.5252	94.873	1	1	1	1	0	0	0	0
14.08.2015 14:29:45.389000	0.14	0.145853	0.152101	127.949	-665.566	29.1054	6	3	3	3	222.982	223	54.7096	2.12898	0.389967	0.589356	7.74076	44.3456	19.5179	95.0602	1	1	1	1	0	0	0	0
14.08.2015 14:29:45.489000	0.14	0.145853	0.152101	127.945	-665.56	29.1034	6	3	3	3	210.165	223	54.7778	2.13718	0.398168	0.589356	7.75336	44.2816	19.4943	94.9057	1	1	1	1	0	0	0	0
14.08.2015 14:29:45.589000	0.14	0.145853	0.152101	127.945	-665.563	29.1064	6	3	3	3	192.375	223	54.834	2.16486	0.425847	0.589356	7.75858	44.2982	19.4869	94.9978	1	1	1	1	0	0	0	0
14.08.2015 14:29:45.689000	0.14	0.145853	0.152101	127.948	-665.563	29.1023	6	3	3	3	221.864	223	54.8912	2.20155	0.462544	0.59156	7.74434	44.2402	19.4806	94.7993	1	1	1	1	0	0	0	0
14.08.2015 14:29:45.789000	0.14	0.145853	0.152101	127.949	-665.559	29.101	6	3	3	3	240.318	223	54.9518	2.22916	0.490154	0.593594	7.7315	44.2838	19.464	95.0403	1	1	1	1	0	0	0	0
14.08.2015 14:29:45.889000	0.14	0.145853	0.152101	127.948	-665.563	29.0994	6	3	3	3	222.275	223	55.0195	2.23199	0.492974	0.593594	7.72176	44.2222	19.4522	94.9087	1	1	1	1	0	0	0	0
14.08.2015 14:29:45.989000	0.14	0.145853	0.152101	127.949	-665.563	29.0994	6	3	3	3	186.925	223	55.0787	2.23947	0.500456	0.593594	7.72918	44.2439	19.4454	94.9487	1	1	1	1	0	0	0	0
14.08.2015 14:29:46.089000	0.14	0.145853	0.152101	127.951	-665.563	29.1023	6	3	3	3	230.096	223	55.1419	2.26501	0.525998	0.611999	7.74562	44.1875	19.4338	94.7769	1	1	1	1	0	0	0	0
14.08.2015 14:29:46.189000	0.14	0.145853	0.152101	127.945	-665.559	29.1054	6	3	3	3	213.634	223	55.202	2.28095	0.541943	0.62646	7.7249	44.2354	19.4173	95.0237	1	1	1	1	0	0	0	0
14.08.2015 14:29:46.289000	0.14	0.145853	0.152101	127.951	-665.563	29.1084	6	3	3	3	222.678	223	55.2647	2.30298	0.563976	0.62646	7.73299	44.2802	19.4099	95.2235	1	1	1	1	0	0	0	0
14.08.2015 14:29:46.389000	0.14	0.145853	0.152101	127.949	-665.563	29.1102	6	3	3	3	219.246	223	55.3309	2.31937	0.58036	0.62646	7.71743	44.1898	19.3997	94.9164	1	1	1	1	0	0	0	0
14.08.2015 14:29:46.489000	0.14	0.145853	0.152101	127.951	-665.563	29.1157	6	3	3	3	185.782	223	55.3891	2.3336	0.594586	0.621538	7.74055	44.13	19.3952	94.7045	1	1	1	1	0	0	0	0
14.08.2015 14:29:46.589000	0.14	0.145853	0.152101	127.945	-665.563	29.1151	6	3	3	3	194.365	223	55.4523	2.37134	0.632333	0.617174	7.75872	44.1563	19.3824	94.8543	1	1	1	1	0	0	0	0
14.08.2015 14:29:46.689000	0.14	0.145853	0.152101	127.948	-665.563	29.1207	6	3	3	3	250.625	223	55.5234	2.42149	0.682484	0.617174	7.75463	44.1408	19.3571	94.8919	1	1	1	1	0	0	0	0
14.08.2015 14:29:46.789000	0.14	0.145853	0.152101	127.949	-665.563	29.1238	6	3	3	3	203.033	223	55.5885	2.4429	0.703888	0.617174	7.70168	44.0903	19.362	94.6797	1	1	1	1	0	0	0	0
14.08.2015 14:29:46.889000	0.14	0.145853	0.152101	127.951	-665.56	29.1265	6	3	3	3	258.327	223	55.6502	2.46074	0.721732	0.653109	7.74896	44.1687	19.3548	95.0076	1	1	1	1	0	0	0	0
14.08.2015 14:29:46.989000	0.14	0.145853	0.152101	127.949	-665.563	29.1243	6	3	3	3	209.482	223	55.7238	2.45926	0.72025	0.663244	7.75897	43.9662	19.3305	94.3249	1	1	1	1	0	0	0	0
14.08.2015 14:29:47.089000	0.14	0.145853	0.152101	127.945	-665.563	29.1262	6	3	3	3	253.684	223	55.7875	2.44483	0.70582	0.663244	7.70843	44.2106	19.3244	95.2843	1	1	1	1	0	0	0	0
14.08.2015 14:29:47.189000	0.14	0.145853	0.152101	127.953	-665.563	29.1287	6	3	3	3	193.318	223	55.8477	2.41988	0.680867	0.663209	7.70155	43.9795	19.3263	94.392	1	1	1	1	0	0	0	0
14.08.2015 14:29:47.289000	0.14	0.145853	0.152101	127.948	-665.56	29.1287	6	3	3	3	198.221	223	55.9253	2.43341	0.694401	0.659712	7.71432	44.2446	19.306	95.4848	1	1	1	1	0	0	0	0
14.08.2015 14:29:47.389000	0.14	0.145853	0.152101	127.945	-665.563	29.1243	6	3	3	3	220.148	223	55.9865	2.46746	0.728448	0.659712	7.80443	43.9177	19.2914	94.2892	1	1	1	1	0	0	0	0
14.08.2015 14:29:47.489000	0.14	0.145853	0.152101	127.948	-665.56	29.1175	6	3	3	3	227.551	223	56.0506	2.49503	0.756019	0.659712	7.77154	44.0961	19.2896	94.9793	1	1	1	1	0	0	0	0
14.08.2015 14:29:47.589000	0.14	0.145853	0.152101	127.953	-665.559	29.1048	6	3	3	3	191.605	223.011	56.1258	2.52333	0.78432	0.665822	7.73763	44.0153	19.2834	94.6935	1	1	1	1	0.34	0	0	0
14.08.2015 14:29:47.689000	0.14	0.145853	0.152101	127.948	-665.56	29.0994	6	3	3	3	228.385	223.638	56.1894	2.64284	0.903826	0.677683	7.78247	43.9322	19.2684	94.4327	1	1	1	1	1	0	0	0
14.08.2015 14:29:47.789000	0.14	0.145853	0.152101	127.953	-665.559	29.0934	6	3	3	3	231.365	225.789	56.2625	2.75519	1.01618	0.677683	7.76312	44.0774	19.2627	95.0106	1	1	1	1	1	0	0	0
14.08.2015 14:29:47.889000	0.14	0.145853	0.152101	127.948	-665.563	29.09	6	3	3	3	265.728	229.54	56.3347	2.82848	1.08947	0.677683	7.72671	43.8878	19.2206	94.4458	1	1	1	1	1	0	0	0
14.08.2015 14:29:47.989000	0.14	0.145853	0.152101	127.953	-665.563	29.0902	6	3	3	3	268.686	234.891	56.4113	2.78589	1.04687	0.7139	7.6907	43.963	19.1841	94.8737	1	1	1	1	1	0	0	0
14.08.2015 14:29:48.089000	0.14	0.145853	0.152101	127.951	-665.563	29.0907	6	3	3	3	220.132	241.842	56.4804	2.70466	0.96565	0.718838	7.65275	43.7729	19.1627	94.2277	1	1	1	1	1	0	0	0
14.08.2015 14:29:48.189000	0.14	0.145853	0.152101	127.949	-665.563	29.0945	6	3	3	3	228.87	250.392	56.5565	2.7597	1.02069	0.718838	7.6929	43.7844	19.1372	94.3691	1	1	1	1	1	0	0	0
14.08.2015 14:29:48.289000	0.14	0.145853	0.152101	127.948	-665.56	29.0972	6	3	3	3	219.331	260.541	56.6291	2.9677	1.22869	0.722713	7.70703	43.8934	19.1076	94.8998	1	1	1	1	1	0	0	0
14.08.2015 14:29:48.389000	0.14	0.145853	0.152101	127.945	-665.563	29.101	6	3	3	3	249.144	272.29	56.7102	3.32009	1.58108	0.727261	7.73711	43.7565	19.0402	94.6337	1	1	1	1	1	0	0	0
14.08.2015 14:29:48.489000	0.14	0.145853	0.152101	127.948	-665.563	29.1037	6	3	3	3	268.463	285.639	56.8008	3.73358	1.99457	0.727261	7.71153	43.5798	18.9258	94.3953	1	1	1	1	1	0	0	0
14.08.2015 14:29:48.589000	0.14	0.145853	0.152101	127.945	-665.563	29.1059	6	3	3	3	312.792	300.588	56.9027	4.16276	2.42375	0.848906	7.6728	43.3876	18.7633	94.2815	1	1	1	1	1	0	0	0
14.08.2015 14:29:48.689000	0.14	0.145853	0.152101	127.953	-665.563	29.1041	6	3	3	3	317.219	317.136	57.0107	4.5391	2.80009	0.90104	7.61062	43.252	18.5588	94.5453	1	1	1	1	1	0	0	0
14.08.2015 14:29:48.789000	0.14	0.145853	0.152101	127.949	-665.555	29.1048	6	3	3	3	362.562	335.284	57.131	4.89564	3.15663	1.01107	7.61136	42.8679	18.3107	94.0249	1	1	1	1	1	0	0	0
14.08.2015 14:29:48.889000	0.14	0.145853	0.152101	127.951	-665.563	29.1073	6	3	3	3	385.447	355.031	57.2534	5.22035	3.48134	1.12559	7.57308	42.6678	18.0538	94.242	1	1	1	1	1	0	0	0
14.08.2015 14:29:48.989000	0.14	0.145853	0.152101	127.949	-665.559	29.1075	6	3	3	3	362.939	376.378	57.3882	5.56068	3.82167	1.22239	7.52969	42.317	17.7778	93.9557	1	1	1	1	1	0	0	0
14.08.2015 14:29:49.089000	0.14	0.145853	0.152101	127.945	-665.563	29.1102	6	3	3	3	368.401	399.323	57.526	5.9872	4.24819	1.29541	7.49877	42.0382	17.493	93.9788	1	1	1	1	1	0	0	0
14.08.2015 14:29:49.189000	0.14	0.145853	0.152101	127.949	-665.559	29.1135	6	3	3	3	361.057	423.868	57.6762	6.58467	4.84566	1.41488	7.55612	41.7201	17.1654	94.0148	1	1	1	1	1	0	0	0
14.08.2015 14:29:49.289000	0.14	0.145853	0.152101	127.951	-665.563	29.1124	6	3	3	3	319.287	450.014	57.8384	7.41781	5.6788	1.48157	7.55456	41.2694	16.805	93.6694	1	1	1	1	1	0	0	0
14.08.2015 14:29:49.389000	0.14	0.145853	0.152101	127.953	-665.563	29.1113	6	3	3	3	474.434	477.759	58.0249	8.53127	6.79226	1.59817	7.56118	40.7183	16.2982	93.4997	1	1	1	1	1	0	0	0
14.08.2015 14:29:49.489000	0.14	0.145853	0.152101	127.951	-665.56	29.111	6	3	3	3	422.893	507.102	58.2373	9.62495	7.88594	1.95831	7.45917	40.2087	15.732	93.7164	1	1	1	1	1	0	0	0
14.08.2015 14:29:49.589000	0.14	0.145853	0.152101	127.953	-665.563	29.1081	6	3	3	3	478.728	538.045	58.4736	10.8201	9.08107	2.25638	7.46424	39.7259	15.1557	94.0742	1	1	1	1	1	0	0	0
14.08.2015 14:29:49.689000	0.14	0.145853	0.152101	127.948	-665.557	29.1073	6	3	3	3	469.183	570.588	58.7332	12.1119	10.3729	2.50041	7.42143	39.1128	14.6123	93.8078	1	1	1	1	1	0	0	0
14.08.2015 14:29:49.789000	0.14	0.145853	0.152101	127.953	-665.559	29.1048	6	3	3	3	512.225	604.728	59.0212	13.5279	11.7889	2.76629	7.41591	38.4798	14.1184	93.2747	1	1	1	1	1	0	0	0
14.08.2015 14:29:49.889000	0.14	0.145853	0.152101	127.951	-665.563	29.1037	6	3	3	3	532.304	640.469	59.3371	15.0662	13.3272	3.06843	7.3978	38.0654	13.7491	93.1022	1	1	1	1	1	0	0	0
14.08.2015 14:29:49.989000	0.14	0.145853	0.152101	127.949	-665.563	29.1016	6	3	3	3	545.993	677.811	59.6798	16.7814	15.0424	3.36453	7.35838	37.6836	13.4004	92.9756	1	1	1	1	1	0	0	0
14.08.2015 14:29:50.089000	0.14	0.145853	0.152101	127.948	-665.56	29.1005	6	3	3	3	556.563	716.75	60.0583	18.6897	16.9507	3.72636	7.38181	37.2264	13.1715	92.1013	1	1	1	1	1	0	0	0
14.08.2015 14:29:50.189000	0.14	0.145853	0.152101	127.949	-665.559	29.0983	6	3	3	3	620.696	757.289	60.4722	20.7727	19.0337	4.09656	7.41402	37.3445	13.1086	92.7947	1	1	1	1	1	0	0	0
14.08.2015 14:29:50.289000	0.14	0.145853	0.152101	127.948	-665.557	29.0983	6	3	3	3	667.602	799.429	60.9189	22.9296	21.1906	4.4459	7.40897	37.4739	13.2711	92.6675	1	1	1	1	1	0	0	0
14.08.2015 14:29:50.389000	0.14	0.145853	0.152101	127.945	-665.559	29.0967	6	3	3	3	709.7	836.743	61.4034	25.2258	23.2381	4.85878	7.44659	37.7092	13.5246	92.5981	1	1	1	1	1	0.01	0	0.01
14.08.2015 14:29:50.489000	0.14	0.145853	0.152101	127.948	-665.563	29.0983	6	3	3	3	972.63	223	62.1187	26.6113	0	17.8038	7.37639	52.672	15.6677	141.682	1	1	1	1	1	1	0	1
14.08.2015 14:29:50.589000	0.14	0.145853	0.152101	127.945	-665.559	29.1005	6	3	3	3	1863.6	223	65.8294	26.6113	0	83.8547	6.6401	102.272	8.90982	357.464	1	1	1	1	1	1	0.78	1
14.08.2015 14:29:50.689000	0.14	0.145853	0.152101	127.932	-665.555	29.103	6	3	3	3	29.8574	223	66.0871	26.6113	0	83.8535	4.29777	108.473	0.586993	413.075	1	1	1	1	1	1	1	1
14.08.2015 14:29:50.789000	0.14	0.145853	0.152101	127.914	-665.617	26.696	6	3	3	3	4.76168	223	66.107	26.6113	0	83.8535	2.90091	127.151	0.456984	485.086	1	1	1	1	1	1	1	1
14.08.2015 14:29:50.889000	0.14	0.145853	0.152101	127.914	-665.648	21.5574	6	3	3	3	0.815496	223	66.107	26.6113	0	83.8535	2.03708	142.265	0.450453	542.981	1	1	1	1	1	1	1	1
14.08.2015 14:29:50.989000	0.14	0.145853	0.152101	127.914	-665.645	17.1305	6	3	3	3	0.46207	223	66.107	26.6113	0	83.8535	1.43866	147.316	0.472915	562.235	1	1	1	1	1	1	1	1
14.08.2015 14:29:51.089000	0.14	0.145853	0.152101	127.914	-665.625	14.2054	6	3	3	3	0.465606	223	66.107	26.6113	0	83.8535	1.12315	148.269	0.425306	566.065	1	1	1	1	1	1	1	1
14.08.2015 14:29:51.189000	0.14	0.145853	0.152101	127.914	-665.641	10.2642	6	3	3	3	0.468173	223	66.107	26.6113	0	83.8535	0.940032	148.655	0.450514	567.444	1	1	1	1	1	1	1	1
14.08.2015 14:29:51.289000	0.14	0.145853	0.152101	127.917	-665.641	8.5489	6	3	3	3	0.468999	223	66.107	26.6113	0	83.8535	0.792245	148.693	0.437208	567.643	1	1	1	1	1	1	1	1
14.08.2015 14:29:51.389000	0.14	0.145853	0.152101	127.914	-665.637	6.99327	6	3	3	3	0.470271	223	66.107	26.6113	0	83.8535	0.669141	148.691	0.454299	567.568	1	1	1	1	1	1	1	1
14.08.2015 14:29:51.489000	0.14	0.145853	0.152101	127.922	-665.635	6.0489	6	3	3	3	0.469319	223	66.107	26.6113	0	83.8535	0.595804	148.696	0.459181	567.571	1	1	1	1	1	1	1	1
14.08.2015 14:29:51.589000	0.14	0.145853	0.152101	127.922	-665.637	4.76128	6	3	3	3	0.360385	223	66.107	26.6113	0	21.8387	0.541782	148.701	0.46205	567.576	1	1	1	1	1	1	1	1
14.08.2015 14:29:51.689000	0.14	0.145853	0.152101	127.922	-665.638	4.20826	6	3	3	3	0.239432	223	66.107	26.6113	0	0.049695	0.491536	148.713	0.465529	567.608	1	1	1	1	1	1	1	1
14.08.2015 14:29:51.789000	0.14	0.145853	0.152101	127.922	-665.633	3.44293	6	3	3	3	0.24734	223	66.107	26.6113	0	0.049695	0.445428	148.733	0.472793	567.659	1	1	1	1	1	1	1	1
14.08.2015 14:29:51.889000	0.14	0.145853	0.152101	127.922	-665.638	3.05013	6	3	3	3	0.250478	223	66.107	26.6113	0	0.049695	0.414786	148.752	0.477309	567.713	1	1	1	1	1	1	1	1
14.08.2015 14:29:51.989000	0.14	0.145853	0.152101	127.922	-665.641	2.00846	6	3	3	3	0.261721	223	66.107	26.6113	0	0.049695	0.391247	148.77	0.478652	567.779	1	1	1	1	1	1	1	1
14.08.2015 14:29:52.089000	0.14	0.145853	0.152101	127.922	-665.641	0.787037	6	3	3	3	0.262604	223	66.107	26.6113	0	0.049695	0.363845	148.802	0.495621	567.834	1	1	1	1	1	1	1	1
14.08.2015 14:29:52.189000	0.14	0.145853	0.152101	127.922	-665.641	0.154622	6	3	3	3	0.261784	223	66.107	26.6113	0	0.049695	0.344488	148.829	0.49733	567.933	1	1	1	1	1	1	1	1
14.08.2015 14:29:52.289000	0.14	0.145853	0.152101	127.922	-665.641	0.129485	6	3	3	3	0.247579	223	66.107	26.6113	0	0.049695	0.327329	148.858	0.50441	568.017	1	1	1	1	1	1	1	1
14.08.2015 14:29:52.389000	0.14	0.145853	0.152101	127.922	-665.641	0.105252	6	3	3	3	0.250978	223	66.107	26.6113	0	0.049695	0.314974	148.891	0.512528	568.11	1	1	1	1	1	1	1	1
14.08.2015 14:29:52.489000	0.14	0.145853	0.152101	127.922	-665.641	0.093316	6	3	3	3	0.256139	223	66.107	26.6113	0	0.049695	0.297164	148.927	0.522477	568.21	1	1	1	1	1	1	1	1
14.08.2015 14:29:52.589000	0.14	0.145853	0.152101	127.922	-665.641	0.0802951	6	3	3	3	0.246189	223	66.107	26.6113	0	0.0134176	0.287196	148.963	0.528947	568.323	1	1	1	1	1	1	1	1
14.08.2015 14:29:52.689000	0.14	0.145853	0.152101	127.922	-665.641	0.0651042	6	3	3	3	0.230517	223	66.107	26.6113	0	0	0.277242	149.003	0.539506	568.438	1	1	1	1	1	1	1	1
14.08.2015 14:29:52.789000	0.14	0.145853	0.152101	127.922	-665.641	0.0558811	6	3	3	3	0.241573	223	66.107	26.6113	0	0	0.26781	149.026	0.545976	568.501	1	1	1	1	1	1	1	1
14.08.2015 14:29:52.889000	0.14	0.145853	0.152101	127.922	-665.641	0.0462963	6	3	3	3	0.231972	223	66.107	26.6113	0	0	0.258724	149.079	0.555681	568.664	1	1	1	1	1	1	1	1
14.08.2015 14:29:52.989000	0.14	0.145853	0.152101	127.922	-665.641	0.039605	6	3	3	3	0.238959	223	66.107	26.6113	0	0	0.25055	149.166	0.562822	568.972	1	1	1	1	1	1	1	1
14.08.2015 14:29:53.089000	0.14	0.145853	0.152101	127.922	-665.641	0.0318287	6	3	3	3	0.252675	223	66.107	26.6113	0	0	0.245428	149.203	0.568316	569.091	1	1	1	1	1	1	1	1
14.08.2015 14:29:53.189000	0.14	0.145853	0.152101	127.922	-665.641	0.0276693	6	3	3	3	0.236212	223	66.107	26.6113	0	0	0.236979	149.24	0.596637	569.127	1	1	1	1	1	1	1	1
14.08.2015 14:29:53.289000	0.14	0.145853	0.152101	127.922	-665.641	0.0213397	6	3	3	3	0.206267	223	66.107	26.6113	0	0	0.23219	149.266	0.607135	569.186	1	1	1	1	1	1	1	1
14.08.2015 14:29:53.389000	0.14	0.145853	0.152101	127.926	-665.641	0.016276	6	3	3	3	0.249555	223	66.107	26.6113	0	0	0.225666	149.29	0.626301	569.205	1	1	1	1	1	1	1	1
14.08.2015 14:29:53.489000	0.14	0.145853	0.152101	127.922	-665.641	0.0108507	6	3	3	3	0.254601	223	66.107	26.6113	0	0	0.222627	149.312	0.649434	569.2	1	1	1	1	1	1	1	1
14.08.2015 14:29:53.589000	0.14	0.145853	0.152101	127.922	-665.641	0.00868056	6	3	3	3	0.245278	223	66.107	10.3784	0	0	0.217535	149.33	0.668905	569.195	1	1	1	1	1	1	1	0.39
14.08.2015 14:29:53.689000	0.14	0.145853	0.152101	127.922	-665.641	0.00687211	6	3	3	3	0.229746	223	66.107	0	0	0	0.21127	149.426	0.699911	569.443	1	1	1	1	1	1	1	0
14.08.2015 14:29:53.789000	0.14	0.145853	0.152101	127.922	-665.641	0.00596788	6	3	3	3	0.225407	223	66.107	0	0	0	0.210185	149.253	0.668722	568.898	1	1	1	1	1	1	1	0
14.08.2015 14:29:53.889000	0.14	0.145853	0.152101	127.917	-665.641	0.00217014	6	3	3	3	0.234974	223	66.107	0	0	0	0.204499	149.117	0.668905	568.379	1	1	1	1	1	1	1	0
14.08.2015 14:29:53.989000	0.14	0.145853	0.152101	127.887	-665.648	0.0016276	6	3	3	3	0.239031	223	66.107	0	0	0	0.203545	149.106	0.648762	568.412	1	1	1	1	1	1	1	0
14.08.2015 14:29:54.089000	0.14	0.145853	0.152101	127.854	-665.648	0.00108507	6	3	3	3	0.24731	223	66.107	0	0	0	0.196224	149.087	0.653157	568.325	1	1	1	1	1	1	1	0
14.08.2015 14:29:54.189000	0.14	0.145853	0.152101	127.852	-665.645	0.000542535	6	3	3	3	0.23915	223	66.107	0	0	0	0.197786	149.057	0.649373	568.225	1	1	1	1	1	1	1	0
14.08.2015 14:29:54.289000	0.14	0.145853	0.152101	127.852	-665.643	-0.00072338	6	3	3	3	0.238732	223	66.107	0	0	0	0.193229	149.031	0.651082	568.118	1	1	1	1	1	1	1	0
14.08.2015 14:29:54.389000	0.14	0.145853	0.152101	127.855	-665.641	-0.000542535	6	3	3	3	0.253199	223	66.107	0	0	0	0.190929	149.007	0.655721	568.008	1	1	1	1	1	1	1	0
14.08.2015 14:29:54.489000	0.14	0.145853	0.152101	127.852	-665.641	-0.00144676	6	3	3	3	0.264044	223	66.107	0	0	0	0.18967	148.984	0.654866	567.922	1	1	1	1	1	1	1	0
14.08.2015 14:29:54.589000	0.14	0.145853	0.152101	127.852	-665.641	0.000542535	6	3	3	3	0.247771	223	66.107	0	0	0	0.191233	148.959	0.659078	567.809	1	1	1	1	1	1	1	0
14.08.2015 14:29:54.689000	0.14	0.145853	0.152101	127.852	-665.641	0	6	3	3	3	0.245901	223	66.107	0	0	0	0.194661	148.931	0.663717	567.686	1	1	1	1	1	1	1	0
14.08.2015 14:29:54.789000	0.14	0.145853	0.152101	127.852	-665.641	-0.00108507	6	3	3	3	0.248839	223	66.107	0	0	0	0.194039	148.907	0.660787	567.605	1	1	1	1	1	1	1	0
14.08.2015 14:29:54.889000	0.14	0.145853	0.152101	127.852	-665.641	-0.00036169	6	3	3	3	0.239386	223	66.107	0	0	0	0.2011	148.883	0.665609	567.497	1	1	1	1	1	1	1	0
14.08.2015 14:29:54.989000	0.14	0.145853	0.152101	127.852	-665.641	-0.00271267	6	3	3	3	0.245036	223	66.107	0	0	0	0.204239	148.862	0.663961	567.42	1	1	1	1	1	1	1	0
14.08.2015 14:29:55.089000	0.14	0.145853	0.152101	127.857	-665.641	-0.00434028	6	3	3	3	0.247391	223	66.107	0	0	0	0.211863	148.836	0.665853	567.315	1	1	1	1	1	1	1	0
14.08.2015 14:29:55.189000	0.14	0.145853	0.152101	127.852	-665.641	-0.00542535	6	3	3	3	0.248187	223	66.107	0	0	0	0.213079	148.809	0.668538	567.202	1	1	1	1	1	1	1	0
14.08.2015 14:29:55.289000	0.14	0.145853	0.152101	127.854	-665.641	-0.00578704	6	3	3	3	0.235539	223	66.107	0	0	0	0.220414	148.788	0.669149	567.118	1	1	1	1	1	1	1	0
14.08.2015 14:29:55.389000	0.14	0.145853	0.152101	127.852	-665.641	-0.00651042	6	3	3	3	0.251661	223	66.107	0	0	0	0.223365	148.764	0.668538	567.028	1	1	1	1	1	1	1	0
14.08.2015 14:29:55.489000	0.14	0.145853	0.152101	127.854	-665.641	-0.00651042	6	3	3	3	0.240558	223	66.107	0	0	0	0.228877	148.742	0.667257	566.948	1	1	1	1	1	1	1	0
14.08.2015 14:29:55.589000	0.14	0.145853	0.152101	127.859	-665.641	-0.00434028	6	3	3	3	0.215841	223	66.107	0	0	0	0.230758	148.718	0.669515	566.846	1	1	1	1	1	1	1	0
14.08.2015 14:29:55.689000	0.14	0.145853	0.152101	127.854	-665.641	-0.0036169	6	3	3	3	0.229673	223	66.107	0	0	0	0.23656	148.693	0.668905	566.753	1	1	1	1	1	1	1	0
14.08.2015 14:29:55.789000	0.14	0.145853	0.152101	127.859	-665.582	-0.00108507	6	3	3	3	0.246028	223	66.107	0	0	0	0.240148	148.673	0.679159	566.648	1	1	1	1	1	1	1	0
14.08.2015 14:29:55.889000	0.14	0.145853	0.152101	127.857	-664.224	-0.00072338	6	3	3	3	0.232611	223	66.107	0	0	0	0.243056	148.65	0.67684	566.559	1	1	1	1	1	1	1	0
14.08.2015 14:29:55.989000	0.14	0.145853	0.152101	127.852	-657.609	-0.00108507	6	3	3	3	0.230142	223	66.107	0	0	0	0.245486	148.627	0.668661	566.504	1	1	1	1	1	1	1	0
14.08.2015 14:29:56.089000	0.14	0.145853	0.152101	127.852	-638.182	0.00036169	6	3	3	3	0.2212	223	66.107	0	0	0	0.249002	148.605	0.669881	566.415	1	1	1	1	1	1	1	0
14.08.2015 14:29:56.189000	0.14	0.145853	0.152101	127.855	-615.285	0.000542535	6	3	3	3	0.237978	223	66.107	0	0	0	0.251649	148.578	0.66158	566.344	1	1	1	1	1	1	1	0
14.08.2015 14:29:56.289000	0.14	0.145853	0.152101	127.852	-579.06	0.00036169	6	3	3	3	0.233834	223	66.107	0	0	0	0.252619	148.564	0.672262	566.246	1	1	1	1	1	1	1	0
14.08.2015 14:29:56.389000	0.14	0.145853	0.152101	127.859	-548.395	0.00108507	6	3	3	3	0.235343	223	66.107	0	0	0	0.255584	148.535	0.673941	566.135	1	1	1	1	1	1	1	0
14.08.2015 14:29:56.489000	0.14	0.145853	0.152101	127.852	-513.362	0.00108507	6	3	3	3	0.253138	223	66.107	0	0	0	0.257299	148.52	0.675753	566.071	1	1	1	1	1	1	1	0
14.08.2015 14:29:56.589000	0.14	0.145853	0.152101	127.852	-465.707	0.00108507	6	3	3	3	0.251721	223	66.107	0	0	0	0.26046	148.498	0.675497	565.981	1	1	1	1	1	1	1	0
14.08.2015 14:29:56.689000	0.14	0.145853	0.152101	127.852	-415.026	0.00108507	6	3	3	3	0.249259	223	66.107	0	0	0	0.260916	148.477	0.677206	565.894	1	1	1	1	1	1	1	0
14.08.2015 14:29:56.789000	0.14	0.145853	0.152101	127.852	-372.465	0.0016276	6	3	3	3	0.256747	223	66.107	0	0	0	0.263744	148.472	0.678365	565.872	1	1	1	1	1	1	1	0
14.08.2015 14:29:56.889000	0.14	0.145853	0.152101	127.846	-329.75	0.00144676	6	3	3	3	0.258818	223	66.107	0	0	0	0.26412	148.437	0.676168	565.746	1	1	1	1	1	1	1	0
14.08.2015 14:29:56.989000	0.14	0.145853	0.152101	127.844	-270.43	0.00108507	6	3	3	3	0.255067	223	66.107	0	0	0	0.264858	148.42	0.678793	565.671	1	1	1	1	1	1	1	0
14.08.2015 14:29:57.089000	0.14	0.145853	0.152101	127.852	-228.253	0.00072338	6	3	3	3	0.265811	223	66.107	0	0	0	0.265111	148.395	0.680074	565.571	1	1	1	1	1	1	1	0
14.08.2015 14:29:57.189000	0.14	0.145853	0.152101	127.848	-186.422	-0.0016276	6	3	3	3	0.265111	223	66.107	0	0	0	0.266182	148.373	0.681051	565.482	1	1	1	1	1	1	1	0
14.08.2015 14:29:57.289000	0.14	0.145853	0.152101	127.846	-144.539	0.00144676	6	3	3	3	0.261516	223	66.107	0	0	0	0.266392	148.355	0.677572	565.428	1	1	1	1	1	1	1	0
14.08.2015 14:29:57.389000	0.14	0.145853	0.152101	127.852	-85.7969	0.000542535	6	3	3	3	0.269586	223	66.107	0	0	0	0.265459	148.333	0.677633	565.342	1	1	1	1	1	1	1	0
14.08.2015 14:29:57.489000	0.14	0.145853	0.152101	127.852	-44.2005	0.00108507	6	3	3	3	0.242501	223	66.107	0	0	0	0.267115	148.31	0.679525	565.248	1	1	1	1	1	1	1	0
14.08.2015 14:29:57.589000	0.14	0.145853	0.152101	127.852	-2.71094	0.0016276	6	3	3	3	0.268693	223	66.107	0	0	0	0.266493	148.292	0.678732	565.18	1	1	1	1	1	1	1	0
14.08.2015 14:29:57.689000	0.14	0.145853	0.152101	127.852	44.8464	0.00036169	6	3	3	3	0.25892	223	66.107	0	0	0	0.26794	148.276	0.678426	565.122	1	1	1	1	1	1	1	0
14.08.2015 14:29:57.789000	0.14	0.145853	0.152101	127.852	97.2227	-0.00108507	6	3	3	3	0.259484	223	66.107	0	0	0	0.267093	148.255	0.679769	565.036	1	1	1	1	1	1	1	0
14.08.2015 14:29:57.889000	0.14	0.145853	0.152101	127.852	138.969	-0.00072338	6	3	3	3	0.254241	223	66.107	0	0	0	0.268953	148.235	0.677267	564.967	1	1	1	1	1	1	1	0
14.08.2015 14:29:57.989000	0.14	0.145853	0.152101	127.852	180.152	-0.00271267	6	3	3	3	0.26529	223	66.107	0	0	0	0.268707	148.214	0.679952	564.878	1	1	1	1	1	1	1	0
14.08.2015 14:29:58.089000	0.14	0.145853	0.152101	127.852	232.638	-0.00325521	6	3	3	3	0.253161	223	66.107	0	0	0	0.269032	148.195	0.679281	564.808	1	1	1	1	1	1	1	0
14.08.2015 14:29:58.189000	0.14	0.145853	0.152101	127.852	279.414	-0.00434028	6	3	3	3	0.258557	223	66.107	0	0	0	0.269184	148.177	0.680807	564.732	1	1	1	1	1	1	1	0
14.08.2015 14:29:58.289000	0.14	0.145853	0.152101	127.852	320.898	-0.00434028	6	3	3	3	0.252877	223	66.107	0	0	0	0.269466	148.156	0.682272	564.649	1	1	1	1	1	1	1	0
14.08.2015 14:29:58.389000	0.14	0.145853	0.152101	127.855	362.23	-0.00434028	6	3	3	3	0.282166	223	66.107	0	0	0	0.269864	148.138	0.684774	564.567	1	1	1	1	1	1	1	0
14.08.2015 14:29:58.489000	0.14	0.145853	0.152101	127.854	419.917	-0.00614873	6	3	3	3	0.258581	223	66.107	0	0	0	0.268909	148.123	0.683737	564.514	1	1	1	1	1	1	1	0
14.08.2015 14:29:58.589000	0.14	0.145853	0.152101	127.852	461.344	-0.00651042	6	3	3	3	0.24586	223	66.107	0	0	0	0.270175	148.101	0.683248	564.434	1	1	1	1	1	1	1	0
14.08.2015 14:29:58.689000	0.14	0.145853	0.152101	127.857	502.474	-0.00470197	6	3	3	3	0.254785	223	66.107	0	0	0	0.269799	148.081	0.684652	564.351	1	1	1	1	1	1	1	0
14.08.2015 14:29:58.789000	0.14	0.145853	0.152101	127.859	551.797	-0.00488281	6	3	3	3	0.266683	223	66.107	0	0	0	0.270378	148.063	0.683248	564.289	1	1	1	1	1	1	1	0
14.08.2015 14:29:58.889000	0.14	0.145853	0.152101	127.852	593.305	-0.0036169	6	3	3	3	0.252644	223	66.107	0	0	0	0.268808	148.043	0.683676	564.21	1	1	1	1	1	1	1	0
14.08.2015 14:29:58.989000	0.14	0.145853	0.152101	127.855	621.5	-0.0016276	6	3	3	3	0.259302	223	66.107	0	0	0	0.269965	148.025	0.682516	564.143	1	1	1	1	1	1	1	0
14.08.2015 14:29:59.089000	0.14	0.145853	0.152101	127.854	644.313	-0.00108507	6	3	3	3	0.267398	223	66.107	0	0	0	0.26943	148.004	0.680929	564.071	1	1	1	1	1	1	1	0
14.08.2015 14:29:59.189000	0.14	0.145853	0.152101	127.852	666.914	-0.00108507	6	3	3	3	0.255376	223	66.107	0	0	0	0.269922	147.987	0.685324	563.988	1	1	1	1	1	1	1	0
14.08.2015 14:29:59.289000	0.14	0.145853	0.152101	127.854	673.549	-0.00108507	6	3	3	3	0.258909	223	66.107	0	0	0	0.26943	147.971	0.685751	563.924	1	1	1	1	1	1	1	0
14.08.2015 14:29:59.389000	0.14	0.145853	0.152101	127.855	675.594	-0.000542535	6	3	3	3	0.231409	223	66.107	0	0	0	0.270501	147.952	0.684286	563.86	1	1	1	1	1	1	1	0
14.08.2015 14:29:59.489000	0.14	0.145853	0.152101	127.857	676.729	0.00253183	6	3	3	3	0.242652	223	66.107	0	0	0	0.270009	147.935	0.684652	563.79	1	1	1	1	1	1	1	0
14.08.2015 14:29:59.589000	0.14	0.145853	0.152101	127.855	676.742	-0.00108507	6	3	3	3	0.259095	223	66.107	0	0	0	0.269054	147.914	0.683737	563.717	1	1	1	1	1	1	1	0
14.08.2015 14:29:59.689000	0.14	0.145853	0.152101	127.854	676.742	-0.00144676	6	3	3	3	0.268467	223	66.107	0	0	0	0.269886	147.932	0.683859	563.782	1	1	1	1	1	1	1	0
14.08.2015 14:29:59.789000	0.14	0.145853	0.152101	127.852	676.727	-0.00379774	6	3	3	3	0.25153	223	66.107	0	0	0	0.269777	147.957	0.683187	563.881	1	1	1	1	1	1	1	0
14.08.2015 14:29:59.889000	0.14	0.145853	0.152101	127.839	676.75	-0.00434028	6	3	3	3	0.271965	223	66.107	0	0	0	0.270566	147.835	0.684347	563.409	1	1	1	1	1	1	1	0
14.08.2015 14:29:59.989000	0.14	0.145853	0.152101	127.824	676.781	-0.00325521	6	3	3	3	0.252895	223	66.107	0	0	0	0.268786	147.842	0.682333	563.446	1	1	1	1	1	1	1	0
14.08.2015 14:30:00.089000	0.14	0.145853	0.152101	127.828	676.768	-0.00325521	6	3	3	3	0.254823	223	66.107	0	0	0	0.270566	147.836	0.685507	563.411	1	1	1	1	1	1	1	0
14.08.2015 14:30:00.189000	0.14	0.145853	0.152101	127.828	676.746	-0.0016276	6	3	3	3	0.246372	223	66.107	0	0	0	0.269698	147.821	0.685873	563.352	1	1	1	1	1	1	1	0
14.08.2015 14:30:00.289000	0.14	0.145853	0.152101	127.831	676.745	-0.00180845	6	3	3	3	0.245691	223	66.107	0	0	0	0.270645	147.8	0.685873	563.27	1	1	1	1	1	1	1	0
14.08.2015 14:30:00.389000	0.14	0.145853	0.152101	127.832	676.746	-0.00217014	6	3	3	3	0.267895	223	66.107	0	0	0	0.270153	147.783	0.689169	563.193	1	1	1	1	1	1	1	0
14.08.2015 14:30:00.489000	0.14	0.145853	0.152101	127.833	676.742	-0.00036169	6	3	3	3	0.26002	223	66.107	0	0	0	0.27139	147.765	0.686361	563.133	1	1	1	1	1	1	1	0
14.08.2015 14:30:00.589000	0.14	0.145853	0.152101	127.836	676.742	-0.000542535	6	3	3	3	0.252844	223	66.107	0	0	0	0.271766	147.749	0.684835	563.079	1	1	1	1	1	1	1	0
14.08.2015 14:30:00.689000	0.14	0.145853	0.152101	127.836	676.742	-0.00108507	6	3	3	3	0.239761	223	66.107	0	0	0	0.271926	147.729	0.686972	562.996	1	1	1	1	1	1	1	0
14.08.2015 14:30:00.789000	0.14	0.145853	0.152101	127.832	676.742	-0.00108507	6	3	3	3	0.260027	223	66.107	0	0	0	0.271766	147.713	0.687399	562.932	1	1	1	1	1	1	1	0
14.08.2015 14:30:00.889000	0.14	0.145853	0.152101	127.836	676.742	-0.00108507	6	3	3	3	0.243866	223	66.107	0	0	0	0.271926	147.7	0.688925	562.875	1	1	1	1	1	1	1	0
14.08.2015 14:30:00.989000	0.14	0.145853	0.152101	127.836	676.742	-0.00108507	6	3	3	3	0.261582	223	66.107	0	0	0	0.271434	147.683	0.690817	562.802	1	1	1	1	1	1	1	0
14.08.2015 14:30:01.089000	0.14	0.145853	0.152101	127.836	676.742	-0.00180845	6	3	3	3	0.249853	223	66.107	0	0	0	0.270522	147.662	0.693625	562.711	1	1	1	1	1	1	1	0
14.08.2015 14:30:01.189000	0.14	0.145853	0.152101	127.836	676.742	-0.00325521	6	3	3	3	0.257675	223	66.107	0	0	0	0.272034	147.646	0.692404	562.655	1	1	1	1	1	1	1	0
14.08.2015 14:30:01.289000	0.14	0.145853	0.152101	127.836	676.742	-0.00144676	6	3	3	3	0.264629	223	66.107	0	0	0	0.271412	147.632	0.694357	562.594	1	1	1	1	1	1	1	0
14.08.2015 14:30:01.389000	0.14	0.145853	0.152101	127.84	676.742	-0.00325521	6	3	3	3	0.250994	223	66.107	0	0	0	0.271947	147.61	0.688559	562.534	1	1	1	1	1	1	1	0
14.08.2015 14:30:01.489000	0.14	0.145853	0.152101	127.836	676.742	-0.00253183	6	3	3	3	0.253071	223	66.107	0	0	0	0.27071	147.595	0.690023	562.47	1	1	1	1	1	1	1	0
14.08.2015 14:30:01.589000	0.14	0.145853	0.152101	127.836	676.742	-0.00325521	6	3	3	3	0.264046	223	66.107	0	0	0	0.272092	147.58	0.69216	562.403	1	1	1	1	1	1	1	0
14.08.2015 14:30:01.689000	0.14	0.145853	0.152101	127.839	676.742	-0.00397859	6	3	3	3	0.251841	223	66.107	0	0	0	0.270898	147.562	0.689291	562.347	1	1	1	1	1	1	1	0
14.08.2015 14:30:01.789000	0.14	0.145853	0.152101	127.836	676.742	-0.00434028	6	3	3	3	0.261222	223	66.107	0	0	0	0.271347	147.547	0.690512	562.283	1	1	1	1	1	1	1	0
14.08.2015 14:30:01.889000	0.14	0.145853	0.152101	127.836	676.742	-0.00578704	6	3	3	3	0.250351	223	66.107	0	0	0	0.270443	147.529	0.692099	562.208	1	1	1	1	1	1	1	0
14.08.2015 14:30:01.989000	0.14	0.145853	0.152101	127.836	676.746	-0.00651042	6	3	3	3	0.247697	223	66.107	0	0	0	0.270667	147.512	0.693503	562.137	1	1	1	1	1	1	1	0
14.08.2015 14:30:02.089000	0.14	0.145853	0.152101	127.836	676.745	-0.00506366	6	3	3	3	0.251295	223	66.107	0	0	0	0.271289	147.495	0.694113	562.072	1	1	1	1	1	1	1	0
14.08.2015 14:30:02.189000	0.14	0.145853	0.152101	127.836	676.75	-0.00488281	6	3	3	3	0.25739	223	66.107	0	0	0	0.270088	147.477	0.693319	562.006	1	1	1	1	1	1	1	0
14.08.2015 14:30:02.289000	0.14	0.145853	0.152101	127.836	676.75	-0.00434028	6	3	3	3	0.250423	223	66.107	0	0	0	0.271166	147.459	0.689413	561.952	1	1	1	1	1	1	1	0
14.08.2015 14:30:02.389000	0.14	0.145853	0.152101	127.836	676.758	-0.00488281	6	3	3	3	0.255869	223	66.107	0	0	0	0.270833	147.442	0.691183	561.878	1	1	1	1	1	1	1	0
14.08.2015 14:30:02.489000	0.14	0.145853	0.152101	127.836	676.75	-0.00506366	6	3	3	3	0.251393	223	66.107	0	0	0	0.271947	147.431	0.694906	561.821	1	1	1	1	1	1	1	0
14.08.2015 14:30:02.589000	0.14	0.145853	0.152101	127.836	676.75	-0.00542535	6	3	3	3	0.255263	223	66.107	0	0	0	0.270587	147.416	0.694723	561.768	1	1	1	1	1	1	1	0
14.08.2015 14:30:02.689000	0.14	0.145853	0.152101	127.836	676.75	-0.00687211	6	3	3	3	0.25311	223	66.107	0	0	0	0.272114	147.398	0.698141	561.684	1	1	1	1	1	1	1	0
14.08.2015 14:30:02.789000	0.14	0.145853	0.152101	127.836	676.75	-0.00868056	6	3	3	3	0.253059	223	66.107	0	0	0	0.271889	147.386	0.696127	561.647	1	1	1	1	1	1	1	0
14.08.2015 14:30:02.889000	0.14	0.145853	0.152101	127.833	676.76	-0.0108507	6	3	3	3	0.257697	223	66.107	0	0	0	0.271636	147.368	0.697043	561.572	1	1	1	1	1	1	1	0
14.08.2015 14:30:02.989000	0.14	0.145853	0.152101	127.84	676.766	-0.00976563	6	3	3	3	0.264232	223	66.107	0	0	0	0.271188	147.349	0.696066	561.505	1	1	1	1	1	1	1	0
14.08.2015 14:30:03.089000	0.14	0.145853	0.152101	127.836	676.766	-0.00831887	6	3	3	3	0.251504	223	66.107	0	0	0	0.271926	147.335	0.699973	561.437	1	1	1	1	1	1	1	0
14.08.2015 14:30:03.189000	0.14	0.145853	0.152101	127.836	676.766	-0.00705295	6	3	3	3	0.273784	223	66.107	0	0	0	0.272034	147.319	0.699973	561.377	1	1	1	1	1	1	1	0
14.08.2015 14:30:03.289000	0.14	0.145853	0.152101	127.836	676.766	-0.0036169	6	3	3	3	0.267192	223	66.107	0	0	0	0.271369	147.303	0.702658	561.302	1	1	1	1	1	1	1	0
14.08.2015 14:30:03.389000	0.14	0.145853	0.152101	127.84	676.766	-0.00325521	6	3	3	3	0.272247	223	66.107	0	0	0	0.272034	147.285	0.704917	561.228	1	1	1	1	1	1	1	0
14.08.2015 14:30:03.489000	0.14	0.145853	0.152101	127.836	676.766	-0.00253183	6	3	3	3	0.276694	223	66.107	0	0	0	0.271246	147.269	0.704672	561.166	1	1	1	1	1	1	1	0
14.08.2015 14:30:03.589000	0.14	0.145853	0.152101	127.836	676.766	-0.00325521	6	3	3	3	0.250389	223	66.107	0	0	0	0.271824	147.253	0.705161	561.103	1	1	1	1	1	1	1	0
14.08.2015 14:30:03.689000	0.14	0.145853	0.152101	127.836	676.766	-0.00397859	6	3	3	3	0.266521	223	66.107	0	0	0	0.27071	147.237	0.70394	561.046	1	1	1	1	1	1	1	0
14.08.2015 14:30:03.789000	0.14	0.145853	0.152101	127.832	676.766	-0.00434028	6	3	3	3	0.253139	223	66.107	0	0	0	0.272092	147.22	0.700766	560.993	1	1	1	1	1	1	1	0
14.08.2015 14:30:03.889000	0.14	0.145853	0.152101	127.836	676.758	-0.00180845	6	3	3	3	0.257836	223	66.107	0	0	0	0.270898	147.204	0.704245	560.917	1	1	1	1	1	1	1	0
14.08.2015 14:30:03.989000	0.14	0.145853	0.152101	127.836	676.746	0	6	3	3	3	0.254916	223	66.107	0	0	0	0.271636	147.186	0.703207	560.852	1	1	1	1	1	1	1	0
14.08.2015 14:30:04.089000	0.14	0.145853	0.152101	127.836	676.766	0.00072338	6	3	3	3	0.272902	223	66.107	0	0	0	0.270153	147.17	0.69686	560.816	1	1	1	1	1	1	1	0
14.08.2015 14:30:04.189000	0.14	0.145853	0.152101	127.836	676.758	0.000542535	6	3	3	3	0.272593	223	66.107	0	0	0	0.270645	147.158	0.701071	560.755	1	1	1	1	1	1	1	0
14.08.2015 14:30:04.289000	0.14	0.145853	0.152101	127.836	676.742	0.00144676	6	3	3	3	0.286222	223	66.107	0	0	0	0.270732	147.145	0.700278	560.706	1	1	1	1	1	1	1	0
14.08.2015 14:30:04.389000	0.14	0.145853	0.152101	127.844	676.754	0.000542535	6	3	3	3	0.266073	223	66.107	0	0	0	0.269466	147.134	0.702109	560.659	1	1	1	1	1	1	1	0
14.08.2015 14:30:04.489000	0.14	0.145853	0.152101	127.836	676.831	-0.00144676	6	3	3	3	0.270866	223	66.107	0	0	0	0.269719	147.12	0.703574	560.601	1	1	1	1	1	1	1	0
14.08.2015 14:30:04.589000	0.14	0.145853	0.152101	127.84	676.789	-0.00108507	6	3	3	3	0.259685	223	66.107	0	0	0	0.269076	147.106	0.70455	560.541	1	1	1	1	1	1	1	0
14.08.2015 14:30:04.689000	0.14	0.145853	0.152101	127.841	676.768	-0.00072338	6	3	3	3	0.2661	223	66.107	0	0	0	0.269654	147.09	0.702963	560.485	1	1	1	1	1	1	1	0
14.08.2015 14:30:04.789000	0.14	0.145853	0.152101	127.844	676.906	-0.00325521	6	3	3	3	0.258244	223	66.107	0	0	0	0.268497	147.074	0.701743	560.43	1	1	1	1	1	1	1	0
14.08.2015 14:30:04.889000	0.14	0.145853	0.152101	127.844	676.862	-0.00217014	6	3	3	3	0.253936	223	66.107	0	0	0	0.269119	147.063	0.70278	560.385	1	1	1	1	1	1	1	0
14.08.2015 14:30:04.989000	0.14	0.145853	0.152101	127.844	676.82	-0.00108507	6	3	3	3	0.259707	223	66.107	0	0	0	0.26765	147.048	0.704306	560.32	1	1	1	1	1	1	1	0
14.08.2015 14:30:05.089000	0.14	0.145853	0.152101	127.844	676.802	-0.00180845	6	3	3	3	0.270096	223	66.107	0	0	0	0.268309	147.033	0.703207	560.267	1	1	1	1	1	1	1	0
14.08.2015 14:30:05.189000	0.14	0.145853	0.152101	127.844	676.781	-0.00271267	6	3	3	3	0.26774	223	66.107	0	0	0	0.26726	147.015	0.703818	560.196	1	1	1	1	1	1	1	0
14.08.2015 14:30:05.289000	0.14	0.145853	0.152101	127.844	676.781	-0.00325521	6	3	3	3	0.26277	223	66.107	0	0	0	0.267875	147.002	0.700217	560.159	1	1	1	1	1	1	1	0
14.08.2015 14:30:05.389000	0.14	0.145853	0.152101	127.844	676.762	-0.00325521	6	3	3	3	0.264979	223	66.107	0	0	0	0.267716	146.987	0.700278	560.102	1	1	1	1	1	1	1	0
14.08.2015 14:30:05.489000	0.14	0.145853	0.152101	127.844	676.74	-0.00180845	6	3	3	3	0.271898	223	66.107	0	0	0	0.267585	146.97	0.700827	560.037	1	1	1	1	1	1	1	0
14.08.2015 14:30:05.589000	0.14	0.145853	0.152101	127.844	676.742	-0.00108507	6	3	3	3	0.269911	223	66.107	0	0	0	0.268027	146.958	0.702048	559.985	1	1	1	1	1	1	1	0
14.08.2015 14:30:05.689000	0.14	0.145853	0.152101	127.844	676.729	-0.00180845	6	3	3	3	0.280381	223	66.107	0	0	0	0.268186	146.943	0.698691	559.94	1	1	1	1	1	1	1	0
14.08.2015 14:30:05.789000	0.14	0.145853	0.152101	127.844	676.73	0.00108507	6	3	3	3	0.255987	223	66.107	0	0	0	0.268519	146.928	0.700888	559.875	1	1	1	1	1	1	1	0
14.08.2015 14:30:05.889000	0.14	0.145853	0.152101	127.844	676.732	0.00036169	6	3	3	3	0.261911	223	66.107	0	0	0	0.267361	146.91	0.698325	559.817	1	1	1	1	1	1	1	0
14.08.2015 14:30:05.989000	0.14	0.145853	0.152101	127.844	676.727	0.00108507	6	3	3	3	0.27483	223	66.107	0	0	0	0.268519	146.899	0.69863	559.771	1	1	1	1	1	1	1	0
14.08.2015 14:30:06.089000	0.14	0.145853	0.152101	127.844	676.727	0.00072338	6	3	3	3	0.261232	223	66.107	0	0	0	0.267527	146.885	0.700888	559.71	1	1	1	1	1	1	1	0
14.08.2015 14:30:06.189000	0.14	0.145853	0.152101	127.844	676.727	-0.00108507	6	3	3	3	0.272157	223	66.107	0	0	0	0.26833	146.873	0.699789	559.666	1	1	1	1	1	1	1	0
14.08.2015 14:30:06.289000	0.14	0.145853	0.152101	127.849	676.727	-0.00253183	6	3	3	3	0.280514	223	66.107	0	0	0	0.26726	146.863	0.695944	559.644	1	1	1	1	1	1	1	0
14.08.2015 14:30:06.389000	0.14	0.145853	0.152101	127.844	676.711	-0.00488281	6	3	3	3	0.271227	223	66.107	0	0	0	0.268642	146.843	0.698447	559.558	1	1	1	1	1	1	1	0
14.08.2015 14:30:06.489000	0.14	0.145853	0.152101	127.844	676.703	-0.00542535	6	3	3	3	0.269954	223	66.107	0	0	0	0.268728	146.831	0.701437	559.502	1	1	1	1	1	1	1	0
14.08.2015 14:30:06.589000	0.14	0.145853	0.152101	127.844	676.703	-0.00596788	6	3	3	3	0.26445	223	66.107	0	0	0	0.268019	146.815	0.700095	559.445	1	1	1	1	1	1	1	0
14.08.2015 14:30:06.689000	0.14	0.145853	0.152101	127.844	676.703	-0.00434028	6	3	3	3	0.276462	223	66.107	0	0	0	0.268728	146.803	0.700461	559.397	1	1	1	1	1	1	1	0
14.08.2015 14:30:06.789000	0.14	0.145853	0.152101	127.844	676.703	-0.00488281	6	3	3	3	0.276169	223	66.107	0	0	0	0.268931	146.788	0.701437	559.338	1	1	1	1	1	1	1	0
14.08.2015 14:30:06.889000	0.14	0.145853	0.152101	127.844	676.701	-0.00434028	6	3	3	3	0.266173	223	66.107	0	0	0	0.269553	146.777	0.700898	559.299	1	1	1	1	1	1	1	0
14.08.2015 14:30:06.989000	0.14	0.145853	0.152101	127.844	676.688	-0.00434028	6	3	3	3	0.269188	223	66.107	0	0	0	0.268642	146.754	0.701848	559.211	1	1	1	1	1	1	1	0
14.08.2015 14:30:07.089000	0.14	0.145853	0.152101	127.844	676.69	-0.0036169	6	3	3	3	0.267085	223	66.107	0	0	0	0.270009	146.747	0.699728	559.19	1	1	1	1	1	1	1	0
14.08.2015 14:30:07.189000	0.14	0.145853	0.152101	127.844	676.68	-0.00325521	6	3	3	3	0.261031	223	66.107	0	0	0	0.269387	146.729	0.700705	559.114	1	1	1	1	1	1	1	0
14.08.2015 14:30:07.289000	0.14	0.145853	0.152101	127.844	676.68	-0.00180845	6	3	3	3	0.275638	223	66.107	0	0	0	0.27037	146.716	0.701437	559.061	1	1	1	1	1	1	1	0
14.08.2015 14:30:07.389000	0.14	0.145853	0.152101	127.844	676.68	-0.00108507	6	3	3	3	0.279174	223	66.107	0	0	0	0.26956	146.703	0.700983	559.011	1	1	1	1	1	1	1	0
14.08.2015 14:30:07.489000	0.14	0.145853	0.152101	127.844	676.68	-0.00072338	6	3	3	3	0.264727	223	66.107	0	0	0	0.270833	146.688	0.699423	558.965	1	1	1	1	1	1	1	0
14.08.2015 14:30:07.589000	0.14	0.145853	0.152101	127.844	676.672	-0.000542535	6	3	3	3	0.260347	223	66.107	0	0	0	0.270602	146.673	0.701682	558.897	1	1	1	1	1	1	1	0
14.08.2015 14:30:07.689000	0.14	0.145853	0.152101	127.844	676.669	-0.00397859	6	3	3	3	0.259811	223	66.107	0	0	0	0.270891	146.661	0.701498	558.85	1	1	1	1	1	1	1	0
14.08.2015 14:30:07.789000	0.14	0.145853	0.152101	127.844	676.664	-0.00434028	6	3	3	3	0.25993	223	66.107	0	0	0	0.270804	146.648	0.702658	558.797	1	1	1	1	1	1	1	0
14.08.2015 14:30:07.889000	0.14	0.145853	0.152101	127.844	676.659	-0.00434028	6	3	3	3	0.255838	223	66.107	0	0	0	0.271615	146.631	0.702414	558.732	1	1	1	1	1	1	1	0
14.08.2015 14:30:07.989000	0.14	0.145853	0.152101	127.848	676.664	-0.00488281	6	3	3	3	0.233607	223	66.107	0	0	0	0.27173	146.622	0.705161	558.685	1	1	1	1	1	1	1	0
14.08.2015 14:30:08.089000	0.14	0.145853	0.152101	127.846	676.664	-0.00180845	6	3	3	3	0.229329	223	66.107	0	0	0	0.270804	146.61	0.703574	558.647	1	1	1	1	1	1	1	0
14.08.2015 14:30:08.189000	0.14	0.145853	0.152101	127.844	676.656	-0.00108507	6	3	3	3	0.226622	223	66.107	0	0	0	0.27173	146.592	0.703085	558.581	1	1	1	1	1	1	1	0
14.08.2015 14:30:08.289000	0.14	0.145853	0.152101	127.844	676.68	-0.00108507	6	3	3	3	0.228965	223	66.107	0	0	0	0.270978	146.579	0.70455	558.522	1	1	1	1	1	1	1	0
14.08.2015 14:30:08.389000	0.14	0.145853	0.152101	127.844	676.68	0	6	3	3	3	0.228066	223	66.107	0	0	0	0.271817	146.569	0.702597	558.494	1	1	1	1	1	1	1	0
14.08.2015 14:30:08.489000	0.14	0.145853	0.152101	127.844	676.68	-0.00036169	6	3	3	3	0.224034	223	66.107	0	0	0	0.270718	146.555	0.702231	558.44	1	1	1	1	1	1	1	0
14.08.2015 14:30:08.589000	0.14	0.145853	0.152101	127.844	676.68	-0.0016276	6	3	3	3	0.241119	223	66.107	0	0	0	0.271694	146.551	0.702708	558.422	1	1	1	1	1	1	1	0
