Time	[76:0]	[76:1]	[76:2]	[76:4]	[76:8]	[76:70]	[76:71]	[78:0]	[78:1]	[78:2]	[79:2]	[79:3]	[79:4]	[79:8]	[79:9]	[79:10]	[79:11]	[79:12]	[79:13]	[79:14]	[79.0]	[79.1]	[79.2]	[79.3]	[79.4]	[79.5]	[79.6]	[79.8]
time	Hoogteverstelling - Referentie positie (mm)	Hoogteverstelling - AZ gemeten positie (mm)	Hoogteverstelling - BZ gemeten positie (mm)	Transfert Ingang - Gemeten positie (mm)	Transfert Uitgang - Gemeten positie (mm)	Aardgas - actueel debiet	Stappenschakelaar - gemeten pos	Laspos Ing - positie discreet	Laspos Uitg - positie discreet	Schaafverstelling - positie discreet	Stuikraam - Totale Stroommeting RMS-waarde (A)	Stuikraam - Stroomreferentie (A)	Stuikraam - Positie AZ (mm, pulsgever)	Stuikraam - Referentie Servo-ventiel (%)	Stuikraam - Trim door I-regelaar (%)	Stuikraam - Gemeten snelheid (mm/s, pulsgever)	Secundaire lasspanning	Stuikraam - Druk stuikcilinder voorkamer (=laszijde)  (bar)	Stuikraam - Druk stuikcilinder terugloopkamer  (bar)	Stuikraam - Netto voorwaartse kracht op stuikraam (kN)	Stuikraam - P1	Stuikraam - P2	Stuikraam - P3	Stuikraam - P4	Stuikraam - P5	Stuikraam - P6	Stuikraam - P7	Stuikraam - Openen stuikventielen	

Lasparameter.Ingang - Coil ID	0323281S
Lasparameter.Ingang - Dikte (um)	3480
Lasparameter.Ingang - Breedte (mm)	1599
Lasparameter.Ingang - Materiaal	0001
Lasparameter.Uitgang - Coil ID	0323339S
Lasparameter.Uitgang - Dikte (um)	3480
Lasparameter.Uitgang - Breedte (mm)	1598
Lasparameter.Uitgang - Materiaal	0001
Lasparameter.P2 (mm)	32.0
Lasparameter.P3 (mm)	42.0
Lasparameter.P4 (mm)	50.1
Lasparameter.P5 (mm)	56.7
Lasparameter.P6 (mm)	62.4
Lasparameter.P7 (mm)	66.1
Lasparameter.Vonksnelheid (mm/s)	1.20
Lasparameter.Lassnelheid (mm/s)	0.48
Lasparameter.Stroom Referentie (A)	0378
Lasparameter.Stroomtoename (µA/s2)	44.3
Lasparameter.Stuikstroomtijd (per)	0008
Lasparameter.Afkoeltijd Stuik (per)	0010
Lasparameter.Stuikdruk (bar)	0106
Lasparameter.Stuiksnelheid (%)	90.0

11.08.2015 21:21:32.120000	0	-0.00428328	0.00424471	0	0	0.0016276	5	3	3	3	0.246665	378	0	0	0	0	0.286458	6.61892	124.789	-452.45	1	0	0	0	0	0	0	0
11.08.2015 21:21:32.220000	0	-0.00428328	0.00424471	0	-0.0078125	0	5	3	3	3	0.253188	378	0	0	0	0	0.288484	6.76504	124.827	-452.036	1	0	0	0	0	0	0	0
11.08.2015 21:21:32.320000	0	-0.00428328	0.00424471	0.0078125	-0.0130208	0.00108507	5	3	3	3	0.25927	378	0	0	0	0	0.288947	4.46974	124.723	-460.425	1	0	0	0	0	0	0	0
11.08.2015 21:21:32.420000	0	-0.00428328	0.00424471	0.0078125	-0.015625	0	5	3	3	3	0.244091	378	0	0	0	0	0.289699	4.73696	124.697	-459.303	1	0	0	0	0	0	0	0
11.08.2015 21:21:32.520000	0	-0.00428328	0.00424471	0.00520833	0.0625	0.00036169	5	3	3	3	0.247117	378	0	0	0	0	0.290972	2.50685	124.57	-467.355	1	0	0	0	0	0	0	0
11.08.2015 21:21:32.620000	0	-0.00428328	0.00424471	0	-0.0234375	-0.000542535	5	3	3	3	0.241316	378	0	0	0	0	0.291696	2.69594	124.542	-466.526	1	0	0	0	0	0	0	0
11.08.2015 21:21:32.720000	0	-0.00428328	0.00424471	0	-0.453125	0.00108507	5	3	3	3	0.226065	378	0	0	0	0	0.293605	3.71129	124.547	-462.656	1	0	0	0	0	0	0	0
11.08.2015 21:21:32.820000	0	-0.00428328	0.00424471	-0.00390625	-2.41797	0.00217014	5	3	3	3	0.234647	378	0	0	0	0	0.293663	3.75237	124.53	-462.434	1	0	0	0	0	0	0	0
11.08.2015 21:21:32.920000	0	-0.00428328	0.00424471	0.00260417	-10.625	0.00289352	5	3	3	3	0.239022	378	0	0	0	0	0.295515	8.02875	124.704	-446.727	1	0	0	0	0	0	0	0
11.08.2015 21:21:33.020000	0	-0.00428328	0.00424471	0.00390625	-27.4648	0.00217014	5	3	3	3	0.247561	378	0	0	0	0	0.296123	4.84213	124.607	-458.556	1	0	0	0	0	0	0	0
11.08.2015 21:21:33.120000	0	-0.00428328	0.00424471	0	-47.9661	0.00144676	5	3	3	3	0.256145	378	0	0	0	0	0.297569	5.38884	124.562	-456.291	1	0	0	0	0	0	0	0
11.08.2015 21:21:33.220000	0	-0.00428328	0.00424471	0	-82.5859	0.00108507	5	3	3	3	0.236025	378	0	0	0	0	0.29783	4.9805	124.527	-457.721	1	0	0	0	0	0	0	0
11.08.2015 21:21:33.320000	0	-0.00428328	0.00424471	0	-112.229	0.00036169	5	3	3	3	0.255933	378	0	0	0	0	0.300318	5.03439	124.49	-457.373	1	0	0	0	0	0	0	0
11.08.2015 21:21:33.420000	0	-0.00428328	0.00424471	0	-144.961	0.00217014	5	3	3	3	0.248137	378	0	0	0	0	0.30055	6.9548	124.53	-450.171	1	0	0	0	0	0	0	0
11.08.2015 21:21:33.520000	0	-0.00428328	0.00424471	0.00260417	-187.43	0.00289352	5	3	3	3	0.242322	378	0	0	0	0	0.301541	5.31474	124.464	-456.198	1	0	0	0	0	0	0	0
11.08.2015 21:21:33.620000	0	-0.00428328	0.00424471	0.00390625	-237.02	0.00271267	5	3	3	3	0.252787	378	0	0	0	0	0.301736	5.0502	124.43	-457.08	1	0	0	0	0	0	0	0
11.08.2015 21:21:33.720000	0	-0.00428328	0.00424471	0.00260417	-276.586	0.00072338	5	3	3	3	0.253583	378	0	0	0	0	0.301968	5.10172	124.404	-456.784	1	0	0	0	0	0	0	0
11.08.2015 21:21:33.820000	0	-0.00428328	0.00424471	-0.0078125	-316.191	0.00217014	5	3	3	3	0.252554	378	0	0	0	0	0.302199	2.95602	124.285	-464.543	1	0	0	0	0	0	0	0
11.08.2015 21:21:33.920000	0	-0.00428328	0.00424471	0.0338542	-366.518	0.00036169	5	3	3	3	0.248811	378	0	0	0	0	0.301273	4.21082	124.274	-459.699	1	0	0	0	0	0	0	0
11.08.2015 21:21:34.020000	0	-0.00428328	0.00424471	0.246094	-411.66	0.000542535	5	3	3	3	0.243884	378	0	0	0	0	0.302025	5.41527	124.304	-455.201	1	0	0	0	0	0	0	0
11.08.2015 21:21:34.120000	0	-0.00428328	0.00424471	1.01563	-451.581	0.00036169	5	3	3	3	0.244952	378	0	0	0	0	0.30191	4.78738	124.264	-457.452	1	0	0	0	0	0	0	0
11.08.2015 21:21:34.220000	0	-0.00428328	0.00424471	7.43359	-491.461	0.000542535	5	3	3	3	0.254403	378	0	0	0	0	0.303385	5.19779	124.248	-455.819	1	0	0	0	0	0	0	0
11.08.2015 21:21:34.320000	0	-0.00428328	0.00424471	29.138	-541.271	0.00072338	5	3	3	3	0.246329	378	0	0	0	0	0.302922	4.28974	124.2	-459.112	1	0	0	0	0	0	0	0
11.08.2015 21:21:34.420000	0	-0.00428328	0.00424471	51.418	-579.891	0.00108507	5	3	3	3	0.240408	378	0	0	0	0	0.304109	4.47224	124.174	-458.314	1	0	0	0	0	0	0	0
11.08.2015 21:21:34.520000	0	-0.00428328	0.00424471	75.2682	-605.604	0.00072338	5	3	3	3	0.259633	378	0	0	0	0	0.303241	4.71505	124.156	-457.316	1	0	0	0	0	0	0	0
11.08.2015 21:21:34.620000	0	-0.00428328	0.00424471	104.176	-626.066	0.00108507	5	3	3	3	0.247073	378	0	0	0	0	0.303299	3.96393	124.112	-460.024	1	0	0	0	0	0	0	0
11.08.2015 21:21:34.720000	0	-0.00428328	0.00424471	153.24	-646.883	0.00036169	5	3	3	3	0.271424	378	0	0	0	0	0.302778	5.04941	124.112	-455.867	1	0	0	0	0	0	0	0
11.08.2015 21:21:34.820000	0	-0.00428328	0.00424471	192.43	-656.742	0.00108507	5	3	3	3	0.256361	378	0	0	0	0	0.30259	4.19678	124.073	-458.98	1	0	0	0	0	0	0	0
11.08.2015 21:21:34.920000	0	-0.00428328	0.00424471	234.167	-661.862	0.00108507	5	3	3	3	0.261298	378	0	0	0	0	0.30327	4.53523	124.053	-457.611	1	0	0	0	0	0	0	0
11.08.2015 21:21:35.020000	0	-0.00428328	0.00424471	284.656	-663.715	0	5	3	3	3	0.254624	378	0	0	0	0	0.303964	4.69869	124.031	-456.899	1	0	0	0	0	0	0	0
11.08.2015 21:21:35.120000	0	-0.00428328	0.00424471	335.477	-665.102	0.00072338	5	3	3	3	0.250344	378	0	0	0	0	0.307957	4.52004	124.002	-457.472	1	0	0	0	0	0	0	0
11.08.2015 21:21:35.220000	0	-0.00428328	0.00424471	377.625	-665.719	0.00108507	5	3	3	3	0.258102	378	0	0	0	0	0.310648	4.72689	123.979	-456.592	1	0	0	0	0	0	0	0
11.08.2015 21:21:35.320000	0	-0.00428328	0.00424471	418.758	-665.771	0.00217014	5	3	3	3	0.260366	378	0	0	0	0	0.314699	5.32395	123.973	-454.285	1	0	0	0	0	0	0	0
11.08.2015 21:21:35.420000	0	-0.00428328	0.00424471	462.246	-665.781	0.00325521	5	3	3	3	0.24181	378	0	0	0	0	0.316464	4.41133	123.926	-457.598	1	0	0	0	0	0	0	0
11.08.2015 21:21:35.520000	0	-0.00428328	0.00424471	481.745	-665.789	0.00217014	5	3	3	3	0.228834	378	0	0	0	0	0.319358	4.1316	123.89	-458.532	1	0	0	0	0	0	0	0
11.08.2015 21:21:35.620000	0	-0.00428328	0.00424471	496.352	-665.793	0.00271267	5	3	3	3	0.234904	378	0	0	0	0	0.320255	4.77639	123.874	-456	1	0	0	0	0	0	0	0
11.08.2015 21:21:35.720000	0	-0.00428328	0.00424471	513.721	-665.799	0.00108507	5	3	3	3	0.236491	378	0	0	0	0	0.321875	4.58614	123.844	-456.615	1	0	0	0	0	0	0	0
11.08.2015 21:21:35.820000	0	-0.00428328	0.00424471	533.73	-665.797	0.000542535	5	3	3	3	0.252079	378	0	0	0	0	0.322975	4.3274	123.812	-457.482	1	0	0	0	0	0	0	0
11.08.2015 21:21:35.920000	0	-0.00428328	0.00424471	549.333	-665.802	0.00036169	5	3	3	3	0.234438	378	0	0	0	0	0.324479	4.67074	123.788	-456.074	1	0	0	0	0	0	0	0
11.08.2015 21:21:36.020000	0	-0.00428328	0.00424471	565.004	-665.805	0.00108507	5	3	3	3	0.230907	378	0	0	0	0	0.326157	4.69619	123.77	-455.911	1	0	0	0	0	0	0	0
11.08.2015 21:21:36.120000	0	-0.00428328	0.00424471	582.573	-665.805	0.00036169	5	3	3	3	0.231746	378	0	0	0	0	0.326968	4.48787	123.74	-456.592	1	0	0	0	0	0	0	0
11.08.2015 21:21:36.220000	0	-0.00428328	0.00424471	601.188	-665.805	0.00108507	5	3	3	3	0.258838	378	0	0	0	0	0.328328	4.49068	123.716	-456.489	1	0	0	0	0	0	0	0
11.08.2015 21:21:36.320000	0	-0.00428328	0.00424471	615.924	-665.81	0.00072338	5	3	3	3	0.247423	378	0	0	0	0	0.328559	4.63619	123.696	-455.855	1	0	0	0	0	0	0	0
11.08.2015 21:21:36.420000	0	-0.00428328	0.00424471	630.441	-665.813	0.000542535	5	3	3	3	0.241266	378	0	0	0	0	0.329688	4.57002	123.734	-456.257	1	0	0	0	0	0	0	0
11.08.2015 21:21:36.520000	0	-0.00428328	0.00424471	647.612	-665.813	0	5	3	3	3	0.258756	378	0	0	0	0	0.329282	4.5096	123.896	-457.106	1	0	0	0	0	0	0	0
11.08.2015 21:21:36.620000	0	-0.00428328	0.00424471	662.391	-665.816	-0.000542535	5	3	3	3	0.26126	378	0	0	0	0	0.330411	4.54335	124.067	-457.633	1	0	0	0	0	0	0	0
11.08.2015 21:21:36.720000	0	-0.00428328	0.00424471	674.18	-665.818	0.00072338	5	3	3	3	0.252617	378	0	0	0	0	0.330527	4.12549	124.253	-459.943	1	0	0	0	0	0	0	0
11.08.2015 21:21:36.820000	0	-0.00428328	0.00424471	685.375	-665.816	0.000542535	5	3	3	3	0.23593	378	0	0	0	0	0.331221	3.91498	125.262	-464.613	1	0	0	0	0	0	0	0
11.08.2015 21:21:36.920000	0	-0.00428328	0.00424471	697.792	-665.82	0.00108507	5	3	3	3	0.243911	378	0	0	0	0	0.331105	4.59145	125.775	-463.989	1	0	0	0	0	0	0	0
11.08.2015 21:21:37.020000	0	-0.00428328	0.00424471	703.762	-665.82	0.000542535	5	3	3	3	0.24617	378	0	0	0	0	0.33206	4.4037	125.763	-464.66	1	0	0	0	0	0	0	0
11.08.2015 21:21:37.120000	0	-0.00428328	0.00424471	705.979	-665.815	0.00036169	5	3	3	3	0.235005	378	0	0	0	0	0.333391	4.21357	126.182	-466.992	1	0	0	0	0	0	0	0
11.08.2015 21:21:37.220000	0	-0.00428328	0.00424471	706.863	-665.82	0.000542535	5	3	3	3	0.263273	378	0	0	0	0	0.333218	4.59926	126.783	-467.819	1	0	0	0	0	0	0	0
11.08.2015 21:21:37.320000	0	-0.00428328	0.00424471	707.073	-665.823	0.00289352	5	3	3	3	0.251308	378	0	0	0	0	0.334144	4.50539	126.796	-468.228	1	0	0	0	0	0	0	0
11.08.2015 21:21:37.420000	0	-0.00428328	0.00424471	707.078	-665.824	0.00325521	5	3	3	3	0.263238	378	0	0	0	0	0.333659	4.558	126.941	-468.58	1	0	0	0	0	0	0	0
11.08.2015 21:21:37.520000	0	-0.00428328	0.00424471	707.076	-665.826	0.00180845	5	3	3	3	0.266396	378	0	0	0	0	0.334578	4.89224	127.141	-468.066	1	0	0	0	0	0	0	0
11.08.2015 21:21:37.620000	0	-0.00428328	0.00424471	707.078	-665.828	0.00108507	5	3	3	3	0.239511	378	0	0	0	0	0.333825	4.46211	127.451	-470.899	1	0	0	0	0	0	0	0
11.08.2015 21:21:37.720000	0	-0.00428328	0.00424471	707.073	-665.828	0	5	3	3	3	0.245787	378	0	0	0	0	0.333536	4.42982	127.743	-472.142	1	0	0	0	0	0	0	0
11.08.2015 21:21:37.820000	0	-0.00428328	0.00424471	707.078	-665.828	0.000542535	5	3	3	3	0.245823	378	0	0	0	0	0.329861	4.57289	127.953	-472.396	1	0	0	0	0	0	0	0
11.08.2015 21:21:37.920000	0	-0.00428328	0.00424471	707.076	-665.828	0.00072338	5	3	3	3	0.237047	378	0	0	0	0	0.326562	4.33625	128.127	-473.97	1	0	0	0	0	0	0	0
11.08.2015 21:21:38.020000	0	-0.00428328	0.00424471	707.078	-665.828	0.00271267	5	3	3	3	0.238953	378	0	0	0	0	0.32296	4.49572	128.301	-474.027	1	0	0	0	0	0	0	0
11.08.2015 21:21:38.120000	0	-0.00428328	0.00424471	707.076	-665.828	0.00036169	5	3	3	3	0.244914	378	0	0	0	0	0.320891	4.55953	128.471	-474.434	1	0	0	0	0	0	0	0
11.08.2015 21:21:38.220000	0	-0.00428328	0.00424471	707.078	-665.828	0.00108507	5	3	3	3	0.240217	378	0	0	0	0	0.318193	4.50215	128.662	-475.403	1	0	0	0	0	0	0	0
11.08.2015 21:21:38.320000	0	-0.00428328	0.00424471	707.078	-665.828	0.00072338	5	3	3	3	0.252387	378	0	0	0	0	0.315922	4.51794	128.85	-476.043	1	0	0	0	0	0	0	0
11.08.2015 21:21:38.420000	0	-0.00428328	0.00424471	707.078	-665.828	0	5	3	3	3	0.254053	378	0	0	0	0	0.31467	4.46736	129.014	-476.865	1	0	0	0	0	0	0	0
11.08.2015 21:21:38.520000	0	-0.00428328	0.00424471	707.078	-665.828	0.00217014	5	3	3	3	0.24399	378	0	0	0	0	0.313433	4.51509	129.059	-476.853	1	0	0	0	0	0	0	0
11.08.2015 21:21:38.620000	0	-0.00428328	0.00424471	707.078	-665.828	0.000542535	5	3	3	3	0.257494	378	0	0	0	0	0.312789	4.50337	129.117	-477.122	1	0	0	0	0	0	0	0
11.08.2015 21:21:38.720000	0	-0.00428328	0.00424471	707.078	-665.828	0.00072338	5	3	3	3	0.234404	378	0	0	0	0	0.311393	4.51418	129.649	-479.116	1	0	0	0	0	0	0	0
11.08.2015 21:21:38.820000	0	-0.00428328	0.00424471	707.078	-665.828	0.00108507	5	3	3	3	0.246095	378	0	0	0	0	0.312167	4.14826	129.707	-480.74	1	0	0	0	0	0	0	0
11.08.2015 21:21:38.920000	0	-0.00428328	0.00424471	707.089	-665.839	0.00180845	5	3	3	3	0.24086	378	0	0	0	0	0.311755	3.98267	129.429	-480.307	1	0	0	0	0	0	0	0
11.08.2015 21:21:39.020000	0	-0.00428328	0.00424471	707.094	-665.836	0.000542535	5	3	3	3	0.252585	378	0	0	0	0	0.312956	4.47847	127.959	-472.781	1	0	0	0	0	0	0	0
11.08.2015 21:21:39.120000	0	-0.00428328	0.00424471	707.094	-665.844	0.00108507	5	3	3	3	0.254173	378	0	0	0	0	0.312746	5.2664	130.395	-479.093	1	0	0	0	0	0	0	0
11.08.2015 21:21:39.220000	0	-0.00428328	0.00424471	707.094	-665.84	0.00217014	5	3	3	3	0.258106	378	0	0	0	0	0.314236	5.76446	130.409	-477.241	1	0	0	0	0	0	0	0
11.08.2015 21:21:39.320000	0	-0.00428328	0.00424471	707.094	-665.836	0.00108507	5	3	3	3	0.255337	378	0	0	0	0	0.31407	4.62459	129.827	-479.376	1	0	0	0	0	0	0	0
11.08.2015 21:21:39.420000	0	-0.00428328	0.00424471	707.094	-665.844	0.000542535	5	3	3	3	0.258786	378	0	0	0	0	0.314113	4.74142	129.254	-476.734	1	0	0	0	0	0	0	0
11.08.2015 21:21:39.520000	0	-0.00428328	0.00424471	707.094	-665.844	0.00072338	5	3	3	3	0.260793	378	0	0	0	0	0.31407	5.21989	129.183	-474.631	1	0	0	0	0	0	0	0
11.08.2015 21:21:39.620000	0	-0.00428328	0.00424471	707.094	-665.844	0.000542535	5	3	3	3	0.264323	378	0	0	0	0	0.314135	4.84249	129.168	-476.016	1	0	0	0	0	0	0	0
11.08.2015 21:21:39.720000	0	-0.00428328	0.00424471	707.094	-665.844	0.00072338	5	3	3	3	0.275845	378	0	0	0	0	0.313679	4.85336	129.166	-475.966	1	0	0	0	0	0	0	0
11.08.2015 21:21:39.820000	0	-0.00428328	0.00424471	707.094	-665.844	0.00108507	5	3	3	3	0.260138	378	0	0	0	0	0.311386	5.12601	129.105	-474.69	1	0	0	0	0	0	0	0
11.08.2015 21:21:39.920000	0	-0.00428328	0.00424471	707.094	-665.844	0.00108507	5	3	3	3	0.255927	378	0	0	0	0	0.311111	4.9537	128.999	-474.945	1	0	0	0	0	0	0	0
11.08.2015 21:21:40.020000	0	-0.00428328	0.00424471	707.094	-665.844	0.000542535	5	3	3	3	0.264092	378	0	0	0	0	0.308492	4.88418	128.781	-474.375	1	0	0	0	0	0	0	0
11.08.2015 21:21:40.120000	0	-0.00428328	0.00424471	707.094	-665.844	0.00036169	5	3	3	3	0.262032	378	0	0	0	0	0.306098	4.79678	128.471	-473.523	1	0	0	0	0	0	0	0
11.08.2015 21:21:40.220000	0	-0.00428328	0.00424471	707.094	-665.844	0.000542535	5	3	3	3	0.242741	378	0	0	0	0	0.303986	4.32118	128.76	-476.45	1	0	0	0	0	0	0	0
11.08.2015 21:21:40.320000	0	-0.00428328	0.00424471	707.094	-665.844	0.00072338	5	3	3	3	0.234671	378	0	0	0	0	0.302337	11.3749	119.706	-414.779	1	0	0	0	0	0	0	0
11.08.2015 21:21:40.420000	0	-0.00428328	0.00424471	707.078	-665.844	0.000542535	5	3	3	3	0.24828	378	0.404402	0	0	8.47573	0.299935	98.3811	96.2286	8.24114	1	0	0	0	0	0	0	0
11.08.2015 21:21:40.520000	0	-0.00428328	0.00424471	705.081	-665.844	-0.00180845	5	3	3	3	0.255901	378	2.84772	0	0	30.8862	0.297128	112.497	85.2239	104.424	1	0	0	0	0	0	0	0
11.08.2015 21:21:40.620000	0	-0.00428328	0.00424471	693.402	-665.844	-0.0016276	5	3	3	3	0.253453	378	6.20729	0	0	34.6626	0.296419	111.174	84.5172	102.063	1	0	0	0	0	0	0	0
11.08.2015 21:21:40.720000	0	-0.00428328	0.00424471	678.417	-665.844	-0.00108507	5	3	3	3	0.261664	378	9.71409	0	0	35.3986	0.294647	113.248	86.9091	100.846	1	0	0	0	0	0	0	0
11.08.2015 21:21:40.820000	0	-0.00428328	0.00424471	660.586	-665.844	-0.00108507	5	3	3	3	0.241595	378	13.3104	0	0	36.1819	0.293692	116.134	90.262	99.0599	1	0	0	0	0	0	0	0
11.08.2015 21:21:40.920000	0	-0.00428328	0.00424471	629.297	-665.846	0.00072338	5	3	3	3	0.252201	378	16.9252	0	0	36.3634	0.291587	118.509	92.6659	98.9489	1	0	0	0	0	0	0	0
11.08.2015 21:21:41.020000	0	-0.00428328	0.00424471	597.352	-665.852	0	5	3	3	3	0.228346	378	20.518	0	0	36.0987	0.291544	119.464	93.8591	98.0354	1	0	0	0	0	0	0	0
11.08.2015 21:21:41.120000	0	-0.00428328	0.00424471	565.784	-665.852	0.00108507	5	3	3	3	0.242736	378	24.0711	0	0	35.3412	0.289106	119.658	94.1674	97.5972	1	0	0	0	0	0	0	0
11.08.2015 21:21:41.220000	0	-0.00428328	0.00424471	529.68	-665.852	0.000542535	5	3	3	3	0.246051	378	27.5809	0	0	34.9121	0.289388	119.975	94.5385	97.3901	1	0	0	0	0	0	0	0
11.08.2015 21:21:41.320000	0	-0.00428328	0.00424471	479.383	-665.852	0.00108507	5	3	3	3	0.243392	378	31.0762	9	0	35.337	0.288339	120.522	94.5242	99.5392	1	0.23	0	0	0	0	0	0
11.08.2015 21:21:41.420000	0	-0.00428328	0.00424471	434.957	-665.852	0	5	3	3	3	0.256716	378	35.463	50	0	48.4541	0.287536	108.579	84.7188	91.357	1	1	0	0	0	0	0	0
11.08.2015 21:21:41.520000	0	-0.00428328	0.00424471	397.966	-665.862	0.00108507	5	3	3	3	0.243844	378	38.454	49.724	0	18.4575	0.286581	91.6523	69.083	86.4133	1	1	0	0	0	0	0	0
11.08.2015 21:21:41.620000	0	-0.00428328	0.00424471	363.766	-665.867	0.00108507	5	3	3	3	0.25474	378	39.7383	42.6501	0	11.5353	0.286357	63.312	39.5734	90.8903	1	1	0	0	0	0	0	0
11.08.2015 21:21:41.720000	0	-0.00428328	0.00424471	318.362	-665.883	0.00072338	5	3	3	3	0.261741	378	40.6605	32.6502	0	8.84046	0.286147	52.1377	27.9543	92.5935	1	1	0	0	0	0	0	0
11.08.2015 21:21:41.820000	0	-0.00428328	0.00424471	287.699	-665.891	0.000542535	5	3	3	3	0.257181	378	41.3265	22.6502	0	6.36553	0.285634	47.2115	22.6245	94.1389	1	1	0	0	0	0	0	0
11.08.2015 21:21:41.920000	0	-0.00428328	0.00424471	260.169	-665.885	0.00108507	5	3	3	3	0.250365	378	41.7474	12.6502	0	4.6868	0.28588	44.1934	19.6562	93.948	1	1	0	0	0	0	0	0
11.08.2015 21:21:42.020000	0	-0.00428328	0.00424471	236.016	-665.887	0.00271267	5	3	3	3	0.250589	378	41.9453	5.57104	0	2.96255	0.284455	42.9225	18.3395	94.1235	1	1	0	0	0	0	0	0
11.08.2015 21:21:42.120000	0	-0.00428328	0.00424471	217.594	-665.891	0.00217014	5	3	3	3	50.6188	378	42.0667	5.29342	0	2.72636	0.322584	43.5014	18.1638	97.0127	1	1	1	0	0	0	0	0
11.08.2015 21:21:42.220000	0	-0.00428328	0.00424471	198.988	-665.891	0.00108507	5	3	3	3	91.9524	378	42.1811	5.29342	0	1.27545	5.28131	43.0533	18.0562	95.7089	1	1	1	0	0	0	0	0
11.08.2015 21:21:42.320000	0	-0.00428328	0.00424471	181.94	-665.891	0.00108507	5	3	3	3	92.0938	378	42.296	5.29342	0	1.27545	10.6053	43.1624	17.9623	96.4864	1	1	1	0	0	0	0	0
11.08.2015 21:21:42.420000	0	-0.00428328	0.00424471	158.727	-665.891	0.00108507	5	3	3	3	92.105	378	42.4164	5.29342	0	1.15392	11.4317	42.8963	17.858	95.8666	1	1	1	0	0	0	0	0
11.08.2015 21:21:42.520000	0	-0.00428328	0.00424471	144.367	-665.891	0.00108507	5	3	3	3	92.085	378	42.5283	5.29342	0	1.15144	11.6993	42.8018	17.7651	95.8603	1	1	1	0	0	0	0	0
11.08.2015 21:21:42.620000	0	-0.00428328	0.00424471	134.934	-665.895	0.000542535	5	3	3	3	91.9615	378	42.6397	5.29342	0	1.16045	11.7929	42.5722	17.6963	95.2445	1	1	1	0	0	0	0	0
11.08.2015 21:21:42.720000	0	-0.00428328	0.00424471	129.693	-665.898	0.00072338	5	3	3	3	91.9883	378	42.7566	5.29342	0	1.16217	11.8173	42.6486	17.6899	95.5621	1	1	1	0	0	0	0	0
11.08.2015 21:21:42.820000	0	-0.00428328	0.00424471	124.441	-665.906	0.00217014	5	3	3	3	92.0459	378	42.8705	5.29342	0	1.15487	11.8264	42.5623	17.7635	94.9499	1	1	1	0	0	0	0	0
11.08.2015 21:21:42.920000	0	-0.00428328	0.00424471	121.589	-665.904	-0.00036169	5	3	3	3	91.8756	378	42.982	5.29342	0	1.15144	11.8373	42.2921	17.7739	93.8751	1	1	1	0	0	0	0	0
11.08.2015 21:21:43.020000	0	-0.00428328	0.00424471	124.004	-665.906	-0.00108507	5	3	3	3	91.8153	378	43.0904	5.29342	0	1.13163	11.844	42.3089	17.7455	94.0485	1	1	1	0	0	0	0	0
11.08.2015 21:21:43.120000	0	-0.00428328	0.00424471	124.656	-665.911	-0.00144676	5	3	3	3	91.6946	378	43.2078	5.29342	0	1.10536	11.8461	42.4674	17.6641	94.9667	1	1	1	0	0	0	0	0
11.08.2015 21:21:43.220000	0	-0.00428328	0.00424471	124.57	-665.914	0	5	3	3	3	91.6404	378	43.3207	5.29342	0	1.11114	11.8458	42.5653	17.6885	95.248	1	1	1	0	0	0	0	0
11.08.2015 21:21:43.320000	0	-0.00428328	0.00424471	124.693	-665.914	0.00036169	5	3	3	3	91.4569	378	43.4341	5.29342	0	1.13052	11.8468	42.5076	17.6785	95.066	1	1	1	0	0	0	0	0
11.08.2015 21:21:43.420000	0	-0.00428328	0.00424471	124.691	-665.922	0.000542535	5	3	3	3	91.6551	378	43.551	5.29342	0	1.1352	11.8414	42.271	17.6449	94.2885	1	1	1	0	0	0	0	0
11.08.2015 21:21:43.520000	0	-0.00428328	0.00424471	124.693	-665.922	0.00072338	5	3	3	3	91.7001	378	43.6644	5.29342	0	1.17303	11.8452	42.5697	17.6363	95.4651	1	1	1	0	0	0	0	0
11.08.2015 21:21:43.620000	0	-0.00428328	0.00424471	124.695	-665.926	0.000542535	5	3	3	3	91.6519	378	43.7798	5.29342	0	1.17303	11.8396	42.562	17.653	95.3717	1	1	1	0	0	0	0	0
11.08.2015 21:21:43.720000	0	-0.00428328	0.00424471	124.695	-665.93	0.00072338	5	3	3	3	91.6171	378	43.8947	5.29342	0	1.13429	11.8421	42.5863	17.661	95.4341	1	1	1	0	0	0	0	0
11.08.2015 21:21:43.820000	0	-0.00428328	0.00424471	124.695	-665.93	0.000542535	5	3	3	3	91.6524	378	44.0136	5.29342	0	1.13046	11.8378	42.5134	17.6691	95.124	1	1	1	0	0	0	0	0
11.08.2015 21:21:43.920000	0	-0.00428328	0.00424471	124.695	-665.93	0.00036169	5	3	3	3	91.7919	378	44.126	5.29342	0	1.14624	11.8383	42.6712	17.6705	95.7229	1	1	1	0	0	0	0	0
11.08.2015 21:21:44.020000	0	-0.00428328	0.00424471	124.695	-665.934	0.000542535	5	3	3	3	91.8267	378	44.2409	5.29342	0	1.1515	11.8431	42.4984	17.68	95.0246	1	1	1	0	0	0	0	0
11.08.2015 21:21:44.120000	0	-0.00428328	0.00424471	124.695	-665.938	0.00144676	5	3	3	3	91.8848	378	44.3588	5.29342	0	1.15798	11.8425	42.5139	17.687	95.0574	1	1	1	0	0	0	0	0
11.08.2015 21:21:44.220000	0	-0.00428328	0.00424471	124.695	-665.941	-0.00108507	5	3	3	3	91.9055	378	44.4692	5.29342	0	1.16212	11.8419	42.5821	17.6967	95.281	1	1	1	0	0	0	0	0
11.08.2015 21:21:44.320000	0	-0.00428328	0.00424471	124.695	-665.945	-0.00108507	5	3	3	3	91.9116	378	44.5807	5.29342	0	1.14915	11.8436	42.6029	17.7059	95.3259	1	1	1	0	0	0	0	0
11.08.2015 21:21:44.420000	0	-0.00428328	0.00424471	124.695	-665.945	-0.00271267	5	3	3	3	91.8845	378	44.6951	5.29342	0	1.13049	11.8432	42.7611	17.7061	95.9307	1	1	1	0	0	0	0	0
11.08.2015 21:21:44.520000	0	-0.00428328	0.00424471	124.695	-665.945	-0.00506366	5	3	3	3	91.9792	378	44.81	5.29342	0	1.13048	11.842	42.5001	17.7162	94.8924	1	1	1	0	0	0	0	0
11.08.2015 21:21:44.620000	0	-0.00428328	0.00424471	124.695	-665.945	-0.00434028	5	3	3	3	91.9859	378	44.9224	5.29342	0	1.13042	11.8443	42.6499	17.7217	95.4448	1	1	1	0	0	0	0	0
11.08.2015 21:21:44.720000	0	-0.00428328	0.00424471	124.695	-665.945	-0.00434028	5	3	3	3	92.0705	378	45.0378	5.29342	0	1.13105	11.8475	42.7484	17.7308	95.7874	1	1	1	0	0	0	0	0
11.08.2015 21:21:44.820000	0	-0.00428328	0.00424471	124.695	-665.945	-0.00325521	5	3	3	3	92.28	378	45.1572	5.29342	0	1.1462	11.8559	42.6475	17.738	95.3733	1	1	1	0	0	0	0	0
11.08.2015 21:21:44.920000	0	-0.00428328	0.00424471	124.698	-665.953	-0.00434028	5	3	3	3	92.3268	378	45.2701	5.29342	0	1.1462	11.8563	42.4596	17.7396	94.6479	1	1	1	0	0	0	0	0
11.08.2015 21:21:45.020000	0	-0.00428328	0.00424471	124.695	-665.949	-0.00325521	5	3	3	3	92.2758	378	45.388	5.29342	0	1.16567	11.8678	42.8234	17.7493	96.0036	1	1	1	0	0	0	0	0
11.08.2015 21:21:45.120000	0	-0.00428328	0.00424471	124.695	-665.953	-0.00253183	5	3	3	3	91.9415	378	45.5054	5.29342	0	1.1676	11.8611	42.6034	17.75	95.1588	1	1	1	0	0	0	0	0
11.08.2015 21:21:45.220000	0	-0.00428328	0.00424471	124.695	-665.953	-0.00325521	5	3	3	3	91.859	378	45.6203	5.29342	0	1.17188	11.8486	42.7915	17.7533	95.8659	1	1	1	0	0	0	0	0
11.08.2015 21:21:45.320000	0	-0.00428328	0.00424471	124.695	-665.953	-0.00144676	5	3	3	3	91.8278	378	45.7352	5.29342	0	1.17301	11.833	42.5674	17.7637	94.9683	1	1	1	0	0	0	0	0
11.08.2015 21:21:45.420000	0	-0.00428328	0.00424471	124.695	-665.953	-0.000542535	5	3	3	3	91.6239	378	45.8521	5.29342	0	1.15946	11.8202	42.6154	17.7734	95.1153	1	1	1	0	0	0	0	0
11.08.2015 21:21:45.520000	0	-0.00428328	0.00424471	124.695	-665.953	0.00072338	5	3	3	3	91.5665	378	45.966	5.29342	0	1.1515	11.8191	42.685	17.7729	95.3834	1	1	1	0	0	0	0	0
11.08.2015 21:21:45.620000	0	-0.00428328	0.00424471	124.695	-665.953	0.00108507	5	3	3	3	91.5226	378	46.0759	5.29342	0	1.14246	11.8155	42.6239	17.7804	95.1204	1	1	1	0	0	0	0	0
11.08.2015 21:21:45.720000	0	-0.00428328	0.00424471	124.695	-665.953	0.00397859	5	3	3	3	91.482	378	46.1943	5.29342	0	1.13048	11.8152	42.7093	17.8149	95.3156	1	1	1	0	0	0	0	0
11.08.2015 21:21:45.820000	0	-0.00428328	0.00424471	124.699	-665.961	0.00271267	5	3	3	3	91.3569	378	46.3067	5.29342	0	1.13452	11.8138	42.6676	17.832	95.0908	1	1	1	0	0	0	0	0
11.08.2015 21:21:45.920000	0	-0.00428328	0.00424471	124.695	-665.961	0.00289352	5	3	3	3	91.3791	378	46.4206	5.29342	0	1.14604	11.8195	42.7523	17.831	95.4186	1	1	1	0	0	0	0	0
11.08.2015 21:21:46.020000	0	-0.00428328	0.00424471	124.695	-665.961	0.000542535	5	3	3	3	91.3387	378	46.541	5.29342	0	1.14884	11.8138	42.6825	17.8472	95.0896	1	1	1	0	0	0	0	0
11.08.2015 21:21:46.120000	0	-0.00428328	0.00424471	124.695	-665.958	0.00072338	5	3	3	3	91.3803	378	46.6544	5.29342	0	1.16757	11.8109	42.6395	17.8506	94.912	1	1	1	0	0	0	0	0
11.08.2015 21:21:46.220000	0	-0.00428328	0.00424471	124.695	-665.961	0.000542535	5	3	3	3	91.2277	378	46.7698	5.29342	0	1.16757	11.8136	42.5278	17.8482	94.4934	1	1	1	0	0	0	0	0
11.08.2015 21:21:46.320000	0	-0.00428328	0.00424471	124.695	-665.961	0.00108507	5	3	3	3	94.5996	378	46.8872	5.29342	0	1.1519	11.8125	42.4169	17.8481	94.069	1	1	1	0	0	0	0	0
11.08.2015 21:21:46.420000	0	-0.00428328	0.00424471	124.695	-665.961	0.00108507	5	3	3	3	107.603	378	47.0031	5.29342	0	1.15141	11.8052	42.9358	17.843	96.0753	1	1	1	0	0	0	0	0
11.08.2015 21:21:46.520000	0	-0.00428328	0.00424471	124.695	-665.966	0.00036169	5	3	3	3	106.467	378	47.116	5.29342	0	1.15133	11.7912	42.7185	17.8616	95.1721	1	1	1	0	0	0	0	0
11.08.2015 21:21:46.620000	0	-0.00428328	0.00424471	124.695	-665.965	0.00108507	5	3	3	3	128.928	378	47.2329	5.29342	0	1.15132	11.7769	42.6668	17.8668	94.9543	1	1	1	0	0	0	0	0
11.08.2015 21:21:46.720000	0	-0.00428328	0.00424471	124.695	-665.966	0.00036169	5	3	3	3	122.365	378	47.3483	5.29342	0	1.15488	11.5649	42.9351	17.8665	95.9828	1	1	1	0	0	0	0	0
11.08.2015 21:21:46.820000	0	-0.00428328	0.00424471	124.695	-665.965	0	5	3	3	3	191.632	378	47.4602	5.29342	0	1.15671	11.5863	42.7263	17.8808	95.1284	1	1	1	0	0	0	0	0
11.08.2015 21:21:46.920000	0	-0.00428328	0.00424471	124.695	-665.969	0.00108507	5	3	3	3	188.021	378	47.5761	5.29342	0	1.15408	11.3934	42.7437	17.8891	95.1635	1	1	1	0	0	0	0	0
11.08.2015 21:21:47.020000	0	-0.00428328	0.00424471	124.695	-665.969	-0.00108507	5	3	3	3	344.929	378	47.6915	5.29342	0	1.15144	11.1284	42.9279	17.8864	95.8788	1	1	1	0	0	0	0	0
11.08.2015 21:21:47.120000	0	-0.00428328	0.00424471	124.695	-665.969	5.34614	5	3	3	3	317.358	378	47.8044	5.29342	0	1.14654	10.8616	43.0053	17.8892	96.1646	1	1	1	0	0	0	0	0
11.08.2015 21:21:47.220000	0	-0.00428328	0.00424471	124.695	-665.969	13.5623	5	3	3	3	384.699	378	47.9198	5.29342	0	1.13562	10.8099	42.6587	17.8969	94.808	1	1	1	0	0	0	0	0
11.08.2015 21:21:47.320000	0	-0.00428328	0.00424471	124.695	-665.969	22.1568	5	3	3	3	432.241	378	48.0377	5.29342	0	1.13798	10.8545	42.7973	17.8972	95.3376	1	1	1	0	0	0	0	0
11.08.2015 21:21:47.420000	0	-0.00428328	0.00424471	124.695	-665.969	26.658	5	3	3	3	556.627	378	48.1526	5.29342	0	1.15134	10.8553	42.7905	17.8909	95.3357	1	1	1	0	0	0	0	0
11.08.2015 21:21:47.520000	0	-0.00428328	0.00424471	124.698	-665.969	28.0711	5	3	3	3	552.954	378	48.2675	5.29342	0	1.15244	10.6862	42.7832	17.9009	95.2691	1	1	1	0	0	0	0	0
11.08.2015 21:21:47.620000	0	-0.00428328	0.00424471	124.695	-665.969	28.2742	5	3	3	3	380.177	378	48.3874	5.29342	0	1.17882	10.7375	42.6916	17.9172	94.8559	1	1	1	0	0	0	0	0
11.08.2015 21:21:47.720000	0	-0.00428328	0.00424471	124.695	-665.969	28.2983	5	3	3	3	281.709	378	48.4998	5.29342	0	1.17882	10.8369	42.7641	17.9267	95.0973	1	1	1	0	0	0	0	0
11.08.2015 21:21:47.820000	0	-0.00428328	0.00424471	124.695	-665.969	28.1434	5	3	3	3	379.754	378	48.6152	5.29342	0	1.15918	10.8688	42.8235	17.926	95.3275	1	1	1	0	0	0	0	0
11.08.2015 21:21:47.920000	0	-0.00428328	0.00424471	124.695	-665.969	27.7948	5	3	3	3	469.167	378	48.7351	5.29342	0	1.15675	10.8088	42.8167	17.9163	95.3385	1	1	1	0	0	0	0	0
11.08.2015 21:21:48.020000	0	-0.00428328	0.00424471	124.695	-665.969	27.5987	5	3	3	3	440.769	378	48.846	5.29342	0	1.14909	10.804	42.7006	17.9462	94.7799	1	1	1	0	0	0	0	0
11.08.2015 21:21:48.120000	0	-0.00428328	0.00424471	124.695	-665.969	27.4367	5	3	3	3	468.653	378	48.9614	5.29342	0	1.14612	10.7973	42.764	17.9518	95.001	1	1	1	0	0	0	0	0
11.08.2015 21:21:48.220000	0	-0.00428328	0.00424471	124.695	-665.969	27.334	5	3	3	3	446.113	378	49.0833	5.29342	0	1.15881	10.7866	42.8128	17.9434	95.2156	1	1	1	0	0	0	0	0
11.08.2015 21:21:48.320000	0	-0.00428328	0.00424471	124.695	-665.969	27.1839	5	3	3	3	489.899	378	49.1987	5.29342	0	1.16764	10.7815	42.7671	17.9402	95.0572	1	1	1	0	0	0	0	0
11.08.2015 21:21:48.420000	0	-0.00428328	0.00424471	124.695	-665.969	27.1756	5	3	3	3	484.673	378	49.3111	5.29342	0	1.16515	10.7959	42.7011	17.9446	94.7879	1	1	1	0	0	0	0	0
11.08.2015 21:21:48.520000	0	-0.00428328	0.00424471	124.695	-665.969	27.1705	5	3	3	3	441.262	378	49.43	5.29342	0	1.1621	10.8074	42.7418	17.9451	94.9414	1	1	1	0	0	0	0	0
11.08.2015 21:21:48.620000	0	-0.00428328	0.00424471	124.699	-665.969	27.1609	5	3	3	3	607.701	378	49.5444	5.29342	0	1.16052	10.8165	42.7512	17.9567	94.9333	1	1	1	0	0	0	0	0
11.08.2015 21:21:48.720000	0	-0.00428328	0.00424471	124.698	-665.971	27.1217	5	3	3	3	540.508	378	49.6588	5.29342	0	1.15684	10.7756	42.6801	17.9862	94.5519	1	1	1	0	0	0	0	0
11.08.2015 21:21:48.820000	0	-0.00428328	0.00424471	124.695	-665.969	27.0839	5	3	3	3	547.017	378	49.7807	5.29342	0	1.15776	10.7643	42.3996	17.991	93.4714	1	1	1	0	0	0	0	0
11.08.2015 21:21:48.920000	0	-0.00428328	0.00424471	124.695	-665.969	27.0609	5	3	3	3	694.603	378	49.8936	5.29342	0	1.16223	10.7348	42.7772	18.0032	94.987	1	1	1	0	0	0	0	0
11.08.2015 21:21:49.020000	0	-0.00428328	0.00424471	124.699	-665.969	27.009	5	3	3	3	503.678	378	50.009	5.29342	0	1.16212	10.7533	42.941	18.0294	95.3817	1	1	1	0	0	0	0	0
11.08.2015 21:21:49.120000	0	-0.00428328	0.00424471	124.698	-665.969	26.9983	5	3	3	3	575.663	378	50.1199	3.24565	0	1.15668	10.7907	42.6278	18.1814	93.5206	1	1	1	0.6	0	0	0	0
11.08.2015 21:21:49.220000	0	-0.00428328	0.00424471	124.695	-665.969	26.9873	5	3	3	3	178.997	378	50.1672	2.25209	0.371711	1.15668	9.56905	43.0685	18.2377	95.08	1	1	1	1	0	0	0	0
11.08.2015 21:21:49.320000	0	-0.00428328	0.00424471	124.698	-665.969	26.9698	5	3	3	3	493.81	378	50.2194	2.35792	0.477445	1.15668	7.63501	43.314	18.4801	95.0882	1	1	1	1	0	0	0	0
11.08.2015 21:21:49.420000	0	-0.00428328	0.00424471	124.695	-665.973	26.9466	5	3	3	3	393.004	378	50.2701	2.09347	0.212998	1.15668	7.04606	43.5198	18.6756	95.1235	1	1	1	1	0	0	0	0
11.08.2015 21:21:49.520000	0	-0.00428328	0.00424471	124.698	-665.969	26.9361	5	3	3	3	421.665	378	50.3189	1.96159	0.0811185	0.800286	6.8497	43.7087	18.8471	95.1901	1	1	1	1	0	0	0	0
11.08.2015 21:21:49.620000	0	-0.00428328	0.00424471	124.699	-665.973	26.9331	5	3	3	3	361.753	378	50.3647	2.00165	0.121173	0.562694	6.80169	43.8827	19.0082	95.2394	1	1	1	1	0	0	0	0
11.08.2015 21:21:49.720000	0	-0.00428328	0.00424471	124.695	-665.977	26.9289	5	3	3	3	419.139	378	50.4119	1.93793	0.057457	0.562694	6.8195	44.0387	19.1504	95.2922	1	1	1	1	0	0	0	0
11.08.2015 21:21:49.820000	0	-0.00428328	0.00424471	124.703	-665.977	26.9249	5	3	3	3	420.27	378	50.4552	1.80083	-0.0796453	0.562694	6.81065	44.1729	19.2827	95.2997	1	1	1	1	0	0	0	0
11.08.2015 21:21:49.920000	0	-0.00428328	0.00424471	124.698	-665.971	26.9184	5	3	3	3	415.321	378	50.4995	1.71212	-0.16836	0.562694	6.81435	44.298	19.3949	95.3492	1	1	1	1	0	0	0	0
11.08.2015 21:21:50.020000	0	-0.00428328	0.00424471	124.703	-665.977	26.9135	5	3	3	3	355.664	378	50.5402	1.61789	-0.262581	0.556964	6.78207	44.4093	19.4961	95.3878	1	1	1	1	0	0	0	0
11.08.2015 21:21:50.120000	0	-0.00428328	0.00424471	124.698	-665.977	26.9119	5	3	3	3	364.053	378	50.5875	1.71908	-0.161392	0.4481	6.82308	44.502	19.5884	95.3894	1	1	1	1	0	0	0	0
11.08.2015 21:21:50.220000	0	-0.00428328	0.00424471	124.703	-665.977	26.9135	5	3	3	3	375.324	378	50.6318	1.72812	-0.152355	0.4481	6.85561	44.5852	19.6744	95.3784	1	1	1	1	0	0	0	0
11.08.2015 21:21:50.320000	0	-0.00428328	0.00424471	124.698	-665.977	26.9151	5	3	3	3	359.908	378	50.675	1.75968	-0.120798	0.4481	6.83524	44.6636	19.7518	95.3824	1	1	1	1	0	0	0	0
11.08.2015 21:21:50.420000	0	-0.00428328	0.00424471	124.703	-665.977	26.9173	5	3	3	3	389	378	50.7223	1.78846	-0.0920192	0.4481	6.86114	44.7425	19.8189	95.4273	1	1	1	1	0	0	0	0
11.08.2015 21:21:50.520000	0	-0.00428328	0.00424471	124.698	-665.977	26.9195	5	3	3	3	385.917	378	50.7696	1.76644	-0.114033	0.4481	6.86801	44.8072	19.8884	95.4088	1	1	1	1	0	0	0	0
11.08.2015 21:21:50.620000	0	-0.00428328	0.00424471	124.703	-665.973	26.9222	5	3	3	3	359.316	378	50.8133	1.70725	-0.173226	0.449864	6.85292	44.868	19.95	95.406	1	1	1	1	0	0	0	0
11.08.2015 21:21:50.720000	0	-0.00428328	0.00424471	124.698	-665.977	26.9235	5	3	3	3	384.391	378	50.8551	1.70621	-0.174266	0.451366	6.85394	44.9273	19.9942	95.464	1	1	1	1	0	0	0	0
11.08.2015 21:21:50.820000	0	-0.00428328	0.00424471	124.703	-665.977	26.9233	5	3	3	3	378.605	378	50.9014	1.71226	-0.168211	0.451366	6.85437	44.9746	20.0541	95.4156	1	1	1	1	0	0	0	0
11.08.2015 21:21:50.920000	0	-0.00428328	0.00424471	124.698	-665.977	26.9274	5	3	3	3	401.397	378	50.9481	1.71757	-0.162903	0.451366	6.8591	45.0156	20.0961	95.4119	1	1	1	1	0	0	0	0
11.08.2015 21:21:51.020000	0	-0.00428328	0.00424471	124.699	-665.977	26.9314	5	3	3	3	347.252	378	50.9924	1.70172	-0.178751	0.451366	6.84181	45.0526	20.1426	95.3754	1	1	1	1	0	0	0	0
11.08.2015 21:21:51.120000	0	-0.00428328	0.00424471	124.701	-665.977	26.9358	5	3	3	3	369.523	378	51.0362	1.71673	-0.163743	0.45135	6.89541	45.0885	20.1737	95.3939	1	1	1	1	0	0	0	0
11.08.2015 21:21:51.220000	0	-0.00428328	0.00424471	124.699	-665.977	26.9401	5	3	3	3	358.635	378	51.0854	1.73999	-0.140482	0.450553	6.87594	45.1167	20.2094	95.3654	1	1	1	1	0	0	0	0
11.08.2015 21:21:51.320000	0	-0.00428328	0.00424471	124.703	-665.977	26.9448	5	3	3	3	377.126	378	51.1347	1.76985	-0.110622	0.450553	6.87483	45.1454	20.2377	95.3665	1	1	1	1	0	0	0	0
11.08.2015 21:21:51.420000	0	-0.00428328	0.00424471	124.695	-665.977	26.9482	5	3	3	3	419.303	378	51.1819	1.79034	-0.0901313	0.450553	6.88063	45.1725	20.2598	95.3855	1	1	1	1	0	0	0	0
11.08.2015 21:21:51.520000	0	-0.00428328	0.00424471	124.703	-665.977	26.9531	5	3	3	3	383.867	378	51.2272	1.76823	-0.112243	0.450553	6.83772	45.1923	20.2921	95.3378	1	1	1	1	0	0	0	0
11.08.2015 21:21:51.620000	0	-0.00428328	0.00424471	124.699	-665.977	26.9548	5	3	3	3	347.334	378	51.2734	1.74735	-0.133121	0.450553	6.85803	45.2162	20.3127	95.3504	1	1	1	1	0	0	0	0
11.08.2015 21:21:51.720000	0	-0.00428328	0.00424471	124.698	-665.977	26.956	5	3	3	3	363.791	378	51.3217	1.76323	-0.117241	0.46748	6.87378	45.2366	20.3294	95.3649	1	1	1	1	0	0	0	0
11.08.2015 21:21:51.820000	0	-0.00428328	0.00424471	124.695	-665.977	26.958	5	3	3	3	346.208	378	51.3694	1.78713	-0.0933505	0.472825	6.87552	45.2499	20.3525	95.327	1	1	1	1	0	0	0	0
11.08.2015 21:21:51.920000	0	-0.00428328	0.00424471	124.698	-665.977	26.9611	5	3	3	3	362.607	378	51.4142	1.83472	-0.0457547	0.472825	6.87794	45.2652	20.3619	95.3497	1	1	1	1	0	0	0	0
11.08.2015 21:21:52.020000	0	-0.00428328	0.00424471	124.703	-665.977	26.9591	5	3	3	3	374.489	378	51.4615	1.88357	0.00309568	0.472825	6.86874	45.2663	20.3788	95.2892	1	1	1	1	0	0	0	0
11.08.2015 21:21:52.120000	0	-0.00428328	0.00424471	124.701	-665.977	26.9553	5	3	3	3	357.343	378	51.5112	1.91315	0.0326745	0.472825	6.85498	45.276	20.3878	95.2922	1	1	1	1	0	0	0	0
11.08.2015 21:21:52.220000	0	-0.00428328	0.00424471	124.703	-665.977	26.9553	5	3	3	3	376.814	378	51.5604	1.94687	0.0663953	0.475876	6.85624	45.2835	20.3881	95.3198	1	1	1	1	0	0	0	0
11.08.2015 21:21:52.320000	0	-0.00428328	0.00424471	124.703	-665.977	26.951	5	3	3	3	389.525	378	51.6107	1.97812	0.0976487	0.478273	6.85994	45.2766	20.3992	95.2508	1	1	1	1	0	0	0	0
11.08.2015 21:21:52.420000	0	-0.00428328	0.00424471	124.703	-665.977	26.9542	5	3	3	3	350.391	378	51.6619	1.99104	0.110561	0.478273	6.83705	45.2689	20.403	95.2064	1	1	1	1	0	0	0	0
11.08.2015 21:21:52.520000	0	-0.00428328	0.00424471	124.698	-665.977	26.9564	5	3	3	3	340.861	378	51.7156	2.02795	0.147471	0.478273	6.86338	45.2682	20.4042	95.1992	1	1	1	1	0	0	0	0
11.08.2015 21:21:52.620000	0	-0.00428328	0.00424471	124.703	-665.977	26.9618	5	3	3	3	375.22	378	51.7679	2.07819	0.197713	0.478273	6.84748	45.2585	20.397	95.1896	1	1	1	1	0	0	0	0
11.08.2015 21:21:52.720000	0	-0.00428328	0.00424471	124.703	-665.977	26.9647	5	3	3	3	379.93	378	51.8206	2.12478	0.244304	0.512338	6.84716	45.2335	20.4149	95.0256	1	1	1	1	0	0	0	0
11.08.2015 21:21:52.820000	0	-0.00428328	0.00424471	124.703	-665.98	26.9678	5	3	3	3	451.365	378	51.8738	2.13853	0.258057	0.521393	6.83931	45.222	20.4096	95.0017	1	1	1	1	0	0	0	0
11.08.2015 21:21:52.920000	0	-0.00428328	0.00424471	124.698	-665.977	26.968	5	3	3	3	362.733	378	51.932	2.09477	0.214291	0.521393	6.70493	45.2054	20.4117	94.93	1	1	1	1	0	0	0	0
11.08.2015 21:21:53.020000	0	-0.00428328	0.00424471	124.703	-665.977	26.9683	5	3	3	3	372.032	378	51.9837	2.06974	0.189264	0.521393	6.79407	45.2024	20.41	94.9251	1	1	1	1	0	0	0	0
11.08.2015 21:21:53.120000	0	-0.00428328	0.00424471	124.698	-665.977	26.9701	5	3	3	3	305.235	378	52.0355	2.07822	0.197741	0.522494	6.8226	45.1912	20.4128	94.8716	1	1	1	1	0	0	0	0
11.08.2015 21:21:53.220000	0	-0.00428328	0.00424471	124.703	-665.977	26.9743	5	3	3	3	363.328	378	52.0912	2.13958	0.259103	0.531403	6.87214	45.1781	20.4009	94.8669	1	1	1	1	0	0	0	0
11.08.2015 21:21:53.320000	0	-0.00428328	0.00424471	124.701	-665.977	26.9781	5	3	3	3	368.195	378	52.1464	2.19712	0.316646	0.531403	6.84928	45.1759	20.3928	94.8898	1	1	1	1	0	0	0	0
11.08.2015 21:21:53.420000	0	-0.00428328	0.00424471	124.699	-665.977	26.9797	5	3	3	3	345.689	378	52.2001	2.25528	0.374805	0.531403	6.83848	45.1563	20.3843	94.8473	1	1	1	1	0	0	0	0
11.08.2015 21:21:53.520000	0	-0.00428328	0.00424471	124.703	-665.977	26.9799	5	3	3	3	359.481	378	52.2558	2.32037	0.439898	0.531403	6.8354	45.131	20.3694	94.8073	1	1	1	1	0	0	0	0
11.08.2015 21:21:53.620000	0	-0.00428328	0.00424471	124.695	-665.977	26.983	5	3	3	3	444.086	378	52.3135	2.36944	0.488963	0.554184	6.81467	45.1204	20.3518	94.8342	1	1	1	1	0	0	0	0
11.08.2015 21:21:53.720000	0	-0.00428328	0.00424471	124.701	-665.977	26.9828	5	3	3	3	310.203	378	52.3712	2.37731	0.49683	0.563948	6.81652	45.0991	20.3523	94.7505	1	1	1	1	0	0	0	0
11.08.2015 21:21:53.820000	0	-0.00428328	0.00424471	124.703	-665.977	26.9819	5	3	3	3	408.054	378	52.4364	2.41641	0.53593	0.563948	6.83744	45.0924	20.3333	94.7979	1	1	1	1	0	0	0	0
11.08.2015 21:21:53.920000	0	-0.00428328	0.00424471	124.701	-665.977	26.9795	5	3	3	3	327.216	378	52.4956	2.42517	0.544697	0.563948	6.7898	45.0778	20.3294	94.7566	1	1	1	1	0	0	0	0
11.08.2015 21:21:54.020000	0	-0.00428328	0.00424471	124.699	-665.977	26.9748	5	3	3	3	362.035	378	52.5548	2.46857	0.588095	0.583383	6.81176	45.0665	20.3092	94.7909	1	1	1	1	0	0	0	0
11.08.2015 21:21:54.120000	0	-0.00428328	0.00424471	124.703	-665.977	26.9723	5	3	3	3	376.319	378	52.613	2.51224	0.631762	0.599284	6.82253	45.0476	20.2962	94.7685	1	1	1	1	0	0	0	0
11.08.2015 21:21:54.220000	0	-0.00428328	0.00424471	124.703	-665.977	26.9699	5	3	3	3	385.89	378	52.6806	2.53391	0.653431	0.599284	6.80036	45.026	20.2692	94.7891	1	1	1	1	0	0	0	0
11.08.2015 21:21:54.320000	0	-0.00428328	0.00424471	124.701	-665.977	26.9658	5	3	3	3	357.705	378	52.7448	2.55531	0.674839	0.599284	6.783	45.0025	20.2582	94.7407	1	1	1	1	0	0	0	0
11.08.2015 21:21:54.420000	0	-0.00428328	0.00424471	124.699	-665.977	26.9629	5	3	3	3	357.569	378	52.804	2.59743	0.716958	0.612738	6.78335	44.9887	20.2419	94.7507	1	1	1	1	0	0	0	0
11.08.2015 21:21:54.520000	0	-0.00428328	0.00424471	124.701	-665.979	26.9625	5	3	3	3	355.78	378	52.8667	2.64537	0.764898	0.62331	6.79682	44.9773	20.2319	94.7454	1	1	1	1	0	0	0	0
11.08.2015 21:21:54.620000	0	-0.00428328	0.00424471	124.703	-665.977	26.9607	5	3	3	3	353.92	378	52.9398	2.68776	0.807289	0.62331	6.78281	44.9599	20.2177	94.733	1	1	1	1	0	0	0	0
11.08.2015 21:21:54.720000	0	-0.00428328	0.00424471	124.701	-665.977	26.9607	5	3	3	3	358.38	378	53.0015	2.74245	0.86197	0.62331	6.80571	44.9388	20.1902	94.7575	1	1	1	1	0	0	0	0
11.08.2015 21:21:54.820000	0	-0.00428328	0.00424471	124.699	-665.98	26.9634	5	3	3	3	418.86	378	53.0671	2.7919	0.91142	0.648661	6.80447	44.9157	20.1644	94.768	1	1	1	1	0	0	0	0
11.08.2015 21:21:54.920000	0	-0.00428328	0.00424471	124.703	-665.977	26.9687	5	3	3	3	400.419	378	53.1412	2.78995	0.909478	0.656234	6.76914	44.8805	20.1502	94.6874	1	1	1	1	0	0	0	0
11.08.2015 21:21:55.020000	0	-0.00428328	0.00424471	124.703	-665.977	26.9803	5	3	3	3	357.64	378	53.2029	2.76633	0.88585	0.656234	6.73915	44.86	20.1341	94.6703	1	1	1	1	0	0	0	0
11.08.2015 21:21:55.120000	0	-0.00428328	0.00424471	124.703	-665.977	26.986	5	3	3	3	348.012	378	53.2711	2.77322	0.892748	0.658796	6.76214	44.848	20.122	94.6708	1	1	1	1	0	0	0	0
11.08.2015 21:21:55.220000	0	-0.00428328	0.00424471	124.703	-665.977	26.9933	5	3	3	3	376.758	378	53.3417	2.80226	0.921785	0.679524	6.7637	44.8508	20.1041	94.75	1	1	1	1	0	0	0	0
11.08.2015 21:21:55.320000	0	-0.00428328	0.00424471	124.703	-665.979	26.9954	5	3	3	3	348.402	378	53.4034	2.83628	0.955807	0.679524	6.76487	44.8241	20.0931	94.69	1	1	1	1	0	0	0	0
11.08.2015 21:21:55.420000	0	-0.00428328	0.00424471	124.703	-665.977	26.9992	5	3	3	3	365.215	378	53.475	2.87839	0.997914	0.679524	6.75744	44.7871	20.0688	94.6414	1	1	1	1	0	0	0	0
11.08.2015 21:21:55.520000	0	-0.00428328	0.00424471	124.701	-665.979	26.9994	5	3	3	3	359.995	378	53.5461	2.92485	1.04437	0.682219	6.76672	44.7877	20.0561	94.6923	1	1	1	1	0	0	0	0
11.08.2015 21:21:55.620000	0	-0.00428328	0.00424471	124.703	-665.977	27.0003	5	3	3	3	423.484	378	53.6133	2.95639	1.07591	0.685139	6.76603	44.775	20.033	94.7323	1	1	1	1	0	0	0	0
11.08.2015 21:21:55.720000	0	-0.00428328	0.00424471	124.701	-665.977	26.9965	5	3	3	3	345.301	378	53.6909	2.95656	1.07609	0.685139	6.74996	44.7407	20.0198	94.6516	1	1	1	1	0	0	0	0
11.08.2015 21:21:55.820000	0	-0.00428328	0.00424471	124.703	-665.977	26.9916	5	3	3	3	388.312	378	53.7546	2.96795	1.08747	0.685139	6.74449	44.7013	20.0001	94.5759	1	1	1	1	0	0	0	0
11.08.2015 21:21:55.920000	0	-0.00428328	0.00424471	124.701	-665.982	26.9871	5	3	3	3	315.845	378	53.8312	2.98971	1.10923	0.703556	6.76632	44.6901	19.991	94.568	1	1	1	1	0	0	0	0
11.08.2015 21:21:56.020000	0	-0.00428328	0.00424471	124.699	-665.977	26.9878	5	3	3	3	364.374	378	53.8993	3.047	1.16653	0.704525	6.7588	44.7051	19.9666	94.719	1	1	1	1	0	0	0	0
11.08.2015 21:21:56.120000	0	-0.00428328	0.00424471	124.703	-665.982	26.9875	5	3	3	3	376.988	378	53.9759	3.10357	1.2231	0.704525	6.74876	44.7039	19.939	94.8201	1	1	1	1	0	0	0	0
11.08.2015 21:21:56.220000	0	-0.00428328	0.00424471	124.703	-665.98	26.9857	5	3	3	3	367.169	378	54.0456	3.13456	1.25409	0.715218	6.74291	44.5856	19.9218	94.4327	1	1	1	1	0	0	0	0
11.08.2015 21:21:56.320000	0	-0.00428328	0.00424471	124.703	-665.982	26.9868	5	3	3	3	366.734	378	54.1236	3.17044	1.28997	0.725088	6.77105	44.6117	19.9024	94.6068	1	1	1	1	0	0	0	0
11.08.2015 21:21:56.420000	0	-0.00428328	0.00424471	124.703	-665.977	26.9884	5	3	3	3	398.346	378	54.1953	3.21256	1.33209	0.725088	6.76026	44.6253	19.8721	94.7748	1	1	1	1	0	0	0	0
11.08.2015 21:21:56.520000	0	-0.00428328	0.00424471	124.703	-665.979	26.9907	5	3	3	3	336.845	378	54.2749	3.2289	1.34843	0.733945	6.72067	44.5682	19.8652	94.5829	1	1	1	1	0	0	0	0
11.08.2015 21:21:56.620000	0	-0.00428328	0.00424471	124.703	-665.98	26.9911	5	3	3	3	412.713	378	54.3475	3.25393	1.37346	0.760514	6.7503	44.5914	19.8439	94.7533	1	1	1	1	0	0	0	0
11.08.2015 21:21:56.720000	0	-0.00428328	0.00424471	124.703	-665.982	26.9904	5	3	3	3	326.978	378	54.4271	3.25883	1.37835	0.760514	6.73265	44.528	19.8583	94.4553	1	1	1	1	0	0	0	0
11.08.2015 21:21:56.820000	0	-0.00428328	0.00424471	124.703	-665.984	26.9824	5	3	3	3	380.953	378	54.4992	3.29342	1.41294	0.760585	6.73579	44.4365	19.8247	94.2338	1	1	1	1	0	0	0	0
11.08.2015 21:21:56.920000	0	-0.00428328	0.00424471	124.703	-665.979	26.9661	5	3	3	3	341.178	378	54.5843	3.33794	1.45746	0.767619	6.75041	44.5023	19.8069	94.5535	1	1	1	1	0	0	0	0
11.08.2015 21:21:57.020000	0	-0.00428328	0.00424471	124.703	-665.984	26.9602	5	3	3	3	381.909	378	54.6574	3.39447	1.514	0.767619	6.77703	44.4086	19.7685	94.3422	1	1	1	1	0	0	0	0
11.08.2015 21:21:57.120000	0	-0.00428328	0.00424471	124.703	-665.982	26.9575	5	3	3	3	383.532	378	54.7409	3.42512	1.54464	0.767619	6.7908	44.4151	19.7458	94.4539	1	1	1	1	0	0	0	0
11.08.2015 21:21:57.220000	0	-0.00428328	0.00424471	124.703	-665.984	26.9591	5	3	3	3	408.747	378	54.8195	3.44101	1.56053	0.786446	6.76366	44.3643	19.7117	94.3897	1	1	1	1	0	0	0	0
11.08.2015 21:21:57.320000	0	-0.00428328	0.00424471	124.701	-665.979	26.9622	5	3	3	3	357.253	378	54.8966	3.4273	1.54683	0.789511	6.72596	44.323	19.6982	94.2836	1	1	1	1	0	0	0	0
11.08.2015 21:21:57.420000	0	-0.00428328	0.00424471	124.703	-665.98	26.9683	5	3	3	3	328.001	378	54.9832	3.43402	1.55354	0.789511	6.75421	44.3037	19.6789	94.2836	1	1	1	1	0	0	0	0
11.08.2015 21:21:57.520000	0	-0.00428328	0.00424471	124.703	-665.977	26.9813	5	3	3	3	345.491	378	55.0568	3.48822	1.60775	0.791383	6.77613	44.3415	19.6571	94.5117	1	1	1	1	0	0	0	0
11.08.2015 21:21:57.620000	0	-0.00428328	0.00424471	124.703	-665.984	26.9895	5	3	3	3	361.162	378	55.1394	3.55624	1.67576	0.792111	6.76584	44.3482	19.6245	94.6622	1	1	1	1	0	0	0	0
11.08.2015 21:21:57.720000	0	-0.00428328	0.00424471	124.703	-665.982	26.9998	5	3	3	3	408.083	378	55.2229	3.61069	1.73022	0.792111	6.75082	44.2888	19.5978	94.5369	1	1	1	1	0	0	0	0
11.08.2015 21:21:57.820000	0	-0.00428328	0.00424471	124.703	-665.984	27.0068	5	3	3	3	376.665	378	55.305	3.62801	1.74754	0.818712	6.71878	44.2023	19.5726	94.3023	1	1	1	1	0	0	0	0
11.08.2015 21:21:57.920000	0	-0.00428328	0.00424471	124.703	-665.982	27.0114	5	3	3	3	380.317	378	55.3886	3.64263	1.76215	0.829057	6.72648	44.2191	19.5395	94.4932	1	1	1	1	0	0	0	0
11.08.2015 21:21:58.020000	0	-0.00428328	0.00424471	124.703	-665.98	27.0182	5	3	3	3	405.992	378	55.4751	3.6361	1.75563	0.829057	6.71591	44.1596	19.5168	94.3525	1	1	1	1	0	0	0	0
11.08.2015 21:21:58.120000	0	-0.00428328	0.00424471	124.703	-665.982	27.0229	5	3	3	3	385.764	378	55.5567	3.6052	1.72473	0.837528	6.69702	44.0883	19.5025	94.134	1	1	1	1	0	0	0	0
11.08.2015 21:21:58.220000	0	-0.00428328	0.00424471	124.703	-665.984	27.0285	5	3	3	3	335.851	378	55.6383	3.59858	1.71811	0.840203	6.73209	44.18	19.4893	94.5357	1	1	1	1	0	0	0	0
11.08.2015 21:21:58.320000	0	-0.00428328	0.00424471	124.703	-665.984	27.0341	5	3	3	3	369.771	378	55.7293	3.62159	1.74112	0.840203	6.75645	44.0422	19.4811	94.0396	1	1	1	1	0	0	0	0
11.08.2015 21:21:58.420000	0	-0.00428328	0.00424471	124.703	-665.984	27.0426	5	3	3	3	311.481	378	55.8084	3.65957	1.7791	0.833704	6.79407	44.2746	19.471	94.9681	1	1	1	1	0	0	0	0
11.08.2015 21:21:58.520000	0	-0.00428328	0.00424471	124.703	-665.982	27.0457	5	3	3	3	416.895	378	55.894	3.72451	1.84403	0.831762	6.76004	43.8455	19.4486	93.4107	1	1	1	1	0	0	0	0
11.08.2015 21:21:58.620000	0	-0.00428328	0.00424471	124.699	-665.98	27.0513	5	3	3	3	324.065	378	55.983	3.75149	1.87101	0.831762	6.70035	44.2528	19.4327	95.0314	1	1	1	1	0	0	0	0
11.08.2015 21:21:58.720000	0	-0.00428328	0.00424471	124.703	-665.984	27.0562	5	3	3	3	351.867	378	56.0705	3.80673	1.92625	0.863057	6.74345	44.0278	19.4067	94.2693	1	1	1	1	0	0	0	0
11.08.2015 21:21:58.820000	0	-0.00428328	0.00424471	124.703	-665.984	27.0627	5	3	3	3	392.858	378	56.1581	3.86974	1.98927	0.866535	6.74617	44.1355	19.3685	94.8279	1	1	1	1	0	0	0	0
11.08.2015 21:21:58.920000	0	-0.00428328	0.00424471	124.703	-665.984	27.0638	5	3	3	3	361.05	378	56.2466	3.91649	2.03601	0.869519	6.6934	43.9498	19.3422	94.2174	1	1	1	1	0	0	0	0
11.08.2015 21:21:59.020000	0	-0.00428328	0.00424471	124.703	-665.984	27.0605	5	3	3	3	414.187	378	56.3357	3.94367	2.0632	0.891406	6.6431	43.8671	19.3006	94.0599	1	1	1	1	0	0	0	0
11.08.2015 21:21:59.120000	0	-0.00428328	0.00424471	124.701	-665.984	27.0573	5	3	3	3	359.039	378	56.4292	3.93963	2.05915	0.891406	6.63145	43.975	19.3062	94.4521	1	1	1	1	0	0	0	0
11.08.2015 21:21:59.220000	0	-0.00428328	0.00424471	124.703	-665.984	27.0524	5	3	3	3	373.256	378	56.5192	3.94449	2.06401	0.896081	6.67386	43.8852	19.2744	94.2298	1	1	1	1	0	0	0	0
11.08.2015 21:21:59.320000	0	-0.00428328	0.00424471	124.703	-665.984	27.049	5	3	3	3	377.978	378	56.6083	3.9604	2.07993	0.904391	6.69693	43.873	19.2504	94.241	1	1	1	1	0	0	0	0
11.08.2015 21:21:59.420000	0	-0.00428328	0.00424471	124.703	-665.984	27.0448	5	3	3	3	394.211	378.001	56.7013	3.96716	2.08667	0.904391	6.67768	43.7406	19.2189	93.8629	1	1	1	1	0.19	0	0	0
11.08.2015 21:21:59.520000	0	-0.00428328	0.00424471	124.703	-665.984	27.0454	5	3	3	3	340.264	378.248	56.7908	3.96458	2.08412	0.908628	6.6622	43.6687	19.2126	93.8379	1	1	1	1	1	0	0	0
11.08.2015 21:21:59.620000	0	-0.00428328	0.00424471	124.703	-665.984	27.0432	5	3	3	3	337.794	379.309	56.8848	4.07178	2.19134	0.911011	6.71141	43.6075	19.1946	93.4722	1	1	1	1	1	0	0	0
11.08.2015 21:21:59.720000	0	-0.00428328	0.00424471	124.703	-665.984	27.0493	5	3	3	3	372.808	381.254	56.9803	4.27232	2.39185	0.911011	6.69482	43.5484	19.1439	93.4399	1	1	1	1	1	0	0	0
11.08.2015 21:21:59.820000	0	-0.00428328	0.00424471	124.703	-665.984	27.0508	5	3	3	3	371.439	384.084	57.0838	4.45988	2.57941	0.942078	6.65963	43.7311	19.0869	94.3579	1	1	1	1	1	0	0	0
11.08.2015 21:21:59.920000	0	-0.00428328	0.00424471	124.703	-665.984	27.049	5	3	3	3	418.109	387.801	57.1872	4.62941	2.74893	0.942078	6.67156	43.6425	19.0014	94.3457	1	1	1	1	1	0	0	0
11.08.2015 21:22:00.020000	0	-0.00428328	0.00424471	124.703	-665.984	27.0492	5	3	3	3	423.441	392.406	57.2952	4.70076	2.82028	1.01771	6.67044	43.8195	18.9116	95.3672	1	1	1	1	1	0	0	0
11.08.2015 21:22:00.120000	0	-0.00428328	0.00424471	124.703	-665.984	27.0461	5	3	3	3	362.858	397.895	57.4006	4.7205	2.84002	1.05843	6.65175	43.2409	18.8457	93.4044	1	1	1	1	1	0	0	0
11.08.2015 21:22:00.220000	0	-0.00428328	0.00424471	124.703	-665.984	27.0432	5	3	3	3	441.146	404.27	57.5096	4.8387	2.95823	1.0684	6.67237	43.5681	18.777	94.9202	1	1	1	1	1	0	0	0
11.08.2015 21:22:00.320000	0	-0.00428328	0.00424471	124.703	-665.984	27.0435	5	3	3	3	463.059	411.532	57.6165	4.85371	2.97323	1.08612	6.62546	43.2882	18.7127	94.0947	1	1	1	1	1	0	0	0
11.08.2015 21:22:00.420000	0	-0.00428328	0.00424471	124.703	-665.984	27.0459	5	3	3	3	414.302	419.678	57.7279	4.79695	2.91647	1.08555	6.62185	43.4449	18.6783	94.8265	1	1	1	1	1	0	0	0
11.08.2015 21:22:00.520000	0	-0.00428328	0.00424471	124.703	-665.984	27.053	5	3	3	3	404.712	428.712	57.8339	4.83096	2.95049	1.0721	6.65165	43.3862	18.6547	94.6918	1	1	1	1	1	0	0	0
11.08.2015 21:22:00.620000	0	-0.00428328	0.00424471	124.703	-665.98	27.0681	5	3	3	3	319.736	438.633	57.9423	5.06397	3.1835	1.0721	6.64507	43.005	18.6268	93.3392	1	1	1	1	1	0	0	0
11.08.2015 21:22:00.720000	0	-0.00428328	0.00424471	124.703	-665.984	27.0848	5	3	3	3	456.373	449.438	58.0562	5.59513	3.71466	1.09024	6.66246	42.7721	18.5318	92.8113	1	1	1	1	1	0	0	0
11.08.2015 21:22:00.820000	0	-0.00428328	0.00424471	124.703	-665.984	27.0893	5	3	3	3	503.919	461.13	58.1915	6.08312	4.20265	1.09566	6.65272	42.7859	18.3377	93.6075	1	1	1	1	1	0	0	0
11.08.2015 21:22:00.920000	0	-0.00428328	0.00424471	124.703	-665.984	27.0913	5	3	3	3	504.226	473.707	58.3338	6.3567	4.47622	1.32449	6.59577	42.4259	18.1299	93.0242	1	1	1	1	1	0	0	0
11.08.2015 21:22:01.020000	0	-0.00428328	0.00424471	124.703	-665.984	27.0888	5	3	3	3	548.325	487.173	58.48	6.51976	4.63928	1.3705	6.58502	42.5107	17.9081	94.1983	1	1	1	1	1	0	0	0
11.08.2015 21:22:01.120000	0	-0.00428328	0.00424471	124.703	-665.984	27.0826	5	3	3	3	511.723	501.523	58.6248	6.56406	4.68358	1.46307	6.52833	42.3271	17.7481	94.1081	1	1	1	1	1	0	0	0
11.08.2015 21:22:01.220000	0	-0.00428328	0.00424471	124.703	-665.984	27.0812	5	3	3	3	520.739	516.758	58.77	6.6315	4.75103	1.45452	6.53472	42.1014	17.6108	93.7694	1	1	1	1	1	0	0	0
11.08.2015 21:22:01.320000	0	-0.00428328	0.00424471	124.703	-665.984	27.0725	5	3	3	3	500.906	532.882	58.9183	6.85327	4.97279	1.44598	6.56119	42.1423	17.4877	94.3976	1	1	1	1	1	0	0	0
11.08.2015 21:22:01.420000	0	-0.00428328	0.00424471	124.703	-665.984	27.0703	5	3	3	3	443.053	549.891	59.074	7.27187	5.3914	1.48989	6.54868	41.8052	17.3557	93.6124	1	1	1	1	1	0	0	0
11.08.2015 21:22:01.520000	0	-0.00428328	0.00424471	124.703	-665.984	27.0645	5	3	3	3	487.401	567.784	59.2441	7.99321	6.11273	1.56392	6.59438	41.4532	17.1211	93.163	1	1	1	1	1	0	0	0
11.08.2015 21:22:01.620000	0	-0.00428328	0.00424471	124.703	-665.984	27.0633	5	3	3	3	640.428	586.565	59.4296	8.84637	6.96589	1.69797	6.63999	41.1674	16.8055	93.2768	1	1	1	1	1	0	0	0
11.08.2015 21:22:01.720000	0	-0.00428328	0.00424471	124.703	-665.984	27.0736	5	3	3	3	631.667	606.231	59.6336	9.42224	7.54176	1.92816	6.51189	40.8357	16.463	93.3182	1	1	1	1	1	0	0	0
11.08.2015 21:22:01.820000	0	-0.00428328	0.00424471	124.703	-665.984	27.0855	5	3	3	3	572.638	626.784	59.8465	9.89109	8.01061	2.07048	6.4491	40.4096	16.1268	92.9739	1	1	1	1	1	0	0	0
11.08.2015 21:22:01.920000	0	-0.00428328	0.00424471	124.703	-665.984	27.0953	5	3	3	3	694.736	648.221	60.0708	10.4687	8.58818	2.1734	6.45731	40.1083	15.8189	92.9992	1	1	1	1	1	0	0	0
11.08.2015 21:22:02.020000	0	-0.00428328	0.00424471	124.703	-665.984	27.1002	5	3	3	3	592.158	670.546	60.3036	11.0087	9.12818	2.26896	6.37781	39.9155	15.5579	93.2604	1	1	1	1	1	0	0	0
11.08.2015 21:22:02.120000	0	-0.00428328	0.00424471	124.701	-665.984	27.1036	5	3	3	3	641.964	693.757	60.5533	11.7979	9.91741	2.42668	6.41734	39.4386	15.2837	92.4843	1	1	1	1	1	0	0	0
11.08.2015 21:22:02.220000	0	-0.00428328	0.00424471	124.703	-665.984	27.1061	5	3	3	3	673.502	717.854	60.8169	12.6883	10.8078	2.56107	6.41084	39.1784	15.0052	92.5544	1	1	1	1	1	0	0	0
11.08.2015 21:22:02.320000	0	-0.00428328	0.00424471	124.703	-665.984	27.1097	5	3	3	3	719.177	742.836	61.1019	13.5809	11.7004	2.73039	6.39267	38.9235	14.6996	92.7486	1	1	1	1	1	0	0	0
11.08.2015 21:22:02.420000	0	-0.00428328	0.00424471	124.703	-665.984	27.1083	5	3	3	3	855.273	768.705	61.4029	14.386	12.5055	3.00484	6.39345	38.6895	14.4239	92.908	1	1	1	1	1	0	0	0
11.08.2015 21:22:02.520000	0	-0.00428328	0.00424471	124.703	-665.984	27.1036	5	3	3	3	713.726	795.461	61.7192	14.973	13.0926	3.10008	6.2328	38.4285	14.251	92.5708	1	1	1	1	1	0	0	0
11.08.2015 21:22:02.620000	0	-0.00428328	0.00424471	124.703	-665.984	27.0974	5	3	3	3	768.65	823.102	62.0455	15.8398	13.9593	3.22549	6.28784	38.2261	14.04	92.6035	1	1	1	1	1	0	0	0
11.08.2015 21:22:02.720000	0	-0.00428328	0.00424471	124.703	-665.984	27.0927	5	3	3	3	863.149	625.414	62.3922	16.8022	7.79322	3.45601	6.18801	38.0641	13.8745	92.6173	1	1	1	1	1	0.47	0	0.47
11.08.2015 21:22:02.820000	0	-0.00428328	0.00424471	124.703	-665.984	27.0844	5	3	3	3	1715.94	378	64.4307	17.0475	0	43.3056	6.09976	86.6746	16.9264	267.052	1	1	1	1	1	1	0.35	1
11.08.2015 21:22:02.920000	0	-0.00428328	0.00424471	124.703	-666	27.0797	5	3	3	3	894.643	378	66.1159	17.0475	0	31.077	4.58046	104.051	0.814295	395.274	1	1	1	1	1	1	1	1
11.08.2015 21:22:03.020000	0	-0.00428328	0.00424471	124.727	-665.895	27.0784	5	3	3	3	10.4131	378	66.107	17.0475	0	31.077	3.16356	116.38	0.722007	442.83	1	1	1	1	1	1	1	1
11.08.2015 21:22:03.120000	0	-0.00428328	0.00424471	124.721	-666.07	24.1497	5	3	3	3	1.23554	378	66.107	2.0457	0	31.077	2.19185	125.596	0.60976	478.549	1	1	1	1	1	1	1	0.12
11.08.2015 21:22:03.220000	0	-0.00428328	0.00424471	124.719	-666.074	19.3424	5	3	3	3	0.440579	378	66.107	0	0	31.077	1.59385	125.694	0.635823	478.823	1	1	1	1	1	1	1	0
11.08.2015 21:22:03.320000	0	-0.00428328	0.00424471	124.721	-666.057	16.3625	5	3	3	3	0.446936	378	66.107	0	0	31.077	1.17505	125.333	0.605365	477.557	1	1	1	1	1	1	1	0
11.08.2015 21:22:03.420000	0	-0.00428328	0.00424471	124.719	-666.059	13.0838	5	3	3	3	0.446702	378	66.1313	0	0	31.077	0.978125	125.588	0.598407	478.56	1	1	1	1	1	1	1	0
11.08.2015 21:22:03.520000	0	-0.00428328	0.00424471	124.714	-666.052	10.3657	5	3	3	3	0.445221	378	66.1567	0	0	31.077	0.82691	125.655	0.598102	478.82	1	1	1	1	1	1	1	0
11.08.2015 21:22:03.620000	0	-0.00428328	0.00424471	124.695	-666.098	8.32411	5	3	3	3	0.44412	378	66.1567	0	0	31.077	0.710431	125.751	0.606525	479.153	1	1	1	1	1	1	1	0
11.08.2015 21:22:03.720000	0	-0.00428328	0.00424471	124.69	-666.094	7.2215	5	3	3	3	0.340658	378	66.1567	0	0	31.077	0.610619	125.824	0.603229	479.444	1	1	1	1	1	1	1	0
11.08.2015 21:22:03.820000	0	-0.00428328	0.00424471	124.684	-666.078	6.04221	5	3	3	3	0.271486	378	66.1567	0	0	22.997	0.554955	125.926	0.607013	479.821	1	1	1	1	1	1	1	0
11.08.2015 21:22:03.920000	0	-0.00428328	0.00424471	124.688	-666.086	4.90198	5	3	3	3	0.267867	378	66.1567	0	0	0	0.506445	126.05	0.604144	480.305	1	1	1	1	1	1	1	0
11.08.2015 21:22:04.020000	0	-0.00428328	0.00424471	124.688	-666.086	4.26758	5	3	3	3	0.274188	378	66.1567	0	0	0	0.459758	126.169	0.611469	480.735	1	1	1	1	1	1	1	0
11.08.2015 21:22:04.120000	0	-0.00428328	0.00424471	124.688	-666.094	3.79919	5	3	3	3	0.259954	378	66.1567	0	0	0	0.425239	126.285	0.601947	481.217	1	1	1	1	1	1	1	0
11.08.2015 21:22:04.220000	0	-0.00428328	0.00424471	124.684	-666.086	3.30024	5	3	3	3	0.245653	378	66.1567	0	0	0	0.4011	126.384	0.605487	481.58	1	1	1	1	1	1	1	0
11.08.2015 21:22:04.320000	0	-0.00428328	0.00424471	124.69	-666.094	2.84903	5	3	3	3	0.219981	378	66.1567	0	0	0	0.376758	126.476	0.605548	481.935	1	1	1	1	1	1	1	0
11.08.2015 21:22:04.420000	0	-0.00428328	0.00424471	124.688	-666.09	2.05946	5	3	3	3	0.224492	378	66.1567	0	0	0	0.352582	126.567	0.607074	482.275	1	1	1	1	1	1	1	0
11.08.2015 21:22:04.520000	0	-0.00428328	0.00424471	124.688	-666.089	0.603299	5	3	3	3	0.2392	378	66.1567	0	0	0	0.336972	126.651	0.603107	482.614	1	1	1	1	1	1	1	0
11.08.2015 21:22:04.620000	0	-0.00428328	0.00424471	124.688	-666.09	0.139431	5	3	3	3	0.258363	378	66.1567	0	0	0	0.322743	126.728	0.604327	482.901	1	1	1	1	1	1	1	0
11.08.2015 21:22:04.720000	0	-0.00428328	0.00424471	124.688	-666.086	0.118273	5	3	3	3	0.248131	378	66.1567	0	0	0	0.307769	126.798	0.605426	483.166	1	1	1	1	1	1	1	0
11.08.2015 21:22:04.820000	0	-0.00428328	0.00424471	124.688	-666.086	0.101997	5	3	3	3	0.283211	378	66.1567	0	0	0	0.29464	126.867	0.606159	483.428	1	1	1	1	1	1	1	0
11.08.2015 21:22:04.920000	0	-0.00428328	0.00424471	124.688	-666.089	0.0896991	5	3	3	3	0.289458	378	66.1567	0	0	0	0.285836	126.929	0.605609	483.667	1	1	1	1	1	1	1	0
11.08.2015 21:22:05.020000	0	-0.00428328	0.00424471	124.691	-666.086	0.0748698	5	3	3	3	0.28275	378	66.1567	0	0	0	0.27712	126.987	0.607624	483.882	1	1	1	1	1	1	1	0
11.08.2015 21:22:05.120000	0	-0.00428328	0.00424471	124.695	-666.086	0.0611256	5	3	3	3	0.275113	378	66.1567	0	0	0	0.268909	127.049	0.606708	484.122	1	1	1	1	1	1	1	0
11.08.2015 21:22:05.220000	0	-0.00428328	0.00424471	124.688	-666.086	0.0515408	5	3	3	3	0.267932	378	66.1567	0	0	0	0.263896	127.106	0.610187	484.328	1	1	1	1	1	1	1	0
11.08.2015 21:22:05.320000	0	-0.00428328	0.00424471	124.69	-666.078	0.0426794	5	3	3	3	0.242224	378	66.1567	0	0	0	0.262341	127.157	0.603656	484.549	1	1	1	1	1	1	1	0
11.08.2015 21:22:05.420000	0	-0.00428328	0.00424471	124.688	-665.867	0.0363498	5	3	3	3	0.240641	378	66.1567	0	0	0	0.259404	127.215	0.606891	484.759	1	1	1	1	1	1	1	0
11.08.2015 21:22:05.520000	0	-0.00428328	0.00424471	124.688	-664.419	0.0289352	5	3	3	3	0.249306	378	66.1567	0	0	0	0.258413	127.237	0.611164	484.825	1	1	1	1	1	1	1	0
11.08.2015 21:22:05.620000	0	-0.00428328	0.00424471	124.688	-651.648	0.0238715	5	3	3	3	0.240683	378	66.1567	0	0	0	0.258666	127.306	0.606586	485.107	1	1	1	1	1	1	1	0
11.08.2015 21:22:05.720000	0	-0.00428328	0.00424471	124.688	-625.263	0.0191696	5	3	3	3	0.25185	378	66.1567	0	0	0	0.257263	127.35	0.606891	485.275	1	1	1	1	1	1	1	0
11.08.2015 21:22:05.820000	0	-0.00428328	0.00424471	124.688	-603.203	0.016276	5	3	3	3	0.246202	378	66.1567	0	0	0	0.25693	127.385	0.609394	485.399	1	1	1	1	1	1	1	0
11.08.2015 21:22:05.920000	0	-0.00428328	0.00424471	124.688	-576.698	0.0126591	5	3	3	3	0.257791	378	66.1567	0	0	0	0.255085	127.41	0.610187	485.491	1	1	1	1	1	1	1	0
11.08.2015 21:22:06.020000	0	-0.00428328	0.00424471	124.691	-529.836	0.00976563	5	3	3	3	0.250247	378	66.1567	0	0	0	0.255924	127.425	0.61037	485.549	1	1	1	1	1	1	1	0
11.08.2015 21:22:06.120000	0	-0.00428328	0.00424471	124.688	-493.01	0.00542535	5	3	3	3	0.26741	378	66.1567	0	0	0	0.253212	127.42	0.609699	485.53	1	1	1	1	1	1	1	0
11.08.2015 21:22:06.220000	0	-0.00428328	0.00424471	124.695	-453.336	0.00325521	5	3	3	3	0.263487	378	66.1567	0	0	0	0.252619	127.401	0.608112	485.464	1	1	1	1	1	1	1	0
11.08.2015 21:22:06.320000	0	-0.00428328	0.00424471	124.688	-405.37	0.00289352	5	3	3	3	0.266341	378	66.1567	0	0	0	0.250152	127.416	0.607501	485.524	1	1	1	1	1	1	1	0
11.08.2015 21:22:06.420000	0	-0.00428328	0.00424471	124.684	-351.789	0.00217014	5	3	3	3	0.255736	378	66.1567	0	0	0	0.250166	127.398	0.616291	485.421	1	1	1	1	1	1	1	0
11.08.2015 21:22:06.520000	0	-0.00428328	0.00424471	124.682	-309.284	0.00325521	5	3	3	3	0.255622	378	66.1567	0	0	0	0.246832	127.336	0.617878	485.18	1	1	1	1	1	1	1	0
11.08.2015 21:22:06.620000	0	-0.00428328	0.00424471	124.68	-267.316	0.00271267	5	3	3	3	0.257075	378	66.1567	0	0	0	0.245117	127.33	0.620746	485.145	1	1	1	1	1	1	1	0
11.08.2015 21:22:06.720000	0	-0.00428328	0.00424471	124.685	-220.154	0.00144676	5	3	3	3	0.268339	378	66.1567	0	0	0	0.244054	127.306	0.619404	485.058	1	1	1	1	1	1	1	0
11.08.2015 21:22:06.820000	0	-0.00428328	0.00424471	124.688	-167.184	0.00325521	5	3	3	3	0.265408	378	66.1567	0	0	0	0.243236	127.285	0.621662	484.969	1	1	1	1	1	1	1	0
11.08.2015 21:22:06.920000	0	-0.00428328	0.00424471	124.688	-125.625	0.00325521	5	3	3	3	0.273263	378	66.1567	0	0	0	0.242462	127.263	0.623981	484.876	1	1	1	1	1	1	1	0
11.08.2015 21:22:07.020000	0	-0.00428328	0.00424471	124.688	-84.0781	0.00325521	5	3	3	3	0.282496	378	66.1567	0	0	0	0.241623	127.236	0.624775	484.769	1	1	1	1	1	1	1	0
11.08.2015 21:22:07.120000	0	-0.00428328	0.00424471	124.685	-31.3828	0.00289352	5	3	3	3	0.280685	378	66.1567	0	0	0	0.24362	127.22	0.626606	484.701	1	1	1	1	1	1	1	0
11.08.2015 21:22:07.220000	0	-0.00428328	0.00424471	124.688	15.4531	0.00108507	5	3	3	3	0.291056	378	66.1567	0	0	0	0.242195	127.203	0.62569	484.638	1	1	1	1	1	1	1	0
11.08.2015 21:22:07.320000	0	-0.00428328	0.00424471	124.688	56.5495	-0.00108507	5	3	3	3	0.279153	378	66.1567	0	0	0	0.243641	127.176	0.623493	484.545	1	1	1	1	1	1	1	0
11.08.2015 21:22:07.420000	0	-0.00428328	0.00424471	124.688	97.8125	0.00108507	5	3	3	3	0.283936	378	66.1567	0	0	0	0.242745	127.155	0.616901	484.489	1	1	1	1	1	1	1	0
11.08.2015 21:22:07.520000	0	-0.00428328	0.00424471	124.685	155.297	-0.00180845	5	3	3	3	0.268772	378	66.1567	0	0	0	0.244083	127.134	0.619282	484.4	1	1	1	1	1	1	1	0
11.08.2015 21:22:07.620000	0	-0.00428328	0.00424471	124.684	196.367	-0.000542535	5	3	3	3	0.279751	378	66.1567	0	0	0	0.24375	127.11	0.616718	484.316	1	1	1	1	1	1	1	0
11.08.2015 21:22:07.720000	0	-0.00428328	0.00424471	124.685	237.552	-0.00144676	5	3	3	3	0.273411	378	66.1567	0	0	0	0.243656	127.089	0.618854	484.228	1	1	1	1	1	1	1	0
11.08.2015 21:22:07.820000	0	-0.00428328	0.00424471	124.688	286.652	0.00108507	5	3	3	3	0.276723	378	66.1567	0	0	0	0.245052	127.068	0.618061	484.153	1	1	1	1	1	1	1	0
11.08.2015 21:22:07.920000	0	-0.00428328	0.00424471	124.688	335.995	0.00072338	5	3	3	3	0.275933	378	66.1567	0	0	0	0.243663	127.042	0.61684	484.058	1	1	1	1	1	1	1	0
11.08.2015 21:22:08.020000	0	-0.00428328	0.00424471	124.688	376.824	0.000542535	5	3	3	3	0.284872	378	66.1567	0	0	0	0.24477	127.026	0.617634	483.994	1	1	1	1	1	1	1	0
11.08.2015 21:22:08.120000	0	-0.00428328	0.00424471	124.69	417.815	0.00072338	5	3	3	3	0.285047	378	66.1567	0	0	0	0.243352	127.006	0.617695	483.914	1	1	1	1	1	1	1	0
11.08.2015 21:22:08.220000	0	-0.00428328	0.00424471	124.691	475	0.000542535	5	3	3	3	0.284795	378	66.1567	0	0	0	0.245363	126.983	0.616291	483.831	1	1	1	1	1	1	1	0
11.08.2015 21:22:08.320000	0	-0.00428328	0.00424471	124.693	516.081	0.00217014	5	3	3	3	0.268697	378	66.1567	0	0	0	0.243352	126.962	0.617023	483.749	1	1	1	1	1	1	1	0
11.08.2015 21:22:08.420000	0	-0.00428328	0.00424471	124.691	556.395	0.00325521	5	3	3	3	0.270422	378	66.1567	0	0	0	0.24451	126.944	0.615925	483.683	1	1	1	1	1	1	1	0
11.08.2015 21:22:08.520000	0	-0.00428328	0.00424471	124.695	594.56	0.00144676	5	3	3	3	0.275654	378	66.1567	0	0	0	0.244191	126.917	0.617206	483.576	1	1	1	1	1	1	1	0
11.08.2015 21:22:08.620000	0	-0.00428328	0.00424471	124.695	629.469	0	5	3	3	3	0.284391	378	66.1567	0	0	0	0.245385	126.897	0.616535	483.503	1	1	1	1	1	1	1	0
11.08.2015 21:22:08.720000	0	-0.00428328	0.00424471	124.695	650.398	0.00144676	5	3	3	3	0.268024	378	66.1567	0	0	0	0.244199	126.882	0.619098	483.435	1	1	1	1	1	1	1	0
11.08.2015 21:22:08.820000	0	-0.00428328	0.00424471	124.695	665.961	0.00108507	5	3	3	3	0.280449	378	66.1567	0	0	0	0.244524	126.861	0.61745	483.361	1	1	1	1	1	1	1	0
11.08.2015 21:22:08.920000	0	-0.00428328	0.00424471	124.695	673.693	0.00144676	5	3	3	3	0.265843	378	66.1567	0	0	0	0.245486	126.84	0.618366	483.279	1	1	1	1	1	1	1	0
11.08.2015 21:22:09.020000	0	-0.00428328	0.00424471	124.695	676.148	0.000542535	5	3	3	3	0.247498	378	66.1567	0	0	0	0.244394	126.822	0.621113	483.197	1	1	1	1	1	1	1	0
11.08.2015 21:22:09.120000	0	-0.00428328	0.00424471	124.695	676.875	0.00108507	5	3	3	3	0.246181	378	66.1567	0	0	0	0.244929	126.8	0.616596	483.132	1	1	1	1	1	1	1	0
11.08.2015 21:22:09.220000	0	-0.00428328	0.00424471	124.691	676.879	0.0016276	5	3	3	3	0.246868	378	66.1567	0	0	0	0.24349	126.78	0.620197	483.04	1	1	1	1	1	1	1	0
11.08.2015 21:22:09.320000	0	-0.00428328	0.00424471	124.693	676.859	0.00036169	5	3	3	3	0.250098	378	66.1567	0	0	0	0.245363	126.85	0.620746	483.471	1	1	1	1	1	1	1	0
11.08.2015 21:22:09.420000	0	-0.00428328	0.00424471	124.688	676.84	-0.00108507	5	3	3	3	0.258979	378	66.1567	0	0	0	0.243641	126.742	0.620258	482.893	1	1	1	1	1	1	1	0
11.08.2015 21:22:09.520000	0	-0.00428328	0.00424471	124.685	676.865	0.00072338	5	3	3	3	0.279873	378	66.1567	0	0	0	0.245088	126.563	0.615253	482.228	1	1	1	1	1	1	1	0
11.08.2015 21:22:09.620000	0	-0.00428328	0.00424471	124.68	676.898	0.00108507	5	3	3	3	0.280873	378	66.1567	0	0	0	0.24362	126.722	0.617756	482.827	1	1	1	1	1	1	1	0
11.08.2015 21:22:09.720000	0	-0.00428328	0.00424471	124.672	676.893	0.00072338	5	3	3	3	0.281953	378	66.1567	0	0	0	0.245095	126.688	0.613971	482.712	1	1	1	1	1	1	1	0
11.08.2015 21:22:09.820000	0	-0.00428328	0.00424471	124.68	676.863	0.00108507	5	3	3	3	0.277886	378	66.1567	0	0	0	0.24362	126.662	0.614887	482.611	1	1	1	1	1	1	1	0
11.08.2015 21:22:09.920000	0	-0.00428328	0.00424471	124.68	676.875	0.00072338	5	3	3	3	0.309641	378	66.1567	0	0	0	0.242933	126.646	0.614154	482.55	1	1	1	1	1	1	1	0
11.08.2015 21:22:10.020000	0	-0.00428328	0.00424471	124.68	676.859	0.000542535	5	3	3	3	0.29441	378	66.1567	0	0	0	0.243468	126.629	0.615507	482.482	1	1	1	1	1	1	1	0
11.08.2015 21:22:10.120000	0	-0.00428328	0.00424471	124.68	676.862	0.00036169	5	3	3	3	0.281563	378	66.1567	0	0	0	0.242057	126.607	0.613422	482.404	1	1	1	1	1	1	1	0
11.08.2015 21:22:10.220000	0	-0.00428328	0.00424471	124.68	676.852	0	5	3	3	3	0.27348	378	66.1567	0	0	0	0.242043	126.593	0.619526	482.329	1	1	1	1	1	1	1	0
11.08.2015 21:22:10.320000	0	-0.00428328	0.00424471	124.68	676.836	0.00072338	5	3	3	3	0.287698	378	66.1567	0	0	0	0.239873	126.581	0.615375	482.299	1	1	1	1	1	1	1	0
11.08.2015 21:22:10.420000	0	-0.00428328	0.00424471	124.68	676.832	0.00108507	5	3	3	3	0.240561	378	66.1567	0	0	0	0.241319	126.515	0.613544	482.052	1	1	1	1	1	1	1	0
11.08.2015 21:22:10.520000	0	-0.00428328	0.00424471	124.664	676.901	0.00108507	5	3	3	3	0.250758	378	66.1567	0	0	0	0.239439	126.536	0.615986	482.121	1	1	1	1	1	1	1	0
11.08.2015 21:22:10.620000	0	-0.00428328	0.00424471	124.672	676.859	0.00108507	5	3	3	3	0.262474	378	66.1567	0	0	0	0.240596	126.521	0.615558	482.068	1	1	1	1	1	1	1	0
11.08.2015 21:22:10.720000	0	-0.00428328	0.00424471	124.677	676.846	0.00144676	5	3	3	3	0.264088	378	66.1567	0	0	0	0.239873	126.502	0.61684	481.99	1	1	1	1	1	1	1	0
11.08.2015 21:22:10.820000	0	-0.00428328	0.00424471	124.68	677.066	0.000542535	5	3	3	3	0.256279	378	66.1567	0	0	0	0.24103	126.483	0.614521	481.925	1	1	1	1	1	1	1	0
11.08.2015 21:22:10.920000	0	-0.00428328	0.00424471	124.68	677.01	0.00108507	5	3	3	3	0.244474	378	66.1567	0	0	0	0.239294	126.463	0.614582	481.847	1	1	1	1	1	1	1	0
11.08.2015 21:22:11.020000	0	-0.00428328	0.00424471	124.68	676.977	0.0016276	5	3	3	3	0.266117	378	66.1567	0	0	0	0.239583	126.445	0.618183	481.767	1	1	1	1	1	1	1	0
11.08.2015 21:22:11.120000	0	-0.00428328	0.00424471	124.68	676.969	0.00108507	5	3	3	3	0.262752	378	66.1567	0	0	0	0.239873	126.428	0.614887	481.715	1	1	1	1	1	1	1	0
11.08.2015 21:22:11.220000	0	-0.00428328	0.00424471	124.68	676.945	0.0016276	5	3	3	3	0.273984	378	66.1567	0	0	0	0.239873	126.408	0.612262	481.646	1	1	1	1	1	1	1	0
11.08.2015 21:22:11.320000	0	-0.00428328	0.00424471	124.68	676.945	0.00108507	5	3	3	3	0.271414	378	66.1567	0	0	0	0.239583	126.392	0.615925	481.571	1	1	1	1	1	1	1	0
11.08.2015 21:22:11.420000	0	-0.00428328	0.00424471	124.68	676.926	0.00108507	5	3	3	3	0.266689	378	66.1567	0	0	0	0.238715	126.376	0.614582	481.515	1	1	1	1	1	1	1	0
11.08.2015 21:22:11.520000	0	-0.00428328	0.00424471	124.68	676.917	0.00036169	5	3	3	3	0.25731	378	66.1567	0	0	0	0.240451	126.357	0.614399	481.442	1	1	1	1	1	1	1	0
11.08.2015 21:22:11.620000	0	-0.00428328	0.00424471	124.68	676.914	0.00108507	5	3	3	3	0.268962	378	66.1567	0	0	0	0.238715	126.337	0.619526	481.346	1	1	1	1	1	1	1	0
11.08.2015 21:22:11.720000	0	-0.00428328	0.00424471	124.68	676.906	0.00253183	5	3	3	3	0.272365	378	66.1567	0	0	0	0.240162	126.323	0.621357	481.285	1	1	1	1	1	1	1	0
11.08.2015 21:22:11.820000	0	-0.00428328	0.00424471	124.68	676.906	0.000542535	5	3	3	3	0.268224	378	66.1567	0	0	0	0.238715	126.305	0.621662	481.217	1	1	1	1	1	1	1	0
11.08.2015 21:22:11.920000	0	-0.00428328	0.00424471	124.682	676.911	0.00108507	5	3	3	3	0.254053	378	66.1567	0	0	0	0.240162	126.283	0.620197	481.138	1	1	1	1	1	1	1	0
11.08.2015 21:22:12.020000	0	-0.00428328	0.00424471	124.68	676.906	0.00108507	5	3	3	3	0.251808	378	66.1567	0	0	0	0.238137	126.269	0.622333	481.074	1	1	1	1	1	1	1	0
11.08.2015 21:22:12.120000	0	-0.00428328	0.00424471	124.68	676.896	0.00072338	5	3	3	3	0.251724	378	66.1567	0	0	0	0.238281	126.251	0.623432	481.004	1	1	1	1	1	1	1	0
11.08.2015 21:22:12.220000	0	-0.00428328	0.00424471	124.68	676.906	0.000542535	5	3	3	3	0.248349	378	66.1567	0	0	0	0.238281	126.235	0.629475	480.917	1	1	1	1	1	1	1	0
11.08.2015 21:22:12.320000	0	-0.00428328	0.00424471	124.68	676.901	0.00072338	5	3	3	3	0.272221	378	66.1567	0	0	0	0.237124	126.218	0.631611	480.846	1	1	1	1	1	1	1	0
11.08.2015 21:22:12.420000	0	-0.00428328	0.00424471	124.68	676.883	0.0016276	5	3	3	3	0.278842	378	66.1567	0	0	0	0.236834	126.203	0.631123	480.79	1	1	1	1	1	1	1	0
11.08.2015 21:22:12.520000	0	-0.00428328	0.00424471	124.68	676.883	0.00036169	5	3	3	3	0.297758	378	66.1567	0	0	0	0.235822	126.187	0.633259	480.72	1	1	1	1	1	1	1	0
11.08.2015 21:22:12.620000	0	-0.00428328	0.00424471	124.68	676.879	0.00108507	5	3	3	3	0.282837	378	66.1567	0	0	0	0.236979	126.171	0.63448	480.653	1	1	1	1	1	1	1	0
11.08.2015 21:22:12.720000	0	-0.00428328	0.00424471	124.682	676.872	0.00108507	5	3	3	3	0.280976	378	66.1567	0	0	0	0.235098	126.156	0.632771	480.602	1	1	1	1	1	1	1	0
11.08.2015 21:22:12.820000	0	-0.00428328	0.00424471	124.684	676.867	0.00108507	5	3	3	3	0.270255	378	66.1567	0	0	0	0.235966	126.138	0.634114	480.527	1	1	1	1	1	1	1	0
11.08.2015 21:22:12.920000	0	-0.00428328	0.00424471	124.682	676.865	0.00108507	5	3	3	3	0.283356	378	66.1567	0	0	0	0.23452	126.125	0.638081	480.463	1	1	1	1	1	1	1	0
11.08.2015 21:22:13.020000	0	-0.00428328	0.00424471	124.684	676.859	0.00108507	5	3	3	3	0.262153	378	66.1567	0	0	0	0.235966	126.108	0.642659	480.381	1	1	1	1	1	1	1	0
11.08.2015 21:22:13.120000	0	-0.00428328	0.00424471	124.682	676.859	-0.00072338	5	3	3	3	0.254393	378	66.1567	0	0	0	0.233652	126.091	0.650349	480.289	1	1	1	1	1	1	1	0
11.08.2015 21:22:13.220000	0	-0.00428328	0.00424471	124.68	676.859	0.00108507	5	3	3	3	0.26132	378	66.1567	0	0	0	0.23423	126.075	0.650472	480.226	1	1	1	1	1	1	1	0
11.08.2015 21:22:13.320000	0	-0.00428328	0.00424471	124.682	676.859	0.00072338	5	3	3	3	0.280899	378	66.1567	0	0	0	0.233941	126.058	0.653951	480.149	1	1	1	1	1	1	1	0
11.08.2015 21:22:13.420000	0	-0.00428328	0.00424471	124.68	676.859	0.000542535	5	3	3	3	0.295665	378	66.1567	0	0	0	0.233073	126.038	0.659688	480.049	1	1	1	1	1	1	1	0
11.08.2015 21:22:13.520000	0	-0.00428328	0.00424471	124.68	676.852	0.00072338	5	3	3	3	0.271222	378	66.1567	0	0	0	0.23206	126.027	0.663106	479.994	1	1	1	1	1	1	1	0
11.08.2015 21:22:13.620000	0	-0.00428328	0.00424471	124.68	676.852	0.000542535	5	3	3	3	0.293471	378	66.1567	0	0	0	0.230903	126.011	0.6639	479.93	1	1	1	1	1	1	1	0
11.08.2015 21:22:13.720000	0	-0.00428328	0.00424471	124.68	676.849	0.00072338	5	3	3	3	0.281523	378	66.1567	0	0	0	0.232928	125.995	0.666158	479.857	1	1	1	1	1	1	1	0
11.08.2015 21:22:13.820000	0	-0.00428328	0.00424471	124.68	676.844	0.00108507	5	3	3	3	0.263998	378	66.1567	0	0	0	0.230613	125.98	0.671285	479.783	1	1	1	1	1	1	1	0
11.08.2015 21:22:13.920000	0	-0.00428328	0.00424471	124.682	676.844	0.00072338	5	3	3	3	0.277306	378	66.1567	0	0	0	0.231481	125.966	0.671773	479.726	1	1	1	1	1	1	1	0
11.08.2015 21:22:14.020000	0	-0.00428328	0.00424471	124.68	676.844	0.000542535	5	3	3	3	0.267717	378	66.1567	0	0	0	0.229456	125.946	0.673055	479.646	1	1	1	1	1	1	1	0
11.08.2015 21:22:14.120000	0	-0.00428328	0.00424471	124.685	676.844	0.00108507	5	3	3	3	0.268853	378	66.1567	0	0	0	0.231771	125.935	0.676351	479.591	1	1	1	1	1	1	1	0
11.08.2015 21:22:14.220000	0	-0.00428328	0.00424471	124.68	676.844	0.000542535	5	3	3	3	0.264473	378	66.1567	0	0	0	0.229167	125.914	0.674642	479.518	1	1	1	1	1	1	1	0
11.08.2015 21:22:14.320000	0	-0.00428328	0.00424471	124.68	676.867	0.00072338	5	3	3	3	0.269765	378	66.1567	0	0	0	0.230179	125.9	0.677999	479.451	1	1	1	1	1	1	1	0
11.08.2015 21:22:14.420000	0	-0.00428328	0.00424471	124.68	676.867	0.000542535	5	3	3	3	0.243613	378	66.1567	0	0	0	0.22989	125.885	0.681967	479.378	1	1	1	1	1	1	1	0
11.08.2015 21:22:14.520000	0	-0.00428328	0.00424471	124.682	676.859	0.00253183	5	3	3	3	0.234296	378	66.1567	0	0	0	0.230179	125.869	0.685751	479.3	1	1	1	1	1	1	1	0
11.08.2015 21:22:14.620000	0	-0.00428328	0.00424471	124.68	676.859	0.00271267	5	3	3	3	0.251934	378	66.1567	0	0	0	0.229022	125.849	0.687643	479.219	1	1	1	1	1	1	1	0
11.08.2015 21:22:14.720000	0	-0.00428328	0.00424471	124.68	676.875	0.00180845	5	3	3	3	0.264725	378	66.1567	0	0	0	0.228009	125.839	0.691977	479.163	1	1	1	1	1	1	1	0
11.08.2015 21:22:14.820000	0	-0.00428328	0.00424471	124.68	676.883	0.00108507	5	3	3	3	0.254127	378	66.1567	0	0	0	0.229167	125.824	0.695578	479.091	1	1	1	1	1	1	1	0
11.08.2015 21:22:14.920000	0	-0.00428328	0.00424471	124.682	676.883	0.00289352	5	3	3	3	0.267724	378	66.1567	0	0	0	0.227865	125.809	0.700034	479.016	1	1	1	1	1	1	1	0
11.08.2015 21:22:15.020000	0	-0.00428328	0.00424471	124.688	676.883	0.00271267	5	3	3	3	0.278089	378	66.1567	0	0	0	0.228154	125.793	0.702109	478.95	1	1	1	1	1	1	1	0
11.08.2015 21:22:15.120000	0	-0.00428328	0.00424471	124.682	676.883	0.00144676	5	3	3	3	0.28445	378	66.1567	0	0	0	0.226707	125.776	0.706992	478.865	1	1	1	1	1	1	1	0
11.08.2015 21:22:15.220000	0	-0.00428328	0.00424471	124.688	676.883	0.000542535	5	3	3	3	0.299292	378	66.1567	0	0	0	0.228733	125.758	0.712302	478.775	1	1	1	1	1	1	1	0
11.08.2015 21:22:15.320000	0	-0.00428328	0.00424471	124.682	676.893	0.00217014	5	3	3	3	0.300357	378	66.1567	0	0	0	0.226273	125.748	0.714805	478.728	1	1	1	1	1	1	1	0
11.08.2015 21:22:15.420000	0	-0.00428328	0.00424471	124.68	676.906	0.00108507	5	3	3	3	0.293868	378	66.1567	0	0	0	0.22772	125.731	0.717185	478.653	1	1	1	1	1	1	1	0
11.08.2015 21:22:15.520000	0	-0.00428328	0.00424471	124.685	676.906	0.00072338	5	3	3	3	0.277949	378	66.1567	0	0	0	0.226997	125.717	0.720115	478.587	1	1	1	1	1	1	1	0
11.08.2015 21:22:15.620000	0	-0.00428328	0.00424471	124.688	676.906	0.000542535	5	3	3	3	0.263235	378	66.1567	0	0	0	0.228443	125.701	0.719871	478.527	1	1	1	1	1	1	1	0
11.08.2015 21:22:15.720000	0	-0.00428328	0.00424471	124.68	676.922	0.00036169	5	3	3	3	0.242089	378	66.1567	0	0	0	0.226852	125.695	0.726157	478.479	1	1	1	1	1	1	1	0
11.08.2015 21:22:15.820000	0	-0.00428328	0.00424471	124.68	676.93	0.000542535	5	3	3	3	0.242047	378	66.1567	0	0	0	0.225984	125.681	0.727744	478.42	1	1	1	1	1	1	1	0
11.08.2015 21:22:15.920000	0	-0.00428328	0.00424471	124.669	676.914	0.00072338	5	3	3	3	0.239785	378	66.1567	0	0	0	0.226707	125.654	0.728782	478.313	1	1	1	1	1	1	1	0
11.08.2015 21:22:16.020000	0	-0.00428328	0.00424471	124.66	676.945	0.000542535	5	3	3	3	0.260476	378	66.1567	0	0	0	0.22555	125.641	0.729942	478.261	1	1	1	1	1	1	1	0
11.08.2015 21:22:16.120000	0	-0.00428328	0.00424471	124.659	676.93	0.00072338	5	3	3	3	0.257563	378	66.1567	0	0	0	0.226128	125.622	0.730796	478.182	1	1	1	1	1	1	1	0
11.08.2015 21:22:16.220000	0	-0.00428328	0.00424471	124.664	676.949	0.000542535	5	3	3	3	0.256868	378	66.1567	0	0	0	0.223814	125.609	0.727195	478.149	1	1	1	1	1	1	1	0
11.08.2015 21:22:16.320000	0	-0.00428328	0.00424471	124.661	676.932	0	5	3	3	3	0.254831	378	66.1567	0	0	0	0.22526	125.597	0.732017	478.081	1	1	1	1	1	1	1	0
11.08.2015 21:22:16.420000	0	-0.00428328	0.00424471	124.66	676.938	0.00108507	5	3	3	3	0.256337	378	66.1567	0	0	0	0.223235	125.579	0.731346	478.017	1	1	1	1	1	1	1	0
11.08.2015 21:22:16.520000	0	-0.00428328	0.00424471	124.661	676.966	0.00072338	5	3	3	3	0.268459	378	66.1567	0	0	0	0.224103	125.564	0.728172	477.97	1	1	1	1	1	1	1	0
11.08.2015 21:22:16.620000	0	-0.00428328	0.00424471	124.652	677.008	0.00108507	5	3	3	3	0.250697	378	66.1567	0	0	0	0.224103	125.553	0.726951	477.933	1	1	1	1	1	1	1	0
11.08.2015 21:22:16.720000	0	-0.00428328	0.00424471	124.656	676.969	0.00108507	5	3	3	3	0.246877	378	66.1567	0	0	0	0.224826	125.547	0.733238	477.886	1	1	1	1	1	1	1	0
11.08.2015 21:22:16.820000	0	-0.00428328	0.00424471	124.656	676.98	0.000542535	5	3	3	3	0.260221	378	66.1567	0	0	0	0.224826	125.526	0.735252	477.799	1	1	1	1	1	1	1	0
11.08.2015 21:22:16.920000	0	-0.00428328	0.00424471	124.656	676.982	0.00108507	5	3	3	3	0.259059	378	66.1567	0	0	0	0.223669	125.605	0.737449	478.094	1	1	1	1	1	1	1	0
11.08.2015 21:22:17.020000	0	-0.00428328	0.00424471	124.66	676.988	0.00108507	5	3	3	3	0.270607	378	66.1567	0	0	0	0.225984	125.496	0.737754	477.673	1	1	1	1	1	1	1	0
11.08.2015 21:22:17.120000	0	-0.00428328	0.00424471	124.659	676.984	0.00036169	5	3	3	3	0.276383	378	66.1567	0	0	0	0.224682	125.484	0.741783	477.611	1	1	1	1	1	1	1	0
11.08.2015 21:22:17.220000	0	-0.00428328	0.00424471	124.664	676.984	0.00108507	5	3	3	3	0.268436	378	66.1567	0	0	0	0.226418	125.468	0.743004	477.547	1	1	1	1	1	1	1	0
11.08.2015 21:22:17.320000	0	-0.00428328	0.00424471	124.659	676.984	0.00072338	5	3	3	3	0.27061	378	66.1567	0	0	0	0.225405	125.453	0.745384	477.482	1	1	1	1	1	1	1	0
11.08.2015 21:22:17.420000	0	-0.00428328	0.00424471	124.664	676.969	0.00108507	5	3	3	3	0.254926	378	66.1567	0	0	0	0.22772	125.447	0.743797	477.465	1	1	1	1	1	1	1	0
11.08.2015 21:22:17.520000	0	-0.00428328	0.00424471	124.664	676.979	0.00036169	5	3	3	3	0.273887	378	66.1567	0	0	0	0.225694	125.429	0.740013	477.411	1	1	1	1	1	1	1	0
11.08.2015 21:22:17.620000	0	-0.00428328	0.00424471	124.664	676.977	0.00108507	5	3	3	3	0.26567	378	66.1567	0	0	0	0.226563	125.413	0.734519	477.369	1	1	1	1	1	1	1	0
11.08.2015 21:22:17.720000	0	-0.00428328	0.00424471	124.664	676.971	0.00144676	5	3	3	3	0.28221	378	66.1567	0	0	0	0.226997	125.4	0.734092	477.322	1	1	1	1	1	1	1	0
11.08.2015 21:22:17.820000	0	-0.00428328	0.00424471	124.664	676.977	0.00108507	5	3	3	3	0.269904	378	66.1567	0	0	0	0.227286	125.386	0.731834	477.274	1	1	1	1	1	1	1	0
11.08.2015 21:22:17.920000	0	-0.00428328	0.00424471	124.664	676.977	0.00072338	5	3	3	3	0.289633	378	66.1567	0	0	0	0.225984	125.372	0.731407	477.224	1	1	1	1	1	1	1	0
11.08.2015 21:22:18.020000	0	-0.00428328	0.00424471	124.664	676.977	0.00108507	5	3	3	3	0.274888	378	66.1567	0	0	0	0.22338	125.362	0.734092	477.175	1	1	1	1	1	1	1	0
11.08.2015 21:22:18.120000	0	-0.00428328	0.00424471	124.664	676.984	0.00108507	5	3	3	3	0.254243	378	66.1567	0	0	0	0.222801	125.338	0.735496	477.078	1	1	1	1	1	1	1	0
