Time	[76:0]	[76:1]	[76:2]	[76:4]	[76:8]	[76:70]	[76:71]	[78:0]	[78:1]	[78:2]	[79:2]	[79:3]	[79:4]	[79:8]	[79:9]	[79:10]	[79:11]	[79:12]	[79:13]	[79:14]	[79.0]	[79.1]	[79.2]	[79.3]	[79.4]	[79.5]	[79.6]	[79.8]
time	Hoogteverstelling - Referentie positie (mm)	Hoogteverstelling - AZ gemeten positie (mm)	Hoogteverstelling - BZ gemeten positie (mm)	Transfert Ingang - Gemeten positie (mm)	Transfert Uitgang - Gemeten positie (mm)	Aardgas - actueel debiet	Stappenschakelaar - gemeten pos	Laspos Ing - positie discreet	Laspos Uitg - positie discreet	Schaafverstelling - positie discreet	Stuikraam - Totale Stroommeting RMS-waarde (A)	Stuikraam - Stroomreferentie (A)	Stuikraam - Positie AZ (mm, pulsgever)	Stuikraam - Referentie Servo-ventiel (%)	Stuikraam - Trim door I-regelaar (%)	Stuikraam - Gemeten snelheid (mm/s, pulsgever)	Secundaire lasspanning	Stuikraam - Druk stuikcilinder voorkamer (=laszijde)  (bar)	Stuikraam - Druk stuikcilinder terugloopkamer  (bar)	Stuikraam - Netto voorwaartse kracht op stuikraam (kN)	Stuikraam - P1	Stuikraam - P2	Stuikraam - P3	Stuikraam - P4	Stuikraam - P5	Stuikraam - P6	Stuikraam - P7	Stuikraam - Openen stuikventielen	

Lasparameter.Ingang - Coil ID	0323026S
Lasparameter.Ingang - Dikte (um)	3850
Lasparameter.Ingang - Breedte (mm)	1353
Lasparameter.Ingang - Materiaal	0001
Lasparameter.Uitgang - Coil ID	0323020S
Lasparameter.Uitgang - Dikte (um)	3590
Lasparameter.Uitgang - Breedte (mm)	1337
Lasparameter.Uitgang - Materiaal	0001
Lasparameter.P2 (mm)	32.0
Lasparameter.P3 (mm)	42.0
Lasparameter.P4 (mm)	50.1
Lasparameter.P5 (mm)	56.4
Lasparameter.P6 (mm)	62.0
Lasparameter.P7 (mm)	66.1
Lasparameter.Vonksnelheid (mm/s)	1.20
Lasparameter.Lassnelheid (mm/s)	0.48
Lasparameter.Stroom Referentie (A)	0299
Lasparameter.Stroomtoename (µA/s2)	57.5
Lasparameter.Stuikstroomtijd (per)	0008
Lasparameter.Afkoeltijd Stuik (per)	0010
Lasparameter.Stuikdruk (bar)	0104
Lasparameter.Stuiksnelheid (%)	90.0

12.08.2015 00:30:08.464000	-0.13	-0.128242	-0.136305	0	-53.4453	0.00325521	7	3	3	3	0.253173	299	0	0	0	0	0.181843	3.2805	124.423	-463.831	1	0	0	0	0	0	0	0
12.08.2015 00:30:08.564000	-0.13	-0.128242	-0.136305	0.00390625	-84.4688	0.00271267	7	3	3	3	0.242479	299	0	0	0	0	0.176367	5.78112	124.481	-454.479	1	0	0	0	0	0	0	0
12.08.2015 00:30:08.664000	-0.13	-0.128242	-0.136305	0.00520833	-115.052	0.00434028	7	3	3	3	0.251246	299	0	0	0	0	0.181409	4.59059	124.444	-458.896	1	0	0	0	0	0	0	0
12.08.2015 00:30:08.764000	-0.13	-0.128242	-0.136305	0	-148.625	0.00488281	7	3	3	3	0.22626	299	0	0	0	0	0.176541	4.25483	124.398	-460.004	1	0	0	0	0	0	0	0
12.08.2015 00:30:08.864000	-0.13	-0.128242	-0.136305	0	-186.576	0.00470197	7	3	3	3	0.224843	299	0	0	0	0	0.180187	5.4771	124.406	-455.354	1	0	0	0	0	0	0	0
12.08.2015 00:30:08.964000	-0.13	-0.128242	-0.136305	0	-242.836	0.00488281	7	3	3	3	0.217199	299	0	0	0	0	0.176866	7.25626	124.46	-448.748	1	0	0	0	0	0	0	0
12.08.2015 00:30:09.064000	-0.13	-0.128242	-0.136305	0.00260417	-282.586	0.00506366	7	3	3	3	0.225024	299	0	0	0	0	0.179753	2.92196	124.297	-464.72	1	0	0	0	0	0	0	0
12.08.2015 00:30:09.164000	-0.13	-0.128242	-0.136305	0	-322.41	0.00542535	7	3	3	3	0.233594	299	0	0	0	0	0.176989	3.55583	124.28	-462.228	1	0	0	0	0	0	0	0
12.08.2015 00:30:09.264000	-0.13	-0.128242	-0.136305	0	-368.023	0.00614873	7	3	3	3	0.237476	299	0	0	0	0	0.175868	4.20325	124.277	-459.739	1	0	0	0	0	0	0	0
12.08.2015 00:30:09.364000	-0.13	-0.128242	-0.136305	0	-419.09	0.00488281	7	3	3	3	0.247266	299	0	0	0	0	0.177134	5.98071	124.32	-453.096	1	0	0	0	0	0	0	0
12.08.2015 00:30:09.464000	-0.13	-0.128242	-0.136305	0	-459.26	0.00289352	7	3	3	3	0.227942	299	0	0	0	0	0.175282	5.29466	124.268	-455.526	1	0	0	0	0	0	0	0
12.08.2015 00:30:09.564000	-0.13	-0.128242	-0.136305	-0.00390625	-499.148	0.00325521	7	3	3	3	0.233593	299	0	0	0	0	0.177676	3.43712	124.198	-462.37	1	0	0	0	0	0	0	0
12.08.2015 00:30:09.664000	-0.13	-0.128242	-0.136305	-0.0078125	-548.068	0.00253183	7	3	3	3	0.232861	299	0	0	0	0	0.173047	3.11979	124.142	-463.37	1	0	0	0	0	0	0	0
12.08.2015 00:30:09.764000	-0.13	-0.128242	-0.136305	0	-585.34	0.00271267	7	3	3	3	0.230029	299	0	0	0	0	0.177662	7.08182	124.259	-448.65	1	0	0	0	0	0	0	0
12.08.2015 00:30:09.864000	-0.13	-0.128242	-0.136305	0	-609.898	0.00217014	7	3	3	3	0.240487	299	0	0	0	0	0.173929	5.14512	124.232	-455.958	1	0	0	0	0	0	0	0
12.08.2015 00:30:09.964000	-0.13	-0.128242	-0.136305	0	-628.996	0.00325521	7	3	3	3	0.23275	299	0	0	0	0	0.177308	3.83007	124.114	-460.542	1	0	0	0	0	0	0	0
12.08.2015 00:30:10.064000	-0.13	-0.128242	-0.136305	0	-648.878	0.00289352	7	3	3	3	0.258641	299	0	0	0	0	0.173524	5.81298	124.152	-453.095	1	0	0	0	0	0	0	0
12.08.2015 00:30:10.164000	-0.13	-0.128242	-0.136305	0	-657.945	0.00325521	7	3	3	3	0.244563	299	0	0	0	0	0.178935	5.23118	124.113	-455.175	1	0	0	0	0	0	0	0
12.08.2015 00:30:10.264000	-0.13	-0.128242	-0.136305	0	-662.344	0.00325521	7	3	3	3	0.235151	299	0	0	0	0	0.176157	4.77633	124.075	-456.77	1	0	0	0	0	0	0	0
12.08.2015 00:30:10.364000	-0.13	-0.128242	-0.136305	0	-663.742	0.00705295	7	3	3	3	0.243513	299	0	0	0	0	0.17947	5.5808	124.061	-453.638	1	0	0	0	0	0	0	0
12.08.2015 00:30:10.464000	-0.13	-0.128242	-0.136305	0	-665.302	0.0036169	7	3	3	3	0.242679	299	0	0	0	0	0.179188	5.58019	124.042	-453.566	1	0	0	0	0	0	0	0
12.08.2015 00:30:10.564000	-0.13	-0.128242	-0.136305	0	-665.789	0.00217014	7	3	3	3	0.239431	299	0	0	0	0	0.181359	4.16089	123.968	-458.716	1	0	0	0	0	0	0	0
12.08.2015 00:30:10.664000	-0.13	-0.128242	-0.136305	-0.0130208	-665.846	0.00108507	7	3	3	3	0.257776	299	0	0	0	0	0.182082	3.0015	123.901	-462.898	1	0	0	0	0	0	0	0
12.08.2015 00:30:10.764000	-0.13	-0.128242	-0.136305	0.113281	-665.863	0.00325521	7	3	3	3	0.238702	299	0	0	0	0	0.18023	4.79897	123.925	-456.109	1	0	0	0	0	0	0	0
12.08.2015 00:30:10.864000	-0.13	-0.128242	-0.136305	0.497396	-665.857	0.00036169	7	3	3	3	0.256003	299	0	0	0	0	0.184064	4.90085	123.905	-455.643	1	0	0	0	0	0	0	0
12.08.2015 00:30:10.964000	-0.13	-0.128242	-0.136305	3.20703	-665.859	0.00108507	7	3	3	3	0.254307	299	0	0	0	0	0.180859	4.20093	123.864	-458.166	1	0	0	0	0	0	0	0
12.08.2015 00:30:11.064000	-0.13	-0.128242	-0.136305	17.0052	-665.865	0.00108507	7	3	3	3	0.245488	299	0	0	0	0	0.185569	5.66344	123.876	-452.611	1	0	0	0	0	0	0	0
12.08.2015 00:30:11.164000	-0.13	-0.128242	-0.136305	44.418	-665.863	0.000542535	7	3	3	3	0.234704	299	0	0	0	0	0.181047	4.09925	123.815	-458.368	1	0	0	0	0	0	0	0
12.08.2015 00:30:11.264000	-0.13	-0.128242	-0.136305	67.1484	-665.867	0.00072338	7	3	3	3	0.252869	299	0	0	0	0	0.186444	4.91745	123.804	-455.192	1	0	0	0	0	0	0	0
12.08.2015 00:30:11.364000	-0.13	-0.128242	-0.136305	94.3359	-665.867	0.00108507	7	3	3	3	0.240504	299	0	0	0	0	0.183652	4.8171	123.776	-455.471	1	0	0	0	0	0	0	0
12.08.2015 00:30:11.464000	-0.13	-0.128242	-0.136305	132.138	-665.872	0.00072338	7	3	3	3	0.238409	299	0	0	0	0	0.185106	4.15888	123.736	-457.837	1	0	0	0	0	0	0	0
12.08.2015 00:30:11.564000	-0.13	-0.128242	-0.136305	180.418	-665.875	0	7	3	3	3	0.247986	299	0	0	0	0	0.184679	5.32926	123.735	-453.352	1	0	0	0	0	0	0	0
12.08.2015 00:30:11.664000	-0.13	-0.128242	-0.136305	222.677	-665.875	0.00144676	7	3	3	3	0.249679	299	0	0	0	0	0.184961	4.63808	123.697	-455.851	1	0	0	0	0	0	0	0
12.08.2015 00:30:11.764000	-0.13	-0.128242	-0.136305	265.656	-665.875	0.00217014	7	3	3	3	0.248839	299	0	0	0	0	0.185648	4.60311	123.673	-455.893	1	0	0	0	0	0	0	0
12.08.2015 00:30:11.864000	-0.13	-0.128242	-0.136305	320.005	-665.875	0.00289352	7	3	3	3	0.253414	299	0	0	0	0	0.181264	4.81021	123.652	-455.021	1	0	0	0	0	0	0	0
12.08.2015 00:30:11.964000	-0.13	-0.128242	-0.136305	368.777	-665.875	0.00379774	7	3	3	3	0.25589	299	0	0	0	0	0.186241	4.65236	123.623	-455.516	1	0	0	0	0	0	0	0
12.08.2015 00:30:12.064000	-0.13	-0.128242	-0.136305	411.487	-665.875	0.00470197	7	3	3	3	0.244299	299	0	0	0	-0.022859	0.184324	4.40315	123.586	-456.327	1	0	0	0	0	0	0	0
12.08.2015 00:30:12.164000	-0.13	-0.128242	-0.136305	449.672	-665.852	0.00488281	7	3	3	3	0.254289	299	0	0	0	-0.0496934	0.188339	3.67956	123.534	-458.899	1	0	0	0	0	0	0	0
12.08.2015 00:30:12.264000	-0.13	-0.128242	-0.136305	481.549	-665.854	0.0036169	7	3	3	3	0.24045	299	0	0	0	-0.0496934	0.184498	4.55568	123.536	-455.55	1	0	0	0	0	0	0	0
12.08.2015 00:30:12.364000	-0.13	-0.128242	-0.136305	495.887	-665.859	0.00325521	7	3	3	3	0.242626	299	0	0	0	-0.0496934	0.189938	4.67037	123.51	-455.014	1	0	0	0	0	0	0	0
12.08.2015 00:30:12.464000	-0.13	-0.128242	-0.136305	511.833	-665.854	0.00289352	7	3	3	3	0.252454	299	0	0	0	-0.0496934	0.186263	4.25428	123.492	-456.538	1	0	0	0	0	0	0	0
12.08.2015 00:30:12.564000	-0.13	-0.128242	-0.136305	527.957	-665.859	0.00325521	7	3	3	3	0.251942	299	0	0	0	-0.0496934	0.189308	4.36567	123.612	-456.569	1	0	0	0	0	0	0	0
12.08.2015 00:30:12.664000	-0.13	-0.128242	-0.136305	549.909	-665.859	0.00289352	7	3	3	3	0.230888	299	0	0	0	-0.0496934	0.187428	4.62661	123.763	-456.149	1	0	0	0	0	0	0	0
12.08.2015 00:30:12.764000	-0.13	-0.128242	-0.136305	565.832	-665.859	0.00217014	7	3	3	3	0.241862	299	0	0	0	-0.0496934	0.190762	4.4106	123.94	-457.654	1	0	0	0	0	0	0	0
12.08.2015 00:30:12.864000	-0.13	-0.128242	-0.136305	581.664	-665.859	0.00217014	7	3	3	3	0.247058	299	0	0	0	-0.0496934	0.18946	4.31983	124.434	-459.895	1	0	0	0	0	0	0	0
12.08.2015 00:30:12.964000	-0.13	-0.128242	-0.136305	599.582	-665.859	0.00271267	7	3	3	3	0.22911	299	0	0	0	-0.0496934	0.188469	4.45228	125.653	-464.054	1	0	0	0	0	0	0	0
12.08.2015 00:30:13.064000	-0.13	-0.128242	-0.136305	617.349	-665.859	0.00253183	7	3	3	3	0.243139	299	0	0	0	-0.0273314	0.190871	4.48451	125.626	-463.825	1	0	0	0	0	0	0	0
12.08.2015 00:30:13.164000	-0.13	-0.128242	-0.136305	632.059	-665.859	0.00325521	7	3	3	3	0.240492	299	0	0	0	0	0.18878	4.39802	125.672	-464.334	1	0	0	0	0	0	0	0
12.08.2015 00:30:13.264000	-0.13	-0.128242	-0.136305	645.807	-665.859	0.00253183	7	3	3	3	0.244455	299	0	0	0	0	0.191536	4.38777	126.042	-465.791	1	0	0	0	0	0	0	0
12.08.2015 00:30:13.364000	-0.13	-0.128242	-0.136305	664.25	-665.859	0.00271267	7	3	3	3	0.252335	299	0	0	0	0	0.187514	4.44942	126.35	-466.733	1	0	0	0	0	0	0	0
12.08.2015 00:30:13.464000	-0.13	-0.128242	-0.136305	676.076	-665.859	0.00289352	7	3	3	3	0.254448	299	0	0	0	0	0.19213	4.39534	126.524	-467.606	1	0	0	0	0	0	0	0
12.08.2015 00:30:13.564000	-0.13	-0.128242	-0.136305	687.027	-665.859	0.00325521	7	3	3	3	0.238713	299	0	0	0	0	0.189844	4.37727	126.73	-468.464	1	0	0	0	0	0	0	0
12.08.2015 00:30:13.664000	-0.13	-0.128242	-0.136305	696.961	-665.859	0.00325521	7	3	3	3	0.25655	299	0	0	0	0	0.192072	4.36903	126.939	-469.297	1	0	0	0	0	0	0	0
12.08.2015 00:30:13.764000	-0.13	-0.128242	-0.136305	704.625	-665.867	0.00217014	7	3	3	3	0.243195	299	0	0	0	0	0.189005	4.33052	127.154	-470.265	1	0	0	0	0	0	0	0
12.08.2015 00:30:13.864000	-0.13	-0.128242	-0.136305	706.208	-665.867	0.00217014	7	3	3	3	0.245914	299	0	0	0	0	0.19265	4.30396	127.384	-471.25	1	0	0	0	0	0	0	0
12.08.2015 00:30:13.964000	-0.13	-0.128242	-0.136305	706.988	-665.871	0.00271267	7	3	3	3	0.254891	299	0	0	0	0	0.190162	4.38093	127.518	-471.467	1	0	0	0	0	0	0	0
12.08.2015 00:30:14.064000	-0.13	-0.128242	-0.136305	707.109	-665.87	0.00289352	7	3	3	3	0.248593	299	0	0	0	0	0.190473	4.34584	127.578	-471.83	1	0	0	0	0	0	0	0
12.08.2015 00:30:14.164000	-0.13	-0.128242	-0.136305	707.109	-665.871	0.00271267	7	3	3	3	0.247638	299	0	0	0	0	0.191189	4.64205	128.22	-473.154	1	0	0	0	0	0	0	0
12.08.2015 00:30:14.264000	-0.13	-0.128242	-0.136305	707.109	-665.87	0.00289352	7	3	3	3	0.245392	299	0	0	0	0	0.191623	5.11795	128.381	-471.949	1	0	0	0	0	0	0	0
12.08.2015 00:30:14.364000	-0.13	-0.128242	-0.136305	707.109	-665.867	0.00271267	7	3	3	3	0.258868	299	0	0	0	0	0.193193	4.1117	128.378	-475.792	1	0	0	0	0	0	0	0
12.08.2015 00:30:14.464000	-0.13	-0.128242	-0.136305	707.109	-665.872	0.00253183	7	3	3	3	0.260971	299	0	0	0	0	0.190075	4.39094	128.461	-475.04	1	0	0	0	0	0	0	0
12.08.2015 00:30:14.564000	-0.13	-0.128242	-0.136305	707.109	-665.875	-0.000542535	7	3	3	3	0.253715	299	0	0	0	0	0.193012	4.70663	128.621	-474.442	1	0	0	0	0	0	0	0
12.08.2015 00:30:14.664000	-0.13	-0.128242	-0.136305	707.109	-665.875	0.00289352	7	3	3	3	0.241246	299	0	0	0	0	0.189829	4.44331	128.896	-476.506	1	0	0	0	0	0	0	0
12.08.2015 00:30:14.764000	-0.13	-0.128242	-0.136305	707.109	-665.875	0.0016276	7	3	3	3	0.242046	299	0	0	0	0	0.191775	4.45082	129.111	-477.298	1	0	0	0	0	0	0	0
12.08.2015 00:30:14.864000	-0.13	-0.128242	-0.136305	707.109	-665.875	0.00397859	7	3	3	3	0.25161	299	0	0	0	0	0.187109	4.62654	129.258	-477.188	1	0	0	0	0	0	0	0
12.08.2015 00:30:14.964000	-0.13	-0.128242	-0.136305	707.109	-665.875	0.00488281	7	3	3	3	0.236678	299	0	0	0	0	0.19077	4.56325	129.352	-477.792	1	0	0	0	0	0	0	0
12.08.2015 00:30:15.064000	-0.13	-0.128242	-0.136305	707.109	-665.875	0.00614873	7	3	3	3	0.23813	299	0	0	0	0	0.187717	4.46376	129.459	-478.583	1	0	0	0	0	0	0	0
12.08.2015 00:30:15.164000	-0.13	-0.128242	-0.136305	707.109	-665.875	0.00651042	7	3	3	3	0.25442	299	0	0	0	0	0.18669	4.4919	129.605	-479.031	1	0	0	0	0	0	0	0
12.08.2015 00:30:15.264000	-0.13	-0.128242	-0.136305	707.109	-665.875	0.00651042	7	3	3	3	0.240307	299	0	0	0	0	0.185981	4.55458	129.755	-479.366	1	0	0	0	0	0	0	0
12.08.2015 00:30:15.364000	-0.13	-0.128242	-0.136305	707.109	-665.875	0.00651042	7	3	3	3	0.244163	299	0	0	0	0	0.186118	4.53059	129.819	-479.706	1	0	0	0	0	0	0	0
12.08.2015 00:30:15.464000	-0.13	-0.128242	-0.136305	707.109	-665.875	0.00614873	7	3	3	3	0.233411	299	0	0	0	0	0.185366	4.50832	129.755	-479.546	1	0	0	0	0	0	0	0
12.08.2015 00:30:15.564000	-0.13	-0.128242	-0.136305	707.117	-665.883	0.00596788	7	3	3	3	0.249572	299	0	0	0	0	0.181583	4.06269	130.169	-482.838	1	0	0	0	0	0	0	0
12.08.2015 00:30:15.664000	-0.13	-0.128242	-0.136305	707.122	-665.885	0.00614873	7	3	3	3	0.231057	299	0	0	0	0	0.185489	4.08979	129.123	-478.726	1	0	0	0	0	0	0	0
12.08.2015 00:30:15.764000	-0.13	-0.128242	-0.136305	707.125	-665.891	0.00596788	7	3	3	3	0.230594	299	0	0	0	0	0.180512	4.67025	129.321	-477.264	1	0	0	0	0	0	0	0
12.08.2015 00:30:15.864000	-0.13	-0.128242	-0.136305	707.13	-665.888	0.00651042	7	3	3	3	0.234603	299	0	0	0	0	0.183644	6.11365	130.58	-476.557	1	0	0	0	0	0	0	0
12.08.2015 00:30:15.964000	-0.13	-0.128242	-0.136305	707.133	-665.879	0.00651042	7	3	3	3	0.221384	299	0	0	0	0	0.178957	4.65737	130.465	-481.711	1	0	0	0	0	0	0	0
12.08.2015 00:30:16.064000	-0.13	-0.128242	-0.136305	707.133	-665.891	0.00651042	7	3	3	3	0.230692	299	0	0	0	0	0.182002	4.64515	129.846	-479.311	1	0	0	0	0	0	0	0
12.08.2015 00:30:16.164000	-0.13	-0.128242	-0.136305	707.133	-665.891	0.00651042	7	3	3	3	0.237564	299	0	0	0	0	0.179065	5.17508	129.461	-475.874	1	0	0	0	0	0	0	0
12.08.2015 00:30:16.264000	-0.13	-0.128242	-0.136305	707.133	-665.888	0.00542535	7	3	3	3	0.226626	299	0	0	0	0	0.178675	4.94577	129.299	-476.125	1	0	0	0	0	0	0	0
12.08.2015 00:30:16.364000	-0.13	-0.128242	-0.136305	707.133	-665.887	0.00488281	7	3	3	3	0.239596	299	0	0	0	0	0.17866	4.87295	129.256	-476.238	1	0	0	0	0	0	0	0
12.08.2015 00:30:16.464000	-0.13	-0.128242	-0.136305	707.133	-665.891	0.00434028	7	3	3	3	0.261593	299	0	0	0	0	0.177503	4.89548	129.26	-476.165	1	0	0	0	0	0	0	0
12.08.2015 00:30:16.564000	-0.13	-0.128242	-0.136305	707.133	-665.891	0.00488281	7	3	3	3	0.272508	299	0	0	0	0	0.179167	5.12839	129.194	-475.022	1	0	0	0	0	0	0	0
12.08.2015 00:30:16.664000	-0.13	-0.128242	-0.136305	707.133	-665.888	0.00434028	7	3	3	3	0.243883	299	0	0	0	0	0.17474	4.84725	129.001	-475.359	1	0	0	0	0	0	0	0
12.08.2015 00:30:16.764000	-0.13	-0.128242	-0.136305	707.133	-665.887	0.00488281	7	3	3	3	0.231612	299	0	0	0	0	0.179138	4.79861	128.744	-474.563	1	0	0	0	0	0	0	0
12.08.2015 00:30:16.864000	-0.13	-0.128242	-0.136305	707.135	-665.891	0.00506366	7	3	3	3	0.23722	299	0	0	0	0	0.175246	4.35487	128.564	-475.57	1	0	0	0	0	0	0	0
12.08.2015 00:30:16.964000	-0.13	-0.128242	-0.136305	707.133	-665.891	0.00488281	7	3	3	3	0.232055	299	0	0	0	0	0.177951	5.76629	123.873	-452.205	1	0	0	0	0	0	0	0
12.08.2015 00:30:17.064000	-0.13	-0.128242	-0.136305	707.096	-665.891	0.00470197	7	3	3	3	0.24471	299	0.00696386	0	0	0	0.1739	27.0681	111.809	-324.454	1	0	0	0	0	0	0	0
12.08.2015 00:30:17.164000	-0.13	-0.128242	-0.136305	706.59	-665.891	0.00488281	7	3	3	3	0.226562	299	0.926691	0	0	18.362	0.178241	112.57	86.7365	98.9117	1	0	0	0	0	0	0	0
12.08.2015 00:30:17.264000	-0.13	-0.128242	-0.136305	700.544	-665.888	0.00506366	7	3	3	3	0.239928	299	4.13654	0	0	34.9143	0.17406	109.859	83.7699	99.8914	1	0	0	0	0	0	0	0
12.08.2015 00:30:17.364000	-0.13	-0.128242	-0.136305	685.008	-665.883	0.00542535	7	3	3	3	0.263848	299	7.64632	0	0	36.0436	0.174624	109.989	83.3303	102.069	1	0	0	0	0	0	0	0
12.08.2015 00:30:17.464000	-0.13	-0.128242	-0.136305	659.242	-665.891	0.00614873	7	3	3	3	0.240638	299	11.2551	0	0	35.9453	0.175043	113.584	87.3428	100.471	1	0	0	0	0	0	0	0
12.08.2015 00:30:17.564000	-0.13	-0.128242	-0.136305	636.926	-665.891	0.00651042	7	3	3	3	0.250885	299	14.8554	0	0	35.9482	0.174465	117.508	91.5925	99.2263	1	0	0	0	0	0	0	0
12.08.2015 00:30:17.664000	-0.13	-0.128242	-0.136305	610.151	-665.891	0.00578704	7	3	3	3	0.248968	299	18.4204	0	0	35.5307	0.175174	119.939	94.2642	98.3048	1	0	0	0	0	0	0	0
12.08.2015 00:30:17.764000	-0.13	-0.128242	-0.136305	572.285	-665.891	0.00651042	7	3	3	3	0.262198	299	21.9446	0	0	35.2191	0.172135	120.328	94.7901	97.7811	1	0	0	0	0	0	0	0
12.08.2015 00:30:17.864000	-0.13	-0.128242	-0.136305	529.362	-665.893	0.00687211	7	3	3	3	0.268317	299	25.4405	0	0	34.9048	0.176534	120.065	94.6262	97.4006	1	0	0	0	0	0	0	0
12.08.2015 00:30:17.964000	-0.13	-0.128242	-0.136305	490.488	-665.891	0.00651042	7	3	3	3	0.249245	299	28.9239	0	0	34.9188	0.171889	119.944	94.5058	97.3967	1	0	0	0	0	0	0	0
12.08.2015 00:30:18.064000	-0.13	-0.128242	-0.136305	451.385	-665.893	0.00651042	7	3	3	3	0.242527	299	32.4372	11.5	0	36.228	0.175796	120.297	93.8428	101.286	1	0.62	0	0	0	0	0	0
12.08.2015 00:30:18.164000	-0.13	-0.128242	-0.136305	399.52	-665.898	0.00596788	7	3	3	3	0.243457	299	36.994	50	0	50.8113	0.171108	108.895	84.569	93.1408	1	1	0	0	0	0	0	0
12.08.2015 00:30:18.264000	-0.13	-0.128242	-0.136305	364.661	-665.901	0.00614873	7	3	3	3	0.252945	299	40.2656	48.047	0	20.0254	0.175116	93.6921	72.1779	82.3738	1	1	0	0	0	0	0	0
12.08.2015 00:30:18.364000	-0.13	-0.128242	-0.136305	331.551	-665.918	0.00542535	7	3	3	3	0.247262	299	41.528	38.7502	0	11.3394	0.172106	65.6941	41.9298	90.9889	1	1	0	0	0	0	0	0
12.08.2015 00:30:18.464000	-0.13	-0.128242	-0.136305	297.573	-665.927	0.00542535	7	3	3	3	59.2574	299	42.3652	21.2752	0	8.10855	0.647468	54.3997	30.6828	90.8071	1	1	1	0	0	0	0	0
12.08.2015 00:30:18.564000	-0.13	-0.128242	-0.136305	261.762	-665.93	0.00271267	7	3	3	3	87.6594	299	42.6989	5.58023	0	5.02909	6.29598	50.6568	25.8127	95.123	1	1	1	0	0	0	0	0
12.08.2015 00:30:18.664000	-0.13	-0.128242	-0.136305	236.721	-665.93	0.00289352	7	3	3	3	88.0592	299	42.8611	5.34499	0	2.53715	10.389	48.5227	23.7648	94.7933	1	1	1	0	0	0	0	0
12.08.2015 00:30:18.764000	-0.13	-0.128242	-0.136305	218.734	-665.93	0.00542535	7	3	3	3	88.2076	299	43.0113	5.34499	0	1.71681	11.4924	46.8059	22.0496	94.787	1	1	1	0	0	0	0	0
12.08.2015 00:30:18.864000	-0.13	-0.128242	-0.136305	201.32	-665.93	0.00397859	7	3	3	3	88.1039	299	43.1471	5.34499	0	1.58415	11.8441	45.6802	20.7913	95.2948	1	1	1	0	0	0	0	0
12.08.2015 00:30:18.964000	-0.13	-0.128242	-0.136305	178.254	-665.93	0.00325521	7	3	3	3	88.1577	299	43.2819	5.34499	0	1.397	11.9119	44.8028	19.9436	95.181	1	1	1	0	0	0	0	0
12.08.2015 00:30:19.064000	-0.13	-0.128242	-0.136305	162.286	-665.938	0.00253183	7	3	3	3	88.2334	299	43.4172	5.34499	0	1.38393	11.9398	44.043	19.2553	94.9073	1	1	1	0	0	0	0	0
12.08.2015 00:30:19.164000	-0.13	-0.128242	-0.136305	147.914	-665.938	0.00271267	7	3	3	3	88.1435	299	43.5416	5.34499	0	1.34471	11.9472	43.4901	18.684	94.9774	1	1	1	0	0	0	0	0
12.08.2015 00:30:19.264000	-0.13	-0.128242	-0.136305	135.849	-665.938	0.00325521	7	3	3	3	88.228	299	43.6709	5.34499	0	1.32274	11.9554	43.1285	18.3185	94.9926	1	1	1	0	0	0	0	0
12.08.2015 00:30:19.364000	-0.13	-0.128242	-0.136305	128.492	-665.941	0.00434028	7	3	3	3	88.2977	299	43.7923	5.34499	0	1.26894	11.9601	42.8576	18.0268	95.0723	1	1	1	0	0	0	0	0
12.08.2015 00:30:19.464000	-0.13	-0.128242	-0.136305	124.932	-665.945	0.00542535	7	3	3	3	88.3847	299	43.9176	5.34499	0	1.25477	11.9595	42.5415	17.9698	94.0803	1	1	1	0	0	0	0	0
12.08.2015 00:30:19.564000	-0.13	-0.128242	-0.136305	126.027	-665.945	0.00542535	7	3	3	3	88.2739	299	44.0365	5.34499	0	1.2073	11.9635	42.4298	17.709	94.6509	1	1	1	0	0	0	0	0
12.08.2015 00:30:19.664000	-0.13	-0.128242	-0.136305	127.268	-665.945	0.00578704	7	3	3	3	88.3402	299	44.1618	5.34499	0	1.21088	11.9655	42.3163	17.5858	94.6881	1	1	1	0	0	0	0	0
12.08.2015 00:30:19.764000	-0.13	-0.128242	-0.136305	127.395	-665.953	0.00596788	7	3	3	3	88.3877	299	44.2777	5.34499	0	1.2252	11.969	42.2445	17.4786	94.8239	1	1	1	0	0	0	0	0
12.08.2015 00:30:19.864000	-0.13	-0.128242	-0.136305	127.438	-665.953	0.00614873	7	3	3	3	88.4349	299	44.3976	5.34499	0	1.22134	11.9675	42.215	17.4097	94.9744	1	1	1	0	0	0	0	0
12.08.2015 00:30:19.964000	-0.13	-0.128242	-0.136305	127.445	-665.957	0.00596788	7	3	3	3	88.4259	299	44.514	5.34499	0	1.19011	11.9738	42.1635	17.3836	94.8769	1	1	1	0	0	0	0	0
12.08.2015 00:30:20.064000	-0.13	-0.128242	-0.136305	127.44	-665.964	0.0072338	7	3	3	3	88.4632	299	44.6294	5.34499	0	1.19011	11.9759	42.1395	17.3688	94.8421	1	1	1	0	0	0	0	0
12.08.2015 00:30:20.164000	-0.13	-0.128242	-0.136305	127.445	-665.965	0.00705295	7	3	3	3	88.2873	299	44.7473	5.34499	0	1.1488	11.971	42.1321	17.3343	94.9456	1	1	1	0	0	0	0	0
12.08.2015 00:30:20.264000	-0.13	-0.128242	-0.136305	127.44	-665.966	0.00651042	7	3	3	3	88.3526	299	44.8657	5.34499	0	1.14616	11.9692	42.1253	17.3347	94.9183	1	1	1	0	0	0	0	0
12.08.2015 00:30:20.364000	-0.13	-0.128242	-0.136305	127.441	-665.969	0.00596788	7	3	3	3	88.479	299	44.9816	5.34499	0	1.1733	11.9721	42.1204	17.3306	94.9153	1	1	1	0	0	0	0	0
12.08.2015 00:30:20.464000	-0.13	-0.128242	-0.136305	127.445	-665.969	0.00614873	7	3	3	3	88.4612	299	45.104	5.34499	0	1.17886	11.9748	42.1235	17.3274	94.9391	1	1	1	0	0	0	0	0
12.08.2015 00:30:20.564000	-0.13	-0.128242	-0.136305	127.441	-665.969	0.00596788	7	3	3	3	88.552	299	45.2213	5.34499	0	1.20072	11.9755	42.1252	17.3372	94.9085	1	1	1	0	0	0	0	0
12.08.2015 00:30:20.664000	-0.13	-0.128242	-0.136305	127.445	-665.974	0.00397859	7	3	3	3	88.5417	299	45.3417	5.34499	0	1.20725	11.9821	42.1172	17.3518	94.8218	1	1	1	0	0	0	0	0
12.08.2015 00:30:20.764000	-0.13	-0.128242	-0.136305	127.445	-665.977	0.00705295	7	3	3	3	88.5047	299	45.4631	5.34499	0	1.20313	11.984	42.1281	17.3422	94.9001	1	1	1	0	0	0	0	0
12.08.2015 00:30:20.864000	-0.13	-0.128242	-0.136305	127.445	-665.977	0.00434028	7	3	3	3	88.6874	299	45.581	5.34499	0	1.20137	11.9842	42.1377	17.3338	94.969	1	1	1	0	0	0	0	0
12.08.2015 00:30:20.964000	-0.13	-0.128242	-0.136305	127.445	-665.98	0.00759549	7	3	3	3	88.7122	299	45.7028	5.34499	0	1.19127	11.9919	42.1483	17.3339	95.0092	1	1	1	0	0	0	0	0
12.08.2015 00:30:21.064000	-0.13	-0.128242	-0.136305	127.445	-665.984	0.00614873	7	3	3	3	88.5931	299	45.8192	5.34499	0	1.18454	11.9949	42.1499	17.3379	95.0003	1	1	1	0	0	0	0	0
12.08.2015 00:30:21.164000	-0.13	-0.128242	-0.136305	127.441	-665.984	0.00596788	7	3	3	3	88.7446	299	45.9396	5.34499	0	1.18732	11.9907	42.1674	17.3329	95.0863	1	1	1	0	0	0	0	0
12.08.2015 00:30:21.264000	-0.13	-0.128242	-0.136305	127.445	-665.984	0.00651042	7	3	3	3	88.735	299	46.0575	5.34499	0	1.19	11.9962	42.1639	17.3609	94.966	1	1	1	0	0	0	0	0
12.08.2015 00:30:21.364000	-0.13	-0.128242	-0.136305	127.445	-665.984	0.00705295	7	3	3	3	88.7264	299	46.1714	5.34499	0	1.18553	11.999	42.1789	17.3691	94.9917	1	1	1	0	0	0	0	0
12.08.2015 00:30:21.464000	-0.13	-0.128242	-0.136305	127.445	-665.992	0.00651042	7	3	3	3	88.8003	299	46.2913	5.34499	0	1.17882	11.9976	42.1828	17.3686	95.0085	1	1	1	0	0	0	0	0
12.08.2015 00:30:21.564000	-0.13	-0.128242	-0.136305	127.445	-665.996	0.00651042	7	3	3	3	88.726	299	46.4097	5.34499	0	1.18042	12.0006	42.2008	17.3788	95.0384	1	1	1	0	0	0	0	0
12.08.2015 00:30:21.664000	-0.13	-0.128242	-0.136305	127.445	-665.995	0.00651042	7	3	3	3	88.6386	299	46.5271	5.34499	0	1.18416	11.9905	42.1947	17.3879	94.9802	1	1	1	0	0	0	0	0
12.08.2015 00:30:21.764000	-0.13	-0.128242	-0.136305	127.445	-665.992	0.00542535	7	3	3	3	88.5864	299	46.6489	5.34499	0	1.18316	11.9854	42.2117	17.3807	95.073	1	1	1	0	0	0	0	0
12.08.2015 00:30:21.864000	-0.13	-0.128242	-0.136305	127.445	-666.016	0.00651042	7	3	3	3	88.6737	299	46.7643	5.34499	0	1.17894	11.9807	42.2142	17.3928	95.0363	1	1	1	0	0	0	0	0
12.08.2015 00:30:21.964000	-0.13	-0.128242	-0.136305	127.445	-666.023	0.00813802	7	3	3	3	88.7714	299	46.8867	5.34499	0	1.18079	11.9873	42.2228	17.4019	95.0342	1	1	1	0	0	0	0	0
12.08.2015 00:30:22.064000	-0.13	-0.128242	-0.136305	127.445	-666.018	0.00831887	7	3	3	3	88.645	299	47.0056	5.34499	0	1.19574	11.9831	42.2299	17.4168	95.0043	1	1	1	0	0	0	0	0
12.08.2015 00:30:22.164000	-0.13	-0.128242	-0.136305	127.445	-666.023	0.00976563	7	3	3	3	88.7189	299	47.122	5.34499	0	1.19573	11.9853	42.2401	17.4255	95.0099	1	1	1	0	0	0	0	0
12.08.2015 00:30:22.264000	-0.13	-0.128242	-0.136305	127.445	-666.023	0.00976563	7	3	3	3	88.7418	299	47.2458	5.34499	0	1.19567	11.9873	42.2562	17.4329	95.0436	1	1	1	0	0	0	0	0
12.08.2015 00:30:22.364000	-0.13	-0.128242	-0.136305	127.445	-666.023	0.0108507	7	3	3	3	88.5838	299	47.3602	5.34499	0	1.19567	11.9852	42.2599	17.447	95.0036	1	1	1	0	0	0	0	0
12.08.2015 00:30:22.464000	-0.13	-0.128242	-0.136305	127.443	-666.023	0.00976563	7	3	3	3	112.268	299	47.4781	5.34499	0	1.1802	11.976	42.2625	17.4669	94.9375	1	1	1	0	0	0	0	0
12.08.2015 00:30:22.564000	-0.13	-0.128242	-0.136305	127.445	-666.023	0.00813802	7	3	3	3	166.388	299	47.599	5.34499	0	1.17885	11.7813	42.244	17.4736	94.841	1	1	1	0	0	0	0	0
12.08.2015 00:30:22.664000	-0.13	-0.128242	-0.136305	127.445	-666.023	0.00795718	7	3	3	3	199.529	299	47.7134	5.34499	0	1.18803	11.3823	42.2434	17.4819	94.8071	1	1	1	0	0	0	0	0
12.08.2015 00:30:22.764000	-0.13	-0.128242	-0.136305	127.445	-666.023	2.90256	7	3	3	3	333.741	299	47.8363	5.34499	0	1.18991	11.4192	42.2556	17.4584	94.9435	1	1	1	0	0	0	0	0
12.08.2015 00:30:22.864000	-0.13	-0.128242	-0.136305	127.445	-666.023	11.4099	7	3	3	3	183.959	299	47.9532	5.34499	0	1.18186	11.1487	42.2581	17.4861	94.8468	1	1	1	0	0	0	0	0
12.08.2015 00:30:22.964000	-0.13	-0.128242	-0.136305	127.445	-666.023	19.6674	7	3	3	3	619.142	299	48.072	5.34499	0	1.17873	11.3236	42.2742	17.4556	95.0253	1	1	1	0	0	0	0	0
12.08.2015 00:30:23.064000	-0.13	-0.128242	-0.136305	127.445	-666.023	24.6593	7	3	3	3	232.824	299	48.1939	5.34499	0	1.18961	11.0393	42.278	17.4939	94.8933	1	1	1	0	0	0	0	0
12.08.2015 00:30:23.164000	-0.13	-0.128242	-0.136305	127.445	-666.023	26.6943	7	3	3	3	158.242	299	48.3088	5.34499	0	1.19574	11.2651	42.2756	17.5072	94.8335	1	1	1	0	0	0	0	0
12.08.2015 00:30:23.264000	-0.13	-0.128242	-0.136305	127.445	-666.023	27.6298	7	3	3	3	725.197	299	48.4332	5.34499	0	1.19569	11.4675	42.311	17.478	95.0805	1	1	1	0	0	0	0	0
12.08.2015 00:30:23.364000	-0.13	-0.128242	-0.136305	127.445	-666.023	28.2704	7	3	3	3	272.971	299	48.5491	5.34499	0	1.19566	11.0271	42.2954	17.5209	94.8566	1	1	1	0	0	0	0	0
12.08.2015 00:30:23.464000	-0.13	-0.128242	-0.136305	127.445	-666.023	28.5489	7	3	3	3	273.489	299	48.6685	5.34499	0	1.1957	10.9675	42.3059	17.5275	94.8716	1	1	1	0	0	0	0	0
12.08.2015 00:30:23.564000	-0.13	-0.128242	-0.136305	127.445	-666.023	28.7115	7	3	3	3	435.881	299	48.7908	5.34499	0	1.19574	11.0135	42.3175	17.5307	94.9036	1	1	1	0	0	0	0	0
12.08.2015 00:30:23.664000	-0.13	-0.128242	-0.136305	127.445	-666.023	28.7558	7	3	3	3	551.172	299	48.9042	5.34499	0	1.18763	10.8991	42.3317	17.5232	94.9865	1	1	1	0	0	0	0	0
12.08.2015 00:30:23.764000	-0.13	-0.128242	-0.136305	127.445	-666.031	28.8118	7	3	3	3	474.384	299	49.0291	5.34499	0	1.17321	10.8393	42.3338	17.5386	94.9358	1	1	1	0	0	0	0	0
12.08.2015 00:30:23.864000	-0.13	-0.128242	-0.136305	127.445	-666.031	28.8838	7	3	3	3	507.88	299	49.148	5.34499	0	1.19034	10.8177	42.3433	17.5423	94.9583	1	1	1	0	0	0	0	0
12.08.2015 00:30:23.964000	-0.13	-0.128242	-0.136305	127.445	-666.039	28.91	7	3	3	3	553.883	299	49.2693	5.34499	0	1.22511	10.8386	42.351	17.5517	94.9515	1	1	1	0	0	0	0	0
12.08.2015 00:30:24.064000	-0.13	-0.128242	-0.136305	127.445	-666.031	28.9211	7	3	3	3	638.115	299	49.3902	5.34499	0	1.21894	10.82	42.3566	17.5646	94.9234	1	1	1	0	0	0	0	0
12.08.2015 00:30:24.164000	-0.13	-0.128242	-0.136305	127.449	-666.035	28.9269	7	3	3	3	567.7	299	49.5051	5.34499	0	1.20137	10.8479	42.3647	17.5597	94.9732	1	1	1	0	0	0	0	0
12.08.2015 00:30:24.264000	-0.13	-0.128242	-0.136305	127.445	-666.034	28.9261	7	3	3	3	653.968	299	49.63	5.34499	0	1.19865	10.8623	42.3642	17.5695	94.934	1	1	1	0	0	0	0	0
12.08.2015 00:30:24.364000	-0.13	-0.128242	-0.136305	127.445	-666.039	28.8873	7	3	3	3	513.047	299	49.7464	5.34499	0	1.18435	10.8827	42.3687	17.5762	94.9253	1	1	1	0	0	0	0	0
12.08.2015 00:30:24.464000	-0.13	-0.128242	-0.136305	127.445	-666.034	28.6661	7	3	3	3	558.169	299	49.8667	5.34499	0	1.18526	10.9289	42.3703	17.5802	94.9162	1	1	1	0	0	0	0	0
12.08.2015 00:30:24.564000	-0.13	-0.128242	-0.136305	127.445	-666.039	28.4299	7	3	3	3	588.085	299	49.9871	5.34499	0	1.19575	10.9323	42.3803	17.5785	94.9611	1	1	1	0	0	0	0	0
12.08.2015 00:30:24.664000	-0.13	-0.128242	-0.136305	127.445	-666.036	28.2161	7	3	3	3	484.09	299	50.102	3.94338	0	1.19575	10.9244	42.3158	17.735	94.1148	1	1	1	0.41	0	0	0	0
12.08.2015 00:30:24.764000	-0.13	-0.128242	-0.136305	127.445	-666.039	28.0404	7	3	3	3	168.585	299	50.1587	2.15384	0.227406	1.09134	10.09	42.642	17.8155	95.0559	1	1	1	1	0	0	0	0
12.08.2015 00:30:24.864000	-0.13	-0.128242	-0.136305	127.445	-666.039	27.8776	7	3	3	3	289.199	299	50.2134	2.41132	0.484879	0.920972	9.10547	42.9225	18.096	95.0559	1	1	1	1	0	0	0	0
12.08.2015 00:30:24.964000	-0.13	-0.128242	-0.136305	127.445	-666.039	27.7463	7	3	3	3	366.733	299	50.2687	2.23207	0.305629	0.920972	8.7337	43.1513	18.3393	95.0003	1	1	1	1	0	0	0	0
12.08.2015 00:30:25.064000	-0.13	-0.128242	-0.136305	127.445	-666.039	27.6931	7	3	3	3	327.746	299	50.3184	2.08879	0.162354	0.920972	8.53919	43.3755	18.537	95.1015	1	1	1	1	0	0	0	0
12.08.2015 00:30:25.164000	-0.13	-0.128242	-0.136305	127.445	-666.039	27.6383	7	3	3	3	368.866	299	50.3706	1.9345	0.00806336	0.920972	8.52587	43.5634	18.6978	95.2055	1	1	1	1	0	0	0	0
12.08.2015 00:30:25.264000	-0.13	-0.128242	-0.136305	127.448	-666.039	27.5676	7	3	3	3	296.824	299	50.4184	1.89397	-0.0324701	0.680609	8.50797	43.7217	18.8532	95.2165	1	1	1	1	0	0	0	0
12.08.2015 00:30:25.364000	-0.13	-0.128242	-0.136305	127.445	-666.039	27.5288	7	3	3	3	343.918	299	50.4636	1.78886	-0.137576	0.520367	8.48639	43.8689	18.9879	95.2642	1	1	1	1	0	0	0	0
12.08.2015 00:30:25.464000	-0.13	-0.128242	-0.136305	127.448	-666.039	27.4873	7	3	3	3	295.419	299	50.5089	1.72829	-0.198142	0.520367	8.50447	44.001	19.1165	95.278	1	1	1	1	0	0	0	0
12.08.2015 00:30:25.564000	-0.13	-0.128242	-0.136305	127.445	-666.039	27.4647	7	3	3	3	296.011	299	50.5562	1.72456	-0.201876	0.520367	8.49766	44.1129	19.2343	95.2553	1	1	1	1	0	0	0	0
12.08.2015 00:30:25.664000	-0.13	-0.128242	-0.136305	127.445	-666.039	27.4309	7	3	3	3	341.53	299	50.6014	1.6819	-0.244533	0.520367	8.53788	44.2144	19.3329	95.2663	1	1	1	1	0	0	0	0
12.08.2015 00:30:25.764000	-0.13	-0.128242	-0.136305	127.445	-666.039	27.4208	7	3	3	3	294.513	299	50.6447	1.65398	-0.272453	0.510762	8.53905	44.3102	19.4314	95.256	1	1	1	1	0	0	0	0
12.08.2015 00:30:25.864000	-0.13	-0.128242	-0.136305	127.445	-666.039	27.4114	7	3	3	3	315.139	299	50.6895	1.65428	-0.272153	0.456334	8.55836	44.4061	19.5171	95.295	1	1	1	1	0	0	0	0
12.08.2015 00:30:25.964000	-0.13	-0.128242	-0.136305	127.445	-666.039	27.4056	7	3	3	3	301.997	299	50.7367	1.5595	-0.366936	0.456334	8.523	44.4807	19.607	95.2364	1	1	1	1	0	0	0	0
12.08.2015 00:30:26.064000	-0.13	-0.128242	-0.136305	127.448	-666.039	27.3987	7	3	3	3	279.812	299	50.785	1.59198	-0.334459	0.456334	8.51975	44.5571	19.682	95.242	1	1	1	1	0	0	0	0
12.08.2015 00:30:26.164000	-0.13	-0.128242	-0.136305	127.449	-666.039	27.3904	7	3	3	3	333.119	299	50.8307	1.56372	-0.362719	0.456334	8.50959	44.6295	19.7678	95.18	1	1	1	1	0	0	0	0
12.08.2015 00:30:26.264000	-0.13	-0.128242	-0.136305	127.445	-666.039	27.3835	7	3	3	3	247.553	299	50.873	1.53822	-0.388209	0.456334	8.52305	44.7016	19.8519	95.1443	1	1	1	1	0	0	0	0
12.08.2015 00:30:26.364000	-0.13	-0.128242	-0.136305	127.449	-666.039	27.3774	7	3	3	3	299.059	299	50.9163	1.55414	-0.372294	0.451759	8.54398	44.7522	19.9078	95.124	1	1	1	1	0	0	0	0
12.08.2015 00:30:26.464000	-0.13	-0.128242	-0.136305	127.448	-666.039	27.3727	7	3	3	3	290.009	299	50.9621	1.57864	-0.347792	0.448955	8.52695	44.7856	19.957	95.0639	1	1	1	1	0	0	0	0
12.08.2015 00:30:26.564000	-0.13	-0.128242	-0.136305	127.445	-666.039	27.3687	7	3	3	3	299.923	299	51.0083	1.60307	-0.323365	0.448955	8.53676	44.8241	19.9873	95.0952	1	1	1	1	0	0	0	0
12.08.2015 00:30:26.664000	-0.13	-0.128242	-0.136305	127.445	-666.039	27.368	7	3	3	3	300.263	299	51.0531	1.6164	-0.310041	0.448955	8.53041	44.8504	20.0336	95.0183	1	1	1	1	0	0	0	0
12.08.2015 00:30:26.764000	-0.13	-0.128242	-0.136305	127.453	-666.039	27.3665	7	3	3	3	305.026	299	51.0993	1.63763	-0.2888	0.448955	8.56578	44.8863	20.0592	95.0588	1	1	1	1	0	0	0	0
12.08.2015 00:30:26.864000	-0.13	-0.128242	-0.136305	127.445	-666.039	27.364	7	3	3	3	358.961	299	51.1486	1.62921	-0.297275	0.453661	8.56498	44.9098	20.0905	95.0242	1	1	1	1	0	0	0	0
12.08.2015 00:30:26.964000	-0.13	-0.128242	-0.136305	127.449	-666.039	27.3633	7	3	3	3	330.342	299	51.1958	1.57154	-0.354902	0.465762	8.52449	44.929	20.1148	95.0087	1	1	1	1	0	0	0	0
12.08.2015 00:30:27.064000	-0.13	-0.128242	-0.136305	127.448	-666.039	27.3546	7	3	3	3	285.694	299	51.2386	1.51075	-0.415688	0.465762	8.55876	44.9446	20.1383	94.9784	1	1	1	1	0	0	0	0
12.08.2015 00:30:27.164000	-0.13	-0.128242	-0.136305	127.449	-666.039	27.3405	7	3	3	3	269.051	299	51.2839	1.47195	-0.454487	0.465762	8.54426	44.9736	20.1687	94.973	1	1	1	1	0	0	0	0
12.08.2015 00:30:27.264000	-0.13	-0.128242	-0.136305	127.448	-666.039	27.3347	7	3	3	3	268.168	299	51.3311	1.48203	-0.44441	0.465762	8.53004	44.992	20.1843	94.9835	1	1	1	1	0	0	0	0
12.08.2015 00:30:27.364000	-0.13	-0.128242	-0.136305	127.445	-666.039	27.3291	7	3	3	3	232.285	299	51.3764	1.52408	-0.402354	0.465762	8.54052	45.0114	20.2025	94.9882	1	1	1	1	0	0	0	0
12.08.2015 00:30:27.464000	-0.13	-0.128242	-0.136305	127.448	-666.039	27.3289	7	3	3	3	310.137	299	51.4217	1.59601	-0.330424	0.454709	8.552	45.0269	20.2264	94.9559	1	1	1	1	0	0	0	0
12.08.2015 00:30:27.564000	-0.13	-0.128242	-0.136305	127.449	-666.039	27.3329	7	3	3	3	298.251	299	51.4669	1.64279	-0.28365	0.451408	8.52347	45.0448	20.2362	94.9875	1	1	1	1	0	0	0	0
12.08.2015 00:30:27.664000	-0.13	-0.128242	-0.136305	127.448	-666.039	27.3369	7	3	3	3	288.747	299	51.5127	1.6843	-0.242135	0.451408	8.54588	45.0537	20.2521	94.9604	1	1	1	1	0	0	0	0
12.08.2015 00:30:27.764000	-0.13	-0.128242	-0.136305	127.445	-666.039	27.34	7	3	3	3	335.897	299	51.5634	1.69968	-0.226759	0.451408	8.52546	45.0512	20.2578	94.9291	1	1	1	1	0	0	0	0
12.08.2015 00:30:27.864000	-0.13	-0.128242	-0.136305	127.451	-666.039	27.3445	7	3	3	3	278.408	299	51.6112	1.69876	-0.227682	0.451408	8.52481	45.0527	20.2734	94.8751	1	1	1	1	0	0	0	0
12.08.2015 00:30:27.964000	-0.13	-0.128242	-0.136305	127.453	-666.039	27.3459	7	3	3	3	275.565	299	51.6584	1.72184	-0.2046	0.463733	8.54816	45.057	20.2762	94.8809	1	1	1	1	0	0	0	0
12.08.2015 00:30:28.064000	-0.13	-0.128242	-0.136305	127.448	-666.042	27.3474	7	3	3	3	285.629	299	51.7077	1.75044	-0.175994	0.474663	8.54182	45.062	20.2767	94.8982	1	1	1	1	0	0	0	0
12.08.2015 00:30:28.164000	-0.13	-0.128242	-0.136305	127.449	-666.039	27.3497	7	3	3	3	262.88	299	51.7594	1.77843	-0.148008	0.474663	8.53074	45.0605	20.28	94.8797	1	1	1	1	0	0	0	0
12.08.2015 00:30:28.264000	-0.13	-0.128242	-0.136305	127.453	-666.042	27.3477	7	3	3	3	311.599	299	51.8106	1.83143	-0.095005	0.474663	8.55229	45.0544	20.2761	94.8709	1	1	1	1	0	0	0	0
12.08.2015 00:30:28.364000	-0.13	-0.128242	-0.136305	127.445	-666.039	27.3475	7	3	3	3	304.935	299	51.8604	1.86781	-0.058626	0.474663	8.52881	45.0401	20.2751	94.8204	1	1	1	1	0	0	0	0
12.08.2015 00:30:28.464000	-0.13	-0.128242	-0.136305	127.451	-666.039	27.3459	7	3	3	3	280.972	299	51.9121	1.88389	-0.0425483	0.4954	8.52287	45.0392	20.2706	94.8342	1	1	1	1	0	0	0	0
12.08.2015 00:30:28.564000	-0.13	-0.128242	-0.136305	127.449	-666.043	27.3486	7	3	3	3	343.624	299	51.9673	1.8936	-0.0328403	0.507579	8.4975	45.0387	20.2672	94.8454	1	1	1	1	0	0	0	0
12.08.2015 00:30:28.664000	-0.13	-0.128242	-0.136305	127.448	-666.039	27.3521	7	3	3	3	276.071	299	52.0201	1.8757	-0.0507376	0.507579	8.48338	45.0271	20.2661	94.805	1	1	1	1	0	0	0	0
12.08.2015 00:30:28.764000	-0.13	-0.128242	-0.136305	127.449	-666.039	27.353	7	3	3	3	271.409	299	52.0698	1.88388	-0.0425537	0.507579	8.51575	45.0178	20.2581	94.8	1	1	1	1	0	0	0	0
12.08.2015 00:30:28.864000	-0.13	-0.128242	-0.136305	127.451	-666.039	27.3535	7	3	3	3	288.386	299	52.1205	1.90985	-0.0165869	0.507579	8.52225	45.0137	20.2576	94.786	1	1	1	1	0	0	0	0
12.08.2015 00:30:28.964000	-0.13	-0.128242	-0.136305	127.453	-666.047	27.353	7	3	3	3	243.808	299	52.1738	1.94756	0.02112	0.522824	8.51091	45.0121	20.2488	94.8136	1	1	1	1	0	0	0	0
12.08.2015 00:30:29.064000	-0.13	-0.128242	-0.136305	127.453	-666.039	27.3535	7	3	3	3	286.658	299	52.231	2.02241	0.0959748	0.524708	8.51644	45.0013	20.244	94.7909	1	1	1	1	0	0	0	0
12.08.2015 00:30:29.164000	-0.13	-0.128242	-0.136305	127.453	-666.043	27.3546	7	3	3	3	322.42	299	52.2887	2.07919	0.152757	0.524708	8.52703	44.9824	20.2259	94.7877	1	1	1	1	0	0	0	0
12.08.2015 00:30:29.264000	-0.13	-0.128242	-0.136305	127.453	-666.042	27.3532	7	3	3	3	254.511	299	52.3434	2.10884	0.1824	0.524708	8.52345	44.9774	20.2205	94.7895	1	1	1	1	0	0	0	0
12.08.2015 00:30:29.364000	-0.13	-0.128242	-0.136305	127.453	-666.039	27.3551	7	3	3	3	293.443	299	52.3981	2.15169	0.225254	0.53641	8.539	44.9713	20.2095	94.8082	1	1	1	1	0	0	0	0
12.08.2015 00:30:29.464000	-0.13	-0.128242	-0.136305	127.453	-666.042	27.3564	7	3	3	3	370.132	299	52.4538	2.18391	0.257472	0.553964	8.5333	44.9477	20.1997	94.7552	1	1	1	1	0	0	0	0
12.08.2015 00:30:29.564000	-0.13	-0.128242	-0.136305	127.453	-666.039	27.3584	7	3	3	3	290.712	299	52.511	2.15259	0.22615	0.553964	8.45703	44.9284	20.1906	94.7161	1	1	1	1	0	0	0	0
12.08.2015 00:30:29.664000	-0.13	-0.128242	-0.136305	127.451	-666.039	27.3542	7	3	3	3	344.06	299	52.5702	2.1265	0.200064	0.553964	8.48391	44.928	20.1763	94.7694	1	1	1	1	0	0	0	0
12.08.2015 00:30:29.764000	-0.13	-0.128242	-0.136305	127.453	-666.039	27.3562	7	3	3	3	245.986	299	52.6309	2.09516	0.16872	0.55641	8.46412	44.9242	20.1797	94.7419	1	1	1	1	0	0	0	0
12.08.2015 00:30:29.864000	-0.13	-0.128242	-0.136305	127.453	-666.042	27.355	7	3	3	3	265.027	299	52.6886	2.12068	0.194243	0.578424	8.51968	44.9217	20.1719	94.7622	1	1	1	1	0	0	0	0
12.08.2015 00:30:29.964000	-0.13	-0.128242	-0.136305	127.453	-666.047	27.3551	7	3	3	3	242.472	299	52.7453	2.17906	0.252619	0.578424	8.52569	44.9101	20.173	94.7133	1	1	1	1	0	0	0	0
12.08.2015 00:30:30.064000	-0.13	-0.128242	-0.136305	127.453	-666.047	27.355	7	3	3	3	265.416	299	52.8025	2.24468	0.318238	0.578424	8.52261	44.8998	20.1604	94.7222	1	1	1	1	0	0	0	0
12.08.2015 00:30:30.164000	-0.13	-0.128242	-0.136305	127.453	-666.043	27.3562	7	3	3	3	286.378	299	52.8627	2.3236	0.397159	0.578424	8.53478	44.8955	20.1422	94.7753	1	1	1	1	0	0	0	0
12.08.2015 00:30:30.264000	-0.13	-0.128242	-0.136305	127.453	-666.047	27.3615	7	3	3	3	311.69	299	52.9274	2.38741	0.460974	0.592215	8.53859	44.8662	20.1334	94.697	1	1	1	1	0	0	0	0
12.08.2015 00:30:30.364000	-0.13	-0.128242	-0.136305	127.453	-666.047	27.3687	7	3	3	3	254.128	299	52.9925	2.42912	0.502679	0.593579	8.51684	44.8431	20.1181	94.6671	1	1	1	1	0	0	0	0
12.08.2015 00:30:30.464000	-0.13	-0.128242	-0.136305	127.453	-666.044	27.377	7	3	3	3	310.123	299	53.0532	2.49082	0.564383	0.593579	8.52104	44.8285	20.0995	94.6823	1	1	1	1	0	0	0	0
12.08.2015 00:30:30.564000	-0.13	-0.128242	-0.136305	127.453	-666.047	27.3828	7	3	3	3	273.597	299	53.1164	2.53568	0.609243	0.595546	8.52888	44.7894	20.1055	94.5096	1	1	1	1	0	0	0	0
12.08.2015 00:30:30.664000	-0.13	-0.128242	-0.136305	127.453	-666.044	27.3897	7	3	3	3	266.051	299	53.1895	2.58437	0.657937	0.642751	8.52099	44.7389	20.096	94.353	1	1	1	1	0	0	0	0
12.08.2015 00:30:30.764000	-0.13	-0.128242	-0.136305	127.453	-666.047	27.3985	7	3	3	3	337.995	299	53.2517	2.63502	0.708581	0.642751	8.53218	44.7218	20.0615	94.4191	1	1	1	1	0	0	0	0
12.08.2015 00:30:30.864000	-0.13	-0.128242	-0.136305	127.453	-666.044	27.3966	7	3	3	3	328.339	299	53.3203	2.63773	0.711291	0.642751	8.51719	44.6877	20.036	94.3866	1	1	1	1	0	0	0	0
12.08.2015 00:30:30.964000	-0.13	-0.128242	-0.136305	127.453	-666.047	27.3975	7	3	3	3	300.227	299	53.3924	2.61072	0.684287	0.657819	8.49196	44.6522	20.0235	94.2985	1	1	1	1	0	0	0	0
12.08.2015 00:30:31.064000	-0.13	-0.128242	-0.136305	127.453	-666.047	27.3966	7	3	3	3	297.993	299	53.4541	2.59476	0.668321	0.681387	8.51516	44.6477	19.9965	94.3845	1	1	1	1	0	0	0	0
12.08.2015 00:30:31.164000	-0.13	-0.128242	-0.136305	127.453	-666.047	27.3882	7	3	3	3	292.027	299	53.5233	2.58951	0.663077	0.681387	8.54178	44.6323	19.9906	94.3483	1	1	1	1	0	0	0	0
12.08.2015 00:30:31.264000	-0.13	-0.128242	-0.136305	127.453	-666.044	27.3835	7	3	3	3	293.706	299	53.5924	2.58424	0.657806	0.681387	8.50879	44.6164	19.9824	94.3186	1	1	1	1	0	0	0	0
12.08.2015 00:30:31.364000	-0.13	-0.128242	-0.136305	127.453	-666.043	27.3785	7	3	3	3	257.068	299	53.6546	2.59199	0.665552	0.671825	8.49677	44.6165	19.9832	94.3161	1	1	1	1	0	0	0	0
12.08.2015 00:30:31.464000	-0.13	-0.128242	-0.136305	127.453	-666.047	27.3741	7	3	3	3	311.273	299	53.7232	2.6335	0.70706	0.666899	8.49539	44.6054	19.9682	94.3308	1	1	1	1	0	0	0	0
12.08.2015 00:30:31.564000	-0.13	-0.128242	-0.136305	127.453	-666.047	27.3687	7	3	3	3	287.133	299	53.7924	2.66055	0.734112	0.666899	8.48822	44.5927	19.9587	94.3186	1	1	1	1	0	0	0	0
12.08.2015 00:30:31.664000	-0.13	-0.128242	-0.136305	127.453	-666.047	27.3633	7	3	3	3	290.122	299	53.854	2.68116	0.75472	0.666899	8.50318	44.585	19.951	94.3189	1	1	1	1	0	0	0	0
12.08.2015 00:30:31.764000	-0.13	-0.128242	-0.136305	127.453	-666.047	27.3611	7	3	3	3	275.448	299	53.9301	2.71021	0.78377	0.670215	8.53796	44.5679	19.9367	94.3079	1	1	1	1	0	0	0	0
12.08.2015 00:30:31.864000	-0.13	-0.128242	-0.136305	127.453	-666.047	27.3618	7	3	3	3	301.326	299	53.9958	2.74961	0.823178	0.67039	8.5218	44.5538	19.9094	94.3584	1	1	1	1	0	0	0	0
12.08.2015 00:30:31.964000	-0.13	-0.128242	-0.136305	127.453	-666.047	27.3595	7	3	3	3	301.902	299	54.063	2.77252	0.846078	0.67039	8.51318	44.5448	19.9028	94.349	1	1	1	1	0	0	0	0
12.08.2015 00:30:32.064000	-0.13	-0.128242	-0.136305	127.453	-666.047	27.3604	7	3	3	3	354.591	299	54.1376	2.76975	0.843313	0.679403	8.51158	44.5199	19.8873	94.3132	1	1	1	1	0	0	0	0
12.08.2015 00:30:32.164000	-0.13	-0.128242	-0.136305	127.453	-666.047	27.3595	7	3	3	3	280.717	299	54.2022	2.73099	0.804553	0.694748	8.49182	44.5197	19.8838	94.3259	1	1	1	1	0	0	0	0
12.08.2015 00:30:32.264000	-0.13	-0.128242	-0.136305	127.453	-666.047	27.3539	7	3	3	3	270.374	299	54.2739	2.72273	0.796297	0.694748	8.52895	44.5238	19.8805	94.3544	1	1	1	1	0	0	0	0
12.08.2015 00:30:32.364000	-0.13	-0.128242	-0.136305	127.453	-666.047	27.3492	7	3	3	3	266.792	299	54.342	2.74138	0.814944	0.694748	8.52815	44.5056	19.8754	94.3039	1	1	1	1	0	0	0	0
12.08.2015 00:30:32.464000	-0.13	-0.128242	-0.136305	127.453	-666.047	27.3474	7	3	3	3	272.147	299	54.4102	2.78454	0.858101	0.691795	8.54646	44.5119	19.8668	94.3609	1	1	1	1	0	0	0	0
12.08.2015 00:30:32.564000	-0.13	-0.128242	-0.136305	127.453	-666.047	27.347	7	3	3	3	297.261	299	54.4843	2.84409	0.917654	0.690913	8.56843	44.4953	19.8586	94.3291	1	1	1	1	0	0	0	0
12.08.2015 00:30:32.664000	-0.13	-0.128242	-0.136305	127.453	-666.047	27.3456	7	3	3	3	274.531	299	54.5509	2.89155	0.965114	0.690913	8.5584	44.4724	19.8412	94.3076	1	1	1	1	0	0	0	0
12.08.2015 00:30:32.764000	-0.13	-0.128242	-0.136305	127.453	-666.047	27.3486	7	3	3	3	342.623	299	54.6305	2.92625	0.999815	0.696995	8.52819	44.4662	19.8207	94.3626	1	1	1	1	0	0	0	0
12.08.2015 00:30:32.864000	-0.13	-0.128242	-0.136305	127.456	-666.047	27.3503	7	3	3	3	307.458	299	54.6977	2.92473	0.998296	0.712635	8.50985	44.4403	19.8108	94.3016	1	1	1	1	0	0	0	0
12.08.2015 00:30:32.964000	-0.13	-0.128242	-0.136305	127.453	-666.047	27.3503	7	3	3	3	292.608	299	54.7763	2.9144	0.987963	0.712635	8.51344	44.4342	19.8064	94.295	1	1	1	1	0	0	0	0
12.08.2015 00:30:33.064000	-0.13	-0.128242	-0.136305	127.458	-666.047	27.3521	7	3	3	3	356.872	299	54.8434	2.8886	0.962166	0.712635	8.54047	44.4233	19.7949	94.2974	1	1	1	1	0	0	0	0
12.08.2015 00:30:33.164000	-0.13	-0.128242	-0.136305	127.457	-666.047	27.3513	7	3	3	3	301.835	299	54.9175	2.83602	0.909583	0.725193	8.53518	44.4192	19.7977	94.2707	1	1	1	1	0	0	0	0
12.08.2015 00:30:33.264000	-0.13	-0.128242	-0.136305	127.461	-666.047	27.3524	7	3	3	3	310.988	299	54.9877	2.79507	0.868629	0.727238	8.56112	44.434	19.792	94.3492	1	1	1	1	0	0	0	0
12.08.2015 00:30:33.364000	-0.13	-0.128242	-0.136305	127.461	-666.047	27.3524	7	3	3	3	273.542	299	55.0528	2.75723	0.830796	0.727238	8.55181	44.4349	19.7972	94.3329	1	1	1	1	0	0	0	0
12.08.2015 00:30:33.464000	-0.13	-0.128242	-0.136305	127.461	-666.047	27.3524	7	3	3	3	327.969	299	55.1284	2.75163	0.825193	0.718394	8.56228	44.449	19.7998	94.3768	1	1	1	1	0	0	0	0
12.08.2015 00:30:33.564000	-0.13	-0.128242	-0.136305	127.461	-666.047	27.3557	7	3	3	3	257.714	299	55.1941	2.74302	0.816579	0.696741	8.53701	44.451	19.8186	94.3126	1	1	1	1	0	0	0	0
12.08.2015 00:30:33.664000	-0.13	-0.128242	-0.136305	127.461	-666.047	27.3644	7	3	3	3	255.171	299	55.2607	2.76474	0.838301	0.696741	8.5338	44.4565	19.82	94.3282	1	1	1	1	0	0	0	0
12.08.2015 00:30:33.764000	-0.13	-0.128242	-0.136305	127.469	-666.047	27.3698	7	3	3	3	275.705	299	55.3344	2.8143	0.887864	0.696741	8.5479	44.4707	19.8138	94.4063	1	1	1	1	0	0	0	0
12.08.2015 00:30:33.864000	-0.13	-0.128242	-0.136305	127.466	-666.047	27.3752	7	3	3	3	331.052	299	55.3985	2.86246	0.936023	0.695323	8.51942	44.4612	19.8126	94.3745	1	1	1	1	0	0	0	0
12.08.2015 00:30:33.964000	-0.13	-0.128242	-0.136305	127.469	-666.047	27.3747	7	3	3	3	271.204	299	55.4761	2.88107	0.954629	0.694744	8.52028	44.4426	19.845	94.1793	1	1	1	1	0	0	0	0
12.08.2015 00:30:34.064000	-0.13	-0.128242	-0.136305	127.469	-666.047	27.3752	7	3	3	3	300.786	299	55.5433	2.90877	0.982332	0.694744	8.54423	44.4302	19.8327	94.1791	1	1	1	1	0	0	0	0
12.08.2015 00:30:34.164000	-0.13	-0.128242	-0.136305	127.469	-666.047	27.3741	7	3	3	3	273.686	299	55.6214	2.93842	1.01198	0.702387	8.55524	44.4091	19.8226	94.1366	1	1	1	1	0	0	0	0
12.08.2015 00:30:34.264000	-0.13	-0.128242	-0.136305	127.469	-666.047	27.3644	7	3	3	3	289.396	299	55.689	2.985	1.05857	0.723049	8.59978	44.4002	19.8037	94.1749	1	1	1	1	0	0	0	0
12.08.2015 00:30:34.364000	-0.13	-0.128242	-0.136305	127.469	-666.047	27.3579	7	3	3	3	324.199	299	55.7711	3.01849	1.09205	0.723049	8.56811	44.3748	19.7857	94.1466	1	1	1	1	0	0	0	0
12.08.2015 00:30:34.464000	-0.13	-0.128242	-0.136305	127.469	-666.047	27.3611	7	3	3	3	307.553	299	55.8402	3.01663	1.09019	0.723049	8.53511	44.3652	19.7796	94.1333	1	1	1	1	0	0	0	0
12.08.2015 00:30:34.564000	-0.13	-0.128242	-0.136305	127.469	-666.047	27.3655	7	3	3	3	292.392	299	55.9203	3.00592	1.07948	0.743196	8.55361	44.3444	19.7674	94.1004	1	1	1	1	0	0	0	0
12.08.2015 00:30:34.664000	-0.13	-0.128242	-0.136305	127.469	-666.047	27.3712	7	3	3	3	275.574	299	55.991	3.01526	1.08883	0.744712	8.57988	44.34	19.7537	94.1363	1	1	1	1	0	0	0	0
12.08.2015 00:30:34.764000	-0.13	-0.128242	-0.136305	127.469	-666.047	27.3736	7	3	3	3	315.364	299	56.071	3.02656	1.10012	0.744712	8.53302	44.3222	19.7398	94.1209	1	1	1	1	0	0	0	0
12.08.2015 00:30:34.864000	-0.13	-0.128242	-0.136305	127.469	-666.047	27.3828	7	3	3	3	317.962	299	56.1407	3.01902	1.09259	0.751927	8.5161	44.3217	19.7303	94.1555	1	1	1	1	0	0	0	0
12.08.2015 00:30:34.964000	-0.13	-0.128242	-0.136305	127.465	-666.047	27.3844	7	3	3	3	307.669	299	56.2228	2.99843	1.07199	0.755985	8.50512	44.3156	19.7252	94.1515	1	1	1	1	0	0	0	0
12.08.2015 00:30:35.064000	-0.13	-0.128242	-0.136305	127.469	-666.047	27.3825	7	3	3	3	311.056	299	56.2884	2.97121	1.04477	0.755985	8.51539	44.3214	19.7205	94.1922	1	1	1	1	0	0	0	0
12.08.2015 00:30:35.164000	-0.13	-0.128242	-0.136305	127.469	-666.047	27.3823	7	3	3	3	284.725	299.005	56.371	2.9551	1.02867	0.752062	8.5769	44.3262	19.7297	94.1749	1	1	1	1	0.29	0	0	0
12.08.2015 00:30:35.264000	-0.13	-0.128242	-0.136305	127.469	-666.047	27.3788	7	3	3	3	326.897	299.411	56.4366	2.91641	0.98997	0.742458	8.53885	44.3267	19.7372	94.148	1	1	1	1	1	0	0	0
12.08.2015 00:30:35.364000	-0.13	-0.128242	-0.136305	127.469	-666.047	27.372	7	3	3	3	266.049	300.9	56.5123	2.83538	0.908947	0.742458	8.51155	44.3539	19.7441	94.2261	1	1	1	1	1	0	0	0
12.08.2015 00:30:35.464000	-0.13	-0.128242	-0.136305	127.469	-666.047	27.3658	7	3	3	3	276.066	303.538	56.5829	2.89616	0.969721	0.742458	8.54588	44.3627	19.7631	94.1873	1	1	1	1	1	0	0	0
12.08.2015 00:30:35.564000	-0.13	-0.128242	-0.136305	127.469	-666.047	27.3562	7	3	3	3	309.862	307.326	56.6555	3.05015	1.12371	0.722871	8.55752	44.3712	19.7622	94.223	1	1	1	1	1	0	0	0
12.08.2015 00:30:35.664000	-0.13	-0.128242	-0.136305	127.469	-666.047	27.3412	7	3	3	3	261.426	312.264	56.7331	3.24104	1.3146	0.718859	8.5816	44.3379	19.7368	94.1927	1	1	1	1	1	0	0	0
12.08.2015 00:30:35.764000	-0.13	-0.128242	-0.136305	127.469	-666.047	27.3307	7	3	3	3	343.454	318.35	56.8206	3.52674	1.6003	0.718859	8.65108	44.2878	19.6843	94.2022	1	1	1	1	1	0	0	0
12.08.2015 00:30:35.864000	-0.13	-0.128242	-0.136305	127.469	-666.047	27.3315	7	3	3	3	332.909	325.586	56.9077	3.72319	1.79675	0.797384	8.56938	44.1885	19.6001	94.1438	1	1	1	1	1	0	0	0
12.08.2015 00:30:35.964000	-0.13	-0.128242	-0.136305	127.469	-666.047	27.3492	7	3	3	3	358.091	333.972	57.0012	3.86691	1.94047	0.818258	8.5324	44.0761	19.5087	94.0639	1	1	1	1	1	0	0	0
12.08.2015 00:30:36.064000	-0.13	-0.128242	-0.136305	127.471	-666.047	27.3687	7	3	3	3	371.367	343.508	57.0957	3.98984	2.0634	0.840538	8.51395	43.9701	19.3988	94.0786	1	1	1	1	1	0	0	0
12.08.2015 00:30:36.164000	-0.13	-0.128242	-0.136305	127.477	-666.047	27.3763	7	3	3	3	453.118	354.194	57.1942	4.02042	2.09398	0.949316	8.46698	43.8599	19.3091	94.0001	1	1	1	1	1	0	0	0
12.08.2015 00:30:36.264000	-0.13	-0.128242	-0.136305	127.471	-666.047	27.3781	7	3	3	3	340.126	366.029	57.2882	3.8628	1.93636	0.949316	8.41728	43.7905	19.2456	93.9777	1	1	1	1	1	0	0	0
12.08.2015 00:30:36.364000	-0.13	-0.128242	-0.136305	127.477	-666.047	27.3763	7	3	3	3	380.097	379.013	57.3802	3.88212	1.95569	0.951371	8.46949	43.7555	19.2021	94.0101	1	1	1	1	1	0	0	0
12.08.2015 00:30:36.464000	-0.13	-0.128242	-0.136305	127.471	-666.047	27.3756	7	3	3	3	278.231	393.147	57.4762	4.10265	2.17621	0.952987	8.51398	43.6934	19.1833	93.8445	1	1	1	1	1	0	0	0
12.08.2015 00:30:36.564000	-0.13	-0.128242	-0.136305	127.477	-666.047	27.3752	7	3	3	3	325.265	408.429	57.5827	4.67553	2.74909	0.956983	8.57678	43.5843	19.0645	93.8811	1	1	1	1	1	0	0	0
12.08.2015 00:30:36.664000	-0.13	-0.128242	-0.136305	127.477	-666.047	27.3723	7	3	3	3	420.519	424.862	57.7001	5.44338	3.51694	1.00295	8.56965	43.3517	18.8363	93.8643	1	1	1	1	1	0	0	0
12.08.2015 00:30:36.764000	-0.13	-0.128242	-0.136305	127.477	-666.047	27.3785	7	3	3	3	400.494	442.447	57.8389	6.16824	4.2418	1.09202	8.51066	42.9765	18.5297	93.6019	1	1	1	1	1	0	0	0
12.08.2015 00:30:36.864000	-0.13	-0.128242	-0.136305	127.477	-666.047	27.3846	7	3	3	3	533.767	461.178	57.9896	6.84877	4.92233	1.35922	8.4536	42.5237	18.1151	93.4556	1	1	1	1	1	0	0	0
12.08.2015 00:30:36.964000	-0.13	-0.128242	-0.136305	127.477	-666.047	27.3823	7	3	3	3	454.383	481.064	58.1587	7.32616	5.39972	1.52143	8.39827	42.0464	17.6865	93.2693	1	1	1	1	1	0	0	0
12.08.2015 00:30:37.064000	-0.13	-0.128242	-0.136305	127.477	-666.052	27.377	7	3	3	3	495.154	502.096	58.3318	7.78885	5.86241	1.6472	8.40771	41.6139	17.2622	93.2378	1	1	1	1	1	0	0	0
12.08.2015 00:30:37.164000	-0.13	-0.128242	-0.136305	127.477	-666.047	27.3752	7	3	3	3	505.655	524.279	58.5193	8.2605	6.33406	1.77667	8.39743	41.2192	16.8903	93.1506	1	1	1	1	1	0	0	0
12.08.2015 00:30:37.264000	-0.13	-0.128242	-0.136305	127.482	-666.052	27.3767	7	3	3	3	424.913	547.608	58.7123	8.97388	7.04745	1.86642	8.45587	40.8271	16.5169	93.0791	1	1	1	1	1	0	0	0
12.08.2015 00:30:37.364000	-0.13	-0.128242	-0.136305	127.48	-666.047	27.3834	7	3	3	3	532.155	572.09	58.9277	9.97192	8.04682	2.00926	8.47554	40.4152	16.1001	93.0991	1	1	1	1	1	0	0	0
12.08.2015 00:30:37.464000	-0.13	-0.128242	-0.136305	127.484	-666.052	27.3796	7	3	3	3	534.938	597.842	59.165	11.0186	9.0926	2.24128	8.45883	39.9046	15.6686	92.8085	1	1	1	1	1	0	0	0
12.08.2015 00:30:37.564000	-0.13	-0.128242	-0.136305	127.484	-666.051	27.3758	7	3	3	3	573.329	624.714	59.4231	12.1139	10.1874	2.49657	8.46424	39.4081	15.2007	92.7077	1	1	1	1	1	0	0	0
12.08.2015 00:30:37.664000	-0.13	-0.128242	-0.136305	127.484	-666.049	27.3738	7	3	3	3	571.141	652.691	59.7037	13.2604	11.3339	2.67601	8.45949	38.951	14.7703	92.5829	1	1	1	1	1	0	0	0
12.08.2015 00:30:37.764000	-0.13	-0.128242	-0.136305	127.48	-666.051	27.3698	7	3	3	3	669.792	681.785	60.0081	14.4726	12.5461	2.97	8.46166	38.5814	14.3995	92.5876	1	1	1	1	1	0	0	0
12.08.2015 00:30:37.864000	-0.13	-0.128242	-0.136305	127.484	-666.049	27.3691	7	3	3	3	617.024	712.03	60.3344	15.6236	13.6971	3.24828	8.4031	38.2189	14.0887	92.3897	1	1	1	1	1	0	0	0
12.08.2015 00:30:37.964000	-0.13	-0.128242	-0.136305	127.484	-666.047	27.3687	7	3	3	3	652.544	743.417	60.6836	16.9171	14.9907	3.40433	8.42277	37.917	13.8168	92.2749	1	1	1	1	1	0	0	0
12.08.2015 00:30:38.064000	-0.13	-0.128242	-0.136305	127.484	-666.052	27.3658	7	3	3	3	748.786	775.958	61.0592	18.3572	16.4308	3.72034	8.40339	37.672	13.589	92.2088	1	1	1	1	1	0	0	0
12.08.2015 00:30:38.164000	-0.13	-0.128242	-0.136305	127.484	-666.055	27.3557	7	3	3	3	703.908	809.644	61.4611	19.7405	17.8141	3.98552	8.41004	37.5016	13.451	92.0849	1	1	1	1	1	0	0	0
12.08.2015 00:30:38.264000	-0.13	-0.128242	-0.136305	127.484	-666.055	27.3503	7	3	3	3	766.32	715.876	61.8859	21.2185	14.7104	4.22831	8.38672	37.4319	13.405	91.9943	1	1	1	1	1	0.23	0	0.23
12.08.2015 00:30:38.364000	-0.13	-0.128242	-0.136305	127.484	-666.055	27.3443	7	3	3	3	1580.91	299	63.0827	21.8467	0	34.5872	8.34945	64.6684	18.6413	176.228	1	1	1	1	1	1	0.01	1
12.08.2015 00:30:38.464000	-0.13	-0.128242	-0.136305	127.5	-666.021	27.3409	7	3	3	3	2225.6	299	66.1726	21.8467	0	74.2634	7.33921	105.501	2.99942	392.46	1	1	1	1	1	1	1	1
12.08.2015 00:30:38.564000	-0.13	-0.128242	-0.138441	127.484	-666.059	27.3378	7	3	3	3	29.3305	299	66.1567	21.8467	0	74.5011	4.96091	113.008	0.717795	429.936	1	1	1	1	1	1	1	1
12.08.2015 00:30:38.664000	-0.13	-0.128242	-0.136305	127.448	-666.042	25.2076	7	3	3	3	4.59514	299	66.1567	8.08328	0	74.5011	2.96143	126.648	0.610065	482.575	1	1	1	1	1	1	1	0.37
12.08.2015 00:30:38.764000	-0.13	-0.128242	-0.136305	127.453	-666.047	21.6298	7	3	3	3	0.526762	299	66.1567	0	0	74.5011	1.99742	128.626	0.588275	490.232	1	1	1	1	1	1	1	0
12.08.2015 00:30:38.864000	-0.13	-0.128242	-0.136305	127.451	-666.06	16.7202	7	3	3	3	0.296676	299	66.1567	0	0	74.5011	1.50622	128.718	0.608417	490.505	1	1	1	1	1	1	1	0
12.08.2015 00:30:38.964000	-0.13	-0.128242	-0.136305	127.445	-666.059	13.6909	7	3	3	3	0.317495	299	66.1567	0	0	74.5011	1.20281	128.593	0.596271	490.074	1	1	1	1	1	1	1	0
12.08.2015 00:30:39.064000	-0.13	-0.128242	-0.136305	127.44	-666.063	10.9545	7	3	3	3	0.328395	299	66.1567	0	0	74.5011	0.924277	128.473	0.594745	489.621	1	1	1	1	1	1	1	0
12.08.2015 00:30:39.164000	-0.13	-0.128242	-0.136305	127.379	-666.07	9.31478	7	3	3	3	0.29001	299	66.1567	0	0	74.5011	0.795891	128.415	0.585528	489.432	1	1	1	1	1	1	1	0
12.08.2015 00:30:39.264000	-0.13	-0.128242	-0.136305	127.354	-666.109	7.12565	7	3	3	3	0.300842	299	66.1567	0	0	74.5011	0.694502	128.376	0.596332	489.243	1	1	1	1	1	1	1	0
12.08.2015 00:30:39.364000	-0.13	-0.128242	-0.136305	127.336	-666.125	6.21745	7	3	3	3	0.279354	299	66.1567	0	0	74.5011	0.609809	128.352	0.593829	489.16	1	1	1	1	1	1	1	0
12.08.2015 00:30:39.464000	-0.13	-0.128242	-0.136305	127.336	-666.125	5.23618	7	3	3	3	0.264068	299	66.1567	0	0	2.28324	0.539439	128.334	0.597247	489.078	1	1	1	1	1	1	1	0
12.08.2015 00:30:39.564000	-0.13	-0.128242	-0.136305	127.336	-666.125	4.50955	7	3	3	3	0.265402	299	66.1567	0	0	0.0496965	0.495602	128.321	0.596759	489.029	1	1	1	1	1	1	1	0
12.08.2015 00:30:39.664000	-0.13	-0.128242	-0.136305	127.339	-666.125	3.84368	7	3	3	3	0.263617	299	66.1567	0	0	0.0496965	0.458738	128.311	0.596881	488.994	1	1	1	1	1	1	1	0
12.08.2015 00:30:39.764000	-0.13	-0.128242	-0.136305	127.336	-666.125	3.49501	7	3	3	3	0.264866	299	66.1567	0	0	0.0496965	0.419271	128.3	0.597797	488.947	1	1	1	1	1	1	1	0
12.08.2015 00:30:39.864000	-0.13	-0.128242	-0.136305	127.341	-666.125	3.07509	7	3	3	3	0.25846	299	66.1567	0	0	0.0496965	0.39265	128.295	0.600177	488.917	1	1	1	1	1	1	1	0
12.08.2015 00:30:39.964000	-0.13	-0.128242	-0.136305	127.34	-666.125	2.46582	7	3	3	3	0.257666	299	66.1567	0	0	0.0496965	0.371933	128.291	0.596698	488.915	1	1	1	1	1	1	1	0
12.08.2015 00:30:40.064000	-0.13	-0.128242	-0.136305	127.341	-666.125	0.922309	7	3	3	3	0.248549	299	66.1567	0	0	0.0496965	0.353877	128.292	0.597186	488.917	1	1	1	1	1	1	1	0
12.08.2015 00:30:40.164000	-0.13	-0.128242	-0.136305	127.344	-666.125	0.161675	7	3	3	3	0.237169	299	66.1567	0	0	0.0496965	0.333594	128.294	0.598407	488.922	1	1	1	1	1	1	1	0
12.08.2015 00:30:40.264000	-0.13	-0.128242	-0.136305	127.344	-666.125	0.126953	7	3	3	3	0.240556	299	66.1567	0	0	0.0496965	0.318258	128.292	0.596454	488.922	1	1	1	1	1	1	1	0
12.08.2015 00:30:40.364000	-0.13	-0.128242	-0.136305	127.344	-666.125	0.104167	7	3	3	3	0.233329	299	66.1567	0	0	0.0496965	0.306395	128.295	0.600726	488.915	1	1	1	1	1	1	1	0
12.08.2015 00:30:40.464000	-0.13	-0.128242	-0.136305	127.344	-666.125	0.0929543	7	3	3	3	0.218946	299	66.1567	0	0	0.00198786	0.294878	128.291	0.597552	488.912	1	1	1	1	1	1	1	0
12.08.2015 00:30:40.564000	-0.13	-0.128242	-0.136305	127.344	-666.125	0.0802951	7	3	3	3	0.241515	299	66.1567	0	0	0	0.283189	128.29	0.596637	488.914	1	1	1	1	1	1	1	0
12.08.2015 00:30:40.664000	-0.13	-0.128242	-0.136305	127.339	-666.125	0.0672743	7	3	3	3	0.230404	299	66.1567	0	0	0	0.273582	128.288	0.600055	488.892	1	1	1	1	1	1	1	0
12.08.2015 00:30:40.764000	-0.13	-0.128242	-0.136305	127.293	-666.125	0.0542535	7	3	3	3	0.227391	299	66.1567	0	0	0	0.267795	128.285	0.601581	488.876	1	1	1	1	1	1	1	0
12.08.2015 00:30:40.864000	-0.13	-0.128242	-0.136305	127.286	-666.094	0.0473814	7	3	3	3	0.243009	299	66.1567	0	0	0	0.258709	128.288	0.599506	488.894	1	1	1	1	1	1	1	0
12.08.2015 00:30:40.964000	-0.13	-0.128242	-0.136305	127.355	-665.305	0.03852	7	3	3	3	0.221041	299	66.1567	0	0	0	0.254022	128.286	0.593768	488.91	1	1	1	1	1	1	1	0
12.08.2015 00:30:41.064000	-0.13	-0.128242	-0.136305	127.43	-659.99	0.0325521	7	3	3	3	0.230589	299	66.1567	0	0	0	0.24673	128.287	0.597674	488.898	1	1	1	1	1	1	1	0
12.08.2015 00:30:41.164000	-0.13	-0.128242	-0.136305	127.43	-643.82	0.0271267	7	3	3	3	0.212632	299	66.1567	0	0	0	0.244184	128.285	0.594501	488.9	1	1	1	1	1	1	1	0
12.08.2015 00:30:41.264000	-0.13	-0.128242	-0.136305	127.43	-621.318	0.0213397	7	3	3	3	0.227727	299	66.1567	0	0	0	0.237818	128.274	0.596576	488.851	1	1	1	1	1	1	1	0
12.08.2015 00:30:41.364000	-0.13	-0.128242	-0.136305	127.43	-586.684	0.0173611	7	3	3	3	0.250971	299	66.1567	0	0	0	0.234086	128.259	0.601093	488.778	1	1	1	1	1	1	1	0
12.08.2015 00:30:41.464000	-0.13	-0.128242	-0.136305	127.438	-555.924	0.0148293	7	3	3	3	0.257377	299	66.1567	0	0	0	0.230498	128.234	0.600116	488.685	1	1	1	1	1	1	1	0
12.08.2015 00:30:41.564000	-0.13	-0.128242	-0.136305	127.438	-522.301	0.0124783	7	3	3	3	0.285283	299	66.1567	0	0	0	0.228472	128.212	0.598834	488.604	1	1	1	1	1	1	1	0
12.08.2015 00:30:41.664000	-0.13	-0.128242	-0.136305	127.43	-484.378	0.0126591	7	3	3	3	0.275466	299	66.1567	0	0	0	0.224826	128.191	0.602924	488.511	1	1	1	1	1	1	1	0
12.08.2015 00:30:41.764000	-0.13	-0.128242	-0.136305	127.43	-425.902	0.0124783	7	3	3	3	0.279769	299	66.1567	0	0	0	0.220284	128.167	0.603595	488.414	1	1	1	1	1	1	1	0
12.08.2015 00:30:41.864000	-0.13	-0.128242	-0.136305	127.43	-383.841	0.0112124	7	3	3	3	0.270911	299	66.1567	0	0	0	0.219936	128.137	0.602863	488.303	1	1	1	1	1	1	1	0
12.08.2015 00:30:41.964000	-0.13	-0.128242	-0.136305	127.43	-341.414	0.00868056	7	3	3	3	0.281705	299	66.1567	0	0	0	0.215972	128.124	0.604938	488.246	1	1	1	1	1	1	1	0
12.08.2015 00:30:42.064000	-0.13	-0.128242	-0.136305	127.43	-293.669	0.00868056	7	3	3	3	0.269561	299	66.1567	0	0	0	0.214699	128.09	0.607013	488.108	1	1	1	1	1	1	1	0
12.08.2015 00:30:42.164000	-0.13	-0.128242	-0.136305	127.43	-240.586	0.00922309	7	3	3	3	0.290555	299	66.1567	0	0	0	0.209896	128.06	0.610553	487.98	1	1	1	1	1	1	1	0
12.08.2015 00:30:42.264000	-0.13	-0.128242	-0.136305	127.43	-199.065	0.00831887	7	3	3	3	0.269361	299	66.1567	0	0	0	0.210359	128.036	0.610004	487.887	1	1	1	1	1	1	1	0
12.08.2015 00:30:42.364000	-0.13	-0.128242	-0.136305	127.43	-157.645	0.00868056	7	3	3	3	0.280862	299	66.1567	0	0	0	0.20735	128.003	0.611225	487.756	1	1	1	1	1	1	1	0
12.08.2015 00:30:42.464000	-0.13	-0.128242	-0.136305	127.43	-104.872	0.00831887	7	3	3	3	0.304886	299	66.1567	0	0	0	0.205324	127.98	0.61092	487.671	1	1	1	1	1	1	1	0
12.08.2015 00:30:42.564000	-0.13	-0.128242	-0.136305	127.43	-57.6484	0.00759549	7	3	3	3	0.275729	299	66.1567	0	0	0	0.204022	127.951	0.610553	487.56	1	1	1	1	1	1	1	0
12.08.2015 00:30:42.664000	-0.13	-0.128242	-0.136305	127.43	-16.5599	0.00614873	7	3	3	3	0.284513	299	66.1567	0	0	0	0.203328	127.92	0.611225	487.442	1	1	1	1	1	1	1	0
12.08.2015 00:30:42.764000	-0.13	-0.128242	-0.136305	127.43	25.1055	0.00488281	7	3	3	3	0.275644	299	66.1567	0	0	0	0.203009	127.892	0.605243	487.357	1	1	1	1	1	1	1	0
12.08.2015 00:30:42.864000	-0.13	-0.128242	-0.136305	127.43	82.875	0.00542535	7	3	3	3	0.265901	299	66.1567	0	0	0	0.199132	127.865	0.606037	487.248	1	1	1	1	1	1	1	0
12.08.2015 00:30:42.964000	-0.13	-0.128242	-0.136305	127.43	124.445	0.00542535	7	3	3	3	0.260117	299	66.1567	0	0	0	0.201563	127.835	0.608539	487.124	1	1	1	1	1	1	1	0
12.08.2015 00:30:43.064000	-0.13	-0.128242	-0.136305	127.43	165.484	0.00506366	7	3	3	3	0.269426	299	66.1567	0	0	0	0.197743	127.813	0.61037	487.034	1	1	1	1	1	1	1	0
12.08.2015 00:30:43.164000	-0.13	-0.128242	-0.136305	127.434	215.023	0.00868056	7	3	3	3	0.271286	299	66.1567	0	0	0	0.199016	127.782	0.612201	486.908	1	1	1	1	1	1	1	0
12.08.2015 00:30:43.264000	-0.13	-0.128242	-0.136305	127.432	263.992	0.00542535	7	3	3	3	0.261591	299	66.1567	0	0	0	0.195023	127.755	0.610187	486.812	1	1	1	1	1	1	1	0
12.08.2015 00:30:43.364000	-0.13	-0.128242	-0.136305	127.438	304.934	0.00217014	7	3	3	3	0.254877	299	66.1567	0	0	0	0.197569	127.725	0.61037	486.696	1	1	1	1	1	1	1	0
12.08.2015 00:30:43.464000	-0.13	-0.128242	-0.136305	127.438	346.201	0.00651042	7	3	3	3	0.238272	299	66.1567	0	0	0	0.195081	127.7	0.610126	486.603	1	1	1	1	1	1	1	0
12.08.2015 00:30:43.564000	-0.13	-0.128242	-0.136305	127.438	395.391	0.00596788	7	3	3	3	0.247087	299	66.1567	0	0	0	0.194039	127.673	0.610675	486.497	1	1	1	1	1	1	1	0
12.08.2015 00:30:43.664000	-0.13	-0.128242	-0.136305	127.438	444.417	0.00578704	7	3	3	3	0.26483	299	66.1567	0	0	0	0.193345	127.649	0.610004	486.407	1	1	1	1	1	1	1	0
12.08.2015 00:30:43.764000	-0.13	-0.128242	-0.136305	127.438	485.441	0.00705295	7	3	3	3	0.252225	299	66.1567	0	0	0	0.192679	127.621	0.609699	486.3	1	1	1	1	1	1	1	0
12.08.2015 00:30:43.864000	-0.13	-0.128242	-0.136305	127.438	526.427	0.00506366	7	3	3	3	0.250841	299	66.1567	0	0	0	0.1932	127.596	0.609455	486.207	1	1	1	1	1	1	1	0
12.08.2015 00:30:43.964000	-0.13	-0.128242	-0.136305	127.438	580.242	0.00542535	7	3	3	3	0.254165	299	66.1567	0	0	0	0.188397	127.573	0.609882	486.116	1	1	1	1	1	1	1	0
12.08.2015 00:30:44.064000	-0.13	-0.128242	-0.136305	127.438	610.326	0.00506366	7	3	3	3	0.247636	299	66.1567	0	0	0	0.191753	127.544	0.611103	486.001	1	1	1	1	1	1	1	0
12.08.2015 00:30:44.164000	-0.13	-0.128242	-0.136305	127.438	635.773	0.00488281	7	3	3	3	0.26037	299	66.1567	0	0	0	0.188223	127.518	0.613605	485.892	1	1	1	1	1	1	1	0
12.08.2015 00:30:44.264000	-0.13	-0.128242	-0.136305	127.438	657.026	0.00578704	7	3	3	3	0.256147	299	66.1567	0	0	0	0.189728	127.492	0.613788	485.793	1	1	1	1	1	1	1	0
12.08.2015 00:30:44.364000	-0.13	-0.128242	-0.136305	127.438	671.977	0.00705295	7	3	3	3	0.271594	299	66.1567	0	0	0	0.185822	127.468	0.613849	485.697	1	1	1	1	1	1	1	0
12.08.2015 00:30:44.464000	-0.13	-0.128242	-0.136305	127.435	674.789	0.00614873	7	3	3	3	0.256924	299	66.1567	0	0	0	0.189294	127.442	0.61446	485.597	1	1	1	1	1	1	1	0
12.08.2015 00:30:44.564000	-0.13	-0.128242	-0.136305	127.434	676.516	0.00705295	7	3	3	3	0.267264	299	66.1567	0	0	0	0.187384	127.416	0.614948	485.496	1	1	1	1	1	1	1	0
12.08.2015 00:30:44.664000	-0.13	-0.128242	-0.136305	127.43	676.742	0.00868056	7	3	3	3	0.287292	299	66.1567	0	0	0	0.18559	127.393	0.614093	485.411	1	1	1	1	1	1	1	0
12.08.2015 00:30:44.764000	-0.13	-0.128242	-0.136305	127.422	676.754	0.00759549	7	3	3	3	0.262778	299	66.1567	0	0	0	0.185619	127.369	0.615375	485.315	1	1	1	1	1	1	1	0
12.08.2015 00:30:44.864000	-0.13	-0.128242	-0.136305	127.414	676.766	0.00614873	7	3	3	3	0.276143	299	66.1567	0	0	0	0.184867	127.337	0.613666	485.199	1	1	1	1	1	1	1	0
12.08.2015 00:30:44.964000	-0.13	-0.128242	-0.136305	127.379	676.746	0.00651042	7	3	3	3	0.272551	299	66.1567	0	0	0	0.186458	127.315	0.615314	485.107	1	1	1	1	1	1	1	0
12.08.2015 00:30:45.064000	-0.13	-0.128242	-0.136305	127.31	676.766	0.00470197	7	3	3	3	0.271569	299	66.1567	0	0	0	0.181771	127.244	0.610431	484.853	1	1	1	1	1	1	1	0
12.08.2015 00:30:45.164000	-0.13	-0.128242	-0.136305	127.348	676.781	0.00596788	7	3	3	3	0.264793	299	66.1567	0	0	0	0.186314	127.271	0.609149	484.961	1	1	1	1	1	1	1	0
12.08.2015 00:30:45.264000	-0.13	-0.128242	-0.136305	127.328	676.763	0.0036169	7	3	3	3	0.268516	299	66.1567	0	0	0	0.182899	127.25	0.609638	484.88	1	1	1	1	1	1	1	0
12.08.2015 00:30:45.364000	-0.13	-0.128242	-0.136305	127.344	676.766	0.00542535	7	3	3	3	0.267191	299	66.1567	0	0	0	0.185532	127.229	0.614338	484.783	1	1	1	1	1	1	1	0
12.08.2015 00:30:45.464000	-0.13	-0.128242	-0.136305	127.328	676.76	0.00578704	7	3	3	3	0.269931	299	66.1567	0	0	0	0.180729	127.202	0.613422	484.681	1	1	1	1	1	1	1	0
12.08.2015 00:30:45.564000	-0.13	-0.128242	-0.136305	127.328	676.758	0.00651042	7	3	3	3	0.276924	299	66.1567	0	0	0	0.185272	127.181	0.616352	484.593	1	1	1	1	1	1	1	0
12.08.2015 00:30:45.664000	-0.13	-0.128242	-0.136305	127.333	676.755	0.00578704	7	3	3	3	0.297302	299	66.1567	0	0	0	0.182147	127.156	0.61214	484.51	1	1	1	1	1	1	1	0
12.08.2015 00:30:45.764000	-0.13	-0.128242	-0.136305	127.336	676.746	0.00596788	7	3	3	3	0.299739	299	66.1567	0	0	0	0.182436	127.13	0.613056	484.41	1	1	1	1	1	1	1	0
12.08.2015 00:30:45.864000	-0.13	-0.128242	-0.136305	127.339	676.742	0.00651042	7	3	3	3	0.260217	299	66.1567	0	0	0	0.181395	127.112	0.614215	484.335	1	1	1	1	1	1	1	0
12.08.2015 00:30:45.964000	-0.13	-0.128242	-0.136305	127.336	676.742	0.00651042	7	3	3	3	0.274258	299	66.1567	0	0	0	0.182263	127.09	0.615741	484.245	1	1	1	1	1	1	1	0
12.08.2015 00:30:46.064000	-0.13	-0.128242	-0.136305	127.339	676.747	0.00687211	7	3	3	3	0.264156	299	66.1567	0	0	0	0.181858	127.065	0.616596	484.146	1	1	1	1	1	1	1	0
12.08.2015 00:30:46.164000	-0.13	-0.128242	-0.136305	127.34	676.742	0.00651042	7	3	3	3	0.281333	299	66.1567	0	0	0	0.179659	127.042	0.615009	484.065	1	1	1	1	1	1	1	0
12.08.2015 00:30:46.264000	-0.13	-0.128242	-0.136305	127.344	676.742	0.00687211	7	3	3	3	0.277424	299	66.1567	0	0	0	0.182784	127.016	0.612629	483.975	1	1	1	1	1	1	1	0
12.08.2015 00:30:46.364000	-0.13	-0.128242	-0.136305	127.34	676.742	0.00868056	7	3	3	3	0.288501	299	66.1567	0	0	0	0.179311	126.994	0.615497	483.877	1	1	1	1	1	1	1	0
12.08.2015 00:30:46.464000	-0.13	-0.128242	-0.136305	127.344	676.747	0.00759549	7	3	3	3	0.293742	299	66.1567	0	0	0	0.182726	126.969	0.609882	483.806	1	1	1	1	1	1	1	0
12.08.2015 00:30:46.564000	-0.13	-0.128242	-0.136305	127.34	676.742	0.00813802	7	3	3	3	0.310479	299	66.1567	0	0	0	0.177807	126.947	0.609027	483.721	1	1	1	1	1	1	1	0
12.08.2015 00:30:46.664000	-0.13	-0.128242	-0.136305	127.341	676.742	0.00687211	7	3	3	3	0.289189	299	66.1567	0	0	0	0.183073	126.925	0.611469	483.628	1	1	1	1	1	1	1	0
12.08.2015 00:30:46.764000	-0.13	-0.128242	-0.136305	127.34	676.746	0.00705295	7	3	3	3	0.286492	299	66.1567	0	0	0	0.179514	126.901	0.613056	483.531	1	1	1	1	1	1	1	0
12.08.2015 00:30:46.864000	-0.13	-0.128242	-0.136305	127.344	676.747	0.00614873	7	3	3	3	0.270107	299	66.1567	0	0	0	0.180961	126.883	0.612812	483.465	1	1	1	1	1	1	1	0
12.08.2015 00:30:46.964000	-0.13	-0.128242	-0.136305	127.344	676.746	0.00705295	7	3	3	3	0.262455	299	66.1567	0	0	0	0.178993	126.861	0.617512	483.36	1	1	1	1	1	1	1	0
12.08.2015 00:30:47.064000	-0.13	-0.128242	-0.136305	127.344	676.75	0.00614873	7	3	3	3	0.26177	299	66.1567	0	0	0	0.180845	126.844	0.615131	483.306	1	1	1	1	1	1	1	0
12.08.2015 00:30:47.164000	-0.13	-0.128242	-0.136305	127.344	676.75	0.00868056	7	3	3	3	0.253148	299	66.1567	0	0	0	0.18099	126.819	0.619587	483.192	1	1	1	1	1	1	1	0
12.08.2015 00:30:47.264000	-0.13	-0.128242	-0.136305	127.344	676.755	0.00795718	7	3	3	3	0.25681	299	66.1567	0	0	0	0.177691	126.795	0.614826	483.118	1	1	1	1	1	1	1	0
12.08.2015 00:30:47.364000	-0.13	-0.128242	-0.136305	127.344	676.766	0.00759549	7	3	3	3	0.264612	299	66.1567	0	0	0	0.181366	126.777	0.61684	483.043	1	1	1	1	1	1	1	0
12.08.2015 00:30:47.464000	-0.13	-0.128242	-0.136305	127.344	676.75	0.00831887	7	3	3	3	0.27174	299	66.1567	0	0	0	0.178009	126.755	0.617389	482.957	1	1	1	1	1	1	1	0
12.08.2015 00:30:47.564000	-0.13	-0.128242	-0.136305	127.344	676.766	0.00976563	7	3	3	3	0.281452	299	66.1567	0	0	0	0.181221	126.733	0.616535	482.876	1	1	1	1	1	1	1	0
12.08.2015 00:30:47.664000	-0.13	-0.128242	-0.136305	127.344	676.766	0.00976563	7	3	3	3	0.281909	299	66.1567	0	0	0	0.177112	126.711	0.617573	482.788	1	1	1	1	1	1	1	0
12.08.2015 00:30:47.764000	-0.13	-0.128242	-0.136305	127.344	676.766	0.00651042	7	3	3	3	0.282949	299	66.1567	0	0	0	0.181076	126.691	0.616535	482.714	1	1	1	1	1	1	1	0
12.08.2015 00:30:47.864000	-0.13	-0.128242	-0.136305	127.344	676.766	0.00651042	7	3	3	3	0.265972	299	66.1567	0	0	0	0.178993	126.678	0.618134	482.656	1	1	1	1	1	1	1	0
12.08.2015 00:30:47.964000	-0.13	-0.128242	-0.136305	127.344	676.766	0.00596788	7	3	3	3	0.275975	299	66.1567	0	0	0	0.178675	126.661	0.615588	482.6	1	1	1	1	1	1	1	0
12.08.2015 00:30:48.064000	-0.13	-0.128242	-0.136305	127.344	676.766	0.00578704	7	3	3	3	0.24493	299	66.1567	0	0	0	0.178827	126.633	0.615986	482.501	1	1	1	1	1	1	1	0
12.08.2015 00:30:48.164000	-0.13	-0.128242	-0.136305	127.344	676.766	0.00596788	7	3	3	3	0.257419	299	66.1567	0	0	0	0.178168	126.614	0.615497	482.421	1	1	1	1	1	1	1	0
12.08.2015 00:30:48.264000	-0.13	-0.128242	-0.136305	127.344	676.766	0.00651042	7	3	3	3	0.258052	299	66.1567	0	0	0	0.179398	126.588	0.617634	482.316	1	1	1	1	1	1	1	0
12.08.2015 00:30:48.364000	-0.13	-0.128242	-0.136305	127.344	676.766	0.00596788	7	3	3	3	0.285243	299	66.1567	0	0	0	0.176432	126.573	0.619098	482.253	1	1	1	1	1	1	1	0
12.08.2015 00:30:48.464000	-0.13	-0.128242	-0.136305	127.344	676.766	0.00470197	7	3	3	3	0.304058	299	66.1567	0	0	0	0.182581	126.549	0.620197	482.158	1	1	1	1	1	1	1	0
12.08.2015 00:30:48.564000	-0.13	-0.128242	-0.136305	127.344	676.766	0.00271267	7	3	3	3	0.318956	299	66.1567	0	0	0	0.181568	126.531	0.621723	482.081	1	1	1	1	1	1	1	0
12.08.2015 00:30:48.664000	-0.13	-0.128242	-0.136305	127.344	676.766	0.00325521	7	3	3	3	0.305522	299	66.1567	0	0	0	0.189236	126.509	0.619709	482.003	1	1	1	1	1	1	1	0
12.08.2015 00:30:48.764000	-0.13	-0.128242	-0.136305	127.344	676.766	0.00217014	7	3	3	3	0.298131	299	66.1567	0	0	0	0.187174	126.492	0.623859	481.924	1	1	1	1	1	1	1	0
12.08.2015 00:30:48.864000	-0.13	-0.128242	-0.136305	127.344	676.766	0.00253183	7	3	3	3	0.305614	299	66.1567	0	0	0	0.194661	126.474	0.628376	481.837	1	1	1	1	1	1	1	0
12.08.2015 00:30:48.964000	-0.13	-0.128242	-0.136305	127.344	676.766	0.00271267	7	3	3	3	0.287149	299	66.1567	0	0	0	0.194589	126.454	0.626728	481.767	1	1	1	1	1	1	1	0
12.08.2015 00:30:49.064000	-0.13	-0.128242	-0.136305	127.344	676.766	0.00289352	7	3	3	3	0.301892	299	66.1567	0	0	0	0.199183	126.435	0.625996	481.699	1	1	1	1	1	1	1	0
12.08.2015 00:30:49.164000	-0.13	-0.128242	-0.136305	127.344	676.766	0.00217014	7	3	3	3	0.290605	299	66.1567	0	0	0	0.198857	126.414	0.625202	481.622	1	1	1	1	1	1	1	0
12.08.2015 00:30:49.264000	-0.13	-0.128242	-0.136305	127.344	676.766	0.00253183	7	3	3	3	0.280887	299	66.1567	0	0	0	0.20374	126.391	0.627338	481.524	1	1	1	1	1	1	1	0
12.08.2015 00:30:49.364000	-0.13	-0.128242	-0.136305	127.344	676.773	0.00271267	7	3	3	3	0.263262	299	66.1567	0	0	0	0.205331	126.382	0.625874	481.496	1	1	1	1	1	1	1	0
12.08.2015 00:30:49.464000	-0.13	-0.128242	-0.136305	127.344	676.768	0.0036169	7	3	3	3	0.282434	299	66.1567	0	0	0	0.205802	126.358	0.622395	481.416	1	1	1	1	1	1	1	0
12.08.2015 00:30:49.564000	-0.13	-0.128242	-0.136305	127.344	676.773	0.00271267	7	3	3	3	0.255406	299	66.1567	0	0	0	0.207212	126.341	0.621479	481.354	1	1	1	1	1	1	1	0
12.08.2015 00:30:49.664000	-0.13	-0.128242	-0.136305	127.344	676.771	0.00506366	7	3	3	3	0.249225	299	66.1567	0	0	0	0.209093	126.326	0.621723	481.295	1	1	1	1	1	1	1	0
12.08.2015 00:30:49.764000	-0.13	-0.128242	-0.136305	127.344	676.773	0.00488281	7	3	3	3	0.251403	299	66.1567	0	0	0	0.21195	126.304	0.623127	481.208	1	1	1	1	1	1	1	0
12.08.2015 00:30:49.864000	-0.13	-0.128242	-0.136305	127.344	676.768	0.00506366	7	3	3	3	0.258976	299	66.1567	0	0	0	0.210467	126.289	0.621113	481.157	1	1	1	1	1	1	1	0
12.08.2015 00:30:49.964000	-0.13	-0.128242	-0.136305	127.344	676.773	0.00542535	7	3	3	3	0.24313	299	66.1567	0	0	0	0.213903	126.271	0.625751	481.069	1	1	1	1	1	1	1	0
12.08.2015 00:30:50.064000	-0.13	-0.128242	-0.136305	127.344	676.773	0.00434028	7	3	3	3	0.249897	299	66.1567	0	0	0	0.213686	126.251	0.622517	481.005	1	1	1	1	1	1	1	0
12.08.2015 00:30:50.164000	-0.13	-0.128242	-0.136305	127.344	676.773	0.00271267	7	3	3	3	0.263604	299	66.1567	0	0	0	0.215929	126.229	0.620808	480.929	1	1	1	1	1	1	1	0
12.08.2015 00:30:50.264000	-0.13	-0.128242	-0.136305	127.344	676.771	0.00325521	7	3	3	3	0.26179	299	66.1567	0	0	0	0.21394	126.211	0.621662	480.855	1	1	1	1	1	1	1	0
12.08.2015 00:30:50.364000	-0.13	-0.128242	-0.136305	127.344	676.773	0.000542535	7	3	3	3	0.294948	299	66.1567	0	0	0	0.217303	126.193	0.619465	480.795	1	1	1	1	1	1	1	0
12.08.2015 00:30:50.464000	-0.13	-0.128242	-0.136305	127.344	676.773	0.00108507	7	3	3	3	0.26485	299	66.1567	0	0	0	0.21658	126.176	0.620685	480.725	1	1	1	1	1	1	1	0
12.08.2015 00:30:50.564000	-0.13	-0.128242	-0.136305	127.344	676.773	0.00108507	7	3	3	3	0.28404	299	66.1567	0	0	0	0.217737	126.157	0.617695	480.665	1	1	1	1	1	1	1	0
12.08.2015 00:30:50.664000	-0.13	-0.128242	-0.136305	127.344	676.768	0.00072338	7	3	3	3	0.27238	299	66.1567	0	0	0	0.21705	126.136	0.616352	480.588	1	1	1	1	1	1	1	0
12.08.2015 00:30:50.764000	-0.13	-0.128242	-0.136305	127.344	676.773	0.00108507	7	3	3	3	0.291183	299	66.1567	0	0	0	0.218244	126.12	0.612812	480.543	1	1	1	1	1	1	1	0
12.08.2015 00:30:50.864000	-0.13	-0.128242	-0.136305	127.344	676.773	0.00217014	7	3	3	3	0.26503	299	66.1567	0	0	0	0.219148	126.105	0.615986	480.471	1	1	1	1	1	1	1	0
12.08.2015 00:30:50.964000	-0.13	-0.128242	-0.136305	127.34	676.793	0.00217014	7	3	3	3	0.257066	299	66.1567	0	0	0	0.218099	126.082	0.612812	480.396	1	1	1	1	1	1	1	0
12.08.2015 00:30:51.064000	-0.13	-0.128242	-0.136305	127.341	676.773	0.00253183	7	3	3	3	0.265697	299	66.1567	0	0	0	0.219944	126.068	0.61623	480.33	1	1	1	1	1	1	1	0
12.08.2015 00:30:51.164000	-0.13	-0.128242	-0.136305	127.344	676.785	0.00325521	7	3	3	3	0.267554	299	66.1567	0	0	0	0.219401	126.048	0.615619	480.257	1	1	1	1	1	1	1	0
12.08.2015 00:30:51.264000	-0.13	-0.128242	-0.136305	127.344	676.766	0.00253183	7	3	3	3	0.250336	299	66.1567	0	0	0	0.221029	126.03	0.616291	480.182	1	1	1	1	1	1	1	0
12.08.2015 00:30:51.364000	-0.13	-0.128242	-0.136305	127.344	676.758	0.00271267	7	3	3	3	0.254961	299	66.1567	0	0	0	0.218822	126.012	0.618244	480.109	1	1	1	1	1	1	1	0
12.08.2015 00:30:51.464000	-0.13	-0.128242	-0.136305	127.367	676.753	0.00325521	7	3	3	3	0.256772	299	66.1567	0	0	0	0.222114	126	0.618366	480.059	1	1	1	1	1	1	1	0
12.08.2015 00:30:51.564000	-0.13	-0.128242	-0.136305	127.391	676.809	0.00325521	7	3	3	3	0.2496	299	66.1567	0	0	0	0.221282	125.978	0.61568	479.987	1	1	1	1	1	1	1	0
12.08.2015 00:30:51.664000	-0.13	-0.128242	-0.136305	127.391	676.792	0.00289352	7	3	3	3	0.250545	299	66.1567	0	0	0	0.222041	125.964	0.617145	479.928	1	1	1	1	1	1	1	0
12.08.2015 00:30:51.764000	-0.13	-0.128242	-0.136305	127.391	676.805	0.00217014	7	3	3	3	0.254189	299	66.1567	0	0	0	0.220956	125.94	0.615436	479.843	1	1	1	1	1	1	1	0
12.08.2015 00:30:51.864000	-0.13	-0.128242	-0.136305	127.391	676.966	0.00289352	7	3	3	3	0.256307	299	66.1567	0	0	0	0.222512	125.922	0.61684	479.767	1	1	1	1	1	1	1	0
12.08.2015 00:30:51.964000	-0.13	-0.128242	-0.136305	127.395	676.953	0.0016276	7	3	3	3	0.257578	299	66.1567	0	0	0	0.222475	125.899	0.619037	479.67	1	1	1	1	1	1	1	0
12.08.2015 00:30:52.064000	-0.13	-0.128242	-0.136305	127.391	676.919	0.00108507	7	3	3	3	0.264722	299	66.1567	0	0	0	0.221209	125.882	0.61916	479.605	1	1	1	1	1	1	1	0
12.08.2015 00:30:52.164000	-0.13	-0.128242	-0.136305	127.391	676.922	0.00108507	7	3	3	3	0.262967	299	66.1567	0	0	0	0.222982	125.86	0.61916	479.521	1	1	1	1	1	1	1	0
12.08.2015 00:30:52.264000	-0.13	-0.128242	-0.136305	127.393	676.891	0.00108507	7	3	3	3	0.259663	299	66.1567	0	0	0	0.222005	125.848	0.625813	479.45	1	1	1	1	1	1	1	0
12.08.2015 00:30:52.364000	-0.13	-0.128242	-0.136305	127.395	676.883	0.00217014	7	3	3	3	0.281863	299	66.1567	0	0	0	0.223163	125.826	0.624714	479.371	1	1	1	1	1	1	1	0
12.08.2015 00:30:52.464000	-0.13	-0.128242	-0.136305	127.396	676.841	0.00289352	7	3	3	3	0.268199	299	66.1567	0	0	0	0.220703	125.81	0.625324	479.307	1	1	1	1	1	1	1	0
12.08.2015 00:30:52.564000	-0.13	-0.128242	-0.136305	127.395	676.84	0.00271267	7	3	3	3	0.275728	299	66.1567	0	0	0	0.223199	125.793	0.624592	479.244	1	1	1	1	1	1	1	0
12.08.2015 00:30:52.664000	-0.13	-0.128242	-0.136305	127.398	676.844	0.00325521	7	3	3	3	0.268646	299	66.1567	0	0	0	0.222078	125.772	0.625385	479.161	1	1	1	1	1	1	1	0
12.08.2015 00:30:52.764000	-0.13	-0.128242	-0.136305	127.391	676.82	0.00434028	7	3	3	3	0.278179	299	66.1567	0	0	0	0.222873	125.757	0.625568	479.102	1	1	1	1	1	1	1	0
12.08.2015 00:30:52.864000	-0.13	-0.128242	-0.136305	127.396	676.82	0.00506366	7	3	3	3	0.296904	299	66.1567	0	0	0	0.22139	125.734	0.619404	479.041	1	1	1	1	1	1	1	0
12.08.2015 00:30:52.964000	-0.13	-0.128242	-0.136305	127.395	676.82	0.00434028	7	3	3	3	0.285449	299	66.1567	0	0	0	0.223416	125.711	0.621967	478.941	1	1	1	1	1	1	1	0
12.08.2015 00:30:53.064000	-0.13	-0.128242	-0.136305	127.396	676.82	0.0036169	7	3	3	3	0.296161	299	66.1567	0	0	0	0.222946	125.697	0.62569	478.875	1	1	1	1	1	1	1	0
12.08.2015 00:30:53.164000	-0.13	-0.128242	-0.136305	127.398	676.828	0.00271267	7	3	3	3	0.311278	299	66.1567	0	0	0	0.222078	125.676	0.622822	478.804	1	1	1	1	1	1	1	0
12.08.2015 00:30:53.264000	-0.13	-0.128242	-0.136305	127.393	676.82	0.00397859	7	3	3	3	0.309185	299	66.1567	0	0	0	0.222946	125.654	0.623127	478.718	1	1	1	1	1	1	1	0
12.08.2015 00:30:53.364000	-0.13	-0.128242	-0.136305	127.391	676.816	0.00325521	7	3	3	3	0.295426	299	66.1567	0	0	0	0.222186	125.638	0.622211	478.66	1	1	1	1	1	1	1	0
12.08.2015 00:30:53.464000	-0.13	-0.128242	-0.136305	127.396	676.805	0.00108507	7	3	3	3	0.289123	299	66.1567	0	0	0	0.223633	125.619	0.623981	478.581	1	1	1	1	1	1	1	0
12.08.2015 00:30:53.564000	-0.13	-0.128242	-0.136305	127.398	676.805	0.0016276	7	3	3	3	0.272428	299	66.1567	0	0	0	0.221354	125.597	0.627277	478.484	1	1	1	1	1	1	1	0
12.08.2015 00:30:53.664000	-0.13	-0.128242	-0.136305	127.398	676.805	0.00108507	7	3	3	3	0.279736	299	66.1567	0	0	0	0.222879	125.585	0.626207	478.442	1	1	1	1	1	1	1	0
