Time	[76:0]	[76:1]	[76:2]	[76:4]	[76:8]	[76:70]	[76:71]	[78:0]	[78:1]	[78:2]	[79:2]	[79:3]	[79:4]	[79:8]	[79:9]	[79:10]	[79:11]	[79:12]	[79:13]	[79:14]	[79.0]	[79.1]	[79.2]	[79.3]	[79.4]	[79.5]	[79.6]	[79.8]
time	Hoogteverstelling - Referentie positie (mm)	Hoogteverstelling - AZ gemeten positie (mm)	Hoogteverstelling - BZ gemeten positie (mm)	Transfert Ingang - Gemeten positie (mm)	Transfert Uitgang - Gemeten positie (mm)	Aardgas - actueel debiet	Stappenschakelaar - gemeten pos	Laspos Ing - positie discreet	Laspos Uitg - positie discreet	Schaafverstelling - positie discreet	Stuikraam - Totale Stroommeting RMS-waarde (A)	Stuikraam - Stroomreferentie (A)	Stuikraam - Positie AZ (mm, pulsgever)	Stuikraam - Referentie Servo-ventiel (%)	Stuikraam - Trim door I-regelaar (%)	Stuikraam - Gemeten snelheid (mm/s, pulsgever)	Secundaire lasspanning	Stuikraam - Druk stuikcilinder voorkamer (=laszijde)  (bar)	Stuikraam - Druk stuikcilinder terugloopkamer  (bar)	Stuikraam - Netto voorwaartse kracht op stuikraam (kN)	Stuikraam - P1	Stuikraam - P2	Stuikraam - P3	Stuikraam - P4	Stuikraam - P5	Stuikraam - P6	Stuikraam - P7	Stuikraam - Openen stuikventielen	

Lasparameter.Ingang - Coil ID	0324243S
Lasparameter.Ingang - Dikte (um)	4320
Lasparameter.Ingang - Breedte (mm)	1325
Lasparameter.Ingang - Materiaal	0001
Lasparameter.Uitgang - Coil ID	0324242S
Lasparameter.Uitgang - Dikte (um)	4330
Lasparameter.Uitgang - Breedte (mm)	1326
Lasparameter.Uitgang - Materiaal	0001
Lasparameter.P2 (mm)	24.0
Lasparameter.P3 (mm)	34.0
Lasparameter.P4 (mm)	42.2
Lasparameter.P5 (mm)	50.8
Lasparameter.P6 (mm)	57.4
Lasparameter.P7 (mm)	62.2
Lasparameter.Vonksnelheid (mm/s)	1.20
Lasparameter.Lassnelheid (mm/s)	0.48
Lasparameter.Stroom Referentie (A)	0324
Lasparameter.Stroomtoename (µA/s2)	54.1
Lasparameter.Stuikstroomtijd (per)	0009
Lasparameter.Afkoeltijd Stuik (per)	0010
Lasparameter.Stuikdruk (bar)	0107
Lasparameter.Stuiksnelheid (%)	90.0

15.08.2015 11:08:58.111000	0.00499988	0	0.00848839	-0.0182292	0.0729167	0.00072338	7	4	4	4	0.388748	324	0	0	0	0	0.302546	2.58925	124.818	-467.989	1	0	0	0	0	0	0	0
15.08.2015 11:08:58.211000	0.00499988	0	0.00848839	-0.0234375	0.0117188	0.000542535	7	4	4	4	0.394683	324	0	0	0	0	0.304051	3.06687	124.759	-465.935	1	0	0	0	0	0	0	0
15.08.2015 11:08:58.311000	0.00499988	0	0.00848839	-0.0182292	0.078125	0.00108507	7	4	4	4	0.391529	324	0	0	0	0	0.305527	4.35768	124.798	-461.142	1	0	0	0	0	0	0	0
15.08.2015 11:08:58.411000	0.00499988	0	0.00848839	0	0.0117188	0.0016276	7	4	4	4	0.396297	324	0	0	0	0	0.306105	3.95544	124.769	-462.569	1	0	0	0	0	0	0	0
15.08.2015 11:08:58.511000	0.00499988	0	0.00848839	0	0.03125	0.00144676	7	4	4	4	0.3693	324	0	0	0	0	0.307234	5.60717	124.796	-456.352	1	0	0	0	0	0	0	0
15.08.2015 11:08:58.611000	0.00499988	0	0.00848839	0	0	0	7	4	4	4	0.359695	324	0	0	0	0	0.307118	5.10495	124.76	-458.137	1	0	0	0	0	0	0	0
15.08.2015 11:08:58.711000	0.00499988	0	0.00848839	0	0.015625	0.00036169	7	4	4	4	0.372202	324	0	0	0	0	0.309201	6.17353	124.765	-454.064	1	0	0	0	0	0	0	0
15.08.2015 11:08:58.811000	0.00499988	0	0.00848839	0	-0.0078125	0.00108507	7	4	4	4	0.389821	324	0	0	0	0	0.307755	5.04428	124.722	-458.223	1	0	0	0	0	0	0	0
15.08.2015 11:08:58.911000	0.00499988	0	0.00848839	0	0	0.00036169	7	4	4	4	0.34856	324	0	0	0	0	0.302257	6.21686	124.752	-453.847	1	0	0	0	0	0	0	0
15.08.2015 11:08:59.011000	0.00499988	0	0.00848839	0	0.0742188	0.000542535	7	4	4	4	0.375971	324	0	0	0	0	0.298438	4.32954	124.679	-460.794	1	0	0	0	0	0	0	0
15.08.2015 11:08:59.111000	0.00499988	0	0.00848839	0	0.0234375	0.00072338	7	4	4	4	0.361743	324	0	0	0	0	0.294155	2.46358	124.568	-467.514	1	0	0	0	0	0	0	0
15.08.2015 11:08:59.211000	0.00499988	0	0.00848839	0	-0.292969	0.00108507	7	4	4	4	0.380296	324	0	0	0	0	0.29103	2.60854	124.55	-466.891	1	0	0	0	0	0	0	0
15.08.2015 11:08:59.311000	0.00499988	0	0.00848839	0	-1.20833	0.00036169	7	4	4	4	0.345514	324	0	0	0	0	0.287066	3.4445	124.545	-463.671	1	0	0	0	0	0	0	0
15.08.2015 11:08:59.411000	0.00499988	0	0.00848839	0.00390625	-8.05859	0.00108507	7	4	4	4	0.382855	324	0	0	0	0	0.285098	5.55962	124.589	-455.74	1	0	0	0	0	0	0	0
15.08.2015 11:08:59.511000	0.00499988	0	0.00848839	0.00520833	-24.4036	0.00072338	7	4	4	4	0.369419	324	0	0	0	0	0.281916	6.10926	124.643	-453.84	1	0	0	0	0	0	0	0
15.08.2015 11:08:59.611000	0.00499988	0	0.00848839	-0.0117188	-44.6484	0.000542535	7	4	4	4	0.39545	324	0	0	0	0	0.281105	2.75082	124.483	-466.089	1	0	0	0	0	0	0	0
15.08.2015 11:08:59.711000	0.00499988	0	0.00848839	-0.00520833	-72.1563	0.00072338	7	4	4	4	0.382664	324	0	0	0	0	0.278038	3.927	124.483	-461.586	1	0	0	0	0	0	0	0
15.08.2015 11:08:59.811000	0.00499988	0	0.00848839	0	-108.5	0.0016276	7	4	4	4	0.38052	324	0	0	0	0	0.27746	6.42964	124.571	-452.339	1	0	0	0	0	0	0	0
15.08.2015 11:08:59.911000	0.00499988	0	0.00848839	0	-141.169	0.00180845	7	4	4	4	0.387435	324	0	0	0	0	0.274769	4.27857	124.466	-460.173	1	0	0	0	0	0	0	0
15.08.2015 11:09:00.011000	0.00499988	0	0.00848839	0	-177.863	0	7	4	4	4	0.409284	324	0	0	0	0	0.276505	6.279	124.499	-452.639	1	0	0	0	0	0	0	0
15.08.2015 11:09:00.111000	0.00499988	0	0.00848839	0	-228.357	0	7	4	4	4	0.351516	324	0	0	0	0	0.281019	5.62145	124.464	-455.023	1	0	0	0	0	0	0	0
15.08.2015 11:09:00.211000	0.00499988	0	0.00848839	0	-273.844	0.0016276	7	4	4	4	0.373196	324	0	0	0	0	0.284664	5.26902	124.427	-456.232	1	0	0	0	0	0	0	0
15.08.2015 11:09:00.311000	0.00499988	0	0.00848839	0	-313.24	0.00289352	7	4	4	4	0.374895	324	0	0	0	0	0.287992	6.04975	124.425	-453.234	1	0	0	0	0	0	0	0
15.08.2015 11:09:00.411000	0.00499988	0	0.00848839	0	-353.227	0.00271267	7	4	4	4	0.388068	324	0	0	0	0	0.291406	5.26414	124.378	-456.062	1	0	0	0	0	0	0	0
15.08.2015 11:09:00.511000	0.00499988	0	0.00848839	-0.0078125	-409.365	0.00217014	7	4	4	4	0.377042	324	0	0	0	0	0.294878	5.25858	124.348	-455.97	1	0	0	0	0	0	0	0
15.08.2015 11:09:00.611000	0.00499988	0	0.00848839	-0.0078125	-449.531	0.00271267	7	4	4	4	0.390459	324	0	0	0	0	0.296094	3.2092	124.255	-463.46	1	0	0	0	0	0	0	0
15.08.2015 11:09:00.711000	0.00499988	0	0.00848839	0.03125	-489.865	0.00217014	7	4	4	4	0.385121	324	0	0	0	0	0.298669	3.65111	124.231	-461.676	1	0	0	0	0	0	0	0
15.08.2015 11:09:00.811000	0.00499988	0	0.00848839	0.425781	-538.09	0.00379774	7	4	4	4	0.390969	324	0	0	0	0	0.300116	5.3759	124.262	-455.192	1	0	0	0	0	0	0	0
15.08.2015 11:09:00.911000	0.00499988	0	0.00848839	4.46615	-580.622	0.00217014	7	4	4	4	0.374544	324	0	0	0	0	0.302488	4.7203	124.228	-457.573	1	0	0	0	0	0	0	0
15.08.2015 11:09:01.011000	0.00499988	0	0.00848839	17.4492	-607.574	0.00108507	7	4	4	4	0.379669	324	0	0	0	0	0.303009	4.24866	124.188	-459.223	1	0	0	0	0	0	0	0
15.08.2015 11:09:01.111000	0.00499988	0	0.00848839	35.4583	-628.201	0.00072338	7	4	4	4	0.366026	324	0	0	0	0	0.304832	4.67257	124.171	-457.536	1	0	0	0	0	0	0	0
15.08.2015 11:09:01.211000	0.00499988	0	0.00848839	61.8125	-646.914	0.00108507	7	4	4	4	0.356854	324	0	0	0	0	0.306047	4.88351	124.154	-456.665	1	0	0	0	0	0	0	0
15.08.2015 11:09:01.311000	0.00499988	0	0.00848839	94.5208	-659.586	0.00180845	7	4	4	4	0.349082	324	0	0	0	0	0.306453	4.28681	124.117	-458.804	1	0	0	0	0	0	0	0
15.08.2015 11:09:01.411000	0.00499988	0	0.00848839	125.996	-665.102	0.000542535	7	4	4	4	0.379185	324	0	0	0	0	0.30599	3.64531	124.078	-461.112	1	0	0	0	0	0	0	0
15.08.2015 11:09:01.511000	0.00499988	0	0.00848839	162.698	-666.51	0.00108507	7	4	4	4	0.383303	324	0	0	0	0	0.304051	5.36857	124.094	-454.576	1	0	0	0	0	0	0	0
15.08.2015 11:09:01.611000	0.00499988	0	0.00848839	220.773	-668.191	0.000542535	7	4	4	4	0.374015	324	0	0	0	0	0.302727	4.56978	124.055	-457.485	1	0	0	0	0	0	0	0
15.08.2015 11:09:01.711000	0.00499988	0	0.00848839	263.76	-668.695	0.00289352	7	4	4	4	0.372269	324	0	0	0	0	0.299277	4.42067	124.027	-457.949	1	0	0	0	0	0	0	0
15.08.2015 11:09:01.811000	0.00499988	0	0.00848839	306.648	-668.703	0.000542535	7	4	4	4	0.369246	324	0	0	0	0	0.29762	5.00766	124.016	-455.659	1	0	0	0	0	0	0	0
15.08.2015 11:09:01.911000	0.00499988	0	0.00848839	355.01	-668.698	-0.00036169	7	4	4	4	0.356771	324	0	0	0	0	0.298134	5.40037	124.008	-454.126	1	0	0	0	0	0	0	0
15.08.2015 11:09:02.011000	0.00499988	0	0.00848839	409.41	-668.695	0.000542535	7	4	4	4	0.380348	324	0	0	0	0	0.300571	4.56459	123.963	-457.151	1	0	0	0	0	0	0	0
15.08.2015 11:09:02.111000	0.00499988	0	0.00848839	450.982	-668.703	0.00072338	7	4	4	4	0.39556	324	0	0	0	0	0.301194	4.15668	123.927	-458.576	1	0	0	0	0	0	0	0
15.08.2015 11:09:02.211000	0.00499988	0	0.00848839	484.637	-668.703	0.000542535	7	4	4	4	0.395688	324	0	0	0	0	0.303631	4.78762	123.914	-456.111	1	0	0	0	0	0	0	0
15.08.2015 11:09:02.311000	0.00499988	0	0.00848839	506.529	-668.703	0.00072338	7	4	4	4	0.363865	324	0	0	0	0	0.304745	4.37471	123.882	-457.57	1	0	0	0	0	0	0	0
15.08.2015 11:09:02.411000	0.00499988	0	0.00848839	524.621	-668.703	0.000542535	7	4	4	4	0.380889	324	0	0	0	0	0.306279	4.38618	123.856	-457.426	1	0	0	0	0	0	0	0
15.08.2015 11:09:02.511000	0.00499988	0	0.00848839	541.01	-668.703	0.00108507	7	4	4	4	0.369893	324	0	0	0	0	0.307371	4.81191	123.842	-455.744	1	0	0	0	0	0	0	0
15.08.2015 11:09:02.611000	0.00499988	0	0.00848839	557.02	-668.703	0.000542535	7	4	4	4	0.397427	324	0	0	0	0	0.308283	4.61763	123.814	-456.381	1	0	0	0	0	0	0	0
15.08.2015 11:09:02.711000	0.00499988	0	0.00848839	576.815	-668.708	0.00108507	7	4	4	4	0.367248	324	0	0	0	0	0.309708	4.52944	123.786	-456.611	1	0	0	0	0	0	0	0
15.08.2015 11:09:02.811000	0.00499988	0	0.00848839	594.59	-668.707	0.000542535	7	4	4	4	0.382643	324	0	0	0	0	0.309628	4.55464	123.765	-456.433	1	0	0	0	0	0	0	0
15.08.2015 11:09:02.911000	0.00499988	0	0.00848839	609.089	-668.711	0.00036169	7	4	4	4	0.380683	324	0	0	0	0	0.310699	4.57985	123.741	-456.245	1	0	0	0	0	0	0	0
15.08.2015 11:09:03.011000	0.00499988	0	0.00848839	624.066	-668.719	0.00108507	7	4	4	4	0.380973	324	0	0	0	0	0.310619	4.59127	123.719	-456.116	1	0	0	0	0	0	0	0
15.08.2015 11:09:03.111000	0.00499988	0	0.00848839	644.167	-668.719	0.00108507	7	4	4	4	0.371476	324	0	0	0	0	0.312066	4.56838	123.694	-456.108	1	0	0	0	0	0	0	0
15.08.2015 11:09:03.211000	0.00499988	0	0.00848839	657.512	-668.719	0.000542535	7	4	4	4	0.370969	324	0	0	0	0	0.311321	4.53389	123.689	-456.22	1	0	0	0	0	0	0	0
15.08.2015 11:09:03.311000	0.00499988	0	0.00848839	670.315	-668.747	0.00072338	7	4	4	4	0.369566	324	0	0	0	0	0.312232	3.83081	123.764	-459.199	1	0	0	0	0	0	0	0
15.08.2015 11:09:03.411000	0.00499988	0	0.00848839	684.305	-668.75	0.000542535	7	4	4	4	0.377311	324	0	0	0	0	0.312312	4.31477	123.932	-457.992	1	0	0	0	0	0	0	0
15.08.2015 11:09:03.511000	0.00499988	0	0.00848839	696.477	-668.747	0.00072338	7	4	4	4	0.363163	324	0	0	0	0	0.312688	4.69326	124.12	-457.261	1	0	0	0	0	0	0	0
15.08.2015 11:09:03.611000	0.00499988	0	0.00848839	704.145	-668.75	0.000542535	7	4	4	4	0.371555	324	0	0	0	0	0.313303	4.2179	124.364	-460.015	1	0	0	0	0	0	0	0
15.08.2015 11:09:03.711000	0.00499988	0	0.00848839	708.872	-668.75	0.00072338	7	4	4	4	0.376661	324	0	0	0	0	0.31339	4.17603	125.549	-464.712	1	0	0	0	0	0	0	0
15.08.2015 11:09:03.811000	0.00499988	0	0.00848839	710.555	-668.75	-0.00217014	7	4	4	4	0.382952	324	0	0	0	0	0.314214	4.51686	125.74	-464.138	1	0	0	0	0	0	0	0
15.08.2015 11:09:03.911000	0.00499988	0	0.00848839	711.052	-668.75	0	7	4	4	4	0.36855	324	0	0	0	0	0.3131	4.3683	125.904	-465.335	1	0	0	0	0	0	0	0
15.08.2015 11:09:04.011000	0.00499988	0	0.00848839	711.07	-668.75	0.00108507	7	4	4	4	0.370259	324	0	0	0	0	0.313968	4.22602	126.249	-467.202	1	0	0	0	0	0	0	0
15.08.2015 11:09:04.111000	0.00499988	0	0.00848839	711.07	-668.75	0.00036169	7	4	4	4	0.377344	324	0	0	0	0	0.313057	4.69289	126.371	-465.88	1	0	0	0	0	0	0	0
15.08.2015 11:09:04.211000	0.00499988	0	0.00848839	711.074	-668.75	0.00108507	7	4	4	4	0.391963	324	0	0	0	0	0.313513	4.983	126.468	-465.143	1	0	0	0	0	0	0	0
15.08.2015 11:09:04.311000	0.00499988	0	0.00848839	711.073	-668.75	0.00108507	7	4	4	4	0.374165	324	0	0	0	0	0.312934	4.30457	127.122	-470.243	1	0	0	0	0	0	0	0
15.08.2015 11:09:04.411000	0.00499988	0	0.00848839	711.074	-668.75	0.0016276	7	4	4	4	0.371094	324	0	0	0	0	0.313021	4.45198	127.258	-470.199	1	0	0	0	0	0	0	0
15.08.2015 11:09:04.511000	0.00499988	0	0.00848839	711.078	-668.75	0.00434028	7	4	4	4	0.362602	324	0	0	0	0	0.309505	4.53249	127.301	-470.056	1	0	0	0	0	0	0	0
15.08.2015 11:09:04.611000	0.00499988	0	0.00848839	711.078	-668.754	0.00488281	7	4	4	4	0.385007	324	0	0	0	0	0.305339	4.3376	127.407	-471.208	1	0	0	0	0	0	0	0
15.08.2015 11:09:04.711000	0.00499988	0	0.00848839	711.078	-668.758	0.00578704	7	4	4	4	0.383052	324	0	0	0	0	0.301917	4.45576	127.609	-471.527	1	0	0	0	0	0	0	0
15.08.2015 11:09:04.811000	0.00499988	0	0.00848839	711.078	-668.758	0.00651042	7	4	4	4	0.366947	324	0	0	0	0	0.299732	4.5616	127.898	-472.23	1	0	0	0	0	0	0	0
15.08.2015 11:09:04.911000	0.00499988	0	0.00848839	711.078	-668.758	0.00470197	7	4	4	4	0.375477	324	0	0	0	0	0.29822	4.49934	128.099	-473.24	1	0	0	0	0	0	0	0
15.08.2015 11:09:05.011000	0.00499988	0	0.00848839	711.078	-668.758	0.00488281	7	4	4	4	0.39117	324	0	0	0	0	0.295081	4.45766	128.255	-473.997	1	0	0	0	0	0	0	0
15.08.2015 11:09:05.111000	0.00499988	0	0.00848839	711.078	-668.758	0.00253183	7	4	4	4	0.402862	324	0	0	0	0	0.294148	4.4734	128.382	-474.422	1	0	0	0	0	0	0	0
15.08.2015 11:09:05.211000	0.00499988	0	0.00848839	711.078	-668.758	0.00108507	7	4	4	4	0.403925	324	0	0	0	0	0.291008	4.49214	128.52	-474.878	1	0	0	0	0	0	0	0
15.08.2015 11:09:05.311000	0.00499988	0	0.00848839	711.078	-668.758	0.00036169	7	4	4	4	0.427789	324	0	0	0	0	0.29043	4.46846	128.676	-475.565	1	0	0	0	0	0	0	0
15.08.2015 11:09:05.411000	0.00499988	0	0.00848839	711.078	-668.758	0.000542535	7	4	4	4	0.406275	324	0	0	0	0	0.287536	4.48836	128.764	-475.826	1	0	0	0	0	0	0	0
15.08.2015 11:09:05.511000	0.00499988	0	0.00848839	711.083	-668.766	0.00072338	7	4	4	4	0.403869	324	0	0	0	0	0.285843	3.87658	128.734	-478.055	1	0	0	0	0	0	0	0
15.08.2015 11:09:05.611000	0.00499988	0	0.00848839	711.094	-668.77	0	7	4	4	4	0.375673	324	0	0	0	0	0.282863	4.18983	127.507	-472.156	1	0	0	0	0	0	0	0
15.08.2015 11:09:05.711000	0.00499988	0	0.00848839	711.094	-668.773	0.00108507	7	4	4	4	0.374881	324	0	0	0	0	0.281192	4.64138	129.007	-476.171	1	0	0	0	0	0	0	0
15.08.2015 11:09:05.811000	0.00499988	0	0.00848839	711.09	-668.77	0.00108507	7	4	4	4	0.363388	324	0	0	0	0	0.280071	5.87329	129.842	-474.652	1	0	0	0	0	0	0	0
15.08.2015 11:09:05.911000	0.00499988	0	0.00848839	711.102	-668.763	0.00397859	7	4	4	4	0.379212	324	0	0	0	0	0.278733	4.85012	129.35	-476.683	1	0	0	0	0	0	0	0
15.08.2015 11:09:06.011000	0.00499988	0	0.00848839	711.102	-668.773	0.00271267	7	4	4	4	0.359605	324	0	0	0	0	0.278233	4.63375	128.658	-474.864	1	0	0	0	0	0	0	0
15.08.2015 11:09:06.111000	0.00499988	0	0.00848839	711.102	-668.768	0.00253183	7	4	4	4	0.383488	324	0	0	0	0	0.27623	5.08274	128.423	-472.247	1	0	0	0	0	0	0	0
15.08.2015 11:09:06.211000	0.00499988	0	0.00848839	711.102	-668.77	0.00325521	7	4	4	4	0.38127	324	0	0	0	0	0.276599	4.96652	128.473	-472.881	1	0	0	0	0	0	0	0
15.08.2015 11:09:06.311000	0.00499988	0	0.00848839	711.102	-668.771	0.00542535	7	4	4	4	0.398538	324	0	0	0	0	0.274928	4.88955	128.455	-473.109	1	0	0	0	0	0	0	0
15.08.2015 11:09:06.411000	0.00499988	0	0.00848839	711.102	-668.773	0.00325521	7	4	4	4	0.372601	324	0	0	0	0	0.274805	4.80148	128.396	-473.22	1	0	0	0	0	0	0	0
15.08.2015 11:09:06.511000	0.00499988	0	0.00848839	711.102	-668.773	0.00217014	7	4	4	4	0.385542	324	0	0	0	0	0.273539	5.17368	128.317	-471.491	1	0	0	0	0	0	0	0
15.08.2015 11:09:06.611000	0.00499988	0	0.00848839	711.102	-668.773	0.000542535	7	4	4	4	0.35858	324	0	0	0	0	0.273792	4.84005	128.178	-472.235	1	0	0	0	0	0	0	0
15.08.2015 11:09:06.711000	0.00499988	0	0.00848839	711.102	-668.773	0.00072338	7	4	4	4	0.3749	324	0	0	0	0	0.273372	4.79983	127.993	-471.68	1	0	0	0	0	0	0	0
15.08.2015 11:09:06.811000	0.00499988	0	0.00848839	711.102	-668.773	0.000542535	7	4	4	4	0.378998	324	0	0	0	0	0.272512	4.43892	127.879	-472.629	1	0	0	0	0	0	0	0
15.08.2015 11:09:06.911000	0.00499988	0	0.00848839	711.099	-668.773	0.00072338	7	4	4	4	0.387742	324	0	0	0	0	0.272092	6.91995	120.963	-436.649	1	0	0	0	0	0	0	0
15.08.2015 11:09:07.011000	0.00499988	0	0.00848839	710.98	-668.773	0.00108507	7	4	4	4	0.379571	324	0.161164	0	0	2.8178	0.2716	79.3481	101.788	-85.9179	1	0	0	0	0	0	0	0
15.08.2015 11:09:07.111000	0.00499988	0	0.00848839	705.753	-668.768	0.00036169	7	4	4	4	0.377286	324	2.14338	0	0	28.2276	0.271824	113.408	84.8947	109.171	1	0	0	0	0	0	0	0
15.08.2015 11:09:07.211000	0.00499988	0	0.00848839	691.621	-668.766	0.000542535	7	4	4	4	0.365646	324	5.4721	0	0	35.4995	0.271	110.209	83.7865	101.166	1	0	0	0	0	0	0	0
15.08.2015 11:09:07.311000	0.00499988	0	0.00848839	676.052	-668.771	0.00072338	7	4	4	4	0.383083	324	8.99035	0	0	35.6396	0.271824	111.909	85.723	100.263	1	0	0	0	0	0	0	0
15.08.2015 11:09:07.411000	0.00499988	0	0.00848839	655.672	-668.773	0	7	4	4	4	0.387044	324	12.5628	0	0	35.9473	0.270421	115.063	89.1655	99.1545	1	0	0	0	0	0	0	0
15.08.2015 11:09:07.511000	0.00499988	0	0.00848839	619.005	-668.773	0.00108507	7	4	4	4	0.37109	324	16.1278	0	0	35.4755	0.271289	118.14	92.3627	98.697	1	0	0	0	0	0	0	0
15.08.2015 11:09:07.611000	0.00499988	0	0.00848839	589.5	-668.773	0.00108507	7	4	4	4	0.38643	324	19.657	0	0	35.2708	0.270088	119.545	93.9142	98.1342	1	0	0	0	0	0	0	0
15.08.2015 11:09:07.711000	0.00499988	0	0.00848839	556.029	-668.773	0.00072338	7	4	4	4	0.382128	324	23.1534	0	0	35.2213	0.271557	119.623	94.069	97.8412	1	0.26	0	0	0	0	0	0
15.08.2015 11:09:07.811000	0.00499988	0	0.00848839	518.328	-668.773	-0.0016276	7	4	4	4	0.387942	324	27.3103	49	0	51.0035	0.270812	111.668	82.8758	110.239	1	1	0	0	0	0	0	0
15.08.2015 11:09:07.911000	0.00499988	0	0.00848839	462.799	-668.776	0.00108507	7	4	4	4	0.383733	324	31.9149	49.649	0	32.552	0.270898	98.1668	80.4785	67.7249	1	1	0	0	0	0	0	0
15.08.2015 11:09:08.011000	0.00499988	0	0.00848839	424.129	-668.809	-0.000542535	7	4	4	4	0.348809	324	33.4703	42.3501	0	12.4988	0.27019	73.1432	48.2159	95.4418	1	1	0	0	0	0	0	0
15.08.2015 11:09:08.111000	0.00499988	0	0.00848839	388.26	-668.839	0.00434028	7	4	4	4	44.1356	324	34.4055	24.8752	0	8.63456	0.429348	56.3536	32.2663	92.2254	1	1	1	0	0	0	0	0
15.08.2015 11:09:08.211000	0.00499988	0	0.00848839	348.344	-668.852	0.00434028	7	4	4	4	84.9441	324	34.8059	6.25152	0	6.21882	6.50328	51.577	26.8616	94.6301	1	1	1	0	0	0	0	0
15.08.2015 11:09:08.311000	0.00499988	0	0.00848839	310.18	-668.828	0.00542535	7	4	4	4	85.2479	324	34.9596	5.23094	0	3.25097	10.2384	49.5704	24.3728	96.4764	1	1	1	0	0	0	0	0
15.08.2015 11:09:08.411000	0.00499988	0	0.00848839	280.445	-668.828	0.00596788	7	4	4	4	85.4212	324	35.1267	5.23094	0	1.76627	11.327	47.3866	22.3887	95.7122	1	1	1	0	0	0	0	0
15.08.2015 11:09:08.511000	0.00499988	0	0.00848839	255.01	-668.836	0.00614873	7	4	4	4	85.4296	324	35.266	5.23094	0	1.62552	11.665	46.14	20.9322	96.5154	1	1	1	0	0	0	0	0
15.08.2015 11:09:08.611000	0.00499988	0	0.00848839	231.523	-668.836	0.00651042	7	4	4	4	85.436	324	35.4048	5.23094	0	1.55898	11.7586	44.8792	20.0143	95.2027	1	1	1	0	0	0	0	0
15.08.2015 11:09:08.711000	0.00499988	0	0.00848839	214.849	-668.841	0.00506366	7	4	4	4	85.6894	324	35.5351	5.23094	0	1.27533	11.777	44.6499	19.2268	97.3401	1	1	1	0	0	0	0	0
15.08.2015 11:09:08.811000	0.00499988	0	0.00848839	196.445	-668.844	0.00271267	7	4	4	4	85.7834	324	35.6644	5.23094	0	1.28511	11.7977	44.0135	18.5399	97.5336	1	1	1	0	0	0	0	0
15.08.2015 11:09:08.911000	0.00499988	0	0.00848839	177.792	-668.844	0.00253183	7	4	4	4	85.8223	324	35.7863	5.23094	0	1.30905	11.8098	44.0187	18.1227	99.1506	1	1	1	0	0	0	0	0
15.08.2015 11:09:09.011000	0.00499988	0	0.00848839	156.395	-668.844	0.00271267	7	4	4	4	85.921	324	35.9092	5.23094	0	1.28539	11.8116	42.4673	17.8645	94.1992	1	1	1	0	0	0	0	0
15.08.2015 11:09:09.111000	0.00499988	0	0.00848839	142.859	-668.846	0.00253183	7	4	4	4	86.1101	324	36.0275	5.23094	0	1.2015	11.8223	42.3039	17.595	94.6056	1	1	1	0	0	0	0	0
15.08.2015 11:09:09.211000	0.00499988	0	0.00848839	134.496	-668.852	0.000542535	7	4	4	4	86.2019	324	36.1514	5.23094	0	1.20596	11.8378	42.531	17.3715	96.3308	1	1	1	0	0	0	0	0
15.08.2015 11:09:09.311000	0.00499988	0	0.00848839	128.823	-668.852	0.00108507	7	4	4	4	86.2365	324	36.2668	5.23094	0	1.22498	11.8415	42.6074	17.2386	97.1319	1	1	1	0	0	0	0	0
15.08.2015 11:09:09.411000	0.00499988	0	0.00848839	124.137	-668.852	0.00217014	7	4	4	4	86.3966	324	36.3862	5.23094	0	1.22177	11.8471	41.8889	17.2333	94.4014	1	1	1	0	0	0	0	0
15.08.2015 11:09:09.511000	0.00499988	0	0.00848839	123.43	-668.859	0.00289352	7	4	4	4	86.3783	324	36.5105	5.23094	0	1.19581	11.8528	42.1729	17.3044	95.2163	1	1	1	0	0	0	0	0
15.08.2015 11:09:09.611000	0.00499988	0	0.00848839	125.535	-668.859	0.000542535	7	4	4	4	86.3963	324	36.6225	5.23094	0	1.1957	11.8493	42.379	17.0412	97.0136	1	1	1	0	0	0	0	0
15.08.2015 11:09:09.711000	0.00499988	0	0.00848839	125.734	-668.859	0.00108507	7	4	4	4	86.2334	324	36.7433	5.23094	0	1.19012	11.8559	42.3999	17.028	97.1436	1	1	1	0	0	0	0	0
15.08.2015 11:09:09.811000	0.00499988	0	0.00848839	125.84	-668.863	0.00108507	7	4	4	4	86.2555	324	36.8582	5.23094	0	1.19012	11.8522	41.7677	16.9531	95.0101	1	1	1	0	0	0	0	0
15.08.2015 11:09:09.911000	0.00499988	0	0.00848839	125.865	-668.867	0.00180845	7	4	4	4	86.2566	324	36.9721	5.23094	0	1.15684	11.8505	42.2134	16.9453	96.7465	1	1	1	0	0	0	0	0
15.08.2015 11:09:10.011000	0.00499988	0	0.00848839	125.871	-668.867	0.000542535	7	4	4	4	86.2687	324	37.095	5.23094	0	1.15142	11.8522	42.0848	16.9303	96.3116	1	1	1	0	0	0	0	0
15.08.2015 11:09:10.111000	0.00499988	0	0.00848839	125.872	-668.875	0	7	4	4	4	86.1845	324	37.2079	5.23094	0	1.15519	11.8486	42.2659	16.9208	97.0415	1	1	1	0	0	0	0	0
15.08.2015 11:09:10.211000	0.00499988	0	0.00848839	125.875	-668.875	0.000542535	7	4	4	4	86.1184	324	37.3223	5.23094	0	1.15673	11.8458	42.132	16.9184	96.5378	1	1	1	0	0	0	0	0
15.08.2015 11:09:10.311000	0.00499988	0	0.00848839	125.875	-668.875	0.00108507	7	4	4	4	85.8501	324	37.4437	5.23094	0	1.1631	11.8438	42.1173	16.9357	96.4154	1	1	1	0	0	0	0	0
15.08.2015 11:09:10.411000	0.00499988	0	0.00848839	125.875	-668.875	0.00271267	7	4	4	4	85.7357	324	37.5571	5.23094	0	1.16772	11.8315	42.7093	16.9492	98.6301	1	1	1	0	0	0	0	0
15.08.2015 11:09:10.511000	0.00499988	0	0.00848839	125.875	-668.875	0.00325521	7	4	4	4	85.628	324	37.6755	5.23094	0	1.17567	11.8277	41.9694	16.9546	95.7767	1	1	1	0	0	0	0	0
15.08.2015 11:09:10.611000	0.00499988	0	0.00848839	125.883	-668.883	0.00542535	7	4	4	4	85.7487	324	37.7949	5.23094	0	1.18429	11.8236	42.3143	16.959	97.0802	1	1	1	0	0	0	0	0
15.08.2015 11:09:10.711000	0.00499988	0	0.00848839	125.88	-668.883	0.00651042	7	4	4	4	85.6309	324	37.9088	5.23094	0	1.17846	11.8277	42.1769	16.9528	96.578	1	1	1	0	0	0	0	0
15.08.2015 11:09:10.811000	0.00499988	0	0.00848839	125.883	-668.883	0.00596788	7	4	4	4	85.5461	324	38.0267	5.23094	0	1.16762	11.8305	42.189	16.9522	96.6266	1	1	1	0	0	0	0	0
15.08.2015 11:09:10.911000	0.00499988	0	0.00848839	125.88	-668.888	0.00578704	7	4	4	4	85.6065	324	38.1441	5.23094	0	1.16646	11.8245	41.9522	16.9671	95.6631	1	1	1	0	0	0	0	0
15.08.2015 11:09:11.011000	0.00499988	0	0.00848839	125.883	-668.891	0.00379774	7	4	4	4	85.701	324	38.2595	5.23094	0	1.16211	11.8256	42.0642	16.9749	96.0616	1	1	1	0	0	0	0	0
15.08.2015 11:09:11.111000	0.00499988	0	0.00848839	125.885	-668.891	0.00289352	7	4	4	4	85.8209	324	38.3744	5.23094	0	1.16211	11.8261	42.2484	16.9719	96.7788	1	1	1	0	0	0	0	0
15.08.2015 11:09:11.211000	0.00499988	0	0.00848839	125.887	-668.891	0.00325521	7	4	4	4	85.8361	324	38.4918	5.23094	0	1.16216	11.8375	41.9668	16.9763	95.6834	1	1	1	0	0	0	0	0
15.08.2015 11:09:11.311000	0.00499988	0	0.00848839	125.888	-668.891	0.00253183	7	4	4	4	86.0006	324	38.6072	5.23094	0	1.16216	11.8369	41.8664	16.9927	95.2364	1	1	1	0	0	0	0	0
15.08.2015 11:09:11.411000	0.00499988	0	0.00848839	125.891	-668.891	0.00108507	7	4	4	4	86.0709	324	38.7255	5.23094	0	1.16737	11.8389	42.2271	17.0024	96.5804	1	1	1	0	0	0	0	0
15.08.2015 11:09:11.511000	0.00499988	0	0.00848839	125.891	-668.893	0.00036169	7	4	4	4	86.0364	324	38.8464	5.23094	0	1.1677	11.8466	41.9464	17.0145	95.697	1	1	1	0	0	0	0	0
15.08.2015 11:09:11.611000	0.00499988	0	0.00848839	125.891	-668.895	0.00271267	7	4	4	4	85.9347	324	38.9598	5.23094	0	1.17687	11.841	42.1732	17.0176	96.3158	1	1	1	0	0	0	0	0
15.08.2015 11:09:11.711000	0.00499988	0	0.00848839	125.891	-668.898	0.00253183	7	4	4	4	86.1524	324	39.0847	5.23094	0	1.17875	11.8405	42.2429	17.0235	96.5598	1	1	1	0	0	0	0	0
15.08.2015 11:09:11.811000	0.00499988	0	0.00848839	125.891	-668.898	0.00325521	7	4	4	4	86.2151	324	39.2006	5.23094	0	1.18704	11.8412	42.2246	17.0653	96.3296	1	1	1	0	0	0	0	0
15.08.2015 11:09:11.911000	0.00499988	0	0.00848839	125.891	-668.898	0.00289352	7	4	4	4	86.2903	324	39.3215	5.23094	0	1.18995	11.8455	43.0125	17.0878	98.7207	1	1	1	0	0	0	0	0
15.08.2015 11:09:12.011000	0.00499988	0	0.00848839	125.891	-668.898	0.00325521	7	4	4	4	86.0901	324	39.4438	5.23094	0	1.19783	11.8484	42.0865	17.0915	95.5404	1	1	1	0	0	0	0	0
15.08.2015 11:09:12.111000	0.00499988	0	0.00848839	125.898	-668.898	0.00470197	7	4	4	4	86.0862	324	39.5577	5.23094	0	1.20154	11.8369	42.3812	17.0801	96.8727	1	1	1	0	0	0	0	0
15.08.2015 11:09:12.211000	0.00499988	0	0.00848839	125.891	-668.898	0.00434028	7	4	4	4	86.0791	324	39.6816	5.23094	0	1.19799	11.8258	42.362	17.0779	96.8028	1	1	1	0	0	0	0	0
15.08.2015 11:09:12.311000	0.00499988	0	0.00848839	125.898	-668.898	0.00542535	7	4	4	4	86.0463	324	39.7955	5.23094	0	1.19562	11.8267	40.9717	17.0716	91.5086	1	1	1	0	0	0	0	0
15.08.2015 11:09:12.411000	0.00499988	0	0.00848839	125.902	-668.898	0.00488281	7	4	4	4	86.035	324	39.9119	5.23094	0	1.18021	11.8286	42.4138	17.0813	96.9931	1	1	1	0	0	0	0	0
15.08.2015 11:09:12.511000	0.00499988	0	0.00848839	125.901	-668.898	0.00506366	7	4	4	4	86.1755	324	40.0343	5.23094	0	1.16212	11.8293	42.6961	17.0722	98.109	1	1	1	0	0	0	0	0
15.08.2015 11:09:12.611000	0.00499988	0	0.00848839	125.902	-668.898	0.00434028	7	4	4	4	122.376	324	40.1482	5.23094	0	1.17017	11.8276	42.4668	17.0678	97.2476	1	1	1	0	0	0	0	0
15.08.2015 11:09:12.711000	0.00499988	0	0.00848839	125.904	-668.898	0.0036169	7	4	4	4	122.411	324	40.2715	5.23094	0	1.18449	11.6665	42.2264	17.0822	96.2719	1	1	1	0	0	0	0	0
15.08.2015 11:09:12.811000	0.00499988	0	0.00848839	125.906	-668.906	0.00108507	7	4	4	4	284.336	324	40.3904	5.23094	0	1.19135	11.6374	42.4329	17.0575	97.1574	1	1	1	0	0	0	0	0
15.08.2015 11:09:12.911000	0.00499988	0	0.00848839	125.909	-668.904	9.52655	7	4	4	4	259.112	324	40.5088	5.23094	0	1.20736	11.1649	42.7122	17.0487	98.2604	1	1	1	0	0	0	0	0
15.08.2015 11:09:13.011000	0.00499988	0	0.00848839	125.914	-668.906	16.5256	7	4	4	4	373.281	324	40.6317	5.23094	0	1.20478	10.8973	42.0461	17.0833	95.5776	1	1	1	0	0	0	0	0
15.08.2015 11:09:13.111000	0.00499988	0	0.00848839	125.914	-668.906	23.9858	7	4	4	4	282.512	324	40.7461	5.23094	0	1.19564	10.8584	41.1146	17.0963	91.9611	1	1	1	0	0	0	0	0
15.08.2015 11:09:13.211000	0.00499988	0	0.00848839	125.914	-668.906	27.3307	7	4	4	4	287.06	324	40.8689	5.23094	0	1.19378	11.1484	42.5028	17.0926	97.2903	1	1	1	0	0	0	0	0
15.08.2015 11:09:13.311000	0.00499988	0	0.00848839	125.914	-668.904	28.5406	7	4	4	4	285.177	324	40.9868	5.23094	0	1.17873	11.2033	41.8881	17.1125	94.861	1	1	1	0	0	0	0	0
15.08.2015 11:09:13.411000	0.00499988	0	0.00848839	125.914	-668.91	28.9019	7	4	4	4	562.726	324	41.1047	5.23094	0	1.17895	10.923	42.7499	17.096	98.2237	1	1	1	0	0	0	0	0
15.08.2015 11:09:13.511000	0.00499988	0	0.00848839	125.914	-668.911	29.171	7	4	4	4	352.743	324	41.2276	5.23094	0	1.18999	10.7485	41.9227	17.1264	94.9403	1	1	1	0	0	0	0	0
15.08.2015 11:09:13.611000	0.00499988	0	0.00848839	125.914	-668.914	29.254	7	4	4	4	290.501	324	41.3425	5.23094	0	1.18999	10.9591	41.9736	17.1242	95.1433	1	1	1	0	0	0	0	0
15.08.2015 11:09:13.711000	0.00499988	0	0.00848839	125.917	-668.911	29.26	7	4	4	4	399.061	324	41.4623	5.23094	0	1.20096	10.9121	42.0814	17.1186	95.5773	1	1	1	0	0	0	0	0
15.08.2015 11:09:13.811000	0.00499988	0	0.00848839	125.914	-668.914	29.2676	7	4	4	4	414.477	324	41.5807	5.23094	0	1.20154	10.783	41.7457	17.1272	94.2593	1	1	1	0	0	0	0	0
15.08.2015 11:09:13.911000	0.00499988	0	0.00848839	125.922	-668.914	29.29	7	4	4	4	488.517	324	41.6961	5.23094	0	1.18234	10.7619	41.9908	17.1233	95.2128	1	1	1	0	0	0	0	0
15.08.2015 11:09:14.011000	0.00499988	0	0.00848839	125.914	-668.91	29.3023	7	4	4	4	566.382	324	41.819	5.23094	0	1.17869	10.7198	42.4997	17.1332	97.1235	1	1	1	0	0	0	0	0
15.08.2015 11:09:14.111000	0.00499988	0	0.00848839	125.922	-668.914	29.3084	7	4	4	4	513.258	324	41.9349	5.23094	0	1.17869	10.7267	42.5165	17.1352	97.1798	1	1	1	0	0	0	0	0
15.08.2015 11:09:14.211000	0.00499988	0	0.00848839	125.926	-668.914	29.3126	7	4	4	4	558.378	324	42.0563	5.23094	0	1.17868	10.7064	41.9721	17.1406	95.0749	1	1	1	0	0	0	0	0
15.08.2015 11:09:14.311000	0.00499988	0	0.00848839	125.927	-668.914	29.32	7	4	4	4	426.962	324	42.1652	2.90865	0.00379941	1.20216	10.6998	42.6324	17.3126	96.9445	1	1	1	0.68	0	0	0	0
15.08.2015 11:09:14.411000	0.00499988	0	0.00848839	125.926	-668.914	29.3386	7	4	4	4	299.36	324	42.2134	1.94238	0.132157	1.21321	9.33287	43.0017	17.3968	98.0361	1	1	1	1	0	0	0	0
15.08.2015 11:09:14.511000	0.00499988	0	0.00848839	125.927	-668.914	29.3584	7	4	4	4	369.765	324	42.2617	1.88981	0.0795821	1.21321	8.72073	42.7766	17.664	96.1513	1	1	1	1	0	0	0	0
15.08.2015 11:09:14.611000	0.00499988	0	0.00848839	125.93	-668.914	29.3728	7	4	4	4	420.06	324	42.308	1.70254	-0.10768	1.21321	8.49	43.1226	17.894	96.5953	1	1	1	1	0	0	0	0
15.08.2015 11:09:14.711000	0.00499988	0	0.00848839	125.93	-668.914	29.3862	7	4	4	4	342.607	324	42.3497	1.45169	-0.358531	1.21321	8.38189	43.2621	18.0875	96.3885	1	1	1	1	0	0	0	0
15.08.2015 11:09:14.811000	0.00499988	0	0.00848839	125.93	-668.914	29.4032	7	4	4	4	356.322	324	42.3915	1.38954	-0.420688	1.03913	8.39851	43.4432	18.2531	96.4481	1	1	1	1	0	0	0	0
15.08.2015 11:09:14.911000	0.00499988	0	0.00848839	125.93	-668.914	29.4133	7	4	4	4	328.141	324	42.4298	1.36395	-0.446277	0.456336	8.42216	43.5625	18.4116	96.298	1	1	1	1	0	0	0	0
15.08.2015 11:09:15.011000	0.00499988	0	0.00848839	125.934	-668.914	29.4282	7	4	4	4	300.087	324	42.4781	1.37513	-0.435097	0.456336	8.42931	43.7706	18.5422	96.5946	1	1	1	1	0	0	0	0
15.08.2015 11:09:15.111000	0.00499988	0	0.00848839	125.93	-668.914	29.452	7	4	4	4	332.199	324	42.5149	1.41534	-0.394881	0.456336	8.43939	43.8783	18.666	96.5329	1	1	1	1	0	0	0	0
15.08.2015 11:09:15.211000	0.00499988	0	0.00848839	125.93	-668.914	29.49	7	4	4	4	376.019	324	42.5542	1.2696	-0.54062	0.456336	8.44054	43.9711	18.7683	96.4967	1	1	1	1	0	0	0	0
15.08.2015 11:09:15.311000	0.00499988	0	0.00848839	125.935	-668.914	29.515	7	4	4	4	298.843	324	42.5895	1.19498	-0.615247	0.456336	8.42227	44.0878	18.8802	96.5152	1	1	1	1	0	0	0	0
15.08.2015 11:09:15.411000	0.00499988	0	0.00848839	125.941	-668.914	29.5269	7	4	4	4	300.558	324	42.6288	1.33964	-0.470582	0.456336	8.42878	44.213	18.9685	96.6563	1	1	1	1	0	0	0	0
15.08.2015 11:09:15.511000	0.00499988	0	0.00848839	125.943	-668.914	29.5291	7	4	4	4	376.556	324	42.678	1.31006	-0.500162	0.399126	8.45616	44.2914	19.0508	96.6411	1	1	1	1	0	0	0	0
15.08.2015 11:09:15.611000	0.00499988	0	0.00848839	125.941	-668.914	29.5334	7	4	4	4	288.002	324	42.7144	1.22056	-0.589666	0.398549	8.42354	44.354	19.1319	96.5703	1	1	1	1	0	0	0	0
15.08.2015 11:09:15.711000	0.00499988	0	0.00848839	125.945	-668.914	29.5302	7	4	4	4	325.816	324	42.7497	1.40533	-0.404896	0.398549	8.44945	44.4516	19.2041	96.6678	1	1	1	1	0	0	0	0
15.08.2015 11:09:15.811000	0.00499988	0	0.00848839	125.945	-668.914	29.515	7	4	4	4	356.246	324	42.7924	1.26277	-0.547449	0.398549	8.43877	44.517	19.2762	96.6421	1	1	1	1	0	0	0	0
15.08.2015 11:09:15.911000	0.00499988	0	0.00848839	125.945	-668.914	29.4973	7	4	4	4	229.482	324	42.8283	1.23839	-0.571828	0.398549	8.44267	44.5722	19.3413	96.604	1	1	1	1	0	0	0	0
15.08.2015 11:09:16.011000	0.00499988	0	0.00848839	125.945	-668.914	29.4819	7	4	4	4	358.493	324	42.8775	1.2824	-0.527823	0.398549	8.46528	44.6248	19.3871	96.6299	1	1	1	1	0	0	0	0
15.08.2015 11:09:16.111000	0.00499988	0	0.00848839	125.945	-668.914	29.4633	7	4	4	4	316.309	324	42.9148	1.28474	-0.525486	0.398572	8.43529	44.6847	19.4461	96.6334	1	1	1	1	0	0	0	0
15.08.2015 11:09:16.211000	0.00499988	0	0.00848839	125.945	-668.914	29.4238	7	4	4	4	405.771	324	42.9476	1.28485	-0.525377	0.398579	8.42167	44.7323	19.4912	96.6432	1	1	1	1	0	0	0	0
15.08.2015 11:09:16.311000	0.00499988	0	0.00848839	125.945	-668.914	29.3873	7	4	4	4	340.304	324	42.9869	1.22237	-0.587855	0.398579	8.41168	44.7689	19.5482	96.5649	1	1	1	1	0	0	0	0
15.08.2015 11:09:16.411000	0.00499988	0	0.00848839	125.949	-668.914	29.3484	7	4	4	4	341.607	324	43.0267	1.14754	-0.66268	0.398579	8.42622	44.8047	19.5986	96.5093	1	1	1	1	0	0	0	0
15.08.2015 11:09:16.511000	0.00499988	0	0.00848839	125.953	-668.914	29.3179	7	4	4	4	329.657	324	43.072	1.09657	-0.713658	0.398579	8.42514	44.8657	19.638	96.5918	1	1	1	1	0	0	0	0
15.08.2015 11:09:16.611000	0.00499988	0	0.00848839	125.949	-668.914	29.3001	7	4	4	4	276.893	324	43.1033	1.07124	-0.738978	0.398579	8.44256	44.8892	19.67	96.5596	1	1	1	1	0	0	0	0
15.08.2015 11:09:16.711000	0.00499988	0	0.00848839	125.953	-668.914	29.2886	7	4	4	4	238.362	324	43.1357	1.10005	-0.710174	0.394882	8.46324	44.9143	19.7057	96.5184	1	1	1	1	0	0	0	0
15.08.2015 11:09:16.811000	0.00499988	0	0.00848839	125.953	-668.914	29.2801	7	4	4	4	350.537	324	43.176	1.17615	-0.634078	0.379122	8.46338	44.9529	19.7364	96.5486	1	1	1	1	0	0	0	0
15.08.2015 11:09:16.911000	0.00499988	0	0.00848839	125.953	-668.914	29.2694	7	4	4	4	366.791	324	43.2237	1.21704	-0.593185	0.379122	8.45391	44.9961	19.7606	96.6217	1	1	1	1	0	0	0	0
15.08.2015 11:09:17.011000	0.00499988	0	0.00848839	125.953	-668.914	29.2627	7	4	4	4	357.178	324	43.261	1.20032	-0.6099	0.379122	8.43129	44.9898	19.7935	96.4715	1	1	1	1	0	0	0	0
15.08.2015 11:09:17.111000	0.00499988	0	0.00848839	125.953	-668.914	29.2549	7	4	4	4	291.537	324	43.2958	1.17958	-0.630646	0.379122	8.44637	45.0036	19.8149	96.4425	1	1	1	1	0	0	0	0
15.08.2015 11:09:17.211000	0.00499988	0	0.00848839	125.953	-668.914	29.2486	7	4	4	4	305.543	324	43.3331	1.18819	-0.622032	0.379122	8.43594	45.0488	19.8288	96.5624	1	1	1	1	0	0	0	0
15.08.2015 11:09:17.311000	0.00499988	0	0.00848839	125.953	-668.914	29.2437	7	4	4	4	318.73	324	43.3749	1.21205	-0.598172	0.379122	8.44433	45.0739	19.8417	96.6091	1	1	1	1	0	0	0	0
15.08.2015 11:09:17.411000	0.00499988	0	0.00848839	125.953	-668.914	29.2383	7	4	4	4	317.168	324	43.4222	1.22686	-0.583358	0.3976	8.43355	45.0749	19.8677	96.5133	1	1	1	1	0	0	0	0
15.08.2015 11:09:17.511000	0.00499988	0	0.00848839	125.956	-668.914	29.2329	7	4	4	4	325.366	324	43.4625	1.23674	-0.573488	0.398572	8.44897	45.0652	19.8893	96.3936	1	1	1	1	0	0	0	0
15.08.2015 11:09:17.611000	0.00499988	0	0.00848839	125.961	-668.914	29.2291	7	4	4	4	346.193	324	43.5013	1.25203	-0.558189	0.398572	8.44779	45.1033	19.9026	96.4883	1	1	1	1	0	0	0	0
15.08.2015 11:09:17.711000	0.00499988	0	0.00848839	125.961	-668.914	29.2245	7	4	4	4	320.323	324	43.5411	1.25362	-0.556603	0.398572	8.44579	45.1203	19.9042	96.5474	1	1	1	1	0	0	0	0
15.08.2015 11:09:17.811000	0.00499988	0	0.00848839	125.961	-668.914	29.2258	7	4	4	4	318.17	324	43.5818	1.24257	-0.567655	0.398572	8.42147	45.1278	19.9142	96.5378	1	1	1	1	0	0	0	0
15.08.2015 11:09:17.911000	0.00499988	0	0.00848839	125.969	-668.914	29.2271	7	4	4	4	303.137	324	43.6236	1.23834	-0.57188	0.398572	8.42418	45.1242	19.9289	96.4677	1	1	1	1	0	0	0	0
15.08.2015 11:09:18.011000	0.00499988	0	0.00848839	125.969	-668.914	29.2301	7	4	4	4	342.274	324	43.6729	1.2461	-0.564126	0.41708	8.416	45.126	19.9435	96.4186	1	1	1	1	0	0	0	0
15.08.2015 11:09:18.111000	0.00499988	0	0.00848839	125.966	-668.914	29.2321	7	4	4	4	324.799	324	43.7102	1.23955	-0.570669	0.417267	8.41791	45.1449	19.958	96.4357	1	1	1	1	0	0	0	0
15.08.2015 11:09:18.211000	0.00499988	0	0.00848839	125.969	-668.914	29.235	7	4	4	4	328.598	324	43.75	1.23801	-0.572212	0.417267	8.41463	45.1593	19.9688	96.4495	1	1	1	1	0	0	0	0
15.08.2015 11:09:18.311000	0.00499988	0	0.00848839	125.969	-668.914	29.2357	7	4	4	4	255.87	324	43.7903	1.24165	-0.568568	0.417267	8.40998	45.1602	19.9785	96.4158	1	1	1	1	0	0	0	0
15.08.2015 11:09:18.411000	0.00499988	0	0.00848839	125.969	-668.914	29.2356	7	4	4	4	251.983	324	43.8321	1.31397	-0.496256	0.417267	8.43071	45.1632	19.9764	96.4352	1	1	1	1	0	0	0	0
15.08.2015 11:09:18.511000	0.00499988	0	0.00848839	125.969	-668.914	29.2358	7	4	4	4	353.685	324	43.8733	1.40694	-0.403281	0.417254	8.43054	45.1697	19.9821	96.438	1	1	1	1	0	0	0	0
15.08.2015 11:09:18.611000	0.00499988	0	0.00848839	125.969	-668.914	29.235	7	4	4	4	322.686	324	43.9221	1.43875	-0.37147	0.416597	8.37036	45.1813	19.9802	96.4902	1	1	1	1	0	0	0	0
15.08.2015 11:09:18.711000	0.00499988	0	0.00848839	125.969	-668.914	29.2368	7	4	4	4	331.694	324	43.9673	1.4688	-0.341427	0.416597	8.37289	45.1612	19.9824	96.4049	1	1	1	1	0	0	0	0
15.08.2015 11:09:18.811000	0.00499988	0	0.00848839	125.973	-668.914	29.2377	7	4	4	4	344.227	324	44.0141	1.48925	-0.320974	0.416597	8.38484	45.1474	19.9976	96.2938	1	1	1	1	0	0	0	0
15.08.2015 11:09:18.911000	0.00499988	0	0.00848839	125.969	-668.914	29.2397	7	4	4	4	319.991	324	44.0614	1.48784	-0.32238	0.416597	8.39418	44.9813	20.0024	95.6393	1	1	1	1	0	0	0	0
15.08.2015 11:09:19.011000	0.00499988	0	0.00848839	125.973	-668.914	29.2415	7	4	4	4	280.441	324	44.1051	1.50255	-0.307673	0.416597	8.41609	44.9476	19.9895	95.5596	1	1	1	1	0	0	0	0
15.08.2015 11:09:19.111000	0.00499988	0	0.00848839	125.971	-668.914	29.2448	7	4	4	4	344.556	324	44.1514	1.5403	-0.269927	0.442901	8.41659	45.1049	19.9843	96.1817	1	1	1	1	0	0	0	0
15.08.2015 11:09:19.211000	0.00499988	0	0.00848839	125.969	-668.914	29.2475	7	4	4	4	300.27	324	44.2006	1.55252	-0.2577	0.459718	8.40673	45.0224	19.9855	95.861	1	1	1	1	0	0	0	0
15.08.2015 11:09:19.311000	0.00499988	0	0.00848839	125.974	-668.914	29.2499	7	4	4	4	342.927	324	44.2484	1.57158	-0.238643	0.459718	8.43339	45.118	19.976	96.2639	1	1	1	1	0	0	0	0
15.08.2015 11:09:19.411000	0.00499988	0	0.00848839	125.977	-668.914	29.2426	7	4	4	4	343.713	324	44.2942	1.56212	-0.248106	0.459718	8.43058	45.1618	19.9695	96.4565	1	1	1	1	0	0	0	0
15.08.2015 11:09:19.511000	0.00499988	0	0.00848839	125.974	-668.914	29.239	7	4	4	4	285.833	324	44.3394	1.5435	-0.26672	0.459718	8.43701	45.1175	19.9713	96.2796	1	1	1	1	0	0	0	0
15.08.2015 11:09:19.611000	0.00499988	0	0.00848839	125.977	-668.914	29.2383	7	4	4	4	325.32	324	44.3877	1.57649	-0.23373	0.464754	8.4793	45.1249	19.9576	96.3605	1	1	1	1	0	0	0	0
15.08.2015 11:09:19.711000	0.00499988	0	0.00848839	125.977	-668.914	29.2347	7	4	4	4	350.284	324	44.4369	1.59708	-0.213148	0.473709	8.44116	45.1074	19.9615	96.2784	1	1	1	1	0	0	0	0
15.08.2015 11:09:19.811000	0.00499988	0	0.00848839	125.977	-668.914	29.2372	7	4	4	4	351.723	324	44.4827	1.56976	-0.240465	0.473709	8.41444	45.0918	19.9484	96.2693	1	1	1	1	0	0	0	0
15.08.2015 11:09:19.911000	0.00499988	0	0.00848839	125.977	-668.914	29.2383	7	4	4	4	361.567	324	44.5284	1.52626	-0.283964	0.473709	8.39876	45.0986	19.9445	96.3102	1	1	1	1	0	0	0	0
15.08.2015 11:09:20.011000	0.00499988	0	0.00848839	125.977	-668.914	29.2399	7	4	4	4	279.619	324	44.5757	1.4819	-0.328325	0.473709	8.39975	45.1025	19.9492	96.3067	1	1	1	1	0	0	0	0
15.08.2015 11:09:20.111000	0.00499988	0	0.00848839	125.982	-668.914	29.2433	7	4	4	4	247.543	324	44.619	1.48844	-0.321782	0.47362	8.42523	45.1051	19.9462	96.3284	1	1	1	1	0	0	0	0
15.08.2015 11:09:20.211000	0.00499988	0	0.00848839	125.98	-668.914	29.2448	7	4	4	4	335.133	324	44.6682	1.55448	-0.255744	0.464868	8.4718	45.1015	19.943	96.327	1	1	1	1	0	0	0	0
15.08.2015 11:09:20.311000	0.00499988	0	0.00848839	125.982	-668.914	29.2419	7	4	4	4	326.429	324	44.714	1.58894	-0.221282	0.464868	8.4399	45.0796	19.9369	96.2663	1	1	1	1	0	0	0	0
15.08.2015 11:09:20.411000	0.00499988	0	0.00848839	125.984	-668.914	29.2388	7	4	4	4	342.452	324	44.7617	1.61837	-0.191853	0.464868	8.4464	45.0976	19.9334	96.3485	1	1	1	1	0	0	0	0
15.08.2015 11:09:20.511000	0.00499988	0	0.00848839	125.984	-668.914	29.2347	7	4	4	4	341.756	324	44.811	1.62084	-0.189388	0.464868	8.42318	45.1305	19.9363	96.4635	1	1	1	1	0	0	0	0
15.08.2015 11:09:20.611000	0.00499988	0	0.00848839	125.984	-668.914	29.2345	7	4	4	4	290.071	324	44.8592	1.61358	-0.196643	0.464868	8.40992	45.159	19.9305	96.5948	1	1	1	1	0	0	0	0
15.08.2015 11:09:20.711000	0.00499988	0	0.00848839	125.984	-668.914	29.2347	7	4	4	4	320.441	324	44.9055	1.63372	-0.176501	0.4724	8.4258	45.0539	19.9186	96.2378	1	1	1	1	0	0	0	0
15.08.2015 11:09:20.811000	0.00499988	0	0.00848839	125.984	-668.914	29.2367	7	4	4	4	333.336	324	44.9537	1.6448	-0.165427	0.47465	8.41587	45.0817	19.9131	96.3654	1	1	1	1	0	0	0	0
15.08.2015 11:09:20.911000	0.00499988	0	0.00848839	125.984	-668.914	29.2401	7	4	4	4	327.324	324	45.0065	1.64859	-0.161634	0.47465	8.41211	45.0861	19.9085	96.3999	1	1	1	1	0	0	0	0
15.08.2015 11:09:21.011000	0.00499988	0	0.00848839	125.984	-668.914	29.247	7	4	4	4	258.113	324	45.0557	1.65264	-0.157585	0.47465	8.42733	44.9343	19.9147	95.7949	1	1	1	1	0	0	0	0
15.08.2015 11:09:21.111000	0.00499988	0	0.00848839	125.984	-668.914	29.2484	7	4	4	4	318.247	324	45.1025	1.70172	-0.108503	0.47465	8.44786	44.9734	19.9011	95.9966	1	1	1	1	0	0	0	0
15.08.2015 11:09:21.211000	0.00499988	0	0.00848839	125.984	-668.914	29.2475	7	4	4	4	318.295	324	45.1527	1.75975	-0.0504726	0.489297	8.44159	45.0617	19.9007	96.3366	1	1	1	1	0	0	0	0
15.08.2015 11:09:21.311000	0.00499988	0	0.00848839	125.984	-668.914	29.2473	7	4	4	4	337.152	324	45.2049	1.79296	-0.0172605	0.494443	8.41645	45.0434	19.8867	96.32	1	1	1	1	0	0	0	0
15.08.2015 11:09:21.411000	0.00499988	0	0.00848839	125.984	-668.914	29.2453	7	4	4	4	285.12	324	45.2581	1.81142	0.0011958	0.494443	8.44669	45.0956	19.8793	96.5481	1	1	1	1	0	0	0	0
15.08.2015 11:09:21.511000	0.00499988	0	0.00848839	125.984	-668.914	29.2426	7	4	4	4	352.179	324	45.3104	1.83568	0.0254524	0.494443	8.45574	45.0271	19.8712	96.3167	1	1	1	1	0	0	0	0
15.08.2015 11:09:21.611000	0.00499988	0	0.00848839	125.984	-668.914	29.241	7	4	4	4	296.398	324	45.3646	1.84533	0.0351092	0.496236	8.45626	45.0307	19.8718	96.3282	1	1	1	1	0	0	0	0
15.08.2015 11:09:21.711000	0.00499988	0	0.00848839	125.984	-668.914	29.2437	7	4	4	4	343.685	324	45.4213	1.86761	0.0573837	0.530297	8.4532	44.9372	19.856	96.0307	1	1	1	1	0	0	0	0
15.08.2015 11:09:21.811000	0.00499988	0	0.00848839	125.988	-668.914	29.2464	7	4	4	4	328.926	324	45.4725	1.87457	0.0643458	0.530297	8.44874	45.0234	19.8494	96.3862	1	1	1	1	0	0	0	0
15.08.2015 11:09:21.911000	0.00499988	0	0.00848839	125.987	-668.914	29.2502	7	4	4	4	311.947	324	45.5263	1.88049	0.0702635	0.530297	8.44922	45.047	19.8464	96.5418	1	1	1	1	0	0	0	0
15.08.2015 11:09:22.011000	0.00499988	0	0.00848839	125.992	-668.914	29.2529	7	4	4	4	355.093	324	45.582	1.87058	0.0603525	0.530297	8.41871	44.908	19.8317	96.0122	1	1	1	1	0	0	0	0
15.08.2015 11:09:22.111000	0.00499988	0	0.00848839	125.99	-668.914	29.2593	7	4	4	4	293.613	324	45.6357	1.85179	0.0415717	0.53496	8.40172	44.9359	19.8315	96.1232	1	1	1	1	0	0	0	0
15.08.2015 11:09:22.211000	0.00499988	0	0.00848839	125.992	-668.914	29.26	7	4	4	4	365.581	324	45.6874	1.85729	0.0470622	0.54066	8.40924	44.9505	19.817	96.231	1	1	1	1	0	0	0	0
15.08.2015 11:09:22.311000	0.00499988	0	0.00848839	125.992	-668.914	29.264	7	4	4	4	245.083	324	45.7401	1.8443	0.0340782	0.54066	8.40563	44.9753	19.8311	96.2721	1	1	1	1	0	0	0	0
15.08.2015 11:09:22.411000	0.00499988	0	0.00848839	125.992	-668.914	29.2638	7	4	4	4	301.574	324	45.7944	1.9011	0.0908807	0.54066	8.44812	44.973	19.8351	96.2478	1	1	1	1	0	0	0	0
15.08.2015 11:09:22.511000	0.00499988	0	0.00848839	125.992	-668.914	29.2636	7	4	4	4	280.485	324	45.8486	1.97175	0.161644	0.54066	8.44773	45.0286	19.8242	96.4578	1	1	1	1	0	0	0	0
15.08.2015 11:09:22.611000	0.00499988	0	0.00848839	125.992	-668.914	29.2638	7	4	4	4	353.957	324	45.9008	2.03228	0.222102	0.534263	8.41475	45.0451	19.8128	96.6157	1	1	1	1	0	0	0	0
15.08.2015 11:09:22.711000	0.00499988	0	0.00848839	125.992	-668.914	29.264	7	4	4	4	327.937	324	45.9585	2.06956	0.259333	0.532563	8.40011	44.89	19.8025	96.0405	1	1	1	1	0	0	0	0
15.08.2015 11:09:22.811000	0.00499988	0	0.00848839	125.992	-668.914	29.2632	7	4	4	4	297.536	324	46.0207	2.0859	0.275676	0.532563	8.38792	44.745	19.7904	95.5462	1	1	1	1	0	0	0	0
15.08.2015 11:09:22.911000	0.00499988	0	0.00848839	125.992	-668.914	29.2607	7	4	4	4	305.261	324	46.0754	2.12754	0.317313	0.532563	8.42186	44.9832	19.7774	96.5079	1	1	1	1	0	0	0	0
15.08.2015 11:09:23.011000	0.00499988	0	0.00848839	125.992	-668.914	29.26	7	4	4	4	323.138	324	46.1301	2.15681	0.346583	0.54531	8.37991	44.8323	19.7681	95.9657	1	1	1	1	0	0	0	0
15.08.2015 11:09:23.111000	0.00499988	0	0.00848839	125.997	-668.914	29.256	7	4	4	4	311.846	324	46.1903	2.18109	0.37087	0.565248	8.39742	44.795	19.7579	95.862	1	1	1	1	0	0	0	0
15.08.2015 11:09:23.211000	0.00499988	0	0.00848839	125.996	-668.914	29.2546	7	4	4	4	328.726	324	46.2495	2.21383	0.403609	0.565248	8.41724	44.8501	19.7372	96.1522	1	1	1	1	0	0	0	0
15.08.2015 11:09:23.311000	0.00499988	0	0.00848839	126	-668.914	29.2546	7	4	4	4	356.96	324	46.3087	2.21855	0.408323	0.565248	8.38608	44.805	19.7288	96.0118	1	1	1	1	0	0	0	0
15.08.2015 11:09:23.411000	0.00499988	0	0.00848839	126	-668.914	29.2546	7	4	4	4	342.697	324	46.3744	2.19829	0.388069	0.578094	8.3758	44.8352	19.72	96.1611	1	1	1	1	0	0	0	0
15.08.2015 11:09:23.511000	0.00499988	0	0.00848839	126	-668.914	29.2546	7	4	4	4	302.68	324	46.4326	2.17581	0.365583	0.608069	8.38708	44.8313	19.7145	96.1674	1	1	1	1	0	0	0	0
15.08.2015 11:09:23.611000	0.00499988	0	0.00848839	125.996	-668.914	29.254	7	4	4	4	341.666	324	46.4883	2.16617	0.355946	0.608069	8.41778	44.8037	19.7109	96.0751	1	1	1	1	0	0	0	0
15.08.2015 11:09:23.711000	0.00499988	0	0.00848839	126	-668.914	29.2542	7	4	4	4	248.742	324	46.5455	2.17501	0.364787	0.608069	8.41759	44.7984	19.7178	96.0284	1	1	1	1	0	0	0	0
15.08.2015 11:09:23.811000	0.00499988	0	0.00848839	126	-668.914	29.26	7	4	4	4	325.677	324	46.6111	2.22906	0.418837	0.6065	8.45608	44.7913	19.7009	96.0665	1	1	1	1	0	0	0	0
15.08.2015 11:09:23.911000	0.00499988	0	0.00848839	126	-668.914	29.2636	7	4	4	4	355.524	324	46.6708	2.26233	0.452106	0.594996	8.4498	44.8152	19.6913	96.1943	1	1	1	1	0	0	0	0
15.08.2015 11:09:24.011000	0.00499988	0	0.00848839	126	-668.914	29.2676	7	4	4	4	307.179	324	46.7295	2.26409	0.453869	0.594996	8.41786	44.7594	19.6811	96.0195	1	1	1	1	0	0	0	0
15.08.2015 11:09:24.111000	0.00499988	0	0.00848839	126	-668.914	29.2683	7	4	4	4	316.09	324	46.7902	2.2695	0.459273	0.594996	8.40077	44.7462	19.6755	95.9907	1	1	1	1	0	0	0	0
15.08.2015 11:09:24.211000	0.00499988	0	0.00848839	126	-668.914	29.2719	7	4	4	4	325.264	324	46.8489	2.27972	0.469496	0.594996	8.39935	44.8034	19.6678	96.2392	1	1	1	1	0	0	0	0
15.08.2015 11:09:24.311000	0.00499988	0	0.00848839	126	-668.914	29.2734	7	4	4	4	280.607	324	46.9165	2.29514	0.484915	0.603668	8.41772	44.7432	19.6615	96.0328	1	1	1	1	0	0	0	0
15.08.2015 11:09:24.411000	0.00499988	0	0.00848839	126.004	-668.914	29.2741	7	4	4	4	352.057	324	46.9767	2.32648	0.516259	0.603668	8.42913	44.7888	19.6437	96.2759	1	1	1	1	0	0	0	0
15.08.2015 11:09:24.511000	0.00499988	0	0.00848839	126.005	-668.914	29.2734	7	4	4	4	311.141	324	47.0369	2.33698	0.52676	0.603668	8.4319	44.7545	19.6391	96.1616	1	1	1	1	0	0	0	0
15.08.2015 11:09:24.611000	0.00499988	0	0.00848839	126.004	-668.914	29.2752	7	4	4	4	354.643	324	47.0971	2.35094	0.540722	0.604092	8.46136	44.7527	19.629	96.1936	1	1	1	1	0	0	0	0
15.08.2015 11:09:24.711000	0.00499988	0	0.00848839	126.005	-668.914	29.2763	7	4	4	4	356.041	324	47.1672	2.32938	0.519161	0.624887	8.43848	44.6715	19.6188	95.922	1	1	1	1	0	0	0	0
15.08.2015 11:09:24.811000	0.00499988	0	0.00848839	126.008	-668.914	29.2746	7	4	4	4	277.398	324	47.2289	2.2903	0.480081	0.624887	8.4196	44.6932	19.6191	96.0036	1	1	1	1	0	0	0	0
15.08.2015 11:09:24.911000	0.00499988	0	0.00848839	126.013	-668.914	29.2737	7	4	4	4	297.066	324	47.2871	2.30626	0.496037	0.624887	8.46568	44.7186	19.6141	96.1202	1	1	1	1	0	0	0	0
15.08.2015 11:09:25.011000	0.00499988	0	0.00848839	126.012	-668.914	29.273	7	4	4	4	320.041	324	47.3433	2.35374	0.543514	0.624887	8.48986	44.5479	19.6119	95.4747	1	1	1	1	0	0	0	0
15.08.2015 11:09:25.111000	0.00499988	0	0.00848839	126.013	-668.914	29.2748	7	4	4	4	300.156	324	47.414	2.39383	0.583603	0.615779	8.45389	44.6792	19.5994	96.0253	1	1	1	1	0	0	0	0
15.08.2015 11:09:25.211000	0.00499988	0	0.00848839	126.016	-668.914	29.2763	7	4	4	4	308.69	324	47.4727	2.43956	0.629334	0.615593	8.48039	44.7684	19.595	96.3838	1	1	1	1	0	0	0	0
15.08.2015 11:09:25.311000	0.00499988	0	0.00848839	126.016	-668.914	29.2795	7	4	4	4	252.964	324	47.5333	2.49687	0.686648	0.615593	8.493	44.6166	19.6171	95.7182	1	1	1	1	0	0	0	0
15.08.2015 11:09:25.411000	0.00499988	0	0.00848839	126.016	-668.914	29.2822	7	4	4	4	336.633	324	47.607	2.57489	0.764662	0.620651	8.48623	44.5987	19.5972	95.7255	1	1	1	1	0	0	0	0
15.08.2015 11:09:25.511000	0.00499988	0	0.00848839	126.016	-668.914	29.2831	7	4	4	4	279.239	324	47.6711	2.64559	0.835369	0.649313	8.46304	44.5909	19.5696	95.8017	1	1	1	1	0	0	0	0
15.08.2015 11:09:25.611000	0.00499988	0	0.00848839	126.016	-668.914	29.2871	7	4	4	4	394.766	324	47.7363	2.70578	0.895553	0.649313	8.46384	44.5476	19.5365	95.7624	1	1	1	1	0	0	0	0
15.08.2015 11:09:25.711000	0.00499988	0	0.00848839	126.016	-668.914	29.2849	7	4	4	4	306.788	324	47.8119	2.70195	0.891726	0.649313	8.4201	44.5328	19.508	95.8148	1	1	1	1	0	0	0	0
15.08.2015 11:09:25.811000	0.00499988	0	0.00848839	126.016	-668.914	29.2855	7	4	4	4	286.678	324	47.8781	2.71821	0.907984	0.669357	8.4531	43.9733	19.4845	93.7627	1	1	1	1	0	0	0	0
15.08.2015 11:09:25.911000	0.00499988	0	0.00848839	126.016	-668.914	29.2831	7	4	4	4	371.491	324	47.9482	2.75219	0.941964	0.687132	8.44633	44.7671	19.4567	96.9082	1	1	1	1	0	0	0	0
15.08.2015 11:09:26.011000	0.00499988	0	0.00848839	126.016	-668.914	29.2806	7	4	4	4	319.387	324	48.0218	2.74242	0.932199	0.687132	8.39683	44.7276	19.4474	96.7928	1	1	1	1	0	0	0	0
15.08.2015 11:09:26.111000	0.00499988	0	0.00848839	126.016	-668.914	29.2828	7	4	4	4	340.631	324	48.0865	2.73466	0.924435	0.687325	8.40289	44.5938	19.4238	96.371	1	1	1	1	0	0	0	0
15.08.2015 11:09:26.211000	0.00499988	0	0.00848839	126.016	-668.914	29.2828	7	4	4	4	284.244	324	48.1641	2.72015	0.909928	0.706483	8.42131	44.2084	19.4184	94.9162	1	1	1	1	0	0	0	0
15.08.2015 11:09:26.311000	0.00499988	0	0.00848839	126.016	-668.914	29.281	7	4	4	4	298.792	324	48.2312	2.73831	0.928088	0.706483	8.45545	44.6719	19.4079	96.7306	1	1	1	1	0	0	0	0
15.08.2015 11:09:26.411000	0.00499988	0	0.00848839	126.02	-668.914	29.2839	7	4	4	4	322.358	324	48.3004	2.77368	0.963458	0.706483	8.44653	44.6834	19.3974	96.815	1	1	1	1	0	0	0	0
15.08.2015 11:09:26.511000	0.00499988	0	0.00848839	126.021	-668.914	29.2849	7	4	4	4	340.493	324	48.3755	2.79954	0.989319	0.710837	8.448	44.2677	19.3855	95.2691	1	1	1	1	0	0	0	0
15.08.2015 11:09:26.611000	0.00499988	0	0.00848839	126.02	-668.914	29.2855	7	4	4	4	364.441	324	48.4436	2.79029	0.980066	0.714699	8.42676	44.3614	19.369	95.6909	1	1	1	1	0	0	0	0
15.08.2015 11:09:26.711000	0.00499988	0	0.00848839	126.018	-668.914	29.2918	7	4	4	4	260.209	324	48.5172	2.7636	0.953376	0.714699	8.42949	44.2529	19.3634	95.2967	1	1	1	1	0	0	0	0
15.08.2015 11:09:26.811000	0.00499988	0	0.00848839	126.02	-668.914	29.2942	7	4	4	4	327.117	324	48.5824	2.78972	0.979497	0.714617	8.44089	44.069	19.3522	94.6358	1	1	1	1	0	0	0	0
15.08.2015 11:09:26.911000	0.00499988	0	0.00848839	126.018	-668.914	29.2958	7	4	4	4	346.116	324	48.6615	2.8123	1.00207	0.706585	8.43152	44.6748	19.3436	96.9882	1	1	1	1	0	0	0	0
15.08.2015 11:09:27.011000	0.00499988	0	0.00848839	126.02	-668.914	29.2996	7	4	4	4	301.462	324	48.7271	2.81011	0.999887	0.706585	8.40966	44.438	19.3338	96.1188	1	1	1	1	0	0	0	0
15.08.2015 11:09:27.111000	0.00499988	0	0.00848839	126.021	-668.914	29.3009	7	4	4	4	287.905	324	48.8047	2.83359	1.02337	0.706585	8.43356	44.9672	19.322	98.1903	1	1	1	1	0	0	0	0
15.08.2015 11:09:27.211000	0.00499988	0	0.00848839	126.02	-668.914	29.3007	7	4	4	4	311.894	324	48.8724	2.88752	1.07729	0.709733	8.44023	43.9752	19.3116	94.432	1	1	1	1	0	0	0	0
15.08.2015 11:09:27.311000	0.00499988	0	0.00848839	126.021	-668.914	29.3034	7	4	4	4	357.993	324	48.946	2.91409	1.10386	0.712639	8.39569	44.1215	19.2998	95.037	1	1	1	1	0	0	0	0
15.08.2015 11:09:27.411000	0.00499988	0	0.00848839	126.016	-668.914	29.3012	7	4	4	4	286.957	324	49.0206	2.92282	1.1126	0.712639	8.40968	44.5411	19.2832	96.7073	1	1	1	1	0	0	0	0
15.08.2015 11:09:27.511000	0.00499988	0	0.00848839	126.021	-668.914	29.2962	7	4	4	4	304.438	324	49.0957	2.96493	1.1547	0.718388	8.41379	44.2473	19.269	95.6369	1	1	1	1	0	0	0	0
15.08.2015 11:09:27.611000	0.00499988	0	0.00848839	126.023	-668.914	29.2925	7	4	4	4	329.554	324	49.1708	3.00574	1.19552	0.744581	8.40825	43.9833	19.2502	94.6982	1	1	1	1	0	0	0	0
15.08.2015 11:09:27.711000	0.00499988	0	0.00848839	126.023	-668.914	29.2817	7	4	4	4	359.566	324	49.2479	3.01471	1.20449	0.744581	8.39685	44.6746	19.2319	97.4149	1	1	1	1	0	0	0	0
15.08.2015 11:09:27.811000	0.00499988	0	0.00848839	126.023	-668.914	29.2681	7	4	4	4	280.619	324	49.3211	3.00356	1.19333	0.744581	8.41474	44.2537	19.2256	95.8276	1	1	1	1	0	0	0	0
15.08.2015 11:09:27.911000	0.00499988	0	0.00848839	126.023	-668.914	29.2412	7	4	4	4	314.327	324	49.4011	3.03236	1.22213	0.754725	8.43835	44.2675	19.209	95.944	1	1	1	1	0	0	0	0
15.08.2015 11:09:28.011000	0.00499988	0	0.00848839	126.023	-668.914	29.2323	7	4	4	4	333.62	324	49.4723	3.05509	1.24486	0.755978	8.42819	44.0655	19.193	95.2317	1	1	1	1	0	0	0	0
15.08.2015 11:09:28.111000	0.00499988	0	0.00848839	126.023	-668.914	29.2336	7	4	4	4	285.421	324	49.5539	3.0785	1.26828	0.755978	8.42334	44.6334	19.1726	97.4843	1	1	1	1	0	0	0	0
15.08.2015 11:09:28.211000	0.00499988	0	0.00848839	126.023	-668.914	29.235	7	4	4	4	385.104	324	49.6265	3.10669	1.29647	0.763531	8.4315	43.8211	19.1591	94.4259	1	1	1	1	0	0	0	0
15.08.2015 11:09:28.311000	0.00499988	0	0.00848839	126.023	-668.914	29.2426	7	4	4	4	344.25	324	49.7091	3.07431	1.26408	0.767598	8.37198	44.9789	19.1421	98.9239	1	1	1	1	0	0	0	0
15.08.2015 11:09:28.411000	0.00499988	0	0.00848839	126.023	-668.914	29.248	7	4	4	4	327.592	324	49.7812	3.03618	1.22595	0.767598	8.37706	43.5642	19.1401	93.5149	1	1	1	1	0	0	0	0
15.08.2015 11:09:28.511000	0.00499988	0	0.00848839	126.023	-668.914	29.2593	7	4	4	4	318.607	324	49.8603	2.99692	1.1867	0.764926	8.42084	44.2521	19.1446	96.1314	1	1	1	1	0	0	0	0
15.08.2015 11:09:28.611000	0.00499988	0	0.00848839	126.023	-668.914	29.2649	7	4	4	4	352.025	324	49.9279	2.9618	1.15158	0.760568	8.40211	43.6958	19.1463	93.995	1	1	1	1	0	0	0	0
15.08.2015 11:09:28.711000	0.00499988	0	0.00848839	126.023	-668.914	29.2672	7	4	4	4	368.017	324	50.0095	2.92615	1.11593	0.760568	8.38781	44.4757	19.1724	96.8811	1	1	1	1	0	0	0	0
15.08.2015 11:09:28.811000	0.00499988	0	0.00848839	126.023	-668.914	29.2659	7	4	4	4	290.579	324	50.0732	2.87394	1.06372	0.760568	8.32966	43.8818	19.2044	94.4848	1	1	1	1	0	0	0	0
15.08.2015 11:09:28.911000	0.00499988	0	0.00848839	126.023	-668.914	29.2661	7	4	4	4	279.478	324	50.1518	2.87754	1.06732	0.726867	8.4243	44.6688	19.2149	97.4579	1	1	1	1	0	0	0	0
15.08.2015 11:09:29.011000	0.00499988	0	0.00848839	126.023	-668.914	29.2632	7	4	4	4	382.529	324	50.2189	2.89891	1.08869	0.725094	8.40806	43.8455	19.225	94.2667	1	1	1	1	0	0	0	0
15.08.2015 11:09:29.111000	0.00499988	0	0.00848839	126.023	-668.914	29.264	7	4	4	4	277.9	324	50.294	2.87662	1.0664	0.725094	8.35855	44.3891	19.2346	96.3116	1	1	1	1	0	0	0	0
15.08.2015 11:09:29.211000	0.00499988	0	0.00848839	126.023	-668.914	29.2627	7	4	4	4	245.372	324	50.3652	2.90606	1.09584	0.726237	8.41395	44.0413	19.2484	94.9272	1	1	1	1	0	0	0	0
15.08.2015 11:09:29.311000	0.00499988	0	0.00848839	126.023	-668.914	29.2647	7	4	4	4	305.267	324	50.4383	2.98558	1.17536	0.72725	8.42245	44.6149	19.2455	97.1342	1	1	1	1	0	0	0	0
15.08.2015 11:09:29.411000	0.00499988	0	0.00848839	126.023	-668.914	29.2659	7	4	4	4	277.944	324	50.5119	3.07802	1.2678	0.72725	8.43029	43.8236	19.2365	94.1391	1	1	1	1	0	0	0	0
15.08.2015 11:09:29.511000	0.00499988	0	0.00848839	126.026	-668.914	29.2687	7	4	4	4	352.356	324	50.592	3.17726	1.36703	0.734146	8.42436	44.8228	19.2071	98.0774	1	1	1	1	0	0	0	0
15.08.2015 11:09:29.611000	0.00499988	0	0.00848839	126.027	-668.914	29.273	7	4	4	4	326.818	324	50.6656	3.21591	1.40568	0.755981	8.37091	44.1729	19.1896	95.6561	1	1	1	1	0	0	0	0
15.08.2015 11:09:29.711000	0.00499988	0	0.00848839	126.031	-668.914	29.2763	7	4	4	4	255.064	324.009	50.7526	3.25789	1.44767	0.755981	8.38286	43.8409	19.1648	94.4799	1	1	1	1	0.36	0	0	0
15.08.2015 11:09:29.811000	0.00499988	0	0.00848839	126.027	-668.914	29.2844	7	4	4	4	372.898	324.45	50.8342	3.42403	1.61381	0.767276	8.40588	44.6027	19.1219	97.561	1	1	1	1	1	0	0	0
15.08.2015 11:09:29.911000	0.00499988	0	0.00848839	126.031	-668.914	29.2871	7	4	4	4	324.532	325.927	50.9183	3.49506	1.68484	0.815427	8.41026	44.0336	19.0768	95.5547	1	1	1	1	1	0	0	0
15.08.2015 11:09:30.011000	0.00499988	0	0.00848839	126.031	-668.914	29.2893	7	4	4	4	368.745	328.487	51.0108	3.51086	1.70064	0.815427	8.39878	43.8081	19.0179	94.9169	1	1	1	1	1	0	0	0
15.08.2015 11:09:30.111000	0.00499988	0	0.00848839	126.031	-668.914	29.2886	7	4	4	4	275.204	332.129	51.0969	3.49703	1.68681	0.833306	8.35977	43.866	18.982	95.2759	1	1	1	1	1	0	0	0
15.08.2015 11:09:30.211000	0.00499988	0	0.00848839	126.031	-668.914	29.2893	7	4	4	4	337.146	336.853	51.1849	3.64009	1.82987	0.869608	8.39256	44.0425	18.9468	96.0866	1	1	1	1	1	0	0	0
15.08.2015 11:09:30.311000	0.00499988	0	0.00848839	126.031	-668.914	29.2864	7	4	4	4	359.999	342.66	51.2739	3.8111	2.00088	0.869608	8.40744	43.3099	18.8883	93.5054	1	1	1	1	1	0	0	0
15.08.2015 11:09:30.411000	0.00499988	0	0.00848839	126.039	-668.914	29.2822	7	4	4	4	393.674	349.549	51.3689	3.8926	2.08238	0.894521	8.38602	43.7471	18.8164	95.4544	1	1	1	1	1	0	0	0
15.08.2015 11:09:30.511000	0.00499988	0	0.00848839	126.039	-668.914	29.277	7	4	4	4	412.122	357.52	51.4595	3.85828	2.04805	0.91113	8.36231	43.5815	18.7661	95.0129	1	1	1	1	1	0	0	0
15.08.2015 11:09:30.611000	0.00499988	0	0.00848839	126.039	-668.914	29.2746	7	4	4	4	326.819	366.574	51.554	3.77156	1.96134	0.91113	8.38725	43.3475	18.7337	94.2415	1	1	1	1	1	0	0	0
15.08.2015 11:09:30.711000	0.00499988	0	0.00848839	126.039	-668.914	29.2745	7	4	4	4	310.322	376.71	51.643	3.86615	2.05593	0.920187	8.40258	43.519	18.7092	94.9919	1	1	1	1	1	0	0	0
15.08.2015 11:09:30.811000	0.00499988	0	0.00848839	126.039	-668.914	29.266	7	4	4	4	392.757	387.929	51.736	4.2154	2.40518	0.921194	8.43069	43.3271	18.6522	94.475	1	1	1	1	1	0	0	0
15.08.2015 11:09:30.911000	0.00499988	0	0.00848839	126.039	-668.914	29.248	7	4	4	4	348.768	400.229	51.8415	4.58121	2.77099	0.944083	8.39072	43.1264	18.556	94.0749	1	1	1	1	1	0	0	0
15.08.2015 11:09:31.011000	0.00499988	0	0.00848839	126.039	-668.914	29.2394	7	4	4	4	485.435	413.612	51.9574	5.00424	3.19401	0.983057	8.39198	42.4239	18.3764	92.073	1	1	1	1	1	0	0	0
15.08.2015 11:09:31.111000	0.00499988	0	0.00848839	126.042	-668.914	29.2357	7	4	4	4	435.068	428.076	52.0788	5.26528	3.45506	1.04474	8.38099	42.8877	18.1859	94.5783	1	1	1	1	1	0	0	0
15.08.2015 11:09:31.211000	0.00499988	0	0.00848839	126.039	-668.914	29.235	7	4	4	4	423.955	443.623	52.2071	5.52641	3.71619	1.19577	8.35386	43.2737	18.0052	96.7479	1	1	1	1	1	0	0	0
15.08.2015 11:09:31.311000	0.00499988	0	0.00848839	126.042	-668.914	29.2372	7	4	4	4	448.622	460.252	52.3389	5.90099	4.09076	1.23998	8.36903	43.5984	17.7992	98.7799	1	1	1	1	1	0	0	0
15.08.2015 11:09:31.411000	0.00499988	0	0.00848839	126.043	-668.914	29.2383	7	4	4	4	494.775	477.963	52.4842	6.26815	4.45793	1.30912	8.33735	41.8969	17.5447	93.2396	1	1	1	1	1	0	0	0
15.08.2015 11:09:31.511000	0.00499988	0	0.00848839	126.042	-668.914	29.2433	7	4	4	4	559.576	496.758	52.6364	6.59082	4.7806	1.44727	8.35882	42.673	17.2812	97.22	1	1	1	1	1	0	0	0
15.08.2015 11:09:31.611000	0.00499988	0	0.00848839	126.039	-668.914	29.2453	7	4	4	4	526.433	516.635	52.7935	6.81561	5.00539	1.50566	8.36045	41.5783	17.0414	93.9471	1	1	1	1	1	0	0	0
15.08.2015 11:09:31.711000	0.00499988	0	0.00848839	126.042	-668.914	29.2502	7	4	4	4	508.226	537.594	52.9527	7.09053	5.28031	1.55443	8.3826	42.0042	16.8271	96.3981	1	1	1	1	1	0	0	0
15.08.2015 11:09:31.811000	0.00499988	0	0.00848839	126.043	-668.914	29.2524	7	4	4	4	453.141	559.635	53.1179	7.56927	5.75905	1.59716	8.3455	41.2638	16.5971	94.4437	1	1	1	1	1	0	0	0
15.08.2015 11:09:31.911000	0.00499988	0	0.00848839	126.044	-668.914	29.2571	7	4	4	4	577.588	582.757	53.2979	8.34366	6.53344	1.67446	8.35061	40.9859	16.3045	94.5005	1	1	1	1	1	0	0	0
15.08.2015 11:09:32.011000	0.00499988	0	0.00848839	126.039	-668.914	29.2611	7	4	4	4	565.871	606.96	53.4999	9.14438	7.33415	1.84207	8.294	40.5769	15.9488	94.2962	1	1	1	1	1	0	0	0
15.08.2015 11:09:32.111000	0.00499988	0	0.00848839	126.044	-668.914	29.2632	7	4	4	4	490.055	632.247	53.7173	10.0688	8.25857	2.09007	8.32531	39.9626	15.5684	93.4004	1	1	1	1	1	0	0	0
15.08.2015 11:09:32.211000	0.00499988	0	0.00848839	126.043	-668.914	29.2665	7	4	4	4	691.493	658.616	53.9565	11.2136	9.4034	2.25208	8.34055	39.735	15.1405	94.1677	1	1	1	1	1	0	0	0
15.08.2015 11:09:32.311000	0.00499988	0	0.00848839	126.044	-668.914	29.2687	7	4	4	4	585.629	686.07	54.2201	12.2742	10.4639	2.51411	8.28644	39.1812	14.7354	93.5981	1	1	1	1	1	0	0	0
15.08.2015 11:09:32.411000	0.00499988	0	0.00848839	126.043	-668.914	29.2708	7	4	4	4	729.65	714.605	54.5047	13.3945	11.5843	2.78066	8.2652	38.7647	14.3266	93.5687	1	1	1	1	1	0	0	0
15.08.2015 11:09:32.511000	0.00499988	0	0.00848839	126.044	-668.914	29.2697	7	4	4	4	642.426	744.222	54.8076	14.445	12.6348	3.00495	8.24541	38.4318	14.0185	93.4588	1	1	1	1	1	0	0	0
15.08.2015 11:09:32.611000	0.00499988	0	0.00848839	126.047	-668.914	29.2735	7	4	4	4	675.321	774.922	55.1294	15.6812	13.871	3.14397	8.28027	38.1383	13.7483	93.3843	1	1	1	1	1	0	0	0
15.08.2015 11:09:32.711000	0.00499988	0	0.00848839	126.044	-668.914	29.2741	7	4	4	4	727.698	806.713	55.4796	17.1192	15.309	3.43604	8.31955	37.852	13.5052	93.2191	1	1	1	1	1	0	0	0
15.08.2015 11:09:32.811000	0.00499988	0	0.00848839	126.043	-668.914	29.2757	7	4	4	4	792.478	839.57	55.8611	18.5671	16.7569	3.7521	8.27374	37.6304	13.2996	93.1576	1	1	1	1	1	0	0	0
15.08.2015 11:09:32.911000	0.00499988	0	0.00848839	126.039	-668.914	29.2777	7	4	4	4	826.392	873.521	56.264	19.9225	18.1123	4.02209	8.23411	37.5392	13.2271	93.0863	1	1	1	1	1	0	0	0
15.08.2015 11:09:33.011000	0.00499988	0	0.00848839	126.047	-668.914	29.2801	7	4	4	4	813.865	908.555	56.6903	21.2751	19.4649	4.24913	8.16876	37.5441	13.2999	92.826	1	1	1	1	1	0	0	0
15.08.2015 11:09:33.111000	0.00499988	0	0.00848839	126.042	-668.914	29.2831	7	4	4	4	850.035	944.663	57.143	22.7712	20.9613	4.51861	8.18605	37.7255	13.4942	92.7528	1	1	1	1	1	0.01	0	0.01
15.08.2015 11:09:33.211000	0.00499988	0	0.00848839	126.047	-668.914	29.2817	7	4	4	4	1108.88	324	57.7394	23.8254	0	13.1868	8.23235	47.7507	14.0286	127.003	1	1	1	1	1	1	0	1
15.08.2015 11:09:33.311000	0.00499988	0	0.00848839	126.057	-668.885	29.281	7	4	4	4	3216.32	324	61.6988	23.8254	0	84.3651	7.52257	106.373	11.9442	361.56	1	1	1	1	1	1	0.68	1
15.08.2015 11:09:33.411000	0.00499988	0	0.0106097	126.016	-668.887	27.8489	7	4	4	4	232.922	324	62.1774	23.8254	0	83.4595	5.18359	111.281	0.707602	423.365	1	1	1	1	1	1	1	1
15.08.2015 11:09:33.511000	0.00499988	0	0.0127311	125.951	-668.919	23.9685	7	4	4	4	10.0995	324	62.1774	18.8221	0	83.4595	3.49378	128.308	0.72573	488.488	1	1	1	1	1	1	1	0.79
15.08.2015 11:09:33.611000	0.00499988	0	0.0127311	125.953	-668.918	19.515	7	4	4	4	2.37359	324	62.1774	0	0	83.4595	2.08348	135.367	0.614948	516.145	1	1	1	1	1	1	1	0
15.08.2015 11:09:33.711000	0.00499988	0	0.0127311	125.953	-668.919	15.8608	7	4	4	4	1.02832	324	62.1774	0	0	83.4595	1.58406	134.909	0.610431	514.201	1	1	1	1	1	1	1	0
15.08.2015 11:09:33.811000	0.00499988	0	0.0127311	125.953	-668.914	12.1875	7	4	4	4	0.932409	324	62.1774	0	0	83.4595	1.239	135.289	0.607501	515.669	1	1	1	1	1	1	1	0
15.08.2015 11:09:33.911000	0.00499988	0	0.0127311	125.951	-668.917	10.349	7	4	4	4	0.395988	324	62.1774	0	0	83.4595	0.999421	135.342	0.589984	515.938	1	1	1	1	1	1	1	0
15.08.2015 11:09:34.011000	0.00499988	0	0.0127311	125.813	-668.926	8.26877	7	4	4	4	0.206675	324	62.1774	0	0	83.4595	0.810619	134.903	0.593951	514.244	1	1	1	1	1	1	1	0
15.08.2015 11:09:34.111000	0.00499988	0	0.0127311	125.773	-668.927	7.19871	7	4	4	4	0.224596	324	62.1774	0	0	83.4595	0.716291	134.929	0.586383	514.372	1	1	1	1	1	1	1	0
15.08.2015 11:09:34.211000	0.00499988	0	0.0127311	125.773	-668.941	5.68359	7	4	4	4	0.261616	324	62.1774	0	0	83.4595	0.636285	134.933	0.589984	514.373	1	1	1	1	1	1	1	0
15.08.2015 11:09:34.311000	0.00499988	0	0.0127311	125.773	-668.938	4.96058	7	4	4	4	0.23836	324	62.1774	0	0	30.0136	0.569155	134.598	0.593036	513.078	1	1	1	1	1	1	1	0
15.08.2015 11:09:34.411000	0.00499988	0	0.0127311	125.773	-668.934	4.24479	7	4	4	4	0.219986	324	62.1774	0	0	-0.0496967	0.507668	134.828	0.591083	513.968	1	1	1	1	1	1	1	0
15.08.2015 11:09:34.511000	0.00499988	0	0.0127311	125.771	-668.938	3.76447	7	4	4	4	0.218477	324	62.1774	0	0	-0.0496967	0.471499	134.863	0.592303	514.095	1	1	1	1	1	1	1	0
15.08.2015 11:09:34.611000	0.00499988	0	0.0127311	125.773	-668.93	3.31651	7	4	4	4	0.225811	324	62.1774	0	0	-0.0496967	0.4375	134.701	0.593524	513.47	1	1	1	1	1	1	1	0
15.08.2015 11:09:34.711000	0.00499988	0	0.0127311	125.773	-668.93	2.99732	7	4	4	4	0.261838	324	62.1774	0	0	-0.0496967	0.403935	134.638	0.594195	513.228	1	1	1	1	1	1	1	0
15.08.2015 11:09:34.811000	0.00499988	0	0.0127311	125.773	-668.93	2.31662	7	4	4	4	0.255929	324	62.1774	0	0	-0.0496967	0.378762	134.549	0.594195	512.886	1	1	1	1	1	1	1	0
15.08.2015 11:09:34.911000	0.00499988	0	0.0127311	125.773	-668.93	0.388455	7	4	4	4	0.243899	324	62.1774	0	0	-0.0496967	0.36169	134.521	0.594501	512.778	1	1	1	1	1	1	1	0
15.08.2015 11:09:35.011000	0.00499988	0	0.0127311	125.773	-668.93	0.145399	7	4	4	4	0.230984	324	62.1774	0	0	-0.0496967	0.342303	134.44	0.594317	512.468	1	1	1	1	1	1	1	0
15.08.2015 11:09:35.111000	0.00499988	0	0.0127311	125.773	-668.93	0.126953	7	4	4	4	0.232986	324	62.1774	0	0	-0.0496967	0.324363	134.473	0.593341	512.6	1	1	1	1	1	1	1	0
15.08.2015 11:09:35.211000	0.00499988	0	0.0127311	125.773	-668.93	0.106337	7	4	4	4	0.227873	324	62.1774	0	0	-0.0496967	0.311777	134.414	0.583819	512.407	1	1	1	1	1	1	1	0
15.08.2015 11:09:35.311000	0.00499988	0	0.0127311	125.773	-668.93	0.0904225	7	4	4	4	0.250844	324	62.1774	0	0	-0.0183878	0.30136	134.345	0.593524	512.107	1	1	1	1	1	1	1	0
15.08.2015 11:09:35.411000	0.00499988	0	0.0127311	125.773	-668.93	0.0786675	7	4	4	4	0.283494	324	62.1774	0	0	0	0.289497	134.332	0.587176	512.083	1	1	1	1	1	1	1	0
15.08.2015 11:09:35.511000	0.00499988	0	0.0127311	125.773	-668.93	0.0654659	7	4	4	4	0.247017	324	62.1774	0	0	0	0.280816	134.461	0.590167	512.564	1	1	1	1	1	1	1	0
15.08.2015 11:09:35.611000	0.00499988	0	0.0127311	125.766	-668.93	0.0515408	7	4	4	4	0.240092	324	62.1774	0	0	0	0.280527	134.319	0.597064	511.996	1	1	1	1	1	1	1	0
15.08.2015 11:09:35.711000	0.00499988	0	0.0127311	125.742	-668.904	0.0430411	7	4	4	4	0.250162	324	62.1774	0	0	0	0.281973	134.18	0.59505	511.47	1	1	1	1	1	1	1	0
15.08.2015 11:09:35.811000	0.00499988	0	0.0127311	125.758	-668.445	0.0358073	7	4	4	4	0.246583	324	62.1774	0	0	0	0.28805	134.164	0.597064	511.402	1	1	1	1	1	1	1	0
15.08.2015 11:09:35.911000	0.00499988	0	0.0127311	125.854	-661.367	0.0292969	7	4	4	4	0.227406	324	62.1774	0	0	0	0.290365	134.125	0.595355	511.259	1	1	1	1	1	1	1	0
15.08.2015 11:09:36.011000	0.00499988	0	0.0127311	125.855	-643.27	0.0227865	7	4	4	4	0.235633	324	62.1774	0	0	0	0.294126	133.989	0.592486	510.749	1	1	1	1	1	1	1	0
15.08.2015 11:09:36.111000	0.00499988	0	0.0127311	125.857	-621.57	0.0166377	7	4	4	4	0.24426	324	62.1774	0	0	0	0.295862	134.085	0.591449	511.12	1	1	1	1	1	1	1	0
15.08.2015 11:09:36.211000	0.00499988	0	0.0127311	125.859	-592.172	0.0135634	7	4	4	4	0.226921	324	62.1774	0	0	0	0.29919	134.053	0.594073	510.986	1	1	1	1	1	1	1	0
15.08.2015 11:09:36.311000	0.00499988	0	0.0127311	125.859	-555.513	0.00868056	7	4	4	4	0.238059	324	62.1774	0	0	0	0.300637	133.979	0.59682	510.694	1	1	1	1	1	1	1	0
15.08.2015 11:09:36.411000	0.00499988	0	0.0127311	125.859	-521.691	0.00651042	7	4	4	4	0.241883	324	62.1774	0	0	0	0.302228	134.039	0.597797	510.921	1	1	1	1	1	1	1	0
15.08.2015 11:09:36.511000	0.00499988	0	0.0127311	125.859	-484.169	0.00434028	7	4	4	4	0.250952	324	62.1774	0	0	0	0.303675	133.927	0.598895	510.486	1	1	1	1	1	1	1	0
15.08.2015 11:09:36.611000	0.00499988	0	0.0127311	125.859	-434.582	0.00379774	7	4	4	4	0.252619	324	62.1774	0	0	0	0.30353	134.001	0.598651	510.773	1	1	1	1	1	1	1	0
15.08.2015 11:09:36.711000	0.00499988	0	0.0127311	125.859	-383.716	0.00253183	7	4	4	4	0.266273	324	62.1774	0	0	0	0.304688	133.981	0.596332	510.705	1	1	1	1	1	1	1	0
15.08.2015 11:09:36.811000	0.00499988	0	0.0127311	125.859	-341.391	0.00325521	7	4	4	4	0.268256	324	62.1774	0	0	0	0.304253	133.792	0.594073	509.99	1	1	1	1	1	1	1	0
15.08.2015 11:09:36.911000	0.00499988	0	0.0127311	125.859	-298.974	0.00108507	7	4	4	4	0.266774	324	62.1774	0	0	0	0.304832	133.849	0.598529	510.189	1	1	1	1	1	1	1	0
15.08.2015 11:09:37.011000	0.00499988	0	0.0127311	125.859	-240.977	0.0016276	7	4	4	4	0.267046	324	62.1774	0	0	0	0.303675	133.842	0.596088	510.172	1	1	1	1	1	1	1	0
15.08.2015 11:09:37.111000	0.00499988	0	0.0127311	125.862	-199.255	0.00325521	7	4	4	4	0.261568	324	62.1774	0	0	0	0.304543	133.82	0.599384	510.076	1	1	1	1	1	1	1	0
15.08.2015 11:09:37.211000	0.00499988	0	0.0127311	125.867	-157.672	0.00325521	7	4	4	4	0.253172	324	62.1774	0	0	0	0.303241	133.719	0.599567	509.688	1	1	1	1	1	1	1	0
15.08.2015 11:09:37.311000	0.00499988	0	0.0127311	125.87	-110.828	0.00289352	7	4	4	4	0.282081	324	62.1774	0	0	0	0.30353	133.73	0.597674	509.738	1	1	1	1	1	1	1	0
15.08.2015 11:09:37.411000	0.00499988	0	0.0127311	125.875	-58.2109	0.00271267	7	4	4	4	0.275837	324	62.1774	0	0	0	0.302951	133.754	0.599139	509.824	1	1	1	1	1	1	1	0
15.08.2015 11:09:37.511000	0.00499988	0	0.0127311	125.875	-17.3438	0.00108507	7	4	4	4	0.265393	324	62.1774	0	0	0	0.302951	133.668	0.600604	509.49	1	1	1	1	1	1	1	0
15.08.2015 11:09:37.611000	0.00499988	0	0.0127311	125.875	24.0625	0.000542535	7	4	4	4	0.250397	324	62.1774	0	0	0	0.302951	133.624	0.602374	509.312	1	1	1	1	1	1	1	0
15.08.2015 11:09:37.711000	0.00499988	0	0.0127311	125.875	75.8802	0.00072338	7	4	4	4	0.259974	324	62.1774	0	0	0	0.303241	133.653	0.603351	509.422	1	1	1	1	1	1	1	0
15.08.2015 11:09:37.811000	0.00499988	0	0.0127311	125.875	122.844	0.0016276	7	4	4	4	0.242753	324	62.1774	0	0	0	0.304543	133.617	0.603839	509.279	1	1	1	1	1	1	1	0
15.08.2015 11:09:37.911000	0.00499988	0	0.0127311	125.875	163.776	0.00108507	7	4	4	4	0.251084	324	62.1774	0	0	0	0.303675	133.57	0.601642	509.11	1	1	1	1	1	1	1	0
15.08.2015 11:09:38.011000	0.00499988	0	0.0127311	125.875	204.477	0.000542535	7	4	4	4	0.248371	324	62.1774	0	0	0	0.304688	133.539	0.601825	508.989	1	1	1	1	1	1	1	0
15.08.2015 11:09:38.111000	0.00499988	0	0.0127311	125.878	256.104	0.00072338	7	4	4	4	0.25132	324	62.1774	0	0	0	0.304109	133.515	0.600543	508.902	1	1	1	1	1	1	1	0
15.08.2015 11:09:38.211000	0.00499988	0	0.0127311	125.883	302.441	0.00108507	7	4	4	4	0.261169	324	62.1774	0	0	0	0.305411	133.482	0.601764	508.773	1	1	1	1	1	1	1	0
15.08.2015 11:09:38.311000	0.00499988	0	0.0127311	125.883	343.352	0.00072338	7	4	4	4	0.261326	324	62.1774	0	0	0	0.304543	133.439	0.600299	508.612	1	1	1	1	1	1	1	0
15.08.2015 11:09:38.411000	0.00499988	0	0.0127311	125.883	384.082	0.00271267	7	4	4	4	0.250824	324	62.1774	0	0	0	0.305411	133.429	0.603046	508.564	1	1	1	1	1	1	1	0
15.08.2015 11:09:38.511000	0.00499988	0	0.0127311	125.883	441.372	0.00470197	7	4	4	4	0.249762	324	62.1774	0	0	0	0.305122	133.477	0.603107	508.747	1	1	1	1	1	1	1	0
15.08.2015 11:09:38.611000	0.00499988	0	0.0127311	125.883	481.93	0.00488281	7	4	4	4	0.259445	324	62.1774	0	0	0	0.305845	133.418	0.603961	508.517	1	1	1	1	1	1	1	0
15.08.2015 11:09:38.711000	0.00499988	0	0.0127311	125.883	523.164	0.00614873	7	4	4	4	0.27218	324	62.1774	0	0	0	0.305845	133.334	0.602435	508.201	1	1	1	1	1	1	1	0
15.08.2015 11:09:38.811000	0.00499988	0	0.0127311	125.883	569.672	0.00651042	7	4	4	4	0.266	324	62.1774	0	0	0	0.306279	133.33	0.605548	508.176	1	1	1	1	1	1	1	0
15.08.2015 11:09:38.911000	0.00499988	0	0.0127311	125.883	607.542	0.00614873	7	4	4	4	0.269516	324	62.1774	0	0	0	0.307436	133.36	0.605914	508.29	1	1	1	1	1	1	1	0
15.08.2015 11:09:39.011000	0.00499988	0	0.0127311	125.883	633.242	0.00705295	7	4	4	4	0.243679	324	62.1774	0	0	0	0.306713	133.388	0.607807	508.389	1	1	1	1	1	1	1	0
15.08.2015 11:09:39.111000	0.00499988	0	0.0127311	125.885	653.07	0.0036169	7	4	4	4	0.270124	324	62.1774	0	0	0	0.307292	133.223	0.606586	507.762	1	1	1	1	1	1	1	0
15.08.2015 11:09:39.211000	0.00499988	0	0.0127311	125.887	670.238	0.00325521	7	4	4	4	0.267801	324	62.1774	0	0	0	0.306858	133.274	0.604877	507.964	1	1	1	1	1	1	1	0
15.08.2015 11:09:39.311000	0.00499988	0	0.0127311	125.891	673.081	0.00289352	7	4	4	4	0.248795	324	62.1774	0	0	0	0.308015	133.202	0.604327	507.69	1	1	1	1	1	1	1	0
15.08.2015 11:09:39.411000	0.00499988	0	0.0127311	125.887	674.832	0.00271267	7	4	4	4	0.255367	324	62.1774	0	0	0	0.306568	133.168	0.605853	507.556	1	1	1	1	1	1	1	0
15.08.2015 11:09:39.511000	0.00499988	0	0.0127311	125.875	675.008	0.00289352	7	4	4	4	0.267173	324	62.1774	0	0	0	0.307147	133.179	0.606525	507.594	1	1	1	1	1	1	1	0
15.08.2015 11:09:39.611000	0.00499988	0	0.0127311	125.855	675	0.00379774	7	4	4	4	0.240053	324	62.1774	0	0	0	0.307292	133.111	0.609333	507.323	1	1	1	1	1	1	1	0
15.08.2015 11:09:39.711000	0.00499988	0	0.0127311	125.857	675.016	0.00578704	7	4	4	4	0.240401	324	62.1774	0	0	0	0.307292	133.083	0.603595	507.238	1	1	1	1	1	1	1	0
15.08.2015 11:09:39.811000	0.00499988	0	0.0127311	125.801	675.023	0.00651042	7	4	4	4	0.260575	324	62.1774	0	0	0	0.307292	133.076	0.59975	507.224	1	1	1	1	1	1	1	0
15.08.2015 11:09:39.911000	0.00499988	0	0.0127311	125.622	675.016	0.00542535	7	4	4	4	0.276247	324	62.1774	0	0	0	0.307002	133.065	0.600604	507.178	1	1	1	1	1	1	1	0
15.08.2015 11:09:40.011000	0.00499988	0	0.0127311	125.77	675.078	0.00434028	7	4	4	4	0.26235	324	62.1774	0	0	0	0.30816	133.006	0.601276	506.949	1	1	1	1	1	1	1	0
15.08.2015 11:09:40.111000	0.00499988	0	0.0127311	125.729	675.036	0.00434028	7	4	4	4	0.266904	324	62.1774	0	0	0	0.307292	132.996	0.60213	506.908	1	1	1	1	1	1	1	0
15.08.2015 11:09:40.211000	0.00499988	0	0.0127311	125.742	675.047	0.00271267	7	4	4	4	0.243264	324	62.1774	0	0	0	0.307581	132.974	0.604694	506.816	1	1	1	1	1	1	1	0
15.08.2015 11:09:40.311000	0.00499988	0	0.0127311	125.745	675.016	0.00325521	7	4	4	4	0.245313	324	62.1774	0	0	0	0.307292	132.953	0.606037	506.729	1	1	1	1	1	1	1	0
15.08.2015 11:09:40.411000	0.00499988	0	0.0127311	125.75	675.02	0.00434028	7	4	4	4	0.252319	324	62.1774	0	0	0	0.307581	132.942	0.607257	506.685	1	1	1	1	1	1	1	0
15.08.2015 11:09:40.511000	0.00499988	0	0.0127311	125.755	675.021	0.00434028	7	4	4	4	0.241597	324	62.1774	0	0	0	0.306424	132.91	0.607257	506.562	1	1	1	1	1	1	1	0
15.08.2015 11:09:40.611000	0.00499988	0	0.0127311	125.754	674.992	0.00271267	7	4	4	4	0.261185	324	62.1774	0	0	0	0.306568	132.904	0.607685	506.536	1	1	1	1	1	1	1	0
15.08.2015 11:09:40.711000	0.00499988	0	0.0127311	125.766	674.992	0.00325521	7	4	4	4	0.271507	324	62.1774	0	0	0	0.306858	132.892	0.609394	506.483	1	1	1	1	1	1	1	0
15.08.2015 11:09:40.811000	0.00499988	0	0.0127311	125.766	675.035	0.00434028	7	4	4	4	0.253987	324	62.1774	0	0	0	0.306424	132.826	0.606525	506.243	1	1	1	1	1	1	1	0
15.08.2015 11:09:40.911000	0.00499988	0	0.0127311	125.766	675.049	0.00253183	7	4	4	4	0.246503	324	62.1774	0	0	0	0.306134	132.94	0.608051	506.671	1	1	1	1	1	1	1	0
15.08.2015 11:09:41.011000	0.00499988	0	0.0127311	125.766	675.012	0.00108507	7	4	4	4	0.25214	324	62.1774	0	0	0	0.3057	132.797	0.610492	506.114	1	1	1	1	1	1	1	0
15.08.2015 11:09:41.111000	0.00499988	0	0.0127311	125.766	675.146	0.00108507	7	4	4	4	0.262787	324	62.1774	0	0	0	0.306568	132.769	0.607501	506.018	1	1	1	1	1	1	1	0
15.08.2015 11:09:41.211000	0.00499988	0	0.0127311	125.766	675.133	0.0016276	7	4	4	4	0.269366	324	62.1774	0	0	0	0.3057	132.764	0.6086	505.995	1	1	1	1	1	1	1	0
15.08.2015 11:09:41.311000	0.00499988	0	0.0127311	125.771	675.091	0.00108507	7	4	4	4	0.26381	324	62.1774	0	0	0	0.30599	132.718	0.605976	505.829	1	1	1	1	1	1	1	0
15.08.2015 11:09:41.411000	0.00499988	0	0.0127311	125.773	675.078	0.000542535	7	4	4	4	0.2741	324	62.1774	0	0	0	0.304688	132.708	0.604938	505.796	1	1	1	1	1	1	1	0
15.08.2015 11:09:41.511000	0.00499988	0	0.0127311	125.771	675.068	0.00144676	7	4	4	4	0.25535	324	62.1774	0	0	0	0.305556	132.691	0.607257	505.722	1	1	1	1	1	1	1	0
15.08.2015 11:09:41.611000	0.00499988	0	0.0127311	125.773	675.063	0.00108507	7	4	4	4	0.271799	324	62.1774	0	0	0	0.304109	132.661	0.60622	505.613	1	1	1	1	1	1	1	0
15.08.2015 11:09:41.711000	0.00499988	0	0.0127311	125.773	675.047	0.00144676	7	4	4	4	0.265805	324	62.1774	0	0	0	0.304398	132.627	0.605914	505.483	1	1	1	1	1	1	1	0
15.08.2015 11:09:41.811000	0.00499988	0	0.0127311	125.773	675.031	0.00108507	7	4	4	4	0.261828	324	62.1774	0	0	0	0.304398	132.64	0.607685	505.526	1	1	1	1	1	1	1	0
15.08.2015 11:09:41.911000	0.00499988	0	0.0127311	125.773	675.023	0.00144676	7	4	4	4	0.24637	324	62.1774	0	0	0	0.304109	132.587	0.608051	505.322	1	1	1	1	1	1	1	0
15.08.2015 11:09:42.011000	0.00499988	0	0.0127311	125.773	675.02	0.00108507	7	4	4	4	0.262643	324	62.1774	0	0	0	0.304253	132.584	0.607013	505.314	1	1	1	1	1	1	1	0
15.08.2015 11:09:42.111000	0.00499988	0	0.0127311	125.773	675.016	0.00144676	7	4	4	4	0.28786	324	62.1774	0	0	0	0.303385	132.555	0.608295	505.198	1	1	1	1	1	1	1	0
15.08.2015 11:09:42.211000	0.00499988	0	0.0127311	125.773	675.02	0.00108507	7	4	4	4	0.257132	324	62.1774	0	0	0	0.304109	132.564	0.608356	505.232	1	1	1	1	1	1	1	0
15.08.2015 11:09:42.311000	0.00499988	0	0.0127311	125.773	675.016	0.00108507	7	4	4	4	0.246262	324	62.1774	0	0	0	0.30353	132.531	0.609333	505.102	1	1	1	1	1	1	1	0
15.08.2015 11:09:42.411000	0.00499988	0	0.0127311	125.773	675.008	0.000542535	7	4	4	4	0.261022	324	62.1774	0	0	0	0.303964	132.506	0.607929	505.011	1	1	1	1	1	1	1	0
15.08.2015 11:09:42.511000	0.00499988	0	0.0127311	125.773	675.021	0.00144676	7	4	4	4	0.243893	324	62.1774	0	0	0	0.303385	132.473	0.607624	504.887	1	1	1	1	1	1	1	0
15.08.2015 11:09:42.611000	0.00499988	0	0.0127311	125.773	675	0.00108507	7	4	4	4	0.257289	324	62.1774	0	0	0	0.304688	132.448	0.606891	504.793	1	1	1	1	1	1	1	0
15.08.2015 11:09:42.711000	0.00499988	0	0.0127311	125.773	675	0.00180845	7	4	4	4	0.261097	324	62.1774	0	0	0	0.30353	132.454	0.608844	504.808	1	1	1	1	1	1	1	0
15.08.2015 11:09:42.811000	0.00499988	0	0.0127311	125.773	675	0.000542535	7	4	4	4	0.251444	324	62.1774	0	0	0	0.303964	132.406	0.60976	504.622	1	1	1	1	1	1	1	0
15.08.2015 11:09:42.911000	0.00499988	0	0.0127311	125.773	675	0.00072338	7	4	4	4	0.254373	324	62.1774	0	0	0	0.303964	132.336	0.609149	504.357	1	1	1	1	1	1	1	0
15.08.2015 11:09:43.011000	0.00499988	0	0.0127311	125.773	674.996	0.00108507	7	4	4	4	0.265341	324	62.1774	0	0	0	0.303964	132.394	0.610126	504.576	1	1	1	1	1	1	1	0
15.08.2015 11:09:43.111000	0.00499988	0	0.0127311	125.773	674.992	0.00289352	7	4	4	4	0.272077	324	62.1774	0	0	0	0.303964	132.361	0.612323	504.438	1	1	1	1	1	1	1	0
15.08.2015 11:09:43.211000	0.00499988	0	0.0127311	125.773	674.992	0.00325521	7	4	4	4	0.272286	324	62.1774	0	0	0	0.30353	132.315	0.612384	504.259	1	1	1	1	1	1	1	0
15.08.2015 11:09:43.311000	0.00499988	0	0.0127311	125.773	674.984	0.00325521	7	4	4	4	0.256823	324	62.1774	0	0	0	0.304398	132.287	0.610126	504.165	1	1	1	1	1	1	1	0
15.08.2015 11:09:43.411000	0.00499988	0	0.0127311	125.773	674.984	0.00325521	7	4	4	4	0.266819	324	62.1774	0	0	0	0.303385	132.277	0.612323	504.116	1	1	1	1	1	1	1	0
15.08.2015 11:09:43.511000	0.00499988	0	0.0127311	125.773	674.984	0.00253183	7	4	4	4	0.270654	324	62.1774	0	0	0	0.303675	132.27	0.612995	504.089	1	1	1	1	1	1	1	0
15.08.2015 11:09:43.611000	0.00499988	0	0.0127311	125.773	674.984	0.00434028	7	4	4	4	0.268662	324	62.1774	0	0	0	0.303241	132.238	0.611835	503.971	1	1	1	1	1	1	1	0
15.08.2015 11:09:43.711000	0.00499988	0	0.0127311	125.773	674.984	0.00470197	7	4	4	4	0.250364	324	62.1774	0	0	0	0.303819	132.181	0.613727	503.743	1	1	1	1	1	1	1	0
15.08.2015 11:09:43.811000	0.00499988	0	0.0127311	125.773	674.98	0.00542535	7	4	4	4	0.252702	324	62.1774	0	0	0	0.302676	132.159	0.611408	503.685	1	1	1	1	1	1	1	0
15.08.2015 11:09:43.911000	0.00499988	0	0.0127311	125.773	674.966	0.00434028	7	4	4	4	0.260773	324	62.1774	0	0	0	0.302648	132.197	0.613112	503.84	1	1	1	1	1	1	1	0
15.08.2015 11:09:44.011000	0.00499988	0	0.0127311	125.773	674.969	0.00325521	7	4	4	4	0.257461	324	62.1774	0	0	0	0.302814	132.147	0.610981	503.636	1	1	1	1	1	1	1	0
15.08.2015 11:09:44.111000	0.00499988	0	0.0127311	125.773	674.961	0.00289352	7	4	4	4	0.263983	324	62.1774	0	0	0	0.302214	132.143	0.61057	503.589	1	1	1	1	1	1	1	0
15.08.2015 11:09:44.211000	0.00499988	0	0.0127311	125.773	674.961	0.00325521	7	4	4	4	0.254292	324	62.1774	0	0	0	0.302091	132.138	0.613788	503.573	1	1	1	1	1	1	1	0
15.08.2015 11:09:44.311000	0.00499988	0	0.0127311	125.773	674.961	0.00289352	7	4	4	4	0.245672	324	62.1774	0	0	0	0.301801	132.14	0.614948	503.594	1	1	1	1	1	1	1	0
15.08.2015 11:09:44.411000	0.00499988	0	0.0127311	125.773	674.961	0.00271267	7	4	4	4	0.270686	324	62.1774	0	0	0	0.303385	132.045	0.614032	503.222	1	1	1	1	1	1	1	0
15.08.2015 11:09:44.511000	0.00499988	0	0.0127311	125.773	674.969	0.00325521	7	4	4	4	0.252918	324	62.1774	0	0	0	0.302525	132.065	0.613727	503.299	1	1	1	1	1	1	1	0
15.08.2015 11:09:44.611000	0.00499988	0	0.0127311	125.77	674.984	0.00434028	7	4	4	4	0.256766	324	62.1774	0	0	0	0.304109	132.026	0.613056	503.153	1	1	1	1	1	1	1	0
15.08.2015 11:09:44.711000	0.00499988	0	0.0127311	125.773	674.984	0.00289352	7	4	4	4	0.270665	324	62.1774	0	0	0	0.304123	132.02	0.611713	503.137	1	1	1	1	1	1	1	0
15.08.2015 11:09:44.811000	0.00499988	0	0.0127311	125.773	674.984	0.00108507	7	4	4	4	0.263613	324	62.1774	0	0	0	0.304673	132.005	0.614215	503.068	1	1	1	1	1	1	1	0
15.08.2015 11:09:44.911000	0.00499988	0	0.0127311	125.773	674.99	0.00289352	7	4	4	4	0.283415	324	62.1774	0	0	0	0.304709	131.994	0.613788	503.029	1	1	1	1	1	1	1	0
15.08.2015 11:09:45.011000	0.00499988	0	0.0127311	125.773	674.996	0.00325521	7	4	4	4	0.278535	324	62.1774	0	0	0	0.305107	131.995	0.614582	503.03	1	1	1	1	1	1	1	0
15.08.2015 11:09:45.111000	0.00499988	0	0.0127311	125.773	675	0.00289352	7	4	4	4	0.252427	324	62.1774	0	0	0	0.305715	131.92	0.614154	502.745	1	1	1	1	1	1	1	0
15.08.2015 11:09:45.211000	0.00499988	0	0.0127311	125.773	675	0.00271267	7	4	4	4	0.262994	324	62.1774	0	0	0	0.305396	131.932	0.61684	502.778	1	1	1	1	1	1	1	0
15.08.2015 11:09:45.311000	0.00499988	0	0.0127311	125.773	674.997	0.00253183	7	4	4	4	0.243919	324	62.1774	0	0	0	0.305997	131.901	0.615925	502.665	1	1	1	1	1	1	1	0
15.08.2015 11:09:45.411000	0.00499988	0	0.0127311	125.773	675	0.00271267	7	4	4	4	0.252142	324	62.1774	0	0	0	0.305418	131.921	0.615009	502.743	1	1	1	1	1	1	1	0
15.08.2015 11:09:45.511000	0.00499988	0	0.0127311	125.773	675	0.00072338	7	4	4	4	0.259067	324	62.1774	0	0	0	0.306865	131.856	0.615253	502.496	1	1	1	1	1	1	1	0
15.08.2015 11:09:45.611000	0.00499988	0	0.0127311	125.773	675	0.000542535	7	4	4	4	0.264601	324	62.1774	0	0	0	0.306424	131.817	0.612384	502.355	1	1	1	1	1	1	1	0
15.08.2015 11:09:45.711000	0.00499988	0	0.0127311	125.773	675.005	0.00108507	7	4	4	4	0.251436	324	62.1774	0	0	0	0.306706	131.84	0.612445	502.444	1	1	1	1	1	1	1	0
15.08.2015 11:09:45.811000	0.00499988	0	0.0127311	125.773	675.02	0.00108507	7	4	4	4	0.266364	324	62.1774	0	0	0	0.3057	131.776	0.615253	502.188	1	1	1	1	1	1	1	0
15.08.2015 11:09:45.911000	0.00499988	0	0.0127311	125.773	675.026	0.00108507	7	4	4	4	0.258844	324	62.1774	0	0	0	0.305679	131.762	0.61391	502.14	1	1	1	1	1	1	1	0
15.08.2015 11:09:46.011000	0.00499988	0	0.0127311	125.773	675.031	0.00325521	7	4	4	4	0.24988	324	62.1774	0	0	0	0.304261	131.753	0.614704	502.102	1	1	1	1	1	1	1	0
15.08.2015 11:09:46.111000	0.00499988	0	0.0127311	125.773	675.031	0.00325521	7	4	4	4	0.255015	324	62.1774	0	0	0	0.303957	131.776	0.614704	502.192	1	1	1	1	1	1	1	0
15.08.2015 11:09:46.211000	0.00499988	0	0.0127311	125.773	675.051	0.00271267	7	4	4	4	0.26846	324	62.1774	0	0	0	0.304123	131.775	0.615802	502.181	1	1	1	1	1	1	1	0
15.08.2015 11:09:46.311000	0.00499988	0	0.0127311	125.773	675.063	0.00325521	7	4	4	4	0.280362	324	62.1774	0	0	0	0.303798	131.658	0.614093	501.742	1	1	1	1	1	1	1	0
15.08.2015 11:09:46.411000	0.00499988	0	0.0127311	125.77	675.031	0.00271267	7	4	4	4	0.291682	324	62.1774	0	0	0	0.303841	131.711	0.61153	501.955	1	1	1	1	1	1	1	0
15.08.2015 11:09:46.511000	0.00499988	0	0.0127311	125.664	675.076	0.00325521	7	4	4	4	0.254797	324	62.1774	0	0	0	0.304405	131.672	0.612873	501.799	1	1	1	1	1	1	1	0
15.08.2015 11:09:46.611000	0.00499988	0	0.0127311	125.625	675.07	0.00325521	7	4	4	4	0.256213	324	62.1774	0	0	0	0.306279	131.618	0.613788	501.589	1	1	1	1	1	1	1	0
15.08.2015 11:09:46.711000	0.00499988	0	0.0127311	125.625	675.065	0.00036169	7	4	4	4	0.251778	324	62.1774	0	0	0	0.305997	131.63	0.617328	501.623	1	1	1	1	1	1	1	0
15.08.2015 11:09:46.811000	0.00499988	0	0.0127311	125.625	675.074	0.00271267	7	4	4	4	0.26041	324	62.1774	0	0	0	0.307154	131.548	0.617695	501.306	1	1	1	1	1	1	1	0
15.08.2015 11:09:46.911000	0.00499988	0	0.0127311	125.625	675.055	0.00108507	7	4	4	4	0.268495	324	62.1774	0	0	0	0.30774	131.553	0.615009	501.335	1	1	1	1	1	1	1	0
15.08.2015 11:09:47.011000	0.00499988	0	0.0127311	125.625	675.063	0.00271267	7	4	4	4	0.292918	324	62.1774	0	0	0	0.309172	131.585	0.611408	501.472	1	1	1	1	1	1	1	0
15.08.2015 11:09:47.111000	0.00499988	0	0.0127311	125.615	675.13	0.00325521	7	4	4	4	0.264838	324	62.1774	0	0	0	0.309483	131.564	0.612812	501.388	1	1	1	1	1	1	1	0
15.08.2015 11:09:47.211000	0.00499988	0	0.0127311	125.617	675.094	0.00217014	7	4	4	4	0.259336	324	62.1774	0	0	0	0.311053	131.558	0.61507	501.355	1	1	1	1	1	1	1	0
15.08.2015 11:09:47.311000	0.00499988	0	0.0127311	125.62	675.099	0.00289352	7	4	4	4	0.261412	324	62.1774	0	0	0	0.311943	131.515	0.61745	501.181	1	1	1	1	1	1	1	0
15.08.2015 11:09:47.411000	0.00499988	0	0.0127311	125.621	675.094	0.00217014	7	4	4	4	0.26344	324	62.1774	0	0	0	0.312493	131.521	0.61684	501.205	1	1	1	1	1	1	1	0
15.08.2015 11:09:47.511000	0.00499988	0	0.0127311	125.625	675.104	0.00072338	7	4	4	4	0.262145	324	62.1774	0	0	0	0.313383	131.484	0.618976	501.058	1	1	1	1	1	1	1	0
15.08.2015 11:09:47.611000	0.00499988	0	0.0127311	125.617	675.125	0.00108507	7	4	4	4	0.248494	324	62.1774	0	0	0	0.314099	131.466	0.617084	500.995	1	1	1	1	1	1	1	0
15.08.2015 11:09:47.711000	0.00499988	0	0.0127311	125.62	675.102	0.00072338	7	4	4	4	0.257719	324	62.1774	0	0	0	0.315835	131.455	0.617695	500.95	1	1	1	1	1	1	1	0
15.08.2015 11:09:47.811000	0.00499988	0	0.0127311	125.625	675.102	0.000542535	7	4	4	4	0.289919	324	62.1774	0	0	0	0.315104	131.431	0.618122	500.855	1	1	1	1	1	1	1	0
15.08.2015 11:09:47.911000	0.00499988	0	0.0127311	125.625	675.094	0.00036169	7	4	4	4	0.297653	324	62.1774	0	0	0	0.316855	131.421	0.619526	500.813	1	1	1	1	1	1	1	0
15.08.2015 11:09:48.011000	0.00499988	0	0.0127311	125.625	675.102	0.00108507	7	4	4	4	0.255606	324	62.1774	0	0	0	0.317296	131.405	0.619037	500.755	1	1	1	1	1	1	1	0
15.08.2015 11:09:48.111000	0.00499988	0	0.0127311	125.625	675.089	0.00108507	7	4	4	4	0.24331	324	62.1774	0	0	0	0.318714	131.414	0.619098	500.788	1	1	1	1	1	1	1	0
15.08.2015 11:09:48.211000	0.00499988	0	0.0127311	125.621	675.086	0.00108507	7	4	4	4	0.227421	324	62.1774	0	0	0	0.318439	131.351	0.62093	500.539	1	1	1	1	1	1	1	0
15.08.2015 11:09:48.311000	0.00499988	0	0.0127311	125.625	675.089	0.00217014	7	4	4	4	0.234049	324	62.1774	0	0	0	0.319589	131.365	0.623432	500.583	1	1	1	1	1	1	1	0
15.08.2015 11:09:48.411000	0.00499988	0	0.0127311	125.625	675.094	0.00271267	7	4	4	4	0.246608	324	62.1774	0	0	0	0.319604	131.329	0.623188	500.447	1	1	1	1	1	1	1	0
15.08.2015 11:09:48.511000	0.00499988	0	0.0127311	125.625	675.086	0.00434028	7	4	4	4	0.235465	324	62.1774	0	0	0	0.319725	131.329	0.618328	500.464	1	1	1	1	1	1	1	0
