Time	[76:0]	[76:1]	[76:2]	[76:4]	[76:8]	[76:70]	[76:71]	[78:0]	[78:1]	[78:2]	[79:2]	[79:3]	[79:4]	[79:8]	[79:9]	[79:10]	[79:11]	[79:12]	[79:13]	[79:14]	[79.0]	[79.1]	[79.2]	[79.3]	[79.4]	[79.5]	[79.6]	[79.8]
time	Hoogteverstelling - Referentie positie (mm)	Hoogteverstelling - AZ gemeten positie (mm)	Hoogteverstelling - BZ gemeten positie (mm)	Transfert Ingang - Gemeten positie (mm)	Transfert Uitgang - Gemeten positie (mm)	Aardgas - actueel debiet	Stappenschakelaar - gemeten pos	Laspos Ing - positie discreet	Laspos Uitg - positie discreet	Schaafverstelling - positie discreet	Stuikraam - Totale Stroommeting RMS-waarde (A)	Stuikraam - Stroomreferentie (A)	Stuikraam - Positie AZ (mm, pulsgever)	Stuikraam - Referentie Servo-ventiel (%)	Stuikraam - Trim door I-regelaar (%)	Stuikraam - Gemeten snelheid (mm/s, pulsgever)	Secundaire lasspanning	Stuikraam - Druk stuikcilinder voorkamer (=laszijde)  (bar)	Stuikraam - Druk stuikcilinder terugloopkamer  (bar)	Stuikraam - Netto voorwaartse kracht op stuikraam (kN)	Stuikraam - P1	Stuikraam - P2	Stuikraam - P3	Stuikraam - P4	Stuikraam - P5	Stuikraam - P6	Stuikraam - P7	Stuikraam - Openen stuikventielen	

Lasparameter.Ingang - Coil ID	0324092S
Lasparameter.Ingang - Dikte (um)	4030
Lasparameter.Ingang - Breedte (mm)	1607
Lasparameter.Ingang - Materiaal	0002
Lasparameter.Uitgang - Coil ID	0324094S
Lasparameter.Uitgang - Dikte (um)	3690
Lasparameter.Uitgang - Breedte (mm)	1493
Lasparameter.Uitgang - Materiaal	0002
Lasparameter.P2 (mm)	24.0
Lasparameter.P3 (mm)	34.0
Lasparameter.P4 (mm)	42.2
Lasparameter.P5 (mm)	50.3
Lasparameter.P6 (mm)	56.7
Lasparameter.P7 (mm)	62.2
Lasparameter.Vonksnelheid (mm/s)	1.20
Lasparameter.Lassnelheid (mm/s)	0.48
Lasparameter.Stroom Referentie (A)	0268
Lasparameter.Stroomtoename (µA/s2)	65.0
Lasparameter.Stuikstroomtijd (per)	0008
Lasparameter.Afkoeltijd Stuik (per)	0150
Lasparameter.Stuikdruk (bar)	0106
Lasparameter.Stuiksnelheid (%)	90.0

14.08.2015 21:27:30.940000	-0.17	-0.175101	-0.174781	126.664	-669.195	0	7	4	4	4	0.354977	268	0	0	0	0	0.222258	4.63771	130.022	-480.071	1	0	0	0	0	0	0	0
14.08.2015 21:27:31.040000	-0.17	-0.175101	-0.174781	126.664	-669.195	0.00108507	7	4	4	4	0.360482	268	0	0	0	0	0.220812	4.63192	130.023	-480.097	1	0	0	0	0	0	0	0
14.08.2015 21:27:31.140000	-0.17	-0.175101	-0.174781	126.664	-669.195	0.00108507	7	4	4	4	0.373979	268	0	0	0	0	0.221607	4.6368	130.026	-480.092	1	0	0	0	0	0	0	0
14.08.2015 21:27:31.240000	-0.17	-0.175101	-0.174781	126.664	-669.199	0.00108507	7	4	4	4	0.367817	268	0	0	0	0	0.221861	4.60701	130.026	-480.206	1	0	0	0	0	0	0	0
14.08.2015 21:27:31.340000	-0.17	-0.175101	-0.174781	126.664	-669.195	-0.00108507	7	4	4	4	0.328633	268	0	0	0	0	0.222295	4.64089	130.022	-480.061	1	0	0	0	0	0	0	0
14.08.2015 21:27:31.440000	-0.17	-0.175101	-0.174781	126.664	-669.195	-0.00108507	7	4	4	4	0.362611	268	0	0	0	0	0.222548	4.62813	130.024	-480.114	1	0	0	0	0	0	0	0
14.08.2015 21:27:31.540000	-0.17	-0.175101	-0.174781	126.664	-669.195	-0.00108507	7	4	4	4	0.381497	268	0	0	0	0	0.221716	4.63033	130.026	-480.116	1	0	0	0	0	0	0	0
14.08.2015 21:27:31.640000	-0.17	-0.175101	-0.174781	126.664	-669.195	-0.00217014	7	4	4	4	0.384751	268	0	0	0	0	0.223958	4.58608	130.024	-480.278	1	0	0	0	0	0	0	0
14.08.2015 21:27:31.740000	-0.17	-0.175101	-0.174781	126.664	-669.195	-0.00108507	7	4	4	4	0.378195	268	0	0	0	0	0.222331	4.69619	130.022	-479.849	1	0	0	0	0	0	0	0
14.08.2015 21:27:31.840000	-0.17	-0.175101	-0.174781	126.664	-669.195	-0.0016276	7	4	4	4	0.394003	268	0	0	0	0	0.223705	4.68764	130.021	-479.878	1	0	0	0	0	0	0	0
14.08.2015 21:27:31.940000	-0.17	-0.175101	-0.174781	126.664	-669.195	0.00072338	7	4	4	4	0.367243	268	0	0	0	0	0.222186	4.62777	130.021	-480.105	1	0	0	0	0	0	0	0
14.08.2015 21:27:32.040000	-0.17	-0.175101	-0.174781	126.664	-669.195	0	7	4	4	4	0.387158	268	0	0	0	0	0.224175	4.65011	130.02	-480.017	1	0	0	0	0	0	0	0
14.08.2015 21:27:32.140000	-0.17	-0.175101	-0.174781	126.664	-669.195	0.00072338	7	4	4	4	0.384571	268	0	0	0	0	0.223199	4.74807	130.016	-479.626	1	0	0	0	0	0	0	0
14.08.2015 21:27:32.240000	-0.17	-0.175101	-0.174781	126.664	-669.195	0.000542535	7	4	4	4	0.379338	268	0	0	0	0	0.223199	4.60518	130.019	-480.185	1	0	0	0	0	0	0	0
14.08.2015 21:27:32.340000	-0.17	-0.175101	-0.174781	126.664	-669.195	0.00108507	7	4	4	4	0.390481	268	0	0	0	0	0.223018	4.65059	130.019	-480.012	1	0	0	0	0	0	0	0
14.08.2015 21:27:32.440000	-0.17	-0.175101	-0.174781	126.664	-669.199	0.00108507	7	4	4	4	0.387335	268	0	0	0	0	0.223452	4.69662	130.025	-479.859	1	0	0	0	0	0	0	0
14.08.2015 21:27:32.540000	-0.17	-0.175101	-0.174781	126.664	-669.195	0.00108507	7	4	4	4	0.353668	268	0	0	0	0	0.224067	4.618	130.02	-480.138	1	0	0	0	0	0	0	0
14.08.2015 21:27:32.640000	-0.17	-0.175101	-0.174781	126.664	-669.195	0	7	4	4	4	0.358839	268	0	0	0	0	0.222584	4.58748	130.02	-480.257	1	0	0	0	0	0	0	0
14.08.2015 21:27:32.740000	-0.17	-0.175101	-0.174781	126.664	-669.195	0.00217014	7	4	4	4	0.366361	268	0	0	0	0	0.22479	4.66384	130.023	-479.976	1	0	0	0	0	0	0	0
14.08.2015 21:27:32.840000	-0.17	-0.175101	-0.174781	126.664	-669.199	-0.00108507	7	4	4	4	0.361088	268	0	0	0	0	0.222837	4.62496	130.023	-480.125	1	0	0	0	0	0	0	0
14.08.2015 21:27:32.940000	-0.17	-0.175101	-0.174781	126.664	-669.198	0	7	4	4	4	0.368269	268	0	0	0	0	0.224682	4.62105	130.022	-480.137	1	0	0	0	0	0	0	0
14.08.2015 21:27:33.040000	-0.17	-0.175101	-0.174781	126.664	-669.195	-0.00108507	7	4	4	4	0.378053	268	0	0	0	0	0.222439	4.66604	130.022	-479.961	1	0	0	0	0	0	0	0
14.08.2015 21:27:33.140000	-0.17	-0.175101	-0.174781	126.664	-669.198	-0.00144676	7	4	4	4	0.372282	268	0	0	0	0	0.224284	4.62624	130.027	-480.135	1	0	0	0	0	0	0	0
14.08.2015 21:27:33.240000	-0.17	-0.175101	-0.174781	126.664	-669.195	-0.00108507	7	4	4	4	0.373925	268	0	0	0	0	0.222078	4.64101	130.026	-480.076	1	0	0	0	0	0	0	0
14.08.2015 21:27:33.340000	-0.17	-0.175101	-0.174781	126.664	-669.198	-0.00072338	7	4	4	4	0.363149	268	0	0	0	0	0.222331	4.62502	130.025	-480.13	1	0	0	0	0	0	0	0
14.08.2015 21:27:33.440000	-0.17	-0.175101	-0.174781	126.664	-669.199	0.000542535	7	4	4	4	0.385054	268	0	0	0	0	0.222114	4.65151	130.023	-480.022	1	0	0	0	0	0	0	0
14.08.2015 21:27:33.540000	-0.17	-0.175101	-0.174781	126.664	-669.195	0.00036169	7	4	4	4	0.37958	268	0	0	0	0	0.222946	4.64968	130.025	-480.036	1	0	0	0	0	0	0	0
14.08.2015 21:27:33.640000	-0.17	-0.175101	-0.174781	126.664	-669.199	0.000542535	7	4	4	4	0.385106	268	0	0	0	0	0.223705	4.64773	130.022	-480.033	1	0	0	0	0	0	0	0
14.08.2015 21:27:33.740000	-0.17	-0.175101	-0.174781	126.664	-669.195	0.00036169	7	4	4	4	0.37707	268	0	0	0	0	0.222512	4.64913	130.022	-480.027	1	0	0	0	0	0	0	0
14.08.2015 21:27:33.840000	-0.17	-0.175101	-0.174781	126.664	-669.195	0.00108507	7	4	4	4	0.358541	268	0	0	0	0	0.223669	4.64205	130.023	-480.058	1	0	0	0	0	0	0	0
14.08.2015 21:27:33.940000	-0.17	-0.175101	-0.174781	126.664	-669.195	0.00108507	7	4	4	4	0.345747	268	0	0	0	0	0.222909	4.64986	130.024	-480.034	1	0	0	0	0	0	0	0
14.08.2015 21:27:34.040000	-0.17	-0.175101	-0.174781	126.664	-669.199	-0.00108507	7	4	4	4	0.379199	268	0	0	0	0	0.224175	4.65041	130.02	-480.014	1	0	0	0	0	0	0	0
14.08.2015 21:27:34.140000	-0.17	-0.175101	-0.174781	126.664	-669.195	-0.00108507	7	4	4	4	0.309356	268	0	0	0	0	0.22139	4.64309	130.021	-480.048	1	0	0	0	0	0	0	0
14.08.2015 21:27:34.240000	-0.17	-0.175101	-0.174781	126.664	-669.195	-0.0016276	7	4	4	4	0.240712	268	0	0	0	0	0.223922	4.65572	130.024	-480.009	1	0	0	0	0	0	0	0
14.08.2015 21:27:34.340000	-0.17	-0.175101	-0.174781	126.664	-669.198	-0.00108507	7	4	4	4	0.251022	268	0	0	0	0	0.221137	4.64766	130.03	-480.063	1	0	0	0	0	0	0	0
14.08.2015 21:27:34.440000	-0.17	-0.175101	-0.174781	126.664	-669.195	-0.0016276	7	4	4	4	0.240803	268	0	0	0	0	0.222765	4.64376	130.028	-480.07	1	0	0	0	0	0	0	0
14.08.2015 21:27:34.540000	-0.17	-0.175101	-0.174781	126.664	-669.198	-0.00108507	7	4	4	4	0.255859	268	0	0	0	0	0.221065	4.64748	130.024	-480.042	1	0	0	0	0	0	0	0
14.08.2015 21:27:34.640000	-0.17	-0.175101	-0.174781	126.664	-669.199	-0.0016276	7	4	4	4	0.250928	268	0	0	0	0	0.222512	4.63991	130.025	-480.075	1	0	0	0	0	0	0	0
14.08.2015 21:27:34.740000	-0.17	-0.175101	-0.174781	126.664	-669.195	-0.00325521	7	4	4	4	0.251532	268	0	0	0	0	0.221029	4.63759	130.027	-480.091	1	0	0	0	0	0	0	0
14.08.2015 21:27:34.840000	-0.17	-0.175101	-0.174781	126.664	-669.195	-0.00325521	7	4	4	4	0.257737	268	0	0	0	0	0.221029	4.65584	130.024	-480.011	1	0	0	0	0	0	0	0
14.08.2015 21:27:34.940000	-0.17	-0.175101	-0.174781	126.664	-669.201	-0.00253183	7	4	4	4	0.255661	268	0	0	0	0	0.22139	4.65304	130.025	-480.025	1	0	0	0	0	0	0	0
14.08.2015 21:27:35.040000	-0.17	-0.175101	-0.174781	126.664	-669.199	-0.00325521	7	4	4	4	0.246924	268	0	0	0	0	0.221029	4.6509	130.033	-480.063	1	0	0	0	0	0	0	0
14.08.2015 21:27:35.140000	-0.17	-0.175101	-0.174781	126.664	-669.201	-0.00217014	7	4	4	4	0.238589	268	0	0	0	0	0.221861	4.64754	130.029	-480.06	1	0	0	0	0	0	0	0
14.08.2015 21:27:35.240000	-0.17	-0.175101	-0.174781	126.664	-669.195	-0.00108507	7	4	4	4	0.245924	268	0	0	0	0	0.219871	4.64522	130.033	-480.085	1	0	0	0	0	0	0	0
14.08.2015 21:27:35.340000	-0.17	-0.175101	-0.174781	126.664	-669.198	-0.00144676	7	4	4	4	0.225987	268	0	0	0	0	0.222005	4.65304	130.032	-480.052	1	0	0	0	0	0	0	0
14.08.2015 21:27:35.440000	-0.17	-0.175101	-0.174781	126.664	-669.203	-0.00108507	7	4	4	4	0.237423	268	0	0	0	0	0.219835	4.6426	130.028	-480.077	1	0	0	0	0	0	0	0
14.08.2015 21:27:35.540000	-0.17	-0.175101	-0.174781	126.664	-669.203	-0.00144676	7	4	4	4	0.239437	268	0	0	0	0	0.221318	4.65102	130.025	-480.031	1	0	0	0	0	0	0	0
14.08.2015 21:27:35.640000	-0.17	-0.175101	-0.174781	126.664	-669.203	-0.00217014	7	4	4	4	0.234684	268	0	0	0	0	0.219546	4.64876	130.029	-480.056	1	0	0	0	0	0	0	0
14.08.2015 21:27:35.740000	-0.17	-0.175101	-0.174781	126.664	-669.195	-0.00325521	7	4	4	4	0.220534	268	0	0	0	0	0.22139	4.63399	130.026	-480.103	1	0	0	0	0	0	0	0
14.08.2015 21:27:35.840000	-0.17	-0.175101	-0.174781	126.664	-669.199	-0.00434028	7	4	4	4	0.230254	268	0	0	0	0	0.219365	4.67208	130.03	-479.969	1	0	0	0	0	0	0	0
14.08.2015 21:27:35.940000	-0.17	-0.175101	-0.174781	126.664	-669.203	-0.00434028	7	4	4	4	0.234162	268	0	0	0	0	0.22045	4.65664	130.027	-480.019	1	0	0	0	0	0	0	0
14.08.2015 21:27:36.040000	-0.17	-0.175101	-0.174781	126.664	-669.203	-0.00596788	7	4	4	4	0.229559	268	0	0	0	0	0.219944	4.64663	130.025	-480.05	1	0	0	0	0	0	0	0
14.08.2015 21:27:36.140000	-0.17	-0.175101	-0.174781	126.664	-669.203	-0.00651042	7	4	4	4	0.230527	268	0	0	0	0	0.219835	4.64461	130.031	-480.079	1	0	0	0	0	0	0	0
14.08.2015 21:27:36.240000	-0.17	-0.175101	-0.174781	126.664	-669.203	-0.00542535	7	4	4	4	0.234366	268	0	0	0	0	0.220088	4.65938	130.031	-480.024	1	0	0	0	0	0	0	0
14.08.2015 21:27:36.340000	-0.17	-0.175101	-0.174781	126.664	-669.203	-0.00470197	7	4	4	4	0.252184	268	0	0	0	0	0.218641	4.64095	130.029	-480.085	1	0	0	0	0	0	0	0
14.08.2015 21:27:36.440000	-0.17	-0.175101	-0.174781	126.664	-669.203	-0.00217014	7	4	4	4	0.227518	268	0	0	0	0	0.220414	4.6495	130.03	-480.056	1	0	0	0	0	0	0	0
14.08.2015 21:27:36.540000	-0.17	-0.175101	-0.174781	126.664	-669.203	-0.00108507	7	4	4	4	0.239731	268	0	0	0	0	0.218316	4.65712	130.028	-480.021	1	0	0	0	0	0	0	0
14.08.2015 21:27:36.640000	-0.17	-0.175101	-0.174781	126.664	-669.199	0	7	4	4	4	0.246626	268	0	0	0	0	0.220088	4.64705	130.035	-480.084	1	0	0	0	0	0	0	0
14.08.2015 21:27:36.740000	-0.17	-0.175101	-0.174781	126.664	-669.203	-0.00072338	7	4	4	4	0.238939	268	0	0	0	0	0.218316	4.63454	130.041	-480.155	1	0	0	0	0	0	0	0
14.08.2015 21:27:36.840000	-0.17	-0.175101	-0.174781	126.664	-669.203	0.00108507	7	4	4	4	0.235008	268	0	0	0	0	0.22045	4.65297	130.036	-480.065	1	0	0	0	0	0	0	0
14.08.2015 21:27:36.940000	-0.17	-0.175101	-0.174781	126.664	-669.203	0.00072338	7	4	4	4	0.235549	268	0	0	0	0	0.21875	4.65889	130.035	-480.039	1	0	0	0	0	0	0	0
14.08.2015 21:27:37.040000	-0.17	-0.175101	-0.174781	126.664	-669.203	0.0016276	7	4	4	4	0.221829	268	0	0	0	0	0.218859	4.65517	130.027	-480.025	1	0	0	0	0	0	0	0
14.08.2015 21:27:37.140000	-0.17	-0.175101	-0.174781	126.664	-669.203	0.00072338	7	4	4	4	0.248107	268	0	0	0	0	0.21951	4.64534	130.03	-480.071	1	0	0	0	0	0	0	0
14.08.2015 21:27:37.240000	-0.17	-0.175101	-0.174781	126.664	-669.203	0.000542535	7	4	4	4	0.247774	268	0	0	0	0	0.219148	4.69448	130.034	-479.901	1	0	0	0	0	0	0	0
14.08.2015 21:27:37.340000	-0.17	-0.175101	-0.174781	126.664	-669.203	0.00108507	7	4	4	4	0.246727	268	0	0	0	0	0.220305	4.56117	130.034	-480.41	1	0	0	0	0	0	0	0
14.08.2015 21:27:37.440000	-0.17	-0.175101	-0.174781	126.664	-669.203	0.000542535	7	4	4	4	0.227482	268	0	0	0	0	0.217954	4.85702	130.031	-479.266	1	0	0	0	0	0	0	0
14.08.2015 21:27:37.540000	-0.17	-0.175101	-0.174781	126.664	-669.201	-0.00144676	7	4	4	4	0.228754	268	0	0	0	0	0.220124	4.61751	130.03	-480.18	1	0	0	0	0	0	0	0
14.08.2015 21:27:37.640000	-0.17	-0.175101	-0.174781	126.664	-669.203	-0.0016276	7	4	4	4	0.221402	268	0	0	0	0	0.218497	4.76864	130.032	-479.607	1	0	0	0	0	0	0	0
14.08.2015 21:27:37.740000	-0.17	-0.175101	-0.174781	126.664	-669.203	0.00072338	7	4	4	4	0.235658	268	0	0	0	0	0.220052	4.56752	130.028	-480.362	1	0	0	0	0	0	0	0
14.08.2015 21:27:37.840000	-0.17	-0.175101	-0.174781	126.664	-669.203	0.00108507	7	4	4	4	0.247384	268	0	0	0	0	0.217556	4.59529	130.032	-480.272	1	0	0	0	0	0	0	0
14.08.2015 21:27:37.940000	-0.17	-0.175101	-0.174781	126.664	-669.203	-0.00036169	7	4	4	4	0.236279	268	0	0	0	0	0.219654	4.66323	130.029	-480.001	1	0	0	0	0	0	0	0
14.08.2015 21:27:38.040000	-0.17	-0.175101	-0.174781	126.664	-669.203	0	7	4	4	4	0.245885	268	0	0	0	0	0.217629	4.76013	130.027	-479.781	1	0	0	0	0	0	0	0
14.08.2015 21:27:38.140000	-0.17	-0.175101	-0.174781	126.664	-669.203	0.00036169	7	4	4	4	0.255648	268	0	0	0	0	0.218388	4.60012	130.034	-480.154	1	0	0	0	0	0	0	0
14.08.2015 21:27:38.240000	-0.17	-0.175101	-0.174781	126.664	-669.203	0.000542535	7	4	4	4	0.259684	268	0	0	0	0	0.218099	4.69253	130.032	-480.022	1	0	0	0	0	0	0	0
14.08.2015 21:27:38.340000	-0.17	-0.175101	-0.174781	126.664	-669.201	-0.00144676	7	4	4	4	0.253624	268	0	0	0	0	0.217954	4.59096	130.028	-480.305	1	0	0	0	0	0	0	0
14.08.2015 21:27:38.440000	-0.17	-0.175101	-0.174781	126.664	-669.203	-0.00325521	7	4	4	4	0.249458	268	0	0	0	0	0.21849	4.59526	130.032	-480.271	1	0	0	0	0	0	0	0
14.08.2015 21:27:38.540000	-0.17	-0.175101	-0.174781	126.664	-669.203	-0.00434028	7	4	4	4	0.239582	268	0	0	0	0	0.216782	4.68406	130.034	-479.858	1	0	0	0	0	0	0	0
14.08.2015 21:27:38.640000	-0.17	-0.175101	-0.174781	126.664	-669.203	-0.00434028	7	4	4	4	0.238317	268	0	0	0	0	0.21917	4.68502	130.038	-479.953	1	0	0	0	0	0	0	0
14.08.2015 21:27:38.740000	-0.17	-0.175101	-0.174781	126.664	-669.203	-0.00434028	7	4	4	4	0.239414	268	0	0	0	0	0.21726	4.65285	130.038	-480.076	1	0	0	0	0	0	0	0
14.08.2015 21:27:38.840000	-0.17	-0.175101	-0.174781	126.664	-669.203	-0.00434028	7	4	4	4	0.234114	268	0	0	0	0	0.218909	4.45125	130.038	-480.845	1	0	0	0	0	0	0	0
14.08.2015 21:27:38.940000	-0.17	-0.175101	-0.174781	126.664	-669.203	-0.00542535	7	4	4	4	0.224504	268	0	0	0	0	0.216276	4.58052	130.04	-480.361	1	0	0	0	0	0	0	0
14.08.2015 21:27:39.040000	-0.17	-0.175101	-0.174781	126.664	-669.203	-0.00651042	7	4	4	4	0.24196	268	0	0	0	0	0.219097	4.66189	130.036	-480.031	1	0	0	0	0	0	0	0
14.08.2015 21:27:39.140000	-0.17	-0.175101	-0.174781	126.664	-669.203	-0.00759549	7	4	4	4	0.23321	268	0	0	0	0	0.217289	4.63808	130.035	-480.119	1	0	0	0	0	0	0	0
14.08.2015 21:27:39.240000	-0.17	-0.175101	-0.174781	126.664	-669.203	-0.00705295	7	4	4	4	0.247426	268	0	0	0	0	0.2182	4.66701	130.041	-480.031	1	0	0	0	0	0	0	0
14.08.2015 21:27:39.340000	-0.17	-0.175101	-0.174781	126.664	-669.203	-0.00506366	7	4	4	4	0.243448	268	0	0	0	0	0.216652	4.66591	129.98	-479.804	1	0	0	0	0	0	0	0
14.08.2015 21:27:39.440000	-0.17	-0.175101	-0.174781	126.664	-669.195	-0.00434028	7	4	4	4	0.243856	268	0	0	0	0	0.217665	4.66634	129.727	-478.834	1	0	0	0	0	0	0	0
14.08.2015 21:27:39.540000	-0.17	-0.175101	-0.174781	126.664	-669.203	-0.00180845	7	4	4	4	0.245663	268	0	0	0	0	0.217231	6.06659	125.149	-455.944	1	0	0	0	0	0	0	0
14.08.2015 21:27:39.640000	-0.17	-0.175101	-0.174781	126.664	-669.203	-0.0016276	7	4	4	4	0.243615	268	0.00298451	0	0	0	0.216609	27.6387	113.707	-329.538	1	0	0	0	0	0	0	0
14.08.2015 21:27:39.740000	-0.17	-0.175101	-0.174781	126.685	-669.201	0	7	4	4	4	0.24456	268	0.824223	0	0	16.0224	0.217376	113.546	88.2833	96.7248	1	0	0	0	0	0	0	0
14.08.2015 21:27:39.840000	-0.17	-0.175101	-0.174781	126.859	-669.203	0	7	4	4	4	0.243381	268	3.95796	0	0	34.9187	0.216652	110.737	84.2316	101.483	1	0	0	0	0	0	0	0
14.08.2015 21:27:39.940000	-0.17	-0.175101	-0.174781	126.953	-669.203	0.00108507	7	4	4	4	0.241362	268	7.46526	0	0	35.5264	0.218403	111.434	85.0787	100.909	1	0	0	0	0	0	0	0
14.08.2015 21:27:40.040000	-0.17	-0.175101	-0.174781	126.953	-669.203	0.000542535	7	4	4	4	0.252397	268	11.0477	0	0	35.9491	0.215712	114.762	88.6663	99.9166	1	0	0	0	0	0	0	0
14.08.2015 21:27:40.140000	-0.17	-0.175101	-0.174781	126.953	-669.211	0.00108507	7	4	4	4	0.254537	268	14.645	0	0	35.9445	0.217737	118.603	92.7503	98.9847	1	0	0	0	0	0	0	0
14.08.2015 21:27:40.240000	-0.17	-0.175101	-0.174781	126.953	-669.211	0.000542535	7	4	4	4	0.256533	268	18.217	0	0	35.8496	0.215799	120.684	95.0922	97.9877	1	0	0	0	0	0	0	0
14.08.2015 21:27:40.340000	-0.17	-0.175101	-0.174781	126.953	-669.214	0.00036169	7	4	4	4	0.250735	268	21.7491	0	0	35.2198	0.217231	121.118	95.6348	97.5684	1	0	0	0	0	0	0	0
14.08.2015 21:27:40.440000	-0.17	-0.175101	-0.174781	126.953	-669.219	0.00108507	7	4	4	4	0.255481	268	25.5231	33.5	0	44.7541	0.215639	117.237	87.7632	112.851	1	0.86	0	0	0	0	0	0
14.08.2015 21:27:40.540000	-0.17	-0.175101	-0.174781	126.953	-669.219	0.00072338	7	4	4	4	0.263911	268	29.9864	50	0	34.9312	0.217853	102.819	84.5705	69.8686	1	1	0	0	0	0	0	0
14.08.2015 21:27:40.640000	-0.17	-0.175101	-0.174781	126.953	-669.227	0	7	4	4	4	0.259971	268	31.8592	46.2591	0	13.7472	0.21684	78.3805	54.5095	91.3972	1	1	0	0	0	0	0	0
14.08.2015 21:27:40.740000	-0.17	-0.175101	-0.174781	126.953	-669.255	0.00072338	7	4	4	4	0.246758	268	32.9256	36.3502	0	10.0922	0.216942	58.5721	34.2994	92.9351	1	1	0	0	0	0	0	0
14.08.2015 21:27:40.840000	-0.17	-0.175101	-0.174781	126.953	-669.258	0.00108507	7	4	4	4	0.230831	268	33.7141	26.3503	0	7.66807	0.217376	50.9243	26.6764	92.8405	1	1	0	0	0	0	0	0
14.08.2015 21:27:40.940000	-0.17	-0.175101	-0.174781	126.953	-669.258	0.00072338	7	4	4	4	50.3186	268	34.1995	10.4215	0	5.34518	0.248394	46.7353	22.6157	92.3488	1	1	1	0	0	0	0	0
14.08.2015 21:27:41.040000	-0.17	-0.175101	-0.174781	126.953	-669.258	-0.000542535	7	4	4	4	91.4165	268	34.3552	5.16824	0	4.22995	5.77332	45.7206	20.7383	95.6523	1	1	1	0	0	0	0	0
14.08.2015 21:27:41.140000	-0.17	-0.175101	-0.174781	126.953	-669.258	0.00036169	7	4	4	4	91.8192	268	34.4801	5.16824	0	1.68055	10.478	44.9742	20.027	95.5177	1	1	1	0	0	0	0	0
14.08.2015 21:27:41.240000	-0.17	-0.175101	-0.174781	126.961	-669.258	0.000542535	7	4	4	4	91.8477	268	34.6064	5.16824	0	1.58367	11.4291	44.5062	19.58	95.4373	1	1	1	0	0	0	0	0
14.08.2015 21:27:41.340000	-0.17	-0.175101	-0.174781	126.953	-669.26	0.00325521	7	4	4	4	91.8015	268	34.7248	5.16824	0	1.21924	11.7018	43.8938	19.1648	94.6825	1	1	1	0	0	0	0	0
14.08.2015 21:27:41.440000	-0.17	-0.175101	-0.174781	126.961	-669.266	0.00271267	7	4	4	4	91.7248	268	34.8487	5.16824	0	1.21673	11.8089	43.7977	18.7884	95.7556	1	1	1	0	0	0	0	0
14.08.2015 21:27:41.540000	-0.17	-0.175101	-0.174781	126.956	-669.266	0.00289352	7	4	4	4	91.707	268	34.9661	5.16824	0	1.20134	11.8319	43.1537	18.5789	94.0919	1	1	1	0	0	0	0	0
14.08.2015 21:27:41.640000	-0.17	-0.175101	-0.174781	126.957	-669.266	0.00379774	7	4	4	4	91.6451	268	35.0834	5.16824	0	1.201	11.8429	43.4214	18.4433	95.636	1	1	1	0	0	0	0	0
14.08.2015 21:27:41.740000	-0.17	-0.175101	-0.174781	126.956	-669.268	0.00072338	7	4	4	4	91.8161	268	35.2063	5.16824	0	1.16793	11.8549	43.1801	18.3077	95.2317	1	1	1	0	0	0	0	0
14.08.2015 21:27:41.840000	-0.17	-0.175101	-0.174781	126.961	-669.273	0.0016276	7	4	4	4	91.8551	268	35.3197	5.16824	0	1.16793	11.8555	43.1148	18.1988	95.3986	1	1	1	0	0	0	0	0
14.08.2015 21:27:41.940000	-0.17	-0.175101	-0.174781	126.961	-669.273	0	7	4	4	4	91.7952	268	35.4376	5.16824	0	1.17265	11.8564	43.2859	18.1351	96.2974	1	1	1	0	0	0	0	0
14.08.2015 21:27:42.040000	-0.17	-0.175101	-0.174781	126.961	-669.273	0.000542535	7	4	4	4	91.6561	268	35.5545	5.16824	0	1.17323	11.8607	43.2593	18.0924	96.3591	1	1	1	0	0	0	0	0
14.08.2015 21:27:42.140000	-0.17	-0.175101	-0.174781	126.958	-669.273	0.00036169	7	4	4	4	91.6033	268	35.6709	5.16824	0	1.17328	11.8576	44.0137	18.046	99.4252	1	1	1	0	0	0	0	0
14.08.2015 21:27:42.240000	-0.17	-0.175101	-0.174781	126.961	-669.277	0.0016276	7	4	4	4	91.4109	268	35.7873	5.16824	0	1.1733	11.8499	43.3891	18.0193	97.1361	1	1	1	0	0	0	0	0
14.08.2015 21:27:42.340000	-0.17	-0.175101	-0.174781	126.964	-669.281	0.00108507	7	4	4	4	91.4327	268	35.9057	5.16824	0	1.16313	11.8456	43.5683	17.9919	97.9267	1	1	1	0	0	0	0	0
14.08.2015 21:27:42.440000	-0.17	-0.175101	-0.174781	126.961	-669.281	0.0016276	7	4	4	4	91.5282	268	36.0191	5.16824	0	1.15689	11.84	42.8368	17.9992	95.098	1	1	1	0	0	0	0	0
14.08.2015 21:27:42.540000	-0.17	-0.175101	-0.174781	126.961	-669.286	0.00036169	7	4	4	4	91.5395	268	36.138	5.16824	0	1.16502	11.8421	43.0726	18.0143	95.9431	1	1	1	0	0	0	0	0
14.08.2015 21:27:42.640000	-0.17	-0.175101	-0.174781	126.961	-669.289	0.0016276	7	4	4	4	91.4717	268	36.2574	5.16824	0	1.17315	11.8431	42.736	18.0237	94.6182	1	1	1	0	0	0	0	0
14.08.2015 21:27:42.740000	-0.17	-0.175101	-0.174781	126.964	-669.289	0.00072338	7	4	4	4	91.3621	268	36.3718	5.16824	0	1.17312	11.84	43.023	18.0164	95.7451	1	1	1	0	0	0	0	0
14.08.2015 21:27:42.840000	-0.17	-0.175101	-0.174781	126.961	-669.289	0.0016276	7	4	4	4	91.2217	268	36.4946	5.16824	0	1.17307	11.8434	42.956	18.0074	95.5229	1	1	1	0	0	0	0	0
14.08.2015 21:27:42.940000	-0.17	-0.175101	-0.174781	126.964	-669.289	0	7	4	4	4	91.1455	268	36.6105	5.16824	0	1.17803	11.8382	43.054	18.0109	95.8853	1	1	1	0	0	0	0	0
14.08.2015 21:27:43.040000	-0.17	-0.175101	-0.174781	126.965	-669.293	0.00108507	7	4	4	4	91.2532	268	36.7304	5.16824	0	1.19017	11.8419	43.352	18.0031	97.0562	1	1	1	0	0	0	0	0
14.08.2015 21:27:43.140000	-0.17	-0.175101	-0.174781	126.964	-669.297	0.00108507	7	4	4	4	91.2952	268	36.8508	5.16824	0	1.19015	11.8476	42.9733	18.0037	95.6035	1	1	1	0	0	0	0	0
14.08.2015 21:27:43.240000	-0.17	-0.175101	-0.174781	126.965	-669.301	0.00108507	7	4	4	4	91.2242	268	36.9647	5.16824	0	1.19003	11.8609	43.1891	17.9991	96.4474	1	1	1	0	0	0	0	0
14.08.2015 21:27:43.340000	-0.17	-0.175101	-0.174781	126.961	-669.302	0.00072338	7	4	4	4	91.3062	268	37.0856	5.16824	0	1.18868	11.863	43.5187	17.9962	97.7203	1	1	1	0	0	0	0	0
14.08.2015 21:27:43.440000	-0.17	-0.175101	-0.174781	126.969	-669.305	0.000542535	7	4	4	4	91.2879	268	37.2034	5.16824	0	1.17312	11.8699	42.852	18.0001	95.1532	1	1	1	0	0	0	0	0
14.08.2015 21:27:43.540000	-0.17	-0.175101	-0.174781	126.964	-669.305	0.00144676	7	4	4	4	91.2184	268	37.3188	5.16824	0	1.17312	11.8687	42.4568	18.0019	93.633	1	1	1	0	0	0	0	0
14.08.2015 21:27:43.640000	-0.17	-0.175101	-0.174781	126.969	-669.305	0.00108507	7	4	4	4	91.2676	268	37.4412	5.16824	0	1.18421	11.8735	43.722	18.0045	98.4675	1	1	1	0	0	0	0	0
14.08.2015 21:27:43.740000	-0.17	-0.175101	-0.174781	126.966	-669.305	0.00072338	7	4	4	4	91.2745	268	37.5561	5.16824	0	1.18443	11.8773	43.8211	18.0107	98.8229	1	1	1	0	0	0	0	0
14.08.2015 21:27:43.840000	-0.17	-0.175101	-0.174781	126.969	-669.305	0.00108507	7	4	4	4	91.3094	268	37.675	5.16824	0	1.18945	11.8714	42.8597	18.0165	95.1198	1	1	1	0	0	0	0	0
14.08.2015 21:27:43.940000	-0.17	-0.175101	-0.174781	126.966	-669.305	0.00108507	7	4	4	4	91.3462	268	37.7959	5.16824	0	1.19007	11.8756	43.6529	18.0231	98.1317	1	1	1	0	0	0	0	0
14.08.2015 21:27:44.040000	-0.17	-0.175101	-0.174781	126.969	-669.305	0.00108507	7	4	4	4	91.2771	268	37.9108	5.16824	0	1.18567	11.8716	43.3033	18.0253	96.7841	1	1	1	0	0	0	0	0
14.08.2015 21:27:44.140000	-0.17	-0.175101	-0.174781	126.969	-669.31	0.00144676	7	4	4	4	91.0892	268	38.0317	5.16824	0	1.1845	11.8636	43.1845	18.0298	96.3123	1	1	1	0	0	0	0	0
14.08.2015 21:27:44.240000	-0.17	-0.175101	-0.174781	126.965	-669.309	0.00325521	7	4	4	4	91.0447	268	38.1495	5.16824	0	1.18437	11.8526	43.3919	18.0353	97.0854	1	1	1	0	0	0	0	0
14.08.2015 21:27:44.340000	-0.17	-0.175101	-0.174781	126.969	-669.307	0.00325521	7	4	4	4	91.0278	268	38.2664	5.16824	0	1.18432	11.8448	42.8104	18.041	94.8372	1	1	1	0	0	0	0	0
14.08.2015 21:27:44.440000	-0.17	-0.175101	-0.174781	126.969	-669.313	0.00434028	7	4	4	4	91.0451	268	38.3878	5.16824	0	1.18113	11.8365	42.5668	18.0449	93.8896	1	1	1	0	0	0	0	0
14.08.2015 21:27:44.540000	-0.17	-0.175101	-0.174781	126.969	-669.31	0.00578704	7	4	4	4	91.1107	268	38.5042	5.16824	0	1.17882	11.8331	43.2965	18.0466	96.6769	1	1	1	0	0	0	0	0
14.08.2015 21:27:44.640000	-0.17	-0.175101	-0.174781	126.969	-669.316	0.00596788	7	4	4	4	91.117	268	38.6221	5.16824	0	1.18734	11.8324	43.2538	18.0439	96.5236	1	1	1	0	0	0	0	0
14.08.2015 21:27:44.740000	-0.17	-0.175101	-0.174781	126.969	-669.32	0.00470197	7	4	4	4	91.0395	268	38.7425	5.16824	0	1.19586	11.8343	42.7551	18.0461	94.6056	1	1	1	0	0	0	0	0
14.08.2015 21:27:44.840000	-0.17	-0.175101	-0.174781	126.969	-669.32	0.00108507	7	4	4	4	91.0457	268	38.8603	5.16824	0	1.19585	11.8266	43.2976	18.0422	96.6979	1	1	1	0	0	0	0	0
14.08.2015 21:27:44.940000	-0.17	-0.175101	-0.174781	126.969	-669.32	0.00072338	7	4	4	4	90.9708	268	38.9837	5.16824	0	1.19583	11.8254	43.5873	18.0419	97.808	1	1	1	0	0	0	0	0
14.08.2015 21:27:45.040000	-0.17	-0.175101	-0.174781	126.969	-669.32	-0.000542535	7	4	4	4	90.9411	268	39.1006	5.16824	0	1.19218	11.8157	43.4021	18.0377	97.1151	1	1	1	0	0	0	0	0
14.08.2015 21:27:45.140000	-0.17	-0.175101	-0.174781	126.969	-669.32	-0.00108507	7	4	4	4	90.891	268	39.221	5.16824	0	1.18442	11.8149	43.8824	18.0415	98.9396	1	1	1	0	0	0	0	0
14.08.2015 21:27:45.240000	-0.17	-0.175101	-0.174781	126.969	-669.32	-0.0016276	7	4	4	4	90.7993	268	39.3409	5.16824	0	1.18714	11.8078	42.7583	18.0565	94.5783	1	1	1	0	0	0	0	0
14.08.2015 21:27:45.340000	-0.17	-0.175101	-0.174781	126.969	-669.32	-0.00325521	7	4	4	4	90.8726	268	39.4587	5.16824	0	1.19577	11.8017	43.9739	18.0562	99.2335	1	1	1	0	0	0	0	0
14.08.2015 21:27:45.440000	-0.17	-0.175101	-0.174781	126.969	-669.32	-0.00379774	7	4	4	4	90.9647	268	39.5816	5.16824	0	1.19786	11.8075	42.5947	18.0641	93.923	1	1	1	0	0	0	0	0
14.08.2015 21:27:45.540000	-0.17	-0.175101	-0.174781	126.969	-669.32	-0.00325521	7	4	4	4	98.6163	268	39.6985	5.16824	0	1.20739	11.8148	42.7109	18.0708	94.342	1	1	1	0	0	0	0	0
14.08.2015 21:27:45.640000	-0.17	-0.175101	-0.174781	126.969	-669.32	-0.0016276	7	4	4	4	122.657	268	39.8179	5.16824	0	1.20583	11.7993	43.3009	18.0789	96.5703	1	1	1	0	0	0	0	0
14.08.2015 21:27:45.740000	-0.17	-0.175101	-0.174781	126.969	-669.32	-0.00072338	7	4	4	4	247.247	268	39.9363	5.16824	0	1.19001	11.7401	43.2833	18.0743	96.5201	1	1	1	0	0	0	0	0
14.08.2015 21:27:45.840000	-0.17	-0.175101	-0.174781	126.969	-669.32	0	7	4	4	4	704.783	268	40.0537	5.16824	0	1.19001	11.3194	44.153	18.0522	99.9349	1	1	1	0	0	0	0	0
14.08.2015 21:27:45.940000	-0.17	-0.175101	-0.174781	126.969	-669.32	5.32227	7	4	4	4	1983.8	268	40.175	5.16824	0	1.17374	10.5151	42.3541	17.9052	93.6101	1	1	1	0	0	0	0	0
14.08.2015 21:27:46.040000	-0.17	-0.175101	-0.174781	126.969	-669.32	17.1604	7	4	4	4	1332.6	268	40.2934	5.16824	0	1.17324	9.79013	42.8858	18.0651	95.0337	1	1	1	0	0	0	0	0
14.08.2015 21:27:46.140000	-0.17	-0.175101	-0.174781	126.969	-669.32	22.9575	7	4	4	4	328.016	268	40.4168	5.16824	0	1.20425	10.0251	43.0205	18.1445	95.2452	1	1	1	0	0	0	0	0
14.08.2015 21:27:46.240000	-0.17	-0.175101	-0.174781	126.969	-669.32	26.1518	7	4	4	4	1269.1	268	40.5362	5.16824	0	1.20732	10.5108	44.1855	18.0391	100.109	1	1	1	0	0	0	0	0
14.08.2015 21:27:46.340000	-0.17	-0.175101	-0.174781	126.969	-669.32	28.0165	7	4	4	4	597.052	268	40.6565	5.16824	0	1.21766	10.2936	41.5904	18.1414	89.7814	1	1	1	0	0	0	0	0
14.08.2015 21:27:46.440000	-0.17	-0.175101	-0.174781	126.969	-669.32	28.6475	7	4	4	4	450.804	268	40.7789	5.16824	0	1.21921	10.6286	42.5056	18.134	93.3142	1	1	1	0	0	0	0	0
14.08.2015 21:27:46.540000	-0.17	-0.175101	-0.174781	126.969	-669.32	28.9063	7	4	4	4	749.157	268	40.8963	5.16824	0	1.20507	10.7461	43.8112	18.1167	98.3791	1	1	1	0	0	0	0	0
14.08.2015 21:27:46.640000	-0.17	-0.175101	-0.174781	126.969	-669.32	28.9909	7	4	4	4	571.271	268	41.0201	5.16824	0	1.20154	10.5977	43.1042	18.1201	95.6589	1	1	1	0	0	0	0	0
14.08.2015 21:27:46.740000	-0.17	-0.175101	-0.174781	126.971	-669.32	29.014	7	4	4	4	1121.39	268	41.1365	5.16824	0	1.19341	10.6418	43.0829	18.0679	95.7774	1	1	1	0	0	0	0	0
14.08.2015 21:27:46.840000	-0.17	-0.175101	-0.174781	126.969	-669.324	29.0218	7	4	4	4	385.582	268	41.2594	5.16824	0	1.19008	10.4752	42.6876	18.1462	93.9641	1	1	1	0	0	0	0	0
14.08.2015 21:27:46.940000	-0.17	-0.175101	-0.174781	126.971	-669.326	29.0318	7	4	4	4	714.949	268	41.3803	5.16824	0	1.20129	10.8081	43.5181	18.1151	97.263	1	1	1	0	0	0	0	0
14.08.2015 21:27:47.040000	-0.17	-0.175101	-0.174781	126.973	-669.324	29.0348	7	4	4	4	708.682	268	41.4962	5.16824	0	1.20733	10.6775	43.0621	18.1238	95.4838	1	1	1	0	0	0	0	0
14.08.2015 21:27:47.140000	-0.17	-0.175101	-0.174781	126.971	-669.326	29.0328	7	4	4	4	637.719	268	41.619	5.16824	0	1.19763	10.6269	42.8848	18.1242	94.8033	1	1	1	0	0	0	0	0
14.08.2015 21:27:47.240000	-0.17	-0.175101	-0.174781	126.969	-669.32	29.0175	7	4	4	4	703.757	268	41.7349	5.16824	0	1.19001	10.5885	42.8062	18.1226	94.5086	1	1	1	0	0	0	0	0
14.08.2015 21:27:47.340000	-0.17	-0.175101	-0.174781	126.971	-669.326	28.9974	7	4	4	4	696.185	268	41.8558	5.16824	0	1.19561	10.5767	43.0626	18.1148	95.5201	1	1	1	0	0	0	0	0
14.08.2015 21:27:47.440000	-0.17	-0.175101	-0.174781	126.969	-669.324	28.9686	7	4	4	4	622.05	268	41.9782	5.16824	0	1.20144	10.5901	44.1446	18.1245	99.6259	1	1	1	0	0	0	0	0
14.08.2015 21:27:47.540000	-0.17	-0.175101	-0.174781	126.969	-669.326	28.9355	7	4	4	4	616.537	268	42.0966	5.09985	0	1.20404	10.6827	41.2991	18.1303	88.7087	1	1	1	0.02	0	0	0	0
14.08.2015 21:27:47.640000	-0.17	-0.175101	-0.174781	126.969	-669.324	28.9122	7	4	4	4	334.28	268	42.1821	1.78626	0.0378724	1.20747	10.2349	43.0459	18.3079	94.7171	1	1	1	1	0	0	0	0
14.08.2015 21:27:47.740000	-0.17	-0.175101	-0.174781	126.969	-669.326	28.8961	7	4	4	4	322.899	268	42.2309	1.75001	0.00162279	1.20747	8.98989	43.641	18.5333	96.1324	1	1	1	1	0	0	0	0
14.08.2015 21:27:47.840000	-0.17	-0.175101	-0.174781	126.973	-669.328	28.8742	7	4	4	4	318.856	268	42.2791	1.62806	-0.120322	1.20747	8.56108	43.9145	18.7443	96.3717	1	1	1	1	0	0	0	0
14.08.2015 21:27:47.940000	-0.17	-0.175101	-0.174781	126.974	-669.326	28.856	7	4	4	4	290.63	268	42.3229	1.47244	-0.275947	1.20747	8.40415	43.9426	18.9464	95.7054	1	1	1	1	0	0	0	0
14.08.2015 21:27:48.040000	-0.17	-0.175101	-0.174781	126.973	-669.328	28.8395	7	4	4	4	297.515	268	42.3652	1.42667	-0.321718	0.730288	8.43912	44.0701	19.1455	95.431	1	1	1	1	0	0	0	0
14.08.2015 21:27:48.140000	-0.17	-0.175101	-0.174781	126.977	-669.328	28.8209	7	4	4	4	262.164	268	42.4074	1.40351	-0.344876	0.525781	8.45039	44.3233	19.3144	95.7538	1	1	1	1	0	0	0	0
14.08.2015 21:27:48.240000	-0.17	-0.175101	-0.174781	126.977	-669.328	28.8032	7	4	4	4	327.55	268	42.4472	1.27287	-0.475516	0.525781	8.42565	44.5148	19.4704	95.8897	1	1	1	1	0	0	0	0
14.08.2015 21:27:48.340000	-0.17	-0.175101	-0.174781	126.977	-669.326	28.7992	7	4	4	4	311.318	268	42.4845	1.21588	-0.532505	0.525781	8.42028	44.8066	19.5962	96.5257	1	1	1	1	0	0	0	0
14.08.2015 21:27:48.440000	-0.17	-0.175101	-0.174781	126.977	-669.328	28.7961	7	4	4	4	256.391	268	42.5293	1.19165	-0.556732	0.525781	8.45341	44.9024	19.7176	96.4273	1	1	1	1	0	0	0	0
14.08.2015 21:27:48.540000	-0.17	-0.175101	-0.174781	126.977	-669.328	28.797	7	4	4	4	273.284	268	42.5711	1.21959	-0.528792	0.525781	8.53312	44.9194	19.8242	96.0845	1	1	1	1	0	0	0	0
14.08.2015 21:27:48.640000	-0.17	-0.175101	-0.174781	126.977	-669.328	28.801	7	4	4	4	278.592	268	42.6109	1.15985	-0.588528	0.451941	8.46153	45.0535	19.9263	96.1997	1	1	1	1	0	0	0	0
14.08.2015 21:27:48.740000	-0.17	-0.175101	-0.174781	126.977	-669.328	28.8061	7	4	4	4	274.739	268	42.6477	1.06462	-0.683756	0.410406	8.41399	45.0989	20.0201	96.0628	1	1	1	1	0	0	0	0
14.08.2015 21:27:48.840000	-0.17	-0.175101	-0.174781	126.98	-669.328	28.8151	7	4	4	4	330.812	268	42.6805	1.06474	-0.683609	0.410406	8.42474	45.4397	20.0969	97.0475	1	1	1	1	0	0	0	0
14.08.2015 21:27:48.940000	-0.17	-0.175101	-0.174781	126.977	-669.328	28.8227	7	4	4	4	280.681	268	42.7283	0.889755	-0.858605	0.410406	8.3975	45.2482	20.1803	95.98	1	1	1	1	0	0	0	0
14.08.2015 21:27:49.040000	-0.17	-0.175101	-0.174781	126.984	-669.324	28.8298	7	4	4	4	237.563	268	42.7586	0.894871	-0.853513	0.410406	8.43326	44.9428	20.2448	94.7635	1	1	1	1	0	0	0	0
14.08.2015 21:27:49.140000	-0.17	-0.175101	-0.174781	126.979	-669.328	28.8332	7	4	4	4	256.347	268	42.7905	0.947008	-0.801375	0.410406	8.49573	45.603	20.3071	96.8531	1	1	1	1	0	0	0	0
14.08.2015 21:27:49.240000	-0.17	-0.175101	-0.174781	126.98	-669.328	28.8292	7	4	4	4	248.761	268	42.8278	0.946067	-0.802316	0.410406	8.49537	45.7142	20.371	97.034	1	1	1	1	0	0	0	0
14.08.2015 21:27:49.340000	-0.17	-0.175101	-0.174781	126.984	-669.328	28.8234	7	4	4	4	244.345	268	42.8725	0.955946	-0.792437	0.372644	8.4663	45.2279	20.432	94.9384	1	1	1	1	0	0	0	0
14.08.2015 21:27:49.440000	-0.17	-0.175101	-0.174781	126.984	-669.328	28.8129	7	4	4	4	264.065	268	42.9024	0.978144	-0.770239	0.368448	8.45333	45.2546	20.4819	94.8496	1	1	1	1	0	0	0	0
14.08.2015 21:27:49.540000	-0.17	-0.175101	-0.174781	126.984	-669.328	28.8151	7	4	4	4	288.094	268	42.9352	1.00081	-0.747574	0.368448	8.41981	45.8355	20.5325	96.8802	1	1	1	1	0	0	0	0
14.08.2015 21:27:49.640000	-0.17	-0.175101	-0.174781	126.984	-669.324	28.8113	7	4	4	4	264.566	268	42.977	1.00522	-0.743163	0.368448	8.40247	46.022	20.5771	97.4233	1	1	1	1	0	0	0	0
14.08.2015 21:27:49.740000	-0.17	-0.175101	-0.174781	126.984	-669.328	28.8104	7	4	4	4	253.032	268	43.0213	1.01006	-0.738325	0.368448	8.45332	45.7024	20.6265	96.0108	1	1	1	1	0	0	0	0
14.08.2015 21:27:49.840000	-0.17	-0.175101	-0.174781	126.98	-669.328	28.807	7	4	4	4	355.202	268	43.0551	1.01006	-0.73832	0.368448	8.41623	45.6023	20.6592	95.5021	1	1	1	1	0	0	0	0
14.08.2015 21:27:49.940000	-0.17	-0.175101	-0.174781	126.984	-669.328	28.8046	7	4	4	4	289.813	268	43.0854	0.946733	-0.80165	0.368745	8.36307	45.6567	20.7063	95.5304	1	1	1	1	0	0	0	0
14.08.2015 21:27:50.040000	-0.17	-0.175101	-0.174781	126.984	-669.328	28.8113	7	4	4	4	243.583	268	43.1262	0.891398	-0.856985	0.370098	8.4638	45.8039	20.7351	95.9837	1	1	1	1	0	0	0	0
14.08.2015 21:27:50.140000	-0.17	-0.175101	-0.174781	126.984	-669.328	28.8205	7	4	4	4	240.591	268	43.166	0.863465	-0.884918	0.370098	8.47968	45.8614	20.772	96.0625	1	1	1	1	0	0	0	0
14.08.2015 21:27:50.240000	-0.17	-0.175101	-0.174781	126.984	-669.328	28.8281	7	4	4	4	312.511	268	43.1983	0.861524	-0.886859	0.370098	8.47031	46.0187	20.797	96.5689	1	1	1	1	0	0	0	0
14.08.2015 21:27:50.340000	-0.17	-0.175101	-0.174781	126.984	-669.328	28.8498	7	4	4	4	240.626	268	43.2287	0.829666	-0.918717	0.370098	8.43023	46.0336	20.8273	96.51	1	1	1	1	0	0	0	0
14.08.2015 21:27:50.440000	-0.17	-0.175101	-0.174781	126.984	-669.328	28.8997	7	4	4	4	261.17	268	43.2754	0.825254	-0.923129	0.370098	8.50017	45.9807	20.8534	96.2074	1	1	1	1	0	0	0	0
14.08.2015 21:27:50.540000	-0.17	-0.175101	-0.174781	126.984	-669.328	28.9225	7	4	4	4	274.016	268	43.3053	0.824306	-0.924077	0.370098	8.47716	45.7901	20.8778	95.3843	1	1	1	1	0	0	0	0
14.08.2015 21:27:50.640000	-0.17	-0.175101	-0.174781	126.984	-669.328	28.9312	7	4	4	4	227.427	268	43.3346	0.829199	-0.919184	0.367382	8.43702	46.1355	20.8961	96.6365	1	1	1	1	0	0	0	0
14.08.2015 21:27:50.740000	-0.17	-0.175101	-0.174781	126.984	-669.328	28.9377	7	4	4	4	271.978	268	43.3749	0.874068	-0.874315	0.355801	8.49018	45.9016	20.9148	95.6694	1	1	1	1	0	0	0	0
14.08.2015 21:27:50.840000	-0.17	-0.175101	-0.174781	126.984	-669.328	28.9393	7	4	4	4	264.865	268	43.4167	0.908821	-0.839562	0.355801	8.4428	45.8858	20.9383	95.5189	1	1	1	1	0	0	0	0
14.08.2015 21:27:50.940000	-0.17	-0.175101	-0.174781	126.984	-669.328	28.941	7	4	4	4	293.263	268	43.451	0.917819	-0.830564	0.355801	8.43474	46.1225	20.9555	96.3595	1	1	1	1	0	0	0	0
14.08.2015 21:27:51.040000	-0.17	-0.175101	-0.174781	126.984	-669.328	28.9448	7	4	4	4	261.022	268	43.4829	0.915154	-0.833229	0.355801	8.3964	46.1425	20.9695	96.3824	1	1	1	1	0	0	0	0
14.08.2015 21:27:51.140000	-0.17	-0.175101	-0.174781	126.984	-669.328	28.946	7	4	4	4	268.323	268	43.5241	0.914817	-0.833566	0.355801	8.37494	46.2016	20.9857	96.5465	1	1	1	1	0	0	0	0
14.08.2015 21:27:51.240000	-0.17	-0.175101	-0.174781	126.984	-669.328	28.9442	7	4	4	4	280.645	268	43.5659	0.915539	-0.832844	0.355801	8.38644	46.1216	20.9972	96.1962	1	1	1	1	0	0	0	0
14.08.2015 21:27:51.340000	-0.17	-0.175101	-0.174781	126.984	-669.328	28.9435	7	4	4	4	263.918	268	43.6017	0.912363	-0.83602	0.366629	8.41959	46.0657	21.0132	95.9209	1	1	1	1	0	0	0	0
14.08.2015 21:27:51.440000	-0.17	-0.175101	-0.174781	126.984	-669.328	28.9469	7	4	4	4	219.002	268	43.6361	0.909294	-0.839089	0.375137	8.41587	46.9109	21.0186	99.1363	1	1	1	1	0	0	0	0
14.08.2015 21:27:51.540000	-0.17	-0.175101	-0.174781	126.984	-669.328	28.9504	7	4	4	4	304.936	268	43.6734	0.93203	-0.816353	0.375137	8.52302	46.035	21.0241	95.7617	1	1	1	1	0	0	0	0
14.08.2015 21:27:51.640000	-0.17	-0.175101	-0.174781	126.984	-669.328	28.9507	7	4	4	4	309.143	268	43.7186	0.912437	-0.835946	0.375137	8.43604	45.3441	21.0409	93.052	1	1	1	1	0	0	0	0
14.08.2015 21:27:51.740000	-0.17	-0.175101	-0.174781	126.984	-669.328	28.9471	7	4	4	4	190.815	268	43.7515	0.882718	-0.865665	0.375137	8.38563	46.0249	21.0547	95.6061	1	1	1	1	0	0	0	0
14.08.2015 21:27:51.840000	-0.17	-0.175101	-0.174781	126.984	-669.328	28.9393	7	4	4	4	295.991	268	43.7868	0.921827	-0.826556	0.375137	8.46095	46.6313	21.0534	97.9328	1	1	1	1	0	0	0	0
14.08.2015 21:27:51.940000	-0.17	-0.175101	-0.174781	126.984	-669.328	28.9352	7	4	4	4	274.072	268	43.8226	0.940851	-0.807532	0.375137	8.44057	46.5354	21.0657	97.5184	1	1	1	1	0	0	0	0
14.08.2015 21:27:52.040000	-0.17	-0.175101	-0.174781	126.984	-669.328	28.9323	7	4	4	4	277.587	268	43.8718	0.932671	-0.815712	0.378518	8.40878	45.8004	21.0724	94.6788	1	1	1	1	0	0	0	0
14.08.2015 21:27:52.140000	-0.17	-0.175101	-0.174781	126.987	-669.328	28.933	7	4	4	4	294.186	268	43.9042	0.91531	-0.833073	0.378552	8.38482	45.6894	21.0749	94.2438	1	1	1	1	0	0	0	0
14.08.2015 21:27:52.240000	-0.17	-0.175101	-0.174781	126.984	-669.328	28.9317	7	4	4	4	241.115	268	43.9375	0.888372	-0.860011	0.378552	8.36882	45.9164	21.091	95.0515	1	1	1	1	0	0	0	0
14.08.2015 21:27:52.340000	-0.17	-0.175101	-0.174781	126.99	-669.328	28.9316	7	4	4	4	272.847	268	43.9728	0.893952	-0.854431	0.378552	8.39413	46.7091	21.0939	98.0753	1	1	1	1	0	0	0	0
14.08.2015 21:27:52.440000	-0.17	-0.175101	-0.174781	126.984	-669.328	28.9334	7	4	4	4	206.459	268	44.0216	0.912731	-0.835652	0.378552	8.4354	46.3986	21.1398	96.711	1	1	1	1	0	0	0	0
14.08.2015 21:27:52.540000	-0.17	-0.175101	-0.174781	126.987	-669.328	28.9312	7	4	4	4	295.199	268	44.0569	0.95405	-0.794333	0.378552	8.51984	46.0244	21.1391	95.2808	1	1	1	1	0	0	0	0
14.08.2015 21:27:52.640000	-0.17	-0.175101	-0.174781	126.988	-669.328	28.9307	7	4	4	4	276.111	268	44.0902	0.964782	-0.783601	0.377688	8.44465	46.0715	21.1481	95.4268	1	1	1	1	0	0	0	0
14.08.2015 21:27:52.740000	-0.17	-0.175101	-0.174781	126.987	-669.328	28.9323	7	4	4	4	264.861	268	44.125	0.958605	-0.789778	0.376277	8.46191	46.1882	21.1462	95.8807	1	1	1	1	0	0	0	0
14.08.2015 21:27:52.840000	-0.17	-0.175101	-0.174781	126.988	-669.328	28.9339	7	4	4	4	257.751	268	44.1708	0.955849	-0.792534	0.376277	8.4795	46.2723	21.1507	96.1857	1	1	1	1	0	0	0	0
14.08.2015 21:27:52.940000	-0.17	-0.175101	-0.174781	126.987	-669.328	28.937	7	4	4	4	294.426	268	44.2126	0.959532	-0.788851	0.376277	8.46287	46.1758	21.1473	95.8295	1	1	1	1	0	0	0	0
14.08.2015 21:27:53.040000	-0.17	-0.175101	-0.174781	126.992	-669.328	28.954	7	4	4	4	268.743	268	44.2489	0.958609	-0.789774	0.376277	8.44107	46.0605	21.1485	95.3834	1	1	1	1	0	0	0	0
14.08.2015 21:27:53.140000	-0.17	-0.175101	-0.174781	126.987	-669.328	28.9717	7	4	4	4	278.79	268	44.2822	0.950049	-0.798334	0.376277	8.40297	46.0788	21.1552	95.4273	1	1	1	1	0	0	0	0
14.08.2015 21:27:53.240000	-0.17	-0.175101	-0.174781	126.992	-669.328	28.9958	7	4	4	4	296.826	268	44.32	0.927689	-0.820694	0.376277	8.40355	46.2555	21.1526	96.1141	1	1	1	1	0	0	0	0
14.08.2015 21:27:53.340000	-0.17	-0.175101	-0.174781	126.992	-669.328	29.009	7	4	4	4	274.55	268	44.3653	0.885292	-0.863091	0.383675	8.3909	46.3344	21.1547	96.4079	1	1	1	1	0	0	0	0
14.08.2015 21:27:53.440000	-0.17	-0.175101	-0.174781	126.992	-669.328	29.0131	7	4	4	4	246.633	268	44.4011	0.861191	-0.887192	0.384407	8.40498	46.2053	21.1569	95.9052	1	1	1	1	0	0	0	0
14.08.2015 21:27:53.540000	-0.17	-0.175101	-0.174781	126.992	-669.328	29.0079	7	4	4	4	242.242	268	44.4339	0.851297	-0.897086	0.384407	8.46609	46.059	21.1575	95.3429	1	1	1	1	0	0	0	0
14.08.2015 21:27:53.640000	-0.17	-0.175101	-0.174781	126.992	-669.328	29.0001	7	4	4	4	277.143	268	44.4692	0.860288	-0.888095	0.384407	8.46586	46.1506	21.159	95.6876	1	1	1	1	0	0	0	0
14.08.2015 21:27:53.740000	-0.17	-0.175101	-0.174781	126.992	-669.328	28.9945	7	4	4	4	212.777	268	44.513	0.877548	-0.870835	0.384407	8.47406	46.3206	21.162	96.3275	1	1	1	1	0	0	0	0
14.08.2015 21:27:53.840000	-0.17	-0.175101	-0.174781	126.992	-669.328	28.9893	7	4	4	4	253.537	268	44.5458	0.932989	-0.815394	0.384407	8.47829	46.2246	21.1628	95.9564	1	1	1	1	0	0	0	0
14.08.2015 21:27:53.940000	-0.17	-0.175101	-0.174781	126.992	-669.328	28.9916	7	4	4	4	255.848	268	44.5841	0.994945	-0.753438	0.382065	8.43848	46.057	21.1629	95.3147	1	1	1	1	0	0	0	0
14.08.2015 21:27:54.040000	-0.17	-0.175101	-0.174781	126.992	-669.328	28.992	7	4	4	4	328.446	268	44.621	1.03866	-0.709725	0.376852	8.43346	46.0916	21.1567	95.4708	1	1	1	1	0	0	0	0
14.08.2015 21:27:54.140000	-0.17	-0.175101	-0.174781	126.992	-669.328	28.9938	7	4	4	4	227.429	268	44.6682	1.02426	-0.724128	0.376852	8.42496	46.2163	21.159	95.9391	1	1	1	1	0	0	0	0
14.08.2015 21:27:54.240000	-0.17	-0.175101	-0.174781	126.992	-669.328	28.9931	7	4	4	4	272.051	268	44.7055	1.03239	-0.715996	0.376852	8.46035	46.3424	21.1541	96.4408	1	1	1	1	0	0	0	0
14.08.2015 21:27:54.340000	-0.17	-0.175101	-0.174781	126.992	-669.328	28.9952	7	4	4	4	301.207	268	44.7408	1.03572	-0.712662	0.376852	8.41691	46.1784	21.1492	95.8316	1	1	1	1	0	0	0	0
14.08.2015 21:27:54.440000	-0.17	-0.175101	-0.174781	126.988	-669.328	29.0012	7	4	4	4	264.664	268	44.7796	1.01853	-0.729849	0.376852	8.38095	46.0258	21.151	95.2403	1	1	1	1	0	0	0	0
14.08.2015 21:27:54.540000	-0.17	-0.175101	-0.174781	126.992	-669.328	29.0307	7	4	4	4	249.329	268	44.8174	1.00682	-0.741563	0.376852	8.40814	45.9764	21.148	95.063	1	1	1	1	0	0	0	0
14.08.2015 21:27:54.640000	-0.17	-0.175101	-0.174781	126.992	-669.328	29.0484	7	4	4	4	236.08	268	44.8667	1.0269	-0.721484	0.393358	8.50517	46.5163	21.1444	97.1436	1	1	1	1	0	0	0	0
14.08.2015 21:27:54.740000	-0.17	-0.175101	-0.174781	126.992	-669.328	29.056	7	4	4	4	257.821	268	44.9025	1.05885	-0.689536	0.393525	8.46199	46.1281	21.1421	95.6666	1	1	1	1	0	0	0	0
14.08.2015 21:27:54.840000	-0.17	-0.175101	-0.174781	126.992	-669.328	29.0592	7	4	4	4	223.889	268	44.9408	1.10515	-0.643235	0.393525	8.43265	46.1124	21.1446	95.5967	1	1	1	1	0	0	0	0
14.08.2015 21:27:54.940000	-0.17	-0.175101	-0.174781	126.995	-669.328	29.0636	7	4	4	4	261.471	268	44.9836	1.16379	-0.584593	0.393525	8.44183	46.0408	21.135	95.3591	1	1	1	1	0	0	0	0
14.08.2015 21:27:55.040000	-0.17	-0.175101	-0.174781	126.996	-669.328	29.0652	7	4	4	4	260.061	268	45.0264	1.20795	-0.540437	0.393525	8.41609	46.0344	21.1297	95.3551	1	1	1	1	0	0	0	0
14.08.2015 21:27:55.140000	-0.17	-0.175101	-0.174781	126.995	-669.328	29.0647	7	4	4	4	308.764	268	45.0691	1.24131	-0.507069	0.395079	8.43793	46.2553	21.1204	96.2364	1	1	1	1	0	0	0	0
14.08.2015 21:27:55.240000	-0.17	-0.175101	-0.174781	126.996	-669.328	29.0658	7	4	4	4	270.339	268	45.1159	1.23549	-0.512891	0.419422	8.39664	46.3425	21.1126	96.6002	1	1	1	1	0	0	0	0
14.08.2015 21:27:55.340000	-0.17	-0.175101	-0.174781	126.992	-669.328	29.0705	7	4	4	4	292.243	268	45.1617	1.21818	-0.530203	0.419422	8.39534	46.2173	21.1031	96.1571	1	1	1	1	0	0	0	0
14.08.2015 21:27:55.440000	-0.17	-0.175101	-0.174781	126.996	-669.328	29.0755	7	4	4	4	252.424	268	45.2069	1.19674	-0.551641	0.419422	8.43857	46.035	21.1001	95.471	1	1	1	1	0	0	0	0
14.08.2015 21:27:55.540000	-0.17	-0.175101	-0.174781	126.995	-669.328	29.0762	7	4	4	4	280.18	268	45.2492	1.19055	-0.557835	0.419422	8.51493	46.1878	21.0869	96.1062	1	1	1	1	0	0	0	0
14.08.2015 21:27:55.640000	-0.17	-0.175101	-0.174781	127	-669.328	29.0793	7	4	4	4	231.046	268	45.291	1.17993	-0.56845	0.419422	8.40965	46.1266	21.0881	95.8673	1	1	1	1	0	0	0	0
14.08.2015 21:27:55.740000	-0.17	-0.175101	-0.174781	126.997	-669.328	29.0809	7	4	4	4	200.874	268	45.3323	1.2143	-0.534088	0.425081	8.45589	46.8569	21.0817	98.6881	1	1	1	1	0	0	0	0
14.08.2015 21:27:55.840000	-0.17	-0.175101	-0.174781	127	-669.328	29.0788	7	4	4	4	253.114	268	45.378	1.28486	-0.463525	0.43559	8.47096	46.6887	21.0703	98.0877	1	1	1	1	0	0	0	0
14.08.2015 21:27:55.940000	-0.17	-0.175101	-0.174781	127	-669.328	29.0752	7	4	4	4	286.859	268	45.4248	1.35124	-0.397142	0.43559	8.41523	45.8885	21.0574	95.0735	1	1	1	1	0	0	0	0
14.08.2015 21:27:56.040000	-0.17	-0.175101	-0.174781	127	-669.328	29.0734	7	4	4	4	208.246	268	45.471	1.40114	-0.347239	0.43559	8.39421	46.4885	21.0503	97.3978	1	1	1	1	0	0	0	0
14.08.2015 21:27:56.140000	-0.17	-0.175101	-0.174781	127	-669.328	29.0734	7	4	4	4	264.038	268	45.5193	1.45927	-0.28911	0.43559	8.49272	46.6671	21.0404	98.1193	1	1	1	1	0	0	0	0
14.08.2015 21:27:56.240000	-0.17	-0.175101	-0.174781	127	-669.328	29.0712	7	4	4	4	305.97	268	45.5705	1.50254	-0.24584	0.441437	8.47814	45.9277	21.0232	95.3546	1	1	1	1	0	0	0	0
14.08.2015 21:27:56.340000	-0.17	-0.175101	-0.174781	127	-669.328	29.0679	7	4	4	4	263.501	268	45.6203	1.51743	-0.230953	0.477359	8.38973	46.1982	21.0092	96.4434	1	1	1	1	0	0	0	0
14.08.2015 21:27:56.440000	-0.17	-0.175101	-0.174781	127	-669.328	29.0685	7	4	4	4	259.951	268	45.6685	1.52114	-0.227245	0.477359	8.377	46.1531	21.0005	96.3044	1	1	1	1	0	0	0	0
14.08.2015 21:27:56.540000	-0.17	-0.175101	-0.174781	127	-669.328	29.0658	7	4	4	4	265.872	268	45.7178	1.52339	-0.22499	0.477359	8.44407	45.7996	20.9897	94.9924	1	1	1	1	0	0	0	0
14.08.2015 21:27:56.640000	-0.17	-0.175101	-0.174781	127	-669.328	29.063	7	4	4	4	320.858	268	45.769	1.53439	-0.213995	0.477359	8.41078	45.7326	20.9832	94.7606	1	1	1	1	0	0	0	0
14.08.2015 21:27:56.740000	-0.17	-0.175101	-0.174781	127	-669.328	29.0564	7	4	4	4	236.172	268	45.8192	1.50585	-0.24253	0.480173	8.37228	45.8237	20.9793	95.1244	1	1	1	1	0	0	0	0
14.08.2015 21:27:56.840000	-0.17	-0.175101	-0.174781	127	-669.328	29.0544	7	4	4	4	273.236	268	45.867	1.50339	-0.244994	0.497461	8.3987	45.8848	20.9666	95.407	1	1	1	1	0	0	0	0
14.08.2015 21:27:56.940000	-0.17	-0.175101	-0.174781	127	-669.328	29.0545	7	4	4	4	248.953	268	45.9142	1.50499	-0.243395	0.497461	8.39907	44.9738	20.9605	91.9419	1	1	1	1	0	0	0	0
14.08.2015 21:27:57.040000	-0.17	-0.175101	-0.174781	127	-669.328	29.0587	7	4	4	4	227.051	268	45.9655	1.52477	-0.22361	0.497461	8.39278	46.0986	20.9441	96.3118	1	1	1	1	0	0	0	0
14.08.2015 21:27:57.140000	-0.17	-0.175101	-0.174781	127	-669.328	29.0589	7	4	4	4	300.349	268	46.0157	1.57076	-0.177623	0.497461	8.46376	45.9099	20.9356	95.6215	1	1	1	1	0	0	0	0
14.08.2015 21:27:57.240000	-0.17	-0.175101	-0.174781	127	-669.328	29.0625	7	4	4	4	220.55	268	46.065	1.58891	-0.159472	0.496987	8.42429	45.5405	20.9337	94.2142	1	1	1	1	0	0	0	0
14.08.2015 21:27:57.340000	-0.17	-0.175101	-0.174781	127	-669.328	29.0636	7	4	4	4	319.253	268	46.1157	1.60969	-0.138694	0.491541	8.43223	46.1846	20.9086	96.7769	1	1	1	1	0	0	0	0
14.08.2015 21:27:57.440000	-0.17	-0.175101	-0.174781	127	-669.328	29.0723	7	4	4	4	270.9	268	46.1674	1.59479	-0.153595	0.491541	8.35634	46.159	20.9037	96.6977	1	1	1	1	0	0	0	0
14.08.2015 21:27:57.540000	-0.17	-0.175101	-0.174781	127	-669.328	29.0752	7	4	4	4	237.552	268	46.2177	1.57714	-0.171245	0.491541	8.33685	46.1135	20.893	96.564	1	1	1	1	0	0	0	0
14.08.2015 21:27:57.640000	-0.17	-0.175101	-0.174781	127	-669.328	29.0755	7	4	4	4	269.771	268	46.2664	1.58867	-0.159717	0.491541	8.42588	46.0732	20.8865	96.435	1	1	1	1	0	0	0	0
14.08.2015 21:27:57.740000	-0.17	-0.175101	-0.174781	127	-669.328	29.0755	7	4	4	4	263.697	268	46.3162	1.5996	-0.148785	0.492961	8.35243	45.8016	20.8717	95.4516	1	1	1	1	0	0	0	0
14.08.2015 21:27:57.840000	-0.17	-0.175101	-0.174781	127	-669.328	29.0723	7	4	4	4	246.531	268	46.3674	1.6198	-0.128582	0.502462	8.38472	45.5953	20.8646	94.6888	1	1	1	1	0	0	0	0
14.08.2015 21:27:57.940000	-0.17	-0.175101	-0.174781	127	-669.328	29.0705	7	4	4	4	291.733	268	46.4196	1.64208	-0.106304	0.502462	8.41159	45.6267	20.8524	94.8557	1	1	1	1	0	0	0	0
14.08.2015 21:27:58.040000	-0.17	-0.175101	-0.174781	127	-669.328	29.0696	7	4	4	4	258.123	268	46.4709	1.64361	-0.104773	0.502462	8.35107	45.6466	20.843	94.9678	1	1	1	1	0	0	0	0
14.08.2015 21:27:58.140000	-0.17	-0.175101	-0.174781	127	-669.328	29.0719	7	4	4	4	281.424	268	46.5216	1.64661	-0.101774	0.502462	8.32616	45.88	20.8348	95.8931	1	1	1	1	0	0	0	0
14.08.2015 21:27:58.240000	-0.17	-0.175101	-0.174781	127	-669.328	29.0734	7	4	4	4	276.403	268	46.5753	1.63475	-0.113635	0.50816	8.33953	45.6938	20.8307	95.1959	1	1	1	1	0	0	0	0
14.08.2015 21:27:58.340000	-0.17	-0.175101	-0.174781	127	-669.328	29.073	7	4	4	4	227.179	268	46.627	1.63188	-0.116501	0.51922	8.34118	45.5326	20.8248	94.6012	1	1	1	1	0	0	0	0
14.08.2015 21:27:58.440000	-0.17	-0.175101	-0.174781	127	-669.328	29.0739	7	4	4	4	228.489	268	46.6768	1.67335	-0.0750364	0.51922	8.39481	45.6451	20.8277	95.0209	1	1	1	1	0	0	0	0
14.08.2015 21:27:58.540000	-0.17	-0.175101	-0.174781	127	-669.328	29.0744	7	4	4	4	323.568	268	46.73	1.72102	-0.0273608	0.51922	8.45161	45.88	20.8151	95.9685	1	1	1	1	0	0	0	0
14.08.2015 21:27:58.640000	-0.17	-0.175101	-0.174781	127	-669.328	29.0761	7	4	4	4	253.777	268	46.7847	1.722	-0.0263809	0.51922	8.37716	45.8981	20.8115	96.0517	1	1	1	1	0	0	0	0
14.08.2015 21:27:58.740000	-0.17	-0.175101	-0.174781	127	-669.328	29.077	7	4	4	4	296.037	268	46.8385	1.71325	-0.0351303	0.524787	8.35116	45.6777	20.8106	95.2114	1	1	1	1	0	0	0	0
14.08.2015 21:27:58.840000	-0.17	-0.175101	-0.174781	127	-669.328	29.0771	7	4	4	4	266.075	268	46.8907	1.69429	-0.0540943	0.528057	8.38588	45.5442	20.8097	94.7035	1	1	1	1	0	0	0	0
14.08.2015 21:27:58.940000	-0.17	-0.175101	-0.174781	127	-669.328	29.0903	7	4	4	4	269.217	268	46.9414	1.68094	-0.0674465	0.528057	8.37049	45.5579	20.8117	94.6987	1	1	1	1	0	0	0	0
14.08.2015 21:27:59.040000	-0.17	-0.175101	-0.174781	127	-669.328	29.1102	7	4	4	4	302.85	268	46.9956	1.66633	-0.0820542	0.528057	8.36765	45.6366	20.8064	95.0702	1	1	1	1	0	0	0	0
14.08.2015 21:27:59.140000	-0.17	-0.175101	-0.174781	127	-669.328	29.1142	7	4	4	4	211.092	268	47.0489	1.64666	-0.101721	0.528057	8.40974	45.8347	20.8065	95.8412	1	1	1	1	0	0	0	0
14.08.2015 21:27:59.240000	-0.17	-0.175101	-0.174781	127	-669.328	29.1189	7	4	4	4	292.742	268	47.0986	1.6565	-0.0918831	0.522293	8.48621	45.8849	20.8002	96.0443	1	1	1	1	0	0	0	0
14.08.2015 21:27:59.340000	-0.17	-0.175101	-0.174781	127	-669.328	29.1207	7	4	4	4	282.327	268	47.1503	1.64872	-0.0996735	0.521432	8.42855	45.7555	20.8044	95.5044	1	1	1	1	0	0	0	0
14.08.2015 21:27:59.440000	-0.17	-0.175101	-0.174781	127	-669.328	29.1227	7	4	4	4	288.759	268	47.2031	1.62536	-0.123055	0.521432	8.37556	45.744	20.8084	95.524	1	1	1	1	0	0	0	0
14.08.2015 21:27:59.540000	-0.17	-0.175101	-0.174781	127	-669.328	29.1258	7	4	4	4	268.739	268	47.2538	1.59394	-0.154451	0.521432	8.34536	45.6113	20.8448	94.8272	1	1	1	1	0	0	0	0
14.08.2015 21:27:59.640000	-0.17	-0.175101	-0.174781	127	-669.328	29.1276	7	4	4	4	300.455	268	47.303	1.56686	-0.181523	0.521432	8.35033	45.6902	20.8412	95.1419	1	1	1	1	0	0	0	0
14.08.2015 21:27:59.740000	-0.17	-0.175101	-0.174781	127	-669.328	29.1301	7	4	4	4	274.683	268	47.3518	1.52656	-0.221827	0.506281	8.33263	45.7779	20.8377	95.4911	1	1	1	1	0	0	0	0
14.08.2015 21:27:59.840000	-0.17	-0.175101	-0.174781	127	-669.328	29.1319	7	4	4	4	230.249	268	47.403	1.48494	-0.26346	0.505483	8.37594	45.7106	20.8423	95.216	1	1	1	1	0	0	0	0
14.08.2015 21:27:59.940000	-0.17	-0.175101	-0.174781	127	-669.328	29.1309	7	4	4	4	237.167	268	47.4523	1.50089	-0.247482	0.505483	8.49096	45.5966	20.8506	94.7477	1	1	1	1	0	0	0	0
14.08.2015 21:28:00.040000	-0.17	-0.175101	-0.174781	127.004	-669.328	29.1276	7	4	4	4	236.762	268	47.5	1.55079	-0.197596	0.505483	8.47102	45.6312	20.8498	94.883	1	1	1	1	0	0	0	0
14.08.2015 21:28:00.140000	-0.17	-0.175101	-0.174781	127	-669.328	29.1225	7	4	4	4	239.348	268	47.5493	1.61242	-0.135961	0.505483	8.49843	45.7376	20.8477	95.2983	1	1	1	1	0	0	0	0
14.08.2015 21:28:00.240000	-0.17	-0.175101	-0.174781	127	-669.328	29.1195	7	4	4	4	259.069	268	47.6045	1.67818	-0.0702032	0.501452	8.49519	46.0125	20.8451	96.3609	1	1	1	1	0	0	0	0
14.08.2015 21:28:00.340000	-0.17	-0.175101	-0.174781	127	-669.328	29.1146	7	4	4	4	278.87	268	47.6567	1.71815	-0.0302286	0.501411	8.41753	45.7873	20.837	95.5299	1	1	1	1	0	0	0	0
14.08.2015 21:28:00.440000	-0.17	-0.175101	-0.174781	127	-669.328	29.1097	7	4	4	4	237.147	268	47.7099	1.7479	-0.000479236	0.501411	8.40404	45.3489	20.8302	93.8774	1	1	1	1	0	0	0	0
14.08.2015 21:28:00.540000	-0.17	-0.175101	-0.174781	127	-669.328	29.0987	7	4	4	4	285.383	268	47.7641	1.78566	0.0372748	0.501411	8.47057	45.6839	20.8133	95.2247	1	1	1	1	0	0	0	0
14.08.2015 21:28:00.640000	-0.17	-0.175101	-0.174781	127	-669.328	29.0961	7	4	4	4	296.157	268	47.8184	1.79266	0.0442767	0.512073	8.45313	45.9551	20.8018	96.3069	1	1	1	1	0	0	0	0
14.08.2015 21:28:00.740000	-0.17	-0.175101	-0.174781	127	-669.328	29.1001	7	4	4	4	273.053	268	47.8716	1.78135	0.0329638	0.533719	8.48003	46.2257	20.7947	97.37	1	1	1	1	0	0	0	0
14.08.2015 21:28:00.840000	-0.17	-0.175101	-0.174781	127	-669.328	29.1054	7	4	4	4	285.716	268	47.9253	1.76168	0.0132956	0.533719	8.43673	45.5618	20.7844	94.8676	1	1	1	1	0	0	0	0
14.08.2015 21:28:00.940000	-0.17	-0.175101	-0.174781	127	-669.328	29.1084	7	4	4	4	290.386	268	47.98	1.73357	-0.0148122	0.533719	8.3625	45.4228	20.7729	94.3794	1	1	1	1	0	0	0	0
14.08.2015 21:28:01.040000	-0.17	-0.175101	-0.174781	127	-669.328	29.1113	7	4	4	4	270.177	268	48.0337	1.6939	-0.0544878	0.533719	8.38129	45.5642	20.7666	94.9452	1	1	1	1	0	0	0	0
14.08.2015 21:28:01.140000	-0.17	-0.175101	-0.174781	127	-669.328	29.1146	7	4	4	4	256.903	268	48.085	1.67063	-0.0777546	0.53531	8.48759	46.0762	20.7633	96.9181	1	1	1	1	0	0	0	0
14.08.2015 21:28:01.240000	-0.17	-0.175101	-0.174781	127	-669.328	29.1162	7	4	4	4	251.934	268	48.1367	1.66003	-0.088356	0.536024	8.45331	45.7073	20.7649	95.4995	1	1	1	1	0	0	0	0
14.08.2015 21:28:01.340000	-0.17	-0.175101	-0.174781	127	-669.328	29.1149	7	4	4	4	295.728	268	48.1899	1.65491	-0.0934776	0.536024	8.40539	45.6327	20.7609	95.2294	1	1	1	1	0	0	0	0
14.08.2015 21:28:01.440000	-0.17	-0.175101	-0.174781	127	-669.328	29.1135	7	4	4	4	214.185	268	48.2422	1.64644	-0.101947	0.536024	8.38958	45.4759	20.7654	94.6115	1	1	1	1	0	0	0	0
14.08.2015 21:28:01.540000	-0.17	-0.175101	-0.174781	127.003	-669.328	29.1121	7	4	4	4	301.213	268	48.2924	1.67016	-0.0782243	0.536024	8.48733	45.5931	20.7621	95.0728	1	1	1	1	0	0	0	0
14.08.2015 21:28:01.640000	-0.17	-0.175101	-0.174781	127	-669.328	29.1102	7	4	4	4	259.01	268	48.3441	1.67985	-0.0685307	0.520918	8.51594	45.8535	20.7641	96.0623	1	1	1	1	0	0	0	0
14.08.2015 21:28:01.740000	-0.17	-0.175101	-0.174781	127.005	-669.328	29.1102	7	4	4	4	244.846	268	48.4003	1.6858	-0.0625832	0.519239	8.48819	45.0119	20.7666	92.8304	1	1	1	1	0	0	0	0
14.08.2015 21:28:01.840000	-0.17	-0.175101	-0.174781	127	-669.328	29.1113	7	4	4	4	230.014	268	48.4531	1.71128	-0.0371013	0.519239	8.47533	45.013	20.7629	92.8489	1	1	1	1	0	0	0	0
14.08.2015 21:28:01.940000	-0.17	-0.175101	-0.174781	127.008	-669.328	29.1102	7	4	4	4	266.521	268	48.5058	1.76287	0.0144874	0.519239	8.55634	45.7224	20.7573	95.5862	1	1	1	1	0	0	0	0
14.08.2015 21:28:02.040000	-0.17	-0.175101	-0.174781	127	-669.328	29.113	7	4	4	4	290.134	268	48.561	1.79837	0.0499914	0.523603	8.45688	45.8053	20.747	95.9431	1	1	1	1	0	0	0	0
14.08.2015 21:28:02.140000	-0.17	-0.175101	-0.174781	127.005	-669.328	29.1142	7	4	4	4	278.656	268	48.6167	1.80076	0.052373	0.536021	8.38986	45.7679	20.7378	95.8351	1	1	1	1	0	0	0	0
14.08.2015 21:28:02.240000	-0.17	-0.175101	-0.174781	127.004	-669.328	29.1222	7	4	4	4	272.844	268	48.6704	1.7859	0.0375133	0.536021	8.36929	45.4805	20.7337	94.7503	1	1	1	1	0	0	0	0
14.08.2015 21:28:02.340000	-0.17	-0.175101	-0.174781	127.005	-669.328	29.1251	7	4	4	4	295.546	268	48.7237	1.76838	0.019993	0.536021	8.36786	45.3821	20.7302	94.3871	1	1	1	1	0	0	0	0
14.08.2015 21:28:02.440000	-0.17	-0.175101	-0.174781	127.004	-669.328	29.1238	7	4	4	4	242.556	268	48.7789	1.73976	-0.00862275	0.536021	8.40678	45.5561	20.7291	95.0576	1	1	1	1	0	0	0	0
14.08.2015 21:28:02.540000	-0.17	-0.175101	-0.174781	127.003	-669.328	29.1233	7	4	4	4	240.725	268	48.8326	1.74125	-0.00713738	0.544519	8.45623	45.7057	20.7223	95.6563	1	1	1	1	0	0	0	0
14.08.2015 21:28:02.640000	-0.17	-0.175101	-0.174781	127.004	-669.328	29.1227	7	4	4	4	273.885	268	48.8848	1.7627	0.0143158	0.547823	8.46622	45.4673	20.7215	94.7468	1	1	1	1	0	0	0	0
14.08.2015 21:28:02.740000	-0.17	-0.175101	-0.174781	127.003	-669.328	29.1222	7	4	4	4	246.209	268	48.9376	1.7843	0.0359159	0.547823	8.48102	45.3103	20.7146	94.1719	1	1	1	1	0	0	0	0
14.08.2015 21:28:02.840000	-0.17	-0.175101	-0.174781	127.008	-669.328	29.1222	7	4	4	4	316.955	268	48.9958	1.79873	0.0503458	0.547823	8.43609	45.4629	20.7125	94.7645	1	1	1	1	0	0	0	0
14.08.2015 21:28:02.940000	-0.17	-0.175101	-0.174781	127.003	-669.328	29.1233	7	4	4	4	264.647	268	49.052	1.77415	0.0257644	0.547047	8.38645	45.9685	20.7122	96.7012	1	1	1	1	0	0	0	0
14.08.2015 21:28:03.040000	-0.17	-0.175101	-0.174781	127.008	-669.328	29.1216	7	4	4	4	231.621	268	49.1062	1.77719	0.028811	0.541851	8.45362	45.5483	20.7056	95.1174	1	1	1	1	0	0	0	0
14.08.2015 21:28:03.140000	-0.17	-0.175101	-0.174781	127.005	-669.328	29.1265	7	4	4	4	271.066	268	49.1624	1.80745	0.0590711	0.541851	8.48429	45.2964	20.7083	94.1431	1	1	1	1	0	0	0	0
14.08.2015 21:28:03.240000	-0.17	-0.175101	-0.174781	127.008	-669.328	29.1287	7	4	4	4	283.41	268	49.2181	1.8168	0.0684174	0.541851	8.41762	45.4173	20.7036	94.6238	1	1	1	1	0	0	0	0
14.08.2015 21:28:03.340000	-0.17	-0.175101	-0.174781	127.005	-669.328	29.1287	7	4	4	4	224.506	268	49.2723	1.82108	0.0726978	0.541851	8.54065	45.7361	20.7096	95.8213	1	1	1	1	0	0	0	0
14.08.2015 21:28:03.440000	-0.17	-0.175101	-0.174781	127.008	-669.328	29.1254	7	4	4	4	291.31	268	49.3265	1.85125	0.10287	0.550502	8.52794	45.5511	20.6995	95.152	1	1	1	1	0	0	0	0
14.08.2015 21:28:03.540000	-0.17	-0.175101	-0.174781	127.008	-669.328	29.1193	7	4	4	4	282.855	268	49.3827	1.85653	0.108147	0.555161	8.39956	45.3198	20.6973	94.2745	1	1	1	1	0	0	0	0
14.08.2015 21:28:03.640000	-0.17	-0.175101	-0.174781	127.004	-669.328	29.1189	7	4	4	4	257.631	268	49.438	1.84131	0.0929268	0.555161	8.37965	45.3764	20.6966	94.4941	1	1	1	1	0	0	0	0
14.08.2015 21:28:03.740000	-0.17	-0.175101	-0.174781	127.005	-669.328	29.1196	7	4	4	4	287.792	268	49.4932	1.83281	0.0844297	0.555161	8.44985	45.8363	20.6897	96.2812	1	1	1	1	0	0	0	0
14.08.2015 21:28:03.840000	-0.17	-0.175101	-0.174781	127.004	-669.328	29.1216	7	4	4	4	272.977	268	49.5509	1.8135	0.0651168	0.554964	8.43343	45.5419	20.6908	95.1499	1	1	1	1	0	0	0	0
14.08.2015 21:28:03.940000	-0.17	-0.175101	-0.174781	127.008	-669.328	29.1247	7	4	4	4	233.714	268	49.6056	1.80844	0.0600607	0.55393	8.45401	45.3437	20.6975	94.3651	1	1	1	1	0	0	0	0
14.08.2015 21:28:04.040000	-0.17	-0.175101	-0.174781	127.008	-669.328	29.1276	7	4	4	4	246.21	268	49.6593	1.84093	0.0925454	0.55393	8.53792	45.4162	20.6975	94.6428	1	1	1	1	0	0	0	0
14.08.2015 21:28:04.140000	-0.17	-0.175101	-0.174781	127.008	-669.328	29.1283	7	4	4	4	256.434	268	49.7135	1.87444	0.126056	0.55393	8.56343	45.7527	20.6964	95.9354	1	1	1	1	0	0	0	0
14.08.2015 21:28:04.240000	-0.17	-0.175101	-0.174781	127.008	-669.328	29.1254	7	4	4	4	271.826	268	49.7712	1.90676	0.158381	0.55393	8.46356	45.6751	20.6886	95.6685	1	1	1	1	0	0	0	0
14.08.2015 21:28:04.340000	-0.17	-0.175101	-0.174781	127.008	-669.328	29.1251	7	4	4	4	264.53	268	49.8274	1.9206	0.172212	0.558395	8.3997	45.3681	20.6815	94.5201	1	1	1	1	0	0	0	0
14.08.2015 21:28:04.440000	-0.17	-0.175101	-0.174781	127.008	-669.328	29.1233	7	4	4	4	262.656	268	49.8827	1.9342	0.185818	0.560131	8.43704	45.3414	20.6762	94.4378	1	1	1	1	0	0	0	0
14.08.2015 21:28:04.540000	-0.17	-0.175101	-0.174781	127.008	-669.328	29.1222	7	4	4	4	230.951	268	49.9453	1.95409	0.205703	0.560131	8.45171	45.6924	20.6742	95.7898	1	1	1	1	0	0	0	0
14.08.2015 21:28:04.640000	-0.17	-0.175101	-0.174781	127.008	-669.328	29.1168	7	4	4	4	307.497	268	50.004	1.98094	0.232553	0.560131	8.43829	45.5879	20.6927	95.3189	1	1	1	1	0	0	0	0
14.08.2015 21:28:04.740000	-0.17	-0.175101	-0.174781	127.008	-669.328	29.1012	7	4	4	4	251.292	268	50.0602	1.98348	0.2351	0.566364	8.40096	45.3627	20.6897	94.4677	1	1	1	1	0	0	0	0
14.08.2015 21:28:04.840000	-0.17	-0.175101	-0.174781	127.012	-669.328	29.094	7	4	4	4	280.202	268	50.1169	1.98948	0.241097	0.575714	8.41004	45.378	20.6781	94.571	1	1	1	1	0	0	0	0
14.08.2015 21:28:04.940000	-0.17	-0.175101	-0.174781	127.008	-669.328	29.0896	7	4	4	4	296.785	268	50.1751	1.98611	0.237723	0.575714	8.3871	45.5852	20.67	95.3953	1	1	1	1	0	0	0	0
14.08.2015 21:28:05.040000	-0.17	-0.175101	-0.174781	127.008	-669.328	29.0875	7	4	4	4	254.49	268	50.2343	1.96224	0.21386	0.575714	8.37144	45.5365	20.6745	95.1915	1	1	1	1	0.01	0	0	0
14.08.2015 21:28:05.140000	-0.17	-0.175101	-0.174781	127.008	-669.328	29.0882	7	4	4	4	257.916	268.226	50.295	1.9457	0.19732	0.576363	8.40668	45.3432	20.6677	94.4773	1	1	1	1	1	0	0	0
14.08.2015 21:28:05.240000	-0.17	-0.175101	-0.174781	127.008	-669.328	29.0929	7	4	4	4	218.642	269.546	50.3527	1.96262	0.214235	0.581125	8.39787	45.2734	20.6712	94.1966	1	1	1	1	1	0	0	0
14.08.2015 21:28:05.340000	-0.17	-0.175101	-0.174781	127.008	-669.328	29.1005	7	4	4	4	290.25	272.164	50.4104	2.1257	0.377315	0.581125	8.49729	45.6831	20.6541	95.8309	1	1	1	1	1	0	0	0
14.08.2015 21:28:05.440000	-0.17	-0.175101	-0.174781	127.008	-669.328	29.1119	7	4	4	4	318.178	276.082	50.4686	2.20883	0.460442	0.581125	8.42587	45.3252	20.6408	94.5119	1	1	1	1	1	0	0	0
14.08.2015 21:28:05.540000	-0.17	-0.175101	-0.174781	127.008	-669.328	29.1225	7	4	4	4	313.763	281.299	50.5308	2.1964	0.448015	0.582266	8.43864	45.1653	20.6165	93.9926	1	1	1	1	1	0	0	0
14.08.2015 21:28:05.640000	-0.17	-0.175101	-0.174781	127.008	-669.328	29.1271	7	4	4	4	268.056	287.817	50.5999	2.17344	0.425057	0.609636	8.41009	45.5478	20.606	95.4969	1	1	1	1	1	0	0	0
14.08.2015 21:28:05.740000	-0.17	-0.175101	-0.174781	127.008	-669.328	29.1262	7	4	4	4	261.81	295.634	50.6581	2.28208	0.533696	0.609636	8.41501	45.3508	20.5886	94.8096	1	1	1	1	1	0	0	0
14.08.2015 21:28:05.840000	-0.17	-0.175101	-0.174781	127.008	-669.328	29.1238	7	4	4	4	270.698	304.751	50.7208	2.53424	0.785853	0.609636	8.42389	45.1174	20.5579	94.0335	1	1	1	1	1	0	0	0
14.08.2015 21:28:05.940000	-0.17	-0.175101	-0.174781	127.01	-669.328	29.1254	7	4	4	4	326.676	315.167	50.8044	2.85939	1.11101	0.63348	8.41565	46.2301	20.4872	98.5645	1	1	1	1	1	0	0	0
14.08.2015 21:28:06.040000	-0.17	-0.175101	-0.174781	127.008	-669.328	29.1292	7	4	4	4	308.368	326.882	50.879	3.17946	1.43107	0.67587	8.37907	44.6972	20.4041	93.0132	1	1	1	1	1	0	0	0
14.08.2015 21:28:06.140000	-0.17	-0.175101	-0.174781	127.013	-669.328	29.1305	7	4	4	4	335.621	339.898	50.9675	3.52692	1.77854	0.67587	8.34574	44.1375	20.2692	91.3869	1	1	1	1	1	0	0	0
14.08.2015 21:28:06.240000	-0.17	-0.175101	-0.174781	127.008	-669.328	29.1341	7	4	4	4	294.456	354.213	51.0635	3.91504	2.16665	0.78347	8.33278	45.0931	20.0944	95.715	1	1	1	1	1	0	0	0
14.08.2015 21:28:06.340000	-0.17	-0.175101	-0.174781	127.013	-669.328	29.1377	7	4	4	4	389.489	369.827	51.174	4.39555	2.64717	0.878888	8.31829	44.7997	19.8505	95.5255	1	1	1	1	1	0	0	0
14.08.2015 21:28:06.440000	-0.17	-0.175101	-0.174781	127.008	-669.328	29.1417	7	4	4	4	402.269	386.74	51.2869	4.82946	3.08108	0.9578	8.25646	42.9435	19.5505	89.5671	1	1	1	1	1	0	0	0
14.08.2015 21:28:06.540000	-0.17	-0.175101	-0.174781	127.013	-669.328	29.1432	7	4	4	4	411.621	404.953	51.4157	5.20392	3.45554	1.12549	8.24617	44.1126	19.239	95.2359	1	1	1	1	1	0	0	0
14.08.2015 21:28:06.640000	-0.17	-0.175101	-0.174781	127.012	-669.328	29.1423	7	4	4	4	400.779	424.465	51.546	5.59957	3.85119	1.20259	8.23364	43.1772	18.9192	92.8791	1	1	1	1	1	0	0	0
14.08.2015 21:28:06.740000	-0.17	-0.175101	-0.174781	127.013	-669.328	29.1395	7	4	4	4	431.109	445.277	51.6903	6.13865	4.39027	1.30907	8.18834	42.9567	18.57	93.3719	1	1	1	1	1	0	0	0
14.08.2015 21:28:06.840000	-0.17	-0.175101	-0.174781	127.008	-669.328	29.1352	7	4	4	4	462.096	467.388	51.848	6.69732	4.94893	1.45295	8.16804	42.4793	18.1835	93.0237	1	1	1	1	1	0	0	0
14.08.2015 21:28:06.940000	-0.17	-0.175101	-0.174781	127.01	-669.328	29.1309	7	4	4	4	475.803	490.799	52.0141	7.2152	5.46682	1.53995	8.11282	42.4607	17.7574	94.5841	1	1	1	1	1	0	0	0
14.08.2015 21:28:07.040000	-0.17	-0.175101	-0.174781	127.012	-669.328	29.126	7	4	4	4	416.067	515.51	52.1932	7.88684	6.13846	1.65824	8.12726	41.882	17.3544	93.9113	1	1	1	1	1	0	0	0
14.08.2015 21:28:07.140000	-0.17	-0.175101	-0.174781	127.013	-669.328	29.1243	7	4	4	4	464.915	541.518	52.3872	8.87263	7.12425	1.82594	8.22421	41.3323	16.8759	93.6388	1	1	1	1	1	0	0	0
14.08.2015 21:28:07.240000	-0.17	-0.175101	-0.174781	127.012	-669.328	29.1233	7	4	4	4	462.719	568.827	52.6085	10.0354	8.28699	2.05228	8.20854	40.7295	16.3229	93.4476	1	1	1	1	1	0	0	0
14.08.2015 21:28:07.340000	-0.17	-0.175101	-0.174781	127.013	-669.328	29.1236	7	4	4	4	527.304	597.436	52.8567	11.3475	9.59911	2.331	8.17203	40.1265	15.7254	93.4268	1	1	1	1	1	0	0	0
14.08.2015 21:28:07.440000	-0.17	-0.175101	-0.174781	127.016	-669.328	29.1233	7	4	4	4	521.699	627.344	53.1323	12.7294	10.981	2.61755	8.13626	39.4908	15.1286	93.2777	1	1	1	1	1	0	0	0
14.08.2015 21:28:07.540000	-0.17	-0.175101	-0.174781	127.013	-669.328	29.1211	7	4	4	4	592.059	658.554	53.4372	14.2064	12.458	2.98001	8.11509	38.916	14.5776	93.1871	1	1	1	1	1	0	0	0
14.08.2015 21:28:07.640000	-0.17	-0.175101	-0.174781	127.016	-669.328	29.1178	7	4	4	4	603.75	691.063	53.7695	15.6574	13.909	3.26106	8.08122	38.4168	14.1273	92.9999	1	1	1	1	1	0	0	0
14.08.2015 21:28:07.740000	-0.17	-0.175101	-0.174781	127.008	-669.328	29.1171	7	4	4	4	692.882	724.872	54.1261	17.1482	15.3998	3.50368	8.0761	38.0349	13.7924	92.8197	1	1	1	1	1	0	0	0
14.08.2015 21:28:07.840000	-0.17	-0.175101	-0.174781	127.012	-669.328	29.1157	7	4	4	4	601.388	759.979	54.5086	18.6581	16.9097	3.77674	8.07213	37.7661	13.5767	92.6164	1	1	1	1	1	0	0	0
14.08.2015 21:28:07.940000	-0.17	-0.175101	-0.174781	127.01	-669.328	29.1178	7	4	4	4	699.316	796.385	54.918	20.3796	18.6312	4.08053	8.07747	37.6343	13.4472	92.6073	1	1	1	1	1	0	0	0
14.08.2015 21:28:08.040000	-0.17	-0.175101	-0.174781	127.012	-669.328	29.1206	7	4	4	4	694.934	834.094	55.3558	22.2006	20.4522	4.33449	7.96638	37.6552	13.5089	92.4514	1	1	1	1	1	0	0	0
14.08.2015 21:28:08.140000	-0.17	-0.175101	-0.174781	127.013	-669.328	29.1269	7	4	4	4	760.928	873.101	55.8243	24.1398	22.3914	4.72404	8.01157	37.858	13.7627	92.256	1	1	1	1	1	0	0	0
14.08.2015 21:28:08.240000	-0.17	-0.175101	-0.174781	127.008	-669.328	29.1357	7	4	4	4	840.223	913.404	56.3317	26.0895	24.3411	5.06017	7.98521	38.1058	13.9911	92.3301	1	1	1	1	1	0	0	0
14.08.2015 21:28:08.340000	-0.17	-0.175101	-0.174781	127.013	-669.328	29.1403	7	4	4	4	1010.4	308.034	57.0196	27.3973	1.52219	15.7429	7.817	50.6001	14.8491	136.883	1	1	1	1	1	0.94	0	0.94
14.08.2015 21:28:08.440000	-0.17	-0.175101	-0.174781	127.008	-669.344	29.1406	7	4	4	4	3057.78	268	61.4123	27.4151	0	55.9239	7.29151	104.834	12.2408	354.521	1	1	1	1	1	1	0.59	1
14.08.2015 21:28:08.540000	-0.17	-0.175101	-0.173355	127.026	-669.313	28.8766	7	4	4	4	46.9944	268	62.1276	27.4151	0	31.0654	5.14188	111.317	0.520218	424.219	1	1	1	1	1	1	1	1
14.08.2015 21:28:08.640000	-0.17	-0.175101	-0.174781	126.957	-669.359	26.6016	7	4	4	4	6.28236	268	62.1276	27.4151	0	31.0654	3.0803	129.586	0.347423	494.827	1	1	1	1	1	1	1	1
14.08.2015 21:28:08.740000	-0.17	-0.175101	-0.174781	126.961	-669.367	21.6735	7	4	4	4	1.16398	268	62.1276	27.4151	0	31.0654	2.06136	144.017	0.368725	550.001	1	1	1	1	1	1	1	1
14.08.2015 21:28:08.840000	-0.17	-0.175101	-0.174781	126.969	-669.355	17.0757	7	4	4	4	0.624744	268	62.1276	27.4151	0	31.0654	1.5483	147.989	0.392651	565.117	1	1	1	1	1	1	1	1
14.08.2015 21:28:08.940000	-0.17	-0.175101	-0.174781	126.961	-669.367	13.4411	7	4	4	4	0.607377	268	62.1276	27.4151	0	31.0654	1.22889	148.892	0.358287	568.704	1	1	1	1	1	1	1	1
14.08.2015 21:28:09.040000	-0.17	-0.175101	-0.174781	126.961	-669.355	11.0151	7	4	4	4	0.609089	268	62.1276	27.4151	0	31.0654	0.964128	149.229	0.350291	570.026	1	1	1	1	1	1	1	1
14.08.2015 21:28:09.140000	-0.17	-0.175101	-0.174781	126.961	-669.359	8.73481	7	4	4	4	0.609543	268	62.1276	27.4151	0	31.0654	0.804659	149.257	0.351207	570.132	1	1	1	1	1	1	1	1
14.08.2015 21:28:09.240000	-0.17	-0.175101	-0.174781	126.961	-669.359	6.9949	7	4	4	4	0.607224	268	62.1276	27.4151	0	31.0654	0.70149	149.253	0.354991	570.1	1	1	1	1	1	1	1	1
14.08.2015 21:28:09.340000	-0.17	-0.175101	-0.174781	126.961	-669.359	5.85793	7	4	4	4	0.549429	268	62.1276	27.4151	0	31.0654	0.623351	149.267	0.364513	570.117	1	1	1	1	1	1	1	1
14.08.2015 21:28:09.440000	-0.17	-0.175101	-0.174781	126.961	-669.359	5.07975	7	4	4	4	0.228428	268	62.1276	27.4151	0	15.483	0.541486	149.364	0.365307	570.484	1	1	1	1	1	1	1	1
14.08.2015 21:28:09.540000	-0.17	-0.175101	-0.174781	126.961	-669.359	4.33377	7	4	4	4	0.213604	268	62.1276	27.4151	0	-0.0993938	0.496217	149.534	0.366039	571.136	1	1	1	1	1	1	1	1
14.08.2015 21:28:09.640000	-0.17	-0.175101	-0.174781	126.961	-669.359	3.61328	7	4	4	4	0.2132	268	62.1276	27.4151	0	-0.0993938	0.458391	149.588	0.371532	571.321	1	1	1	1	1	1	1	1
14.08.2015 21:28:09.740000	-0.17	-0.175101	-0.174781	126.961	-669.359	3.17817	7	4	4	4	0.229045	268	62.1276	27.4151	0	-0.0993938	0.421723	149.627	0.375744	571.451	1	1	1	1	1	1	1	1
14.08.2015 21:28:09.840000	-0.17	-0.175101	-0.174781	126.961	-669.359	2.9031	7	4	4	4	0.223709	268	62.1276	27.4151	0	-0.0993938	0.390951	149.665	0.378124	571.591	1	1	1	1	1	1	1	1
14.08.2015 21:28:09.940000	-0.17	-0.175101	-0.174781	126.961	-669.359	1.75528	7	4	4	4	0.215239	268	62.1276	27.4151	0	-0.0993938	0.368721	149.706	0.377455	571.677	1	1	1	1	1	1	1	1
14.08.2015 21:28:10.040000	-0.17	-0.175101	-0.174781	126.961	-669.359	0.173611	7	4	4	4	0.233623	268	62.1276	27.4151	0	-0.0993938	0.350506	149.752	0.378124	571.934	1	1	1	1	1	1	1	1
14.08.2015 21:28:10.140000	-0.17	-0.175101	-0.174781	126.961	-669.359	0.141782	7	4	4	4	0.239323	268	62.1276	27.4151	0	-0.0993938	0.33078	149.8	0.383312	572.087	1	1	1	1	1	1	1	1
14.08.2015 21:28:10.240000	-0.17	-0.175101	-0.174781	126.961	-669.359	0.122613	7	4	4	4	0.227891	268	62.1276	27.4151	0	-0.0993938	0.314041	149.846	0.389233	572.239	1	1	1	1	1	1	1	1
14.08.2015 21:28:10.340000	-0.17	-0.175101	-0.174781	126.961	-669.359	0.105252	7	4	4	4	0.244473	268	62.1276	27.4151	0	-0.0993938	0.300955	149.886	0.390942	572.387	1	1	1	1	1	1	1	1
14.08.2015 21:28:10.440000	-0.17	-0.175101	-0.174781	126.961	-669.359	0.0906033	7	4	4	4	0.246738	268	62.1276	27.4151	0	-0.0496969	0.29077	149.924	0.396667	572.515	1	1	1	1	1	1	1	1
14.08.2015 21:28:10.540000	-0.17	-0.175101	-0.174781	126.961	-669.359	0.0792101	7	4	4	4	0.243081	268	62.1276	27.4151	0	0	0.277402	149.96	0.396924	572.645	1	1	1	1	1	1	1	1
14.08.2015 21:28:10.640000	-0.17	-0.175101	-0.174781	126.961	-669.359	0.069987	7	4	4	4	0.269541	268	62.1276	27.4151	0	0	0.267824	149.984	0.400281	572.726	1	1	1	1	1	1	1	1
14.08.2015 21:28:10.740000	-0.17	-0.175101	-0.174781	126.961	-669.359	0.0575087	7	4	4	4	0.248223	268	62.1276	27.4151	0	0	0.260475	150.003	0.403638	572.786	1	1	1	1	1	1	1	1
14.08.2015 21:28:10.840000	-0.17	-0.175101	-0.174781	126.965	-669.359	0.0488281	7	4	4	4	0.240523	268	62.1276	27.4151	0	0	0.252517	150	0.407544	572.759	1	1	1	1	1	1	1	1
14.08.2015 21:28:10.940000	-0.17	-0.175101	-0.174781	126.964	-669.359	0.041956	7	4	4	4	0.240108	268	62.1276	27.4151	0	0	0.244705	149.98	0.410962	572.671	1	1	1	1	1	1	1	1
14.08.2015 21:28:11.040000	-0.17	-0.175101	-0.174781	126.965	-669.359	0.0341797	7	4	4	4	0.234735	268	62.1276	27.4151	0	0	0.236806	149.973	0.413953	572.633	1	1	1	1	1	1	1	1
14.08.2015 21:28:11.140000	-0.17	-0.175101	-0.174781	126.964	-669.359	0.0278501	7	4	4	4	0.241007	268	62.1276	27.4151	0	0	0.233391	149.958	0.418165	572.557	1	1	1	1	1	1	1	1
14.08.2015 21:28:11.240000	-0.17	-0.175101	-0.174781	126.961	-669.359	0.0211589	7	4	4	4	0.246365	268	62.1276	27.4151	0	0	0.226071	150.016	0.424329	572.755	1	1	1	1	1	1	1	1
14.08.2015 21:28:11.340000	-0.17	-0.175101	-0.174781	126.961	-669.359	0.0177228	7	4	4	4	0.231933	268	62.1276	27.4151	0	0	0.221962	150.099	0.427137	573.064	1	1	1	1	1	1	1	1
14.08.2015 21:28:11.440000	-0.17	-0.175101	-0.174781	126.961	-669.359	0.0130208	7	4	4	4	0.226713	268	62.1276	17.8198	0	0	0.216001	150.14	0.43086	573.208	1	1	1	1	1	1	1	0.65
14.08.2015 21:28:11.540000	-0.17	-0.175101	-0.174781	126.961	-669.359	0.00795718	7	4	4	4	0.2461	268	62.1276	0	0	0	0.214149	149.895	0.435804	572.251	1	1	1	1	1	1	1	0
14.08.2015 21:28:11.640000	-0.17	-0.175101	-0.174781	126.965	-669.359	0.00868056	7	4	4	4	0.214152	268	62.1276	0	0	0	0.208594	150.171	0.446669	573.266	1	1	1	1	1	1	1	0
14.08.2015 21:28:11.740000	-0.17	-0.175101	-0.174781	126.956	-669.357	0.00795718	7	4	4	4	0.221484	268	62.1694	0	0	0	0.203154	149.911	0.43379	572.319	1	1	1	1	1	1	1	0
14.08.2015 21:28:11.840000	-0.17	-0.175101	-0.174781	126.93	-669.355	0.00651042	7	4	4	4	0.239155	268	62.1774	0	0	0	0.202054	149.798	0.42262	571.93	1	1	1	1	1	1	1	0
14.08.2015 21:28:11.940000	-0.17	-0.175101	-0.174781	126.891	-669.391	0.00687211	7	4	4	4	0.258688	268	62.1774	0	0	0	0.19783	149.764	0.428114	571.776	1	1	1	1	1	1	1	0
14.08.2015 21:28:12.040000	-0.17	-0.175101	-0.174781	126.887	-669.367	0.00488281	7	4	4	4	0.263363	268	62.1774	0	0	0	0.196528	149.728	0.430128	571.633	1	1	1	1	1	1	1	0
14.08.2015 21:28:12.140000	-0.17	-0.175101	-0.174781	126.888	-669.328	0.00506366	7	4	4	4	0.252179	268	62.1774	0	0	0	0.190914	149.706	0.441725	571.503	1	1	1	1	1	1	1	0
14.08.2015 21:28:12.240000	-0.17	-0.175101	-0.174781	126.883	-669.328	0.00434028	7	4	4	4	0.24392	268	62.1774	0	0	0	0.193113	149.671	0.445998	571.354	1	1	1	1	1	1	1	0
14.08.2015 21:28:12.340000	-0.17	-0.175101	-0.174781	126.875	-669.328	0.00325521	7	4	4	4	0.266185	268	62.1774	0	0	0	0.189063	149.646	0.445021	571.262	1	1	1	1	1	1	1	0
14.08.2015 21:28:12.440000	-0.17	-0.175101	-0.174781	126.875	-669.328	0.00325521	7	4	4	4	0.255805	268	62.1774	0	0	0.0238558	0.188542	149.621	0.44789	571.154	1	1	1	1	1	1	1	0
14.08.2015 21:28:12.540000	-0.17	-0.175101	-0.174781	126.872	-669.328	0.00180845	7	4	4	4	0.250549	268	62.1774	0	0	0.0496997	0.186574	149.59	0.450148	571.027	1	1	1	1	1	1	1	0
14.08.2015 21:28:12.640000	-0.17	-0.175101	-0.174781	126.875	-669.328	0.00108507	7	4	4	4	0.232812	268	62.1774	0	0	0.0496997	0.186863	149.562	0.445448	570.936	1	1	1	1	1	1	1	0
14.08.2015 21:28:12.740000	-0.17	-0.175101	-0.174781	126.875	-669.328	0.00144676	7	4	4	4	0.235757	268	62.1774	0	0	0.0496997	0.187789	149.534	0.447584	570.823	1	1	1	1	1	1	1	0
14.08.2015 21:28:12.840000	-0.17	-0.175101	-0.174781	126.875	-669.324	0.00108507	7	4	4	4	0.225316	268	62.1774	0	0	0.0496997	0.183362	149.511	0.447584	570.733	1	1	1	1	1	1	1	0
14.08.2015 21:28:12.940000	-0.17	-0.175101	-0.174781	126.875	-669.32	0.00180845	7	4	4	4	0.23454	268	62.1774	0	0	0.0496997	0.187297	149.483	0.446425	570.632	1	1	1	1	1	1	1	0
14.08.2015 21:28:13.040000	-0.17	-0.175101	-0.174781	126.875	-669.32	0.000542535	7	4	4	4	0.235206	268	62.1774	0	0	0.0496997	0.183883	149.452	0.448866	570.505	1	1	1	1	1	1	1	0
14.08.2015 21:28:13.140000	-0.17	-0.175101	-0.174781	126.875	-669.32	-0.00072338	7	4	4	4	0.229421	268	62.1774	0	0	0.0496997	0.185446	149.428	0.446913	570.42	1	1	1	1	1	1	1	0
14.08.2015 21:28:13.240000	-0.17	-0.175101	-0.174781	126.875	-669.32	-0.00108507	7	4	4	4	0.213629	268	62.1774	0	0	0.0496997	0.182118	149.407	0.447768	570.336	1	1	1	1	1	1	1	0
14.08.2015 21:28:13.340000	-0.17	-0.175101	-0.174781	126.875	-669.32	-0.00072338	7	4	4	4	0.223721	268	62.1774	0	0	0.0496997	0.18669	149.382	0.449538	570.232	1	1	1	1	1	1	1	0
14.08.2015 21:28:13.440000	-0.17	-0.175101	-0.174781	126.875	-669.32	-0.000542535	7	4	4	4	0.250518	268	62.1774	0	0	0.0263408	0.187934	149.354	0.451552	570.117	1	1	1	1	1	1	1	0
14.08.2015 21:28:13.540000	-0.17	-0.175101	-0.174781	126.875	-669.32	0.00108507	7	4	4	4	0.221921	268	62.1774	0	0	0	0.193779	149.328	0.454482	570.007	1	1	1	1	1	1	1	0
14.08.2015 21:28:13.640000	-0.17	-0.175101	-0.174781	126.875	-669.309	0.00108507	7	4	4	4	0.248299	268	62.1774	0	0	0	0.19864	149.303	0.454115	569.912	1	1	1	1	1	1	1	0
14.08.2015 21:28:13.740000	-0.17	-0.175101	-0.174781	126.88	-668.932	0.00108507	7	4	4	4	0.242875	268	62.1774	0	0	0	0.206973	149.285	0.463454	569.807	1	1	1	1	1	1	1	0
14.08.2015 21:28:13.840000	-0.17	-0.175101	-0.174781	126.891	-667.043	-0.00108507	7	4	4	4	0.242794	268	62.1774	0	0	0	0.213542	149.255	0.458022	569.712	1	1	1	1	1	1	1	0
14.08.2015 21:28:13.940000	-0.17	-0.175101	-0.174781	126.891	-648.328	0.00108507	7	4	4	4	0.269966	268	62.1774	0	0	0	0.219213	149.231	0.456252	569.627	1	1	1	1	1	1	1	0
14.08.2015 21:28:14.040000	-0.17	-0.175101	-0.174781	126.891	-622.23	0.0016276	7	4	4	4	0.244294	268	62.1774	0	0	0	0.2239	149.21	0.459181	569.538	1	1	1	1	1	1	1	0
14.08.2015 21:28:14.140000	-0.17	-0.175101	-0.174781	126.891	-599.43	0.00072338	7	4	4	4	0.263779	268	62.1774	0	0	0	0.227778	149.183	0.461318	569.424	1	1	1	1	1	1	1	0
14.08.2015 21:28:14.240000	-0.17	-0.175101	-0.174781	126.891	-571.77	0.00108507	7	4	4	4	0.26995	268	62.1774	0	0	0	0.234144	149.16	0.463149	569.332	1	1	1	1	1	1	1	0
14.08.2015 21:28:14.340000	-0.17	-0.175101	-0.174781	126.891	-522.75	0.00108507	7	4	4	4	0.254768	268	62.1774	0	0	0	0.235764	149.135	0.464248	569.232	1	1	1	1	1	1	1	0
14.08.2015 21:28:14.440000	-0.17	-0.175101	-0.174781	126.891	-485.117	0.0016276	7	4	4	4	0.256042	268	62.1774	0	0	0	0.240799	149.115	0.463332	569.156	1	1	1	1	1	1	1	0
14.08.2015 21:28:14.540000	-0.17	-0.175101	-0.174781	126.891	-443.622	0.00108507	7	4	4	4	0.284785	268	62.1774	0	0	0	0.243634	149.093	0.465957	569.064	1	1	1	1	1	1	1	0
14.08.2015 21:28:14.640000	-0.17	-0.175101	-0.174781	126.887	-392.43	0.0016276	7	4	4	4	0.281557	268	62.1774	0	0	0	0.247164	149.072	0.465163	568.986	1	1	1	1	1	1	1	0
14.08.2015 21:28:14.740000	-0.17	-0.175101	-0.174781	126.888	-341.01	0.00108507	7	4	4	4	0.271965	268	62.1774	0	0	0	0.248264	149.08	0.467483	569.009	1	1	1	1	1	1	1	0
14.08.2015 21:28:14.840000	-0.17	-0.175101	-0.174781	126.895	-297.965	0.00108507	7	4	4	4	0.269851	268	62.1774	0	0	0	0.251997	149.023	0.466933	568.79	1	1	1	1	1	1	1	0
14.08.2015 21:28:14.940000	-0.17	-0.175101	-0.174781	126.898	-255.484	0.00108507	7	4	4	4	0.277717	268	62.1774	0	0	0	0.25298	149	0.468581	568.697	1	1	1	1	1	1	1	0
14.08.2015 21:28:15.040000	-0.17	-0.175101	-0.174781	126.906	-196.223	0.00108507	7	4	4	4	0.283885	268	62.1774	0	0	0	0.253964	148.976	0.467177	568.611	1	1	1	1	1	1	1	0
14.08.2015 21:28:15.140000	-0.17	-0.175101	-0.174781	126.906	-153.844	0.00108507	7	4	4	4	0.267048	268	62.1774	0	0	0	0.254832	148.954	0.468703	568.521	1	1	1	1	1	1	1	0
14.08.2015 21:28:15.240000	-0.17	-0.175101	-0.174781	126.91	-112.09	0.00108507	7	4	4	4	0.28763	268	62.1774	0	0	0	0.256105	148.932	0.469008	568.434	1	1	1	1	1	1	1	0
14.08.2015 21:28:15.340000	-0.17	-0.175101	-0.174781	126.914	-69.6641	0.00072338	7	4	4	4	0.281317	268	62.1774	0	0	0	0.25761	148.911	0.470412	568.35	1	1	1	1	1	1	1	0
14.08.2015 21:28:15.440000	-0.17	-0.175101	-0.174781	126.914	-10.9609	0.00108507	7	4	4	4	0.25647	268	62.1774	0	0	0	0.257755	148.888	0.470962	568.259	1	1	1	1	1	1	1	0
14.08.2015 21:28:15.540000	-0.17	-0.175101	-0.174781	126.914	31.1875	0.00072338	7	4	4	4	0.259417	268	62.1774	0	0	0	0.259433	148.865	0.472854	568.164	1	1	1	1	1	1	1	0
14.08.2015 21:28:15.640000	-0.17	-0.175101	-0.174781	126.914	72.7813	0.00217014	7	4	4	4	0.273928	268	62.1774	0	0	0	0.259606	148.846	0.472427	568.093	1	1	1	1	1	1	1	0
14.08.2015 21:28:15.740000	-0.17	-0.175101	-0.174781	126.914	120.451	0.00072338	7	4	4	4	0.276796	268	62.1774	0	0	0	0.261574	148.827	0.471938	568.021	1	1	1	1	1	1	1	0
14.08.2015 21:28:15.840000	-0.17	-0.175101	-0.174781	126.914	173.621	0.00108507	7	4	4	4	0.269365	268	62.1774	0	0	0	0.260619	148.806	0.472121	567.94	1	1	1	1	1	1	1	0
14.08.2015 21:28:15.940000	-0.17	-0.175101	-0.174781	126.914	215.076	0.00144676	7	4	4	4	0.25979	268	62.1774	0	0	0	0.262703	148.783	0.472427	567.852	1	1	1	1	1	1	1	0
14.08.2015 21:28:16.040000	-0.17	-0.175101	-0.174781	126.914	256.988	0	7	4	4	4	0.273983	268	62.1774	0	0	0	0.262992	148.764	0.474685	567.77	1	1	1	1	1	1	1	0
14.08.2015 21:28:16.140000	-0.17	-0.175101	-0.174781	126.914	309.76	-0.00144676	7	4	4	4	0.272314	268	62.1774	0	0	0	0.263628	148.744	0.475234	567.691	1	1	1	1	1	1	1	0
14.08.2015 21:28:16.240000	-0.17	-0.175101	-0.174781	126.914	356.824	-0.00108507	7	4	4	4	0.269542	268	62.1774	0	0	0	0.263484	148.724	0.478408	567.603	1	1	1	1	1	1	1	0
14.08.2015 21:28:16.340000	-0.17	-0.175101	-0.174781	126.914	398.297	-0.00072338	7	4	4	4	0.268721	268	62.1774	0	0	0	0.264641	148.701	0.477065	567.518	1	1	1	1	1	1	1	0
14.08.2015 21:28:16.440000	-0.17	-0.175101	-0.174781	126.914	439.91	-0.00325521	7	4	4	4	0.267975	268	62.1774	0	0	0	0.264497	148.681	0.476028	567.447	1	1	1	1	1	1	1	0
14.08.2015 21:28:16.540000	-0.17	-0.175101	-0.174781	126.914	498.161	-0.00325521	7	4	4	4	0.269567	268	62.1774	0	0	0	0.264207	148.659	0.477493	567.359	1	1	1	1	1	1	1	0
14.08.2015 21:28:16.640000	-0.17	-0.175101	-0.174781	126.914	539.953	-0.00325521	7	4	4	4	0.265212	268	62.1774	0	0	0	0.265017	148.636	0.475295	567.277	1	1	1	1	1	1	1	0
14.08.2015 21:28:16.740000	-0.17	-0.175101	-0.174781	126.917	577.828	-0.00217014	7	4	4	4	0.260669	268	62.1774	0	0	0	0.264902	148.615	0.476089	567.194	1	1	1	1	1	1	1	0
14.08.2015 21:28:16.840000	-0.17	-0.175101	-0.174781	126.914	608.711	-0.00325521	7	4	4	4	0.271628	268	62.1774	0	0	0	0.265972	148.6	0.478164	567.131	1	1	1	1	1	1	1	0
14.08.2015 21:28:16.940000	-0.17	-0.175101	-0.174781	126.914	643.159	-0.00217014	7	4	4	4	0.259277	268	62.1774	0	0	0	0.264988	148.581	0.47792	567.056	1	1	1	1	1	1	1	0
14.08.2015 21:28:17.040000	-0.17	-0.175101	-0.174781	126.914	660.891	-0.000542535	7	4	4	4	0.254603	268	62.1774	0	0	0	0.266464	148.56	0.47676	566.982	1	1	1	1	1	1	1	0
14.08.2015 21:28:17.140000	-0.17	-0.175101	-0.174781	126.914	670.456	-0.00072338	7	4	4	4	0.261533	268	62.1774	0	0	0	0.266117	148.539	0.479507	566.891	1	1	1	1	1	1	1	0
14.08.2015 21:28:17.240000	-0.17	-0.175101	-0.174781	126.914	673.762	-0.00108507	7	4	4	4	0.264573	268	62.1774	0	0	0	0.266551	148.523	0.480422	566.827	1	1	1	1	1	1	1	0
14.08.2015 21:28:17.340000	-0.17	-0.175101	-0.174781	126.914	675.052	-0.00072338	7	4	4	4	0.274885	268	62.1774	0	0	0	0.265799	148.502	0.480483	566.746	1	1	1	1	1	1	1	0
14.08.2015 21:28:17.440000	-0.17	-0.175101	-0.174781	126.914	675.055	-0.0016276	7	4	4	4	0.266744	268	62.1774	0	0	0	0.266522	148.484	0.47853	566.683	1	1	1	1	1	1	1	0
14.08.2015 21:28:17.540000	-0.17	-0.175101	-0.174781	126.904	675.057	-0.00108507	7	4	4	4	0.251414	268	62.1774	0	0	0	0.266464	148.462	0.478896	566.599	1	1	1	1	1	1	1	0
14.08.2015 21:28:17.640000	-0.17	-0.175101	-0.174781	126.898	675.035	-0.00325521	7	4	4	4	0.260227	268	62.1774	0	0	0	0.265741	148.589	0.4803	567.079	1	1	1	1	1	1	1	0
14.08.2015 21:28:17.740000	-0.17	-0.175101	-0.174781	126.763	675.057	-0.00325521	7	4	4	4	0.250042	268	62.1774	0	0	0	0.266088	148.236	0.478286	565.736	1	1	1	1	1	1	1	0
14.08.2015 21:28:17.840000	-0.17	-0.175101	-0.174781	126.758	675.082	-0.00488281	7	4	4	4	0.257721	268	62.1774	0	0	0	0.265943	148.388	0.480178	566.31	1	1	1	1	1	1	1	0
14.08.2015 21:28:17.940000	-0.17	-0.175101	-0.174781	126.773	675.086	-0.00325521	7	4	4	4	0.26627	268	62.1774	0	0	0	0.266638	148.393	0.476882	566.342	1	1	1	1	1	1	1	0
14.08.2015 21:28:18.040000	-0.17	-0.175101	-0.174781	126.77	675.074	-0.00325521	7	4	4	4	0.257811	268	62.1774	0	0	0	0.265191	148.375	0.475417	566.277	1	1	1	1	1	1	1	0
14.08.2015 21:28:18.140000	-0.17	-0.175101	-0.174781	126.773	675.063	-0.00144676	7	4	4	4	0.242739	268	62.1774	0	0	0	0.266985	148.355	0.47438	566.204	1	1	1	1	1	1	1	0
14.08.2015 21:28:18.240000	-0.17	-0.175101	-0.174781	126.766	675.059	-0.00108507	7	4	4	4	0.245636	268	62.1774	0	0	0	0.266117	148.335	0.477126	566.117	1	1	1	1	1	1	1	0
14.08.2015 21:28:18.340000	-0.17	-0.175101	-0.174781	126.789	675.063	-0.00036169	7	4	4	4	0.256962	268	62.1774	0	0	0	0.267101	148.315	0.477737	566.039	1	1	1	1	1	1	1	0
14.08.2015 21:28:18.440000	-0.17	-0.175101	-0.174781	126.789	675.059	-0.00108507	7	4	4	4	0.265327	268	62.1774	0	0	0	0.265885	148.301	0.477859	565.984	1	1	1	1	1	1	1	0
14.08.2015 21:28:18.540000	-0.17	-0.175101	-0.174781	126.789	675.063	-0.00144676	7	4	4	4	0.255508	268	62.1774	0	0	0	0.266811	148.282	0.478347	565.91	1	1	1	1	1	1	1	0
14.08.2015 21:28:18.640000	-0.17	-0.175101	-0.174781	126.789	675.063	-0.0016276	7	4	4	4	0.265793	268	62.1774	0	0	0	0.266377	148.258	0.476821	565.824	1	1	1	1	1	1	1	0
14.08.2015 21:28:18.740000	-0.17	-0.175101	-0.174781	126.789	675.063	-0.00325521	7	4	4	4	0.26806	268	62.1774	0	0	0	0.265683	148.241	0.478652	565.754	1	1	1	1	1	1	1	0
14.08.2015 21:28:18.840000	-0.17	-0.175101	-0.174781	126.789	675.063	-0.00434028	7	4	4	4	0.262338	268	62.1774	0	0	0	0.265654	148.224	0.477981	565.689	1	1	1	1	1	1	1	0
14.08.2015 21:28:18.940000	-0.17	-0.175101	-0.174781	126.789	675.063	-0.00651042	7	4	4	4	0.245196	268	62.1774	0	0	0	0.265712	148.203	0.47792	565.611	1	1	1	1	1	1	1	0
14.08.2015 21:28:19.040000	-0.17	-0.175101	-0.174781	126.789	675.063	-0.00705295	7	4	4	4	0.233736	268	62.1774	0	0	0	0.266696	148.186	0.478042	565.546	1	1	1	1	1	1	1	0
14.08.2015 21:28:19.140000	-0.17	-0.175101	-0.174781	126.794	675.063	-0.00506366	7	4	4	4	0.253193	268	62.1774	0	0	0	0.265422	148.167	0.479629	565.464	1	1	1	1	1	1	1	0
14.08.2015 21:28:19.240000	-0.17	-0.175101	-0.174781	126.793	675.063	-0.00434028	7	4	4	4	0.265382	268	62.1774	0	0	0	0.266696	148.149	0.479263	565.399	1	1	1	1	1	1	1	0
14.08.2015 21:28:19.340000	-0.17	-0.175101	-0.174781	126.789	675.063	-0.00108507	7	4	4	4	0.245708	268	62.1774	0	0	0	0.266059	148.131	0.478958	565.329	1	1	1	1	1	1	1	0
14.08.2015 21:28:19.440000	-0.17	-0.175101	-0.174781	126.789	675.063	-0.0016276	7	4	4	4	0.270514	268	62.1774	0	0	0	0.266522	148.113	0.4803	565.256	1	1	1	1	1	1	1	0
14.08.2015 21:28:19.540000	-0.17	-0.175101	-0.174781	126.789	675.063	-0.00108507	7	4	4	4	0.263865	268	62.1774	0	0	0	0.265249	148.095	0.4803	565.189	1	1	1	1	1	1	1	0
14.08.2015 21:28:19.640000	-0.17	-0.175101	-0.174781	126.789	675.063	-0.00108507	7	4	4	4	0.227477	268	62.1774	0	0	0	0.266291	148.078	0.480117	565.121	1	1	1	1	1	1	1	0
14.08.2015 21:28:19.740000	-0.17	-0.175101	-0.174781	126.792	675.063	-0.00036169	7	4	4	4	0.25906	268	62.1774	0	0	0	0.265885	148.06	0.480239	565.053	1	1	1	1	1	1	1	0
14.08.2015 21:28:19.840000	-0.17	-0.175101	-0.174781	126.793	675.063	0.0016276	7	4	4	4	0.261084	268	62.1774	0	0	0	0.265943	148.041	0.479446	564.984	1	1	1	1	1	1	1	0
14.08.2015 21:28:19.940000	-0.17	-0.175101	-0.174781	126.792	675.063	0.00108507	7	4	4	4	0.276588	268	62.1774	0	0	0	0.265596	148.024	0.479019	564.919	1	1	1	1	1	1	1	0
14.08.2015 21:28:20.040000	-0.17	-0.175101	-0.174781	126.793	675.063	0.00108507	7	4	4	4	0.253163	268	62.1774	0	0	0	0.266233	148.007	0.47792	564.86	1	1	1	1	1	1	1	0
14.08.2015 21:28:20.140000	-0.17	-0.175101	-0.174781	126.792	675.063	0.00072338	7	4	4	4	0.254654	268	62.1774	0	0	0	0.266406	147.987	0.480056	564.773	1	1	1	1	1	1	1	0
14.08.2015 21:28:20.240000	-0.17	-0.175101	-0.174781	126.789	675.063	0.00108507	7	4	4	4	0.273333	268	62.1774	0	0	0	0.265509	147.971	0.478713	564.717	1	1	1	1	1	1	1	0
14.08.2015 21:28:20.340000	-0.17	-0.175101	-0.174781	126.794	675.065	0.00108507	7	4	4	4	0.265685	268	62.1774	0	0	0	0.266377	147.954	0.478713	564.655	1	1	1	1	1	1	1	0
14.08.2015 21:28:20.440000	-0.17	-0.175101	-0.174781	126.797	675.063	0.0016276	7	4	4	4	0.255316	268	62.1774	0	0	0	0.265943	147.939	0.477371	564.603	1	1	1	1	1	1	1	0
14.08.2015 21:28:20.540000	-0.17	-0.175101	-0.174781	126.797	675.068	0.00108507	7	4	4	4	0.263203	268	62.1774	0	0	0	0.266348	147.92	0.479136	564.521	1	1	1	1	1	1	1	0
14.08.2015 21:28:20.640000	-0.17	-0.175101	-0.174781	126.797	675.07	0.00108507	7	4	4	4	0.241442	268	62.1774	0	0	0	0.265191	147.901	0.478591	564.449	1	1	1	1	1	1	1	0
14.08.2015 21:28:20.740000	-0.17	-0.175101	-0.174781	126.794	675.07	0.00036169	7	4	4	4	0.244458	268	62.1774	0	0	0	0.266638	147.885	0.479995	564.389	1	1	1	1	1	1	1	0
14.08.2015 21:28:20.840000	-0.17	-0.175101	-0.174781	126.793	675.066	0.000542535	7	4	4	4	0.253513	268	62.1774	0	0	0	0.265401	147.864	0.479995	564.304	1	1	1	1	1	1	1	0
14.08.2015 21:28:20.940000	-0.17	-0.175101	-0.174781	126.792	675.07	0.00108507	7	4	4	4	0.246422	268	62.1774	0	0	0	0.265719	147.848	0.47853	564.247	1	1	1	1	1	1	1	0
14.08.2015 21:28:21.040000	-0.17	-0.175101	-0.174781	126.789	675.07	0.0016276	7	4	4	4	0.250399	268	62.1774	0	0	0	0.264952	147.833	0.479019	564.187	1	1	1	1	1	1	1	0
14.08.2015 21:28:21.140000	-0.17	-0.175101	-0.174781	126.794	675.07	0.00072338	7	4	4	4	0.275013	268	62.1774	0	0	0	0.266073	147.812	0.47853	564.111	1	1	1	1	1	1	1	0
14.08.2015 21:28:21.240000	-0.17	-0.175101	-0.174781	126.793	675.086	-0.0016276	7	4	4	4	0.264687	268	62.1774	0	0	0	0.265755	147.797	0.481277	564.043	1	1	1	1	1	1	1	0
14.08.2015 21:28:21.340000	-0.17	-0.175101	-0.174781	126.794	675.086	-0.00072338	7	4	4	4	0.268957	268	62.1774	0	0	0	0.264851	147.778	0.480728	563.973	1	1	1	1	1	1	1	0
14.08.2015 21:28:21.440000	-0.17	-0.175101	-0.174781	126.797	675.086	-0.0016276	7	4	4	4	0.248048	268	62.1774	0	0	0	0.265242	147.761	0.47969	563.91	1	1	1	1	1	1	1	0
14.08.2015 21:28:21.540000	-0.17	-0.175101	-0.174781	126.797	675.086	-0.00108507	7	4	4	4	0.245655	268	62.1774	0	0	0	0.264981	147.747	0.482131	563.848	1	1	1	1	1	1	1	0
14.08.2015 21:28:21.640000	-0.17	-0.175101	-0.174781	126.793	675.086	-0.00108507	7	4	4	4	0.253402	268	62.1774	0	0	0	0.26556	147.729	0.481887	563.779	1	1	1	1	1	1	1	0
14.08.2015 21:28:21.740000	-0.17	-0.175101	-0.174781	126.797	675.086	-0.00072338	7	4	4	4	0.270592	268	62.1774	0	0	0	0.263889	147.71	0.482131	563.704	1	1	1	1	1	1	1	0
14.08.2015 21:28:21.840000	-0.17	-0.175101	-0.174781	126.789	675.086	-0.0016276	7	4	4	4	0.27083	268	62.1774	0	0	0	0.264547	147.697	0.482498	563.654	1	1	1	1	1	1	1	0
14.08.2015 21:28:21.940000	-0.17	-0.175101	-0.174781	126.797	675.086	-0.00036169	7	4	4	4	0.26795	268	62.1774	0	0	0	0.26352	147.68	0.478896	563.605	1	1	1	1	1	1	1	0
14.08.2015 21:28:22.040000	-0.17	-0.175101	-0.174781	126.797	675.086	-0.00108507	7	4	4	4	0.274027	268	62.1774	0	0	0	0.264048	147.664	0.478469	563.545	1	1	1	1	1	1	1	0
14.08.2015 21:28:22.140000	-0.17	-0.175101	-0.174781	126.794	675.086	0.00108507	7	4	4	4	0.265547	268	62.1774	0	0	0	0.264084	147.645	0.479568	563.468	1	1	1	1	1	1	1	0
14.08.2015 21:28:22.240000	-0.17	-0.175101	-0.174781	126.793	675.086	0.000542535	7	4	4	4	0.260078	268	62.1774	0	0	0	0.265061	147.633	0.480911	563.417	1	1	1	1	1	1	1	0
14.08.2015 21:28:22.340000	-0.17	-0.175101	-0.174781	126.792	675.086	0.00144676	7	4	4	4	0.256092	268	62.1774	0	0	0	0.265676	147.617	0.479202	563.363	1	1	1	1	1	1	1	0
14.08.2015 21:28:22.440000	-0.17	-0.175101	-0.174781	126.797	675.086	0.000542535	7	4	4	4	0.260259	268	62.1774	0	0	0	0.264706	147.599	0.479934	563.29	1	1	1	1	1	1	1	0
14.08.2015 21:28:22.540000	-0.17	-0.175101	-0.174781	126.794	675.086	0.00072338	7	4	4	4	0.266873	268	62.1774	0	0	0	0.265676	147.58	0.481521	563.213	1	1	1	1	1	1	1	0
14.08.2015 21:28:22.640000	-0.17	-0.175101	-0.174781	126.797	675.086	0.000542535	7	4	4	4	0.246232	268	62.1774	0	0	0	0.265415	147.563	0.482192	563.144	1	1	1	1	1	1	1	0
14.08.2015 21:28:22.740000	-0.17	-0.175101	-0.174781	126.797	675.086	-0.00072338	7	4	4	4	0.254844	268	62.1774	0	0	0	0.266283	147.552	0.484329	563.091	1	1	1	1	1	1	1	0
14.08.2015 21:28:22.840000	-0.17	-0.175101	-0.174781	126.797	675.086	-0.00108507	7	4	4	4	0.243123	268	62.1774	0	0	0	0.264468	147.53	0.484512	563.009	1	1	1	1	1	1	1	0
14.08.2015 21:28:22.940000	-0.17	-0.175101	-0.174781	126.797	675.086	-0.00253183	7	4	4	4	0.264455	268	62.1774	0	0	0	0.265914	147.516	0.483413	562.957	1	1	1	1	1	1	1	0
14.08.2015 21:28:23.040000	-0.17	-0.175101	-0.174781	126.797	675.086	-0.0016276	7	4	4	4	0.262468	268	62.1774	0	0	0	0.264967	147.501	0.485244	562.893	1	1	1	1	1	1	1	0
14.08.2015 21:28:23.140000	-0.17	-0.175101	-0.174781	126.797	675.086	-0.00108507	7	4	4	4	0.270222	268	62.1774	0	0	0	0.265639	147.486	0.483718	562.843	1	1	1	1	1	1	1	0
14.08.2015 21:28:23.240000	-0.17	-0.175101	-0.174781	126.797	675.086	-0.00108507	7	4	4	4	0.253534	268	62.1774	0	0	0	0.264952	147.469	0.484878	562.774	1	1	1	1	1	1	1	0
14.08.2015 21:28:23.340000	-0.17	-0.175101	-0.174781	126.797	675.086	-0.00108507	7	4	4	4	0.27422	268	62.1774	0	0	0	0.265784	147.452	0.486587	562.701	1	1	1	1	1	1	1	0
14.08.2015 21:28:23.440000	-0.17	-0.175101	-0.174781	126.797	675.086	0.000542535	7	4	4	4	0.286057	268	62.1774	0	0	0	0.265755	147.434	0.486526	562.632	1	1	1	1	1	1	1	0
14.08.2015 21:28:23.540000	-0.17	-0.175101	-0.174781	126.797	675.086	0.00108507	7	4	4	4	0.252911	268	62.1774	0	0	0	0.264916	147.418	0.485733	562.575	1	1	1	1	1	1	1	0
14.08.2015 21:28:23.640000	-0.17	-0.175101	-0.174781	126.797	675.086	0.000542535	7	4	4	4	0.252438	268	62.1774	0	0	0	0.265466	147.404	0.486526	562.517	1	1	1	1	1	1	1	0
14.08.2015 21:28:23.740000	-0.17	-0.175101	-0.174781	126.794	675.091	0.00036169	7	4	4	4	0.24391	268	62.1774	0	0	0	0.264981	147.388	0.486892	562.455	1	1	1	1	1	1	1	0
14.08.2015 21:28:23.840000	-0.17	-0.175101	-0.174781	126.797	675.086	0.000542535	7	4	4	4	0.260108	268	62.1774	0	0	0	0.265271	147.374	0.487564	562.398	1	1	1	1	1	1	1	0
14.08.2015 21:28:23.940000	-0.17	-0.175101	-0.174781	126.797	675.094	0.00217014	7	4	4	4	0.262017	268	62.1774	0	0	0	0.263534	147.361	0.487014	562.351	1	1	1	1	1	1	1	0
14.08.2015 21:28:24.040000	-0.17	-0.175101	-0.174781	126.793	675.09	0.00108507	7	4	4	4	0.276873	268	62.1774	0	0	0	0.264612	147.342	0.488235	562.275	1	1	1	1	1	1	1	0
14.08.2015 21:28:24.140000	-0.17	-0.175101	-0.174781	126.792	675.091	0	7	4	4	4	0.25183	268	62.1774	0	0	0	0.263231	147.324	0.489334	562.201	1	1	1	1	1	1	1	0
14.08.2015 21:28:24.240000	-0.17	-0.175101	-0.174781	126.797	675.094	0.00108507	7	4	4	4	0.263907	268	62.1774	0	0	0	0.263628	147.309	0.487991	562.15	1	1	1	1	1	1	1	0
14.08.2015 21:28:24.340000	-0.17	-0.175101	-0.174781	126.794	675.094	-0.00072338	7	4	4	4	0.261704	268	62.1774	0	0	0	0.262703	147.297	0.490616	562.091	1	1	1	1	1	1	1	0
14.08.2015 21:28:24.440000	-0.17	-0.175101	-0.174781	126.797	675.094	-0.00108507	7	4	4	4	0.262364	268	62.1774	0	0	0	0.263838	147.281	0.490493	562.031	1	1	1	1	1	1	1	0
14.08.2015 21:28:24.540000	-0.17	-0.175101	-0.174781	126.797	675.094	-0.00144676	7	4	4	4	0.268278	268	62.1774	0	0	0	0.263296	147.261	0.491653	561.95	1	1	1	1	1	1	1	0
14.08.2015 21:28:24.640000	-0.17	-0.175101	-0.174781	126.797	675.094	-0.00108507	7	4	4	4	0.254186	268	62.1774	0	0	0	0.262826	147.249	0.491714	561.903	1	1	1	1	1	1	1	0
14.08.2015 21:28:24.740000	-0.17	-0.175101	-0.174781	126.794	675.094	-0.00144676	7	4	4	4	0.264434	268	62.1774	0	0	0	0.262927	147.231	0.494156	561.828	1	1	1	1	1	1	1	0
14.08.2015 21:28:24.840000	-0.17	-0.175101	-0.174781	126.793	675.094	-0.000542535	7	4	4	4	0.265302	268	62.1774	0	0	0	0.262826	147.215	0.493179	561.768	1	1	1	1	1	1	1	0
14.08.2015 21:28:24.940000	-0.17	-0.175101	-0.174781	126.797	675.094	-0.00108507	7	4	4	4	0.253687	268	62.1774	0	0	0	0.263375	147.197	0.494949	561.692	1	1	1	1	1	1	1	0
14.08.2015 21:28:25.040000	-0.17	-0.175101	-0.174781	126.797	675.094	-0.00108507	7	4	4	4	0.260242	268	62.1774	0	0	0	0.261798	147.184	0.493851	561.648	1	1	1	1	1	1	1	0
14.08.2015 21:28:25.140000	-0.17	-0.175101	-0.174781	126.797	675.094	0.00036169	7	4	4	4	0.267017	268	62.1774	0	0	0	0.262797	147.17	0.492508	561.597	1	1	1	1	1	1	1	0
14.08.2015 21:28:25.240000	-0.17	-0.175101	-0.174781	126.793	675.094	0.00108507	7	4	4	4	0.258393	268	62.1774	0	0	0	0.261719	147.152	0.492203	561.53	1	1	1	1	1	1	1	0
14.08.2015 21:28:25.340000	-0.17	-0.175101	-0.174781	126.797	675.094	0.00036169	7	4	4	4	0.270128	268	62.1774	0	0	0	0.262392	147.137	0.491836	561.475	1	1	1	1	1	1	1	0
14.08.2015 21:28:25.440000	-0.17	-0.175101	-0.174781	126.797	675.094	-0.000542535	7	4	4	4	0.257657	268	62.1774	0	0	0	0.261126	147.126	0.489456	561.441	1	1	1	1	1	1	1	0
14.08.2015 21:28:25.540000	-0.17	-0.175101	-0.174781	126.797	675.094	-0.00144676	7	4	4	4	0.258902	268	62.1774	0	0	0	0.262023	147.11	0.490432	561.379	1	1	1	1	1	1	1	0
14.08.2015 21:28:25.640000	-0.17	-0.175101	-0.174781	126.797	675.094	-0.00108507	7	4	4	4	0.248193	268	62.1774	0	0	0	0.261335	147.091	0.489273	561.308	1	1	1	1	1	1	1	0
14.08.2015 21:28:25.740000	-0.17	-0.175101	-0.174781	126.797	675.094	-0.00108507	7	4	4	4	0.244011	268	62.1774	0	0	0	0.261234	147.075	0.489273	561.246	1	1	1	1	1	1	1	0
14.08.2015 21:28:25.840000	-0.17	-0.175101	-0.174781	126.793	675.094	-0.00108507	7	4	4	4	0.238127	268	62.1774	0	0	0	0.261335	147.062	0.492386	561.186	1	1	1	1	1	1	1	0
14.08.2015 21:28:25.940000	-0.17	-0.175101	-0.174781	126.797	675.094	-0.00108507	7	4	4	4	0.230213	268	62.1774	0	0	0	0.261299	147.048	0.489517	561.143	1	1	1	1	1	1	1	0
14.08.2015 21:28:26.040000	-0.17	-0.175101	-0.174781	126.797	675.094	-0.0016276	7	4	4	4	0.24771	268	62.1774	0	0	0	0.261429	147.03	0.490005	561.072	1	1	1	1	1	1	1	0
14.08.2015 21:28:26.140000	-0.17	-0.175101	-0.174781	126.797	675.094	-0.00108507	7	4	4	4	0.232282	268	62.1774	0	0	0	0.259918	147.014	0.488113	561.02	1	1	1	1	1	1	1	0
14.08.2015 21:28:26.240000	-0.17	-0.175101	-0.174781	126.797	675.098	0.00108507	7	4	4	4	0.245729	268	62.1774	0	0	0	0.261415	147.004	0.490493	560.969	1	1	1	1	1	1	1	0
14.08.2015 21:28:26.340000	-0.17	-0.175101	-0.174781	126.797	675.094	0.00072338	7	4	4	4	0.245452	268	62.1774	0	0	0	0.260995	146.987	0.491409	560.901	1	1	1	1	1	1	1	0
14.08.2015 21:28:26.440000	-0.17	-0.175101	-0.174781	126.797	675.094	0.00108507	7	4	4	4	0.269055	268	62.1774	0	0	0	0.261863	146.973	0.49609	560.831	1	1	1	1	1	1	1	0
