Time	[76:0]	[76:1]	[76:2]	[76:4]	[76:8]	[76:70]	[76:71]	[78:0]	[78:1]	[78:2]	[79:2]	[79:3]	[79:4]	[79:8]	[79:9]	[79:10]	[79:11]	[79:12]	[79:13]	[79:14]	[79.0]	[79.1]	[79.2]	[79.3]	[79.4]	[79.5]	[79.6]	[79.8]
time	Hoogteverstelling - Referentie positie (mm)	Hoogteverstelling - AZ gemeten positie (mm)	Hoogteverstelling - BZ gemeten positie (mm)	Transfert Ingang - Gemeten positie (mm)	Transfert Uitgang - Gemeten positie (mm)	Aardgas - actueel debiet	Stappenschakelaar - gemeten pos	Laspos Ing - positie discreet	Laspos Uitg - positie discreet	Schaafverstelling - positie discreet	Stuikraam - Totale Stroommeting RMS-waarde (A)	Stuikraam - Stroomreferentie (A)	Stuikraam - Positie AZ (mm, pulsgever)	Stuikraam - Referentie Servo-ventiel (%)	Stuikraam - Trim door I-regelaar (%)	Stuikraam - Gemeten snelheid (mm/s, pulsgever)	Secundaire lasspanning	Stuikraam - Druk stuikcilinder voorkamer (=laszijde)  (bar)	Stuikraam - Druk stuikcilinder terugloopkamer  (bar)	Stuikraam - Netto voorwaartse kracht op stuikraam (kN)	Stuikraam - P1	Stuikraam - P2	Stuikraam - P3	Stuikraam - P4	Stuikraam - P5	Stuikraam - P6	Stuikraam - P7	Stuikraam - Openen stuikventielen	

Lasparameter.Ingang - Coil ID	0324240S
Lasparameter.Ingang - Dikte (um)	4710
Lasparameter.Ingang - Breedte (mm)	1327
Lasparameter.Ingang - Materiaal	0001
Lasparameter.Uitgang - Coil ID	0323267S
Lasparameter.Uitgang - Dikte (um)	4490
Lasparameter.Uitgang - Breedte (mm)	1343
Lasparameter.Uitgang - Materiaal	0001
Lasparameter.P2 (mm)	24.0
Lasparameter.P3 (mm)	34.0
Lasparameter.P4 (mm)	42.2
Lasparameter.P5 (mm)	50.7
Lasparameter.P6 (mm)	57.3
Lasparameter.P7 (mm)	62.2
Lasparameter.Vonksnelheid (mm/s)	1.20
Lasparameter.Lassnelheid (mm/s)	0.48
Lasparameter.Stroom Referentie (A)	0347
Lasparameter.Stroomtoename (µA/s2)	50.2
Lasparameter.Stuikstroomtijd (per)	0009
Lasparameter.Afkoeltijd Stuik (per)	0010
Lasparameter.Stuikdruk (bar)	0108
Lasparameter.Stuiksnelheid (%)	90.0

15.08.2015 11:30:41.370000	-0.11	-0.0983722	-0.106417	0.015625	-0.0117188	0.00108507	7	4	4	4	0.374139	347	0	0	0	0	0.364294	5.57353	123.336	-450.887	1	0	0	0	0	0	0	0
15.08.2015 11:30:41.470000	-0.11	-0.0983722	-0.106417	0.0117188	-0.0078125	0	7	4	4	4	0.390754	347	0	0	0	0	0.364873	4.55763	123.276	-454.551	1	0	0	0	0	0	0	0
15.08.2015 11:30:41.570000	-0.11	-0.0983722	-0.106417	0.00520833	0.0833333	0.00072338	7	4	4	4	0.381088	347	0	0	0	0	0.365611	2.76394	123.19	-461.087	1	0	0	0	0	0	0	0
15.08.2015 11:30:41.670000	-0.11	-0.0983722	-0.106417	0	0.0117188	0.00108507	7	4	4	4	0.409963	347	0	0	0	0	0.367535	2.74374	123.162	-461.058	1	0	0	0	0	0	0	0
15.08.2015 11:30:41.770000	-0.11	-0.0983722	-0.106417	0.00260417	-0.239583	0.00036169	7	4	4	4	0.377456	347	0	0	0	0	0.369763	3.54796	123.155	-457.951	1	0	0	0	0	0	0	0
15.08.2015 11:30:41.870000	-0.11	-0.0983722	-0.106417	0.00390625	-0.960938	0.00108507	7	4	4	4	0.377123	347	0	0	0	0	0.371875	4.45369	123.157	-454.489	1	0	0	0	0	0	0	0
15.08.2015 11:30:41.970000	-0.11	-0.0983722	-0.106417	0.00520833	-5.89583	-0.00072338	7	4	4	4	0.397302	347	0	0	0	0	0.373032	5.10874	123.188	-452.101	1	0	0	0	0	0	0	0
15.08.2015 11:30:42.070000	-0.11	-0.0983722	-0.106417	0	-20.6445	0.00325521	7	4	4	4	0.371759	347	0	0	0	0	0.373597	4.03119	123.117	-455.955	1	0	0	0	0	0	0	0
15.08.2015 11:30:42.170000	-0.11	-0.0983722	-0.106417	0	-40.6328	0.00180845	7	4	4	4	0.386715	347	0	0	0	0	0.373799	6.82662	123.185	-445.513	1	0	0	0	0	0	0	0
15.08.2015 11:30:42.270000	-0.11	-0.0983722	-0.106417	0	-63.125	0.00271267	7	4	4	4	0.377202	347	0	0	0	0	0.373119	3.94269	123.087	-456.18	1	0	0	0	0	0	0	0
15.08.2015 11:30:42.370000	-0.11	-0.0983722	-0.106417	-0.0234375	-101.711	0.00325521	7	4	4	4	0.388924	347	0	0	0	0	0.375014	2.88485	123.003	-459.909	1	0	0	0	0	0	0	0
15.08.2015 11:30:42.470000	-0.11	-0.0983722	-0.106417	-0.0078125	-133.859	0.00542535	7	4	4	4	0.385905	347	0	0	0	0	0.37704	5.92248	123.075	-448.553	1	0	0	0	0	0	0	0
15.08.2015 11:30:42.570000	-0.11	-0.0983722	-0.106417	-0.00520833	-169.638	0.00542535	7	4	4	4	0.384452	347	0	0	0	0	0.379152	4.5663	123.072	-453.733	1	0	0	0	0	0	0	0
15.08.2015 11:30:42.670000	-0.11	-0.0983722	-0.106417	-0.0078125	-216.18	0.00379774	7	4	4	4	0.398276	347	0	0	0	0	0.380324	5.40855	123.066	-450.486	1	0	0	0	0	0	0	0
15.08.2015 11:30:42.770000	-0.11	-0.0983722	-0.106417	-0.0182292	-264.219	0.00289352	7	4	4	4	0.382989	347	0	0	0	0	0.382726	5.75494	123.039	-449.057	1	0	0	0	0	0	0	0
15.08.2015 11:30:42.870000	-0.11	-0.0983722	-0.106417	-0.0078125	-303.949	0.00379774	7	4	4	4	0.364916	347	0	0	0	0	0.383984	5.1605	122.973	-451.082	1	0	0	0	0	0	0	0
15.08.2015 11:30:42.970000	-0.11	-0.0983722	-0.106417	-0.0130208	-343.969	0.0036169	7	4	4	4	0.364361	347	0	0	0	0	0.385561	6.23896	122.982	-446.984	1	0	0	0	0	0	0	0
15.08.2015 11:30:43.070000	-0.11	-0.0983722	-0.106417	-0.0078125	-399.578	0.00325521	7	4	4	4	0.37235	347	0	0	0	0	0.386632	5.10898	122.924	-451.09	1	0	0	0	0	0	0	0
15.08.2015 11:30:43.170000	-0.11	-0.0983722	-0.106417	-0.00520833	-439.237	0.00289352	7	4	4	4	0.379704	347	0	0	0	0	0.386473	5.40776	122.902	-449.86	1	0	0	0	0	0	0	0
15.08.2015 11:30:43.270000	-0.11	-0.0983722	-0.106417	-0.0117188	-478.914	0.00325521	7	4	4	4	0.382526	347	0	0	0	0	0.386183	3.37321	122.801	-457.266	1	0	0	0	0	0	0	0
15.08.2015 11:30:43.370000	-0.11	-0.0983722	-0.106417	-0.0130208	-523.953	0.00072338	7	4	4	4	0.372033	347	0	0	0	0	0.38478	3.28629	122.758	-457.435	1	0	0	0	0	0	0	0
15.08.2015 11:30:43.470000	-0.11	-0.0983722	-0.106417	-0.015625	-571.406	0.00108507	7	4	4	4	0.367547	347	0	0	0	0	0.384693	4.77114	122.772	-451.803	1	0	0	0	0	0	0	0
15.08.2015 11:30:43.570000	-0.11	-0.0983722	-0.106417	-0.015625	-599.695	0.00072338	7	4	4	4	0.38284	347	0	0	0	0	0.383333	4.76083	122.754	-451.773	1	0	0	0	0	0	0	0
15.08.2015 11:30:43.670000	-0.11	-0.0983722	-0.106417	-0.0195313	-622.262	0	7	4	4	4	0.397315	347	0	0	0	0	0.382567	4.16901	122.712	-453.877	1	0	0	0	0	0	0	0
15.08.2015 11:30:43.770000	-0.11	-0.0983722	-0.106417	-0.015625	-641.096	0.00072338	7	4	4	4	0.389712	347	0	0	0	0	0.38219	4.38759	122.696	-452.981	1	0	0	0	0	0	0	0
15.08.2015 11:30:43.870000	-0.11	-0.0983722	-0.106417	0.046875	-656.934	0.000542535	7	4	4	4	0.369217	347	0	0	0	0	0.382957	4.64687	122.673	-451.898	1	0	0	0	0	0	0	0
15.08.2015 11:30:43.970000	-0.11	-0.0983722	-0.106417	0.411458	-663.625	0.00108507	7	4	4	4	0.359231	347	0	0	0	0	0.382914	4.18177	122.639	-453.55	1	0	0	0	0	0	0	0
15.08.2015 11:30:44.070000	-0.11	-0.0983722	-0.106417	2.78906	-666.07	0.0016276	7	4	4	4	0.380289	347	0	0	0	0	0.38261	3.97754	122.61	-454.222	1	0	0	0	0	0	0	0
15.08.2015 11:30:44.170000	-0.11	-0.0983722	-0.106417	21.526	-667.659	0.00289352	7	4	4	4	0.402391	347	0	0	0	0	0.381944	4.98422	122.604	-450.343	1	0	0	0	0	0	0	0
15.08.2015 11:30:44.270000	-0.11	-0.0983722	-0.106417	43.1211	-668.684	0.00434028	7	4	4	4	0.389448	347	0	0	0	0	0.380671	4.4026	122.569	-452.434	1	0	0	0	0	0	0	0
15.08.2015 11:30:44.370000	-0.11	-0.0983722	-0.106417	65.3776	-668.695	0.00325521	7	4	4	4	0.401685	347	0	0	0	0	0.378559	5.02884	122.556	-449.99	1	0	0	0	0	0	0	0
15.08.2015 11:30:44.470000	-0.11	-0.0983722	-0.106417	93.1602	-668.699	0.00434028	7	4	4	4	0.368055	347	0	0	0	0	0.376432	5.48607	122.545	-448.197	1	0	0	0	0	0	0	0
15.08.2015 11:30:44.570000	-0.11	-0.0983722	-0.106417	140.518	-668.701	0.00578704	7	4	4	4	0.369762	347	0	0	0	0	0.375723	4.31355	122.498	-452.503	1	0	0	0	0	0	0	0
15.08.2015 11:30:44.670000	-0.11	-0.0983722	-0.106417	178.98	-668.703	0.00434028	7	4	4	4	0.392268	347	0	0	0	0	0.373785	4.51704	122.473	-451.629	1	0	0	0	0	0	0	0
15.08.2015 11:30:44.770000	-0.11	-0.0983722	-0.106417	221.016	-668.703	0.00289352	7	4	4	4	0.401458	347	0	0	0	0	0.373452	4.91794	122.455	-450.026	1	0	0	0	0	0	0	0
15.08.2015 11:30:44.870000	-0.11	-0.0983722	-0.106417	273.363	-668.703	0.00217014	7	4	4	4	0.421994	347	0	0	0	0	0.373466	4.60952	122.427	-451.1	1	0	0	0	0	0	0	0
15.08.2015 11:30:44.970000	-0.11	-0.0983722	-0.106417	324.984	-668.703	0.00289352	7	4	4	4	0.417306	347	0	0	0	0	0.375246	4.59694	122.401	-451.05	1	0	0	0	0	0	0	0
15.08.2015 11:30:45.070000	-0.11	-0.0983722	-0.106417	368.211	-668.703	0.00271267	7	4	4	4	0.385651	347	0	0	0	0	0.376707	4.83065	122.38	-450.073	1	0	0	0	0	0	0	0
15.08.2015 11:30:45.170000	-0.11	-0.0983722	-0.106417	411.089	-668.703	0.00289352	7	4	4	4	0.379123	347	0	0	0	0	0.378082	4.62362	122.353	-450.763	1	0	0	0	0	0	0	0
15.08.2015 11:30:45.270000	-0.11	-0.0983722	-0.106417	455.109	-668.707	0.00488281	7	4	4	4	0.388747	347	0	0	0	0	0.378675	4.35316	122.324	-451.686	1	0	0	0	0	0	0	0
15.08.2015 11:30:45.370000	-0.11	-0.0983722	-0.106417	484.651	-668.711	0.00578704	7	4	4	4	0.367799	347	0	0	0	0	0.379051	4.4676	122.315	-451.214	1	0	0	0	0	0	0	0
15.08.2015 11:30:45.470000	-0.11	-0.0983722	-0.106417	501.059	-668.715	0.00488281	7	4	4	4	0.383447	347	0	0	0	0	0.37934	4.67391	122.434	-450.878	1	0	0	0	0	0	0	0
15.08.2015 11:30:45.570000	-0.11	-0.0983722	-0.106417	515.982	-668.716	0.00217014	7	4	4	4	0.376099	347	0	0	0	0	0.379297	4.57662	122.589	-451.847	1	0	0	0	0	0	0	0
15.08.2015 11:30:45.670000	-0.11	-0.0983722	-0.106417	538.895	-668.719	0.00379774	7	4	4	4	0.371936	347	0	0	0	0	0.379282	4.53481	122.753	-452.634	1	0	0	0	0	0	0	0
15.08.2015 11:30:45.770000	-0.11	-0.0983722	-0.106417	554.742	-668.719	0.00434028	7	4	4	4	0.386952	347	0	0	0	0	0.378328	4.41218	122.988	-454.003	1	0	0	0	0	0	0	0
15.08.2015 11:30:45.870000	-0.11	-0.0983722	-0.106417	570.711	-668.715	0.00271267	7	4	4	4	0.40091	347	0	0	0	0	0.378805	3.83947	124.204	-460.851	1	0	0	0	0	0	0	0
15.08.2015 11:30:45.970000	-0.11	-0.0983722	-0.106417	588.68	-668.719	0.00072338	7	4	4	4	0.388244	347	0	0	0	0	0.378385	4.57265	124.451	-458.99	1	0	0	0	0	0	0	0
15.08.2015 11:30:46.070000	-0.11	-0.0983722	-0.106417	607.672	-668.719	0.0016276	7	4	4	4	0.400552	347	0	0	0	0	0.37866	4.5779	124.614	-459.594	1	0	0	0	0	0	0	0
15.08.2015 11:30:46.170000	-0.11	-0.0983722	-0.106417	622.604	-668.719	0.00325521	7	4	4	4	0.380302	347	0	0	0	0	0.378574	4.25642	124.945	-462.093	1	0	0	0	0	0	0	0
15.08.2015 11:30:46.270000	-0.11	-0.0983722	-0.106417	637.328	-668.719	0.00217014	7	4	4	4	0.368201	347	0	0	0	0	0.378762	4.40339	125.161	-462.356	1	0	0	0	0	0	0	0
15.08.2015 11:30:46.370000	-0.11	-0.0983722	-0.106417	654.839	-668.719	0.00217014	7	4	4	4	0.387926	347	0	0	0	0	0.379586	4.53829	125.372	-462.648	1	0	0	0	0	0	0	0
15.08.2015 11:30:46.470000	-0.11	-0.0983722	-0.106417	669.645	-668.719	0.00325521	7	4	4	4	0.38839	347	0	0	0	0	0.380064	4.36073	125.528	-463.925	1	0	0	0	0	0	0	0
15.08.2015 11:30:46.570000	-0.11	-0.0983722	-0.106417	681.479	-668.719	0.00289352	7	4	4	4	0.401419	347	0	0	0	0	0.381091	4.29627	125.593	-464.421	1	0	0	0	0	0	0	0
15.08.2015 11:30:46.670000	-0.11	-0.0983722	-0.106417	692.379	-668.719	0.00271267	7	4	4	4	0.372342	347	0	0	0	0	0.381076	4.43251	126.274	-466.506	1	0	0	0	0	0	0	0
15.08.2015 11:30:46.770000	-0.11	-0.0983722	-0.106417	703.979	-668.719	0.00144676	7	4	4	4	0.393432	347	0	0	0	0	0.381698	4.34388	126.455	-467.54	1	0	0	0	0	0	0	0
15.08.2015 11:30:46.870000	-0.11	-0.0983722	-0.106417	709.059	-668.719	0.00108507	7	4	4	4	0.389121	347	0	0	0	0	0.380541	4.25422	126.503	-468.065	1	0	0	0	0	0	0	0
15.08.2015 11:30:46.970000	-0.11	-0.0983722	-0.106417	710.224	-668.721	0.00289352	7	4	4	4	0.378539	347	0	0	0	0	0.380541	4.36079	126.644	-468.2	1	0	0	0	0	0	0	0
15.08.2015 11:30:47.070000	-0.11	-0.0983722	-0.106417	710.957	-668.719	0.00325521	7	4	4	4	0.378478	347	0	0	0	0	0.379485	4.35945	126.834	-468.932	1	0	0	0	0	0	0	0
15.08.2015 11:30:47.170000	-0.11	-0.0983722	-0.106417	711.07	-668.724	0.00108507	7	4	4	4	0.371057	347	0	0	0	0	0.378747	4.32496	127.147	-470.26	1	0	0	0	0	0	0	0
15.08.2015 11:30:47.270000	-0.11	-0.0983722	-0.106417	711.07	-668.727	0.0016276	7	4	4	4	0.379057	347	0	0	0	0	0.377604	4.82077	127.395	-469.312	1	0	0	0	0	0	0	0
15.08.2015 11:30:47.370000	-0.11	-0.0983722	-0.106417	711.07	-668.724	0.00289352	7	4	4	4	0.400104	347	0	0	0	0	0.376823	4.91629	127.587	-469.681	1	0	0	0	0	0	0	0
15.08.2015 11:30:47.470000	-0.11	-0.0983722	-0.106417	711.07	-668.719	0.00325521	7	4	4	4	0.373366	347	0	0	0	0	0.376157	3.98437	127.733	-473.809	1	0	0	0	0	0	0	0
15.08.2015 11:30:47.570000	-0.11	-0.0983722	-0.106417	711.07	-668.727	0.00397859	7	4	4	4	0.388499	347	0	0	0	0	0.375087	4.65462	127.904	-471.899	1	0	0	0	0	0	0	0
15.08.2015 11:30:47.670000	-0.11	-0.0983722	-0.106417	711.07	-668.727	0.00271267	7	4	4	4	0.398749	347	0	0	0	0	0.373336	4.57735	128.053	-472.762	1	0	0	0	0	0	0	0
15.08.2015 11:30:47.770000	-0.11	-0.0983722	-0.106417	711.07	-668.732	0.00253183	7	4	4	4	0.404579	347	0	0	0	0	0.369777	4.1578	128.227	-475.04	1	0	0	0	0	0	0	0
15.08.2015 11:30:47.870000	-0.11	-0.0983722	-0.106417	711.07	-668.734	0.00271267	7	4	4	4	0.394546	347	0	0	0	0	0.368424	4.54317	128.399	-474.215	1	0	0	0	0	0	0	0
15.08.2015 11:30:47.970000	-0.11	-0.0983722	-0.106417	711.07	-668.727	0.00072338	7	4	4	4	0.376223	347	0	0	0	0	0.366681	4.60417	128.388	-473.945	1	0	0	0	0	0	0	0
15.08.2015 11:30:48.070000	-0.11	-0.0983722	-0.106417	711.07	-668.734	0.00217014	7	4	4	4	0.38285	347	0	0	0	0	0.3665	4.39729	128.535	-475.3	1	0	0	0	0	0	0	0
15.08.2015 11:30:48.170000	-0.11	-0.0983722	-0.106417	711.07	-668.734	0.00108507	7	4	4	4	0.398173	347	0	0	0	0	0.365017	4.46413	129.126	-477.304	1	0	0	0	0	0	0	0
15.08.2015 11:30:48.270000	-0.11	-0.0983722	-0.106417	711.078	-668.734	0	7	4	4	4	0.413704	347	0	0	0	0	0.364909	4.59572	129.113	-476.751	1	0	0	0	0	0	0	0
15.08.2015 11:30:48.370000	-0.11	-0.0983722	-0.106417	711.076	-668.734	0.00108507	7	4	4	4	0.414345	347	0	0	0	0	0.364837	4.57863	129.116	-476.828	1	0	0	0	0	0	0	0
15.08.2015 11:30:48.470000	-0.11	-0.0983722	-0.106417	711.074	-668.734	0.0016276	7	4	4	4	0.398758	347	0	0	0	0	0.364909	4.4358	129.123	-477.401	1	0	0	0	0	0	0	0
15.08.2015 11:30:48.570000	-0.11	-0.0983722	-0.106417	711.078	-668.734	0.00072338	7	4	4	4	0.409576	347	0	0	0	0	0.365632	4.49477	129.151	-477.286	1	0	0	0	0	0	0	0
15.08.2015 11:30:48.670000	-0.11	-0.0983722	-0.106417	711.078	-668.734	0.00379774	7	4	4	4	0.398386	347	0	0	0	0	0.36726	3.79308	129.365	-480.79	1	0	0	0	0	0	0	0
15.08.2015 11:30:48.770000	-0.11	-0.0983722	-0.106417	711.078	-668.734	0.00108507	7	4	4	4	0.376805	347	0	0	0	0	0.369249	4.41212	127.87	-472.694	1	0	0	0	0	0	0	0
15.08.2015 11:30:48.870000	-0.11	-0.0983722	-0.106417	711.086	-668.734	0.000542535	7	4	4	4	0.358964	347	0	0	0	0	0.372468	4.69497	129.378	-477.386	1	0	0	0	0	0	0	0
15.08.2015 11:30:48.970000	-0.11	-0.0983722	-0.106417	711.094	-668.734	0.00072338	7	4	4	4	0.383763	347	0	0	0	0	0.376049	5.97784	130.12	-475.317	1	0	0	0	0	0	0	0
15.08.2015 11:30:49.070000	-0.11	-0.0983722	-0.106417	711.094	-668.734	0.000542535	7	4	4	4	0.397083	347	0	0	0	0	0.379376	4.76034	129.725	-478.464	1	0	0	0	0	0	0	0
15.08.2015 11:30:49.170000	-0.11	-0.0983722	-0.106417	711.094	-668.734	0.00108507	7	4	4	4	0.418662	347	0	0	0	0	0.384042	4.57503	129.084	-476.722	1	0	0	0	0	0	0	0
15.08.2015 11:30:49.270000	-0.11	-0.0983722	-0.106417	711.094	-668.734	0.00108507	7	4	4	4	0.423034	347	0	0	0	0	0.389178	5.14628	128.786	-473.392	1	0	0	0	0	0	0	0
15.08.2015 11:30:49.370000	-0.11	-0.0983722	-0.106417	711.096	-668.734	0.00072338	7	4	4	4	0.396637	347	0	0	0	0	0.393699	4.93002	128.717	-473.957	1	0	0	0	0	0	0	0
15.08.2015 11:30:49.470000	-0.11	-0.0983722	-0.106417	711.098	-668.734	0.00108507	7	4	4	4	0.410994	347	0	0	0	0	0.397931	4.82479	128.434	-473.274	1	0	0	0	0	0	0	0
15.08.2015 11:30:49.570000	-0.11	-0.0983722	-0.106417	711.096	-668.734	0.00036169	7	4	4	4	0.43864	347	0	0	0	0	0.403863	4.85629	128.646	-473.964	1	0	0	0	0	0	0	0
15.08.2015 11:30:49.670000	-0.11	-0.0983722	-0.106417	711.102	-668.734	0.00108507	7	4	4	4	0.412018	347	0	0	0	0	0.409686	5.11148	128.717	-473.263	1	0	0	0	0	0	0	0
15.08.2015 11:30:49.770000	-0.11	-0.0983722	-0.106417	711.094	-668.734	0.00036169	7	4	4	4	0.413846	347	0	0	0	0	0.414171	4.86587	128.433	-473.113	1	0	0	0	0	0	0	0
15.08.2015 11:30:49.870000	-0.11	-0.0983722	-0.106417	711.102	-668.734	0	7	4	4	4	0.399285	347	0	0	0	0	0.41985	4.73366	128.172	-472.619	1	0	0	0	0	0	0	0
15.08.2015 11:30:49.970000	-0.11	-0.0983722	-0.106417	711.102	-668.734	0.00253183	7	4	4	4	0.39392	347	0	0	0	0	0.426722	4.35377	128.12	-473.876	1	0	0	0	0	0	0	0
15.08.2015 11:30:50.070000	-0.11	-0.0983722	-0.106417	711.102	-668.734	0.000542535	7	4	4	4	0.393801	347	0	0	0	0	0.431641	5.44023	124.832	-457.126	1	0	0	0	0	0	0	0
15.08.2015 11:30:50.170000	-0.11	-0.0983722	-0.106417	711.086	-668.734	0	7	4	4	4	0.398589	347	0.0174097	0	0	0	0.434606	45.8027	110.999	-249.626	1	0	0	0	0	0	0	0
15.08.2015 11:30:50.270000	-0.11	-0.0983722	-0.106417	710.672	-668.734	0.00325521	7	4	4	4	0.419555	347	1.42411	0	0	24.7179	0.437464	114.458	84.0162	116.554	1	0	0	0	0	0	0	0
15.08.2015 11:30:50.370000	-0.11	-0.0983722	-0.106417	702.995	-668.734	0.00578704	7	4	4	4	0.421701	347	4.77423	0	0	34.5991	0.437211	110.047	83.4188	101.955	1	0	0	0	0	0	0	0
15.08.2015 11:30:50.470000	-0.11	-0.0983722	-0.106417	682.938	-668.734	0.00217014	7	4	4	4	0.400823	347	8.28202	0	0	35.6331	0.435221	111.244	85.0627	100.242	1	0	0	0	0	0	0	0
15.08.2015 11:30:50.570000	-0.11	-0.0983722	-0.106417	665.74	-668.734	0.00289352	7	4	4	4	0.411526	347	11.8411	0	0	35.5368	0.431677	114.553	88.732	98.8622	1	0	0	0	0	0	0	0
15.08.2015 11:30:50.670000	-0.11	-0.0983722	-0.106417	643.742	-668.734	0.00325521	7	4	4	4	0.42589	347	15.3976	0	0	35.5292	0.42636	118.194	92.3675	98.8828	1	0	0	0	0	0	0	0
15.08.2015 11:30:50.770000	-0.11	-0.0983722	-0.106417	612.438	-668.742	0.0036169	7	4	4	4	0.410647	347	18.9183	0	0	34.9083	0.420862	119.654	94.3232	96.9877	1	0	0	0	0	0	0	0
15.08.2015 11:30:50.870000	-0.11	-0.0983722	-0.106417	573.023	-668.742	0.00434028	7	4	4	4	0.40224	347	22.4013	0	0	34.9119	0.414497	119.702	94.4395	96.7255	1	0.04	0	0	0	0	0	0
15.08.2015 11:30:50.970000	-0.11	-0.0983722	-0.106417	537.719	-668.742	0.00180845	7	4	4	4	0.406957	347	26.207	38	0	45.7437	0.408492	114.078	85.4181	109.735	1	1	0	0	0	0	0	0
15.08.2015 11:30:51.070000	-0.11	-0.0983722	-0.106417	498.785	-668.746	0.00108507	7	4	4	4	0.385989	347	30.2048	49.99	0	30.3346	0.398835	101.883	80.4836	81.9328	1	1	0	0	0	0	0	0
15.08.2015 11:30:51.170000	-0.11	-0.0983722	-0.106417	449.49	-668.76	0.00036169	7	4	4	4	0.395128	347	32.5058	44.5501	0	19.2568	0.392759	83.9308	62.994	80.1628	1	1	0	0	0	0	0	0
15.08.2015 11:30:51.270000	-0.11	-0.0983722	-0.106417	406.949	-668.766	0.00108507	7	4	4	4	0.40966	347	33.5708	34.5502	0	10.0787	0.385561	61.438	36.7683	94.4556	1	1	0	0	0	0	0	0
15.08.2015 11:30:51.370000	-0.11	-0.0983722	-0.106417	371.565	-668.789	0.00108507	7	4	4	4	54.1253	347	34.311	17.0832	0	6.87743	1.06955	52.6313	28.5597	92.1653	1	1	1	0	0	0	0	0
15.08.2015 11:30:51.470000	-0.11	-0.0983722	-0.106417	339.055	-668.785	0.00108507	7	4	4	4	87.0835	347	34.5756	5.21424	0	4.56858	7.34628	49.6503	24.5806	95.9865	1	1	1	0	0	0	0	0
15.08.2015 11:30:51.570000	-0.11	-0.0983722	-0.106417	296.188	-668.773	0.00036169	7	4	4	4	87.1996	347	34.7243	5.21424	0	2.32454	10.5098	47.354	22.549	94.9732	1	1	1	0	0	0	0	0
15.08.2015 11:30:51.670000	-0.11	-0.0983722	-0.106417	267.535	-668.777	0	7	4	4	4	87.3358	347	34.8681	5.21424	0	1.78539	11.4078	46.3299	21.0241	96.891	1	1	1	0	0	0	0	0
15.08.2015 11:30:51.770000	-0.11	-0.0983722	-0.106417	244.492	-668.781	0.00036169	7	4	4	4	87.1629	347	35.0073	5.21424	0	1.34427	11.7046	45.4725	19.9741	97.6285	1	1	1	0	0	0	0	0
15.08.2015 11:30:51.870000	-0.11	-0.0983722	-0.106417	226.543	-668.785	0.00108507	7	4	4	4	87.1057	347	35.1407	5.21424	0	1.52183	11.7699	44.3394	19.1514	96.4399	1	1	1	0	0	0	0	0
15.08.2015 11:30:51.970000	-0.11	-0.0983722	-0.106417	205.284	-668.789	0.00108507	7	4	4	4	86.9719	347	35.269	5.21424	0	1.5352	11.7879	43.696	18.4901	96.5084	1	1	1	0	0	0	0	0
15.08.2015 11:30:52.070000	-0.11	-0.0983722	-0.106417	187.918	-668.789	0.000542535	7	4	4	4	86.8271	347	35.3963	5.21424	0	1.2888	11.7924	42.7404	18.0298	94.6119	1	1	1	0	0	0	0	0
15.08.2015 11:30:52.170000	-0.11	-0.0983722	-0.106417	171.755	-668.789	0.00036169	7	4	4	4	86.9227	347	35.5187	5.21424	0	1.2888	11.797	41.2909	17.7272	90.221	1	1	1	0	0	0	0	0
15.08.2015 11:30:52.270000	-0.11	-0.0983722	-0.106417	149.293	-668.789	0.000542535	7	4	4	4	87.1482	347	35.642	5.21424	0	1.21226	11.7997	42.7246	17.4686	96.7	1	1	1	0	0	0	0	0
15.08.2015 11:30:52.370000	-0.11	-0.0983722	-0.106417	138.406	-668.789	0.00144676	7	4	4	4	87.2991	347	35.7609	5.21424	0	1.20737	11.8039	42.0919	17.2599	95.0767	1	1	1	0	0	0	0	0
15.08.2015 11:30:52.470000	-0.11	-0.0983722	-0.106417	130.594	-668.793	0.00108507	7	4	4	4	87.4525	347	35.8783	5.21424	0	1.19737	11.8171	42.0174	17.0907	95.4392	1	1	1	0	0	0	0	0
15.08.2015 11:30:52.570000	-0.11	-0.0983722	-0.106417	127.661	-668.794	0.00325521	7	4	4	4	87.2292	347	36.0032	5.21424	0	1.19574	11.8193	41.4676	17.1897	92.9555	1	1	1	0	0	0	0	0
15.08.2015 11:30:52.670000	-0.11	-0.0983722	-0.106417	126.457	-668.797	0.00325521	7	4	4	4	87.4058	347	36.1216	5.21424	0	1.20036	11.8145	41.5067	17.2087	93.0321	1	1	1	0	0	0	0	0
15.08.2015 11:30:52.770000	-0.11	-0.0983722	-0.106417	127.286	-668.802	0.00325521	7	4	4	4	87.5392	347	36.2414	5.21424	0	1.20159	11.819	41.7037	17.0601	94.3556	1	1	1	0	0	0	0	0
15.08.2015 11:30:52.870000	-0.11	-0.0983722	-0.106417	127.43	-668.805	0.00217014	7	4	4	4	87.5742	347	36.3553	5.21424	0	1.17295	11.8247	41.2694	16.851	93.4934	1	1	1	0	0	0	0	0
15.08.2015 11:30:52.970000	-0.11	-0.0983722	-0.106417	127.531	-668.805	0.00144676	7	4	4	4	87.5169	347	36.4727	5.21424	0	1.15683	11.8208	41.5995	16.8209	94.8723	1	1	1	0	0	0	0	0
15.08.2015 11:30:53.070000	-0.11	-0.0983722	-0.106417	127.559	-668.805	0	7	4	4	4	87.6541	347	36.5911	5.21424	0	1.17171	11.8237	41.6274	16.7375	95.2983	1	1	1	0	0	0	0	0
15.08.2015 11:30:53.170000	-0.11	-0.0983722	-0.106417	127.565	-668.81	0.00144676	7	4	4	4	87.564	347	36.707	5.21424	0	1.18439	11.8285	41.8245	16.714	96.1429	1	1	1	0	0	0	0	0
15.08.2015 11:30:53.270000	-0.11	-0.0983722	-0.106417	127.582	-668.816	0.00108507	7	4	4	4	87.6799	347	36.8194	5.21424	0	1.17552	11.8326	42.0204	16.7011	96.9424	1	1	1	0	0	0	0	0
15.08.2015 11:30:53.370000	-0.11	-0.0983722	-0.106417	127.609	-668.818	0.00072338	7	4	4	4	87.5307	347	36.9413	5.21424	0	1.16222	11.8326	41.5972	16.7334	95.1985	1	1	1	0	0	0	0	0
15.08.2015 11:30:53.470000	-0.11	-0.0983722	-0.106417	127.625	-668.82	0.000542535	7	4	4	4	87.6384	347	37.0567	5.21424	0	1.16529	11.835	42.0122	16.7326	96.7905	1	1	1	0	0	0	0	0
15.08.2015 11:30:53.570000	-0.11	-0.0983722	-0.106417	127.625	-668.82	0.00072338	7	4	4	4	87.5652	347	37.1696	5.21424	0	1.17319	11.8421	41.7861	16.7539	95.843	1	1	1	0	0	0	0	0
15.08.2015 11:30:53.670000	-0.11	-0.0983722	-0.106417	127.625	-668.82	0	7	4	4	4	87.4685	347	37.291	5.21424	0	1.17106	11.8398	41.813	16.7726	95.8746	1	1	1	0	0	0	0	0
15.08.2015 11:30:53.770000	-0.11	-0.0983722	-0.106417	127.633	-668.82	0.00072338	7	4	4	4	87.3816	347	37.4059	5.21424	0	1.15677	11.8425	41.9119	16.7788	96.2298	1	1	1	0	0	0	0	0
15.08.2015 11:30:53.870000	-0.11	-0.0983722	-0.106417	127.637	-668.824	0.00108507	7	4	4	4	87.5091	347	37.5208	5.21424	0	1.15677	11.8418	42.1995	16.7786	97.3317	1	1	1	0	0	0	0	0
15.08.2015 11:30:53.970000	-0.11	-0.0983722	-0.106417	127.641	-668.828	0.00108507	7	4	4	4	87.5777	347	37.6447	5.21424	0	1.16761	11.8451	41.9294	16.7989	96.2195	1	1	1	0	0	0	0	0
15.08.2015 11:30:54.070000	-0.11	-0.0983722	-0.106417	127.641	-668.828	0.00108507	7	4	4	4	87.7317	347	37.7571	5.21424	0	1.16761	11.8508	41.8105	16.7984	95.7664	1	1	1	0	0	0	0	0
15.08.2015 11:30:54.170000	-0.11	-0.0983722	-0.106417	127.641	-668.828	0.00072338	7	4	4	4	87.6741	347	37.8745	5.21424	0	1.18269	11.8543	41.8968	16.8041	96.0749	1	1	1	0	0	0	0	0
15.08.2015 11:30:54.270000	-0.11	-0.0983722	-0.106417	127.641	-668.828	0.00108507	7	4	4	4	87.8639	347	37.9938	5.21424	0	1.18436	11.8576	41.762	16.8128	95.5254	1	1	1	0	0	0	0	0
15.08.2015 11:30:54.370000	-0.11	-0.0983722	-0.106417	127.641	-668.828	0	7	4	4	4	88.0783	347	38.1082	5.21424	0	1.1756	11.8645	41.8381	16.8144	95.8106	1	1	1	0	0	0	0	0
15.08.2015 11:30:54.470000	-0.11	-0.0983722	-0.106417	127.648	-668.828	0.00217014	7	4	4	4	88.1105	347	38.2271	5.21424	0	1.17313	11.8799	42.0902	16.8211	96.7503	1	1	1	0	0	0	0	0
15.08.2015 11:30:54.570000	-0.11	-0.0983722	-0.106417	127.648	-668.828	0.00470197	7	4	4	4	88.1611	347	38.3425	5.21424	0	1.16275	11.8856	41.8943	16.8324	95.9573	1	1	1	0	0	0	0	0
15.08.2015 11:30:54.670000	-0.11	-0.0983722	-0.106417	127.648	-668.84	0.00542535	7	4	4	4	88.349	347	38.4584	5.21424	0	1.15665	11.8888	41.8195	16.8602	95.5642	1	1	1	0	0	0	0	0
15.08.2015 11:30:54.770000	-0.11	-0.0983722	-0.106417	127.648	-668.844	0.00614873	7	4	4	4	88.3385	347	38.5788	5.21424	0	1.16831	11.895	41.854	16.8941	95.5666	1	1	1	0	0	0	0	0
15.08.2015 11:30:54.870000	-0.11	-0.0983722	-0.106417	127.656	-668.844	0.00542535	7	4	4	4	88.4229	347	38.6992	5.21424	0	1.17906	11.8995	41.9495	16.8972	95.9202	1	1	1	0	0	0	0	0
15.08.2015 11:30:54.970000	-0.11	-0.0983722	-0.106417	127.654	-668.844	0.00651042	7	4	4	4	88.3305	347	38.8186	5.21424	0	1.19509	11.9013	42.0189	16.8961	96.1899	1	1	1	0	0	0	0	0
15.08.2015 11:30:55.070000	-0.11	-0.0983722	-0.106417	127.664	-668.844	0.00651042	7	4	4	4	88.4261	347	38.9409	5.21424	0	1.21317	11.9016	41.7927	16.8979	95.317	1	1	1	0	0	0	0	0
15.08.2015 11:30:55.170000	-0.11	-0.0983722	-0.106417	127.659	-668.844	0.00470197	7	4	4	4	88.4031	347	39.0578	5.21424	0	1.20848	11.9052	41.8982	16.8925	95.7416	1	1	1	0	0	0	0	0
15.08.2015 11:30:55.270000	-0.11	-0.0983722	-0.106417	127.664	-668.844	0.00217014	7	4	4	4	88.3416	347	39.1802	5.21424	0	1.20144	11.9085	41.8925	16.8945	95.7124	1	1	1	0	0	0	0	0
15.08.2015 11:30:55.370000	-0.11	-0.0983722	-0.106417	127.664	-668.844	0.00289352	7	4	4	4	88.2291	347	39.2991	5.21424	0	1.19784	11.9058	41.9896	16.9017	96.0564	1	1	1	0	0	0	0	0
15.08.2015 11:30:55.470000	-0.11	-0.0983722	-0.106417	127.664	-668.844	0.00271267	7	4	4	4	88.3139	347	39.4189	5.21424	0	1.18982	11.9144	41.9458	16.9052	95.8753	1	1	1	0	0	0	0	0
15.08.2015 11:30:55.570000	-0.11	-0.0983722	-0.106417	127.669	-668.844	0.00253183	7	4	4	4	88.2691	347	39.5388	5.21424	0	1.19119	11.9137	42.0139	16.917	96.0912	1	1	1	0	0	0	0	0
15.08.2015 11:30:55.670000	-0.11	-0.0983722	-0.106417	127.664	-668.844	0.00271267	7	4	4	4	88.2132	347	39.6547	5.21424	0	1.19575	11.9172	41.8502	16.9099	95.4913	1	1	1	0	0	0	0	0
15.08.2015 11:30:55.770000	-0.11	-0.0983722	-0.106417	127.669	-668.844	0.00108507	7	4	4	4	88.1129	347	39.7751	5.21424	0	1.1943	11.9181	42.2035	16.911	96.8398	1	1	1	0	0	0	0	0
15.08.2015 11:30:55.870000	-0.11	-0.0983722	-0.106417	127.668	-668.844	0.000542535	7	4	4	4	88.2039	347	39.8925	5.21424	0	1.18455	11.9128	41.8253	16.92	95.3574	1	1	1	0	0	0	0	0
15.08.2015 11:30:55.970000	-0.11	-0.0983722	-0.106417	127.672	-668.844	0	7	4	4	4	88.268	347	40.0094	5.21424	0	1.18454	11.9183	41.2308	16.9331	93.031	1	1	1	0	0	0	0	0
15.08.2015 11:30:56.070000	-0.11	-0.0983722	-0.106417	127.672	-668.844	0.000542535	7	4	4	4	88.3452	347	40.1313	5.21424	0	1.18436	11.9146	42.2388	16.928	96.9101	1	1	1	0	0	0	0	0
15.08.2015 11:30:56.170000	-0.11	-0.0983722	-0.106417	127.672	-668.844	0.00108507	7	4	4	4	126.595	347	40.2491	5.21424	0	1.18436	11.9115	41.8445	16.9304	95.3908	1	1	1	0	0	0	0	0
15.08.2015 11:30:56.270000	-0.11	-0.0983722	-0.106417	127.672	-668.844	0	7	4	4	4	202.68	347	40.371	5.21424	0	1.19509	11.7318	42.5315	16.9201	98.0611	1	1	1	0	0	0	0	0
15.08.2015 11:30:56.370000	-0.11	-0.0983722	-0.106417	127.677	-668.844	0.00072338	7	4	4	4	381.826	347	40.4899	5.21424	0	1.19566	11.4767	42.8527	16.9195	99.2931	1	1	1	0	0	0	0	0
15.08.2015 11:30:56.470000	-0.11	-0.0983722	-0.106417	127.68	-668.852	0	7	4	4	4	392.838	347	40.6093	5.21424	0	1.19569	11.0983	42.6167	16.9295	98.3511	1	1	1	0	0	0	0	0
15.08.2015 11:30:56.570000	-0.11	-0.0983722	-0.106417	127.68	-668.846	-0.00108507	7	4	4	4	1108.82	347	40.7296	5.21424	0	1.19569	10.7525	41.6077	16.8656	94.7325	1	1	1	0	0	0	0	0
15.08.2015 11:30:56.670000	-0.11	-0.0983722	-0.106417	127.68	-668.852	0.000542535	7	4	4	4	441.509	347	40.8485	5.21424	0	1.20043	10.5411	42.1116	16.9402	96.3763	1	1	1	0	0	0	0	0
15.08.2015 11:30:56.770000	-0.11	-0.0983722	-0.106417	127.68	-668.854	0.00072338	7	4	4	4	1054.9	347	40.9694	5.21424	0	1.20161	10.7346	42.3016	16.8822	97.3261	1	1	1	0	0	0	0	0
15.08.2015 11:30:56.870000	-0.11	-0.0983722	-0.106417	127.68	-668.859	0.000542535	7	4	4	4	846.493	347	41.0893	5.21424	0	1.20582	10.4931	41.8566	16.9491	95.3661	1	1	1	0	0	0	0	0
15.08.2015 11:30:56.970000	-0.11	-0.0983722	-0.106417	127.682	-668.854	0.00072338	7	4	4	4	642.979	347	41.2087	5.21424	0	1.2073	10.5621	41.91	16.9517	95.5603	1	1	1	0	0	0	0	0
15.08.2015 11:30:57.070000	-0.11	-0.0983722	-0.106417	127.691	-668.855	0.000542535	7	4	4	4	1059.16	347	41.3285	5.21424	0	1.19257	10.5776	41.9877	16.9358	95.9188	1	1	1	0	0	0	0	0
15.08.2015 11:30:57.170000	-0.11	-0.0983722	-0.106417	127.693	-668.857	0.00036169	7	4	4	4	589.272	347	41.4459	5.21424	0	1.18429	10.4817	41.9425	16.9997	95.5011	1	1	1	0	0	0	0	0
15.08.2015 11:30:57.270000	-0.11	-0.0983722	-0.106417	127.695	-668.859	0.000542535	7	4	4	4	753.727	347	41.5648	5.21424	0	1.18428	10.6754	42.1765	16.9892	96.4373	1	1	1	0	0	0	0	0
15.08.2015 11:30:57.370000	-0.11	-0.0983722	-0.106417	127.695	-668.859	0.00036169	7	4	4	4	698.442	347	41.6832	5.21424	0	1.18428	10.6699	42.1835	17.0089	96.3883	1	1	1	0	0	0	0	0
15.08.2015 11:30:57.470000	-0.11	-0.0983722	-0.106417	127.695	-668.855	0.000542535	7	4	4	4	602.358	347	41.8006	5.21424	0	1.18952	10.6857	41.9033	17.0118	95.3046	1	1	1	0	0	0	0	0
15.08.2015 11:30:57.570000	-0.11	-0.0983722	-0.106417	127.695	-668.859	0.00108507	7	4	4	4	669.509	347	41.924	5.21424	0	1.19567	10.7701	41.994	17.0121	95.6507	1	1	1	0	0	0	0	0
15.08.2015 11:30:57.670000	-0.11	-0.0983722	-0.106417	127.695	-668.859	0.00271267	7	4	4	4	658.437	347	42.0418	5.21424	0	1.20035	10.7693	42.1017	17.0052	96.0896	1	1	1	0	0	0	0	0
15.08.2015 11:30:57.770000	-0.11	-0.0983722	-0.106417	127.701	-668.859	0.00108507	7	4	4	4	508.019	347	42.1567	3.3339	0	1.20739	10.7589	42.0046	17.1629	95.1141	1	1	1	0.55	0	0	0	0
15.08.2015 11:30:57.870000	-0.11	-0.0983722	-0.106417	127.699	-668.859	0.00108507	7	4	4	4	84.9306	347	42.2085	2.21046	0.415005	1.20739	9.82205	42.3546	17.2281	96.1894	1	1	1	1	0	0	0	0
15.08.2015 11:30:57.970000	-0.11	-0.0983722	-0.106417	127.703	-668.859	0.00108507	7	4	4	4	187.504	347	42.2707	2.92625	1.13079	1.17962	9.06066	42.553	17.4946	95.9435	1	1	1	1	0	0	0	0
15.08.2015 11:30:58.070000	-0.11	-0.0983722	-0.106417	127.703	-668.859	0	7	4	4	4	417.754	347	42.3468	2.92162	1.12617	0.74459	8.53841	42.8373	17.7148	96.1889	1	1	1	1	0	0	0	0
15.08.2015 11:30:58.170000	-0.11	-0.0983722	-0.106417	127.708	-668.859	0.00180845	7	4	4	4	512.366	347	42.4109	2.53492	0.73947	0.74459	8.26078	42.9815	17.8934	96.0573	1	1	1	1	0	0	0	0
15.08.2015 11:30:58.270000	-0.11	-0.0983722	-0.106417	127.715	-668.859	0.0016276	7	4	4	4	541.666	347	42.4711	2.03765	0.242165	0.74459	8.08706	43.2275	18.0607	96.3689	1	1	1	1	0	0	0	0
15.08.2015 11:30:58.370000	-0.11	-0.0983722	-0.106417	127.714	-668.859	0.00036169	7	4	4	4	434.258	347	42.5209	1.57473	-0.220717	0.74459	8.04115	43.378	18.2167	96.3276	1	1	1	1	0	0	0	0
15.08.2015 11:30:58.470000	-0.11	-0.0983722	-0.106417	127.711	-668.859	-0.00108507	7	4	4	4	418.501	347	42.5602	1.24755	-0.547971	0.628394	8.06063	43.5372	18.3692	96.3932	1	1	1	1	0	0	0	0
15.08.2015 11:30:58.570000	-0.11	-0.0983722	-0.106417	127.716	-668.859	0	7	4	4	4	321.338	347	42.597	1.25935	-0.53607	0.560151	8.11224	43.697	18.5064	96.4567	1	1	1	1	0	0	0	0
15.08.2015 11:30:58.670000	-0.11	-0.0983722	-0.106417	127.719	-668.859	0.000542535	7	4	4	4	438.385	347	42.6333	1.17909	-0.616353	0.560151	8.17908	43.7996	18.6207	96.3981	1	1	1	1	0	0	0	0
15.08.2015 11:30:58.770000	-0.11	-0.0983722	-0.106417	127.719	-668.859	-0.00036169	7	4	4	4	312.919	347	42.6785	1.14264	-0.65281	0.560151	8.17257	43.8959	18.7115	96.4259	1	1	1	1	0	0	0	0
15.08.2015 11:30:58.870000	-0.11	-0.0983722	-0.106417	127.719	-668.859	-0.0016276	7	4	4	4	348.766	347	42.7129	1.18368	-0.611767	0.560151	8.2467	44.0151	18.8092	96.5261	1	1	1	1	0	0	0	0
15.08.2015 11:30:58.970000	-0.11	-0.0983722	-0.106417	127.719	-668.859	-0.00180845	7	4	4	4	396.214	347	42.7467	1.12412	-0.671327	0.560151	8.21322	44.1263	18.9046	96.5687	1	1	1	1	0	0	0	0
15.08.2015 11:30:59.070000	-0.11	-0.0983722	-0.106417	127.719	-668.859	-0.00108507	7	4	4	4	237.818	347	42.781	1.11961	-0.675836	0.549256	8.19013	44.1956	18.9882	96.5142	1	1	1	1	0	0	0	0
15.08.2015 11:30:59.170000	-0.11	-0.0983722	-0.106417	127.719	-668.859	-0.00144676	7	4	4	4	407.846	347	42.8278	1.29582	-0.499628	0.378554	8.30347	44.2883	19.0719	96.5486	1	1	1	1	0	0	0	0
15.08.2015 11:30:59.270000	-0.11	-0.0983722	-0.106417	127.719	-668.859	-0.00108507	7	4	4	4	279.539	347	42.87	1.14337	-0.65208	0.378554	8.26493	44.3636	19.1455	96.5551	1	1	1	1	0	0	0	0
15.08.2015 11:30:59.370000	-0.11	-0.0983722	-0.106417	127.721	-668.859	-0.00072338	7	4	4	4	411.802	347	42.9019	1.17776	-0.617692	0.378554	8.2785	44.423	19.2008	96.5708	1	1	1	1	0	0	0	0
15.08.2015 11:30:59.470000	-0.11	-0.0983722	-0.106417	127.727	-668.859	0.00108507	7	4	4	4	350.145	347	42.9342	1.1652	-0.630253	0.378554	8.21814	44.4796	19.2569	96.5727	1	1	1	1	0	0	0	0
15.08.2015 11:30:59.570000	-0.11	-0.0983722	-0.106417	127.729	-668.859	0.00036169	7	4	4	4	349.694	347	42.977	1.14862	-0.646831	0.378554	8.22755	44.5521	19.324	96.5937	1	1	1	1	0	0	0	0
15.08.2015 11:30:59.670000	-0.11	-0.0983722	-0.106417	127.727	-668.859	0.00108507	7	4	4	4	337.805	347	43.0198	1.12063	-0.674824	0.378554	8.24028	44.5954	19.3744	96.5661	1	1	1	1	0	0	0	0
15.08.2015 11:30:59.770000	-0.11	-0.0983722	-0.106417	127.729	-668.859	0.00072338	7	4	4	4	354.86	347	43.0546	1.11139	-0.684056	0.380829	8.26927	44.6135	19.4346	96.4051	1	1	1	1	0	0	0	0
15.08.2015 11:30:59.870000	-0.11	-0.0983722	-0.106417	127.727	-668.859	0.00108507	7	4	4	4	398.035	347	43.0859	1.09316	-0.702291	0.382617	8.25573	44.666	19.4759	96.4479	1	1	1	1	0	0	0	0
15.08.2015 11:30:59.970000	-0.11	-0.0983722	-0.106417	127.732	-668.859	0.00036169	7	4	4	4	342.888	347	43.1262	1.04317	-0.752277	0.382617	8.23909	44.7196	19.5135	96.5089	1	1	1	1	0	0	0	0
15.08.2015 11:31:00.070000	-0.11	-0.0983722	-0.106417	127.734	-668.859	0.00108507	7	4	4	4	286.586	347	43.168	1.02597	-0.769483	0.382617	8.26432	44.7345	19.5552	96.4063	1	1	1	1	0	0	0	0
15.08.2015 11:31:00.170000	-0.11	-0.0983722	-0.106417	127.737	-668.859	0.00072338	7	4	4	4	307.41	347	43.2028	1.06975	-0.725699	0.382617	8.27975	44.7767	19.579	96.4771	1	1	1	1	0	0	0	0
15.08.2015 11:31:00.270000	-0.11	-0.0983722	-0.106417	127.734	-668.859	0.00108507	7	4	4	4	363.294	347	43.2391	1.12001	-0.675443	0.382617	8.25891	44.8155	19.6153	96.4862	1	1	1	1	0	0	0	0
15.08.2015 11:31:00.370000	-0.11	-0.0983722	-0.106417	127.742	-668.859	0.00144676	7	4	4	4	332.645	347	43.2754	1.15913	-0.636325	0.382617	8.26473	44.8308	19.6445	96.4336	1	1	1	1	0	0	0	0
15.08.2015 11:31:00.470000	-0.11	-0.0983722	-0.106417	127.742	-668.859	0.00271267	7	4	4	4	364.397	347	43.3242	1.18845	-0.606998	0.378062	8.27231	44.8464	19.665	96.4144	1	1	1	1	0	0	0	0
15.08.2015 11:31:00.570000	-0.11	-0.0983722	-0.106417	127.747	-668.859	0.00180845	7	4	4	4	251.965	347	43.3625	1.21012	-0.585332	0.377969	8.27783	44.8752	19.6957	96.4074	1	1	1	1	0	0	0	0
15.08.2015 11:31:00.670000	-0.11	-0.0983722	-0.106417	127.746	-668.859	0.00325521	7	4	4	4	378.812	347	43.4038	1.29358	-0.501869	0.377969	8.30613	44.9039	19.7092	96.4656	1	1	1	1	0	0	0	0
15.08.2015 11:31:00.770000	-0.11	-0.0983722	-0.106417	127.745	-668.859	0.00253183	7	4	4	4	289.815	347	43.4466	1.35554	-0.439909	0.377969	8.28536	44.896	19.7341	96.3399	1	1	1	1	0	0	0	0
15.08.2015 11:31:00.870000	-0.11	-0.0983722	-0.106417	127.75	-668.859	0.00271267	7	4	4	4	310.164	347	43.4888	1.43651	-0.358939	0.377969	8.32396	44.8983	19.7476	96.2971	1	1	1	1	0	0	0	0
15.08.2015 11:31:00.970000	-0.11	-0.0983722	-0.106417	127.75	-668.859	0.00144676	7	4	4	4	438.042	347	43.5346	1.50214	-0.293312	0.389113	8.28623	44.9301	19.7483	96.4161	1	1	1	1	0	0	0	0
15.08.2015 11:31:01.070000	-0.11	-0.0983722	-0.106417	127.75	-668.859	0	7	4	4	4	387.203	347	43.5828	1.47344	-0.322009	0.431036	8.22818	44.9304	19.7556	96.3894	1	1	1	1	0	0	0	0
15.08.2015 11:31:01.170000	-0.11	-0.0983722	-0.106417	127.75	-668.859	0.00036169	7	4	4	4	391.02	347	43.6286	1.41096	-0.384491	0.431036	8.22581	44.9262	19.7708	96.3151	1	1	1	1	0	0	0	0
15.08.2015 11:31:01.270000	-0.11	-0.0983722	-0.106417	127.75	-668.859	0.00108507	7	4	4	4	353.7	347	43.6734	1.3258	-0.469652	0.431036	8.26296	44.9237	19.7854	96.2497	1	1	1	1	0	0	0	0
15.08.2015 11:31:01.370000	-0.11	-0.0983722	-0.106417	127.75	-668.859	0.00072338	7	4	4	4	263.109	347	43.7191	1.2849	-0.510548	0.431036	8.29471	44.9557	19.793	96.3432	1	1	1	1	0	0	0	0
15.08.2015 11:31:01.470000	-0.11	-0.0983722	-0.106417	127.75	-668.859	0.000542535	7	4	4	4	383.941	347	43.7609	1.30584	-0.489608	0.431036	8.27526	44.9629	19.7991	96.3471	1	1	1	1	0	0	0	0
15.08.2015 11:31:01.570000	-0.11	-0.0983722	-0.106417	127.75	-668.859	0.00180845	7	4	4	4	333.255	347	43.8047	1.29725	-0.498197	0.440915	8.23579	44.9586	19.8091	96.2924	1	1	1	1	0	0	0	0
15.08.2015 11:31:01.670000	-0.11	-0.0983722	-0.106417	127.75	-668.859	0.00108507	7	4	4	4	367.265	347	43.8465	1.29338	-0.502066	0.446473	8.24048	44.9673	19.8182	96.291	1	1	1	1	0	0	0	0
15.08.2015 11:31:01.770000	-0.11	-0.0983722	-0.106417	127.75	-668.859	0.00036169	7	4	4	4	316.111	347	43.8858	1.28125	-0.514203	0.446473	8.2577	45.0062	19.8252	96.413	1	1	1	1	0	0	0	0
15.08.2015 11:31:01.870000	-0.11	-0.0983722	-0.106417	127.75	-668.859	0	7	4	4	4	328.8	347	43.9266	1.29528	-0.500174	0.446473	8.29103	44.9834	19.8257	96.324	1	1	1	1	0	0	0	0
15.08.2015 11:31:01.970000	-0.11	-0.0983722	-0.106417	127.755	-668.859	-0.00144676	7	4	4	4	242.282	347	43.9718	1.34357	-0.45188	0.446473	8.31218	44.9651	19.8399	96.1994	1	1	1	1	0	0	0	0
15.08.2015 11:31:02.070000	-0.11	-0.0983722	-0.106417	127.754	-668.859	-0.00325521	7	4	4	4	423.571	347	44.0211	1.43631	-0.359138	0.446473	8.34216	44.9737	19.8312	96.2656	1	1	1	1	0	0	0	0
15.08.2015 11:31:02.170000	-0.11	-0.0983722	-0.106417	127.755	-668.859	-0.00217014	7	4	4	4	343.368	347	44.0688	1.46569	-0.329764	0.43759	8.24702	44.9839	19.8331	96.2974	1	1	1	1	0	0	0	0
15.08.2015 11:31:02.270000	-0.11	-0.0983722	-0.106417	127.758	-668.859	-0.0016276	7	4	4	4	437.539	347	44.1131	1.44585	-0.349601	0.437122	8.20912	44.9715	19.8298	96.2625	1	1	1	1	0	0	0	0
15.08.2015 11:31:02.370000	-0.11	-0.0983722	-0.106417	127.758	-668.859	-0.00108507	7	4	4	4	287.885	347	44.1579	1.37027	-0.425175	0.437122	8.22676	44.9646	19.8347	96.2172	1	1	1	1	0	0	0	0
15.08.2015 11:31:02.470000	-0.11	-0.0983722	-0.106417	127.758	-668.859	-0.00108507	7	4	4	4	245.913	347	44.2041	1.38135	-0.414104	0.437122	8.29986	44.9607	19.8387	96.1873	1	1	1	1	0	0	0	0
15.08.2015 11:31:02.570000	-0.11	-0.0983722	-0.106417	127.758	-668.859	-0.00180845	7	4	4	4	355.676	347	44.2489	1.4796	-0.31585	0.437122	8.35179	44.9756	19.8298	96.278	1	1	1	1	0	0	0	0
15.08.2015 11:31:02.670000	-0.11	-0.0983722	-0.106417	127.762	-668.859	-0.00217014	7	4	4	4	360.021	347	44.2947	1.54274	-0.252708	0.446137	8.30394	44.9775	19.827	96.2964	1	1	1	1	0	0	0	0
15.08.2015 11:31:02.770000	-0.11	-0.0983722	-0.106417	127.766	-668.859	-0.00108507	7	4	4	4	314.558	347	44.3414	1.57272	-0.222729	0.45552	8.26441	44.9521	19.829	96.1915	1	1	1	1	0	0	0	0
15.08.2015 11:31:02.870000	-0.11	-0.0983722	-0.106417	127.766	-668.859	-0.00217014	7	4	4	4	327.958	347	44.3902	1.62953	-0.165925	0.45552	8.28773	44.9423	19.8154	96.2057	1	1	1	1	0	0	0	0
15.08.2015 11:31:02.970000	-0.11	-0.0983722	-0.106417	127.766	-668.859	-0.00072338	7	4	4	4	399.337	347	44.4414	1.67247	-0.122985	0.45552	8.28628	44.9481	19.8127	96.2382	1	1	1	1	0	0	0	0
15.08.2015 11:31:03.070000	-0.11	-0.0983722	-0.106417	127.766	-668.859	0.000542535	7	4	4	4	349.92	347	44.4886	1.65908	-0.136371	0.45552	8.24664	44.9297	19.8072	96.1892	1	1	1	1	0	0	0	0
15.08.2015 11:31:03.170000	-0.11	-0.0983722	-0.106417	127.766	-668.859	0.00072338	7	4	4	4	343.202	347	44.5374	1.64541	-0.150044	0.466712	8.28009	44.9029	19.7899	96.1525	1	1	1	1	0	0	0	0
15.08.2015 11:31:03.270000	-0.11	-0.0983722	-0.106417	127.766	-668.859	0	7	4	4	4	263.462	347	44.5866	1.64737	-0.148076	0.485767	8.27587	44.8956	19.7875	96.134	1	1	1	1	0	0	0	0
15.08.2015 11:31:03.370000	-0.11	-0.0983722	-0.106417	127.766	-668.859	0	7	4	4	4	390.304	347	44.6364	1.70795	-0.0875027	0.485767	8.30663	44.9184	19.7698	96.2889	1	1	1	1	0	0	0	0
15.08.2015 11:31:03.470000	-0.11	-0.0983722	-0.106417	127.766	-668.859	0.000542535	7	4	4	4	314.595	347	44.6866	1.73437	-0.0610783	0.485767	8.26832	44.8991	19.7676	96.2235	1	1	1	1	0	0	0	0
15.08.2015 11:31:03.570000	-0.11	-0.0983722	-0.106417	127.766	-668.859	0.00108507	7	4	4	4	384.967	347	44.7379	1.75884	-0.0366138	0.485767	8.29997	44.8715	19.756	96.1623	1	1	1	1	0	0	0	0
15.08.2015 11:31:03.670000	-0.11	-0.0983722	-0.106417	127.766	-668.859	0.000542535	7	4	4	4	360.981	347	44.7911	1.7468	-0.0486547	0.496011	8.32138	44.8657	19.7494	96.1651	1	1	1	1	0	0	0	0
15.08.2015 11:31:03.770000	-0.11	-0.0983722	-0.106417	127.768	-668.859	0.00072338	7	4	4	4	355.487	347	44.8428	1.73222	-0.0632344	0.507562	8.33296	44.8678	19.7429	96.198	1	1	1	1	0	0	0	0
15.08.2015 11:31:03.870000	-0.11	-0.0983722	-0.106417	127.773	-668.859	0.00108507	7	4	4	4	315.13	347	44.8925	1.71895	-0.0765008	0.507562	8.32034	44.8551	19.7383	96.1672	1	1	1	1	0	0	0	0
15.08.2015 11:31:03.970000	-0.11	-0.0983722	-0.106417	127.771	-668.859	0.00072338	7	4	4	4	331.021	347	44.9423	1.73606	-0.0593887	0.507562	8.34427	44.8507	19.7207	96.2179	1	1	1	1	0	0	0	0
15.08.2015 11:31:04.070000	-0.11	-0.0983722	-0.106417	127.773	-668.859	0.00108507	7	4	4	4	269.825	347	44.9955	1.77173	-0.0237219	0.507562	8.33669	44.8435	19.736	96.1319	1	1	1	1	0	0	0	0
15.08.2015 11:31:04.170000	-0.11	-0.0983722	-0.106417	127.773	-668.859	0.00253183	7	4	4	4	341.97	347	45.0487	1.84794	0.0524897	0.513035	8.34198	44.8478	19.7308	96.1681	1	1	1	1	0	0	0	0
15.08.2015 11:31:04.270000	-0.11	-0.0983722	-0.106417	127.773	-668.859	0.00488281	7	4	4	4	381.188	347	45.102	1.90167	0.106224	0.515983	8.33921	44.8278	19.7153	96.1508	1	1	1	1	0	0	0	0
15.08.2015 11:31:04.370000	-0.11	-0.0983722	-0.106417	127.773	-668.859	0.00578704	7	4	4	4	290.558	347	45.1557	1.91956	0.124114	0.515983	8.32167	44.7973	19.7071	96.0653	1	1	1	1	0	0	0	0
15.08.2015 11:31:04.470000	-0.11	-0.0983722	-0.106417	127.773	-668.859	0.00651042	7	4	4	4	306.56	347	45.2159	1.98774	0.19229	0.515983	8.37931	44.7984	19.6893	96.1377	1	1	1	1	0	0	0	0
15.08.2015 11:31:04.570000	-0.11	-0.0983722	-0.106417	127.781	-668.859	0.00470197	7	4	4	4	350.904	347	45.2751	2.0737	0.278255	0.524568	8.34239	44.7822	19.6679	96.1578	1	1	1	1	0	0	0	0
15.08.2015 11:31:04.670000	-0.11	-0.0983722	-0.106417	127.773	-668.859	0.00217014	7	4	4	4	422.22	347	45.3323	2.10329	0.307836	0.558911	8.28423	44.7515	19.6547	96.0908	1	1	1	1	0	0	0	0
15.08.2015 11:31:04.770000	-0.11	-0.0983722	-0.106417	127.781	-668.859	0.00253183	7	4	4	4	333.368	347	45.3905	2.06661	0.271162	0.558911	8.28617	44.7242	19.6488	96.0087	1	1	1	1	0	0	0	0
15.08.2015 11:31:04.870000	-0.11	-0.0983722	-0.106417	127.785	-668.859	0.00271267	7	4	4	4	290.273	347	45.4492	2.05854	0.263091	0.558911	8.31019	44.7244	19.6386	96.0485	1	1	1	1	0	0	0	0
15.08.2015 11:31:04.970000	-0.11	-0.0983722	-0.106417	127.786	-668.859	0.00217014	7	4	4	4	336.406	347	45.5049	2.10105	0.305602	0.558911	8.3237	44.717	19.6255	96.0704	1	1	1	1	0	0	0	0
15.08.2015 11:31:05.070000	-0.11	-0.0983722	-0.106417	127.789	-668.859	0.00108507	7	4	4	4	372.522	347	45.5715	2.13535	0.339899	0.588768	8.30321	44.6923	19.6061	96.0499	1	1	1	1	0	0	0	0
15.08.2015 11:31:05.170000	-0.11	-0.0983722	-0.106417	127.789	-668.859	0.00072338	7	4	4	4	315.738	347	45.6317	2.15245	0.357003	0.589377	8.32431	44.6771	19.6028	96.0045	1	1	1	1	0	0	0	0
15.08.2015 11:31:05.270000	-0.11	-0.0983722	-0.106417	127.789	-668.859	0	7	4	4	4	351.021	347	45.6894	2.18131	0.385859	0.589377	8.39294	44.6738	19.592	96.0333	1	1	1	1	0	0	0	0
15.08.2015 11:31:05.370000	-0.11	-0.0983722	-0.106417	127.789	-668.859	0.00072338	7	4	4	4	371.631	347	45.7476	2.19228	0.396827	0.589377	8.35787	44.6505	19.5793	95.9926	1	1	1	1	0	0	0	0
15.08.2015 11:31:05.470000	-0.11	-0.0983722	-0.106417	127.789	-668.859	0.000542535	7	4	4	4	298.11	347	45.8098	2.20337	0.407923	0.607569	8.35573	44.6491	19.5695	96.0249	1	1	1	1	0	0	0	0
15.08.2015 11:31:05.570000	-0.11	-0.0983722	-0.106417	127.789	-668.859	0.00072338	7	4	4	4	388.61	347	45.8725	2.22933	0.433881	0.609591	8.34714	44.6499	19.5506	96.1001	1	1	1	1	0	0	0	0
15.08.2015 11:31:05.670000	-0.11	-0.0983722	-0.106417	127.789	-668.859	0.00108507	7	4	4	4	378.257	347	45.9312	2.21627	0.420822	0.609591	8.31826	44.6207	19.5398	96.03	1	1	1	1	0	0	0	0
15.08.2015 11:31:05.770000	-0.11	-0.0983722	-0.106417	127.789	-668.859	0.00108507	7	4	4	4	353.756	347	45.9908	2.18226	0.386806	0.609591	8.33113	44.6162	19.5337	96.0359	1	1	1	1	0	0	0	0
15.08.2015 11:31:05.870000	-0.11	-0.0983722	-0.106417	127.789	-668.859	0.00108507	7	4	4	4	322.461	347	46.049	2.1494	0.353946	0.602883	8.343	44.6207	19.5348	96.0487	1	1	1	1	0	0	0	0
15.08.2015 11:31:05.970000	-0.11	-0.0983722	-0.106417	127.789	-668.859	0.00108507	7	4	4	4	305.662	347	46.1048	2.1575	0.362046	0.600765	8.33302	44.6134	19.532	96.0316	1	1	1	1	0	0	0	0
15.08.2015 11:31:06.070000	-0.11	-0.0983722	-0.106417	127.789	-668.859	0.000542535	7	4	4	4	330.029	347	46.1704	2.21313	0.41768	0.600765	8.35726	44.6117	19.5287	96.0377	1	1	1	1	0	0	0	0
15.08.2015 11:31:06.170000	-0.11	-0.0983722	-0.106417	127.792	-668.859	0.00036169	7	4	4	4	400.861	347	46.2306	2.24785	0.452398	0.600765	8.33912	44.6144	19.5151	96.1001	1	1	1	1	0	0	0	0
15.08.2015 11:31:06.270000	-0.11	-0.0983722	-0.106417	127.793	-668.859	0	7	4	4	4	323.382	347	46.2878	2.2318	0.436352	0.595938	8.32922	44.5922	19.5155	96.0134	1	1	1	1	0	0	0	0
15.08.2015 11:31:06.370000	-0.11	-0.0983722	-0.106417	127.794	-668.859	0.00072338	7	4	4	4	315.002	347	46.3465	2.24061	0.445164	0.592146	8.35411	44.5929	19.5098	96.0382	1	1	1	1	0	0	0	0
15.08.2015 11:31:06.470000	-0.11	-0.0983722	-0.106417	127.797	-668.859	-0.00217014	7	4	4	4	262.698	347	46.4151	2.28263	0.487176	0.592146	8.36661	44.5845	19.5088	96.0097	1	1	1	1	0	0	0	0
15.08.2015 11:31:06.570000	-0.11	-0.0983722	-0.106417	127.797	-668.859	0.00072338	7	4	4	4	373.953	347	46.4768	2.38268	0.587225	0.592146	8.40284	44.5711	19.4873	96.0408	1	1	1	1	0	0	0	0
15.08.2015 11:31:06.670000	-0.11	-0.0983722	-0.106417	127.797	-668.859	0.00108507	7	4	4	4	296.517	347	46.5385	2.44869	0.653244	0.613685	8.37558	44.5546	19.4686	96.0494	1	1	1	1	0	0	0	0
15.08.2015 11:31:06.770000	-0.11	-0.0983722	-0.106417	127.797	-668.859	0.00072338	7	4	4	4	352.349	347	46.6071	2.51043	0.714982	0.628045	8.37237	44.5358	19.4465	96.0622	1	1	1	1	0	0	0	0
15.08.2015 11:31:06.870000	-0.11	-0.0983722	-0.106417	127.801	-668.859	0.00217014	7	4	4	4	333.394	347	46.6768	2.56566	0.770205	0.628045	8.35315	44.4912	19.4302	95.9533	1	1	1	1	0	0	0	0
15.08.2015 11:31:06.970000	-0.11	-0.0983722	-0.106417	127.802	-668.859	0.00325521	7	4	4	4	377.909	347	46.74	2.60394	0.808491	0.628045	8.33478	44.4711	19.4017	95.9856	1	1	1	1	0	0	0	0
15.08.2015 11:31:07.070000	-0.11	-0.0983722	-0.106417	127.801	-668.859	0.00271267	7	4	4	4	382.925	347	46.8166	2.59325	0.797796	0.678718	8.31337	44.4291	19.3818	95.9012	1	1	1	1	0	0	0	0
15.08.2015 11:31:07.170000	-0.11	-0.0983722	-0.106417	127.805	-668.859	0.00253183	7	4	4	4	373.506	347	46.8802	2.55093	0.755479	0.681385	8.34306	44.4066	19.3863	95.7979	1	1	1	1	0	0	0	0
15.08.2015 11:31:07.270000	-0.11	-0.0983722	-0.106417	127.805	-668.859	0.00325521	7	4	4	4	298.373	347	46.9424	2.51778	0.722334	0.681385	8.36314	44.3919	19.3859	95.743	1	1	1	1	0	0	0	0
15.08.2015 11:31:07.370000	-0.11	-0.0983722	-0.106417	127.805	-668.859	0.00289352	7	4	4	4	309.4	347	47.02	2.53908	0.74363	0.680354	8.32069	44.3721	19.371	95.7243	1	1	1	1	0	0	0	0
15.08.2015 11:31:07.470000	-0.11	-0.0983722	-0.106417	127.805	-668.859	0.00325521	7	4	4	4	282.679	347	47.0807	2.59347	0.798021	0.677704	8.29771	44.371	19.3539	95.7856	1	1	1	1	0	0	0	0
15.08.2015 11:31:07.570000	-0.11	-0.0983722	-0.106417	127.805	-668.859	0.00289352	7	4	4	4	381.283	347	47.1523	2.67859	0.88314	0.677704	8.31988	44.3344	19.3299	95.7369	1	1	1	1	0	0	0	0
15.08.2015 11:31:07.670000	-0.11	-0.0983722	-0.106417	127.805	-668.859	0.00217014	7	4	4	4	431.038	347	47.2264	2.70369	0.908244	0.677704	8.30848	44.3048	19.3065	95.7136	1	1	1	1	0	0	0	0
15.08.2015 11:31:07.770000	-0.11	-0.0983722	-0.106417	127.805	-668.859	0.00434028	7	4	4	4	356.297	347	47.2901	2.64457	0.849117	0.691147	8.27112	44.2852	19.3003	95.6619	1	1	1	1	0	0	0	0
15.08.2015 11:31:07.870000	-0.11	-0.0983722	-0.106417	127.809	-668.859	0.00379774	7	4	4	4	338.974	347	47.3637	2.58502	0.789573	0.696638	8.31372	44.2785	19.2857	95.6925	1	1	1	1	0	0	0	0
15.08.2015 11:31:07.970000	-0.11	-0.0983722	-0.106417	127.807	-668.859	0.00253183	7	4	4	4	315.351	347	47.4269	2.56442	0.768973	0.696638	8.3463	44.2763	19.2807	95.7033	1	1	1	1	0	0	0	0
15.08.2015 11:31:08.070000	-0.11	-0.0983722	-0.106417	127.813	-668.859	0.00325521	7	4	4	4	339.359	347	47.4896	2.56861	0.773158	0.696638	8.35746	44.2732	19.2828	95.6832	1	1	1	1	0	0	0	0
15.08.2015 11:31:08.170000	-0.11	-0.0983722	-0.106417	127.81	-668.859	0.00397859	7	4	4	4	280.301	347	47.5632	2.59233	0.796883	0.664563	8.36209	44.2874	19.2842	95.7323	1	1	1	1	0	0	0	0
15.08.2015 11:31:08.270000	-0.11	-0.0983722	-0.106417	127.813	-668.859	0.00488281	7	4	4	4	292.221	347	47.6298	2.67908	0.883628	0.663226	8.37986	44.2667	19.2738	95.6928	1	1	1	1	0	0	0	0
15.08.2015 11:31:08.370000	-0.11	-0.0983722	-0.106417	127.815	-668.859	0.00470197	7	4	4	4	376.824	347	47.696	2.77662	0.981173	0.663226	8.36348	44.2677	19.2483	95.7944	1	1	1	1	0	0	0	0
15.08.2015 11:31:08.470000	-0.11	-0.0983722	-0.106417	127.816	-668.859	0.00379774	7	4	4	4	426.154	347	47.7731	2.8064	1.01095	0.679724	8.3379	44.2129	19.2268	95.6671	1	1	1	1	0	0	0	0
15.08.2015 11:31:08.570000	-0.11	-0.0983722	-0.106417	127.818	-668.859	0.00289352	7	4	4	4	373.117	347	47.8393	2.76148	0.966028	0.702507	8.31111	44.2078	19.2178	95.6818	1	1	1	1	0	0	0	0
15.08.2015 11:31:08.670000	-0.11	-0.0983722	-0.106417	127.82	-668.859	0.00325521	7	4	4	4	374.203	347	47.9164	2.6895	0.894049	0.702507	8.29578	44.2107	19.2135	95.7091	1	1	1	1	0	0	0	0
15.08.2015 11:31:08.770000	-0.11	-0.0983722	-0.106417	127.82	-668.859	0.00397859	7	4	4	4	267.506	347	47.9815	2.6413	0.845845	0.702507	8.3605	44.2144	19.2098	95.7379	1	1	1	1	0	0	0	0
15.08.2015 11:31:08.870000	-0.11	-0.0983722	-0.106417	127.82	-668.859	0.000542535	7	4	4	4	266.566	347	48.0536	2.67974	0.884291	0.704319	8.3947	44.2084	19.2132	95.7017	1	1	1	1	0	0	0	0
15.08.2015 11:31:08.970000	-0.11	-0.0983722	-0.106417	127.82	-668.859	0.00036169	7	4	4	4	360.582	347	48.1233	2.76882	0.97338	0.704543	8.37975	44.1805	19.2009	95.6449	1	1	1	1	0	0	0	0
15.08.2015 11:31:09.070000	-0.11	-0.0983722	-0.106417	127.82	-668.859	0.00108507	7	4	4	4	304.025	347	48.1949	2.84758	1.05191	0.704543	8.35739	44.1904	19.1906	95.7397	1	1	1	1	0	0	0	0
15.08.2015 11:31:09.170000	-0.11	-0.0983722	-0.106417	127.82	-668.859	0.00108507	7	4	4	4	351	347	48.2715	2.92277	1.12733	0.710826	8.33344	44.1794	19.1763	95.7451	1	1	1	1	0	0	0	0
15.08.2015 11:31:09.270000	-0.11	-0.0983722	-0.106417	127.82	-668.859	0.0016276	7	4	4	4	365.365	347	48.3456	2.96784	1.1724	0.718822	8.32826	44.1248	19.1393	95.6561	1	1	1	1	0	0	0	0
15.08.2015 11:31:09.370000	-0.11	-0.0983722	-0.106417	127.82	-668.859	0.00108507	7	4	4	4	355.036	347	48.4242	2.98045	1.185	0.718822	8.28954	44.0679	19.1149	95.5399	1	1	1	1	0	0	0	0
15.08.2015 11:31:09.470000	-0.11	-0.0983722	-0.106417	127.82	-668.859	0.000542535	7	4	4	4	443.799	347	48.4978	2.95376	1.15831	0.725922	8.28506	44.0701	19.0963	95.625	1	1	1	1	0	0	0	0
15.08.2015 11:31:09.570000	-0.11	-0.0983722	-0.106417	127.828	-668.859	0.00072338	7	4	4	4	299.712	347	48.5729	2.87142	1.07597	0.760586	8.29499	44.0448	19.0879	95.5549	1	1	1	1	0	0	0	0
15.08.2015 11:31:09.670000	-0.11	-0.0983722	-0.106417	127.828	-668.859	0.00108507	7	4	4	4	338.706	347	48.6461	2.85819	1.06274	0.760586	8.34138	44.0665	19.0833	95.6559	1	1	1	1	0	0	0	0
15.08.2015 11:31:09.770000	-0.11	-0.0983722	-0.106417	127.828	-668.859	0.00036169	7	4	4	4	341.611	347	48.7197	2.8603	1.06485	0.760586	8.37986	44.0524	19.0848	95.5958	1	1	1	1	0	0	0	0
15.08.2015 11:31:09.870000	-0.11	-0.0983722	-0.106417	127.828	-668.859	0.0016276	7	4	4	4	281.927	347	48.7933	2.87545	1.08	0.744091	8.37631	44.0377	19.0858	95.5357	1	1	1	1	0	0	0	0
15.08.2015 11:31:09.970000	-0.11	-0.0983722	-0.106417	127.828	-668.859	0.00289352	7	4	4	4	342.982	347	48.8679	2.94609	1.15064	0.740222	8.36046	44.0283	19.0704	95.5589	1	1	1	1	0	0	0	0
15.08.2015 11:31:10.070000	-0.11	-0.0983722	-0.106417	127.828	-668.859	0.00271267	7	4	4	4	398.557	347	48.94	2.9965	1.20105	0.740222	8.30917	44.025	19.062	95.578	1	1	1	1	0	0	0	0
15.08.2015 11:31:10.170000	-0.11	-0.0983722	-0.106417	127.828	-668.859	0.00144676	7	4	4	4	336.307	347	49.0201	2.98158	1.18613	0.744564	8.29844	44.0157	19.0518	95.582	1	1	1	1	0	0	0	0
15.08.2015 11:31:10.270000	-0.11	-0.0983722	-0.106417	127.828	-668.859	0.00108507	7	4	4	4	306.866	347	49.0942	2.97867	1.18322	0.749084	8.32894	44.002	19.0442	95.5584	1	1	1	1	0	0	0	0
15.08.2015 11:31:10.370000	-0.11	-0.0983722	-0.106417	127.831	-668.859	0.00072338	7	4	4	4	401.453	347	49.1708	3.00142	1.20597	0.749084	8.34079	44.0086	19.0193	95.679	1	1	1	1	0	0	0	0
15.08.2015 11:31:10.470000	-0.11	-0.0983722	-0.106417	127.832	-668.859	0	7	4	4	4	340.315	347	49.2465	2.97759	1.18214	0.749087	8.33616	44.0032	19.0211	95.6514	1	1	1	1	0	0	0	0
15.08.2015 11:31:10.570000	-0.11	-0.0983722	-0.106417	127.831	-668.859	0.00036169	7	4	4	4	292.375	347	49.3206	2.9776	1.18215	0.7491	8.37023	43.9822	19.0183	95.5818	1	1	1	1	0	0	0	0
15.08.2015 11:31:10.670000	-0.11	-0.0983722	-0.106417	127.836	-668.859	0.00108507	7	4	4	4	385.407	347	49.4002	3.00916	1.21371	0.7491	8.35766	43.9808	19.0096	95.61	1	1	1	1	0	0	0	0
15.08.2015 11:31:10.770000	-0.11	-0.0983722	-0.106417	127.836	-668.859	0.00108507	7	4	4	4	315.247	347	49.4728	3.00599	1.21054	0.7491	8.3139	43.951	19.0385	95.385	1	1	1	1	0	0	0	0
15.08.2015 11:31:10.870000	-0.11	-0.0983722	-0.106417	127.836	-668.859	0.00108507	7	4	4	4	322.517	347	49.5524	3.02771	1.23226	0.759474	8.34685	43.9261	19.0278	95.3308	1	1	1	1	0	0	0	0
15.08.2015 11:31:10.970000	-0.11	-0.0983722	-0.106417	127.841	-668.859	0	7	4	4	4	346.524	347	49.624	3.07182	1.27637	0.760626	8.35174	43.9474	19.0144	95.4633	1	1	1	1	0	0	0	0
15.08.2015 11:31:11.070000	-0.11	-0.0983722	-0.106417	127.844	-668.859	0.00217014	7	4	4	4	363.502	347	49.7086	3.08509	1.28964	0.760626	8.33147	43.8879	19.0033	95.278	1	1	1	1	0	0	0	0
15.08.2015 11:31:11.170000	-0.11	-0.0983722	-0.106417	127.844	-668.859	0.00253183	7	4	4	4	327.861	347	49.7822	3.09919	1.30374	0.778016	8.35004	43.9072	18.9875	95.4126	1	1	1	1	0	0	0	0
15.08.2015 11:31:11.270000	-0.11	-0.0983722	-0.106417	127.844	-668.859	0.00325521	7	4	4	4	380.516	347	49.8638	3.1245	1.32905	0.784448	8.38937	43.8785	18.9693	95.3724	1	1	1	1	0	0	0	0
15.08.2015 11:31:11.370000	-0.11	-0.0983722	-0.106417	127.844	-668.859	0.00072338	7	4	4	4	373.303	347	49.9404	3.09475	1.2993	0.784448	8.36274	43.8886	18.9674	95.4182	1	1	1	1	0	0	0	0
15.08.2015 11:31:11.470000	-0.11	-0.0983722	-0.106417	127.844	-668.859	0.000542535	7	4	4	4	296.24	347	50.0179	3.0609	1.26545	0.783198	8.38693	43.8552	18.9613	95.3137	1	1	1	1	0	0	0	0
15.08.2015 11:31:11.570000	-0.11	-0.0983722	-0.106417	127.844	-668.859	0.00108507	7	4	4	4	221.125	347	50.0951	3.10132	1.30587	0.782174	8.37302	43.8346	18.9596	95.2413	1	1	1	1	0	0	0	0
15.08.2015 11:31:11.670000	-0.11	-0.0983722	-0.106417	127.844	-668.859	0	7	4	4	4	308.466	347	50.1712	3.23782	1.44237	0.782174	8.41833	43.821	18.9395	95.2663	1	1	1	1	0	0	0	0
15.08.2015 11:31:11.770000	-0.11	-0.0983722	-0.106417	127.844	-668.859	0.00072338	7	4	4	4	399.148	347	50.2592	3.35354	1.55809	0.785131	8.37832	43.7983	18.9085	95.2981	1	1	1	1	0	0	0	0
15.08.2015 11:31:11.870000	-0.11	-0.0983722	-0.106417	127.848	-668.859	0	7	4	4	4	414.634	347	50.3398	3.39073	1.59528	0.789566	8.35281	43.7641	18.8778	95.2847	1	1	1	1	0	0	0	0
15.08.2015 11:31:11.970000	-0.11	-0.0983722	-0.106417	127.846	-668.859	0.00072338	7	4	4	4	390.948	347	50.4194	3.34734	1.55189	0.789566	8.31521	43.7076	18.855	95.1557	1	1	1	1	0	0	0	0
15.08.2015 11:31:12.070000	-0.11	-0.0983722	-0.106417	127.852	-668.859	0.00108507	7	4	4	4	372.439	347	50.5064	3.27336	1.47791	0.80113	8.32517	43.7191	18.8274	95.3053	1	1	1	1	0	0	0	0
15.08.2015 11:31:12.170000	-0.11	-0.0983722	-0.106417	127.852	-668.859	0.00397859	7	4	4	4	356.568	347	50.5835	3.20555	1.4101	0.820821	8.35331	43.7226	18.8216	95.3411	1	1	1	1	0	0	0	0
15.08.2015 11:31:12.270000	-0.11	-0.0983722	-0.106417	127.852	-668.859	0.00325521	7	4	4	4	367.023	347.022	50.6621	3.12016	1.32471	0.820821	8.36444	43.7018	18.8363	95.205	1	1	1	1	0.5	0	0	0
15.08.2015 11:31:12.370000	-0.11	-0.0983722	-0.106417	127.852	-668.859	0.00253183	7	4	4	4	284.455	347.549	50.7397	2.99012	1.19467	0.813729	8.41135	43.745	18.8635	95.2665	1	1	1	1	1	0	0	0
15.08.2015 11:31:12.470000	-0.11	-0.0983722	-0.106417	127.859	-668.859	0.00217014	7	4	4	4	278.763	349.06	50.8148	3.10148	1.30603	0.787053	8.42622	43.7716	18.8774	95.3149	1	1	1	1	1	0	0	0
15.08.2015 11:31:12.570000	-0.11	-0.0983722	-0.106417	127.859	-668.859	0.00180845	7	4	4	4	325.861	351.574	50.8989	3.38534	1.58989	0.787053	8.39247	43.766	18.8695	95.3238	1	1	1	1	1	0	0	0
15.08.2015 11:31:12.670000	-0.11	-0.0983722	-0.106417	127.859	-668.859	0.000542535	7	4	4	4	457.348	355.093	50.9874	3.59646	1.80101	0.800351	8.35854	43.7186	18.8273	95.3039	1	1	1	1	1	0	0	0
15.08.2015 11:31:12.770000	-0.11	-0.0983722	-0.106417	127.859	-668.859	0	7	4	4	4	371.7	359.615	51.073	3.51794	1.72249	0.840246	8.34502	43.6432	18.786	95.173	1	1	1	1	1	0	0	0
15.08.2015 11:31:12.870000	-0.11	-0.0983722	-0.106417	127.859	-668.859	0.000542535	7	4	4	4	265.533	365.141	51.1615	3.50601	1.71056	0.840246	8.40265	43.624	18.7617	95.1924	1	1	1	1	1	0	0	0
15.08.2015 11:31:12.970000	-0.11	-0.0983722	-0.106417	127.859	-668.859	0.00108507	7	4	4	4	321.492	371.671	51.254	3.81826	2.02281	0.858185	8.41084	43.5726	18.7174	95.1658	1	1	1	1	1	0	0	0
15.08.2015 11:31:13.070000	-0.11	-0.0983722	-0.106417	127.859	-668.859	0.00108507	7	4	4	4	436.955	379.205	51.35	4.24957	2.45412	0.881964	8.37759	43.4708	18.6294	95.113	1	1	1	1	1	0	0	0
15.08.2015 11:31:13.170000	-0.11	-0.0983722	-0.106417	127.859	-668.859	0.00036169	7	4	4	4	498.041	387.742	51.4575	4.38821	2.59276	0.884965	8.33443	43.3621	18.4896	95.2319	1	1	1	1	1	0	0	0
15.08.2015 11:31:13.270000	-0.11	-0.0983722	-0.106417	127.859	-668.859	0.00108507	7	4	4	4	372.665	397.284	51.5629	4.27846	2.48301	1.032	8.29841	43.2084	18.3837	95.0489	1	1	1	1	1	0	0	0
15.08.2015 11:31:13.370000	-0.11	-0.0983722	-0.106417	127.865	-668.859	0.00036169	7	4	4	4	416.349	407.829	51.6614	4.33709	2.54164	1.032	8.33649	43.2459	18.332	95.3901	1	1	1	1	1	0	0	0
15.08.2015 11:31:13.470000	-0.11	-0.0983722	-0.106417	127.859	-668.859	0.00108507	7	4	4	4	410.129	419.378	51.7669	4.43069	2.63524	1.02693	8.36575	43.037	18.2745	94.8106	1	1	1	1	1	0	0	0
15.08.2015 11:31:13.570000	-0.11	-0.0983722	-0.106417	127.867	-668.859	0.00036169	7	4	4	4	443.769	431.931	51.8728	4.61667	2.82122	1.02342	8.41374	42.7312	18.1791	94.005	1	1	1	1	1	0	0	0
15.08.2015 11:31:13.670000	-0.11	-0.0983722	-0.106417	127.867	-668.859	0.00108507	7	4	4	4	435.577	445.488	51.9862	4.8146	3.01915	1.05131	8.41112	43.0174	18.072	95.5112	1	1	1	1	1	0	0	0
15.08.2015 11:31:13.770000	-0.11	-0.0983722	-0.106417	127.872	-668.859	0.00217014	7	4	4	4	397.571	460.048	52.1021	5.09522	3.29977	1.10545	8.37559	42.7707	17.9507	95.0309	1	1	1	1	1	0	0	0
15.08.2015 11:31:13.870000	-0.11	-0.0983722	-0.106417	127.867	-668.859	0.00217014	7	4	4	4	428.295	475.613	52.229	5.60833	3.81288	1.14255	8.36815	42.727	17.7735	95.5418	1	1	1	1	1	0	0	0
15.08.2015 11:31:13.970000	-0.11	-0.0983722	-0.106417	127.875	-668.859	0.00434028	7	4	4	4	554.559	492.181	52.3693	6.19793	4.40248	1.22513	8.33697	42.2615	17.5208	94.7271	1	1	1	1	1	0	0	0
15.08.2015 11:31:14.070000	-0.11	-0.0983722	-0.106417	127.875	-668.859	0.00271267	7	4	4	4	496.86	509.753	52.523	6.63112	4.83567	1.37799	8.35448	41.7429	17.2199	93.8935	1	1	1	1	1	0	0	0
15.08.2015 11:31:14.170000	-0.11	-0.0983722	-0.106417	127.872	-668.859	0.00289352	7	4	4	4	556.272	528.328	52.6866	7.02812	5.23267	1.49098	8.37803	41.5834	16.9138	94.4546	1	1	1	1	1	0	0	0
15.08.2015 11:31:14.270000	-0.11	-0.0983722	-0.106417	127.875	-668.859	0.00217014	7	4	4	4	503.118	547.908	52.8527	7.40378	5.60833	1.64716	8.369	41.2606	16.6109	94.3787	1	1	1	1	1	0	0	0
15.08.2015 11:31:14.370000	-0.11	-0.0983722	-0.106417	127.875	-668.859	0.00108507	7	4	4	4	493.599	568.492	53.0313	7.90893	6.11348	1.70066	8.35658	40.9462	16.3235	94.2754	1	1	1	1	1	0	0	0
15.08.2015 11:31:14.470000	-0.11	-0.0983722	-0.106417	127.875	-668.859	0	7	4	4	4	488.196	590.079	53.2178	8.69133	6.89588	1.77568	8.3714	40.644	16.0025	94.3474	1	1	1	1	1	0	0	0
15.08.2015 11:31:14.570000	-0.11	-0.0983722	-0.106417	127.875	-668.859	0.00108507	7	4	4	4	597.934	612.669	53.4268	9.69978	7.90433	1.91944	8.33577	40.1774	15.6087	94.0688	1	1	1	1	1	0	0	0
15.08.2015 11:31:14.670000	-0.11	-0.0983722	-0.106417	127.875	-668.859	0.000542535	7	4	4	4	590.312	636.264	53.66	10.6541	8.85863	2.18463	8.31346	39.6958	15.1977	93.7984	1	1	1	1	1	0	0	0
15.08.2015 11:31:14.770000	-0.11	-0.0983722	-0.106417	127.878	-668.859	0.00072338	7	4	4	4	610.476	660.862	53.9112	11.664	9.86856	2.44154	8.32913	39.2524	14.7775	93.7096	1	1	1	1	1	0	0	0
15.08.2015 11:31:14.870000	-0.11	-0.0983722	-0.106417	127.883	-668.859	0.000542535	7	4	4	4	624.397	686.465	54.1838	12.6906	10.8951	2.63099	8.30689	38.8284	14.4075	93.5028	1	1	1	1	1	0	0	0
15.08.2015 11:31:14.970000	-0.11	-0.0983722	-0.106417	127.88	-668.859	0.00144676	7	4	4	4	654.147	713.07	54.4748	13.7599	11.9645	2.85228	8.34803	38.4903	14.0684	93.5065	1	1	1	1	1	0	0	0
15.08.2015 11:31:15.070000	-0.11	-0.0983722	-0.106417	127.883	-668.859	0.0016276	7	4	4	4	677.855	740.681	54.7862	14.8981	13.1027	3.04307	8.34228	38.1775	13.7973	93.3469	1	1	1	1	1	0	0	0
15.08.2015 11:31:15.170000	-0.11	-0.0983722	-0.106417	127.883	-668.859	0.00217014	7	4	4	4	679.309	769.293	55.1175	16.0786	14.2832	3.26538	8.33972	37.8659	13.5442	93.123	1	1	1	1	1	0	0	0
15.08.2015 11:31:15.270000	-0.11	-0.0983722	-0.106417	127.883	-668.859	0.00271267	7	4	4	4	790.086	798.912	55.4761	17.3878	15.5923	3.49735	8.33305	37.6359	13.3102	93.1382	1	1	1	1	1	0	0	0
15.08.2015 11:31:15.370000	-0.11	-0.0983722	-0.106417	127.883	-668.859	0.00253183	7	4	4	4	760.052	829.532	55.8586	18.5786	16.7832	3.81592	8.28877	37.4832	13.1866	93.0267	1	1	1	1	1	0	0	0
15.08.2015 11:31:15.470000	-0.11	-0.0983722	-0.106417	127.883	-668.859	0.00271267	7	4	4	4	881.068	861.159	56.2596	19.7866	17.9911	3.98358	8.27151	37.4156	13.1418	92.9398	1	1	1	1	1	0	0	0
15.08.2015 11:31:15.570000	-0.11	-0.0983722	-0.106417	127.888	-668.859	0.00180845	7	4	4	4	839.673	893.79	56.6824	20.8768	19.0813	4.23695	8.21037	37.4246	13.2028	92.7405	1	1	1	1	1	0	0	0
15.08.2015 11:31:15.670000	-0.11	-0.0983722	-0.106417	127.883	-668.859	0.000542535	7	4	4	4	881.695	826.335	57.1276	22.0157	16.6839	4.4161	8.22673	37.5501	13.3592	92.6222	1	1	1	1	1	0.17	0	0.17
15.08.2015 11:31:15.770000	-0.11	-0.0983722	-0.106417	127.888	-668.859	0.00108507	7	4	4	4	1444.02	347	58.0995	22.5977	0	29.2563	8.19749	60.6196	17.7324	164.206	1	1	1	1	1	1	0	1
15.08.2015 11:31:15.870000	-0.11	-0.0983722	-0.106417	127.883	-668.871	0	7	4	4	4	2955.66	347	62.0271	22.5977	0	82.6523	7.19395	109.532	6.19941	395.64	1	1	1	1	1	1	0.85	1
15.08.2015 11:31:15.970000	-0.11	-0.0983722	-0.104995	127.859	-668.792	-0.00144676	7	4	4	4	57.7475	347	62.1276	22.5977	0	83.7405	4.98861	114.008	0.659993	433.986	1	1	1	1	1	1	1	1
15.08.2015 11:31:16.070000	-0.11	-0.0983722	-0.106417	127.699	-668.832	-0.0016276	7	4	4	4	9.6401	347	62.1276	14.2366	0	83.7405	3.20825	130.067	0.632099	495.582	1	1	1	1	1	1	1	0.63
15.08.2015 11:31:16.170000	-0.11	-0.0983722	-0.106417	127.727	-668.836	-0.00325521	7	4	4	4	2.46163	347	62.1276	0	0	83.7405	2.02326	134.221	0.590167	511.645	1	1	1	1	1	1	1	0
15.08.2015 11:31:16.270000	-0.11	-0.0983722	-0.106417	127.734	-668.844	-0.00325521	7	4	4	4	1.33207	347	62.1276	0	0	83.7405	1.52117	134.457	0.589679	512.551	1	1	1	1	1	1	1	0
15.08.2015 11:31:16.370000	-0.11	-0.0983722	-0.106417	127.737	-668.839	-0.00036169	7	4	4	4	1.20977	347	62.151	0	0	83.7405	1.21584	134.319	0.577837	512.067	1	1	1	1	1	1	1	0
15.08.2015 11:31:16.470000	-0.11	-0.0983722	-0.106417	127.73	-668.836	0.000542535	7	4	4	4	1.20398	347	62.1774	0	0	83.7405	0.961972	134.062	0.570025	511.115	1	1	1	1	1	1	1	0
15.08.2015 11:31:16.570000	-0.11	-0.0983722	-0.106417	127.625	-668.854	0	7	4	4	4	0.361919	347	62.1774	0	0	83.7405	0.801635	133.961	0.573321	510.713	1	1	1	1	1	1	1	0
15.08.2015 11:31:16.670000	-0.11	-0.0983722	-0.106417	127.504	-668.879	0.000542535	7	4	4	4	0.260808	347	62.1774	0	0	83.7405	0.701497	133.89	0.567888	510.465	1	1	1	1	1	1	1	0
15.08.2015 11:31:16.770000	-0.11	-0.0983722	-0.106417	127.487	-668.891	0.00072338	7	4	4	4	0.27365	347	62.1774	0	0	83.7405	0.626526	133.826	0.573016	510.199	1	1	1	1	1	1	1	0
15.08.2015 11:31:16.870000	-0.11	-0.0983722	-0.106417	127.484	-668.891	-0.00217014	7	4	4	4	0.255063	347	62.1774	0	0	15.9107	0.546991	133.771	0.573077	509.988	1	1	1	1	1	1	1	0
15.08.2015 11:31:16.970000	-0.11	-0.0983722	-0.106417	127.484	-668.888	0.00072338	7	4	4	4	0.282215	347	62.1774	0	0	0	0.504941	133.72	0.574602	509.786	1	1	1	1	1	1	1	0
15.08.2015 11:31:17.070000	-0.11	-0.0983722	-0.106417	127.484	-668.891	0.000542535	7	4	4	4	0.281414	347	62.1774	0	0	0	0.469654	133.67	0.574114	509.596	1	1	1	1	1	1	1	0
15.08.2015 11:31:17.170000	-0.11	-0.0983722	-0.106417	127.484	-668.891	0.00072338	7	4	4	4	0.290428	347	62.1774	0	0	0	0.437254	133.626	0.573199	509.432	1	1	1	1	1	1	1	0
15.08.2015 11:31:17.270000	-0.11	-0.0983722	-0.106417	127.484	-668.887	0.00108507	7	4	4	4	0.270685	347	62.1774	0	0	0	0.405751	133.581	0.574786	509.253	1	1	1	1	1	1	1	0
15.08.2015 11:31:17.370000	-0.11	-0.0983722	-0.106417	127.484	-668.891	0.00072338	7	4	4	4	0.26972	347	62.1774	0	0	0	0.38606	133.537	0.573321	509.093	1	1	1	1	1	1	1	0
15.08.2015 11:31:17.470000	-0.11	-0.0983722	-0.106417	127.484	-668.891	0.000542535	7	4	4	4	0.273042	347	62.1774	0	0	0	0.364988	133.496	0.577532	508.919	1	1	1	1	1	1	1	0
15.08.2015 11:31:17.570000	-0.11	-0.0983722	-0.106417	127.484	-668.888	0.00108507	7	4	4	4	0.273588	347	62.1774	0	0	0	0.343468	133.455	0.577349	508.761	1	1	1	1	1	1	1	0
15.08.2015 11:31:17.670000	-0.11	-0.0983722	-0.106417	127.484	-668.891	0.000542535	7	4	4	4	0.2862	347	62.1774	0	0	0	0.32602	133.419	0.577227	508.623	1	1	1	1	1	1	1	0
15.08.2015 11:31:17.770000	-0.11	-0.0983722	-0.106417	127.484	-668.891	0.00108507	7	4	4	4	0.292263	347	62.1774	0	0	0	0.313694	133.378	0.577715	508.466	1	1	1	1	1	1	1	0
15.08.2015 11:31:17.870000	-0.11	-0.0983722	-0.106417	127.484	-668.891	0.00108507	7	4	4	4	0.275903	347	62.1774	0	0	0	0.302481	133.341	0.566607	508.367	1	1	1	1	1	1	1	0
15.08.2015 11:31:17.970000	-0.11	-0.0983722	-0.106417	127.471	-668.885	0.00108507	7	4	4	4	0.246551	347	62.1774	0	0	0	0.312153	133.309	0.563066	508.256	1	1	1	1	1	1	1	0
15.08.2015 11:31:18.070000	-0.11	-0.0983722	-0.106417	127.391	-668.883	0.00108507	7	4	4	4	0.263985	347	62.1774	0	0	0	0.329051	133.274	0.564837	508.116	1	1	1	1	1	1	1	0
15.08.2015 11:31:18.170000	-0.11	-0.0983722	-0.106417	127.391	-668.883	0.00036169	7	4	4	4	0.255403	347	62.1774	0	0	0	0.338571	133.236	0.564837	507.972	1	1	1	1	1	1	1	0
15.08.2015 11:31:18.270000	-0.11	-0.0983722	-0.106417	127.391	-668.875	0.00108507	7	4	4	4	0.257693	347	62.1774	0	0	0	0.353103	133.202	0.570391	507.82	1	1	1	1	1	1	1	0
15.08.2015 11:31:18.370000	-0.11	-0.0983722	-0.106417	127.422	-668.544	0.00036169	7	4	4	4	0.254708	347	62.1774	0	0	0	0.368519	133.167	0.577593	507.658	1	1	1	1	1	1	1	0
15.08.2015 11:31:18.470000	-0.11	-0.0983722	-0.106417	127.648	-664.23	0.00108507	7	4	4	4	0.253164	347	62.1774	0	0	0	0.380953	133.134	0.571551	507.557	1	1	1	1	1	1	1	0
15.08.2015 11:31:18.570000	-0.11	-0.0983722	-0.106417	127.648	-648.224	-0.00144676	7	4	4	4	0.271031	347	62.1774	0	0	0	0.389851	133.1	0.572344	507.423	1	1	1	1	1	1	1	0
15.08.2015 11:31:18.670000	-0.11	-0.0983722	-0.106417	127.648	-626.633	-0.00108507	7	4	4	4	0.248428	347	62.1774	0	0	0	0.399971	133.066	0.575396	507.281	1	1	1	1	1	1	1	0
15.08.2015 11:31:18.770000	-0.11	-0.0983722	-0.106417	127.648	-599.326	0.00217014	7	4	4	4	0.245245	347	62.1774	0	0	0	0.407668	133.035	0.577776	507.152	1	1	1	1	1	1	1	0
15.08.2015 11:31:18.870000	-0.11	-0.0983722	-0.106417	127.648	-562.758	0.0016276	7	4	4	4	0.240976	347	62.1774	0	0	0	0.414034	133.001	0.577532	507.025	1	1	1	1	1	1	1	0
15.08.2015 11:31:18.970000	-0.11	-0.0983722	-0.106417	127.654	-529.503	0.00036169	7	4	4	4	0.249923	347	62.1774	0	0	0	0.417593	132.97	0.579302	506.898	1	1	1	1	1	1	1	0
15.08.2015 11:31:19.070000	-0.11	-0.0983722	-0.106417	127.652	-492.719	0.000542535	7	4	4	4	0.263981	347	62.1774	0	0	0	0.422179	132.941	0.577899	506.793	1	1	1	1	1	1	1	0
15.08.2015 11:31:19.170000	-0.11	-0.0983722	-0.106417	127.651	-439.974	0.00144676	7	4	4	4	0.2732	347	62.1774	0	0	0	0.424269	132.909	0.576861	506.672	1	1	1	1	1	1	1	0
15.08.2015 11:31:19.270000	-0.11	-0.0983722	-0.106417	127.648	-392	0.0016276	7	4	4	4	0.265295	347	62.1774	0	0	0	0.426461	132.891	0.578326	506.598	1	1	1	1	1	1	1	0
15.08.2015 11:31:19.370000	-0.11	-0.0983722	-0.106417	127.654	-349.508	0.00108507	7	4	4	4	0.284566	347	62.1774	0	0	0	0.427886	132.851	0.575823	506.456	1	1	1	1	1	1	1	0
15.08.2015 11:31:19.470000	-0.11	-0.0983722	-0.106417	127.648	-306.867	0.000542535	7	4	4	4	0.31014	347	62.1774	0	0	0	0.428552	132.82	0.580218	506.318	1	1	1	1	1	1	1	0
15.08.2015 11:31:19.570000	-0.11	-0.0983722	-0.106417	127.661	-248.018	0.00036169	7	4	4	4	0.29381	347	62.1774	0	0	0	0.429355	132.79	0.583016	506.172	1	1	1	1	1	1	1	0
15.08.2015 11:31:19.670000	-0.11	-0.0983722	-0.106417	127.664	-206.273	0.00325521	7	4	4	4	0.287951	347	62.1774	0	0	0	0.428856	132.763	0.58013	506.085	1	1	1	1	1	1	1	0
15.08.2015 11:31:19.770000	-0.11	-0.0983722	-0.106417	127.674	-164.964	0.00180845	7	4	4	4	0.262947	347	62.1774	0	0	0	0.42963	132.733	0.580828	505.984	1	1	1	1	1	1	1	0
15.08.2015 11:31:19.870000	-0.11	-0.0983722	-0.106417	127.68	-123.457	0.00108507	7	4	4	4	0.256246	347	62.1774	0	0	0	0.429832	132.707	0.580401	505.886	1	1	1	1	1	1	1	0
15.08.2015 11:31:19.970000	-0.11	-0.0983722	-0.106417	127.68	-65.1641	0.0036169	7	4	4	4	0.261107	347	62.1774	0	0	0	0.431539	132.675	0.582842	505.756	1	1	1	1	1	1	1	0
15.08.2015 11:31:20.070000	-0.11	-0.0983722	-0.106417	127.68	-23.8516	0.00488281	7	4	4	4	0.260269	347	62.1774	0	0	0	0.432118	132.648	0.584373	505.65	1	1	1	1	1	1	1	0
15.08.2015 11:31:20.170000	-0.11	-0.0983722	-0.106417	127.68	17.7292	0.00651042	7	4	4	4	0.288777	347	62.1774	0	0	0	0.433304	132.621	0.581988	505.55	1	1	1	1	1	1	1	0
15.08.2015 11:31:20.270000	-0.11	-0.0983722	-0.106417	127.684	67.0234	0.00488281	7	4	4	4	0.278629	347	62.1774	0	0	0	0.433435	132.59	0.585223	505.421	1	1	1	1	1	1	1	0
15.08.2015 11:31:20.370000	-0.11	-0.0983722	-0.106417	127.688	116.643	0.00470197	7	4	4	4	0.284183	347	62.1774	0	0	0	0.434028	132.562	0.58565	505.312	1	1	1	1	1	1	1	0
15.08.2015 11:31:20.470000	-0.11	-0.0983722	-0.106417	127.691	157.559	0.00434028	7	4	4	4	0.301543	347	62.1774	0	0	0	0.434578	132.529	0.586077	505.184	1	1	1	1	1	1	1	0
15.08.2015 11:31:20.570000	-0.11	-0.0983722	-0.106417	127.695	198.471	0.00614873	7	4	4	4	0.287104	347	62.1774	0	0	0	0.4352	132.507	0.585345	505.103	1	1	1	1	1	1	1	0
15.08.2015 11:31:20.670000	-0.11	-0.0983722	-0.106417	127.695	255.703	0.00596788	7	4	4	4	0.291275	347	62.1774	0	0	0	0.43546	132.483	0.585467	505.009	1	1	1	1	1	1	1	0
15.08.2015 11:31:20.770000	-0.11	-0.0983722	-0.106417	127.695	296.758	0.00397859	7	4	4	4	0.277522	347	62.1774	0	0	0	0.435764	132.457	0.587909	504.899	1	1	1	1	1	1	1	0
15.08.2015 11:31:20.870000	-0.11	-0.0983722	-0.106417	127.695	337.145	0.00542535	7	4	4	4	0.285084	347	62.1774	0	0	0	0.436053	132.426	0.58974	504.773	1	1	1	1	1	1	1	0
15.08.2015 11:31:20.970000	-0.11	-0.0983722	-0.106417	127.695	383.555	0.00325521	7	4	4	4	0.276542	347	62.1774	0	0	0	0.4352	132.401	0.591449	504.671	1	1	1	1	1	1	1	0
15.08.2015 11:31:21.070000	-0.11	-0.0983722	-0.106417	127.695	435.379	0.00705295	7	4	4	4	0.29117	347	62.1774	0	0	0	0.435749	132.372	0.590411	504.566	1	1	1	1	1	1	1	0
15.08.2015 11:31:21.170000	-0.11	-0.0983722	-0.106417	127.695	475.964	0.0036169	7	4	4	4	0.27316	347	62.1774	0	0	0	0.435185	132.35	0.59151	504.478	1	1	1	1	1	1	1	0
15.08.2015 11:31:21.270000	-0.11	-0.0983722	-0.106417	127.695	516.602	0.0016276	7	4	4	4	0.260542	347	62.1774	0	0	0	0.436183	132.32	0.588336	504.375	1	1	1	1	1	1	1	0
15.08.2015 11:31:21.370000	-0.11	-0.0983722	-0.106417	127.695	561.336	0.00289352	7	4	4	4	0.264242	347	62.1774	0	0	0	0.436198	132.295	0.584124	504.295	1	1	1	1	1	1	1	0
15.08.2015 11:31:21.470000	-0.11	-0.0983722	-0.106417	127.695	603.371	0.00271267	7	4	4	4	0.258207	347	62.1774	0	0	0	0.436068	132.271	0.582171	504.21	1	1	1	1	1	1	1	0
15.08.2015 11:31:21.570000	-0.11	-0.0983722	-0.106417	127.695	629.76	0.00397859	7	4	4	4	0.247929	347	62.1774	0	0	0	0.435475	132.246	0.58388	504.107	1	1	1	1	1	1	1	0
15.08.2015 11:31:21.670000	-0.11	-0.0983722	-0.106417	127.695	650.977	0.00217014	7	4	4	4	0.260083	347	62.1774	0	0	0	0.436183	132.223	0.586993	504.01	1	1	1	1	1	1	1	0
15.08.2015 11:31:21.770000	-0.11	-0.0983722	-0.106417	127.695	667.299	0.00144676	7	4	4	4	0.260098	347	62.1774	0	0	0	0.436762	132.199	0.587054	503.916	1	1	1	1	1	1	1	0
15.08.2015 11:31:21.870000	-0.11	-0.0983722	-0.106417	127.695	672.793	0.00108507	7	4	4	4	0.269493	347	62.1774	0	0	0	0.436082	132.169	0.584124	503.812	1	1	1	1	1	1	1	0
15.08.2015 11:31:21.970000	-0.11	-0.0983722	-0.106417	127.695	674.549	0.00072338	7	4	4	4	0.286522	347	62.1774	0	0	0	0.436039	132.145	0.58504	503.718	1	1	1	1	1	1	1	0
15.08.2015 11:31:22.070000	-0.11	-0.0983722	-0.106417	127.699	674.988	0.00108507	7	4	4	4	0.279985	347	62.1774	0	0	0	0.436198	132.125	0.587542	503.629	1	1	1	1	1	1	1	0
15.08.2015 11:31:22.170000	-0.11	-0.0983722	-0.106417	127.685	674.99	0	7	4	4	4	0.285086	347	62.1774	0	0	0	0.436198	132.098	0.587725	503.528	1	1	1	1	1	1	1	0
15.08.2015 11:31:22.270000	-0.11	-0.0983722	-0.106417	127.68	674.996	0.000542535	7	4	4	4	0.2768	347	62.1774	0	0	0	0.435909	132.071	0.587176	503.427	1	1	1	1	1	1	1	0
15.08.2015 11:31:22.370000	-0.11	-0.0983722	-0.106417	127.638	674.995	0.00072338	7	4	4	4	0.271703	347	62.1774	0	0	0	0.436198	132.052	0.587237	503.351	1	1	1	1	1	1	1	0
15.08.2015 11:31:22.470000	-0.11	-0.0983722	-0.106417	127.387	675.02	0.000542535	7	4	4	4	0.277311	347	62.1774	0	0	0	0.435489	132.019	0.588458	503.22	1	1	1	1	1	1	1	0
15.08.2015 11:31:22.570000	-0.11	-0.0983722	-0.106417	127.359	675.052	0.00253183	7	4	4	4	0.268292	347	62.1774	0	0	0	0.435749	132.004	0.588519	503.162	1	1	1	1	1	1	1	0
15.08.2015 11:31:22.670000	-0.11	-0.0983722	-0.106417	127.355	675.051	0.00325521	7	4	4	4	0.269503	347	62.1774	0	0	0	0.435619	131.978	0.587298	503.067	1	1	1	1	1	1	1	0
15.08.2015 11:31:22.770000	-0.11	-0.0983722	-0.106417	127.349	675.016	0.00036169	7	4	4	4	0.261025	347	62.1774	0	0	0	0.435634	131.954	0.587298	502.978	1	1	1	1	1	1	1	0
15.08.2015 11:31:22.870000	-0.11	-0.0983722	-0.106417	127.383	675.016	0	7	4	4	4	0.250923	347	62.1774	0	0	0	0.435475	131.93	0.586077	502.89	1	1	1	1	1	1	1	0
15.08.2015 11:31:22.970000	-0.11	-0.0983722	-0.106417	127.385	675.005	0.00180845	7	4	4	4	0.258362	347	62.1774	0	0	0	0.43491	131.909	0.586932	502.805	1	1	1	1	1	1	1	0
15.08.2015 11:31:23.070000	-0.11	-0.0983722	-0.106417	127.387	675.027	0.000542535	7	4	4	4	0.250804	347	62.1774	0	0	0	0.434881	131.887	0.588641	502.717	1	1	1	1	1	1	1	0
15.08.2015 11:31:23.170000	-0.11	-0.0983722	-0.106417	127.388	674.995	0.00072338	7	4	4	4	0.243257	347	62.1774	0	0	0	0.434635	131.865	0.591693	502.617	1	1	1	1	1	1	1	0
15.08.2015 11:31:23.270000	-0.11	-0.0983722	-0.106417	127.387	675.008	0.00108507	7	4	4	4	0.278249	347	62.1774	0	0	0	0.435156	131.835	0.591083	502.508	1	1	1	1	1	1	1	0
15.08.2015 11:31:23.370000	-0.11	-0.0983722	-0.106417	127.521	675.049	0.00072338	7	4	4	4	0.265492	347	62.1774	0	0	0	0.43491	131.819	0.590777	502.448	1	1	1	1	1	1	1	0
15.08.2015 11:31:23.470000	-0.11	-0.0983722	-0.106417	127.531	675.078	0	7	4	4	4	0.253408	347	62.1774	0	0	0	0.435041	131.794	0.588702	502.36	1	1	1	1	1	1	1	0
15.08.2015 11:31:23.570000	-0.11	-0.0983722	-0.106417	127.505	675.003	0.00072338	7	4	4	4	0.254751	347	62.1774	0	0	0	0.435026	131.771	0.591876	502.258	1	1	1	1	1	1	1	0
15.08.2015 11:31:23.670000	-0.11	-0.0983722	-0.106417	127.508	675.105	0.00108507	7	4	4	4	0.271761	347	62.1774	0	0	0	0.435764	131.748	0.591144	502.173	1	1	1	1	1	1	1	0
15.08.2015 11:31:23.770000	-0.11	-0.0983722	-0.106417	127.505	675.104	0.00108507	7	4	4	4	0.288248	347	62.1774	0	0	0	0.43491	131.727	0.591876	502.09	1	1	1	1	1	1	1	0
15.08.2015 11:31:23.870000	-0.11	-0.0983722	-0.106417	127.508	675.055	0.00108507	7	4	4	4	0.290223	347	62.1774	0	0	0	0.434491	131.7	0.590838	501.991	1	1	1	1	1	1	1	0
15.08.2015 11:31:23.970000	-0.11	-0.0983722	-0.106417	127.51	675.044	0.00036169	7	4	4	4	0.28504	347	62.1774	0	0	0	0.433579	131.678	0.588946	501.914	1	1	1	1	1	1	1	0
15.08.2015 11:31:24.070000	-0.11	-0.0983722	-0.106417	127.512	675.023	0.00271267	7	4	4	4	0.283245	347	62.1774	0	0	0	0.433189	131.659	0.587909	501.844	1	1	1	1	1	1	1	0
15.08.2015 11:31:24.170000	-0.11	-0.0983722	-0.106417	127.516	675.023	0.00289352	7	4	4	4	0.2894	347	62.1774	0	0	0	0.43342	131.635	0.591754	501.738	1	1	1	1	1	1	1	0
15.08.2015 11:31:24.270000	-0.11	-0.0983722	-0.106417	127.516	675.008	0.00217014	7	4	4	4	0.288902	347	62.1774	0	0	0	0.433319	131.612	0.593402	501.643	1	1	1	1	1	1	1	0
15.08.2015 11:31:24.370000	-0.11	-0.0983722	-0.106417	127.513	674.984	0.00253183	7	4	4	4	0.280533	347	62.1774	0	0	0	0.434144	131.591	0.592181	501.568	1	1	1	1	1	1	1	0
15.08.2015 11:31:24.470000	-0.11	-0.0983722	-0.106417	127.516	674.984	0.00488281	7	4	4	4	0.276088	347	62.1774	0	0	0	0.434042	131.57	0.594317	501.479	1	1	1	1	1	1	1	0
15.08.2015 11:31:24.570000	-0.11	-0.0983722	-0.106417	127.516	674.979	0.00470197	7	4	4	4	0.282083	347	62.1774	0	0	0	0.434592	131.545	0.594317	501.382	1	1	1	1	1	1	1	0
15.08.2015 11:31:24.670000	-0.11	-0.0983722	-0.106417	127.516	674.961	0.00542535	7	4	4	4	0.282255	347	62.1774	0	0	0	0.434592	131.522	0.593829	501.299	1	1	1	1	1	1	1	0
15.08.2015 11:31:24.770000	-0.11	-0.0983722	-0.106417	127.516	674.974	0.00434028	7	4	4	4	0.272339	347	62.1774	0	0	0	0.434635	131.502	0.592975	501.226	1	1	1	1	1	1	1	0
15.08.2015 11:31:24.870000	-0.11	-0.0983722	-0.106417	127.516	674.969	0	7	4	4	4	0.28648	347	62.1774	0	0	0	0.434028	131.482	0.595599	501.136	1	1	1	1	1	1	1	0
15.08.2015 11:31:24.970000	-0.11	-0.0983722	-0.106417	127.516	674.961	0.00289352	7	4	4	4	0.277725	347	62.1774	0	0	0	0.433753	131.458	0.593768	501.054	1	1	1	1	1	1	1	0
15.08.2015 11:31:25.070000	-0.11	-0.0983722	-0.106417	127.516	674.973	0.00542535	7	4	4	4	0.281344	347	62.1774	0	0	0	0.433724	131.441	0.594256	500.984	1	1	1	1	1	1	1	0
15.08.2015 11:31:25.170000	-0.11	-0.0983722	-0.106417	127.516	674.961	0.00506366	7	4	4	4	0.29135	347	62.1774	0	0	0	0.434317	131.416	0.59328	500.896	1	1	1	1	1	1	1	0
15.08.2015 11:31:25.270000	-0.11	-0.0983722	-0.106417	127.516	674.961	0.00434028	7	4	4	4	0.283662	347	62.1774	0	0	0	0.434867	131.392	0.592791	500.805	1	1	1	1	1	1	1	0
15.08.2015 11:31:25.370000	-0.11	-0.0983722	-0.106417	127.516	674.956	0.00217014	7	4	4	4	0.258531	347	62.1774	0	0	0	0.435475	131.375	0.593707	500.734	1	1	1	1	1	1	1	0
15.08.2015 11:31:25.470000	-0.11	-0.0983722	-0.106417	127.516	674.953	0.0016276	7	4	4	4	0.269395	347	62.1774	0	0	0	0.435475	131.356	0.594256	500.662	1	1	1	1	1	1	1	0
15.08.2015 11:31:25.570000	-0.11	-0.0983722	-0.106417	127.516	674.945	0.00289352	7	4	4	4	0.268856	347	62.1774	0	0	0	0.435475	131.338	0.593402	500.596	1	1	1	1	1	1	1	0
15.08.2015 11:31:25.670000	-0.11	-0.0983722	-0.106417	127.516	674.945	0.00217014	7	4	4	4	0.261034	347	62.1774	0	0	0	0.434766	131.314	0.593097	500.505	1	1	1	1	1	1	1	0
15.08.2015 11:31:25.770000	-0.11	-0.0983722	-0.106417	127.516	674.945	0.00180845	7	4	4	4	0.249975	347	62.1774	0	0	0	0.434751	131.296	0.592914	500.435	1	1	1	1	1	1	1	0
15.08.2015 11:31:25.870000	-0.11	-0.0983722	-0.106417	127.516	674.945	0.000542535	7	4	4	4	0.261492	347	62.1774	0	0	0	0.434332	131.273	0.594562	500.342	1	1	1	1	1	1	1	0
15.08.2015 11:31:25.970000	-0.11	-0.0983722	-0.106417	127.516	674.945	0.00072338	7	4	4	4	0.270419	347	62.1774	0	0	0	0.434303	131.258	0.594867	500.282	1	1	1	1	1	1	1	0
15.08.2015 11:31:26.070000	-0.11	-0.0983722	-0.106417	127.516	674.93	0	7	4	4	4	0.258202	347	62.1774	0	0	0	0.434042	131.236	0.595843	500.196	1	1	1	1	1	1	1	0
15.08.2015 11:31:26.170000	-0.11	-0.0983722	-0.106417	127.516	674.927	0	7	4	4	4	0.256858	347	62.1774	0	0	0	0.434028	131.218	0.59859	500.114	1	1	1	1	1	1	1	0
15.08.2015 11:31:26.270000	-0.11	-0.0983722	-0.106417	127.516	674.922	0.00108507	7	4	4	4	0.269231	347	62.1774	0	0	0	0.434606	131.198	0.599628	500.035	1	1	1	1	1	1	1	0
15.08.2015 11:31:26.370000	-0.11	-0.0983722	-0.106417	127.516	674.922	0.00108507	7	4	4	4	0.256714	347	62.1774	0	0	0	0.433738	131.178	0.596881	499.967	1	1	1	1	1	1	1	0
15.08.2015 11:31:26.470000	-0.11	-0.0983722	-0.106417	127.516	674.922	0.000542535	7	4	4	4	0.266196	347	62.1774	0	0	0	0.433189	131.157	0.596698	499.887	1	1	1	1	1	1	1	0
15.08.2015 11:31:26.570000	-0.11	-0.0983722	-0.106417	127.516	674.922	0.00180845	7	4	4	4	0.263586	347	62.1774	0	0	0	0.433145	131.139	0.596393	499.821	1	1	1	1	1	1	1	0
15.08.2015 11:31:26.670000	-0.11	-0.0983722	-0.106417	127.516	674.922	0.00325521	7	4	4	4	0.260167	347	62.1774	0	0	0	0.431756	131.117	0.599139	499.728	1	1	1	1	1	1	1	0
15.08.2015 11:31:26.770000	-0.11	-0.0983722	-0.106417	127.516	674.914	0.00217014	7	4	4	4	0.274354	347	62.1774	0	0	0	0.431699	131.1	0.596576	499.673	1	1	1	1	1	1	1	0
15.08.2015 11:31:26.870000	-0.11	-0.0983722	-0.106417	127.516	674.914	0.0016276	7	4	4	4	0.262721	347	62.1774	0	0	0	0.431568	131.083	0.596149	499.609	1	1	1	1	1	1	1	0
15.08.2015 11:31:26.970000	-0.11	-0.0983722	-0.106417	127.516	674.906	0.00036169	7	4	4	4	0.270342	347	62.1774	0	0	0	0.432422	131.062	0.594684	499.534	1	1	1	1	1	1	1	0
15.08.2015 11:31:27.070000	-0.11	-0.0983722	-0.106417	127.516	674.906	0.0016276	7	4	4	4	0.27095	347	62.1774	0	0	0	0.432292	131.043	0.596698	499.453	1	1	1	1	1	1	1	0
15.08.2015 11:31:27.170000	-0.11	-0.0983722	-0.106417	127.516	674.94	0.00144676	7	4	4	4	0.269932	347	62.1774	0	0	0	0.43287	131.023	0.59682	499.377	1	1	1	1	1	1	1	0
15.08.2015 11:31:27.270000	-0.11	-0.0983722	-0.106417	127.516	674.945	0.0016276	7	4	4	4	0.264483	347	62.1774	0	0	0	0.432711	131.004	0.598956	499.293	1	1	1	1	1	1	1	0
15.08.2015 11:31:27.370000	-0.11	-0.0983722	-0.106417	127.516	674.94	0.00072338	7	4	4	4	0.268969	347	62.1774	0	0	0	0.432755	130.983	0.600482	499.21	1	1	1	1	1	1	1	0
15.08.2015 11:31:27.470000	-0.11	-0.0983722	-0.106417	127.516	674.945	0.000542535	7	4	4	4	0.270137	347	62.1774	0	0	0	0.432697	130.966	0.598407	499.153	1	1	1	1	1	1	1	0
15.08.2015 11:31:27.570000	-0.11	-0.0983722	-0.106417	127.516	674.953	0.00108507	7	4	4	4	0.28221	347	62.1774	0	0	0	0.43303	130.947	0.600848	499.07	1	1	1	1	1	1	1	0
15.08.2015 11:31:27.670000	-0.11	-0.0983722	-0.106417	127.516	674.953	0.00108507	7	4	4	4	0.269693	347	62.1774	0	0	0	0.433999	130.927	0.598834	499.002	1	1	1	1	1	1	1	0
15.08.2015 11:31:27.770000	-0.11	-0.0983722	-0.106417	127.516	674.945	0	7	4	4	4	0.277443	347	62.1774	0	0	0	0.433464	130.907	0.599078	498.924	1	1	1	1	1	1	1	0
15.08.2015 11:31:27.870000	-0.11	-0.0983722	-0.106417	127.516	674.945	0.000542535	7	4	4	4	0.2649	347	62.1774	0	0	0	0.433883	130.89	0.60036	498.852	1	1	1	1	1	1	1	0
15.08.2015 11:31:27.970000	-0.11	-0.0983722	-0.106417	127.516	674.948	0.00072338	7	4	4	4	0.275739	347	62.1774	0	0	0	0.433304	130.868	0.601093	498.765	1	1	1	1	1	1	1	0
15.08.2015 11:31:28.070000	-0.11	-0.0983722	-0.106417	127.516	674.953	0.00108507	7	4	4	4	0.27282	347	62.1774	0	0	0	0.434013	130.849	0.597858	498.705	1	1	1	1	1	1	1	0
15.08.2015 11:31:28.170000	-0.11	-0.0983722	-0.106417	127.516	674.961	0.00108507	7	4	4	4	0.288206	347	62.1774	0	0	0	0.434028	130.832	0.599506	498.633	1	1	1	1	1	1	1	0
15.08.2015 11:31:28.270000	-0.11	-0.0983722	-0.106417	127.516	674.961	0.00108507	7	4	4	4	0.272431	347	62.1774	0	0	0	0.434187	130.815	0.600177	498.566	1	1	1	1	1	1	1	0
15.08.2015 11:31:28.370000	-0.11	-0.0983722	-0.106417	127.516	674.977	0.00036169	7	4	4	4	0.274897	347	62.1774	0	0	0	0.433579	130.793	0.598956	498.489	1	1	1	1	1	1	1	0
15.08.2015 11:31:28.470000	-0.11	-0.0983722	-0.106417	127.516	674.984	0.00108507	7	4	4	4	0.255795	347	62.1774	0	0	0	0.434187	130.774	0.599811	498.41	1	1	1	1	1	1	1	0
15.08.2015 11:31:28.570000	-0.11	-0.0983722	-0.106417	127.516	674.984	0.00036169	7	4	4	4	0.263457	347	62.1774	0	0	0	0.433869	130.758	0.601703	498.343	1	1	1	1	1	1	1	0
15.08.2015 11:31:28.670000	-0.11	-0.0983722	-0.106417	127.516	674.984	0.00108507	7	4	4	4	0.271922	347	62.1774	0	0	0	0.433608	130.736	0.602008	498.255	1	1	1	1	1	1	1	0
15.08.2015 11:31:28.770000	-0.11	-0.0983722	-0.106417	127.516	674.995	0.00144676	7	4	4	4	0.2791	347	62.1774	0	0	0	0.433579	130.718	0.601947	498.187	1	1	1	1	1	1	1	0
15.08.2015 11:31:28.870000	-0.11	-0.0983722	-0.106417	127.516	675	0.000542535	7	4	4	4	0.2612	347	62.1774	0	0	0	0.432899	130.7	0.604938	498.108	1	1	1	1	1	1	1	0
15.08.2015 11:31:28.970000	-0.11	-0.0983722	-0.106417	127.424	675.005	0.00072338	7	4	4	4	0.255583	347	62.1774	0	0	0	0.433145	130.684	0.602069	498.056	1	1	1	1	1	1	1	0
15.08.2015 11:31:29.070000	-0.11	-0.0983722	-0.106417	127.23	675.039	0.000542535	7	4	4	4	0.246839	347	62.1774	0	0	0	0.432595	130.661	0.602618	497.969	1	1	1	1	1	1	1	0
15.08.2015 11:31:29.170000	-0.11	-0.0983722	-0.106417	127.219	675.016	-0.000723379	7	4	4	4	0.271681	347	62.1774	0	0	0	0.433145	130.646	0.59975	497.921	1	1	1	1	1	1	1	0
15.08.2015 11:31:29.270000	-0.11	-0.0983722	-0.106417	127.219	675.027	0.00217014	7	4	4	4	0.261979	347	62.1774	0	0	0	0.432306	130.627	0.602435	497.839	1	1	1	1	1	1	1	0
15.08.2015 11:31:29.370000	-0.11	-0.0983722	-0.106417	127.219	675.01	0.00180845	7	4	4	4	0.262465	347	62.1774	0	0	0	0.432595	130.607	0.599994	497.772	1	1	1	1	1	1	1	0
15.08.2015 11:31:29.470000	-0.11	-0.0983722	-0.106417	127.215	675.012	0	7	4	4	4	0.249108	347	62.1774	0	0	0	0.431829	130.59	0.598529	497.712	1	1	1	1	1	1	1	0
15.08.2015 11:31:29.570000	-0.11	-0.0983722	-0.106417	127.214	675.07	0.00072338	7	4	4	4	0.277259	347	62.1774	0	0	0	0.43303	130.577	0.597858	497.664	1	1	1	1	1	1	1	0
15.08.2015 11:31:29.670000	-0.11	-0.0983722	-0.106417	127.195	675.074	0.000542535	7	4	4	4	0.286399	347	62.1774	0	0	0	0.432161	130.559	0.598895	497.59	1	1	1	1	1	1	1	0
15.08.2015 11:31:29.770000	-0.11	-0.0983722	-0.106417	127.193	675.052	0.00108507	7	4	4	4	0.249702	347	62.1774	0	0	0	0.431583	130.538	0.598468	497.511	1	1	1	1	1	1	1	0
15.08.2015 11:31:29.870000	-0.11	-0.0983722	-0.106417	127.195	675.059	0.000542535	7	4	4	4	0.265635	347	62.1774	0	0	0	0.431684	130.535	0.596393	497.508	1	1	1	1	1	1	1	0
15.08.2015 11:31:29.970000	-0.11	-0.0983722	-0.106417	127.195	675.052	0.00108507	7	4	4	4	0.259987	347	62.1774	0	0	0	0.431742	130.559	0.597003	497.6	1	1	1	1	1	1	1	0
15.08.2015 11:31:30.070000	-0.11	-0.0983722	-0.106417	127.195	675.086	0.000542535	7	4	4	4	0.259634	347	62.1774	0	0	0	0.431843	130.477	0.599139	497.276	1	1	1	1	1	1	1	0
15.08.2015 11:31:30.170000	-0.11	-0.0983722	-0.106417	127.195	675.057	0.00108507	7	4	4	4	0.254413	347	62.1774	0	0	0	0.430179	130.463	0.600865	497.214	1	1	1	1	1	1	1	0
15.08.2015 11:31:30.270000	-0.11	-0.0983722	-0.106417	127.195	675.055	0.000542535	7	4	4	4	0.26602	347	62.1774	0	0	0	0.430512	130.445	0.600861	497.158	1	1	1	1	1	1	1	0
15.08.2015 11:31:30.370000	-0.11	-0.0983722	-0.106417	127.195	675.049	0.00036169	7	4	4	4	0.254635	347	62.1774	0	0	0	0.430852	130.427	0.602008	497.069	1	1	1	1	1	1	1	0
15.08.2015 11:31:30.470000	-0.11	-0.0983722	-0.106417	127.195	675.047	0.00108507	7	4	4	4	0.25355	347	62.1774	0	0	0	0.43185	130.41	0.600421	497.017	1	1	1	1	1	1	1	0
15.08.2015 11:31:30.570000	-0.11	-0.0983722	-0.106417	127.195	675.047	-0.00072338	7	4	4	4	0.232708	347	62.1774	0	0	0	0.432711	130.39	0.603351	496.928	1	1	1	1	1	1	1	0
15.08.2015 11:31:30.670000	-0.11	-0.0983722	-0.106417	127.195	675.047	-0.0016276	7	4	4	4	0.243825	347	62.1774	0	0	0	0.434172	130.375	0.602792	496.871	1	1	1	1	1	1	1	0
15.08.2015 11:31:30.770000	-0.11	-0.0983722	-0.106417	127.195	675.047	-0.00108507	7	4	4	4	0.248039	347	62.1774	0	0	0	0.433587	130.356	0.60329	496.796	1	1	1	1	1	1	1	0
15.08.2015 11:31:30.870000	-0.11	-0.0983722	-0.106417	127.195	675.047	0	7	4	4	4	0.247747	347	62.1774	0	0	0	0.434317	130.339	0.603229	496.732	1	1	1	1	1	1	1	0
15.08.2015 11:31:30.970000	-0.11	-0.0983722	-0.106417	127.195	675.047	0.00072338	7	4	4	4	0.246919	347	62.1774	0	0	0	0.434599	130.32	0.601581	496.665	1	1	1	1	1	1	1	0
15.08.2015 11:31:31.070000	-0.11	-0.0983722	-0.106417	127.195	675.047	-0.00108507	7	4	4	4	0.245514	347	62.1774	0	0	0	0.434499	130.3	0.600197	496.596	1	1	1	1	1	1	1	0
