Time	[76:0]	[76:1]	[76:2]	[76:4]	[76:8]	[76:70]	[76:71]	[78:0]	[78:1]	[78:2]	[79:2]	[79:3]	[79:4]	[79:8]	[79:9]	[79:10]	[79:11]	[79:12]	[79:13]	[79:14]	[79.0]	[79.1]	[79.2]	[79.3]	[79.4]	[79.5]	[79.6]	[79.8]
time	Hoogteverstelling - Referentie positie (mm)	Hoogteverstelling - AZ gemeten positie (mm)	Hoogteverstelling - BZ gemeten positie (mm)	Transfert Ingang - Gemeten positie (mm)	Transfert Uitgang - Gemeten positie (mm)	Aardgas - actueel debiet	Stappenschakelaar - gemeten pos	Laspos Ing - positie discreet	Laspos Uitg - positie discreet	Schaafverstelling - positie discreet	Stuikraam - Totale Stroommeting RMS-waarde (A)	Stuikraam - Stroomreferentie (A)	Stuikraam - Positie AZ (mm, pulsgever)	Stuikraam - Referentie Servo-ventiel (%)	Stuikraam - Trim door I-regelaar (%)	Stuikraam - Gemeten snelheid (mm/s, pulsgever)	Secundaire lasspanning	Stuikraam - Druk stuikcilinder voorkamer (=laszijde)  (bar)	Stuikraam - Druk stuikcilinder terugloopkamer  (bar)	Stuikraam - Netto voorwaartse kracht op stuikraam (kN)	Stuikraam - P1	Stuikraam - P2	Stuikraam - P3	Stuikraam - P4	Stuikraam - P5	Stuikraam - P6	Stuikraam - P7	Stuikraam - Openen stuikventielen	

Lasparameter.Ingang - Coil ID	0324049S
Lasparameter.Ingang - Dikte (um)	4440
Lasparameter.Ingang - Breedte (mm)	1247
Lasparameter.Ingang - Materiaal	0001
Lasparameter.Uitgang - Coil ID	0324048S
Lasparameter.Uitgang - Dikte (um)	4440
Lasparameter.Uitgang - Breedte (mm)	1248
Lasparameter.Uitgang - Materiaal	0001
Lasparameter.P2 (mm)	24.0
Lasparameter.P3 (mm)	34.0
Lasparameter.P4 (mm)	42.2
Lasparameter.P5 (mm)	50.8
Lasparameter.P6 (mm)	57.5
Lasparameter.P7 (mm)	62.2
Lasparameter.Vonksnelheid (mm/s)	1.20
Lasparameter.Lassnelheid (mm/s)	0.48
Lasparameter.Stroom Referentie (A)	0360
Lasparameter.Stroomtoename (µA/s2)	47.4
Lasparameter.Stuikstroomtijd (per)	0009
Lasparameter.Afkoeltijd Stuik (per)	0010
Lasparameter.Stuikdruk (bar)	0106
Lasparameter.Stuiksnelheid (%)	90.0

19.08.2015 10:54:00.195000	0	0	0.00424471	0	-0.0429688	0.000542535	5	4	4	4	0.387089	360	0	0	0	0	0.23431	2.52907	124.147	-465.651	1	0	0	0	0	0	0	0
19.08.2015 10:54:00.295000	0	0	0.00424471	0	-0.453125	0.00108507	5	4	4	4	0.318525	360	0	0	0	0	0.236806	2.76406	124.116	-464.631	1	0	0	0	0	0	0	0
19.08.2015 10:54:00.395000	0	0	0.00424471	0.00260417	-3.23177	0.00036169	5	4	4	4	0.302524	360	0	0	0	0	0.236675	4.77346	124.149	-457.066	1	0	0	0	0	0	0	0
19.08.2015 10:54:00.495000	0	0	0.00424471	0.0078125	-13.8828	0.00108507	5	4	4	4	0.306161	360	0	0	0	0	0.240437	4.94626	124.157	-456.435	1	0	0	0	0	0	0	0
19.08.2015 10:54:00.595000	0	0	0.00424471	0.0078125	-32.6823	0.00036169	5	4	4	4	0.285717	360	0	0	0	0	0.240567	4.30982	124.116	-458.713	1	0	0	0	0	0	0	0
19.08.2015 10:54:00.695000	0	0	0.00424471	0.00390625	-54.0078	0.000542535	5	4	4	4	0.269443	360	0	0	0	0	0.243859	4.9675	124.112	-456.18	1	0	0	0	0	0	0	0
19.08.2015 10:54:00.795000	0	0	0.00424471	0.00260417	-87.5651	0.00072338	5	4	4	4	0.289738	360	0	0	0	0	0.243251	6.57363	124.158	-450.206	1	0	0	0	0	0	0	0
19.08.2015 10:54:00.895000	0	0	0.00424471	0.0117188	-122.52	0.00108507	5	4	4	4	0.27754	360	0	0	0	0	0.246304	4.67	124.091	-457.239	1	0	0	0	0	0	0	0
19.08.2015 10:54:00.995000	0	0	0.00424471	0	-157.021	0.00072338	5	4	4	4	0.386045	360	0	0	0	0	0.247208	4.08948	124.031	-459.233	1	0	0	0	0	0	0	0
19.08.2015 10:54:01.095000	0	0	0.00424471	0.00390625	-195.281	0.000542535	5	4	4	4	0.359769	360	0	0	0	0	0.249291	4.9794	124.058	-455.929	1	0	0	0	0	0	0	0
19.08.2015 10:54:01.195000	0	0	0.00424471	0.00520833	-251.779	-0.00036169	5	4	4	4	0.384327	360	0	0	0	0	0.250326	5.33946	124.038	-454.471	1	0	0	0	0	0	0	0
19.08.2015 10:54:01.295000	0	0	0.00424471	0.0078125	-292.289	0.000542535	5	4	4	4	0.382163	360	0	0	0	0	0.251541	5.24812	124.015	-454.735	1	0	0	0	0	0	0	0
19.08.2015 10:54:01.395000	0	0	0.00424471	0	-332.453	0.00072338	5	4	4	4	0.389276	360	0	0	0	0	0.253219	4.66439	123.994	-456.897	1	0	0	0	0	0	0	0
19.08.2015 10:54:01.495000	0	0	0.00424471	0.00390625	-380.621	0.000542535	5	4	4	4	0.375198	360	0	0	0	0	0.252409	2.89254	123.889	-463.272	1	0	0	0	0	0	0	0
19.08.2015 10:54:01.595000	0	0	0.00424471	0	-428.737	0.00072338	5	4	4	4	0.396475	360	0	0	0	0	0.253378	6.81521	123.988	-448.633	1	0	0	0	0	0	0	0
19.08.2015 10:54:01.695000	0	0	0.00424471	0.00390625	-468.867	0.000542535	5	4	4	4	0.394073	360	0	0	0	0	0.252626	5.47112	123.958	-453.668	1	0	0	0	0	0	0	0
19.08.2015 10:54:01.795000	0	0	0.00424471	0	-508.534	0.00108507	5	4	4	4	0.378123	360	0	0	0	0	0.252611	4.41622	123.917	-457.54	1	0	0	0	0	0	0	0
19.08.2015 10:54:01.895000	0	0	0.00424471	-0.0117188	-562.922	0.000542535	5	4	4	4	0.368623	360	0	0	0	0	0.250716	6.34608	123.952	-450.283	1	0	0	0	0	0	0	0
19.08.2015 10:54:01.995000	0	0	0.00424471	-0.0234375	-592.982	0.00108507	5	4	4	4	0.381017	360	0	0	0	0	0.251447	4.64986	123.859	-456.425	1	0	0	0	0	0	0	0
19.08.2015 10:54:02.095000	0	0	0.00424471	-0.0195313	-616.824	0.00108507	5	4	4	4	0.348986	360	0	0	0	0	0.249711	5.17295	123.839	-454.348	1	0	0	0	0	0	0	0
19.08.2015 10:54:02.195000	0	0	0.00424471	0	-635.023	0.00072338	5	4	4	4	0.378191	360	0	0	0	0	0.250217	5.98004	123.837	-451.249	1	0	0	0	0	0	0	0
19.08.2015 10:54:02.295000	0	0	0.00424471	0	-653.766	0.00108507	5	4	4	4	0.371378	360	0	0	0	0	0.251736	4.69039	123.787	-455.998	1	0	0	0	0	0	0	0
19.08.2015 10:54:02.395000	0	0	0.00424471	-0.015625	-661.664	0.00108507	5	4	4	4	0.386042	360	0	0	0	0	0.256004	3.53581	123.688	-460.038	1	0	0	0	0	0	0	0
19.08.2015 10:54:02.495000	0	0	0.00424471	-0.0390625	-665.227	0	5	4	4	4	0.37668	360	0	0	0	0	0.260272	2.98947	123.645	-461.964	1	0	0	0	0	0	0	0
19.08.2015 10:54:02.595000	0	0	0.00424471	0.0677083	-666.607	0.00108507	5	4	4	4	0.361496	360	0	0	0	0	0.262731	4.8807	123.67	-454.82	1	0	0	0	0	0	0	0
19.08.2015 10:54:02.695000	0	0	0.00424471	0.390625	-668.043	0.000542535	5	4	4	4	0.400548	360	0	0	0	0	0.26577	4.67983	123.645	-455.493	1	0	0	0	0	0	0	0
19.08.2015 10:54:02.795000	0	0	0.00424471	2.41146	-668.156	0.00108507	5	4	4	4	0.383284	360	0	0	0	0	0.267361	4.22572	123.614	-457.113	1	0	0	0	0	0	0	0
19.08.2015 10:54:02.895000	0	0	0.00424471	13.4883	-668.168	0.00108507	5	4	4	4	0.356825	360	0	0	0	0	0.271557	6.3393	123.661	-449.2	1	0	0	0	0	0	0	0
19.08.2015 10:54:02.995000	0	0	0.00424471	37.6901	-668.164	0.00072338	5	4	4	4	0.340281	360	0	0	0	0	0.272208	4.68899	123.595	-455.267	1	0	0	0	0	0	0	0
19.08.2015 10:54:03.095000	0	0	0.00424471	62.0977	-668.164	-0.0016276	5	4	4	4	0.375108	360	0	0	0	0	0.275391	3.96844	123.553	-457.864	1	0	0	0	0	0	0	0
19.08.2015 10:54:03.195000	0	0	0.00424471	88.4453	-668.167	0.00108507	5	4	4	4	0.384979	360	0	0	0	0	0.277127	4.98636	123.55	-453.958	1	0	0	0	0	0	0	0
19.08.2015 10:54:03.295000	0	0	0.00424471	119.477	-668.164	0	5	4	4	4	0.36991	360	0	0	0	0	0.279008	4.72512	123.52	-454.841	1	0	0	0	0	0	0	0
19.08.2015 10:54:03.395000	0	0	0.00424471	171.68	-668.172	0.00108507	5	4	4	4	0.375636	360	0	0	0	0	0.279586	4.54396	123.494	-455.436	1	0	0	0	0	0	0	0
19.08.2015 10:54:03.495000	0	0	0.00424471	213.113	-668.172	0.00108507	5	4	4	4	0.385264	360	0	0	0	0	0.279731	5.03372	123.483	-453.518	1	0	0	0	0	0	0	0
19.08.2015 10:54:03.595000	0	0	0.00424471	255.214	-668.172	0.00036169	5	4	4	4	0.379766	360	0	0	0	0	0.280527	4.77889	123.456	-454.391	1	0	0	0	0	0	0	0
19.08.2015 10:54:03.695000	0	0	0.00424471	306.035	-668.18	0.000542535	5	4	4	4	0.355753	360	0	0	0	0	0.282046	4.55879	123.425	-455.115	1	0	0	0	0	0	0	0
19.08.2015 10:54:03.795000	0	0	0.00424471	356.32	-668.18	0.00072338	5	4	4	4	0.390863	360	0	0	0	0	0.287109	4.79208	123.408	-454.158	1	0	0	0	0	0	0	0
19.08.2015 10:54:03.895000	0	0	0.00424471	399.02	-668.18	0.00108507	5	4	4	4	0.370935	360	0	0	0	0	0.29116	4.65029	123.385	-454.612	1	0	0	0	0	0	0	0
19.08.2015 10:54:03.995000	0	0	0.00424471	437.622	-668.18	0.00072338	5	4	4	4	0.358464	360	0	0	0	0	0.29673	4.44581	123.356	-455.282	1	0	0	0	0	0	0	0
19.08.2015 10:54:04.095000	0	0	0.00424471	473.555	-668.18	0.000542535	5	4	4	4	0.369959	360	0	0	0	0	0.299913	4.53792	123.334	-454.848	1	0	0	0	0	0	0	0
19.08.2015 10:54:04.195000	0	0	0.00424471	487.802	-668.18	0.00072338	5	4	4	4	0.373417	360	0	0	0	0	0.30476	4.60158	123.317	-454.539	1	0	0	0	0	0	0	0
19.08.2015 10:54:04.295000	0	0	0.00424471	503.012	-668.168	0.000542535	5	4	4	4	0.374813	360	0	0	0	0	0.308304	3.92889	123.269	-456.928	1	0	0	0	0	0	0	0
19.08.2015 10:54:04.395000	0	0	0.00424471	521.161	-668.156	0.00108507	5	4	4	4	0.358265	360	0	0	0	0	0.313513	4.33045	123.263	-455.369	1	0	0	0	0	0	0	0
19.08.2015 10:54:04.495000	0	0	0.00424471	540.773	-668.16	0.00108507	5	4	4	4	0.365017	360	0	0	0	0	0.31684	4.80715	123.254	-453.508	1	0	0	0	0	0	0	0
19.08.2015 10:54:04.595000	0	0	0.00424471	556.568	-668.164	0.00144676	5	4	4	4	0.365886	360	0	0	0	0	0.32147	4.32356	123.261	-455.389	1	0	0	0	0	0	0	0
19.08.2015 10:54:04.695000	0	0	0.00424471	572.215	-668.164	0.000542535	5	4	4	4	0.37092	360	0	0	0	0	0.32704	4.35524	123.422	-455.884	1	0	0	0	0	0	0	0
19.08.2015 10:54:04.795000	0	0	0.00424471	589.682	-668.167	0.00036169	5	4	4	4	0.383585	360	0	0	0	0	0.331453	4.60305	123.598	-455.608	1	0	0	0	0	0	0	0
19.08.2015 10:54:04.895000	0	0	0.00424471	608.238	-668.168	0.00108507	5	4	4	4	0.375221	360	0	0	0	0	0.336155	4.43226	123.771	-456.922	1	0	0	0	0	0	0	0
19.08.2015 10:54:04.995000	0	0	0.00424471	623.023	-668.169	0.00072338	5	4	4	4	0.390868	360	0	0	0	0	0.339482	4.35145	124.224	-458.97	1	0	0	0	0	0	0	0
19.08.2015 10:54:05.095000	0	0	0.00424471	637.355	-668.172	0.000542535	5	4	4	4	0.371299	360	0	0	0	0	0.344618	4.50594	125.122	-461.816	1	0	0	0	0	0	0	0
19.08.2015 10:54:05.195000	0	0	0.00424471	654.482	-668.172	0.00036169	5	4	4	4	0.37467	360	0	0	0	0	0.347295	4.4579	125.19	-462.259	1	0	0	0	0	0	0	0
19.08.2015 10:54:05.295000	0	0	0.00424471	669.098	-668.172	0.000542535	5	4	4	4	0.378051	360	0	0	0	0	0.350622	4.39076	125.489	-463.663	1	0	0	0	0	0	0	0
19.08.2015 10:54:05.395000	0	0	0.00424471	680.807	-668.172	0.00072338	5	4	4	4	0.367472	360	0	0	0	0	0.353371	4.44954	125.713	-464.292	1	0	0	0	0	0	0	0
19.08.2015 10:54:05.495000	0	0	0.00424471	691.563	-668.172	0.000542535	5	4	4	4	0.373835	360	0	0	0	0	0.355686	4.39876	125.864	-465.067	1	0	0	0	0	0	0	0
19.08.2015 10:54:05.595000	0	0	0.00424471	703.339	-668.172	0.00072338	5	4	4	4	0.372609	360	0	0	0	0	0.35735	4.33595	126.082	-466.14	1	0	0	0	0	0	0	0
19.08.2015 10:54:05.695000	0	0	0.00424471	708.723	-668.172	0	5	4	4	4	0.383492	360	0	0	0	0	0.358796	4.31678	126.307	-467.077	1	0	0	0	0	0	0	0
19.08.2015 10:54:05.795000	0	0	0.00424471	710.188	-668.172	0.00036169	5	4	4	4	0.371363	360	0	0	0	0	0.360098	4.40699	126.357	-466.922	1	0	0	0	0	0	0	0
19.08.2015 10:54:05.895000	0	0	0.00424471	710.973	-668.18	0.000542535	5	4	4	4	0.401178	360	0	0	0	0	0.360243	4.36665	126.78	-468.697	1	0	0	0	0	0	0	0
19.08.2015 10:54:05.995000	0	0	0.00424471	711.107	-668.18	0.00072338	5	4	4	4	0.383895	360	0	0	0	0	0.361256	4.39503	127.208	-470.227	1	0	0	0	0	0	0	0
19.08.2015 10:54:06.095000	0	0	0.00424471	711.109	-668.18	0	5	4	4	4	0.38549	360	0	0	0	0	0.361473	5.06186	127.212	-467.689	1	0	0	0	0	0	0	0
19.08.2015 10:54:06.195000	0	0	0.00424471	711.107	-668.18	0.00144676	5	4	4	4	0.38211	360	0	0	0	0	0.361907	4.47926	127.261	-470.108	1	0	0	0	0	0	0	0
19.08.2015 10:54:06.295000	0	0	0.00424471	711.109	-668.176	0.00108507	5	4	4	4	0.37858	360	0	0	0	0	0.361183	4.38777	127.389	-470.948	1	0	0	0	0	0	0	0
19.08.2015 10:54:06.395000	0	0	0.00424471	711.109	-668.18	0.00108507	5	4	4	4	0.396038	360	0	0	0	0	0.36046	4.7087	127.641	-470.682	1	0	0	0	0	0	0	0
19.08.2015 10:54:06.495000	0	0	0.00424471	711.109	-668.18	0.00217014	5	4	4	4	0.377507	360	0	0	0	0	0.357567	4.38386	127.877	-472.832	1	0	0	0	0	0	0	0
19.08.2015 10:54:06.595000	0	0	0.00424471	711.109	-668.18	0.00108507	5	4	4	4	0.370659	360	0	0	0	0	0.355179	4.37819	128.059	-473.549	1	0	0	0	0	0	0	0
19.08.2015 10:54:06.695000	0	0	0.00424471	711.109	-668.18	0.00108507	5	4	4	4	0.37195	360	0	0	0	0	0.35272	4.62569	128.182	-473.071	1	0	0	0	0	0	0	0
19.08.2015 10:54:06.795000	0	0	0.00424471	711.109	-668.18	0.00108507	5	4	4	4	0.371916	360	0	0	0	0	0.351418	4.71139	128.291	-473.162	1	0	0	0	0	0	0	0
19.08.2015 10:54:06.895000	0	0	0.00424471	711.109	-668.18	0.00108507	5	4	4	4	0.388884	360	0	0	0	0	0.348886	4.50294	128.421	-474.459	1	0	0	0	0	0	0	0
19.08.2015 10:54:06.995000	0	0	0.00424471	711.109	-668.18	0.00072338	5	4	4	4	0.386554	360	0	0	0	0	0.346861	4.50856	128.575	-475.026	1	0	0	0	0	0	0	0
19.08.2015 10:54:07.095000	0	0	0.00424471	711.109	-668.18	0.000542535	5	4	4	4	0.395104	360	0	0	0	0	0.345558	4.59249	128.65	-474.99	1	0	0	0	0	0	0	0
19.08.2015 10:54:07.195000	0	0	0.00424471	711.109	-668.18	0.00036169	5	4	4	4	0.385897	360	0	0	0	0	0.34469	4.52333	128.648	-475.25	1	0	0	0	0	0	0	0
19.08.2015 10:54:07.295000	0	0	0.00424471	711.109	-668.18	0.000542535	5	4	4	4	0.374056	360	0	0	0	0	0.343895	4.54115	129.062	-476.765	1	0	0	0	0	0	0	0
19.08.2015 10:54:07.395000	0	0	0.00424471	711.109	-668.18	0.00036169	5	4	4	4	0.382562	360	0	0	0	0	0.343388	4.50911	129.213	-477.466	1	0	0	0	0	0	0	0
19.08.2015 10:54:07.495000	0	0	0.00424471	711.113	-668.184	0	5	4	4	4	0.395879	360	0	0	0	0	0.344835	3.74725	129.174	-480.233	1	0	0	0	0	0	0	0
19.08.2015 10:54:07.595000	0	0	0.00424471	711.117	-668.19	0.00072338	5	4	4	4	0.406971	360	0	0	0	0	0.345486	4.50899	127.082	-469.308	1	0	0	0	0	0	0	0
19.08.2015 10:54:07.695000	0	0	0.00424471	711.125	-668.191	0.000542535	5	4	4	4	0.360831	360	0	0	0	0	0.346788	4.92416	129.342	-476.369	1	0	0	0	0	0	0	0
19.08.2015 10:54:07.795000	0	0	0.00424471	711.122	-668.193	0.00108507	5	4	4	4	0.376109	360	0	0	0	0	0.347005	6.08661	129.803	-473.685	1	0	0	0	0	0	0	0
19.08.2015 10:54:07.895000	0	0	0.00424471	711.125	-668.188	0.00108507	5	4	4	4	0.375603	360	0	0	0	0	0.348669	4.61245	129.376	-477.694	1	0	0	0	0	0	0	0
19.08.2015 10:54:07.995000	0	0	0.00424471	711.128	-668.193	0.00036169	5	4	4	4	0.414144	360	0	0	0	0	0.349826	4.66384	128.702	-474.919	1	0	0	0	0	0	0	0
19.08.2015 10:54:08.095000	0	0	0.00424471	711.133	-668.195	0.00108507	5	4	4	4	0.393733	360	0	0	0	0	0.351563	5.36979	128.442	-471.218	1	0	0	0	0	0	0	0
19.08.2015 10:54:08.195000	0	0	0.00424471	711.133	-668.188	0.00108507	5	4	4	4	0.394813	360	0	0	0	0	0.353009	4.8948	128.39	-472.838	1	0	0	0	0	0	0	0
19.08.2015 10:54:08.295000	0	0	0.00424471	711.133	-668.191	0.00108507	5	4	4	4	0.378058	360	0	0	0	0	0.354456	4.74178	128.35	-473.271	1	0	0	0	0	0	0	0
19.08.2015 10:54:08.395000	0	0	0.00424471	711.133	-668.193	0.00253183	5	4	4	4	0.37908	360	0	0	0	0	0.355758	5.163	128.307	-471.492	1	0	0	0	0	0	0	0
19.08.2015 10:54:08.495000	0	0	0.00424471	711.133	-668.191	0.00108507	5	4	4	4	0.40016	360	0	0	0	0	0.355396	5.01126	128.075	-471.186	1	0	0	0	0	0	0	0
19.08.2015 10:54:08.595000	0	0	0.00424471	711.13	-668.19	0.00036169	5	4	4	4	0.395826	360	0	0	0	0	0.354745	4.85324	127.883	-471.058	1	0	0	0	0	0	0	0
19.08.2015 10:54:08.695000	0	0	0.00424471	711.129	-668.191	0.00108507	5	4	4	4	0.38126	360	0	0	0	0	0.352503	4.83865	127.971	-471.451	1	0	0	0	0	0	0	0
19.08.2015 10:54:08.795000	0	0	0.00424471	711.13	-668.193	0.00072338	5	4	4	4	0.36659	360	0	0	0	0	0.351056	4.27082	127.94	-473.504	1	0	0	0	0	0	0	0
19.08.2015 10:54:08.895000	0	0	0.00424471	711.129	-668.195	0	5	4	4	4	0.36018	360	0	0	0	0	0.34838	6.08789	122.947	-447.431	1	0	0	0	0	0	0	0
19.08.2015 10:54:08.995000	0	0	0.00424471	711.117	-668.195	0.00036169	5	4	4	4	0.366432	360	0.0646644	0	0	0.0633349	0.347439	62.9616	106.255	-165.763	1	0	0	0	0	0	0	0
19.08.2015 10:54:09.095000	0	0	0.00424471	710.691	-668.195	0.000542535	5	4	4	4	0.383401	360	1.90661	0	0	30.4753	0.345992	112.547	82.4771	115.132	1	0	0	0	0	0	0	0
19.08.2015 10:54:09.195000	0	0	0.00424471	702.833	-668.185	-0.00144676	5	4	4	4	0.37888	360	5.36914	0	0	35.3128	0.346499	109.32	82.3062	103.429	1	0	0	0	0	0	0	0
19.08.2015 10:54:09.295000	0	0	0.00424471	682.922	-668.188	0.00108507	5	4	4	4	0.370959	360	8.94309	0	0	35.957	0.347439	110.771	84.3972	100.978	1	0	0	0	0	0	0	0
19.08.2015 10:54:09.395000	0	0	0.00424471	665.688	-668.195	0.00036169	5	4	4	4	0.371404	360	12.5593	0	0	36.3529	0.348669	114.602	88.3917	100.355	1	0	0	0	0	0	0	0
19.08.2015 10:54:09.495000	0	0	0.00424471	643.672	-668.195	0.00108507	5	4	4	4	0.396849	360	16.1746	0	0	35.9645	0.349682	117.994	91.906	99.8863	1	0	0	0	0	0	0	0
19.08.2015 10:54:09.595000	0	0	0.00424471	612.388	-668.195	0.00108507	5	4	4	4	0.390387	360	19.745	0	0	35.6321	0.349826	119.565	93.777	98.7381	1	0	0	0	0	0	0	0
19.08.2015 10:54:09.695000	0	0	0.00424471	572.613	-668.195	0.00217014	5	4	4	4	0.379152	360	23.2528	0	0	34.9152	0.350622	119.708	94.0125	98.3819	1	0.29	0	0	0	0	0	0
19.08.2015 10:54:09.795000	0	0	0.00424471	537.57	-668.195	0.00325521	5	4	4	4	0.372621	360	27.2411	45.5	0	46.8861	0.350984	111.578	84.4583	103.838	1	1	0	0	0	0	0	0
19.08.2015 10:54:09.895000	0	0	0.00424471	498.516	-668.199	0.00271267	5	4	4	4	0.385337	360	30.9444	49.565	0	26.8549	0.352286	99.9167	77.7629	84.8223	1	1	0	0	0	0	0	0
19.08.2015 10:54:09.995000	0	0	0.00424471	448.805	-668.201	0.00144676	5	4	4	4	0.399903	360	32.6347	42.0501	0	12.7919	0.353082	74.3695	51.0854	89.1499	1	1	0	0	0	0	0	0
19.08.2015 10:54:10.095000	0	0	0.00424471	405.984	-668.227	0.00325521	5	4	4	4	0.393405	360	33.6091	32.0503	0	9.66644	0.355469	58.4361	33.9274	93.8386	1	1	0	0	0	0	0	0
19.08.2015 10:54:10.195000	0	0	0.00424471	370.638	-668.237	0.00289352	5	4	4	4	57.2473	360	34.2672	14.7629	0	6.79439	1.30339	51.4258	27.0868	93.1892	1	1	1	0	0	0	0	0
19.08.2015 10:54:10.295000	0	0	0.00424471	338.023	-668.234	0.00217014	5	4	4	4	82.5503	360	34.4955	5.13925	0	5.74683	7.63701	48.7107	23.6689	95.88	1	1	1	0	0	0	0	0
19.08.2015 10:54:10.395000	0	0	0.00424471	295.047	-668.234	0.00036169	5	4	4	4	82.8058	360	34.6572	5.13925	0	1.84229	10.5736	47.2973	21.9154	97.1821	1	1	1	0	0	0	0	0
19.08.2015 10:54:10.495000	0	0	0.00424471	266.137	-668.234	0.00108507	5	4	4	4	82.9662	360	34.7925	5.13925	0	1.6522	11.3873	45.4298	20.5594	95.2237	1	1	1	0	0	0	0	0
19.08.2015 10:54:10.595000	0	0	0.00424471	243.263	-668.234	0.00108507	5	4	4	4	83.079	360	34.9307	5.13925	0	1.45436	11.6753	45.8708	19.612	100.54	1	1	1	0	0	0	0	0
19.08.2015 10:54:10.695000	0	0	0.00424471	225.129	-668.234	0.000542535	5	4	4	4	83.0738	360	35.0655	5.13925	0	1.40424	11.7419	43.2016	18.8766	93.1357	1	1	1	0	0	0	0	0
19.08.2015 10:54:10.795000	0	0	0.00424471	203.763	-668.24	0.00144676	5	4	4	4	83.1683	360	35.1939	5.13925	0	1.38173	11.7671	44.1051	18.2813	98.8741	1	1	1	0	0	0	0	0
19.08.2015 10:54:10.895000	0	0	0.00424471	186.527	-668.242	0.000542535	5	4	4	4	83.1897	360	35.3177	5.13925	0	1.28927	11.7872	43.2933	17.8372	97.4663	1	1	1	0	0	0	0	0
19.08.2015 10:54:10.995000	0	0	0.00424471	170.354	-668.24	0	5	4	4	4	83.3507	360	35.4426	5.13925	0	1.24964	11.8006	43.487	17.5216	99.4165	1	1	1	0	0	0	0	0
19.08.2015 10:54:11.095000	0	0	0.00424471	151.219	-668.246	0.00108507	5	4	4	4	83.3719	360	35.5649	5.13925	0	1.24119	11.8126	42.677	17.3086	97.1307	1	1	1	0	0	0	0	0
19.08.2015 10:54:11.195000	0	0	0.00424471	137.581	-668.25	0.00036169	5	4	4	4	83.2978	360	35.6838	5.13925	0	1.2374	11.8139	42.37	17.156	96.5392	1	1	1	0	0	0	0	0
19.08.2015 10:54:11.295000	0	0	0.00424471	129.449	-668.25	0.00108507	5	4	4	4	83.3856	360	35.8052	5.13925	0	1.21196	11.8113	41.9471	17.0057	95.4958	1	1	1	0	0	0	0	0
19.08.2015 10:54:11.395000	0	0	0.00424471	126.992	-668.25	0	5	4	4	4	83.4097	360	35.9246	5.13925	0	1.1957	11.8157	42.7758	17.0835	98.3707	1	1	1	0	0	0	0	0
19.08.2015 10:54:11.495000	0	0	0.00424471	125.957	-668.25	0.000542535	5	4	4	4	83.4104	360	36.0489	5.13925	0	1.21265	11.8202	42.1263	17.0716	95.9295	1	1	1	0	0	0	0	0
19.08.2015 10:54:11.595000	0	0	0.00424471	126.74	-668.258	0.00108507	5	4	4	4	83.4842	360	36.1643	5.13925	0	1.22492	11.8215	42.4258	16.9386	97.5853	1	1	1	0	0	0	0	0
19.08.2015 10:54:11.695000	0	0	0.00424471	126.992	-668.266	0.000542535	5	4	4	4	83.4062	360	36.2797	5.13925	0	1.20122	11.8279	43.2926	16.8185	100.57	1	1	1	0	0	0	0	0
19.08.2015 10:54:11.795000	0	0	0.00424471	127.065	-668.266	0.00108507	5	4	4	4	83.4396	360	36.4026	5.13925	0	1.17341	11.8234	41.4559	16.7263	94.6848	1	1	1	0	0	0	0	0
19.08.2015 10:54:11.895000	0	0	0.00424471	127.07	-668.266	0.00217014	5	4	4	4	83.4621	360	36.516	5.13925	0	1.17733	11.8257	42.8783	16.7063	100.208	1	1	1	0	0	0	0	0
19.08.2015 10:54:11.995000	0	0	0.00424471	127.078	-668.266	0.00072338	5	4	4	4	83.5432	360	36.6379	5.13925	0	1.1843	11.8297	42.2078	16.7139	97.6112	1	1	1	0	0	0	0	0
19.08.2015 10:54:12.095000	0	0	0.00424471	127.074	-668.266	0.00108507	5	4	4	4	83.6114	360	36.7563	5.13925	0	1.18426	11.837	41.9969	16.7467	96.6783	1	1	1	0	0	0	0	0
19.08.2015 10:54:12.195000	0	0	0.00424471	127.078	-668.273	0.00108507	5	4	4	4	83.5148	360	36.8756	5.13925	0	1.18417	11.8444	42.5931	16.7606	98.9075	1	1	1	0	0	0	0	0
19.08.2015 10:54:12.295000	0	0	0.00424471	127.078	-668.277	-0.0016276	5	4	4	4	83.6107	360	37	5.13925	0	1.18907	11.8393	41.0556	16.7893	95.7203	1	1	1	0	0	0	0	0
19.08.2015 10:54:12.395000	0	0	0.00424471	127.076	-668.273	0.00108507	5	4	4	4	83.5378	360	37.1159	5.13925	0	1.20751	11.8417	42.0954	16.7924	97.4562	1	1	1	0	0	0	0	0
19.08.2015 10:54:12.495000	0	0	0.00424471	127.078	-668.281	0.000542535	5	4	4	4	83.405	360	37.2398	5.13925	0	1.20542	11.8379	41.7612	16.7843	95.1368	1	1	1	0	0	0	0	0
19.08.2015 10:54:12.595000	0	0	0.00424471	127.076	-668.281	0.00108507	5	4	4	4	83.5554	360	37.3567	5.13925	0	1.19003	11.8312	43.0498	16.7621	100.65	1	1	1	0	0	0	0	0
19.08.2015 10:54:12.695000	0	0	0.00424471	127.078	-668.281	0	5	4	4	4	83.6549	360	37.476	5.13925	0	1.1906	11.8343	42.3112	16.7703	97.7909	1	1	1	0	0	0	0	0
19.08.2015 10:54:12.795000	0	0	0.00424471	127.078	-668.286	0.00072338	5	4	4	4	83.6838	360	37.5994	5.13925	0	1.20148	11.8434	42.1288	16.7794	97.0578	1	1	1	0	0	0	0	0
19.08.2015 10:54:12.895000	0	0	0.00424471	127.078	-668.289	0.000542535	5	4	4	4	83.5539	360	37.7148	5.13925	0	1.20148	11.8456	41.641	16.7853	95.1674	1	1	1	0	0	0	0	0
19.08.2015 10:54:12.995000	0	0	0.00424471	127.078	-668.289	0.00217014	5	4	4	4	83.6429	360	37.8386	5.13925	0	1.2014	11.8427	42.1108	16.7887	96.9533	1	1	1	0	0	0	0	0
19.08.2015 10:54:13.095000	0	0	0.00424471	127.078	-668.289	0.00379774	5	4	4	4	83.7037	360	37.9555	5.13925	0	1.2014	11.8446	42.7135	16.7883	99.2623	1	1	1	0	0	0	0	0
19.08.2015 10:54:13.195000	0	0	0.00424471	127.076	-668.289	0.00506366	5	4	4	4	83.6018	360	38.0774	5.13925	0	1.21219	11.8481	42.5179	16.7956	98.4857	1	1	1	0	0	0	0	0
19.08.2015 10:54:13.295000	0	0	0.00424471	127.078	-668.289	0.00922309	5	4	4	4	83.7277	360	38.1978	5.13925	0	1.213	11.8459	42.5105	16.8125	98.3922	1	1	1	0	0	0	0	0
19.08.2015 10:54:13.395000	0	0	0.00424471	127.078	-668.294	0.00578704	5	4	4	4	83.6939	360	38.3122	5.13925	0	1.18508	11.8461	41.9652	16.7988	96.3572	1	1	1	0	0	0	0	0
19.08.2015 10:54:13.495000	0	0	0.00424471	127.078	-668.297	0.00325521	5	4	4	4	83.6187	360	38.437	5.13925	0	1.17895	11.8464	42.5655	16.8153	98.5923	1	1	1	0	0	0	0	0
19.08.2015 10:54:13.595000	0	0	0.00424471	127.078	-668.297	0.00108507	5	4	4	4	83.6106	360	38.5539	5.13925	0	1.19141	11.8369	42.6513	16.8227	98.8923	1	1	1	0	0	0	0	0
19.08.2015 10:54:13.695000	0	0	0.00424471	127.078	-668.297	0.00108507	5	4	4	4	83.64	360	38.6768	5.13925	0	1.19579	11.8355	42.4118	16.8237	97.9716	1	1	1	0	0	0	0	0
19.08.2015 10:54:13.795000	0	0	0.00424471	127.078	-668.297	-0.00036169	5	4	4	4	83.6427	360	38.7982	5.13925	0	1.20784	11.8332	42.5263	16.8236	98.4107	1	1	1	0	0	0	0	0
19.08.2015 10:54:13.895000	0	0	0.00424471	127.078	-668.297	0.0016276	5	4	4	4	83.6253	360	38.918	5.13925	0	1.21325	11.8395	41.3024	16.8367	93.6743	1	1	1	0	0	0	0	0
19.08.2015 10:54:13.995000	0	0	0.00424471	127.078	-668.299	0.00072338	5	4	4	4	83.6501	360	39.0419	5.13925	0	1.2171	11.8336	42.3883	16.847	97.7923	1	1	1	0	0	0	0	0
19.08.2015 10:54:14.095000	0	0	0.00424471	127.078	-668.305	-0.000542535	5	4	4	4	83.6228	360	39.1578	5.13925	0	1.21918	11.8378	42.4293	16.8433	97.9636	1	1	1	0	0	0	0	0
19.08.2015 10:54:14.195000	0	0	0.00424471	127.078	-668.302	-0.00180845	5	4	4	4	83.5036	360	39.2841	5.13925	0	1.21216	11.8352	42.4237	16.8439	97.9398	1	1	1	0	0	0	0	0
19.08.2015 10:54:14.295000	0	0	0.00424471	127.078	-668.305	-0.0016276	5	4	4	4	83.6094	360	39.402	5.13925	0	1.20729	11.8266	42.1819	16.856	96.9676	1	1	1	0	0	0	0	0
19.08.2015 10:54:14.395000	0	0	0.00424471	127.078	-668.305	-0.00144676	5	4	4	4	83.5564	360	39.5239	5.13925	0	1.20723	11.829	41.2968	16.8681	93.5325	1	1	1	0	0	0	0	0
19.08.2015 10:54:14.495000	0	0	0.00424471	127.078	-668.305	-0.0016276	5	4	4	4	83.5023	360	39.6433	5.13925	0	1.20719	11.8263	42.8946	16.8661	99.6577	1	1	1	0	0	0	0	0
19.08.2015 10:54:14.595000	0	0	0.00424471	127.078	-668.305	-0.00108507	5	4	4	4	83.3785	360	39.7597	5.13925	0	1.1997	11.8162	42.395	16.8657	97.7467	1	1	1	0	0	0	0	0
19.08.2015 10:54:14.695000	0	0	0.00424471	127.078	-668.305	-0.00217014	5	4	4	4	83.4939	360	39.8825	5.13925	0	1.19017	11.8177	42.7069	16.8668	98.9367	1	1	1	0	0	0	0	0
19.08.2015 10:54:14.795000	0	0	0.00424471	127.078	-668.305	-0.00108507	5	4	4	4	83.5167	360	40.0014	5.13925	0	1.19671	11.8158	42.6185	16.8833	98.535	1	1	1	0	0	0	0	0
19.08.2015 10:54:14.895000	0	0	0.00424471	127.078	-668.305	-0.00108507	5	4	4	4	83.4544	360	40.1248	5.13925	0	1.20736	11.8144	42.2663	16.8835	97.1856	1	1	1	0	0	0	0	0
19.08.2015 10:54:14.995000	0	0	0.00424471	127.078	-668.305	-0.00108507	5	4	4	4	83.5379	360	40.2452	5.13925	0	1.20735	11.819	42.2343	16.8947	97.0202	1	1	1	0	0	0	0	0
19.08.2015 10:54:15.095000	0	0	0.00424471	127.078	-668.305	-0.00434028	5	4	4	4	137.378	360	40.367	5.13925	0	1.20733	11.7813	42.221	16.8973	96.9594	1	1	1	0	0	0	0	0
19.08.2015 10:54:15.195000	0	0	0.00424471	127.078	-668.305	-0.0036169	5	4	4	4	148.357	360	40.4879	5.13925	0	1.21067	11.4722	42.807	16.9022	99.1845	1	1	1	0	0	0	0	0
19.08.2015 10:54:15.295000	0	0	0.00424471	127.078	-668.305	-0.0016276	5	4	4	4	253.053	360	40.6063	5.13925	0	1.21924	11.1578	42.0756	16.8935	96.4172	1	1	1	0	0	0	0	0
19.08.2015 10:54:15.395000	0	0	0.00424471	127.078	-668.305	0	5	4	4	4	529.068	360	40.7292	5.13925	0	1.21455	10.9009	41.7933	16.8869	95.3619	1	1	1	0	0	0	0	0
19.08.2015 10:54:15.495000	0	0	0.00424471	127.078	-668.309	-0.00108507	5	4	4	4	449.57	360	40.848	5.13925	0	1.19579	10.7132	41.7877	16.9095	95.2537	1	1	1	0	0	0	0	0
19.08.2015 10:54:15.595000	0	0	0.00424471	127.078	-668.31	-0.00144676	5	4	4	4	803.413	360	40.9729	5.13925	0	1.2008	10.6487	42.6463	16.8643	98.7143	1	1	1	0	0	0	0	0
19.08.2015 10:54:15.695000	0	0	0.00424471	127.078	-668.309	-0.00108507	5	4	4	4	382.935	360	41.0913	5.13925	0	1.22524	10.5465	41.6786	16.9403	94.7178	1	1	1	0	0	0	0	0
19.08.2015 10:54:15.795000	0	0	0.00424471	127.078	-668.313	-0.00036169	5	4	4	4	986.956	360	41.2136	5.13925	0	1.22242	10.6229	42.4108	16.8631	97.8169	1	1	1	0	0	0	0	0
19.08.2015 10:54:15.895000	0	0	0.00424471	127.078	-668.313	0.00108507	5	4	4	4	456.199	360	41.3345	5.13925	0	1.19006	10.4443	42.1443	16.9443	96.4857	1	1	1	0	0	0	0	0
19.08.2015 10:54:15.995000	0	0	0.00424471	127.078	-668.31	0.00072338	5	4	4	4	797.004	360	41.4509	5.13925	0	1.19006	10.5859	42.6725	16.9193	98.604	1	1	1	0	0	0	0	0
19.08.2015 10:54:16.095000	0	0	0.00424471	127.078	-668.313	0.00108507	5	4	4	4	1050.81	360	41.5753	5.13925	0	1.19576	10.4396	41.8692	16.9017	95.5956	1	1	1	0	0	0	0	0
19.08.2015 10:54:16.195000	0	0	0.00424471	127.078	-668.313	0.00217014	5	4	4	4	296.898	360	41.6917	5.13925	0	1.19576	10.5722	43.0258	16.9567	99.8136	1	1	1	0	0	0	0	0
19.08.2015 10:54:16.295000	0	0	0.00424471	127.078	-668.309	0.00217014	5	4	4	4	1198.26	360	41.816	5.13925	0	1.22435	10.8703	42.9224	16.8689	99.7535	1	1	1	0	0	0	0	0
19.08.2015 10:54:16.395000	0	0	0.00424471	127.078	-668.313	0.0036169	5	4	4	4	997.208	360	41.9364	5.13925	0	1.22524	10.4847	42.7635	16.9371	98.8842	1	1	1	0	0	0	0	0
19.08.2015 10:54:16.495000	0	0	0.00424471	127.078	-668.313	0.00271267	5	4	4	4	584.744	360	42.0583	5.13925	0	1.21421	10.5502	41.8591	16.959	95.3376	1	1	1	0	0	0	0	0
19.08.2015 10:54:16.595000	0	0	0.00424471	127.078	-668.313	0.00253183	5	4	4	4	438.436	360	42.1667	2.71839	0.0108058	1.21325	10.5735	42.9001	17.1679	98.5233	1	1	1	0.71	0	0	0	0
19.08.2015 10:54:16.695000	0	0	0.00424471	127.078	-668.313	0.00271267	5	4	4	4	82.9742	360	42.2159	2.29567	0.581313	1.21325	9.17264	42.5618	17.2698	96.8384	1	1	1	1	0	0	0	0
19.08.2015 10:54:16.795000	0	0	0.00424471	127.078	-668.313	0.00253183	5	4	4	4	281.304	360	42.2826	2.84008	1.12572	0.867107	7.72018	44.6384	17.5363	103.768	1	1	1	1	0	0	0	0
19.08.2015 10:54:16.895000	0	0	0.00424471	127.078	-668.313	0.000542535	5	4	4	4	608.042	360	42.3567	2.55249	0.838129	0.815385	6.86251	42.8286	17.7195	96.138	1	1	1	1	0	0	0	0
19.08.2015 10:54:16.995000	0	0	0.00424471	127.078	-668.313	0.00072338	5	4	4	4	830.659	360	42.4109	1.29098	-0.423384	0.815385	6.35467	43.5513	17.894	98.2364	1	1	1	1	0	0	0	0
19.08.2015 10:54:17.095000	0	0	0.00424471	127.078	-668.313	0.00108507	5	4	4	4	339.456	360	42.4363	0.832642	-0.881719	0.815385	6.09779	43.5965	18.1298	97.5067	1	1	1	1	0	0	0	0
19.08.2015 10:54:17.195000	0	0	0.00424471	127.078	-668.313	0.00072338	5	4	4	4	360.036	360	42.4796	0.735176	-0.979185	0.815385	6.18011	43.805	18.2838	97.7159	1	1	1	1	0	0	0	0
19.08.2015 10:54:17.295000	0	0	0.00424471	127.082	-668.313	0.00108507	5	4	4	4	316.723	360	42.5064	0.864898	-0.849463	0.627067	6.31818	43.9099	18.4065	97.6474	1	1	1	1	0	0	0	0
19.08.2015 10:54:17.395000	0	0	0.00424471	127.078	-668.313	0.00072338	5	4	4	4	322.553	360	42.5378	0.989371	-0.72499	0.466648	6.43627	44.0895	18.5455	97.8026	1	1	1	1	0	0	0	0
19.08.2015 10:54:17.495000	0	0	0.00424471	127.078	-668.32	0.000542535	5	4	4	4	310.815	360	42.5791	1.13587	-0.578493	0.466648	6.45229	44.1629	18.6621	97.6376	1	1	1	1	0	0	0	0
19.08.2015 10:54:17.595000	0	0	0.00424471	127.078	-668.318	0.00072338	5	4	4	4	298.777	360	42.6253	1.27368	-0.440681	0.466648	6.5084	44.2735	18.765	97.6668	1	1	1	1	0	0	0	0
19.08.2015 10:54:17.695000	0	0	0.00424471	127.082	-668.32	0	5	4	4	4	362.535	360	42.6646	1.36068	-0.353683	0.466648	6.53113	44.3078	18.872	97.3885	1	1	1	1	0	0	0	0
19.08.2015 10:54:17.795000	0	0	0.00424471	127.081	-668.32	0.00072338	5	4	4	4	348.73	360	42.7074	1.37245	-0.341912	0.466648	6.50185	44.6562	18.9676	98.3567	1	1	1	1	0	0	0	0
19.08.2015 10:54:17.895000	0	0	0.00424471	127.082	-668.32	0.00108507	5	4	4	4	368.139	360	42.7522	1.38763	-0.326727	0.439649	6.53296	44.6002	19.0451	97.8456	1	1	1	1	0	0	0	0
19.08.2015 10:54:17.995000	0	0	0.00424471	127.081	-668.32	0.00072338	5	4	4	4	383.316	360	42.7959	1.33844	-0.375922	0.410401	6.53914	44.5782	19.1272	97.4467	1	1	1	1	0	0	0	0
19.08.2015 10:54:18.095000	0	0	0.00424471	127.078	-668.32	0.00108507	5	4	4	4	405.406	360	42.8362	1.3273	-0.387058	0.410401	6.5083	44.86	19.19	98.2852	1	1	1	1	0	0	0	0
19.08.2015 10:54:18.195000	0	0	0.00424471	127.083	-668.32	0.00072338	5	4	4	4	369.193	360	42.8775	1.28252	-0.43184	0.410401	6.50098	44.8735	19.2655	98.048	1	1	1	1	0	0	0	0
19.08.2015 10:54:18.295000	0	0	0.00424471	127.078	-668.32	0.00108507	5	4	4	4	424.759	360	42.9243	1.22049	-0.493872	0.410401	6.4792	44.856	19.3205	97.7701	1	1	1	1	0	0	0	0
19.08.2015 10:54:18.395000	0	0	0.00424471	127.081	-668.32	0.00108507	5	4	4	4	366.642	360	42.9655	1.1276	-0.586759	0.410401	6.44579	44.948	19.3913	97.8515	1	1	1	1	0	0	0	0
19.08.2015 10:54:18.495000	0	0	0.00424471	127.082	-668.32	0.0016276	5	4	4	4	364.513	360	43.0038	1.04878	-0.665578	0.414885	6.45786	45.0103	19.4384	97.9099	1	1	1	1	0	0	0	0
19.08.2015 10:54:18.595000	0	0	0.00424471	127.083	-668.318	0.00072338	5	4	4	4	310.716	360	43.0362	1.00634	-0.708022	0.418705	6.46597	45.0439	19.4956	97.8192	1	1	1	1	0	0	0	0
19.08.2015 10:54:18.695000	0	0	0.00424471	127.082	-668.32	0.00108507	5	4	4	4	281.399	360	43.0765	1.03352	-0.680846	0.418705	6.55469	45.0649	19.5467	97.7042	1	1	1	1	0	0	0	0
19.08.2015 10:54:18.795000	0	0	0.00424471	127.083	-668.32	-0.00180845	5	4	4	4	305.946	360	43.1212	1.129	-0.585362	0.418705	6.61991	45.1541	19.5779	97.9262	1	1	1	1	0	0	0	0
19.08.2015 10:54:18.895000	0	0	0.00424471	127.078	-668.32	0	5	4	4	4	351.289	360	43.1625	1.24255	-0.471812	0.418705	6.61239	45.1663	19.6087	97.855	1	1	1	1	0	0	0	0
19.08.2015 10:54:18.995000	0	0	0.00424471	127.086	-668.32	0.00036169	5	4	4	4	362.793	360	43.2068	1.32647	-0.387886	0.418705	6.58346	45.1312	19.6406	97.5984	1	1	1	1	0	0	0	0
19.08.2015 10:54:19.095000	0	0	0.00424471	127.086	-668.32	0.00108507	5	4	4	4	365.185	360	43.2506	1.38213	-0.332227	0.415232	6.55168	45.2253	19.668	97.854	1	1	1	1	0	0	0	0
19.08.2015 10:54:19.195000	0	0	0.00424471	127.086	-668.32	0.00036169	5	4	4	4	398.029	360	43.2958	1.40226	-0.312104	0.41176	6.53285	45.2671	19.6897	97.9307	1	1	1	1	0	0	0	0
19.08.2015 10:54:19.295000	0	0	0.00424471	127.086	-668.32	0.00108507	5	4	4	4	389.018	360	43.3441	1.38124	-0.333116	0.41176	6.50367	45.1987	19.7071	97.6023	1	1	1	1	0	0	0	0
19.08.2015 10:54:19.395000	0	0	0.00424471	127.086	-668.32	0.00253183	5	4	4	4	348.43	360	43.3913	1.34144	-0.372925	0.41176	6.48689	45.2325	19.7324	97.6348	1	1	1	1	0	0	0	0
19.08.2015 10:54:19.495000	0	0	0.00424471	127.086	-668.32	0.00108507	5	4	4	4	333.748	360	43.4356	1.32364	-0.390718	0.41176	6.53197	45.3084	19.7543	97.8414	1	1	1	1	0	0	0	0
19.08.2015 10:54:19.595000	0	0	0.00424471	127.086	-668.32	0.00144676	5	4	4	4	351.169	360	43.4799	1.33521	-0.379153	0.417223	6.57228	45.2878	19.7645	97.7239	1	1	1	1	0	0	0	0
19.08.2015 10:54:19.695000	0	0	0.00424471	127.086	-668.32	0.000542535	5	4	4	4	356.785	360	43.5281	1.35321	-0.361147	0.461427	6.57036	45.2513	19.7809	97.521	1	1	1	1	0	0	0	0
19.08.2015 10:54:19.795000	0	0	0.00424471	127.086	-668.32	0.00072338	5	4	4	4	370.66	360	43.5754	1.37055	-0.343809	0.461427	6.58571	45.3635	19.7967	97.89	1	1	1	1	0	0	0	0
19.08.2015 10:54:19.895000	0	0	0.00424471	127.086	-668.32	0.000542535	5	4	4	4	356.562	360	43.6236	1.36929	-0.345068	0.461427	6.55578	45.3373	19.8133	97.7262	1	1	1	1	0	0	0	0
19.08.2015 10:54:19.995000	0	0	0.00424471	127.086	-668.32	0.00036169	5	4	4	4	314.937	360	43.6689	1.38743	-0.326932	0.461427	6.57128	45.3074	19.8279	97.5558	1	1	1	1	0	0	0	0
19.08.2015 10:54:20.095000	0	0	0.00424471	127.094	-668.32	0.0016276	5	4	4	4	357.875	360	43.7137	1.43094	-0.283425	0.461427	6.61773	45.3391	19.852	97.5848	1	1	1	1	0	0	0	0
19.08.2015 10:54:20.195000	0	0	0.00424471	127.086	-668.32	0.00144676	5	4	4	4	333.545	360	43.7639	1.45732	-0.25704	0.468583	6.53109	45.3237	19.8616	97.4892	1	1	1	1	0	0	0	0
19.08.2015 10:54:20.295000	0	0	0.00424471	127.09	-668.32	0	5	4	4	4	315.636	360	43.8131	1.50816	-0.206197	0.470154	6.56081	45.2148	19.8651	97.059	1	1	1	1	0	0	0	0
19.08.2015 10:54:20.395000	0	0	0.00424471	127.091	-668.32	0.00036169	5	4	4	4	338.218	360	43.8609	1.59097	-0.123392	0.470154	6.62176	45.6657	19.8521	98.8351	1	1	1	1	0	0	0	0
19.08.2015 10:54:20.495000	0	0	0.00424471	127.094	-668.32	0	5	4	4	4	372.955	360	43.9116	1.65642	-0.0579376	0.470154	6.59285	45.2734	19.8444	97.3625	1	1	1	1	0	0	0	0
19.08.2015 10:54:20.595000	0	0	0.00424471	127.094	-668.32	-0.00144676	5	4	4	4	355.443	360	43.9644	1.68558	-0.0287779	0.470154	6.56987	44.8054	19.8432	95.5752	1	1	1	1	0	0	0	0
19.08.2015 10:54:20.695000	0	0	0.00424471	127.094	-668.32	-0.0016276	5	4	4	4	380.499	360	44.0206	1.71569	0.00133319	0.511502	6.57361	45.1828	19.826	97.0861	1	1	1	1	0	0	0	0
19.08.2015 10:54:20.795000	0	0	0.00424471	127.094	-668.32	-0.00108507	5	4	4	4	352.137	360	44.0748	1.72351	0.00914695	0.512781	6.52069	45.5275	19.8205	98.427	1	1	1	1	0	0	0	0
19.08.2015 10:54:20.895000	0	0	0.00424471	127.094	-668.32	-0.0016276	5	4	4	4	371.515	360	44.1295	1.72568	0.0113189	0.512781	6.49375	45.0829	19.8143	96.7482	1	1	1	1	0	0	0	0
19.08.2015 10:54:20.995000	0	0	0.00424471	127.094	-668.32	-0.00108507	5	4	4	4	330.43	360	44.1837	1.7213	0.00694296	0.512781	6.50493	44.9729	19.8074	96.3534	1	1	1	1	0	0	0	0
19.08.2015 10:54:21.095000	0	0	0.00424471	127.094	-668.32	-0.000542535	5	4	4	4	292.926	360	44.2369	1.76461	0.0502475	0.520426	6.55143	46.08	19.7903	100.658	1	1	1	1	0	0	0	0
19.08.2015 10:54:21.195000	0	0	0.00424471	127.094	-668.32	-0.00144676	5	4	4	4	326.899	360	44.2907	1.84536	0.130998	0.535948	6.57515	44.9123	19.7812	96.2219	1	1	1	1	0	0	0	0
19.08.2015 10:54:21.295000	0	0	0.00424471	127.094	-668.32	-0.0016276	5	4	4	4	346.213	360	44.3464	1.92659	0.212228	0.535948	6.55541	44.6858	19.7666	95.4107	1	1	1	1	0	0	0	0
19.08.2015 10:54:21.395000	0	0	0.00424471	127.094	-668.32	0.00036169	5	4	4	4	344.955	360	44.4041	1.99815	0.283789	0.535948	6.51568	45.6869	19.7408	99.3427	1	1	1	1	0	0	0	0
19.08.2015 10:54:21.495000	0	0	0.00424471	127.102	-668.32	0.00108507	5	4	4	4	374.415	360	44.4598	2.05764	0.343278	0.535948	6.52631	44.7782	19.7162	95.9576	1	1	1	1	0	0	0	0
19.08.2015 10:54:21.595000	0	0	0.00424471	127.096	-668.32	0.00108507	5	4	4	4	340.496	360	44.5279	2.09269	0.378325	0.571067	6.53654	45.2348	19.6971	97.7788	1	1	1	1	0	0	0	0
19.08.2015 10:54:21.695000	0	0	0.00424471	127.102	-668.32	0	5	4	4	4	380.08	360	44.5861	2.1231	0.408739	0.571784	6.52274	45.3128	19.6692	98.1845	1	1	1	1	0	0	0	0
19.08.2015 10:54:21.795000	0	0	0.00424471	127.099	-668.32	0.00072338	5	4	4	4	366.893	360	44.6458	2.12718	0.41282	0.571784	6.4982	45.1233	19.6512	97.5273	1	1	1	1	0	0	0	0
19.08.2015 10:54:21.895000	0	0	0.00424471	127.102	-668.32	0.000542535	5	4	4	4	357.053	360	44.7055	2.12796	0.413597	0.571784	6.49737	45.3725	19.6248	98.5829	1	1	1	1	0	0	0	0
19.08.2015 10:54:21.995000	0	0	0.00424471	127.102	-668.32	0.00036169	5	4	4	4	345.517	360	44.7707	2.13124	0.416876	0.604074	6.49933	44.7869	19.6174	96.3689	1	1	1	1	0	0	0	0
19.08.2015 10:54:22.095000	0	0	0.00424471	127.102	-668.32	0.000542535	5	4	4	4	302.573	360	44.8344	2.1557	0.441342	0.608065	6.5223	44.5075	19.6033	95.3532	1	1	1	1	0	0	0	0
19.08.2015 10:54:22.195000	0	0	0.00424471	127.102	-668.32	0.00036169	5	4	4	4	324.902	360	44.8911	2.21644	0.502081	0.608065	6.56994	45.1839	19.5829	98.0209	1	1	1	1	0	0	0	0
19.08.2015 10:54:22.295000	0	0	0.00424471	127.102	-668.32	-0.00108507	5	4	4	4	341.648	360	44.9567	2.29395	0.579592	0.608065	6.5821	45.0681	19.5599	97.6657	1	1	1	1	0	0	0	0
19.08.2015 10:54:22.395000	0	0	0.00424471	127.104	-668.32	-0.00108507	5	4	4	4	369.161	360	45.0283	2.3664	0.652034	0.639369	6.52746	44.5723	19.539	95.8477	1	1	1	1	0	0	0	0
19.08.2015 10:54:22.495000	0	0	0.00424471	127.105	-668.32	-0.0016276	5	4	4	4	372.506	360	45.0915	2.40454	0.69018	0.639369	6.48605	44.6178	19.5043	96.1548	1	1	1	1	0	0	0	0
19.08.2015 10:54:22.595000	0	0	0.00424471	127.109	-668.32	-0.00144676	5	4	4	4	315.977	360	45.1597	2.42784	0.713478	0.639369	6.48137	44.7107	19.4788	96.6077	1	1	1	1	0	0	0	0
19.08.2015 10:54:22.695000	0	0	0.00424471	127.109	-668.32	-0.00108507	5	4	4	4	384.5	360	45.2333	2.47081	0.756447	0.655164	6.51827	45.6434	19.443	100.316	1	1	1	1	0	0	0	0
19.08.2015 10:54:22.795000	0	0	0.00424471	127.109	-668.32	-0.00108507	5	4	4	4	389.865	360	45.296	2.47978	0.765417	0.683245	6.51107	44.4042	19.4222	96.4008	1	1	1	1	0	0	0	0
19.08.2015 10:54:22.895000	0	0	0.00424471	127.109	-668.32	0.00108507	5	4	4	4	367.57	360	45.3721	2.45715	0.742779	0.683245	6.45594	45.9723	19.402	101.727	1	1	1	1	0	0	0	0
19.08.2015 10:54:22.995000	0	0	0.00424471	127.109	-668.32	-0.00144676	5	4	4	4	391.649	360	45.4377	2.42767	0.713293	0.683245	6.4354	44.7196	19.3898	96.6841	1	1	1	1	0	0	0	0
19.08.2015 10:54:23.095000	0	0	0.00424471	127.105	-668.32	-0.0016276	5	4	4	4	340.089	360	45.5044	2.38684	0.672476	0.686092	6.46152	44.5866	19.381	96.5107	1	1	1	1	0	0	0	0
19.08.2015 10:54:23.195000	0	0	0.00424471	127.109	-668.32	-0.00108507	5	4	4	4	360.663	360	45.578	2.36568	0.651315	0.687041	6.46884	44.9254	19.3783	97.815	1	1	1	1	0	0	0	0
19.08.2015 10:54:23.295000	0	0	0.00424471	127.109	-668.32	-0.00108507	5	4	4	4	307.807	360	45.6422	2.36877	0.65441	0.687041	6.50628	44.9816	19.3785	98.0291	1	1	1	1	0	0	0	0
19.08.2015 10:54:23.395000	0	0	0.00424471	127.109	-668.32	-0.00108507	5	4	4	4	298.145	360	45.7068	2.41967	0.705313	0.686284	6.56186	44.989	19.3729	98.0791	1	1	1	1	0	0	0	0
19.08.2015 10:54:23.495000	0	0	0.00424471	127.109	-668.32	-0.00217014	5	4	4	4	348.476	360	45.7809	2.50692	0.792561	0.677584	6.56725	43.9999	19.3613	94.3362	1	1	1	1	0	0	0	0
19.08.2015 10:54:23.595000	0	0	0.00424471	127.109	-668.32	-0.00144676	5	4	4	4	371.581	360	45.8426	2.58087	0.866511	0.677584	6.54722	44.7721	19.3373	97.3848	1	1	1	1	0	0	0	0
19.08.2015 10:54:23.695000	0	0	0.00424471	127.109	-668.32	-0.00108507	5	4	4	4	378.637	360	45.9177	2.60895	0.89459	0.677584	6.5272	44.1127	19.3118	94.9576	1	1	1	1	0	0	0	0
19.08.2015 10:54:23.795000	0	0	0.00424471	127.109	-668.32	0	5	4	4	4	334.975	360	45.9864	2.62211	0.907752	0.686181	6.52196	44.8779	19.2972	97.9433	1	1	1	1	0	0	0	0
19.08.2015 10:54:23.895000	0	0	0.00424471	127.109	-668.32	0.00108507	5	4	4	4	351.532	360	46.0565	2.65251	0.938153	0.694777	6.55917	44.239	19.2719	95.5942	1	1	1	1	0	0	0	0
19.08.2015 10:54:23.995000	0	0	0.00424471	127.109	-668.32	0.00072338	5	4	4	4	297.37	360	46.1306	2.68848	0.974114	0.694777	6.54375	44.6972	19.2551	97.4126	1	1	1	1	0	0	0	0
19.08.2015 10:54:24.095000	0	0	0.00424471	127.113	-668.32	-0.000542535	5	4	4	4	380.465	360	46.2013	2.75563	1.04127	0.696083	6.56528	44.2066	19.218	95.6762	1	1	1	1	0	0	0	0
19.08.2015 10:54:24.195000	0	0	0.00424471	127.109	-668.32	0.00072338	5	4	4	4	368.351	360	46.2813	2.79327	1.07891	0.72089	6.527	44.7298	19.1986	97.7538	1	1	1	1	0	0	0	0
19.08.2015 10:54:24.295000	0	0	0.00424471	127.117	-668.32	0	5	4	4	4	354.415	360	46.353	2.80496	1.0906	0.72089	6.51108	43.8178	19.1789	94.3376	1	1	1	1	0	0	0	0
19.08.2015 10:54:24.395000	0	0	0.00424471	127.115	-668.32	0.00108507	5	4	4	4	355.252	360	46.4306	2.81877	1.10441	0.72089	6.5441	44.8186	19.1665	98.2167	1	1	1	1	0	0	0	0
19.08.2015 10:54:24.495000	0	0	0.00424471	127.117	-668.32	0.000542535	5	4	4	4	352.609	360	46.5042	2.83199	1.11763	0.749662	6.53692	44.0666	19.1538	95.3862	1	1	1	1	0	0	0	0
19.08.2015 10:54:24.595000	0	0	0.00424471	127.117	-668.32	0.00036169	5	4	4	4	341.022	360	46.5818	2.84704	1.13268	0.758256	6.53102	44.9491	19.1307	98.8536	1	1	1	1	0	0	0	0
19.08.2015 10:54:24.695000	0	0	0.00424471	127.113	-668.32	0.00108507	5	4	4	4	380.699	360	46.6554	2.87073	1.15637	0.758256	6.52697	44.231	19.0998	96.2223	1	1	1	1	0	0	0	0
19.08.2015 10:54:24.795000	0	0	0.00424471	127.12	-668.32	0.00072338	5	4	4	4	317.3	360	46.733	2.88833	1.17397	0.76064	6.502	43.9543	19.0984	95.1681	1	1	1	1	0	0	0	0
19.08.2015 10:54:24.895000	0	0	0.00424471	127.117	-668.32	0	5	4	4	4	364.489	360	46.8116	2.92574	1.21138	0.762931	6.53487	44.4054	19.0746	96.9865	1	1	1	1	0	0	0	0
19.08.2015 10:54:24.995000	0	0	0.00424471	127.122	-668.32	0	5	4	4	4	375.316	360	46.8877	2.94565	1.23129	0.762931	6.53872	44.5742	19.0392	97.7685	1	1	1	1	0	0	0	0
19.08.2015 10:54:25.095000	0	0	0.00424471	127.121	-668.32	0.00108507	5	4	4	4	378.821	360	46.9723	2.942	1.22764	0.772519	6.51019	45.3338	19.0135	100.775	1	1	1	1	0	0	0	0
19.08.2015 10:54:25.195000	0	0	0.00424471	127.125	-668.32	0.00036169	5	4	4	4	343.475	360	47.0439	2.92922	1.21486	0.789564	6.4546	43.0387	19.0164	91.9765	1	1	1	1	0	0	0	0
19.08.2015 10:54:25.295000	0	0	0.00424471	127.125	-668.32	0.00108507	5	4	4	4	351.146	360	47.1265	2.93131	1.21694	0.789564	6.49332	45.5106	18.9924	101.533	1	1	1	1	0	0	0	0
19.08.2015 10:54:25.395000	0	0	0.00424471	127.125	-668.32	0.00108507	5	4	4	4	358.628	360	47.2026	2.94769	1.23333	0.787158	6.53018	43.4333	18.9734	93.6519	1	1	1	1	0	0	0	0
19.08.2015 10:54:25.495000	0	0	0.00424471	127.125	-668.32	0.000542535	5	4	4	4	359.497	360	47.2782	2.95653	1.24217	0.772378	6.52723	44.2328	18.9672	96.7369	1	1	1	1	0	0	0	0
19.08.2015 10:54:25.595000	0	0	0.00424471	127.125	-668.32	0.00108507	5	4	4	4	336.109	360	47.3553	2.96684	1.25248	0.772378	6.534	44.5151	18.9583	97.8519	1	1	1	1	0	0	0	0
19.08.2015 10:54:25.695000	0	0	0.00424471	127.125	-668.32	0	5	4	4	4	353.656	360	47.4329	2.9929	1.27854	0.772378	6.48504	43.5273	18.948	94.109	1	1	1	1	0	0	0	0
19.08.2015 10:54:25.795000	0	0	0.00424471	127.125	-668.32	0.00036169	5	4	4	4	340.914	360	47.5139	3.02442	1.31006	0.766133	6.48484	44.5797	18.9331	98.1957	1	1	1	1	0	0	0	0
19.08.2015 10:54:25.895000	0	0	0.00424471	127.125	-668.32	0.00108507	5	4	4	4	310.947	360	47.5876	3.06804	1.35368	0.765361	6.50613	43.4411	18.9268	93.8604	1	1	1	1	0	0	0	0
19.08.2015 10:54:25.995000	0	0	0.00424471	127.125	-668.32	0.00108507	5	4	4	4	389.418	360	47.6721	3.12637	1.41201	0.765361	6.52784	44.5232	18.9003	98.105	1	1	1	1	0	0	0	0
19.08.2015 10:54:26.095000	0	0	0.00424471	127.125	-668.32	0.000542535	5	4	4	4	353.161	360	47.7527	3.14812	1.43376	0.802044	6.50278	44.4028	18.88	97.7217	1	1	1	1	0	0	0	0
19.08.2015 10:54:26.195000	0	0	0.00424471	127.125	-668.32	0.00108507	5	4	4	4	308.482	360	47.8313	3.17366	1.45929	0.810097	6.49219	43.7122	18.8609	95.1506	1	1	1	1	0	0	0	0
19.08.2015 10:54:26.295000	0	0	0.00424471	127.125	-668.32	-0.00217014	5	4	4	4	327.336	360	47.9208	3.22944	1.51508	0.810097	6.5305	43.5582	18.8411	94.6369	1	1	1	1	0	0	0	0
19.08.2015 10:54:26.395000	0	0	0.00424471	127.125	-668.32	-0.00108507	5	4	4	4	324.995	360	48.0029	3.30297	1.58861	0.828128	6.54129	44.3656	18.8038	97.8708	1	1	1	1	0	0	0	0
19.08.2015 10:54:26.495000	0	0	0.00424471	127.125	-668.32	-0.00108507	5	4	4	4	350.527	360	48.087	3.39171	1.67735	0.831821	6.5487	43.8308	18.7705	95.951	1	1	1	1	0	0	0	0
19.08.2015 10:54:26.595000	0	0	0.00424471	127.128	-668.32	0.00108507	5	4	4	4	379.29	360	48.177	3.45294	1.73858	0.831821	6.49945	44.5913	18.7277	99.0267	1	1	1	1	0	0	0	0
19.08.2015 10:54:26.695000	0	0	0.00424471	127.133	-668.32	-0.000542535	5	4	4	4	359.94	360	48.267	3.47899	1.76463	0.858866	6.473	44.6283	18.6948	99.2941	1	1	1	1	0	0	0	0
19.08.2015 10:54:26.795000	0	0	0.00424471	127.133	-668.32	0.00072338	5	4	4	4	352.459	360	48.3566	3.49739	1.78303	0.860592	6.48345	43.954	18.6671	96.8185	1	1	1	1	0	0	0	0
19.08.2015 10:54:26.895000	0	0	0.00424471	127.133	-668.32	0.000542535	5	4	4	4	375.129	360	48.4421	3.51663	1.80227	0.866916	6.48565	43.8486	18.6412	96.514	1	1	1	1	0	0	0	0
19.08.2015 10:54:26.995000	0	0	0.00424471	127.138	-668.32	0.00072338	5	4	4	4	384.098	360	48.5322	3.5144	1.80004	0.897793	6.44476	43.5224	18.6243	95.3296	1	1	1	1	0	0	0	0
19.08.2015 10:54:27.095000	0	0	0.00424471	127.133	-668.32	0	5	4	4	4	412.19	360	48.6227	3.48097	1.76661	0.897793	6.4134	43.2319	18.6225	94.2244	1	1	1	1	0	0	0	0
19.08.2015 10:54:27.195000	0	0	0.00424471	127.135	-668.32	0.00072338	5	4	4	4	384.272	360	48.7122	3.41039	1.69603	0.895393	6.46062	43.9367	18.6181	96.9398	1	1	1	1	0	0	0	0
19.08.2015 10:54:27.295000	0	0	0.00424471	127.137	-668.32	0.000542535	5	4	4	4	271.157	360	48.7953	3.3546	1.64024	0.891476	6.47827	44.0883	18.6262	97.489	1	1	1	1	0	0	0	0
19.08.2015 10:54:27.395000	0	0	0.00424471	127.141	-668.318	0.00108507	5	4	4	4	307.878	360	48.8774	3.39494	1.68058	0.891476	6.54199	43.8895	18.6205	96.75	1	1	1	1	0	0	0	0
19.08.2015 10:54:27.495000	0	0	0.00424471	127.137	-668.316	0.00108507	5	4	4	4	345.267	360	48.9699	3.46842	1.75406	0.875216	6.53406	43.274	18.6136	94.4196	1	1	1	1	0	0	0	0
19.08.2015 10:54:27.595000	0	0	0.00424471	127.141	-668.318	-0.00108507	5	4	4	4	327.917	360	49.0594	3.53811	1.82374	0.857601	6.51635	43.8726	18.594	96.7867	1	1	1	1	0	0	0	0
19.08.2015 10:54:27.695000	0	0	0.00424471	127.141	-668.316	0.00108507	5	4	4	4	329.328	360	49.1519	3.62442	1.91006	0.857601	6.52914	43.638	18.5672	95.9912	1	1	1	1	0	0	0	0
19.08.2015 10:54:27.795000	0	0	0.00424471	127.141	-668.32	-0.00180845	5	4	4	4	413.24	360	49.2425	3.69681	1.98245	0.900771	6.52083	43.6388	18.5343	96.1202	1	1	1	1	0	0	0	0
19.08.2015 10:54:27.895000	0	0	0.00424471	127.141	-668.32	-0.00108507	5	4	4	4	397.179	360	49.3375	3.69684	1.98248	0.914403	6.45602	44.1975	18.5026	98.3808	1	1	1	1	0	0	0	0
19.08.2015 10:54:27.995000	0	0	0.00424471	127.141	-668.32	-0.00108507	5	4	4	4	339.14	360	49.428	3.66402	1.94966	0.91481	6.45648	43.8352	18.4861	97.0566	1	1	1	1	0	0	0	0
19.08.2015 10:54:28.095000	0	0	0.00424471	127.141	-668.32	-0.000542535	5	4	4	4	376.89	360	49.521	3.64955	1.93519	0.921184	6.4739	43.7587	18.4692	96.8283	1	1	1	1	0	0	0	0
19.08.2015 10:54:28.195000	0	0	0.00424471	127.141	-668.32	-0.00289352	5	4	4	4	382.453	360	49.614	3.62286	1.9085	0.921184	6.425	43.8513	18.4579	97.2261	1	1	1	1	0	0	0	0
19.08.2015 10:54:28.295000	0	0	0.00424471	127.141	-668.32	-0.00488281	5	4	4	4	352.62	360	49.7051	3.59529	1.88093	0.919999	6.4077	43.9043	18.4694	97.385	1	1	1	1	0	0	0	0
19.08.2015 10:54:28.395000	0	0	0.00424471	127.141	-668.32	-0.00434028	5	4	4	4	338.086	360	49.7936	3.58448	1.87012	0.917798	6.49931	43.2467	18.4763	94.8407	1	1	1	1	0	0	0	0
19.08.2015 10:54:28.495000	0	0	0.00424471	127.141	-668.32	-0.00217014	5	4	4	4	335.298	360	49.8817	3.59436	1.88	0.917798	6.54236	43.8981	18.4679	97.3672	1	1	1	1	0	0	0	0
19.08.2015 10:54:28.595000	0	0	0.00424471	127.141	-668.32	-0.00036169	5	4	4	4	298.576	360	49.9707	3.64194	1.92758	0.906257	6.53692	43.7347	18.4689	96.7374	1	1	1	1	0	0	0	0
19.08.2015 10:54:28.695000	0	0	0.00424471	127.141	-668.32	0.000542535	5	4	4	4	341	360	50.0637	3.72161	2.00725	0.8979	6.53935	43.3772	18.4542	95.4252	1	1	1	1	0	0	0	0
19.08.2015 10:54:28.795000	0	0	0.00424471	127.141	-668.32	0.00036169	5	4	4	4	318.975	360	50.1587	3.794	2.07964	0.8979	6.53464	43.299	18.4402	95.1796	1	1	1	1	0	0	0	0
19.08.2015 10:54:28.895000	0	0	0.00424471	127.141	-668.32	0.000542535	5	4	4	4	315.914	360	50.2517	3.89123	2.17687	0.921634	6.56693	43.0166	18.4096	94.2156	1	1	1	1	0	0	0	0
19.08.2015 10:54:28.995000	0	0	0.00424471	127.141	-668.32	0.00036169	5	4	4	4	358.974	360	50.3497	3.99993	2.28557	0.924568	6.57717	43.7678	18.3645	97.2639	1	1	1	1	0	0	0	0
19.08.2015 10:54:29.095000	0	0	0.00424471	127.141	-668.32	0.00108507	5	4	4	4	417.235	360	50.4472	4.05786	2.3435	0.940062	6.52595	43.4921	18.3115	96.4116	1	1	1	1	0	0	0	0
19.08.2015 10:54:29.195000	0	0	0.00424471	127.141	-668.32	0.00036169	5	4	4	4	373.369	360	50.5487	4.04627	2.33191	0.971521	6.47263	43.3612	18.293	95.9809	1	1	1	1	0	0	0	0
19.08.2015 10:54:29.295000	0	0	0.00424471	127.141	-668.32	-0.0016276	5	4	4	4	359.336	360	50.6472	4.02606	2.3117	0.971521	6.46337	43.4936	18.2778	96.5462	1	1	1	1	0	0	0	0
19.08.2015 10:54:29.395000	0	0	0.00424471	127.141	-668.32	-0.00108507	5	4	4	4	371.181	360.009	50.7482	4.00384	2.28948	0.998146	6.49482	43.3683	18.2501	96.1728	1	1	1	1	0.38	0	0	0
19.08.2015 10:54:29.495000	0	0	0.00424471	127.141	-668.32	-0.00108507	5	4	4	4	339.777	360.41	50.8466	3.95562	2.24126	1.00284	6.5105	43.9515	18.2396	98.4457	1	1	1	1	1	0	0	0
19.08.2015 10:54:29.595000	0	0	0.00424471	127.141	-668.32	-0.00144676	5	4	4	4	341.801	361.722	50.9476	3.99572	2.28135	1.00285	6.57514	43.1848	18.2326	95.5371	1	1	1	1	1	0	0	0
19.08.2015 10:54:29.695000	0	0	0.00424471	127.141	-668.316	-0.00108507	5	4	4	4	378.439	363.981	51.0471	4.09381	2.37945	1.00285	6.54343	42.6334	18.2191	93.4775	1	1	1	1	1	0	0	0
19.08.2015 10:54:29.795000	0	0	0.00424471	127.141	-668.32	-0.00253183	5	4	4	4	366.867	367.188	51.1511	4.14513	2.43077	1.00285	6.48591	43.7002	18.1926	97.6636	1	1	1	1	1	0	0	0
19.08.2015 10:54:29.895000	0	0	0.00424471	127.141	-668.32	0.00108507	5	4	4	4	353.874	371.341	51.252	4.20749	2.49313	1.01424	6.4899	43.4316	18.1635	96.7468	1	1	1	1	1	0	0	0
19.08.2015 10:54:29.995000	0	0	0.00424471	127.141	-668.318	0.00144676	5	4	4	4	337.088	376.441	51.3575	4.3586	2.64424	1.01523	6.50064	42.8864	18.1293	94.79	1	1	1	1	1	0	0	0
19.08.2015 10:54:30.095000	0	0	0.00424471	127.141	-668.32	0.000542535	5	4	4	4	347.296	382.489	51.4669	4.62833	2.91397	1.03405	6.47269	43.2363	18.0565	96.4084	1	1	1	1	1	0	0	0
19.08.2015 10:54:30.195000	0	0	0.00424471	127.141	-668.32	0.00108507	5	4	4	4	396.796	389.483	51.5808	4.95893	3.24457	1.04945	6.48585	43.3688	17.9382	97.3686	1	1	1	1	1	0	0	0
19.08.2015 10:54:30.295000	0	0	0.00424471	127.141	-668.32	0.000542535	5	4	4	4	375.604	397.425	51.7032	5.25251	3.53815	1.11823	6.51195	42.0678	17.7935	92.9417	1	1	1	1	1	0	0	0
19.08.2015 10:54:30.395000	0	0	0.00424471	127.141	-668.32	0.00108507	5	4	4	4	398.406	406.314	51.833	5.57598	3.86162	1.19579	6.52329	42.4033	17.6163	94.9045	1	1	1	1	1	0	0	0
19.08.2015 10:54:30.495000	0	0	0.00424471	127.141	-668.316	0.000542535	5	4	4	4	448.138	416.151	51.9738	5.86433	4.14997	1.29404	6.52902	43.3483	17.4006	99.3488	1	1	1	1	1	0	0	0
19.08.2015 10:54:30.595000	0	0	0.00424471	127.141	-668.32	0.00072338	5	4	4	4	441.543	426.935	52.1156	6.05475	4.34038	1.35174	6.50868	42.6894	17.207	97.567	1	1	1	1	1	0	0	0
19.08.2015 10:54:30.695000	0	0	0.00424471	127.145	-668.32	0.00108507	5	4	4	4	433.582	438.664	52.2593	6.19601	4.48165	1.40518	6.49444	42.0435	17.0534	95.6823	1	1	1	1	1	0	0	0
19.08.2015 10:54:30.795000	0	0	0.00424471	127.143	-668.32	0.00036169	5	4	4	4	448.196	451.343	52.4095	6.41966	4.7053	1.43103	6.50185	42.1871	16.8808	96.8931	1	1	1	1	1	0	0	0
19.08.2015 10:54:30.895000	0	0	0.00424471	127.145	-668.32	0.00108507	5	4	4	4	489.438	464.967	52.5657	6.68911	4.97475	1.49826	6.46007	41.2261	16.7127	93.8568	1	1	1	1	1	0	0	0
19.08.2015 10:54:30.995000	0	0	0.00424471	127.146	-668.32	0.00108507	5	4	4	4	472.511	479.539	52.7259	6.91396	5.1996	1.56851	6.36681	41.3062	16.5368	94.8372	1	1	1	1	1	0	0	0
19.08.2015 10:54:31.095000	0	0	0.00424471	127.148	-668.32	0.000542535	5	4	4	4	474.619	495.058	52.8925	7.2049	5.49054	1.61108	6.3877	41.6595	16.3696	96.8302	1	1	1	1	1	0	0	0
19.08.2015 10:54:31.195000	0	0	0.00424471	127.148	-668.32	0.00072338	5	4	4	4	459.742	511.524	53.0607	7.60702	5.89266	1.64726	6.42245	41.5195	16.1813	97.0148	1	1	1	1	1	0	0	0
19.08.2015 10:54:31.295000	0	0	0.00424471	127.148	-668.32	0.000542535	5	4	4	4	476.971	528.938	53.2442	8.16262	6.44826	1.7233	6.41516	40.8018	15.9507	95.1499	1	1	1	1	1	0	0	0
19.08.2015 10:54:31.395000	0	0	0.00424471	127.148	-668.32	0.00108507	5	4	4	4	470.567	547.298	53.4392	8.88631	7.17195	1.83771	6.41597	40.471	15.6833	94.9068	1	1	1	1	1	0	0	0
19.08.2015 10:54:31.495000	0	0	0.00424471	127.148	-668.316	0.00217014	5	4	4	4	531.059	566.605	53.6566	9.74601	8.03165	2.02576	6.43177	40.2471	15.3517	95.3193	1	1	1	1	1	0	0	0
19.08.2015 10:54:31.595000	0	0	0.00424471	127.148	-668.318	0.00072338	5	4	4	4	559.814	586.86	53.8884	10.5993	8.88497	2.2465	6.39806	39.762	15.0168	94.7444	1	1	1	1	1	0	0	0
19.08.2015 10:54:31.695000	0	0	0.00424471	127.148	-668.32	0.00325521	5	4	4	4	572.965	608.061	54.1381	11.4553	9.74095	2.4087	6.41982	39.5274	14.6646	95.1948	1	1	1	1	1	0	0	0
19.08.2015 10:54:31.795000	0	0	0.00424471	127.148	-668.32	-0.00108507	5	4	4	4	622.898	630.212	54.4027	12.2742	10.5599	2.56869	6.36027	39.11	14.3417	94.833	1	1	1	1	1	0	0	0
19.08.2015 10:54:31.895000	0	0	0.00424471	127.148	-668.313	0.0016276	5	4	4	4	614.695	653.31	54.6857	13.0597	11.3454	2.74623	6.34071	38.8331	14.0723	94.8043	1	1	1	1	1	0	0	0
19.08.2015 10:54:31.995000	0	0	0.00424471	127.148	-668.318	-0.00036169	5	4	4	4	640.823	677.353	54.9787	13.8564	12.142	2.91121	6.2485	38.5879	13.8643	94.6617	1	1	1	1	1	0	0	0
19.08.2015 10:54:32.095000	0	0	0.00424471	127.148	-668.32	-0.0016276	5	4	4	4	667.705	702.346	55.2891	14.7262	13.0119	3.02698	6.29659	38.3651	13.6824	94.5049	1	1	1	1	1	0	0	0
19.08.2015 10:54:32.195000	0	0	0.00424471	127.148	-668.32	0.00036169	5	4	4	4	671.727	728.282	55.6214	15.6834	13.9691	3.28515	6.32451	38.1652	13.5184	94.3677	1	1	1	1	1	0	0	0
19.08.2015 10:54:32.295000	0	0	0.00424471	127.148	-668.32	0.00108507	5	4	4	4	795.535	755.168	55.9711	16.6225	14.9081	3.46337	6.30414	38.0306	13.3606	94.4567	1	1	1	1	1	0	0	0
19.08.2015 10:54:32.395000	0	0	0.00424471	127.148	-668.32	0.00072338	5	4	4	4	761.061	783.002	56.3342	17.3913	15.6769	3.60887	6.13466	37.9042	13.2819	94.274	1	1	1	1	1	0	0	0
19.08.2015 10:54:32.495000	0	0	0.00424471	127.148	-668.32	0.000542535	5	4	4	4	769.751	811.78	56.7157	18.1914	16.477	3.79277	6.12373	37.8168	13.2303	94.1368	1	1	1	1	1	0	0	0
19.08.2015 10:54:32.595000	0	0	0.00424471	127.154	-668.32	-0.00072338	5	4	4	4	768.499	841.509	57.1126	19.1251	17.4108	3.94488	6.19051	37.8475	13.2831	94.0524	1	1	1	1	1	0	0	0
19.08.2015 10:54:32.695000	0	0	0.00424471	127.156	-668.32	-0.00108507	5	4	4	4	880.767	556.05	57.5235	20.1379	7.07614	4.10184	6.16059	37.6975	13.4095	92.994	1	1	1	1	1	0.61	0	0.61
19.08.2015 10:54:32.795000	0	0	0.00424471	127.156	-668.32	-0.00180845	5	4	4	4	1717.82	360	60.3066	20.3167	0	64.9981	5.90764	95.219	17.2116	298.675	1	1	1	1	1	1	0.33	1
19.08.2015 10:54:32.895000	0	0	0.00424471	127.191	-668.277	-0.0016276	5	4	4	4	931.244	360	62.1848	20.3167	0	82.7377	4.70891	105.343	0.695334	400.674	1	1	1	1	1	1	1	1
19.08.2015 10:54:32.995000	0	-0.00285552	0.00424471	127.177	-668.297	-0.00108507	5	4	4	4	13.7092	360	62.1774	20.3167	0	82.7377	3.28177	118.906	0.64272	452.806	1	1	1	1	1	1	1	1
19.08.2015 10:54:33.095000	0	-0.00214164	0.00424471	127.141	-668.305	-0.00108507	5	4	4	4	1.44311	360	62.1774	3.657	0	82.7377	2.04132	130.128	0.507767	496.289	1	1	1	1	1	1	1	0.18
19.08.2015 10:54:33.195000	0	-0.00428328	0.00424471	127.138	-668.313	0	5	4	4	4	0.212111	360	62.1774	0	0	82.7377	1.53634	131.066	0.494095	499.88	1	1	1	1	1	1	1	0
19.08.2015 10:54:33.295000	0	-0.00428328	0.00424471	127.129	-668.309	0.00108507	5	4	4	4	0.19987	360	62.1774	0	0	82.7377	1.21817	131.112	0.500076	500.086	1	1	1	1	1	1	1	0
19.08.2015 10:54:33.395000	0	-0.00428328	0.00424471	127.125	-668.305	0.00036169	5	4	4	4	0.195019	360	62.1774	0	0	82.7377	0.96956	130.931	0.4828	499.457	1	1	1	1	1	1	1	0
19.08.2015 10:54:33.495000	0	-0.00428328	0.00424471	127.125	-668.309	0.00108507	5	4	4	4	0.187734	360	62.1774	0	0	82.7377	0.801389	130.832	0.488593	499.055	1	1	1	1	1	1	1	0
19.08.2015 10:54:33.595000	0	-0.00428328	0.00424471	127.036	-668.341	0.00072338	5	4	4	4	0.245635	360	62.1774	0	0	82.7377	0.700788	130.759	0.4803	498.805	1	1	1	1	1	1	1	0
19.08.2015 10:54:33.695000	0	-0.00428328	0.00424471	127.004	-668.383	0.00108507	5	4	4	4	0.301934	360	62.1774	0	0	82.7377	0.634845	130.704	0.476516	498.619	1	1	1	1	1	1	1	0
19.08.2015 10:54:33.795000	0	-0.00428328	0.00424471	126.99	-668.38	0.00036169	5	4	4	4	0.323348	360	62.1774	0	0	57.9015	0.581937	130.652	0.474746	498.424	1	1	1	1	1	1	1	0
19.08.2015 10:54:33.895000	0	-0.00428328	0.00424471	126.984	-668.375	0.000542535	5	4	4	4	0.32068	360	62.1774	0	0	-0.0496969	0.54477	130.603	0.481826	498.212	1	1	1	1	1	1	1	0
19.08.2015 10:54:33.995000	0	-0.00428328	0.00424471	126.984	-668.375	0.00180845	5	4	4	4	0.317085	360	62.1774	0	0	-0.0496969	0.52241	130.555	0.481948	498.027	1	1	1	1	1	1	1	0
19.08.2015 10:54:34.095000	0	-0.00428328	0.00424471	126.984	-668.375	-0.00108507	5	4	4	4	0.351552	360	62.1774	0	0	-0.0496969	0.504	130.51	0.484268	497.844	1	1	1	1	1	1	1	0
19.08.2015 10:54:34.195000	0	-0.00428328	0.00424471	126.984	-668.375	-0.00108507	5	4	4	4	0.348899	360	62.1774	0	0	-0.0496969	0.477828	130.472	0.485488	497.692	1	1	1	1	1	1	1	0
19.08.2015 10:54:34.295000	0	-0.00428328	0.00424471	126.984	-668.375	-0.0016276	5	4	4	4	0.352624	360	62.1774	0	0	-0.0496969	0.457755	130.43	0.487136	497.525	1	1	1	1	1	1	1	0
19.08.2015 10:54:34.395000	0	-0.00428328	0.00424471	126.984	-668.375	-0.00036169	5	4	4	4	0.356393	360	62.1774	0	0	-0.0496969	0.43907	130.389	0.489578	497.36	1	1	1	1	1	1	1	0
19.08.2015 10:54:34.495000	0	-0.00428328	0.00424471	126.988	-668.375	0.00108507	5	4	4	4	0.355004	360	62.1774	0	0	-0.0496969	0.419191	130.349	0.489578	497.204	1	1	1	1	1	1	1	0
19.08.2015 10:54:34.595000	0	-0.00428328	0.00424471	126.99	-668.375	0.00036169	5	4	4	4	0.344117	360	62.1774	0	0	-0.0496969	0.398452	130.313	0.493851	497.05	1	1	1	1	1	1	1	0
19.08.2015 10:54:34.695000	0	-0.00428328	0.00424471	126.984	-668.375	0.00108507	5	4	4	4	0.329408	360	62.1774	0	0	-0.0496969	0.384534	130.277	0.493118	496.915	1	1	1	1	1	1	1	0
19.08.2015 10:54:34.795000	0	-0.00428328	0.00424471	126.984	-668.375	0.00072338	5	4	4	4	0.324213	360	62.1774	0	0	-0.0352848	0.371434	130.241	0.493179	496.78	1	1	1	1	1	1	1	0
19.08.2015 10:54:34.895000	0	-0.00428328	0.00424471	126.984	-668.375	0.00108507	5	4	4	4	0.31284	360	62.1774	0	0	0	0.358775	130.209	0.492508	496.658	1	1	1	1	1	1	1	0
19.08.2015 10:54:34.995000	0	-0.00428328	0.00424471	126.984	-668.375	0.00036169	5	4	4	4	0.290408	360	62.1774	0	0	0	0.359975	130.174	0.487259	496.545	1	1	1	1	1	1	1	0
19.08.2015 10:54:35.095000	0	-0.00428328	0.00424471	126.984	-668.375	-0.0016276	5	4	4	4	0.294244	360	62.1774	0	0	0	0.369184	130.142	0.488784	496.418	1	1	1	1	1	1	1	0
19.08.2015 10:54:35.195000	0	-0.00428328	0.00424471	126.984	-668.375	-0.00108507	5	4	4	4	0.30887	360	62.1774	0	0	0	0.376808	130.109	0.487686	496.295	1	1	1	1	1	1	1	0
19.08.2015 10:54:35.295000	0	-0.00428328	0.00424471	126.984	-668.332	-0.0016276	5	4	4	4	0.279227	360	62.1774	0	0	0	0.385916	130.076	0.48793	496.168	1	1	1	1	1	1	1	0
19.08.2015 10:54:35.395000	0	-0.00428328	0.00424471	127.044	-666.951	-0.00144676	5	4	4	4	0.33365	360	62.1774	0	0	0	0.397186	130.04	0.485427	496.038	1	1	1	1	1	1	1	0
19.08.2015 10:54:35.495000	0	-0.00428328	0.00424471	127.07	-659.523	-0.00108507	5	4	4	4	0.308481	360	62.1774	0	0	0	0.407241	130.014	0.487197	495.931	1	1	1	1	1	1	1	0
19.08.2015 10:54:35.595000	0	-0.00428328	0.00424471	127.07	-640.302	0	5	4	4	4	0.301531	360	62.1774	0	0	0	0.415133	129.983	0.486892	495.816	1	1	1	1	1	1	1	0
19.08.2015 10:54:35.695000	0	-0.00428328	0.00424471	127.074	-618.273	0.00108507	5	4	4	4	0.298747	360	62.1774	0	0	0	0.423503	129.953	0.491653	495.681	1	1	1	1	1	1	1	0
19.08.2015 10:54:35.795000	0	-0.00428328	0.00424471	127.073	-585.839	0.00036169	5	4	4	4	0.328623	360	62.1774	0	0	0	0.429087	129.919	0.492141	495.55	1	1	1	1	1	1	1	0
19.08.2015 10:54:35.895000	0	-0.00428328	0.00424471	127.074	-551.371	0.00379774	5	4	4	4	0.328656	360	62.1774	0	0	0	0.433152	129.891	0.490371	495.448	1	1	1	1	1	1	1	0
19.08.2015 10:54:35.995000	0	-0.00428328	0.00424471	127.078	-517.188	0.00072338	5	4	4	4	0.328074	360	62.1774	0	0	0	0.438151	129.863	0.489639	495.344	1	1	1	1	1	1	1	0
19.08.2015 10:54:36.095000	0	-0.00428328	0.00424471	127.078	-478.961	0.000542535	5	4	4	4	0.331602	360	62.1774	0	0	0	0.442506	129.829	0.488784	495.217	1	1	1	1	1	1	1	0
19.08.2015 10:54:36.195000	0	-0.00428328	0.00424471	127.076	-420.396	0.00217014	5	4	4	4	0.301547	360	62.1774	0	0	0	0.446361	129.801	0.492203	495.097	1	1	1	1	1	1	1	0
19.08.2015 10:54:36.295000	0	-0.00428328	0.00424471	127.074	-378.434	0	5	4	4	4	0.308198	360	62.1774	0	0	0	0.448539	129.708	0.488968	494.755	1	1	1	1	1	1	1	0
19.08.2015 10:54:36.395000	0	-0.00428328	0.00424471	127.065	-336.505	0.00072338	5	4	4	4	0.312921	360	62.1774	0	0	0	0.451237	129.759	0.488174	494.952	1	1	1	1	1	1	1	0
19.08.2015 10:54:36.495000	0	-0.00428328	0.00424471	127.07	-286.352	0.000542535	5	4	4	4	0.307282	360	62.1774	0	0	0	0.452684	129.723	0.487259	494.82	1	1	1	1	1	1	1	0
19.08.2015 10:54:36.595000	0	-0.00428328	0.00424471	127.073	-236.568	0.00144676	5	4	4	4	0.300554	360	62.1774	0	0	0	0.453559	129.679	0.4944	494.62	1	1	1	1	1	1	1	0
19.08.2015 10:54:36.695000	0	-0.00428328	0.00424471	127.078	-195.375	0.00379774	5	4	4	4	0.322279	360	62.1774	0	0	0	0.453798	129.681	0.493057	494.634	1	1	1	1	1	1	1	0
19.08.2015 10:54:36.795000	0	-0.00428328	0.00424471	127.078	-153.914	0.00325521	5	4	4	4	0.325794	360	62.1774	0	0	0	0.454282	129.645	0.490432	494.506	1	1	1	1	1	1	1	0
19.08.2015 10:54:36.895000	0	-0.00428328	0.00424471	127.078	-96.2969	0.00379774	5	4	4	4	0.309325	360	62.1774	0	0	0	0.454572	129.616	0.492569	494.387	1	1	1	1	1	1	1	0
19.08.2015 10:54:36.995000	0	-0.00428328	0.00424471	127.078	-55.0781	0.00217014	5	4	4	4	0.296245	360	62.1774	0	0	0	0.454282	129.627	0.496719	494.413	1	1	1	1	1	1	1	0
19.08.2015 10:54:37.095000	0	-0.00428328	0.00424471	127.086	-14.2148	0.00325521	5	4	4	4	0.338813	360	62.1774	0	0	0	0.454333	129.564	0.494156	494.184	1	1	1	1	1	1	1	0
19.08.2015 10:54:37.195000	0	-0.00428328	0.00424471	127.081	26.5755	0.00434028	5	4	4	4	0.300779	360	62.1774	0	0	0	0.451642	129.546	0.496048	494.106	1	1	1	1	1	1	1	0
19.08.2015 10:54:37.295000	0	-0.00428328	0.00424471	127.086	83.6836	0.00379774	5	4	4	4	0.288225	360	62.1774	0	0	0	0.448937	129.503	0.497024	493.937	1	1	1	1	1	1	1	0
19.08.2015 10:54:37.395000	0	-0.00428328	0.00424471	127.081	124.557	0.00108507	5	4	4	4	0.302407	360	62.1774	0	0	0	0.445088	129.476	0.495987	493.841	1	1	1	1	1	1	1	0
19.08.2015 10:54:37.495000	0	-0.00428328	0.00424471	127.086	165.238	0.000542535	5	4	4	4	0.332783	360	62.1774	0	0	0	0.441175	129.451	0.493973	493.751	1	1	1	1	1	1	1	0
19.08.2015 10:54:37.595000	0	-0.00428328	0.00424471	127.083	211.237	0.00036169	5	4	4	4	0.29423	360	62.1774	0	0	0	0.439525	129.425	0.49501	493.647	1	1	1	1	1	1	1	0
19.08.2015 10:54:37.695000	0	-0.00428328	0.00424471	127.086	262.777	0.000542535	5	4	4	4	0.301626	360	62.1774	0	0	0	0.440054	129.399	0.496841	493.539	1	1	1	1	1	1	1	0
19.08.2015 10:54:37.795000	0	-0.00428328	0.00424471	127.086	303.313	0.00180845	5	4	4	4	0.311037	360	62.1774	0	0	0	0.439764	129.373	0.499161	493.432	1	1	1	1	1	1	1	0
19.08.2015 10:54:37.895000	0	-0.00428328	0.00424471	127.082	343.66	0.000542535	5	4	4	4	0.288094	360	62.1774	0	0	0	0.44179	129.346	0.498794	493.33	1	1	1	1	1	1	1	0
19.08.2015 10:54:37.995000	0	-0.00428328	0.00424471	127.086	395.023	0.00036169	5	4	4	4	0.300466	360	62.1774	0	0	0	0.442556	129.32	0.498062	493.233	1	1	1	1	1	1	1	0
19.08.2015 10:54:38.095000	0	-0.00428328	0.00424471	127.086	440.973	0.00325521	5	4	4	4	0.301909	360	62.1774	0	0	0	0.443866	129.294	0.500198	493.124	1	1	1	1	1	1	1	0
19.08.2015 10:54:38.195000	0	-0.00428328	0.00424471	127.086	481.211	0.00325521	5	4	4	4	0.287229	360	62.1774	0	0	0	0.445399	129.272	0.500137	493.041	1	1	1	1	1	1	1	0
19.08.2015 10:54:38.295000	0	-0.00428328	0.00424471	127.086	521.52	0.00108507	5	4	4	4	0.32331	360	62.1774	0	0	0	0.447287	129.242	0.500076	492.927	1	1	1	1	1	1	1	0
19.08.2015 10:54:38.395000	0	-0.00428328	0.00424471	127.086	574.94	0.00072338	5	4	4	4	0.328674	360	62.1774	0	0	0	0.448828	129.217	0.501846	492.826	1	1	1	1	1	1	1	0
19.08.2015 10:54:38.495000	0	-0.00428328	0.00424471	127.086	605.727	0.00108507	5	4	4	4	0.320822	360	62.1774	0	0	0	0.449219	129.191	0.500504	492.73	1	1	1	1	1	1	1	0
19.08.2015 10:54:38.595000	0	-0.00428328	0.00424471	127.086	630.94	0.00036169	5	4	4	4	0.316382	360	62.1774	0	0	0	0.449602	129.168	0.500809	492.643	1	1	1	1	1	1	1	0
19.08.2015 10:54:38.695000	0	-0.00428328	0.00424471	127.086	651.422	0	5	4	4	4	0.315057	360	62.1774	0	0	0	0.449653	129.137	0.502518	492.517	1	1	1	1	1	1	1	0
19.08.2015 10:54:38.795000	0	-0.00428328	0.00424471	127.086	668.982	0.00108507	5	4	4	4	0.317554	360	62.1774	0	0	0	0.450521	129.117	0.502762	492.44	1	1	1	1	1	1	1	0
19.08.2015 10:54:38.895000	0	-0.00428328	0.00424471	127.086	672.723	0.00108507	5	4	4	4	0.312822	360	62.1774	0	0	0	0.449942	129.097	0.506729	492.345	1	1	1	1	1	1	1	0
19.08.2015 10:54:38.995000	0	-0.00428328	0.00424471	127.086	674.451	0.00036169	5	4	4	4	0.298963	360	62.1774	0	0	0	0.450231	129.071	0.505997	492.25	1	1	1	1	1	1	1	0
19.08.2015 10:54:39.095000	0	-0.00428328	0.00424471	127.086	675.059	0.00217014	5	4	4	4	0.311464	360	62.1774	0	0	0	0.45047	129.044	0.504166	492.153	1	1	1	1	1	1	1	0
19.08.2015 10:54:39.195000	0	-0.00428328	0.00424471	127.086	675.081	0.00289352	5	4	4	4	0.289901	360	62.1774	0	0	0	0.449038	129.025	0.503861	492.083	1	1	1	1	1	1	1	0
19.08.2015 10:54:39.295000	0	-0.00428328	0.00424471	127.074	675.07	0.00108507	5	4	4	4	0.299936	360	62.1774	0	0	0	0.446282	128.957	0.501785	491.828	1	1	1	1	1	1	1	0
19.08.2015 10:54:39.395000	0	-0.00428328	0.00424471	127.057	675.073	0.00072338	5	4	4	4	0.302932	360	62.1774	0	0	0	0.445696	129.014	0.503922	492.041	1	1	1	1	1	1	1	0
19.08.2015 10:54:39.495000	0	-0.00428328	0.00424471	126.957	675.098	0.00108507	5	4	4	4	0.313294	360	62.1774	0	0	0	0.446853	129.022	0.498856	492.089	1	1	1	1	1	1	1	0
19.08.2015 10:54:39.595000	0	-0.00428328	0.00424471	126.956	675.112	0.00289352	5	4	4	4	0.320681	360	62.1774	0	0	0	0.447049	128.932	0.500992	491.738	1	1	1	1	1	1	1	0
19.08.2015 10:54:39.695000	0	-0.00428328	0.00424471	126.953	675.105	0.00271267	5	4	4	4	0.300971	360	62.1774	0	0	0	0.44681	128.911	0.499649	491.66	1	1	1	1	1	1	1	0
19.08.2015 10:54:39.795000	0	-0.00428328	0.00424471	126.956	675.07	0.00036169	5	4	4	4	0.31764	360	62.1774	0	0	0	0.445269	128.897	0.496719	491.618	1	1	1	1	1	1	1	0
19.08.2015 10:54:39.895000	0	-0.00428328	0.00424471	126.961	675.066	0.000542535	5	4	4	4	0.317775	360	62.1774	0	0	0	0.443634	128.867	0.501663	491.487	1	1	1	1	1	1	1	0
19.08.2015 10:54:39.995000	0	-0.00428328	0.00424471	126.966	675.065	0.00072338	5	4	4	4	0.320242	360	62.1774	0	0	0	0.440741	128.853	0.501846	491.43	1	1	1	1	1	1	1	0
19.08.2015 10:54:40.095000	0	-0.00428328	0.00424471	126.961	675.09	0.00271267	5	4	4	4	0.325616	360	62.1774	0	0	0	0.437797	128.821	0.501053	491.312	1	1	1	1	1	1	1	0
19.08.2015 10:54:40.195000	0	-0.00428328	0.00424471	126.964	675.057	0.00144676	5	4	4	4	0.311012	360	62.1774	0	0	0	0.435677	128.792	0.501236	491.2	1	1	1	1	1	1	1	0
19.08.2015 10:54:40.295000	0	-0.00428328	0.00424471	126.969	675.063	0.000542535	5	4	4	4	0.298373	360	62.1774	0	0	0	0.434505	128.773	0.499893	491.134	1	1	1	1	1	1	1	0
19.08.2015 10:54:40.395000	0	-0.00428328	0.00424471	126.997	675.133	0.00108507	5	4	4	4	0.29893	360	62.1774	0	0	0	0.438542	128.768	0.496292	491.126	1	1	1	1	1	1	1	0
19.08.2015 10:54:40.495000	0	-0.00428328	0.00424471	126.996	675.172	0.000542535	5	4	4	4	0.322985	360	62.1774	0	0	0	0.44179	128.732	0.496109	490.988	1	1	1	1	1	1	1	0
19.08.2015 10:54:40.595000	0	-0.00428328	0.00424471	127	675.094	0.00072338	5	4	4	4	0.339455	360	62.1774	0	0	0	0.444097	128.711	0.494827	490.913	1	1	1	1	1	1	1	0
19.08.2015 10:54:40.695000	0	-0.00428328	0.00424471	127	675.262	0.000542535	5	4	4	4	0.297592	360	62.1774	0	0	0	0.445117	128.679	0.498123	490.78	1	1	1	1	1	1	1	0
19.08.2015 10:54:40.795000	0	-0.00428328	0.00424471	127	675.224	0.00108507	5	4	4	4	0.268757	360	62.1774	0	0	0	0.446658	128.654	0.500015	490.675	1	1	1	1	1	1	1	0
19.08.2015 10:54:40.895000	0	-0.00428328	0.00424471	127	675.176	0.00108507	5	4	4	4	0.288896	360	62.1774	0	0	0	0.447815	128.634	0.501175	490.597	1	1	1	1	1	1	1	0
19.08.2015 10:54:40.995000	0	-0.00428328	0.00424471	127	675.174	0.00108507	5	4	4	4	0.305023	360	62.1774	0	0	0	0.448589	128.622	0.502335	490.544	1	1	1	1	1	1	1	0
19.08.2015 10:54:41.095000	0	-0.00428328	0.00424471	127	675.152	0	5	4	4	4	0.314201	360	62.1774	0	0	0	0.449457	128.596	0.503861	490.439	1	1	1	1	1	1	1	0
19.08.2015 10:54:41.195000	0	-0.00428328	0.00424471	127	675.148	0.00072338	5	4	4	4	0.304484	360	62.1774	0	0	0	0.450615	128.57	0.503983	490.339	1	1	1	1	1	1	1	0
19.08.2015 10:54:41.295000	0	-0.00428328	0.00424471	127.004	675.133	0.000542535	5	4	4	4	0.322563	360	62.1774	0	0	0	0.451432	128.547	0.507218	490.24	1	1	1	1	1	1	1	0
19.08.2015 10:54:41.395000	0	-0.00428328	0.00424471	127.003	675.115	0.00072338	5	4	4	4	0.336511	360	62.1774	0	0	0	0.452112	128.528	0.505264	490.173	1	1	1	1	1	1	1	0
19.08.2015 10:54:41.495000	0	-0.00428328	0.00424471	127.008	675.125	0.000542535	5	4	4	4	0.343636	360	62.1774	0	0	0	0.452351	128.502	0.506485	490.069	1	1	1	1	1	1	1	0
19.08.2015 10:54:41.595000	0	-0.00428328	0.00424471	127.008	675.109	0.00144676	5	4	4	4	0.300699	360	62.1774	0	0	0	0.453219	128.488	0.507279	490.011	1	1	1	1	1	1	1	0
19.08.2015 10:54:41.695000	0	-0.00428328	0.00424471	127.008	675.102	0.00108507	5	4	4	4	0.308724	360	62.1774	0	0	0	0.453559	128.465	0.508194	489.921	1	1	1	1	1	1	1	0
19.08.2015 10:54:41.795000	0	-0.00428328	0.00424471	127	675.102	0.00108507	5	4	4	4	0.317324	360	62.1774	0	0	0	0.453559	128.446	0.510025	489.84	1	1	1	1	1	1	1	0
19.08.2015 10:54:41.895000	0	-0.00428328	0.00424471	127.008	675.102	0.00108507	5	4	4	4	0.297523	360	62.1774	0	0	0	0.454087	128.424	0.508133	489.766	1	1	1	1	1	1	1	0
19.08.2015 10:54:41.995000	0	-0.00428328	0.00424471	127.008	675.099	0.00108507	5	4	4	4	0.299002	360	62.1774	0	0	0	0.454282	128.398	0.508988	489.662	1	1	1	1	1	1	1	0
19.08.2015 10:54:42.095000	0	-0.00428328	0.00424471	127.004	675.102	-0.00108507	5	4	4	4	0.303489	360	62.1774	0	0	0	0.454572	128.377	0.507828	489.584	1	1	1	1	1	1	1	0
19.08.2015 10:54:42.195000	0	-0.00428328	0.00424471	127.008	675.096	-0.00072338	5	4	4	4	0.302881	360	62.1774	0	0	0	0.454666	128.356	0.50911	489.501	1	1	1	1	1	1	1	0
19.08.2015 10:54:42.295000	0	-0.00428328	0.00424471	127.008	675.086	-0.00325521	5	4	4	4	0.321913	360	62.1774	0	0	0	0.455534	128.33	0.511124	489.394	1	1	1	1	1	1	1	0
19.08.2015 10:54:42.395000	0	-0.00428328	0.00424471	127.008	675.086	-0.00072338	5	4	4	4	0.30776	360	62.1774	0	0	0	0.45544	128.311	0.509232	489.329	1	1	1	1	1	1	1	0
19.08.2015 10:54:42.495000	0	-0.00428328	0.00424471	127.008	675.086	-0.00108507	5	4	4	4	0.301197	360	62.1774	0	0	0	0.455729	128.293	0.509354	489.258	1	1	1	1	1	1	1	0
19.08.2015 10:54:42.595000	0	-0.00428328	0.00424471	127.008	675.086	-0.00108507	5	4	4	4	0.329521	360	62.1774	0	0	0	0.455729	128.267	0.510208	489.156	1	1	1	1	1	1	1	0
19.08.2015 10:54:42.695000	0	-0.00428328	0.00424471	127.008	675.086	-0.0016276	5	4	4	4	0.329069	360	62.1774	0	0	0	0.45549	128.25	0.514908	489.074	1	1	1	1	1	1	1	0
19.08.2015 10:54:42.795000	0	-0.00428328	0.00424471	127.008	675.076	-0.00108507	5	4	4	4	0.333031	360	62.1774	0	0	0	0.455295	128.228	0.512345	488.996	1	1	1	1	1	1	1	0
19.08.2015 10:54:42.895000	0	-0.00428328	0.00424471	127.008	675.07	0	5	4	4	4	0.304587	360	62.1774	0	0	0	0.454478	128.198	0.511124	488.887	1	1	1	1	1	1	1	0
19.08.2015 10:54:42.995000	0	-0.00428328	0.00424471	127.008	675.068	0.00108507	5	4	4	4	0.312075	360	62.1774	0	0	0	0.454188	128.206	0.511551	488.915	1	1	1	1	1	1	1	0
19.08.2015 10:54:43.095000	0	-0.00428328	0.00424471	127.008	675.063	0.00108507	5	4	4	4	0.292489	360	62.1774	0	0	0	0.453798	128.175	0.514359	488.788	1	1	1	1	1	1	1	0
19.08.2015 10:54:43.195000	0	-0.00428328	0.00424471	127.005	675.063	0	5	4	4	4	0.323328	360	62.1774	0	0	0	0.454572	128.152	0.511612	488.709	1	1	1	1	1	1	1	0
19.08.2015 10:54:43.295000	0	-0.00428328	0.00424471	127.008	675.063	-0.0016276	5	4	4	4	0.305825	360	62.1774	0	0	0	0.454282	128.133	0.513932	488.629	1	1	1	1	1	1	1	0
19.08.2015 10:54:43.395000	0	-0.00428328	0.00424471	127.008	675.063	-0.00180845	5	4	4	4	0.309796	360	62.1774	0	0	0	0.454572	128.111	0.512711	488.547	1	1	1	1	1	1	1	0
19.08.2015 10:54:43.495000	0	-0.00428328	0.00424471	127.008	675.063	0	5	4	4	4	0.327315	360	62.1774	0	0	0	0.454521	128.097	0.507828	488.514	1	1	1	1	1	1	1	0
19.08.2015 10:54:43.595000	0	-0.00428328	0.00424471	127.008	675.06	0.00108507	5	4	4	4	0.309777	360	62.1774	0	0	0	0.454912	128.073	0.504776	488.433	1	1	1	1	1	1	1	0
19.08.2015 10:54:43.695000	0	-0.00428328	0.00424471	127.008	675.055	0	5	4	4	4	0.291523	360	62.1774	0	0	0	0.454572	128.051	0.507061	488.341	1	1	1	1	1	1	1	0
19.08.2015 10:54:43.795000	0	-0.00428328	0.00424471	127.008	675.049	-0.00036169	5	4	4	4	0.291895	360	62.1774	0	0	0	0.454188	128.039	0.50972	488.288	1	1	1	1	1	1	1	0
19.08.2015 10:54:43.895000	0	-0.00428328	0.00424471	127.008	675.047	0.00108507	5	4	4	4	0.300998	360	62.1774	0	0	0	0.454087	128.015	0.508795	488.158	1	1	1	1	1	1	1	0
19.08.2015 10:54:43.995000	0	-0.00428328	0.00424471	127.008	675.047	0.00108507	5	4	4	4	0.309085	360	62.1774	0	0	0	0.45332	127.995	0.511734	488.082	1	1	1	1	1	1	1	0
19.08.2015 10:54:44.095000	0	-0.00428328	0.00424471	127.008	675.047	-0.000542535	5	4	4	4	0.311212	360	62.1774	0	0	0	0.454087	127.973	0.509964	488.029	1	1	1	1	1	1	1	0
19.08.2015 10:54:44.195000	0	-0.00428328	0.00424471	127.008	675.065	0.00036169	5	4	4	4	0.299313	360	62.1774	0	0	0	0.45332	127.958	0.509276	487.981	1	1	1	1	1	1	1	0
19.08.2015 10:54:44.295000	0	-0.00428328	0.00424471	127.008	675.078	0.00108507	5	4	4	4	0.290647	360	62.1774	0	0	0	0.453559	127.933	0.509598	487.88	1	1	1	1	1	1	1	0
19.08.2015 10:54:44.395000	0	-0.00428328	0.00424471	127.008	675.063	0.00036169	5	4	4	4	0.294437	360	62.1774	0	0	0	0.45298	127.912	0.509842	487.798	1	1	1	1	1	1	1	0
19.08.2015 10:54:44.495000	0	-0.00428328	0.00424471	127.008	675.063	0.00108507	5	4	4	4	0.306987	360	62.1774	0	0	0	0.453024	127.892	0.508744	487.726	1	1	1	1	1	1	1	0
19.08.2015 10:54:44.595000	0	-0.00428328	0.00424471	127.008	675.081	0.00108507	5	4	4	4	0.324762	360	62.1774	0	0	0	0.453125	127.872	0.511124	487.641	1	1	1	1	1	1	1	0
19.08.2015 10:54:44.695000	0	-0.00428328	0.00424471	127.008	675.086	0.000542535	5	4	4	4	0.317694	360	62.1774	0	0	0	0.452344	127.855	0.50972	487.581	1	1	1	1	1	1	1	0
19.08.2015 10:54:44.795000	0	-0.00428328	0.00424471	127.008	675.086	0.00108507	5	4	4	4	0.310442	360	62.1774	0	0	0	0.452459	127.834	0.513199	487.487	1	1	1	1	1	1	1	0
19.08.2015 10:54:44.895000	0	-0.00428328	0.00424471	127.008	675.086	0.00108507	5	4	4	4	0.274565	360	62.1774	0	0	0	0.4523	127.815	0.514115	487.409	1	1	1	1	1	1	1	0
19.08.2015 10:54:44.995000	0	-0.00428328	0.00424471	127.008	675.086	0.00036169	5	4	4	4	0.288546	360	62.1774	0	0	0	0.452112	127.8	0.514603	487.349	1	1	1	1	1	1	1	0
19.08.2015 10:54:45.095000	0	-0.00428328	0.00424471	127.008	675.086	0.000542535	5	4	4	4	0.311403	360	62.1774	0	0	0	0.451577	127.781	0.514603	487.276	1	1	1	1	1	1	1	0
19.08.2015 10:54:45.195000	0	-0.00428328	0.00424471	127.008	675.089	0.00108507	5	4	4	4	0.304643	360	62.1774	0	0	0	0.452358	127.759	0.51442	487.196	1	1	1	1	1	1	1	0
19.08.2015 10:54:45.295000	0	-0.00428328	0.00424471	127.008	675.094	0.00108507	5	4	4	4	0.314547	360	62.1774	0	0	0	0.452358	127.741	0.517472	487.113	1	1	1	1	1	1	1	0
19.08.2015 10:54:45.395000	0	-0.00428328	0.00424471	127.008	675.102	0.00108507	5	4	4	4	0.322074	360	62.1774	0	0	0	0.452836	127.723	0.512162	487.064	1	1	1	1	1	1	1	0
19.08.2015 10:54:45.495000	0	-0.00428328	0.00424471	127.004	675.102	0.00108507	5	4	4	4	0.32439	360	62.1774	0	0	0	0.4523	127.71	0.511063	487.021	1	1	1	1	1	1	1	0
19.08.2015 10:54:45.595000	0	-0.00428328	0.00424471	127.008	675.107	0.00108507	5	4	4	4	0.314585	360	62.1774	0	0	0	0.452691	127.675	0.50972	486.892	1	1	1	1	1	1	1	0
19.08.2015 10:54:45.695000	0	-0.00428328	0.00424471	127.008	675.117	0.00108507	5	4	4	4	0.317339	360	62.1774	0	0	0	0.452112	127.716	0.513199	487.034	1	1	1	1	1	1	1	0
19.08.2015 10:54:45.795000	0	-0.00428328	0.00424471	127.008	675.133	0.00036169	5	4	4	4	0.288215	360	62.1774	0	0	0	0.4523	127.664	0.509415	486.851	1	1	1	1	1	1	1	0
19.08.2015 10:54:45.895000	0	-0.00428328	0.00424471	127	675.098	0.00217014	5	4	4	4	0.287707	360	62.1774	0	0	0	0.451635	127.644	0.504532	486.792	1	1	1	1	1	1	1	0
19.08.2015 10:54:45.995000	0	-0.00428328	0.00424471	126.987	675.172	0.00217014	5	4	4	4	0.28656	360	62.1774	0	0	0	0.451143	127.62	0.507157	486.691	1	1	1	1	1	1	1	0
19.08.2015 10:54:46.095000	0	-0.00428328	0.00424471	126.984	675.164	0.0016276	5	4	4	4	0.291155	360	62.1774	0	0	0	0.451389	127.598	0.511673	486.589	1	1	1	1	1	1	1	0
19.08.2015 10:54:46.195000	0	-0.00428328	0.00424471	126.979	675.146	0.00217014	5	4	4	4	0.307918	360	62.1774	0	0	0	0.451678	127.575	0.51558	486.484	1	1	1	1	1	1	1	0
19.08.2015 10:54:46.295000	0	-0.00428328	0.00424471	126.977	675.152	0	5	4	4	4	0.300909	360	62.1774	0	0	0	0.451635	127.56	0.513627	486.436	1	1	1	1	1	1	1	0
19.08.2015 10:54:46.395000	0	-0.00428328	0.00424471	126.977	675.135	0.00217014	5	4	4	4	0.319172	360	62.1774	0	0	0	0.452112	127.556	0.515275	486.414	1	1	1	1	1	1	1	0
19.08.2015 10:54:46.495000	0	-0.00428328	0.00424471	126.973	675.141	0.00325521	5	4	4	4	0.302135	360	62.1774	0	0	0	0.452358	127.538	0.511795	486.357	1	1	1	1	1	1	1	0
19.08.2015 10:54:46.595000	0	-0.00428328	0.00424471	126.969	675.203	0.00144676	5	4	4	4	0.319721	360	62.1774	0	0	0	0.452156	127.511	0.510269	486.262	1	1	1	1	1	1	1	0
19.08.2015 10:54:46.695000	0	-0.00428328	0.00424471	126.969	675.172	0	5	4	4	4	0.350425	360	62.1774	0	0	0	0.452402	127.493	0.512101	486.184	1	1	1	1	1	1	1	0
19.08.2015 10:54:46.795000	0	-0.00428328	0.00424471	126.977	675.18	0.00217014	5	4	4	4	0.315132	360	62.1774	0	0	0	0.452112	127.481	0.512833	486.138	1	1	1	1	1	1	1	0
19.08.2015 10:54:46.895000	0	-0.00428328	0.00424471	126.977	675.176	0.00217014	5	4	4	4	0.361867	360	62.1774	0	0	0	0.452156	127.181	0.51381	484.983	1	1	1	1	1	1	1	0
19.08.2015 10:54:46.995000	0	-0.00428328	0.00424471	126.977	675.198	0.00217014	5	4	4	4	0.340854	360	62.1774	0	0	0	0.4511	127.446	0.516434	485.988	1	1	1	1	1	1	1	0
19.08.2015 10:54:47.095000	0	-0.00428328	0.00424471	126.984	675.188	0.00108507	5	4	4	4	0.374854	360	62.1774	0	0	0	0.451143	127.422	0.517106	485.894	1	1	1	1	1	1	1	0
19.08.2015 10:54:47.195000	0	-0.00428328	0.00424471	126.99	675.18	0.00217014	5	4	4	4	0.410192	360	62.1774	0	0	0	0.449986	127.404	0.520951	485.81	1	1	1	1	1	1	1	0
19.08.2015 10:54:47.295000	0	-0.00428328	0.00424471	126.996	675.188	0.00271267	5	4	4	4	0.380039	360	62.1774	0	0	0	0.449407	127.386	0.522172	485.737	1	1	1	1	1	1	1	0
19.08.2015 10:54:47.395000	0	-0.00428328	0.00424471	127	675.174	0.00289352	5	4	4	4	0.394334	360	62.1774	0	0	0	0.448437	127.367	0.524796	485.655	1	1	1	1	1	1	1	0
19.08.2015 10:54:47.495000	0	-0.00428328	0.00424471	127	675.176	0.00271267	5	4	4	4	0.398282	360	62.1774	0	0	0	0.447526	127.35	0.524247	485.592	1	1	1	1	1	1	1	0
19.08.2015 10:54:47.595000	0	-0.00428328	0.00424471	127	675.174	0.00217014	5	4	4	4	0.358343	360	62.1774	0	0	0	0.446947	127.331	0.522172	485.525	1	1	1	1	1	1	1	0
19.08.2015 10:54:47.695000	0	-0.00428328	0.00424471	127	675.172	0.00108507	5	4	4	4	0.390253	360	62.1774	0	0	0	0.44579	127.316	0.521805	485.47	1	1	1	1	1	1	1	0
19.08.2015 10:54:47.795000	0	-0.00428328	0.00424471	127	675.172	0.00144676	5	4	4	4	0.380085	360	62.1774	0	0	0	0.44511	127.299	0.521317	485.407	1	1	1	1	1	1	1	0
19.08.2015 10:54:47.895000	0	-0.00428328	0.00424471	127	675.172	0.00108507	5	4	4	4	0.361217	360	62.1774	0	0	0	0.44362	127.279	0.521317	485.328	1	1	1	1	1	1	1	0
19.08.2015 10:54:47.995000	0	-0.00428328	0.00424471	127	675.172	0.00072338	5	4	4	4	0.387885	360	62.1774	0	0	0	0.44294	127.261	0.519669	485.266	1	1	1	1	1	1	1	0
19.08.2015 10:54:48.095000	0	-0.00428328	0.00424471	127	675.172	0	5	4	4	4	0.362862	360	62.1774	0	0	0	0.441985	127.253	0.519154	485.239	1	1	1	1	1	1	1	0
