Time	[76:0]	[76:1]	[76:2]	[76:4]	[76:8]	[76:70]	[76:71]	[78:0]	[78:1]	[78:2]	[79:2]	[79:3]	[79:4]	[79:8]	[79:9]	[79:10]	[79:11]	[79:12]	[79:13]	[79:14]	[79.0]	[79.1]	[79.2]	[79.3]	[79.4]	[79.5]	[79.6]	[79.8]
time	Hoogteverstelling - Referentie positie (mm)	Hoogteverstelling - AZ gemeten positie (mm)	Hoogteverstelling - BZ gemeten positie (mm)	Transfert Ingang - Gemeten positie (mm)	Transfert Uitgang - Gemeten positie (mm)	Aardgas - actueel debiet	Stappenschakelaar - gemeten pos	Laspos Ing - positie discreet	Laspos Uitg - positie discreet	Schaafverstelling - positie discreet	Stuikraam - Totale Stroommeting RMS-waarde (A)	Stuikraam - Stroomreferentie (A)	Stuikraam - Positie AZ (mm, pulsgever)	Stuikraam - Referentie Servo-ventiel (%)	Stuikraam - Trim door I-regelaar (%)	Stuikraam - Gemeten snelheid (mm/s, pulsgever)	Secundaire lasspanning	Stuikraam - Druk stuikcilinder voorkamer (=laszijde)  (bar)	Stuikraam - Druk stuikcilinder terugloopkamer  (bar)	Stuikraam - Netto voorwaartse kracht op stuikraam (kN)	Stuikraam - P1	Stuikraam - P2	Stuikraam - P3	Stuikraam - P4	Stuikraam - P5	Stuikraam - P6	Stuikraam - P7	Stuikraam - Openen stuikventielen	

Lasparameter.Ingang - Coil ID	0324171S
Lasparameter.Ingang - Dikte (um)	4330
Lasparameter.Ingang - Breedte (mm)	1417
Lasparameter.Ingang - Materiaal	0001
Lasparameter.Uitgang - Coil ID	0324170S
Lasparameter.Uitgang - Dikte (um)	4340
Lasparameter.Uitgang - Breedte (mm)	1417
Lasparameter.Uitgang - Materiaal	0001
Lasparameter.P2 (mm)	24.0
Lasparameter.P3 (mm)	34.0
Lasparameter.P4 (mm)	42.2
Lasparameter.P5 (mm)	50.8
Lasparameter.P6 (mm)	57.4
Lasparameter.P7 (mm)	62.2
Lasparameter.Vonksnelheid (mm/s)	1.20
Lasparameter.Lassnelheid (mm/s)	0.48
Lasparameter.Stroom Referentie (A)	0333
Lasparameter.Stroomtoename (µA/s2)	53.0
Lasparameter.Stuikstroomtijd (per)	0009
Lasparameter.Afkoeltijd Stuik (per)	0010
Lasparameter.Stuikdruk (bar)	0109
Lasparameter.Stuiksnelheid (%)	90.0

15.08.2015 09:22:26.531000	0.00500011	0.00428376	0.00848839	0.00390625	0.0351563	0.00434028	7	4	4	4	0.372352	333	0	0	0	0	0.330375	4.18	124.844	-461.999	1	0	0	0	0	0	0	0
15.08.2015 09:22:26.631000	0.00500011	0.00428376	0.00848839	0	0.0234375	0.00542535	7	4	4	4	0.370196	333	0	0	0	0	0.330924	3.10154	124.759	-465.803	1	0	0	0	0	0	0	0
15.08.2015 09:22:26.731000	0.00500011	0.00428376	0.00848839	0	0.0390625	0.00578704	7	4	4	4	0.368003	333	0	0	0	0	0.331532	5.12424	124.8	-458.214	1	0	0	0	0	0	0	0
15.08.2015 09:22:26.831000	0.00500011	0.00428376	0.00848839	0.0078125	0.0078125	0.00542535	7	4	4	4	0.388176	333	0	0	0	0	0.331662	5.70208	124.804	-456.017	1	0	0	0	0	0	0	0
15.08.2015 09:22:26.931000	0.00500011	0.00428376	0.00848839	0.0130208	0.0130208	0.00434028	7	4	4	4	0.402724	333	0	0	0	0	0.332031	5.27464	124.765	-457.506	1	0	0	0	0	0	0	0
15.08.2015 09:22:27.031000	0.00500011	0.00428376	0.00848839	0	0.101563	0.00434028	7	4	4	4	0.368608	333	0	0	0	0	0.332899	2.6943	124.649	-466.941	1	0	0	0	0	0	0	0
15.08.2015 09:22:27.131000	0.00500011	0.00428376	0.00848839	0	0.0234375	0.00470197	7	4	4	4	0.392551	333	0	0	0	0	0.330114	2.79879	124.618	-466.421	1	0	0	0	0	0	0	0
15.08.2015 09:22:27.231000	0.00500011	0.00428376	0.00848839	0	-0.296875	0.00434028	7	4	4	4	0.376442	333	0	0	0	0	0.327025	5.33042	124.691	-457.008	1	0	0	0	0	0	0	0
15.08.2015 09:22:27.331000	0.00500011	0.00428376	0.00848839	0.00520833	-1.17969	0.00253183	7	4	4	4	0.362093	333	0	0	0	0	0.321918	4.33869	124.652	-460.657	1	0	0	0	0	0	0	0
15.08.2015 09:22:27.431000	0.00500011	0.00428376	0.00848839	0.00390625	-7.94531	0.00325521	7	4	4	4	0.390309	333	0	0	0	0	0.320276	3.53612	124.593	-463.503	1	0	0	0	0	0	0	0
15.08.2015 09:22:27.531000	0.00500011	0.00428376	0.00848839	0.0104167	-24.4505	0.00253183	7	4	4	4	0.394934	333	0	0	0	0	0.316565	4.49306	124.599	-459.861	1	0	0	0	0	0	0	0
15.08.2015 09:22:27.631000	0.00500011	0.00428376	0.00848839	0	-44.9922	0.00217014	7	4	4	4	0.402688	333	0	0	0	0	0.31428	5.7495	124.611	-455.098	1	0	0	0	0	0	0	0
15.08.2015 09:22:27.731000	0.00500011	0.00428376	0.00848839	0	-72.4635	0.00253183	7	4	4	4	0.385179	333	0	0	0	0	0.311986	4.62886	124.562	-459.201	1	0	0	0	0	0	0	0
15.08.2015 09:22:27.831000	0.00500011	0.00428376	0.00848839	0	-108.805	0.00325521	7	4	4	4	0.376511	333	0	0	0	0	0.309795	5.22263	124.57	-456.956	1	0	0	0	0	0	0	0
15.08.2015 09:22:27.931000	0.00500011	0.00428376	0.00848839	-0.0130208	-141.974	0.00253183	7	4	4	4	0.381792	333	0	0	0	0	0.308449	2.72616	124.451	-466.061	1	0	0	0	0	0	0	0
15.08.2015 09:22:28.031000	0.00500011	0.00428376	0.00848839	0	-178.988	0.00325521	7	4	4	4	0.402195	333	0	0	0	0	0.306583	4.32911	124.461	-459.96	1	0	0	0	0	0	0	0
15.08.2015 09:22:28.131000	0.00500011	0.00428376	0.00848839	-0.00520833	-229.766	0.00325521	7	4	4	4	0.398151	333	0	0	0	0	0.306713	6.75155	124.563	-451.077	1	0	0	0	0	0	0	0
15.08.2015 09:22:28.231000	0.00500011	0.00428376	0.00848839	0	-275.141	0.00271267	7	4	4	4	0.384731	333	0	0	0	0	0.305071	4.57942	124.459	-458.994	1	0	0	0	0	0	0	0
15.08.2015 09:22:28.331000	0.00500011	0.00428376	0.00848839	0	-315.169	0.00325521	7	4	4	4	0.373417	333	0	0	0	0	0.304832	5.84552	124.467	-454.179	1	0	0	0	0	0	0	0
15.08.2015 09:22:28.431000	0.00500011	0.00428376	0.00848839	0	-355.688	0.00379774	7	4	4	4	0.364057	333	0	0	0	0	0.304384	5.46922	124.433	-455.488	1	0	0	0	0	0	0	0
15.08.2015 09:22:28.531000	0.00500011	0.00428376	0.00848839	0.00260417	-412.193	0.00470197	7	4	4	4	0.345473	333	0	0	0	0	0.307487	5.58031	124.412	-454.984	1	0	0	0	0	0	0	0
15.08.2015 09:22:28.631000	0.00500011	0.00428376	0.00848839	0.00390625	-452.523	0.00271267	7	4	4	4	0.379826	333	0	0	0	0	0.309708	5.9671	124.399	-453.451	1	0	0	0	0	0	0	0
15.08.2015 09:22:28.731000	0.00500011	0.00428376	0.00848839	0.00260417	-492.576	0.00434028	7	4	4	4	0.380342	333	0	0	0	0	0.313708	5.55644	124.367	-454.903	1	0	0	0	0	0	0	0
15.08.2015 09:22:28.831000	0.00500011	0.00428376	0.00848839	0.0078125	-532.797	0.00488281	7	4	4	4	0.376259	333	0	0	0	0	0.316442	4.89962	124.321	-457.239	1	0	0	0	0	0	0	0
15.08.2015 09:22:28.931000	0.00500011	0.00428376	0.00848839	-0.0104167	-582.367	0.00542535	7	4	4	4	0.379093	333	0	0	0	0	0.318287	3.11014	124.235	-463.763	1	0	0	0	0	0	0	0
15.08.2015 09:22:29.031000	0.00500011	0.00428376	0.00848839	0.0117188	-609.004	0.00596788	7	4	4	4	0.357307	333	0	0	0	0	0.319061	3.05448	124.203	-463.853	1	0	0	0	0	0	0	0
15.08.2015 09:22:29.131000	0.00500011	0.00428376	0.00848839	0.244792	-629.432	0.00614873	7	4	4	4	0.380786	333	0	0	0	0	0.319958	4.96542	124.23	-456.641	1	0	0	0	0	0	0	0
15.08.2015 09:22:29.231000	0.00500011	0.00428376	0.00848839	2.37891	-647.84	0.00596788	7	4	4	4	0.383144	333	0	0	0	0	0.320797	4.94321	124.211	-456.651	1	0	0	0	0	0	0	0
15.08.2015 09:22:29.331000	0.00500011	0.00428376	0.00848839	15.4453	-660.159	0.00614873	7	4	4	4	0.378249	333	0	0	0	0	0.321405	3.9704	124.164	-460.196	1	0	0	0	0	0	0	0
15.08.2015 09:22:29.431000	0.00500011	0.00428376	0.00848839	32.5859	-665.305	0.00596788	7	4	4	4	0.373845	333	0	0	0	0	0.323466	4.69216	124.149	-457.376	1	0	0	0	0	0	0	0
15.08.2015 09:22:29.531000	0.00500011	0.00428376	0.00848839	53.1224	-666.599	0.00614873	7	4	4	4	0.358575	333	0	0	0	0	0.324494	5.10489	124.135	-455.742	1	0	0	0	0	0	0	0
15.08.2015 09:22:29.631000	0.00500011	0.00428376	0.00848839	90.1328	-668.301	0.00651042	7	4	4	4	0.368762	333	0	0	0	0	0.326743	4.55068	124.1	-457.73	1	0	0	0	0	0	0	0
15.08.2015 09:22:29.731000	0.00500011	0.00428376	0.00848839	121.677	-668.716	0.00470197	7	4	4	4	0.418827	333	0	0	0	0	0.326953	3.94	124.063	-459.926	1	0	0	0	0	0	0	0
15.08.2015 09:22:29.831000	0.00500011	0.00428376	0.00848839	157.227	-668.719	0.00488281	7	4	4	4	0.384678	333	0	0	0	0	0.328335	5.79376	124.089	-452.928	1	0	0	0	0	0	0	0
15.08.2015 09:22:29.931000	0.00500011	0.00428376	0.00848839	203.745	-668.716	0.00434028	7	4	4	4	0.38269	333	0	0	0	0	0.328205	5.18223	124.062	-455.167	1	0	0	0	0	0	0	0
15.08.2015 09:22:30.031000	0.00500011	0.00428376	0.00848839	257.887	-668.719	0.00434028	7	4	4	4	0.407076	333	0	0	0	0	0.326562	4.23139	124.01	-458.608	1	0	0	0	0	0	0	0
15.08.2015 09:22:30.131000	0.00500011	0.00428376	0.00848839	300.779	-668.719	0.00506366	7	4	4	4	0.39555	333	0	0	0	0	0.325007	4.73324	123.991	-456.614	1	0	0	0	0	0	0	0
15.08.2015 09:22:30.231000	0.00500011	0.00428376	0.00848839	343.969	-668.719	0.00651042	7	4	4	4	0.378171	333	0	0	0	0	0.327293	4.84719	123.969	-456.095	1	0	0	0	0	0	0	0
15.08.2015 09:22:30.331000	0.00500011	0.00428376	0.00848839	398.435	-668.719	0.00578704	7	4	4	4	0.372116	333	0	0	0	0	0.330346	4.55293	123.941	-457.112	1	0	0	0	0	0	0	0
15.08.2015 09:22:30.431000	0.00500011	0.00428376	0.00848839	443.949	-668.723	0.00651042	7	4	4	4	0.390846	333	0	0	0	0	0.331084	4.39137	123.909	-457.608	1	0	0	0	0	0	0	0
15.08.2015 09:22:30.531000	0.00500011	0.00428376	0.00848839	474.43	-668.727	0.00614873	7	4	4	4	0.365338	333	0	0	0	0	0.33253	4.6838	123.891	-456.42	1	0	0	0	0	0	0	0
15.08.2015 09:22:30.631000	0.00500011	0.00428376	0.00848839	493.016	-668.727	0.00596788	7	4	4	4	0.394723	333	0	0	0	0	0.331887	4.60945	123.865	-456.605	1	0	0	0	0	0	0	0
15.08.2015 09:22:30.731000	0.00500011	0.00428376	0.00848839	511.234	-668.729	0.00614873	7	4	4	4	0.38466	333	0	0	0	0	0.332046	4.5132	123.841	-456.88	1	0	0	0	0	0	0	0
15.08.2015 09:22:30.831000	0.00500011	0.00428376	0.00848839	529.676	-668.734	0.00651042	7	4	4	4	0.363091	333	0	0	0	0	0.330729	4.65304	123.819	-456.263	1	0	0	0	0	0	0	0
15.08.2015 09:22:30.931000	0.00500011	0.00428376	0.00848839	545.484	-668.734	0.00578704	7	4	4	4	0.370374	333	0	0	0	0	0.330179	4.63656	123.795	-456.234	1	0	0	0	0	0	0	0
15.08.2015 09:22:31.031000	0.00500011	0.00428376	0.00848839	561.371	-668.734	0.00759549	7	4	4	4	0.329138	333	0	0	0	0	0.328704	4.60152	123.77	-456.272	1	0	0	0	0	0	0	0
15.08.2015 09:22:31.131000	0.00500011	0.00428376	0.00848839	583.716	-668.734	0.00434028	7	4	4	4	0.298841	333	0	0	0	0	0.327705	4.61434	123.749	-456.142	1	0	0	0	0	0	0	0
15.08.2015 09:22:31.231000	0.00500011	0.00428376	0.00848839	598.988	-668.738	0.00325521	7	4	4	4	0.280453	333	0	0	0	0	0.327677	4.32203	123.723	-457.161	1	0	0	0	0	0	0	0
15.08.2015 09:22:31.331000	0.00500011	0.00428376	0.00848839	613.688	-668.729	0.00253183	7	4	4	4	0.294004	333	0	0	0	0	0.328125	3.88946	123.68	-458.654	1	0	0	0	0	0	0	0
15.08.2015 09:22:31.431000	0.00500011	0.00428376	0.00848839	631.574	-668.746	0.00271267	7	4	4	4	0.28661	333	0	0	0	0	0.329478	4.7101	123.687	-455.54	1	0	0	0	0	0	0	0
15.08.2015 09:22:31.531000	0.00500011	0.00428376	0.00848839	648.521	-668.74	0.00289352	7	4	4	4	0.29491	333	0	0	0	0	0.330085	4.53652	123.762	-456.489	1	0	0	0	0	0	0	0
15.08.2015 09:22:31.631000	0.00500011	0.00428376	0.00848839	661.918	-668.734	0.0016276	7	4	4	4	0.281851	333	0	0	0	0	0.33057	4.22761	123.903	-458.212	1	0	0	0	0	0	0	0
15.08.2015 09:22:31.731000	0.00500011	0.00428376	0.00848839	674.409	-668.742	0.00072338	7	4	4	4	0.299303	333	0	0	0	0	0.330519	4.51582	124.09	-457.826	1	0	0	0	0	0	0	0
15.08.2015 09:22:31.831000	0.00500011	0.00428376	0.00848839	690.32	-668.746	0.00217014	7	4	4	4	0.307735	333	0	0	0	0	0.330809	4.72073	124.298	-457.836	1	0	0	0	0	0	0	0
15.08.2015 09:22:31.931000	0.00500011	0.00428376	0.00848839	699.578	-668.75	0.00108507	7	4	4	4	0.31226	333	0	0	0	0	0.329572	4.32514	125.067	-462.297	1	0	0	0	0	0	0	0
15.08.2015 09:22:32.031000	0.00500011	0.00428376	0.00848839	706.277	-668.75	0.000542535	7	4	4	4	0.300445	333	0	0	0	0	0.33002	4.21937	125.495	-464.339	1	0	0	0	0	0	0	0
15.08.2015 09:22:32.131000	0.00500011	0.00428376	0.00848839	709.654	-668.755	0.00072338	7	4	4	4	0.270871	333	0	0	0	0	0.329123	4.48604	126.049	-465.439	1	0	0	0	0	0	0	0
15.08.2015 09:22:32.231000	0.00500011	0.00428376	0.00848839	710.844	-668.754	0.000542535	7	4	4	4	0.290148	333	0	0	0	0	0.329507	4.49245	126.215	-466.05	1	0	0	0	0	0	0	0
15.08.2015 09:22:32.331000	0.00500011	0.00428376	0.00848839	711.07	-668.753	0.00072338	7	4	4	4	0.304857	333	0	0	0	0	0.329348	4.33985	126.308	-466.992	1	0	0	0	0	0	0	0
15.08.2015 09:22:32.431000	0.00500011	0.00428376	0.00848839	711.07	-668.758	0	7	4	4	4	0.28838	333	0	0	0	0	0.329217	4.59883	126.465	-466.601	1	0	0	0	0	0	0	0
15.08.2015 09:22:32.531000	0.00500011	0.00428376	0.00848839	711.07	-668.755	0.00036169	7	4	4	4	0.315891	333	0	0	0	0	0.329348	4.93826	126.694	-466.179	1	0	0	0	0	0	0	0
15.08.2015 09:22:32.631000	0.00500011	0.00428376	0.00848839	711.07	-668.75	0.00271267	7	4	4	4	0.299103	333	0	0	0	0	0.329572	4.56075	127	-468.794	1	0	0	0	0	0	0	0
15.08.2015 09:22:32.731000	0.00500011	0.00428376	0.00848839	711.07	-668.755	0.00072338	7	4	4	4	0.297549	333	0	0	0	0	0.330071	4.47987	127.242	-470.033	1	0	0	0	0	0	0	0
15.08.2015 09:22:32.831000	0.00500011	0.00428376	0.00848839	711.074	-668.758	0.000542535	7	4	4	4	0.278757	333	0	0	0	0	0.329297	4.62575	127.42	-470.156	1	0	0	0	0	0	0	0
15.08.2015 09:22:32.931000	0.00500011	0.00428376	0.00848839	711.07	-668.755	0.00217014	7	4	4	4	0.303521	333	0	0	0	0	0.328718	4.39589	127.561	-471.575	1	0	0	0	0	0	0	0
15.08.2015 09:22:33.031000	0.00500011	0.00428376	0.00848839	711.074	-668.758	0.00271267	7	4	4	4	0.297149	333	0	0	0	0	0.325051	4.50063	127.741	-471.864	1	0	0	0	0	0	0	0
15.08.2015 09:22:33.131000	0.00500011	0.00428376	0.00848839	711.078	-668.76	0.00289352	7	4	4	4	0.278352	333	0	0	0	0	0.323445	4.61489	127.941	-472.192	1	0	0	0	0	0	0	0
15.08.2015 09:22:33.231000	0.00500011	0.00428376	0.00848839	711.078	-668.758	0.00271267	7	4	4	4	0.273678	333	0	0	0	0	0.321325	4.5483	128.046	-472.85	1	0	0	0	0	0	0	0
15.08.2015 09:22:33.331000	0.00500011	0.00428376	0.00848839	711.078	-668.758	0.00289352	7	4	4	4	0.27102	333	0	0	0	0	0.320486	4.55721	128.074	-472.923	1	0	0	0	0	0	0	0
15.08.2015 09:22:33.431000	0.00500011	0.00428376	0.00848839	711.078	-668.758	0.00271267	7	4	4	4	0.279358	333	0	0	0	0	0.317723	4.52626	128.579	-474.973	1	0	0	0	0	0	0	0
15.08.2015 09:22:33.531000	0.00500011	0.00428376	0.00848839	711.078	-668.76	0.00253183	7	4	4	4	0.283234	333	0	0	0	0	0.315936	4.55391	128.737	-475.471	1	0	0	0	0	0	0	0
15.08.2015 09:22:33.631000	0.00500011	0.00428376	0.00848839	711.078	-668.766	0.00271267	7	4	4	4	0.271786	333	0	0	0	0	0.313238	4.53804	128.735	-475.526	1	0	0	0	0	0	0	0
15.08.2015 09:22:33.731000	0.00500011	0.00428376	0.00848839	711.078	-668.763	0.0036169	7	4	4	4	0.290734	333	0	0	0	0	0.310583	4.55165	128.737	-475.482	1	0	0	0	0	0	0	0
15.08.2015 09:22:33.831000	0.00500011	0.00428376	0.00848839	711.078	-668.766	0.00434028	7	4	4	4	0.285624	333	0	0	0	0	0.308883	4.19324	128.834	-477.226	1	0	0	0	0	0	0	0
15.08.2015 09:22:33.931000	0.00500011	0.00428376	0.00848839	711.083	-668.766	0.00542535	7	4	4	4	0.297271	333	0	0	0	0	0.307885	4.03003	128.345	-475.976	1	0	0	0	0	0	0	0
15.08.2015 09:22:34.031000	0.00500011	0.00428376	0.00848839	711.09	-668.766	0.00542535	7	4	4	4	0.2831	333	0	0	0	0	0.309013	4.58638	127.903	-472.155	1	0	0	0	0	0	0	0
15.08.2015 09:22:34.131000	0.00500011	0.00428376	0.00848839	711.089	-668.766	0.0036169	7	4	4	4	0.28928	333	0	0	0	0	0.308384	5.69744	129.738	-474.927	1	0	0	0	0	0	0	0
15.08.2015 09:22:34.231000	0.00500011	0.00428376	0.00848839	711.086	-668.766	0.00271267	7	4	4	4	0.300138	333	0	0	0	0	0.308963	5.47081	129.567	-475.139	1	0	0	0	0	0	0	0
15.08.2015 09:22:34.331000	0.00500011	0.00428376	0.00848839	711.094	-668.763	0.00434028	7	4	4	4	0.295363	333	0	0	0	0	0.307646	4.71926	128.939	-475.611	1	0	0	0	0	0	0	0
15.08.2015 09:22:34.431000	0.00500011	0.00428376	0.00848839	711.094	-668.766	0.00488281	7	4	4	4	0.292824	333	0	0	0	0	0.307321	4.88076	128.497	-473.302	1	0	0	0	0	0	0	0
15.08.2015 09:22:34.531000	0.00500011	0.00428376	0.00848839	711.094	-668.766	0.00506366	7	4	4	4	0.295503	333	0	0	0	0	0.305975	5.30186	128.451	-471.513	1	0	0	0	0	0	0	0
15.08.2015 09:22:34.631000	0.00500011	0.00428376	0.00848839	711.094	-668.766	0.00271267	7	4	4	4	0.289788	333	0	0	0	0	0.30565	4.84017	128.249	-472.507	1	0	0	0	0	0	0	0
15.08.2015 09:22:34.731000	0.00500011	0.00428376	0.00848839	711.094	-668.766	0.00325521	7	4	4	4	0.309435	333	0	0	0	0	0.305042	4.90017	128.4	-472.855	1	0	0	0	0	0	0	0
15.08.2015 09:22:34.831000	0.00500011	0.00428376	0.00848839	711.098	-668.766	0.00271267	7	4	4	4	0.290365	333	0	0	0	0	0.304688	5.24393	128.458	-471.761	1	0	0	0	0	0	0	0
15.08.2015 09:22:34.931000	0.00500011	0.00428376	0.00848839	711.094	-668.766	0.00289352	7	4	4	4	0.283464	333	0	0	0	0	0.306474	4.92959	128.26	-472.206	1	0	0	0	0	0	0	0
15.08.2015 09:22:35.031000	0.00500011	0.00428376	0.00848839	711.094	-668.766	0.00217014	7	4	4	4	0.287306	333	0	0	0	0	0.308341	4.85745	128.017	-471.552	1	0	0	0	0	0	0	0
15.08.2015 09:22:35.131000	0.00500011	0.00428376	0.00848839	711.096	-668.766	0.00506366	7	4	4	4	0.317326	333	0	0	0	0	0.311842	4.67623	127.869	-471.681	1	0	0	0	0	0	0	0
15.08.2015 09:22:35.231000	0.00500011	0.00428376	0.00848839	711.094	-668.766	0.00325521	7	4	4	4	0.321636	333	0	0	0	0	0.312905	4.50154	127.343	-470.334	1	0	0	0	0	0	0	0
15.08.2015 09:22:35.331000	0.00500011	0.00428376	0.00848839	711.094	-668.766	0.00289352	7	4	4	4	0.327051	333	0	0	0	0	0.314959	17.3684	116.645	-380.109	1	0	0	0	0	0	0	0
15.08.2015 09:22:35.431000	0.00500011	0.00428376	0.00848839	710.977	-668.766	0.00271267	7	4	4	4	0.330043	333	0.603866	0	0	11.3668	0.314735	107.219	91.3902	60.6055	1	0	0	0	0	0	0	0
15.08.2015 09:22:35.531000	0.00500011	0.00428376	0.00848839	705.313	-668.766	0.00253183	7	4	4	4	0.306092	333	3.30435	0	0	32.7529	0.314475	111.439	83.8145	105.77	1	0	0	0	0	0	0	0
15.08.2015 09:22:35.631000	0.00500011	0.00428376	0.00848839	691.48	-668.766	0.00325521	7	4	4	4	0.304372	333	6.79972	0	0	35.7404	0.312934	110.381	84.1613	100.391	1	0	0	0	0	0	0	0
15.08.2015 09:22:35.731000	0.00500011	0.00428376	0.00848839	675.906	-668.771	0.00289352	7	4	4	4	0.298911	333	10.3707	0	0	36.0587	0.312095	112.91	86.9079	99.5572	1	0	0	0	0	0	0	0
15.08.2015 09:22:35.831000	0.00500011	0.00428376	0.00848839	655.43	-668.773	0.00325521	7	4	4	4	0.323912	333	13.9511	0	0	35.638	0.311263	116.623	90.6883	99.3001	1	0	0	0	0	0	0	0
15.08.2015 09:22:35.931000	0.00500011	0.00428376	0.00848839	618.974	-668.773	0.00217014	7	4	4	4	0.309835	333	17.5196	0	0	35.6346	0.310764	118.911	93.2379	98.299	1	0	0	0	0	0	0	0
15.08.2015 09:22:36.031000	0.00500011	0.00428376	0.00848839	590.129	-668.773	0.00325521	7	4	4	4	0.309563	333	21.0289	0	0	35.2132	0.312182	119.663	94.0145	98.2043	1	0	0	0	0	0	0	0
15.08.2015 09:22:36.131000	0.00500011	0.00428376	0.00848839	556.518	-668.773	0.00325521	7	4	4	4	0.308787	333	24.5531	15	0	36.8084	0.314366	119.07	91.7784	104.495	1	0.65	0	0	0	0	0	0
15.08.2015 09:22:36.231000	0.00500011	0.00428376	0.00848839	510.676	-668.781	0.00325521	7	4	4	4	0.298662	333	29.1766	50	0	50.0754	0.31739	106.506	83.6037	87.687	1	1	0	0	0	0	0	0
15.08.2015 09:22:36.331000	0.00500011	0.00428376	0.00848839	462.953	-668.781	0.00289352	7	4	4	4	0.272608	333	32.2909	47.853	0	19.3511	0.318207	91.5862	69.6111	84.1385	1	1	0	0	0	0	0	0
15.08.2015 09:22:36.431000	0.00500011	0.00428376	0.00848839	424.754	-668.789	0.00271267	7	4	4	4	0.287338	333	33.5041	38.4382	0	10.8853	0.320233	64.9929	40.5308	93.5863	1	1	0	0	0	0	0	0
15.08.2015 09:22:36.531000	0.00500011	0.00428376	0.00848839	388.932	-668.813	0.00289352	7	4	4	4	55.5058	333	34.3363	21.0418	0	7.72628	0.913411	54.252	30.1062	92.443	1	1	1	0	0	0	0	0
15.08.2015 09:22:36.631000	0.00500011	0.00428376	0.00848839	342.078	-668.816	0.00217014	7	4	4	4	86.6575	333	34.6611	5.43912	0	4.73691	7.00159	50.5304	25.4716	95.8655	1	1	1	0	0	0	0	0
15.08.2015 09:22:36.731000	0.00500011	0.00428376	0.00848839	310.328	-668.81	0.00542535	7	4	4	4	87.1559	333	34.8178	5.23171	0	3.63845	10.4194	47.0617	23.4236	90.5054	1	1	1	0	0	0	0	0
15.08.2015 09:22:36.831000	0.00500011	0.00428376	0.00848839	280.738	-668.813	0.00596788	7	4	4	4	87.2139	333	34.972	5.23171	0	1.49832	11.411	47.044	21.6974	96.9545	1	1	1	0	0	0	0	0
15.08.2015 09:22:36.931000	0.00500011	0.00428376	0.00848839	252.979	-668.818	0.00325521	7	4	4	4	87.2741	333	35.1133	5.23171	0	1.48122	11.6858	45.9879	20.4678	97.7115	1	1	1	0	0	0	0	0
15.08.2015 09:22:37.031000	0.00500011	0.00428376	0.00848839	231.586	-668.82	0.00325521	7	4	4	4	87.1686	333	35.2506	5.23171	0	1.4716	11.7428	41.5057	19.5259	84.1565	1	1	1	0	0	0	0	0
15.08.2015 09:22:37.131000	0.00500011	0.00428376	0.00848839	215.039	-668.82	0.00470197	7	4	4	4	87.3378	333	35.3789	5.23171	0	1.40176	11.7656	43.997	18.8118	96.4292	1	1	1	0	0	0	0	0
15.08.2015 09:22:37.231000	0.00500011	0.00428376	0.00848839	196.5	-668.82	0.00488281	7	4	4	4	87.341	333	35.5117	5.23171	0	1.38943	11.7705	42.4738	18.2943	92.5785	1	1	1	0	0	0	0	0
15.08.2015 09:22:37.331000	0.00500011	0.00428376	0.00848839	177.818	-668.823	0.00506366	7	4	4	4	87.38	333	35.6316	5.23171	0	1.26552	11.7816	41.5499	17.9023	90.5418	1	1	1	0	0	0	0	0
15.08.2015 09:22:37.431000	0.00500011	0.00428376	0.00848839	156.148	-668.824	0.00379774	7	4	4	4	87.2961	333	35.756	5.23171	0	1.24365	11.7858	42.1713	17.6012	94.0739	1	1	1	0	0	0	0	0
15.08.2015 09:22:37.531000	0.00500011	0.00428376	0.00848839	142.164	-668.828	0.00253183	7	4	4	4	87.3115	333	35.8758	5.23171	0	1.23835	11.7792	41.9857	17.3948	94.1536	1	1	1	0	0	0	0	0
15.08.2015 09:22:37.631000	0.00500011	0.00428376	0.00848839	134.195	-668.836	0.00325521	7	4	4	4	87.2838	333	35.9987	5.23171	0	1.23734	11.7755	43.6345	17.2536	101.007	1	1	1	0	0	0	0	0
15.08.2015 09:22:37.731000	0.00500011	0.00428376	0.00848839	128.667	-668.836	0.00253183	7	4	4	4	87.2125	333	36.1161	5.23171	0	1.19816	11.7792	41.8364	17.143	94.5458	1	1	1	0	0	0	0	0
15.08.2015 09:22:37.831000	0.00500011	0.00428376	0.00848839	123.816	-668.836	0.00271267	7	4	4	4	87.403	333	36.236	5.23171	0	1.18439	11.7759	38.9264	17.2196	83.1111	1	1	1	0	0	0	0	0
15.08.2015 09:22:37.931000	0.00500011	0.00428376	0.00848839	123.219	-668.839	0.00217014	7	4	4	4	87.3947	333	36.3544	5.23171	0	1.17743	11.7851	40.5092	17.0596	89.7837	1	1	1	0	0	0	0	0
15.08.2015 09:22:38.031000	0.00500011	0.00428376	0.00848839	125.367	-668.84	0.000542535	7	4	4	4	87.3717	333	36.4703	5.23171	0	1.17317	11.787	39.4138	16.8934	86.2261	1	1	1	0	0	0	0	0
15.08.2015 09:22:38.131000	0.00500011	0.00428376	0.00848839	125.555	-668.844	0.00144676	7	4	4	4	87.1629	333	36.5926	5.23171	0	1.17898	11.7883	41.7452	16.8977	95.1361	1	1	1	0	0	0	0	0
15.08.2015 09:22:38.231000	0.00500011	0.00428376	0.00848839	125.648	-668.844	0	7	4	4	4	87.0822	333	36.708	5.23171	0	1.18434	11.7822	43.1463	16.8499	100.684	1	1	1	0	0	0	0	0
15.08.2015 09:22:38.331000	0.00500011	0.00428376	0.00848839	125.685	-668.844	0.00108507	7	4	4	4	86.933	333	36.8239	5.23171	0	1.18677	11.7807	43.0695	16.8269	100.478	1	1	1	0	0	0	0	0
15.08.2015 09:22:38.431000	0.00500011	0.00428376	0.00848839	125.688	-668.852	0.00217014	7	4	4	4	86.9954	333	36.9448	5.23171	0	1.18999	11.7779	41.2345	16.8198	93.4792	1	1	1	0	0	0	0	0
15.08.2015 09:22:38.531000	0.00500011	0.00428376	0.00848839	125.688	-668.852	0.00072338	7	4	4	4	87.0899	333	37.0607	5.23171	0	1.18812	11.7779	41.1531	16.843	93.0784	1	1	1	0	0	0	0	0
15.08.2015 09:22:38.631000	0.00500011	0.00428376	0.00848839	125.695	-668.859	0.00325521	7	4	4	4	87.1427	333	37.1766	5.23171	0	1.18434	11.781	41.6918	16.8453	95.1321	1	1	1	0	0	0	0	0
15.08.2015 09:22:38.731000	0.00500011	0.00428376	0.00848839	125.69	-668.859	0.00325521	7	4	4	4	87.1675	333	37.2975	5.23171	0	1.18014	11.7847	42.1512	16.849	96.8774	1	1	1	0	0	0	0	0
15.08.2015 09:22:38.831000	0.00500011	0.00428376	0.00848839	125.695	-668.859	0.00271267	7	4	4	4	87.09	333	37.4129	5.23171	0	1.16223	11.7947	42.1388	16.8629	96.7762	1	1	1	0	0	0	0	0
15.08.2015 09:22:38.931000	0.00500011	0.00428376	0.00848839	125.695	-668.859	0.00253183	7	4	4	4	87.0748	333	37.5307	5.23171	0	1.163	11.793	42.0209	16.856	96.3511	1	1	1	0	0	0	0	0
15.08.2015 09:22:39.031000	0.00500011	0.00428376	0.00848839	125.695	-668.863	0.00651042	7	4	4	4	87.1163	333	37.6511	5.23171	0	1.17324	11.7921	41.5273	16.8539	94.4694	1	1	1	0	0	0	0	0
15.08.2015 09:22:39.131000	0.00500011	0.00428376	0.00848839	125.695	-668.862	0.00578704	7	4	4	4	87.1393	333	37.7635	5.23171	0	1.17324	11.799	41.3902	16.8762	93.8592	1	1	1	0	0	0	0	0
15.08.2015 09:22:39.231000	0.00500011	0.00428376	0.00848839	125.695	-668.867	0.00542535	7	4	4	4	87.1319	333	37.8864	5.23171	0	1.19543	11.7987	42.7499	16.867	99.1006	1	1	1	0	0	0	0	0
15.08.2015 09:22:39.331000	0.00500011	0.00428376	0.00848839	125.695	-668.872	0.00687211	7	4	4	4	87.2362	333	38.0023	5.23171	0	1.19565	11.7971	42.0959	16.8733	96.5724	1	1	1	0	0	0	0	0
15.08.2015 09:22:39.431000	0.00500011	0.00428376	0.00848839	125.695	-668.875	0.00596788	7	4	4	4	87.2286	333	38.1187	5.23171	0	1.18086	11.7962	41.534	16.8831	94.3834	1	1	1	0	0	0	0	0
15.08.2015 09:22:39.531000	0.00500011	0.00428376	0.00848839	125.695	-668.875	0.00578704	7	4	4	4	87.0809	333	38.2406	5.23171	0	1.17885	11.7975	41.3387	16.8863	93.6236	1	1	1	0	0	0	0	0
15.08.2015 09:22:39.631000	0.00500011	0.00428376	0.00848839	125.695	-668.875	0.00705295	7	4	4	4	87.316	333	38.353	5.23171	0	1.16651	11.7986	42.4096	16.8795	97.7496	1	1	1	0	0	0	0	0
15.08.2015 09:22:39.731000	0.00500011	0.00428376	0.00848839	125.695	-668.875	0.00578704	7	4	4	4	87.3726	333	38.4699	5.23171	0	1.16218	11.7993	42.1649	16.8941	96.757	1	1	1	0	0	0	0	0
15.08.2015 09:22:39.831000	0.00500011	0.00428376	0.00848839	125.695	-668.875	0.00596788	7	4	4	4	87.48	333	38.5907	5.23171	0	1.16908	11.8045	41.8459	16.8965	95.5262	1	1	1	0	0	0	0	0
15.08.2015 09:22:39.931000	0.00500011	0.00428376	0.00848839	125.695	-668.875	0.00578704	7	4	4	4	87.3899	333	38.7081	5.23171	0	1.17332	11.8093	41.8842	16.9291	95.5479	1	1	1	0	0	0	0	0
15.08.2015 09:22:40.031000	0.00500011	0.00428376	0.00848839	125.695	-668.875	0.00379774	7	4	4	4	87.5756	333	38.833	5.23171	0	1.19237	11.808	42.0417	16.9572	96.0436	1	1	1	0	0	0	0	0
15.08.2015 09:22:40.131000	0.00500011	0.00428376	0.00848839	125.698	-668.875	0.00180845	7	4	4	4	87.5998	333	38.9509	5.23171	0	1.20734	11.8184	42.3593	16.976	97.1877	1	1	1	0	0	0	0	0
15.08.2015 09:22:40.231000	0.00500011	0.00428376	0.00848839	125.695	-668.875	0.000542535	7	4	4	4	87.6166	333	39.0737	5.23171	0	1.21349	11.8213	41.7162	16.9771	94.7213	1	1	1	0	0	0	0	0
15.08.2015 09:22:40.331000	0.00500011	0.00428376	0.00848839	125.698	-668.88	0.00072338	7	4	4	4	87.7326	333	39.1931	5.23171	0	1.21918	11.8244	42.0329	16.9763	95.9368	1	1	1	0	0	0	0	0
15.08.2015 09:22:40.431000	0.00500011	0.00428376	0.00848839	125.699	-668.883	0.000542535	7	4	4	4	87.7531	333	39.3115	5.23171	0	1.20886	11.8231	41.8793	16.9773	95.3448	1	1	1	0	0	0	0	0
15.08.2015 09:22:40.531000	0.00500011	0.00428376	0.00848839	125.701	-668.883	0.00180845	7	4	4	4	87.7847	333	39.4364	5.23171	0	1.19573	11.8267	41.8249	16.9708	95.1616	1	1	1	0	0	0	0	0
15.08.2015 09:22:40.631000	0.00500011	0.00428376	0.00848839	125.703	-668.883	0.00325521	7	4	4	4	125.695	333	39.5523	5.23171	0	1.19786	11.8224	42.3527	16.9757	97.1634	1	1	1	0	0	0	0	0
15.08.2015 09:22:40.731000	0.00500011	0.00428376	0.00848839	125.698	-668.883	0.00253183	7	4	4	4	157.666	333	39.6726	5.23171	0	1.20149	11.72	41.9209	16.9652	95.5502	1	1	1	0	0	0	0	0
15.08.2015 09:22:40.831000	0.00500011	0.00428376	0.00848839	125.703	-668.887	0.00379774	7	4	4	4	144.256	333	39.7905	5.23171	0	1.19689	11.606	41.8929	16.9678	95.4334	1	1	1	0	0	0	0	0
15.08.2015 09:22:40.931000	0.00500011	0.00428376	0.00848839	125.703	-668.885	9.13556	7	4	4	4	327.125	333	39.9069	5.23171	0	1.18444	11.5039	41.6827	16.955	94.6776	1	1	1	0	0	0	0	0
15.08.2015 09:22:41.031000	0.00500011	0.00428376	0.00848839	125.703	-668.891	17.149	7	4	4	4	359.177	333	40.0313	5.23171	0	1.18659	11.0936	41.9582	16.9575	95.7227	1	1	1	0	0	0	0	0
15.08.2015 09:22:41.131000	0.00500011	0.00428376	0.00848839	125.703	-668.891	24.0184	7	4	4	4	171.578	333	40.1472	5.23171	0	1.19578	10.915	42.1443	16.9669	96.3992	1	1	1	0	0	0	0	0
15.08.2015 09:22:41.231000	0.00500011	0.00428376	0.00848839	125.703	-668.891	27.4973	7	4	4	4	506.516	333	40.269	5.23171	0	1.19519	11.062	42.1893	16.9599	96.5984	1	1	1	0	0	0	0	0
15.08.2015 09:22:41.331000	0.00500011	0.00428376	0.00848839	125.703	-668.891	28.5297	7	4	4	4	321.72	333	40.3899	5.23171	0	1.18993	10.7865	41.876	16.9922	95.2749	1	1	1	0	0	0	0	0
15.08.2015 09:22:41.431000	0.00500011	0.00428376	0.00848839	125.703	-668.891	28.8205	7	4	4	4	233.301	333	40.5103	5.23171	0	1.19167	11.0161	42.0991	16.9782	96.1828	1	1	1	0	0	0	0	0
15.08.2015 09:22:41.531000	0.00500011	0.00428376	0.00848839	125.703	-668.891	29.0054	7	4	4	4	374.529	333	40.6327	5.23171	0	1.21893	10.9802	41.6344	16.9704	94.4334	1	1	1	0	0	0	0	0
15.08.2015 09:22:41.631000	0.00500011	0.00428376	0.00848839	125.703	-668.891	29.056	7	4	4	4	309.299	333	40.7476	5.23171	0	1.21893	10.8127	41.8231	16.9794	95.1216	1	1	1	0	0	0	0	0
15.08.2015 09:22:41.731000	0.00500011	0.00428376	0.00848839	125.706	-668.891	29.0611	7	4	4	4	409.492	333	40.8734	5.23171	0	1.20192	10.7887	42.2488	16.9755	96.7664	1	1	1	0	0	0	0	0
15.08.2015 09:22:41.831000	0.00500011	0.00428376	0.00848839	125.703	-668.891	29.0658	7	4	4	4	344.296	333	40.9908	5.23171	0	1.20174	10.7614	42.2346	16.9856	96.6736	1	1	1	0	0	0	0	0
15.08.2015 09:22:41.931000	0.00500011	0.00428376	0.00848839	125.706	-668.891	29.0759	7	4	4	4	420.887	333	41.1127	5.23171	0	1.20705	10.7744	42.1964	16.9984	96.4782	1	1	1	0	0	0	0	0
15.08.2015 09:22:42.031000	0.00500011	0.00428376	0.00848839	125.707	-668.891	29.0869	7	4	4	4	468.329	333	41.2345	5.23171	0	1.20744	10.7424	41.9953	16.9942	95.7241	1	1	1	0	0	0	0	0
15.08.2015 09:22:42.131000	0.00500011	0.00428376	0.00848839	125.708	-668.891	29.1019	7	4	4	4	467.868	333	41.3499	5.23171	0	1.19287	10.7185	41.8362	16.9972	95.1036	1	1	1	0	0	0	0	0
15.08.2015 09:22:42.231000	0.00500011	0.00428376	0.00848839	125.711	-668.891	29.1623	7	4	4	4	580.15	333	41.4733	5.23171	0	1.1901	10.7037	41.9782	17.0019	95.6292	1	1	1	0	0	0	0	0
15.08.2015 09:22:42.331000	0.00500011	0.00428376	0.00848839	125.711	-668.891	29.1956	7	4	4	4	552.348	333	41.5887	5.23171	0	1.18993	10.6867	42.2605	17.0083	96.6855	1	1	1	0	0	0	0	0
15.08.2015 09:22:42.431000	0.00500011	0.00428376	0.00848839	125.711	-668.891	29.2057	7	4	4	4	603.737	333	41.7091	5.23171	0	1.18987	10.6541	42.0596	17.0224	95.8627	1	1	1	0	0	0	0	0
15.08.2015 09:22:42.531000	0.00500011	0.00428376	0.00848839	125.711	-668.891	29.2115	7	4	4	4	686.413	333	41.8309	5.23171	0	1.20199	10.6449	42.2003	17.0363	96.3481	1	1	1	0	0	0	0	0
15.08.2015 09:22:42.631000	0.00500011	0.00428376	0.00848839	125.715	-668.891	29.1981	7	4	4	4	685.176	333	41.9483	5.23171	0	1.20744	10.605	41.7753	17.0417	94.7003	1	1	1	0	0	0	0	0
15.08.2015 09:22:42.731000	0.00500011	0.00428376	0.00848839	125.719	-668.891	29.1641	7	4	4	4	829.013	333	42.0732	5.23171	0	1.20735	10.5873	41.8711	17.0326	95.1018	1	1	1	0	0	0	0	0
15.08.2015 09:22:42.831000	0.00500011	0.00428376	0.00848839	125.719	-668.891	29.1444	7	4	4	4	562.769	333	42.1901	3.89776	0	1.2073	10.5785	41.8676	17.187	94.4972	1	1	1	0.39	0	0	0	0
15.08.2015 09:22:42.931000	0.00500011	0.00428376	0.00848839	125.719	-668.891	29.1392	7	4	4	4	362.243	333	42.2493	1.90633	0.0950005	1.2073	9.92101	42.5496	17.2402	96.9045	1	1	1	1	0	0	0	0
15.08.2015 09:22:43.031000	0.00500011	0.00428376	0.00848839	125.719	-668.895	29.1314	7	4	4	4	399.161	333	42.2945	1.76612	-0.0452072	1.07713	8.84476	43.0498	17.5228	97.7381	1	1	1	1	0	0	0	0
15.08.2015 09:22:43.131000	0.00500011	0.00428376	0.00848839	125.719	-668.893	29.1272	7	4	4	4	351.67	333	42.3408	1.66928	-0.142046	0.742407	8.51085	42.9103	17.7618	96.2885	1	1	1	1	0	0	0	0
15.08.2015 09:22:43.231000	0.00500011	0.00428376	0.00848839	125.723	-668.891	29.126	7	4	4	4	455.914	333	42.3826	1.41035	-0.400976	0.742407	8.42166	42.8419	17.9641	95.2525	1	1	1	1	0	0	0	0
15.08.2015 09:22:43.331000	0.00500011	0.00428376	0.00848839	125.727	-668.898	29.1258	7	4	4	4	317.324	333	42.4298	1.32463	-0.4867	0.742407	8.36603	43.4554	18.138	96.9351	1	1	1	1	0	0	0	0
15.08.2015 09:22:43.431000	0.00500011	0.00428376	0.00848839	125.734	-668.898	29.1368	7	4	4	4	349.829	333	42.4661	1.2977	-0.513627	0.742407	8.41269	43.4062	18.2941	96.149	1	1	1	1	0	0	0	0
15.08.2015 09:22:43.531000	0.00500011	0.00428376	0.00848839	125.732	-668.898	29.158	7	4	4	4	328.238	333	42.5015	1.25994	-0.551392	0.742407	8.41826	43.4286	18.4339	95.7	1	1	1	1	0	0	0	0
15.08.2015 09:22:43.631000	0.00500011	0.00428376	0.00848839	125.734	-668.898	29.1797	7	4	4	4	324.412	333	42.5403	1.28855	-0.522778	0.669365	8.4294	43.8885	18.5609	96.9741	1	1	1	1	0	0	0	0
15.08.2015 09:22:43.731000	0.00500011	0.00428376	0.00848839	125.734	-668.896	29.197	7	4	4	4	384.915	333	42.5791	1.20196	-0.609376	0.410395	8.44242	43.9444	18.6768	96.7447	1	1	1	1	0	0	0	0
15.08.2015 09:22:43.831000	0.00500011	0.00428376	0.00848839	125.734	-668.898	29.2057	7	4	4	4	325.86	333	42.6278	1.16926	-0.642067	0.410395	8.42057	43.797	18.773	95.812	1	1	1	1	0	0	0	0
15.08.2015 09:22:43.931000	0.00500011	0.00428376	0.00848839	125.734	-668.898	29.2061	7	4	4	4	378.433	333	42.6596	1.11133	-0.700005	0.410395	8.42231	44.1196	18.8652	96.6939	1	1	1	1	0	0	0	0
15.08.2015 09:22:44.031000	0.00500011	0.00428376	0.00848839	125.734	-668.898	29.2057	7	4	4	4	335.011	333	42.6895	1.04572	-0.765615	0.410395	8.42028	44.27	18.9552	96.9253	1	1	1	1	0	0	0	0
15.08.2015 09:22:44.131000	0.00500011	0.00428376	0.00848839	125.74	-668.898	29.2115	7	4	4	4	291.861	333	42.7283	1.08301	-0.728324	0.410395	8.43453	44.1189	19.0424	96.0129	1	1	1	1	0	0	0	0
15.08.2015 09:22:44.231000	0.00500011	0.00428376	0.00848839	125.742	-668.898	29.2122	7	4	4	4	416.027	333	42.7701	1.05252	-0.758815	0.410395	8.44915	44.2745	19.1106	96.3474	1	1	1	1	0	0	0	0
15.08.2015 09:22:44.331000	0.00500011	0.00428376	0.00848839	125.745	-668.898	29.2104	7	4	4	4	304.931	333	42.8009	0.901993	-0.909338	0.390849	8.42448	44.5071	19.1903	96.933	1	1	1	1	0	0	0	0
15.08.2015 09:22:44.431000	0.00500011	0.00428376	0.00848839	125.746	-668.898	29.209	7	4	4	4	356.851	333	42.8283	0.908714	-0.902617	0.367905	8.44112	44.4351	19.2568	96.403	1	1	1	1	0	0	0	0
15.08.2015 09:22:44.531000	0.00500011	0.00428376	0.00848839	125.75	-668.898	29.2072	7	4	4	4	337.227	333	42.8775	0.87598	-0.93535	0.367905	8.43714	44.4849	19.3102	96.389	1	1	1	1	0	0	0	0
15.08.2015 09:22:44.631000	0.00500011	0.00428376	0.00848839	125.75	-668.898	29.2057	7	4	4	4	310.182	333	42.9014	0.837608	-0.973722	0.367905	8.43743	44.6839	19.3658	96.9377	1	1	1	1	0	0	0	0
15.08.2015 09:22:44.731000	0.00500011	0.00428376	0.00848839	125.75	-668.898	29.2057	7	4	4	4	336.296	333	42.9272	0.822544	-0.988787	0.367905	8.4422	44.5536	19.4205	96.2298	1	1	1	1	0	0	0	0
15.08.2015 09:22:44.831000	0.00500011	0.00428376	0.00848839	125.75	-668.898	29.216	7	4	4	4	325.658	333	42.972	0.82806	-0.98327	0.367905	8.43157	44.6803	19.4692	96.5283	1	1	1	1	0	0	0	0
15.08.2015 09:22:44.931000	0.00500011	0.00428376	0.00848839	125.75	-668.898	29.226	7	4	4	4	318.441	333	42.9974	0.847157	-0.964174	0.367905	8.42839	44.7983	19.5155	96.8028	1	1	1	1	0	0	0	0
15.08.2015 09:22:45.031000	0.00500011	0.00428376	0.00848839	125.754	-668.898	29.2301	7	4	4	4	331.003	333	43.0267	0.864952	-0.946378	0.367905	8.4218	44.703	19.5604	96.2658	1	1	1	1	0	0	0	0
15.08.2015 09:22:45.131000	0.00500011	0.00428376	0.00848839	125.753	-668.898	29.2372	7	4	4	4	276.132	333	43.0745	0.897495	-0.913836	0.333078	8.44155	44.813	19.5953	96.5533	1	1	1	1	0	0	0	0
15.08.2015 09:22:45.231000	0.00500011	0.00428376	0.00848839	125.758	-668.898	29.2388	7	4	4	4	387.861	333	43.0989	0.943787	-0.867544	0.331627	8.45349	44.9178	19.6365	96.797	1	1	1	1	0	0	0	0
15.08.2015 09:22:45.331000	0.00500011	0.00428376	0.00848839	125.758	-668.898	29.2376	7	4	4	4	357.225	333	43.1282	0.932589	-0.878742	0.331627	8.41168	44.7866	19.6802	96.1277	1	1	1	1	0	0	0	0
15.08.2015 09:22:45.431000	0.00500011	0.00428376	0.00848839	125.758	-668.898	29.2372	7	4	4	4	285.137	333	43.176	0.915615	-0.895716	0.331627	8.41927	44.9458	19.7191	96.5881	1	1	1	1	0	0	0	0
15.08.2015 09:22:45.531000	0.00500011	0.00428376	0.00848839	125.758	-668.898	29.2314	7	4	4	4	313.293	333	43.2108	0.933508	-0.877822	0.331627	8.45016	44.9372	19.744	96.4598	1	1	1	1	0	0	0	0
15.08.2015 09:22:45.631000	0.00500011	0.00428376	0.00848839	125.762	-668.898	29.228	7	4	4	4	325.283	333	43.2426	0.976129	-0.835202	0.331627	8.45117	44.855	19.7765	96.0207	1	1	1	1	0	0	0	0
15.08.2015 09:22:45.731000	0.00500011	0.00428376	0.00848839	125.758	-668.898	29.2224	7	4	4	4	305.809	333	43.2754	1.01211	-0.799222	0.331627	8.44828	45.0285	19.7966	96.6079	1	1	1	1	0	0	0	0
15.08.2015 09:22:45.831000	0.00500011	0.00428376	0.00848839	125.766	-668.898	29.2188	7	4	4	4	303.107	333	43.3237	1.06169	-0.749638	0.355094	8.44459	45.0417	19.8084	96.6133	1	1	1	1	0	0	0	0
15.08.2015 09:22:45.931000	0.00500011	0.00428376	0.00848839	125.763	-668.898	29.2144	7	4	4	4	253.765	333	43.358	1.14251	-0.668826	0.35582	8.46	44.9005	19.8331	95.9781	1	1	1	1	0	0	0	0
15.08.2015 09:22:46.031000	0.00500011	0.00428376	0.00848839	125.766	-668.898	29.2112	7	4	4	4	375.078	333	43.3988	1.24176	-0.569572	0.35582	8.4775	44.9757	19.8435	96.2263	1	1	1	1	0	0	0	0
15.08.2015 09:22:46.131000	0.00500011	0.00428376	0.00848839	125.766	-668.898	29.2086	7	4	4	4	346.317	333	43.4416	1.27205	-0.539284	0.35582	8.42802	45.1704	19.865	96.8893	1	1	1	1	0	0	0	0
15.08.2015 09:22:46.231000	0.00500011	0.00428376	0.00848839	125.766	-668.898	29.2074	7	4	4	4	284.015	333	43.4819	1.29452	-0.516815	0.35582	8.4592	45.1219	19.8785	96.6519	1	1	1	1	0	0	0	0
15.08.2015 09:22:46.331000	0.00500011	0.00428376	0.00848839	125.766	-668.898	29.2068	7	4	4	4	394.009	333	43.5241	1.32654	-0.484793	0.35582	8.47808	44.9089	19.8791	95.8342	1	1	1	1	0	0	0	0
15.08.2015 09:22:46.431000	0.00500011	0.00428376	0.00848839	125.766	-668.898	29.2041	7	4	4	4	362.45	333	43.5739	1.30242	-0.508911	0.416608	8.46492	44.8916	19.8879	95.7344	1	1	1	1	0	0	0	0
15.08.2015 09:22:46.531000	0.00500011	0.00428376	0.00848839	125.766	-668.898	29.2021	7	4	4	4	413.128	333	43.6172	1.25443	-0.556904	0.416608	8.46557	45.1193	19.8862	96.6124	1	1	1	1	0	0	0	0
15.08.2015 09:22:46.631000	0.00500011	0.00428376	0.00848839	125.766	-668.898	29.197	7	4	4	4	286.211	333	43.6589	1.16282	-0.64851	0.416608	8.41775	45.1542	19.9085	96.6608	1	1	1	1	0	0	0	0
15.08.2015 09:22:46.731000	0.00500011	0.00428376	0.00848839	125.766	-668.898	29.1862	7	4	4	4	403.917	333	43.6938	1.11693	-0.694404	0.416608	8.46354	44.9504	19.9056	95.8914	1	1	1	1	0	0	0	0
15.08.2015 09:22:46.831000	0.00500011	0.00428376	0.00848839	125.766	-668.898	29.1791	7	4	4	4	291.906	333	43.7296	1.05552	-0.75581	0.416608	8.44032	44.9328	19.9344	95.7138	1	1	1	1	0	0	0	0
15.08.2015 09:22:46.931000	0.00500011	0.00428376	0.00848839	125.766	-668.898	29.1793	7	4	4	4	247.003	333	43.7729	1.04953	-0.761796	0.416608	8.47967	45.1284	19.9379	96.4364	1	1	1	1	0	0	0	0
15.08.2015 09:22:47.031000	0.00500011	0.00428376	0.00848839	125.77	-668.898	29.1775	7	4	4	4	323.627	333	43.8156	1.11306	-0.698268	0.406658	8.50731	45.1589	19.9373	96.5378	1	1	1	1	0	0	0	0
15.08.2015 09:22:47.131000	0.00500011	0.00428376	0.00848839	125.768	-668.898	29.1782	7	4	4	4	369.377	333	43.8534	1.16935	-0.641985	0.405038	8.4932	45.0525	19.9434	96.1102	1	1	1	1	0	0	0	0
15.08.2015 09:22:47.231000	0.00500011	0.00428376	0.00848839	125.773	-668.898	29.1797	7	4	4	4	275.315	333	43.8912	1.18073	-0.630597	0.405038	8.47215	44.9881	19.9622	95.8232	1	1	1	1	0	0	0	0
15.08.2015 09:22:47.331000	0.00500011	0.00428376	0.00848839	125.771	-668.898	29.1779	7	4	4	4	389.855	333	43.9295	1.20067	-0.610658	0.405038	8.48462	45.2247	19.9564	96.7105	1	1	1	1	0	0	0	0
15.08.2015 09:22:47.431000	0.00500011	0.00428376	0.00848839	125.773	-668.898	29.1797	7	4	4	4	348.106	333	43.9718	1.17931	-0.632024	0.405038	8.45226	45.0777	19.9655	96.1768	1	1	1	1	0	0	0	0
15.08.2015 09:22:47.531000	0.00500011	0.00428376	0.00848839	125.773	-668.898	29.184	7	4	4	4	315.079	333	44.0186	1.15851	-0.652817	0.405038	8.45047	44.9654	19.9684	95.7517	1	1	1	1	0	0	0	0
15.08.2015 09:22:47.631000	0.00500011	0.00428376	0.00848839	125.773	-668.898	29.1862	7	4	4	4	302.633	333	44.0589	1.15961	-0.651722	0.406068	8.46496	45.1594	19.966	96.4605	1	1	1	1	0	0	0	0
15.08.2015 09:22:47.731000	0.00500011	0.00428376	0.00848839	125.773	-668.898	29.1851	7	4	4	4	347.899	333	44.0977	1.18157	-0.629758	0.406411	8.47606	45.2029	19.9654	96.6292	1	1	1	1	0	0	0	0
15.08.2015 09:22:47.831000	0.00500011	0.00428376	0.00848839	125.773	-668.898	29.1873	7	4	4	4	316.257	333	44.137	1.19844	-0.612889	0.406411	8.4822	45.1108	19.9808	96.2174	1	1	1	1	0	0	0	0
15.08.2015 09:22:47.931000	0.00500011	0.00428376	0.00848839	125.773	-668.898	29.1876	7	4	4	4	320.655	333	44.1797	1.21813	-0.593197	0.406411	8.46499	45.0249	19.9824	95.883	1	1	1	1	0	0	0	0
15.08.2015 09:22:48.031000	0.00500011	0.00428376	0.00848839	125.777	-668.898	29.1862	7	4	4	4	305.471	333	44.2205	1.2402	-0.571132	0.406411	8.46269	45.0263	19.9878	95.8676	1	1	1	1	0	0	0	0
15.08.2015 09:22:48.131000	0.00500011	0.00428376	0.00848839	125.773	-668.898	29.1804	7	4	4	4	298.967	333	44.2703	1.29418	-0.517154	0.406411	8.48412	45.2317	19.9802	96.6827	1	1	1	1	0	0	0	0
15.08.2015 09:22:48.231000	0.00500011	0.00428376	0.00848839	125.773	-668.898	29.1764	7	4	4	4	317.05	333	44.3101	1.35711	-0.454224	0.41567	8.48985	45.2206	19.97	96.6795	1	1	1	1	0	0	0	0
15.08.2015 09:22:48.331000	0.00500011	0.00428376	0.00848839	125.776	-668.898	29.1761	7	4	4	4	394.851	333	44.3533	1.40761	-0.40372	0.417985	8.47942	45.0721	19.9691	96.1144	1	1	1	1	0	0	0	0
15.08.2015 09:22:48.431000	0.00500011	0.00428376	0.00848839	125.773	-668.898	29.1743	7	4	4	4	327.508	333	44.3996	1.40447	-0.40686	0.417985	8.45488	44.9573	19.9744	95.6547	1	1	1	1	0	0	0	0
15.08.2015 09:22:48.531000	0.00500011	0.00428376	0.00848839	125.779	-668.898	29.1775	7	4	4	4	287.19	333	44.4444	1.3924	-0.418931	0.417985	8.43853	45.0899	19.9684	96.1849	1	1	1	1	0	0	0	0
15.08.2015 09:22:48.631000	0.00500011	0.00428376	0.00848839	125.781	-668.898	29.1732	7	4	4	4	304.335	333	44.4867	1.42944	-0.381887	0.417985	8.46563	45.2148	19.9634	96.6825	1	1	1	1	0	0	0	0
15.08.2015 09:22:48.731000	0.00500011	0.00428376	0.00848839	125.781	-668.898	29.1706	7	4	4	4	346.929	333	44.5314	1.47224	-0.339094	0.425523	8.47107	45.1255	19.9542	96.3759	1	1	1	1	0	0	0	0
15.08.2015 09:22:48.831000	0.00500011	0.00428376	0.00848839	125.781	-668.898	29.1721	7	4	4	4	301.23	333	44.5787	1.49987	-0.311462	0.448136	8.46557	44.9428	19.9426	95.7208	1	1	1	1	0	0	0	0
15.08.2015 09:22:48.931000	0.00500011	0.00428376	0.00848839	125.784	-668.898	29.1663	7	4	4	4	356.051	333	44.6249	1.53823	-0.273103	0.448136	8.46385	44.9794	19.9359	95.8865	1	1	1	1	0	0	0	0
15.08.2015 09:22:49.031000	0.00500011	0.00428376	0.00848839	125.781	-668.898	29.1574	7	4	4	4	302.776	333	44.6712	1.55832	-0.253014	0.448136	8.43003	45.156	19.9266	96.5984	1	1	1	1	0	0	0	0
15.08.2015 09:22:49.131000	0.00500011	0.00428376	0.00848839	125.786	-668.898	29.133	7	4	4	4	337.063	333	44.7189	1.59407	-0.217257	0.448136	8.4513	45.125	19.9129	96.532	1	1	1	1	0	0	0	0
15.08.2015 09:22:49.231000	0.00500011	0.00428376	0.00848839	125.785	-668.898	29.1211	7	4	4	4	315.845	333	44.7702	1.615	-0.196331	0.449644	8.47719	44.885	19.9086	95.6297	1	1	1	1	0	0	0	0
15.08.2015 09:22:49.331000	0.00500011	0.00428376	0.00848839	125.789	-668.898	29.1164	7	4	4	4	328.889	333	44.8199	1.63635	-0.174977	0.478304	8.47	44.8709	19.8907	95.6444	1	1	1	1	0	0	0	0
15.08.2015 09:22:49.431000	0.00500011	0.00428376	0.00848839	125.789	-668.898	29.1151	7	4	4	4	331.216	333	44.8692	1.64442	-0.166909	0.478304	8.46471	45.0525	19.8761	96.3955	1	1	1	1	0	0	0	0
15.08.2015 09:22:49.531000	0.00500011	0.00428376	0.00848839	125.789	-668.898	29.1247	7	4	4	4	322.126	333	44.9189	1.68188	-0.129448	0.478304	8.48571	45.1132	19.8696	96.6526	1	1	1	1	0	0	0	0
15.08.2015 09:22:49.631000	0.00500011	0.00428376	0.00848839	125.789	-668.898	29.1341	7	4	4	4	391.591	333	44.9721	1.70716	-0.104168	0.478304	8.45811	44.9458	19.863	96.037	1	1	1	1	0	0	0	0
15.08.2015 09:22:49.731000	0.00500011	0.00428376	0.00848839	125.789	-668.898	29.141	7	4	4	4	290.822	333	45.0234	1.67594	-0.135394	0.482257	8.45089	44.8313	19.8589	95.6143	1	1	1	1	0	0	0	0
15.08.2015 09:22:49.831000	0.00500011	0.00428376	0.00848839	125.789	-668.898	29.1477	7	4	4	4	347.48	333	45.0716	1.67842	-0.132911	0.506543	8.45451	44.9471	19.848	96.0994	1	1	1	1	0	0	0	0
15.08.2015 09:22:49.931000	0.00500011	0.00428376	0.00848839	125.789	-668.898	29.1518	7	4	4	4	396.891	333	45.1219	1.64794	-0.163391	0.506543	8.42468	45.073	19.8375	96.622	1	1	1	1	0	0	0	0
15.08.2015 09:22:50.031000	0.00500011	0.00428376	0.00848839	125.789	-668.898	29.1569	7	4	4	4	282.734	333	45.1731	1.59096	-0.220375	0.506543	8.42985	44.9055	19.832	96.0017	1	1	1	1	0	0	0	0
15.08.2015 09:22:50.131000	0.00500011	0.00428376	0.00848839	125.789	-668.898	29.1598	7	4	4	4	305.298	333	45.2228	1.59562	-0.215713	0.506543	8.46225	44.8192	19.829	95.6825	1	1	1	1	0	0	0	0
15.08.2015 09:22:50.231000	0.00500011	0.00428376	0.00848839	125.789	-668.898	29.1607	7	4	4	4	335.098	333	45.2711	1.6237	-0.187626	0.505211	8.47507	44.9619	19.824	96.2478	1	1	1	1	0	0	0	0
15.08.2015 09:22:50.331000	0.00500011	0.00428376	0.00848839	125.789	-668.898	29.167	7	4	4	4	343.245	333	45.3203	1.65051	-0.160819	0.495447	8.493	45.0553	19.821	96.6171	1	1	1	1	0	0	0	0
15.08.2015 09:22:50.431000	0.00500011	0.00428376	0.00848839	125.797	-668.898	29.1721	7	4	4	4	342.734	333	45.3716	1.65404	-0.157287	0.495447	8.4522	44.8574	19.8258	95.8412	1	1	1	1	0	0	0	0
15.08.2015 09:22:50.531000	0.00500011	0.00428376	0.00848839	125.792	-668.898	29.1775	7	4	4	4	295.741	333	45.4213	1.6574	-0.153927	0.495447	8.44606	44.8561	19.8319	95.8127	1	1	1	1	0	0	0	0
15.08.2015 09:22:50.631000	0.00500011	0.00428376	0.00848839	125.797	-668.895	29.1813	7	4	4	4	298.234	333	45.4715	1.68823	-0.123099	0.495447	8.46955	44.9676	19.8327	96.2364	1	1	1	1	0	0	0	0
15.08.2015 09:22:50.731000	0.00500011	0.00428376	0.00848839	125.794	-668.898	29.184	7	4	4	4	318.128	333	45.5228	1.74493	-0.0663986	0.49689	8.48137	45.0142	19.8214	96.4581	1	1	1	1	0	0	0	0
15.08.2015 09:22:50.831000	0.00500011	0.00428376	0.00848839	125.801	-668.898	29.184	7	4	4	4	357.742	333	45.5775	1.78892	-0.0224151	0.503467	8.46205	44.77	19.8069	95.5787	1	1	1	1	0	0	0	0
15.08.2015 09:22:50.931000	0.00500011	0.00428376	0.00848839	125.797	-668.898	29.184	7	4	4	4	362.117	333	45.6312	1.80098	-0.0103467	0.503467	8.4304	44.8904	19.7876	96.1137	1	1	1	1	0	0	0	0
15.08.2015 09:22:51.031000	0.00500011	0.00428376	0.00848839	125.797	-668.898	29.1824	7	4	4	4	346.595	333	45.6824	1.78759	-0.0237413	0.503467	8.43732	44.956	19.7913	96.3506	1	1	1	1	0	0	0	0
15.08.2015 09:22:51.131000	0.00500011	0.00428376	0.00848839	125.797	-668.896	29.1761	7	4	4	4	360.716	333	45.7357	1.75437	-0.0569648	0.503467	8.44646	44.9334	19.7834	96.2941	1	1	1	1	0	0	0	0
15.08.2015 09:22:51.231000	0.00500011	0.00428376	0.00848839	125.797	-668.898	29.1688	7	4	4	4	277.068	333	45.7874	1.72262	-0.0887125	0.517455	8.45464	44.8097	19.7804	95.8321	1	1	1	1	0	0	0	0
15.08.2015 09:22:51.331000	0.00500011	0.00428376	0.00848839	125.799	-668.898	29.1678	7	4	4	4	295.669	333	45.8376	1.75186	-0.0594757	0.531442	8.47371	44.8988	19.7797	96.1758	1	1	1	1	0	0	0	0
15.08.2015 09:22:51.431000	0.00500011	0.00428376	0.00848839	125.801	-668.898	29.1688	7	4	4	4	351.254	333	45.8884	1.79526	-0.0160674	0.531442	8.47407	44.9576	19.7748	96.42	1	1	1	1	0	0	0	0
15.08.2015 09:22:51.531000	0.00500011	0.00428376	0.00848839	125.805	-668.898	29.1699	7	4	4	4	306.326	333	45.9401	1.82228	0.0109458	0.531442	8.43645	44.8435	19.7749	95.9828	1	1	1	1	0	0	0	0
15.08.2015 09:22:51.631000	0.00500011	0.00428376	0.00848839	125.805	-668.898	29.1726	7	4	4	4	305.721	333	45.9948	1.85833	0.0470016	0.531442	8.43251	44.7777	19.7664	95.7634	1	1	1	1	0	0	0	0
15.08.2015 09:22:51.731000	0.00500011	0.00428376	0.00848839	125.805	-668.898	29.1699	7	4	4	4	313.732	333	46.0485	1.90309	0.091763	0.525576	8.44155	44.8978	19.7623	96.2389	1	1	1	1	0	0	0	0
15.08.2015 09:22:51.831000	0.00500011	0.00428376	0.00848839	125.805	-668.898	29.1385	7	4	4	4	337.338	333	46.1013	1.94433	0.132997	0.523621	8.43919	44.9032	19.743	96.3331	1	1	1	1	0	0	0	0
15.08.2015 09:22:51.931000	0.00500011	0.00428376	0.00848839	125.805	-668.898	29.128	7	4	4	4	294.47	333	46.154	1.97917	0.167843	0.523621	8.44013	44.674	19.7402	95.4668	1	1	1	1	0	0	0	0
15.08.2015 09:22:52.031000	0.00500011	0.00428376	0.00848839	125.805	-668.898	29.1265	7	4	4	4	363.185	333	46.2172	2.02644	0.215105	0.523621	8.45152	44.8512	19.7184	96.2284	1	1	1	1	0	0	0	0
15.08.2015 09:22:52.131000	0.00500011	0.00428376	0.00848839	125.805	-668.898	29.124	7	4	4	4	337.4	333	46.2719	2.05231	0.240977	0.53031	8.42718	44.8941	19.7115	96.4193	1	1	1	1	0	0	0	0
15.08.2015 09:22:52.231000	0.00500011	0.00428376	0.00848839	125.805	-668.898	29.1455	7	4	4	4	331.677	333	46.3286	2.04801	0.236676	0.55149	8.41922	44.7187	19.7101	95.7528	1	1	1	1	0	0	0	0
15.08.2015 09:22:52.331000	0.00500011	0.00428376	0.00848839	125.805	-668.898	29.1659	7	4	4	4	304.197	333	46.3858	2.04886	0.237528	0.55149	8.40864	44.7485	19.7029	95.8947	1	1	1	1	0	0	0	0
15.08.2015 09:22:52.431000	0.00500011	0.00428376	0.00848839	125.805	-668.898	29.1791	7	4	4	4	343.918	333	46.4435	2.06929	0.257958	0.55149	8.41951	44.8461	19.6889	96.3219	1	1	1	1	0	0	0	0
15.08.2015 09:22:52.531000	0.00500011	0.00428376	0.00848839	125.805	-668.898	29.1873	7	4	4	4	341.765	333	46.4997	2.08127	0.269944	0.55149	8.41735	44.7522	19.6832	95.9842	1	1	1	1	0	0	0	0
15.08.2015 09:22:52.631000	0.00500011	0.00428376	0.00848839	125.805	-668.898	29.1943	7	4	4	4	290.095	333	46.5629	2.08778	0.276453	0.579906	8.41069	44.7243	19.6742	95.912	1	1	1	1	0	0	0	0
15.08.2015 09:22:52.731000	0.00500011	0.00428376	0.00848839	125.805	-668.898	29.201	7	4	4	4	324.446	333	46.6226	2.12586	0.31453	0.58109	8.41958	44.7981	19.6629	96.2375	1	1	1	1	0	0	0	0
15.08.2015 09:22:52.831000	0.00500011	0.00428376	0.00848839	125.809	-668.898	29.203	7	4	4	4	299.845	333	46.6798	2.1738	0.362467	0.58109	8.42688	44.7763	19.6589	96.1698	1	1	1	1	0	0	0	0
15.08.2015 09:22:52.931000	0.00500011	0.00428376	0.00848839	125.81	-668.898	29.205	7	4	4	4	317.515	333	46.7385	2.23342	0.422088	0.58109	8.44825	44.5645	19.6499	95.3929	1	1	1	1	0	0	0	0
15.08.2015 09:22:53.031000	0.00500011	0.00428376	0.00848839	125.813	-668.898	29.2084	7	4	4	4	386.942	333	46.8006	2.27892	0.467585	0.597221	8.43051	44.8342	19.6305	96.5	1	1	1	1	0	0	0	0
15.08.2015 09:22:53.131000	0.00500011	0.00428376	0.00848839	125.813	-668.898	29.2119	7	4	4	4	319.152	333	46.8683	2.27267	0.461341	0.600762	8.40496	44.7699	19.6214	96.2882	1	1	1	1	0	0	0	0
15.08.2015 09:22:53.231000	0.00500011	0.00428376	0.00848839	125.813	-668.898	29.2106	7	4	4	4	309.668	333	46.9275	2.26996	0.458632	0.600762	8.41226	44.4634	19.6034	95.184	1	1	1	1	0	0	0	0
15.08.2015 09:22:53.331000	0.00500011	0.00428376	0.00848839	125.813	-668.898	29.2036	7	4	4	4	313.177	333	46.9877	2.28965	0.478321	0.600762	8.41806	44.7863	19.5966	96.4462	1	1	1	1	0	0	0	0
15.08.2015 09:22:53.431000	0.00500011	0.00428376	0.00848839	125.813	-668.898	29.2046	7	4	4	4	326.469	333	47.0508	2.32771	0.516376	0.621029	8.42885	44.6112	19.5815	95.8337	1	1	1	1	0	0	0	0
15.08.2015 09:22:53.531000	0.00500011	0.00428376	0.00848839	125.813	-668.898	29.2061	7	4	4	4	296.809	333	47.1195	2.3674	0.556065	0.624889	8.40679	44.6005	19.5726	95.8269	1	1	1	1	0	0	0	0
15.08.2015 09:22:53.631000	0.00500011	0.00428376	0.00848839	125.813	-668.898	29.2014	7	4	4	4	423.255	333	47.1817	2.39276	0.581428	0.624889	8.39154	44.9211	19.5459	97.1567	1	1	1	1	0	0	0	0
15.08.2015 09:22:53.731000	0.00500011	0.00428376	0.00848839	125.815	-668.896	29.1938	7	4	4	4	350.357	333	47.2443	2.34908	0.537749	0.624889	8.36256	43.9797	19.5386	93.5799	1	1	1	1	0	0	0	0
15.08.2015 09:22:53.831000	0.00500011	0.00428376	0.00848839	125.813	-668.898	29.1857	7	4	4	4	294.642	333	47.3105	2.31481	0.503484	0.643925	8.38194	44.5244	19.5311	95.6942	1	1	1	1	0	0	0	0
15.08.2015 09:22:53.931000	0.00500011	0.00428376	0.00848839	125.815	-668.898	29.179	7	4	4	4	311.35	333	47.3722	2.32511	0.513781	0.644314	8.40697	45.2647	19.5224	98.5624	1	1	1	1	0	0	0	0
15.08.2015 09:22:54.031000	0.00500011	0.00428376	0.00848839	125.82	-668.898	29.1786	7	4	4	4	331.21	333	47.4329	2.34222	0.530884	0.644314	8.4088	44.2896	19.5429	94.7503	1	1	1	1	0	0	0	0
15.08.2015 09:22:54.131000	0.00500011	0.00428376	0.00848839	125.82	-668.898	29.1732	7	4	4	4	344.238	333	47.4911	2.34678	0.535451	0.644314	8.40862	44.4125	19.5367	95.2445	1	1	1	1	0	0	0	0
15.08.2015 09:22:54.231000	0.00500011	0.00428376	0.00848839	125.82	-668.898	29.1683	7	4	4	4	279.104	333	47.5612	2.36299	0.551663	0.618496	8.42991	44.702	19.5256	96.3955	1	1	1	1	0	0	0	0
15.08.2015 09:22:54.331000	0.00500011	0.00428376	0.00848839	125.82	-668.896	29.1681	7	4	4	4	359.266	333	47.6239	2.4159	0.604574	0.617137	8.44716	45.7791	19.5051	100.598	1	1	1	1	0	0	0	0
15.08.2015 09:22:54.431000	0.00500011	0.00428376	0.00848839	125.82	-668.895	29.1667	7	4	4	4	354.004	333	47.6831	2.42406	0.612725	0.617137	8.39434	44.2061	19.4953	94.6124	1	1	1	1	0	0	0	0
15.08.2015 09:22:54.531000	0.00500011	0.00428376	0.00848839	125.82	-668.898	29.1725	7	4	4	4	364.771	333	47.7477	2.40587	0.594537	0.619181	8.41291	44.3207	19.4797	95.1113	1	1	1	1	0	0	0	0
15.08.2015 09:22:54.631000	0.00500011	0.00428376	0.00848839	125.82	-668.898	29.1721	7	4	4	4	324.506	333	47.8174	2.36597	0.554639	0.642687	8.42454	44.4822	19.4826	95.7185	1	1	1	1	0	0	0	0
15.08.2015 09:22:54.731000	0.00500011	0.00428376	0.00848839	125.82	-668.896	29.1743	7	4	4	4	284.695	333	47.8761	2.342	0.530671	0.642687	8.43851	44.6787	19.4872	96.4532	1	1	1	1	0	0	0	0
15.08.2015 09:22:54.831000	0.00500011	0.00428376	0.00848839	125.82	-668.898	29.1764	7	4	4	4	274.492	333	47.9363	2.37973	0.568396	0.642687	8.48301	44.3823	19.4771	95.3569	1	1	1	1	0	0	0	0
15.08.2015 09:22:54.931000	0.00500011	0.00428376	0.00848839	125.82	-668.898	29.1779	7	4	4	4	355.067	333	48.0089	2.44942	0.638091	0.642685	8.44605	44.4906	19.4703	95.7977	1	1	1	1	0	0	0	0
15.08.2015 09:22:55.031000	0.00500011	0.00428376	0.00848839	125.82	-668.898	29.1797	7	4	4	4	359.008	333	48.0715	2.47475	0.663424	0.642677	8.41545	44.4844	19.4573	95.8236	1	1	1	1	0	0	0	0
15.08.2015 09:22:55.131000	0.00500011	0.00428376	0.00848839	125.82	-668.896	29.1833	7	4	4	4	384.736	333	48.1327	2.46219	0.650861	0.642677	8.41589	44.4481	19.444	95.7355	1	1	1	1	0	0	0	0
15.08.2015 09:22:55.231000	0.00500011	0.00428376	0.00848839	125.82	-668.898	29.1857	7	4	4	4	328.08	333	48.2039	2.43238	0.621049	0.642677	8.40327	44.5557	19.4431	96.1511	1	1	1	1	0	0	0	0
15.08.2015 09:22:55.331000	0.00500011	0.00428376	0.00848839	125.82	-668.898	29.1855	7	4	4	4	327.686	333	48.2685	2.40944	0.59811	0.645216	8.42028	44.59	19.4479	96.2644	1	1	1	1	0	0	0	0
15.08.2015 09:22:55.431000	0.00500011	0.00428376	0.00848839	125.82	-668.891	29.1857	7	4	4	4	298.307	333	48.3297	2.38614	0.574814	0.64936	8.44909	44.3275	19.4476	95.2602	1	1	1	1	0	0	0	0
15.08.2015 09:22:55.531000	0.00500011	0.00428376	0.00848839	125.828	-668.898	29.1884	7	4	4	4	292.828	333	48.3964	2.41456	0.60323	0.64936	8.47147	44.6803	19.4425	96.6304	1	1	1	1	0	0	0	0
15.08.2015 09:22:55.631000	0.00500011	0.00428376	0.00848839	125.824	-668.898	29.1867	7	4	4	4	341.551	333	48.4635	2.46668	0.655345	0.64936	8.44208	44.387	19.4437	95.5028	1	1	1	1	0	0	0	0
15.08.2015 09:22:55.731000	0.00500011	0.00428376	0.00848839	125.826	-668.896	29.1873	7	4	4	4	329.602	333	48.5252	2.49131	0.679984	0.648468	8.41762	44.6217	19.4457	96.3941	1	1	1	1	0	0	0	0
15.08.2015 09:22:55.831000	0.00500011	0.00428376	0.00848839	125.824	-668.895	29.1911	7	4	4	4	338.648	333	48.5928	2.50691	0.695581	0.647708	8.39915	44.4823	19.4408	95.8788	1	1	1	1	0	0	0	0
15.08.2015 09:22:55.931000	0.00500011	0.00428376	0.00848839	125.828	-668.898	29.1902	7	4	4	4	298.08	333	48.6635	2.52844	0.717113	0.647708	8.40197	44.5357	19.4396	96.0882	1	1	1	1	0	0	0	0
15.08.2015 09:22:56.031000	0.00500011	0.00428376	0.00848839	125.828	-668.895	29.1911	7	4	4	4	380.407	333	48.7267	2.55755	0.74622	0.647708	8.41879	44.4713	19.424	95.9012	1	1	1	1	0	0	0	0
15.08.2015 09:22:56.131000	0.00500011	0.00428376	0.00848839	125.828	-668.896	29.1902	7	4	4	4	325.081	333	48.7978	2.5461	0.734766	0.675705	8.37201	44.249	19.4127	95.0933	1	1	1	1	0	0	0	0
15.08.2015 09:22:56.231000	0.00500011	0.00428376	0.00848839	125.828	-668.898	29.1922	7	4	4	4	313.98	333	48.8639	2.54463	0.733299	0.679523	8.40258	44.564	19.4062	96.3242	1	1	1	1	0	0	0	0
15.08.2015 09:22:56.331000	0.00500011	0.00428376	0.00848839	125.828	-668.893	29.1931	7	4	4	4	305.641	333	48.9251	2.56162	0.750293	0.679523	8.42361	44.2419	19.4022	95.1062	1	1	1	1	0	0	0	0
15.08.2015 09:22:56.431000	0.00500011	0.00428376	0.00848839	125.828	-668.898	29.1922	7	4	4	4	345.534	333	48.9972	2.59193	0.780603	0.677773	8.41062	44.6435	19.394	96.675	1	1	1	1	0	0	0	0
15.08.2015 09:22:56.531000	0.00500011	0.00428376	0.00848839	125.828	-668.893	29.192	7	4	4	4	323.16	333	49.0664	2.61383	0.802497	0.66859	8.40058	44.2501	19.3938	95.1698	1	1	1	1	0	0	0	0
15.08.2015 09:22:56.631000	0.00500011	0.00428376	0.00848839	125.828	-668.898	29.1895	7	4	4	4	396.889	333	49.1301	2.62186	0.810529	0.66859	8.38516	44.5596	19.3761	96.4226	1	1	1	1	0	0	0	0
15.08.2015 09:22:56.731000	0.00500011	0.00428376	0.00848839	125.828	-668.893	29.1873	7	4	4	4	314.061	333	49.2082	2.5853	0.773964	0.66859	8.35606	44.3769	19.3764	95.722	1	1	1	1	0	0	0	0
15.08.2015 09:22:56.831000	0.00500011	0.00428376	0.00848839	125.828	-668.898	29.1862	7	4	4	4	272.841	333	49.2698	2.56956	0.758226	0.675119	8.39721	44.2903	19.3773	95.3869	1	1	1	1	0	0	0	0
15.08.2015 09:22:56.931000	0.00500011	0.00428376	0.00848839	125.828	-668.893	29.1833	7	4	4	4	258.228	333	49.336	2.63073	0.819402	0.681392	8.44151	44.533	19.365	96.3633	1	1	1	1	0	0	0	0
15.08.2015 09:22:57.031000	0.00500011	0.00428376	0.00848839	125.828	-668.898	29.1797	7	4	4	4	343.166	333	49.4126	2.71823	0.906902	0.681392	8.44354	44.144	19.3547	94.9132	1	1	1	1	0	0	0	0
15.08.2015 09:22:57.131000	0.00500011	0.00428376	0.00848839	125.828	-668.896	29.1612	7	4	4	4	328.078	333	49.4768	2.78297	0.971644	0.681392	8.43045	44.8965	19.3371	97.8947	1	1	1	1	0	0	0	0
15.08.2015 09:22:57.231000	0.00500011	0.00428376	0.00848839	125.832	-668.898	29.1591	7	4	4	4	307.712	333	49.5568	2.83426	1.02293	0.701984	8.40442	43.8361	19.3211	93.8627	1	1	1	1	0	0	0	0
15.08.2015 09:22:57.331000	0.00500011	0.00428376	0.00848839	125.831	-668.898	29.1674	7	4	4	4	370.562	333	49.625	2.86064	1.04931	0.702621	8.42658	44.6856	19.2915	97.2289	1	1	1	1	0	0	0	0
15.08.2015 09:22:57.431000	0.00500011	0.00428376	0.00848839	125.828	-668.898	29.1878	7	4	4	4	250.88	333	49.7031	2.87266	1.06133	0.702621	8.42263	43.701	19.2702	93.5406	1	1	1	1	0	0	0	0
15.08.2015 09:22:57.531000	0.00500011	0.00428376	0.00848839	125.833	-668.898	29.1974	7	4	4	4	328.671	333	49.7732	2.96249	1.15116	0.729132	8.47802	44.7959	19.235	97.9927	1	1	1	1	0	0	0	0
15.08.2015 09:22:57.631000	0.00500011	0.00428376	0.00848839	125.832	-668.895	29.2008	7	4	4	4	372.517	333	49.8563	3.01374	1.20241	0.744701	8.4299	43.7576	19.2178	93.958	1	1	1	1	0	0	0	0
15.08.2015 09:22:57.731000	0.00500011	0.00428376	0.00848839	125.836	-668.898	29.2075	7	4	4	4	422.351	333	49.9254	3.00065	1.18943	0.744701	8.40979	44.3783	19.1895	96.9007	1	1	1	1	0	0	0	0
15.08.2015 09:22:57.831000	0.00500011	0.00428376	0.00848839	125.836	-668.898	29.2095	7	4	4	4	267.391	333	50.0085	2.94812	1.13678	0.749571	8.37523	44.2767	19.1764	96.0186	1	1	1	1	0	0	0	0
15.08.2015 09:22:57.931000	0.00500011	0.00428376	0.00848839	125.836	-668.898	29.2083	7	4	4	4	367.067	333	50.0742	2.9278	1.11647	0.758228	8.4147	44.1616	19.1747	95.6699	1	1	1	1	0	0	0	0
15.08.2015 09:22:58.031000	0.00500011	0.00428376	0.00848839	125.836	-668.895	29.209	7	4	4	4	343.032	333	50.1562	2.89626	1.08493	0.758228	8.41377	44.0853	19.1789	95.3616	1	1	1	1	0	0	0	0
15.08.2015 09:22:58.131000	0.00500011	0.00428376	0.00848839	125.841	-668.896	29.209	7	4	4	4	302.754	333	50.2229	2.87614	1.06481	0.75807	8.41319	44.1036	19.1806	95.4252	1	1	1	1	0	0	0	0
15.08.2015 09:22:58.231000	0.00500011	0.00428376	0.00848839	125.836	-668.895	29.2074	7	4	4	4	349.315	333	50.303	2.88409	1.07276	0.742432	8.40923	45.3313	19.1774	100.138	1	1	1	1	0	0	0	0
15.08.2015 09:22:58.331000	0.00500011	0.00428376	0.00848839	125.841	-668.898	29.2075	7	4	4	4	279.579	333	50.3711	2.89511	1.08378	0.742432	8.42254	44.0713	19.1844	95.2871	1	1	1	1	0	0	0	0
15.08.2015 09:22:58.431000	0.00500011	0.00428376	0.00848839	125.836	-668.898	29.2041	7	4	4	4	317.5	333	50.4507	2.93763	1.1263	0.742432	8.46149	44.071	19.1766	95.3156	1	1	1	1	0	0	0	0
15.08.2015 09:22:58.531000	0.00500011	0.00428376	0.00848839	125.844	-668.898	29.2025	7	4	4	4	335.92	333	50.5189	2.98698	1.17565	0.737011	8.45159	44.0164	19.164	95.155	1	1	1	1	0	0	0	0
15.08.2015 09:22:58.631000	0.00500011	0.00428376	0.00848839	125.84	-668.898	29.2025	7	4	4	4	327.488	333	50.6029	3.01778	1.20645	0.733689	8.41253	45.1227	19.15	99.4443	1	1	1	1	0	0	0	0
15.08.2015 09:22:58.731000	0.00500011	0.00428376	0.00848839	125.844	-668.898	29.2014	7	4	4	4	350.62	333	50.6711	3.02871	1.21738	0.733689	8.38695	43.7247	19.1357	94.1464	1	1	1	1	0	0	0	0
15.08.2015 09:22:58.831000	0.00500011	0.00428376	0.00848839	125.844	-668.898	29.1998	7	4	4	4	366.296	333	50.7566	3.01026	1.19893	0.74913	8.38154	45.3622	19.1208	100.473	1	1	1	1	0	0	0	0
15.08.2015 09:22:58.931000	0.00500011	0.00428376	0.00848839	125.844	-668.896	29.1931	7	4	4	4	333.511	333.076	50.8277	2.9497	1.13837	0.772291	8.42419	43.5905	19.1225	93.6832	1	1	1	1	0.75	0	0	0
15.08.2015 09:22:59.031000	0.00500011	0.00428376	0.00848839	125.844	-668.898	29.1846	7	4	4	4	374.088	333.879	50.9048	2.8595	1.04817	0.772291	8.4044	44.5714	19.1139	97.4715	1	1	1	1	1	0	0	0
15.08.2015 09:22:59.131000	0.00500011	0.00428376	0.00848839	125.844	-668.896	29.179	7	4	4	4	260.878	335.74	50.9745	2.78314	0.971813	0.770801	8.39786	43.7198	19.1432	94.0987	1	1	1	1	1	0	0	0
15.08.2015 09:22:59.231000	0.00500011	0.00428376	0.00848839	125.844	-668.895	29.1743	7	4	4	4	327.766	338.662	51.0521	2.93317	1.12184	0.742503	8.44748	44.4132	19.1416	96.7596	1	1	1	1	1	0	0	0
15.08.2015 09:22:59.331000	0.00500011	0.00428376	0.00848839	125.844	-668.898	29.1746	7	4	4	4	336.123	342.643	51.1252	3.14306	1.33172	0.742503	8.4649	44.275	19.1324	96.266	1	1	1	1	1	0	0	0
15.08.2015 09:22:59.431000	0.00500011	0.00428376	0.00848839	125.844	-668.898	29.1726	7	4	4	4	393.051	347.686	51.2103	3.23109	1.41975	0.742503	8.38122	43.8757	19.1098	94.8234	1	1	1	1	1	0	0	0
15.08.2015 09:22:59.531000	0.00500011	0.00428376	0.00848839	125.844	-668.898	29.1717	7	4	4	4	322.749	353.788	51.2908	3.25332	1.44199	0.77695	8.40171	43.7742	19.0658	94.6035	1	1	1	1	1	0	0	0
15.08.2015 09:22:59.631000	0.00500011	0.00428376	0.00848839	125.848	-668.898	29.1737	7	4	4	4	360.155	360.951	51.3744	3.42125	1.60992	0.782098	8.44013	43.4949	19.0229	93.6984	1	1	1	1	1	0	0	0
15.08.2015 09:22:59.731000	0.00500011	0.00428376	0.00848839	125.846	-668.898	29.1782	7	4	4	4	378.652	369.174	51.4605	3.60054	1.78921	0.782098	8.4281	44.6977	18.9538	98.5684	1	1	1	1	1	0	0	0
15.08.2015 09:22:59.831000	0.00500011	0.00428376	0.00848839	125.848	-668.898	29.1797	7	4	4	4	452.15	378.458	51.554	3.71327	1.90194	0.859005	8.41574	44.183	18.8716	96.9122	1	1	1	1	1	0	0	0
15.08.2015 09:22:59.931000	0.00500011	0.00428376	0.00848839	125.852	-668.898	29.1793	7	4	4	4	332.961	388.802	51.645	3.73475	1.92342	0.860574	8.38738	43.9724	18.8104	96.3401	1	1	1	1	1	0	0	0
15.08.2015 09:23:00.031000	0.00500011	0.00428376	0.00848839	125.852	-668.895	29.1791	7	4	4	4	391.73	400.206	51.7355	3.93667	2.12534	0.877551	8.41722	43.998	18.7352	96.7262	1	1	1	1	1	0	0	0
15.08.2015 09:23:00.131000	0.00500011	0.00428376	0.00848839	125.852	-668.898	29.1761	7	4	4	4	411.723	412.672	51.8345	4.19115	2.37982	0.921207	8.39667	44.6525	18.6469	99.5701	1	1	1	1	1	0	0	0
15.08.2015 09:23:00.231000	0.00500011	0.00428376	0.00848839	125.852	-668.895	29.1737	7	4	4	4	390.852	426.195	51.939	4.46553	2.6542	0.921207	8.39002	42.5021	18.5388	91.7505	1	1	1	1	1	0	0	0
15.08.2015 09:23:00.331000	0.00500011	0.00428376	0.00848839	125.852	-668.893	29.1732	7	4	4	4	445.65	440.78	52.0519	4.86704	3.0557	1.04332	8.40477	42.8426	18.3658	93.7169	1	1	1	1	1	0	0	0
15.08.2015 09:23:00.431000	0.00500011	0.00428376	0.00848839	125.852	-668.895	29.177	7	4	4	4	424.089	456.425	52.1748	5.30173	3.4904	1.05393	8.37243	45.9479	18.1583	106.401	1	1	1	1	1	0	0	0
15.08.2015 09:23:00.531000	0.00500011	0.00428376	0.00848839	125.852	-668.898	29.1764	7	4	4	4	542.113	473.132	52.3066	5.72433	3.913	1.20632	8.36149	42.8687	17.9136	95.5481	1	1	1	1	1	0	0	0
15.08.2015 09:23:00.631000	0.00500011	0.00428376	0.00848839	125.852	-668.895	29.1802	7	4	4	4	512.055	490.899	52.4464	5.97491	4.16358	1.24409	8.34123	41.2351	17.6539	90.2876	1	1	1	1	1	0	0	0
15.08.2015 09:23:00.731000	0.00500011	0.00428376	0.00848839	125.854	-668.893	29.1808	7	4	4	4	547.621	509.726	52.5931	6.23249	4.42116	1.39726	8.33828	42.7529	17.3844	97.1307	1	1	1	1	1	0	0	0
15.08.2015 09:23:00.831000	0.00500011	0.00428376	0.00848839	125.852	-668.895	29.1824	7	4	4	4	479.65	529.614	52.7433	6.50341	4.69207	1.44266	8.36163	40.9353	17.1587	91.0356	1	1	1	1	1	0	0	0
15.08.2015 09:23:00.931000	0.00500011	0.00428376	0.00848839	125.857	-668.896	29.1837	7	4	4	4	512.657	550.56	52.9	6.91218	5.10085	1.49815	8.35972	39.999	16.9163	88.3789	1	1	1	1	1	0	0	0
15.08.2015 09:23:01.031000	0.00500011	0.00428376	0.00848839	125.859	-668.898	29.1835	7	4	4	4	535.664	572.568	53.0666	7.48918	5.67785	1.5941	8.38796	40.5222	16.6452	91.4203	1	1	1	1	1	0	0	0
15.08.2015 09:23:01.131000	0.00500011	0.00428376	0.00848839	125.859	-668.896	29.1826	7	4	4	4	534.702	595.636	53.2482	8.24207	6.43074	1.68275	8.41823	41.3262	16.3168	95.7561	1	1	1	1	1	0	0	0
15.08.2015 09:23:01.231000	0.00500011	0.00428376	0.00848839	125.859	-668.898	29.1791	7	4	4	4	603.256	619.765	53.4467	9.0996	7.28826	1.82436	8.40955	41.4374	15.9266	97.6755	1	1	1	1	1	0	0	0
15.08.2015 09:23:01.331000	0.00500011	0.00428376	0.00848839	125.859	-668.898	29.1797	7	4	4	4	660.207	644.955	53.666	9.9597	8.14837	2.03859	8.35434	41.6542	15.5074	100.111	1	1	1	1	1	0	0	0
15.08.2015 09:23:01.431000	0.00500011	0.00428376	0.00848839	125.859	-668.898	29.1791	7	4	4	4	607.216	671.203	53.9013	10.6702	8.85887	2.25994	8.26999	38.8575	15.1515	90.7657	1	1	1	1	1	0	0	0
15.08.2015 09:23:01.531000	0.00500011	0.00428376	0.00848839	125.859	-668.893	29.1786	7	4	4	4	558.572	698.511	54.1485	11.6139	9.80257	2.43579	8.35558	36.953	14.7671	84.9454	1	1	1	1	1	0	0	0
15.08.2015 09:23:01.631000	0.00500011	0.00428376	0.00848839	125.859	-668.898	29.1819	7	4	4	4	678.09	726.881	54.4216	12.8874	11.0761	2.62165	8.36768	36.2841	14.391	83.8244	1	1	1	1	1	0	0	0
15.08.2015 09:23:01.731000	0.00500011	0.00428376	0.00848839	125.859	-668.898	29.1848	7	4	4	4	762.169	756.312	54.7186	14.1141	12.3027	2.89698	8.27069	38.359	14.0593	93.0384	1	1	1	1	1	0	0	0
15.08.2015 09:23:01.831000	0.00500011	0.00428376	0.00848839	125.859	-668.895	29.1895	7	4	4	4	776.022	786.804	55.0359	15.2119	13.4005	3.10696	8.26973	38.577	13.7869	94.9167	1	1	1	1	1	0	0	0
15.08.2015 09:23:01.931000	0.00500011	0.00428376	0.00848839	125.859	-668.896	29.188	7	4	4	4	761.517	818.353	55.3732	16.2386	14.4273	3.32119	8.23507	37.933	13.548	93.3654	1	1	1	1	1	0	0	0
15.08.2015 09:23:02.031000	0.00500011	0.00428376	0.00848839	125.859	-668.895	29.1933	7	4	4	4	734.981	850.962	55.7328	17.3091	15.4978	3.55429	8.23423	37.6682	13.3676	93.0422	1	1	1	1	1	0	0	0
15.08.2015 09:23:02.131000	0.00500011	0.00428376	0.00848839	125.859	-668.896	29.1902	7	4	4	4	828.087	884.633	56.1143	18.6299	16.8185	3.78503	8.24494	37.5737	13.2497	93.1314	1	1	1	1	1	0	0	0
15.08.2015 09:23:02.231000	0.00500011	0.00428376	0.00848839	125.859	-668.891	29.1878	7	4	4	4	936.971	919.365	56.5172	19.9996	18.1883	3.98515	8.26519	37.5174	13.1857	93.1614	1	1	1	1	1	0	0	0
15.08.2015 09:23:02.331000	0.00500011	0.00428376	0.00848839	125.859	-668.898	29.1866	7	4	4	4	817.203	955.159	56.9495	21.2219	19.4106	4.35534	8.17752	37.5073	13.2655	92.8169	1	1	1	1	1	0	0	0
15.08.2015 09:23:02.431000	0.00500011	0.00428376	0.00848839	125.859	-668.898	29.184	7	4	4	4	929.245	697.438	57.4016	22.68	11.5107	4.45399	8.18767	37.7446	13.4579	92.9891	1	1	1	1	1	0.44	0	0.44
15.08.2015 09:23:02.531000	0.00500011	0.00428376	0.00848839	125.859	-668.898	29.1804	7	4	4	4	2239.64	333	59.3018	23.0794	0	46.8093	8.08513	79.7474	18.9975	232.599	1	1	1	1	1	1	0.1	1
15.08.2015 09:23:02.631000	0.00500011	0.00428376	0.00848839	125.855	-668.902	29.177	7	4	4	4	2071.83	333	62.1878	23.0794	0	74.5569	6.43351	110.25	1.20573	417.507	1	1	1	1	1	1	1	1
15.08.2015 09:23:02.731000	0.00500011	0.00428376	0.00848839	125.852	-668.878	28.916	7	4	4	4	38.9833	333	62.1774	23.0794	0	74.5569	3.97841	119.492	0.521134	455.515	1	1	1	1	1	1	1	1
15.08.2015 09:23:02.831000	0.00500011	0.00428376	0.00848839	125.777	-668.934	26.4572	7	4	4	4	7.31862	333	62.1774	8.3086	0	74.5569	2.67694	133.86	0.691427	509.874	1	1	1	1	1	1	1	0.36
15.08.2015 09:23:02.931000	0.00500011	0.00428376	0.00848839	125.779	-668.904	20.0221	7	4	4	4	1.14408	333	62.1774	0	0	74.5569	1.9351	133.695	0.523576	509.885	1	1	1	1	1	1	1	0
15.08.2015 09:23:03.031000	0.00500011	0.00428376	0.00848839	125.773	-668.895	16.9808	7	4	4	4	0.624511	333	62.1774	0	0	74.5569	1.40966	135.451	0.57625	516.41	1	1	1	1	1	1	1	0
15.08.2015 09:23:03.131000	0.00500011	0.00428376	0.00848839	125.76	-668.917	13.5818	7	4	4	4	0.636158	333	62.1774	0	0	74.5569	1.08692	135.262	0.53975	515.826	1	1	1	1	1	1	1	0
15.08.2015 09:23:03.231000	0.00500011	0.00428376	0.00848839	125.699	-668.902	10.9277	7	4	4	4	0.632686	333	62.1774	0	0	74.5569	0.908825	135.226	0.553667	515.633	1	1	1	1	1	1	1	0
15.08.2015 09:23:03.331000	0.00500011	0.00428376	0.00848839	125.578	-668.958	8.5706	7	4	4	4	0.626322	333	62.1774	0	0	74.5569	0.782205	135.147	0.542924	515.372	1	1	1	1	1	1	1	0
15.08.2015 09:23:03.431000	0.00500011	0.00428376	0.00848839	125.578	-668.949	7.47179	7	4	4	4	0.631147	333	62.1774	0	0	74.5569	0.656944	135.087	0.539384	515.158	1	1	1	1	1	1	1	0
15.08.2015 09:23:03.531000	0.00500011	0.00428376	0.00848839	125.578	-668.953	6.26302	7	4	4	4	0.635319	333	62.1774	0	0	69.3379	0.586574	135.027	0.535417	514.941	1	1	1	1	1	1	1	0
15.08.2015 09:23:03.631000	0.00500011	0.00428376	0.00848839	125.578	-668.949	5.04883	7	4	4	4	0.485093	333	62.1774	0	0	0	0.533362	134.986	0.540056	514.766	1	1	1	1	1	1	1	0
15.08.2015 09:23:03.731000	0.00500011	0.00428376	0.00848839	125.578	-668.948	4.4383	7	4	4	4	0.299496	333	62.1774	0	0	0	0.48533	134.928	0.54329	514.532	1	1	1	1	1	1	1	0
15.08.2015 09:23:03.831000	0.00500011	0.00428376	0.00848839	125.578	-668.945	3.8623	7	4	4	4	0.298011	333	62.1774	0	0	0	0.440654	134.881	0.537187	514.376	1	1	1	1	1	1	1	0
15.08.2015 09:23:03.931000	0.00500011	0.00428376	0.00848839	125.578	-668.945	3.33333	7	4	4	4	0.288152	333	62.1774	0	0	0	0.412355	134.839	0.532609	514.231	1	1	1	1	1	1	1	0
15.08.2015 09:23:04.031000	0.00500011	0.00428376	0.00848839	125.578	-668.945	2.94379	7	4	4	4	0.338007	333	62.1774	0	0	0	0.388339	134.799	0.535173	514.069	1	1	1	1	1	1	1	0
15.08.2015 09:23:04.131000	0.00500011	0.00428376	0.00848839	125.581	-668.945	2.31988	7	4	4	4	0.382237	333	62.1774	0	0	0	0.362182	134.755	0.532365	513.911	1	1	1	1	1	1	1	0
15.08.2015 09:23:04.231000	0.00500011	0.00428376	0.00848839	125.586	-668.945	0.703125	7	4	4	4	0.386567	333	62.1774	0	0	0	0.342187	134.715	0.532243	513.76	1	1	1	1	1	1	1	0
15.08.2015 09:23:04.331000	0.00500011	0.00428376	0.00848839	125.581	-668.945	0.161314	7	4	4	4	0.392263	333	62.1774	0	0	0	0.327488	134.671	0.531754	513.593	1	1	1	1	1	1	1	0
15.08.2015 09:23:04.431000	0.00500011	0.00428376	0.00848839	125.586	-668.945	0.129666	7	4	4	4	0.366356	333	62.1774	0	0	0	0.31305	134.642	0.533647	513.475	1	1	1	1	1	1	1	0
15.08.2015 09:23:04.531000	0.00500011	0.00428376	0.00848839	125.586	-668.945	0.117549	7	4	4	4	0.383458	333	62.1774	0	0	0	0.298351	134.6	0.537004	513.299	1	1	1	1	1	1	1	0
15.08.2015 09:23:04.631000	0.00500011	0.00428376	0.00848839	125.586	-668.945	0.103082	7	4	4	4	0.383105	333	62.1774	0	0	0	0.286516	134.566	0.536088	513.175	1	1	1	1	1	1	1	0
15.08.2015 09:23:04.731000	0.00500011	0.00428376	0.00848839	125.586	-668.945	0.0868056	7	4	4	4	0.382764	333	62.1774	0	0	0	0.278877	134.524	0.536393	513.012	1	1	1	1	1	1	1	0
15.08.2015 09:23:04.831000	0.00500011	0.00428376	0.00848839	125.574	-668.941	0.0716146	7	4	4	4	0.385342	333	62.1774	0	0	0	0.271094	134.501	0.537553	512.918	1	1	1	1	1	1	1	0
15.08.2015 09:23:04.931000	0.00500011	0.00428376	0.00848839	125.555	-668.938	0.0607639	7	4	4	4	0.380033	333	62.1774	0	0	0	0.275666	134.464	0.536637	512.78	1	1	1	1	1	1	1	0
15.08.2015 09:23:05.031000	0.00500011	0.00428376	0.00848839	125.539	-668.84	0.0509983	7	4	4	4	0.383026	333	62.1774	0	0	0	0.279774	134.449	0.541215	512.705	1	1	1	1	1	1	1	0
15.08.2015 09:23:05.131000	0.00500011	0.00428376	0.00848839	125.628	-668.083	0.0426794	7	4	4	4	0.367267	333	62.1774	0	0	0	0.284404	134.396	0.551653	512.463	1	1	1	1	1	1	1	0
15.08.2015 09:23:05.231000	0.00500011	0.00428376	0.00848839	125.723	-663.816	0.0336372	7	4	4	4	0.386739	333	62.1774	0	0	0	0.287355	134.34	0.544084	512.276	1	1	1	1	1	1	1	0
15.08.2015 09:23:05.331000	0.00500011	0.00428376	0.00848839	125.724	-642.224	0.0296586	7	4	4	4	0.360534	333	62.1774	0	0	0	0.290075	134.32	0.544633	512.201	1	1	1	1	1	1	1	0
15.08.2015 09:23:05.431000	0.00500011	0.00428376	0.00848839	125.727	-611.789	0.0238715	7	4	4	4	0.361875	333	62.1774	0	0	0	0.29158	134.318	0.547868	512.177	1	1	1	1	1	1	1	0
15.08.2015 09:23:05.531000	0.00500011	0.00428376	0.00848839	125.727	-587.297	0.0184462	7	4	4	4	0.357882	333	62.1774	0	0	0	0.292737	134.245	0.547441	511.9	1	1	1	1	1	1	1	0
15.08.2015 09:23:05.631000	0.00500011	0.00428376	0.00848839	125.727	-557.543	0.016276	7	4	4	4	0.399764	333	62.1774	0	0	0	0.294531	134.225	0.550188	511.813	1	1	1	1	1	1	1	0
15.08.2015 09:23:05.731000	0.00500011	0.00428376	0.00848839	125.727	-512.055	0.0130208	7	4	4	4	0.387041	333	62.1774	0	0	0	0.294126	134.166	0.550676	511.585	1	1	1	1	1	1	1	0
15.08.2015 09:23:05.831000	0.00500011	0.00428376	0.00848839	125.73	-467.762	0.00868056	7	4	4	4	0.38872	333	62.1774	0	0	0	0.296701	134.222	0.548296	511.81	1	1	1	1	1	1	1	0
15.08.2015 09:23:05.931000	0.00500011	0.00428376	0.00848839	125.727	-426.096	0.00687211	7	4	4	4	0.390553	333	62.1774	0	0	0	0.29728	134.155	0.552019	511.54	1	1	1	1	1	1	1	0
15.08.2015 09:23:06.031000	0.00500011	0.00428376	0.00848839	125.727	-384.172	0.00596788	7	4	4	4	0.378452	333	62.1774	0	0	0	0.300463	134.143	0.55208	511.491	1	1	1	1	1	1	1	0
15.08.2015 09:23:06.131000	0.00500011	0.00428376	0.00848839	125.721	-324.688	0.00578704	7	4	4	4	0.383729	333	62.1774	0	0	0	0.302431	134.092	0.549638	511.306	1	1	1	1	1	1	1	0
15.08.2015 09:23:06.231000	0.00500011	0.00428376	0.00848839	125.723	-282.754	0.00325521	7	4	4	4	0.381766	333	62.1774	0	0	0	0.304861	134.05	0.549272	511.148	1	1	1	1	1	1	1	0
15.08.2015 09:23:06.331000	0.00500011	0.00428376	0.00848839	125.721	-241.289	0.00325521	7	4	4	4	0.393375	333	62.1774	0	0	0	0.305961	134.05	0.552263	511.137	1	1	1	1	1	1	1	0
15.08.2015 09:23:06.431000	0.00500011	0.00428376	0.00848839	125.723	-191.418	0.00325521	7	4	4	4	0.376828	333	62.1774	0	0	0	0.308102	133.98	0.552202	510.868	1	1	1	1	1	1	1	0
15.08.2015 09:23:06.531000	0.00500011	0.00428376	0.00848839	125.729	-141.672	0.00180845	7	4	4	4	0.402253	333	62.1774	0	0	0	0.308912	133.972	0.554338	510.828	1	1	1	1	1	1	1	0
15.08.2015 09:23:06.631000	0.00500011	0.00428376	0.00848839	125.734	-100.484	0.00108507	7	4	4	4	0.398573	333	62.1774	0	0	0	0.308652	133.955	0.553972	510.767	1	1	1	1	1	1	1	0
15.08.2015 09:23:06.731000	0.00500011	0.00428376	0.00848839	125.734	-59.0547	0.00108507	7	4	4	4	0.410094	333	62.1774	0	0	0	0.310214	133.899	0.557085	510.539	1	1	1	1	1	1	1	0
15.08.2015 09:23:06.831000	0.00500011	0.00428376	0.00848839	125.734	-9.55859	0.00108507	7	4	4	4	0.384802	333	62.1774	0	0	0	0.308709	133.885	0.557207	510.486	1	1	1	1	1	1	1	0
15.08.2015 09:23:06.931000	0.00500011	0.00428376	0.00848839	125.734	40.0521	0.00108507	7	4	4	4	0.390656	333	62.1774	0	0	0	0.309172	133.865	0.557939	510.405	1	1	1	1	1	1	1	0
15.08.2015 09:23:07.031000	0.00500011	0.00428376	0.00848839	125.734	80.9609	0.000542535	7	4	4	4	0.39309	333	62.1774	0	0	0	0.30735	133.824	0.557695	510.249	1	1	1	1	1	1	1	0
15.08.2015 09:23:07.131000	0.00500011	0.00428376	0.00848839	125.734	122.482	0.00108507	7	4	4	4	0.390913	333	62.1774	0	0	0	0.307928	133.831	0.556475	510.283	1	1	1	1	1	1	1	0
15.08.2015 09:23:07.231000	0.00500011	0.00428376	0.00848839	125.734	179.48	0.00108507	7	4	4	4	0.403124	333	62.1774	0	0	0	0.307234	133.772	0.558184	510.049	1	1	1	1	1	1	1	0
15.08.2015 09:23:07.331000	0.00500011	0.00428376	0.00848839	125.734	220.43	0.00108507	7	4	4	4	0.39323	333	62.1774	0	0	0	0.307928	133.743	0.558245	509.939	1	1	1	1	1	1	1	0
15.08.2015 09:23:07.431000	0.00500011	0.00428376	0.00848839	125.734	261.383	0.00108507	7	4	4	4	0.398722	333	62.1774	0	0	0	0.307436	133.727	0.558123	509.876	1	1	1	1	1	1	1	0
15.08.2015 09:23:07.531000	0.00500011	0.00428376	0.00848839	125.734	307.768	0.00217014	7	4	4	4	0.39301	333	62.1774	0	0	0	0.306973	133.7	0.558977	509.771	1	1	1	1	1	1	1	0
15.08.2015 09:23:07.631000	0.00500011	0.00428376	0.00848839	125.734	359.852	0.00325521	7	4	4	4	0.404266	333	62.1774	0	0	0	0.307031	133.672	0.560137	509.66	1	1	1	1	1	1	1	0
15.08.2015 09:23:07.731000	0.00500011	0.00428376	0.00848839	125.734	400.867	0.00614873	7	4	4	4	0.405004	333	62.1774	0	0	0	0.307205	133.646	0.559648	509.557	1	1	1	1	1	1	1	0
15.08.2015 09:23:07.831000	0.00500011	0.00428376	0.00848839	125.734	441.824	0.00488281	7	4	4	4	0.402021	333	62.1774	0	0	0	0.30842	133.64	0.564165	509.522	1	1	1	1	1	1	1	0
15.08.2015 09:23:07.931000	0.00500011	0.00428376	0.00848839	125.734	493.794	0.00687211	7	4	4	4	0.404905	333	62.1774	0	0	0	0.308594	133.582	0.562517	509.307	1	1	1	1	1	1	1	0
15.08.2015 09:23:08.031000	0.00500011	0.00428376	0.00848839	125.734	540.465	0.00596788	7	4	4	4	0.410212	333	62.1774	0	0	0	0.310503	133.536	0.562212	509.131	1	1	1	1	1	1	1	0
15.08.2015 09:23:08.131000	0.00500011	0.00428376	0.00848839	125.734	577.76	0.00506366	7	4	4	4	0.382423	333	62.1774	0	0	0	0.310041	133.56	0.561968	509.221	1	1	1	1	1	1	1	0
15.08.2015 09:23:08.231000	0.00500011	0.00428376	0.00848839	125.734	608.402	0.00434028	7	4	4	4	0.408079	333	62.1774	0	0	0	0.310909	133.525	0.56311	509.084	1	1	1	1	1	1	1	0
15.08.2015 09:23:08.331000	0.00500011	0.00428376	0.00848839	125.734	639.125	0.00144676	7	4	4	4	0.412552	333	62.1774	0	0	0	0.310041	133.496	0.561458	508.977	1	1	1	1	1	1	1	0
15.08.2015 09:23:08.431000	0.00500011	0.00428376	0.00848839	125.734	660.051	0.00108507	7	4	4	4	0.389555	333	62.1774	0	0	0	0.310532	133.482	0.561907	508.926	1	1	1	1	1	1	1	0
15.08.2015 09:23:08.531000	0.00500011	0.00428376	0.00848839	125.734	669.979	0.00072338	7	4	4	4	0.390725	333	62.1774	0	0	0	0.309556	133.452	0.561602	508.815	1	1	1	1	1	1	1	0
15.08.2015 09:23:08.631000	0.00500011	0.00428376	0.00848839	125.734	673.008	0.000542535	7	4	4	4	0.401129	333	62.1774	0	0	0	0.30918	133.434	0.562883	508.736	1	1	1	1	1	1	1	0
15.08.2015 09:23:08.731000	0.00500011	0.00428376	0.00848839	125.734	674.977	0.00108507	7	4	4	4	0.394233	333	62.1774	0	0	0	0.309216	133.415	0.563982	508.659	1	1	1	1	1	1	1	0
15.08.2015 09:23:08.831000	0.00500011	0.00428376	0.00848839	125.723	675	0.000542535	7	4	4	4	0.383224	333	62.1774	0	0	0	0.309512	133.35	0.564226	508.412	1	1	1	1	1	1	1	0
15.08.2015 09:23:08.931000	0.00500011	0.00428376	0.00848839	125.719	675.008	0.00180845	7	4	4	4	0.371518	333	62.1774	0	0	0	0.30965	133.339	0.564714	508.365	1	1	1	1	1	1	1	0
15.08.2015 09:23:09.031000	0.00500011	0.00428376	0.00848839	125.719	674.992	0.00325521	7	4	4	4	0.412227	333	62.1774	0	0	0	0.309274	133.378	0.566668	508.509	1	1	1	1	1	1	1	0
15.08.2015 09:23:09.131000	0.00500011	0.00428376	0.00848839	125.547	675.005	0.00397859	7	4	4	4	0.37797	333	62.1774	0	0	0	0.30965	133.299	0.564714	508.211	1	1	1	1	1	1	1	0
15.08.2015 09:23:09.231000	0.00500011	0.00428376	0.00848839	125.508	675.023	0.00434028	7	4	4	4	0.400327	333	62.1774	0	0	0	0.30889	133.281	0.562944	508.149	1	1	1	1	1	1	1	0
15.08.2015 09:23:09.331000	0.00500011	0.00428376	0.00848839	125.518	675.021	0.00470197	7	4	4	4	0.387051	333	62.1774	0	0	0	0.308688	133.254	0.562456	508.048	1	1	1	1	1	1	1	0
15.08.2015 09:23:09.431000	0.00500011	0.00428376	0.00848839	125.535	674.969	0.00271267	7	4	4	4	0.370162	333	62.1774	0	0	0	0.307632	133.226	0.562273	507.944	1	1	1	1	1	1	1	0
15.08.2015 09:23:09.531000	0.00500011	0.00428376	0.00848839	125.539	674.992	0.00180845	7	4	4	4	0.348836	333	62.1774	0	0	0	0.30816	133.219	0.564531	507.906	1	1	1	1	1	1	1	0
15.08.2015 09:23:09.631000	0.00500011	0.00428376	0.00848839	125.535	674.949	0.00542535	7	4	4	4	0.377189	333	62.1774	0	0	0	0.307002	133.177	0.564959	507.743	1	1	1	1	1	1	1	0
15.08.2015 09:23:09.731000	0.00500011	0.00428376	0.00848839	125.539	674.969	0.00506366	7	4	4	4	0.377279	333	62.1774	0	0	0	0.307682	133.18	0.56447	507.758	1	1	1	1	1	1	1	0
15.08.2015 09:23:09.831000	0.00500011	0.00428376	0.00848839	125.539	674.945	0.00271267	7	4	4	4	0.359111	333	62.1774	0	0	0	0.30719	133.164	0.564837	507.697	1	1	1	1	1	1	1	0
15.08.2015 09:23:09.931000	0.00500011	0.00428376	0.00848839	125.539	674.956	0.00289352	7	4	4	4	0.371754	333	62.1774	0	0	0	0.307921	133.136	0.565203	507.588	1	1	1	1	1	1	1	0
15.08.2015 09:23:10.031000	0.00500011	0.00428376	0.00848839	125.539	674.957	0.00325521	7	4	4	4	0.368277	333	62.1774	0	0	0	0.307241	133.112	0.566424	507.49	1	1	1	1	1	1	1	0
15.08.2015 09:23:10.131000	0.00500011	0.00428376	0.00848839	125.542	675.003	0.00253183	7	4	4	4	0.384394	333	62.1774	0	0	0	0.307104	133.072	0.568743	507.328	1	1	1	1	1	1	1	0
15.08.2015 09:23:10.231000	0.00500011	0.00428376	0.00848839	125.543	674.949	0.00325521	7	4	4	4	0.383024	333	62.1774	0	0	0	0.307769	133.064	0.570086	507.292	1	1	1	1	1	1	1	0
15.08.2015 09:23:10.331000	0.00500011	0.00428376	0.00848839	125.547	674.987	0.00325521	7	4	4	4	0.402951	333	62.1774	0	0	0	0.307393	133.005	0.567583	507.076	1	1	1	1	1	1	1	0
15.08.2015 09:23:10.431000	0.00500011	0.00428376	0.00848839	125.547	675.133	0.00325521	7	4	4	4	0.393627	333	62.1774	0	0	0	0.308254	133.021	0.56917	507.133	1	1	1	1	1	1	1	0
15.08.2015 09:23:10.531000	0.00500011	0.00428376	0.00848839	125.552	675.096	0.00325521	7	4	4	4	0.393507	333	62.1774	0	0	0	0.307436	132.976	0.569109	506.961	1	1	1	1	1	1	1	0
15.08.2015 09:23:10.631000	0.00500011	0.00428376	0.00848839	125.551	675.063	0.00271267	7	4	4	4	0.393121	333	62.1774	0	0	0	0.308015	133.014	0.571001	507.097	1	1	1	1	1	1	1	0
15.08.2015 09:23:10.731000	0.00500011	0.00428376	0.00848839	125.555	675.057	0.00397859	7	4	4	4	0.375213	333	62.1774	0	0	0	0.307386	132.975	0.570086	506.954	1	1	1	1	1	1	1	0
15.08.2015 09:23:10.831000	0.00500011	0.00428376	0.00848839	125.555	675.031	0.00542535	7	4	4	4	0.371163	333	62.1774	0	0	0	0.307393	132.942	0.571551	506.82	1	1	1	1	1	1	1	0
15.08.2015 09:23:10.931000	0.00500011	0.00428376	0.00848839	125.555	675.026	0.00506366	7	4	4	4	0.367594	333	62.1774	0	0	0	0.306952	132.933	0.569903	506.792	1	1	1	1	1	1	1	0
15.08.2015 09:23:11.031000	0.00500011	0.00428376	0.00848839	125.555	675.02	0.00813802	7	4	4	4	0.387523	333	62.1774	0	0	0	0.306959	132.885	0.570696	506.606	1	1	1	1	1	1	1	0
15.08.2015 09:23:11.131000	0.00500011	0.00428376	0.00848839	125.555	675	0.00651042	7	4	4	4	0.392662	333	62.1774	0	0	0	0.307284	132.862	0.570757	506.518	1	1	1	1	1	1	1	0
15.08.2015 09:23:11.231000	0.00500011	0.00428376	0.00848839	125.555	675	0.00596788	7	4	4	4	0.385702	333	62.1774	0	0	0	0.306431	132.82	0.569414	506.36	1	1	1	1	1	1	1	0
15.08.2015 09:23:11.331000	0.00500011	0.00428376	0.00848839	125.555	674.99	0.00651042	7	4	4	4	0.389608	333	62.1774	0	0	0	0.307046	132.809	0.570574	506.315	1	1	1	1	1	1	1	0
15.08.2015 09:23:11.431000	0.00500011	0.00428376	0.00848839	125.555	674.984	0.00651042	7	4	4	4	0.384989	333	62.1774	0	0	0	0.306858	132.785	0.573748	506.21	1	1	1	1	1	1	1	0
15.08.2015 09:23:11.531000	0.00500011	0.00428376	0.00848839	125.555	674.995	0.00651042	7	4	4	4	0.383659	333	62.1774	0	0	0	0.307726	132.762	0.572161	506.129	1	1	1	1	1	1	1	0
15.08.2015 09:23:11.631000	0.00500011	0.00428376	0.00848839	125.555	674.992	0.00705295	7	4	4	4	0.397298	333	62.1774	0	0	0	0.307241	132.753	0.571734	506.096	1	1	1	1	1	1	1	0
15.08.2015 09:23:11.731000	0.00500011	0.00428376	0.00848839	125.555	674.984	0.00651042	7	4	4	4	0.370691	333	62.1774	0	0	0	0.308449	132.774	0.569903	506.184	1	1	1	1	1	1	1	0
15.08.2015 09:23:11.831000	0.00500011	0.00428376	0.00848839	125.555	674.996	0.00596788	7	4	4	4	0.377162	333	62.1774	0	0	0	0.307002	132.706	0.570391	505.922	1	1	1	1	1	1	1	0
15.08.2015 09:23:11.931000	0.00500011	0.00428376	0.00848839	125.555	674.984	0.00651042	7	4	4	4	0.414594	333	62.1774	0	0	0	0.307154	132.697	0.569536	505.891	1	1	1	1	1	1	1	0
15.08.2015 09:23:12.031000	0.00500011	0.00428376	0.00848839	125.555	674.984	0.00651042	7	4	4	4	0.395013	333	62.1774	0	0	0	0.306467	132.654	0.569231	505.728	1	1	1	1	1	1	1	0
15.08.2015 09:23:12.131000	0.00500011	0.00428376	0.00848839	125.555	674.974	0.00614873	7	4	4	4	0.375455	333	62.1774	0	0	0	0.30667	132.655	0.568804	505.733	1	1	1	1	1	1	1	0
15.08.2015 09:23:12.231000	0.00500011	0.00428376	0.00848839	125.555	674.961	0.00542535	7	4	4	4	0.376899	333	62.1774	0	0	0	0.306467	132.623	0.569048	505.609	1	1	1	1	1	1	1	0
15.08.2015 09:23:12.331000	0.00500011	0.00428376	0.00848839	125.555	674.961	0.00434028	7	4	4	4	0.374528	333	62.1774	0	0	0	0.306141	132.609	0.56972	505.55	1	1	1	1	1	1	1	0
15.08.2015 09:23:12.431000	0.00500011	0.00428376	0.00848839	125.555	674.961	0.00325521	7	4	4	4	0.356867	333	62.1774	0	0	0	0.306322	132.595	0.570147	505.498	1	1	1	1	1	1	1	0
15.08.2015 09:23:12.531000	0.00500011	0.00428376	0.00848839	125.555	674.961	0.00180845	7	4	4	4	0.365338	333	62.1774	0	0	0	0.305657	132.573	0.571429	505.407	1	1	1	1	1	1	1	0
15.08.2015 09:23:12.631000	0.00500011	0.00428376	0.00848839	125.555	674.961	0.00108507	7	4	4	4	0.369761	333	62.1774	0	0	0	0.306518	132.553	0.570879	505.334	1	1	1	1	1	1	1	0
15.08.2015 09:23:12.731000	0.00500011	0.00428376	0.00848839	125.555	674.958	0.00072338	7	4	4	4	0.360736	333	62.1774	0	0	0	0.3057	132.531	0.570574	505.249	1	1	1	1	1	1	1	0
15.08.2015 09:23:12.831000	0.00500011	0.00428376	0.00848839	125.555	674.949	0.00108507	7	4	4	4	0.371283	333	62.1774	0	0	0	0.306858	132.507	0.572222	505.152	1	1	1	1	1	1	1	0
15.08.2015 09:23:12.931000	0.00500011	0.00428376	0.00848839	125.555	674.948	0.00108507	7	4	4	4	0.380857	333	62.1774	0	0	0	0.305939	132.49	0.570208	505.094	1	1	1	1	1	1	1	0
15.08.2015 09:23:13.031000	0.00500011	0.00428376	0.00848839	125.555	674.945	0.000542535	7	4	4	4	0.367363	333	62.1774	0	0	0	0.306525	132.473	0.570818	505.027	1	1	1	1	1	1	1	0
15.08.2015 09:23:13.131000	0.00500011	0.00428376	0.00848839	125.555	674.945	0.00072338	7	4	4	4	0.383105	333	62.1774	0	0	0	0.305744	132.469	0.571001	505.011	1	1	1	1	1	1	1	0
15.08.2015 09:23:13.231000	0.00500011	0.00428376	0.00848839	125.555	674.945	0.00108507	7	4	4	4	0.391484	333	62.1774	0	0	0	0.306236	132.436	0.570635	504.888	1	1	1	1	1	1	1	0
15.08.2015 09:23:13.331000	0.00500011	0.00428376	0.00848839	125.555	674.945	0.00108507	7	4	4	4	0.394483	333	62.1774	0	0	0	0.306272	132.382	0.570574	504.68	1	1	1	1	1	1	1	0
15.08.2015 09:23:13.431000	0.00500011	0.00428376	0.00848839	125.555	674.945	0.000542535	7	4	4	4	0.356732	333	62.1774	0	0	0	0.306764	132.409	0.571062	504.78	1	1	1	1	1	1	1	0
15.08.2015 09:23:13.531000	0.00500011	0.00428376	0.00848839	125.555	674.935	0.00253183	7	4	4	4	0.378883	333	62.1774	0	0	0	0.30748	132.376	0.572955	504.647	1	1	1	1	1	1	1	0
15.08.2015 09:23:13.631000	0.00500011	0.00428376	0.00848839	125.555	674.938	0.00271267	7	4	4	4	0.393697	333	62.1774	0	0	0	0.30816	132.365	0.5721	504.607	1	1	1	1	1	1	1	0
15.08.2015 09:23:13.731000	0.00500011	0.00428376	0.00848839	125.555	674.93	0.00651042	7	4	4	4	0.397533	333	62.1774	0	0	0	0.309505	132.347	0.571917	504.542	1	1	1	1	1	1	1	0
15.08.2015 09:23:13.831000	0.00500011	0.00428376	0.00848839	125.555	674.938	0.00542535	7	4	4	4	0.380682	333	62.1774	0	0	0	0.310084	132.353	0.573748	504.557	1	1	1	1	1	1	1	0
15.08.2015 09:23:13.931000	0.00500011	0.00428376	0.00848839	125.555	674.956	0.00506366	7	4	4	4	0.395988	333	62.1774	0	0	0	0.31182	132.296	0.578326	504.322	1	1	1	1	1	1	1	0
15.08.2015 09:23:14.031000	0.00500011	0.00428376	0.00848839	125.555	674.953	0.00651042	7	4	4	4	0.376529	333	62.1774	0	0	0	0.312782	132.284	0.581683	504.26	1	1	1	1	1	1	1	0
15.08.2015 09:23:14.131000	0.00500011	0.00428376	0.00848839	125.555	674.961	0.00687211	7	4	4	4	0.393302	333	62.1774	0	0	0	0.314959	132.283	0.583087	504.253	1	1	1	1	1	1	1	0
15.08.2015 09:23:14.231000	0.00500011	0.00428376	0.00848839	125.555	674.957	0.00813802	7	4	4	4	0.389537	333	62.1774	0	0	0	0.315242	132.22	0.593402	503.972	1	1	1	1	1	1	1	0
15.08.2015 09:23:14.331000	0.00500011	0.00428376	0.00848839	125.555	674.961	0.00831887	7	4	4	4	0.41473	333	62.1774	0	0	0	0.316312	132.23	0.597308	503.995	1	1	1	1	1	1	1	0
15.08.2015 09:23:14.431000	0.00500011	0.00428376	0.00848839	125.555	674.969	0.00868056	7	4	4	4	0.396006	333	62.1774	0	0	0	0.316594	132.219	0.602741	503.931	1	1	1	1	1	1	1	0
15.08.2015 09:23:14.531000	0.00500011	0.00428376	0.00848839	125.555	674.974	0.00759549	7	4	4	4	0.406423	333	62.1774	0	0	0	0.317086	132.178	0.607807	503.755	1	1	1	1	1	1	1	0
15.08.2015 09:23:14.631000	0.00500011	0.00428376	0.00848839	125.555	674.961	0.00868056	7	4	4	4	0.374388	333	62.1774	0	0	0	0.317267	132.175	0.611164	503.733	1	1	1	1	1	1	1	0
15.08.2015 09:23:14.731000	0.00500011	0.00428376	0.00848839	125.555	674.977	0.00759549	7	4	4	4	0.405498	333	62.1774	0	0	0	0.31752	132.132	0.61507	503.552	1	1	1	1	1	1	1	0
15.08.2015 09:23:14.831000	0.00500011	0.00428376	0.00848839	125.555	674.977	0.00651042	7	4	4	4	0.377273	333	62.1774	0	0	0	0.318092	132.117	0.622028	503.469	1	1	1	1	1	1	1	0
15.08.2015 09:23:14.931000	0.00500011	0.00428376	0.00848839	125.555	674.984	0.00651042	7	4	4	4	0.369572	333	62.1774	0	0	0	0.316797	132.136	0.620991	503.543	1	1	1	1	1	1	1	0
15.08.2015 09:23:15.031000	0.00500011	0.00428376	0.00848839	125.555	674.988	0.00596788	7	4	4	4	0.397851	333	62.1774	0	0	0	0.316696	132.094	0.623798	503.373	1	1	1	1	1	1	1	0
15.08.2015 09:23:15.131000	0.00500011	0.00428376	0.00848839	125.555	674.99	0.00614873	7	4	4	4	0.376318	333	62.1774	0	0	0	0.315589	132.067	0.628742	503.251	1	1	1	1	1	1	1	0
15.08.2015 09:23:15.231000	0.00500011	0.00428376	0.00848839	125.555	674.996	0.00596788	7	4	4	4	0.384431	333	62.1774	0	0	0	0.316551	132.055	0.629536	503.201	1	1	1	1	1	1	1	0
15.08.2015 09:23:15.331000	0.00500011	0.00428376	0.00848839	125.555	675.005	0.00614873	7	4	4	4	0.380403	333	62.1774	0	0	0	0.31616	132.025	0.633442	503.073	1	1	1	1	1	1	1	0
15.08.2015 09:23:15.431000	0.00500011	0.00428376	0.00848839	125.555	675.023	0.00542535	7	4	4	4	0.393819	333	62.1774	0	0	0	0.317513	132.024	0.637104	503.053	1	1	1	1	1	1	1	0
15.08.2015 09:23:15.531000	0.00500011	0.00428376	0.00848839	125.555	675.023	0.0036169	7	4	4	4	0.359264	333	62.1774	0	0	0	0.317513	131.999	0.636311	502.96	1	1	1	1	1	1	1	0
15.08.2015 09:23:15.631000	0.00500011	0.00428376	0.00848839	125.535	674.977	0.00325521	7	4	4	4	0.371089	333	62.1774	0	0	0	0.317904	131.958	0.636494	502.803	1	1	1	1	1	1	1	0
15.08.2015 09:23:15.731000	0.00500011	0.00428376	0.00848839	125.469	675.052	0.00144676	7	4	4	4	0.367241	333	62.1774	0	0	0	0.31862	131.957	0.638997	502.792	1	1	1	1	1	1	1	0
15.08.2015 09:23:15.831000	0.00500011	0.00428376	0.00848839	125.465	675.02	0.00271267	7	4	4	4	0.390732	333	62.1774	0	0	0	0.318627	131.931	0.640645	502.683	1	1	1	1	1	1	1	0
15.08.2015 09:23:15.931000	0.00500011	0.00428376	0.00848839	125.469	675.039	0.00108507	7	4	4	4	0.397258	333	62.1774	0	0	0	0.319582	131.934	0.64217	502.689	1	1	1	1	1	1	1	0
15.08.2015 09:23:16.031000	0.00500011	0.00428376	0.00848839	125.469	675.027	0	7	4	4	4	0.396578	333	62.1774	0	0	0	0.319878	131.911	0.644185	502.594	1	1	1	1	1	1	1	0
15.08.2015 09:23:16.131000	0.00500011	0.00428376	0.00848839	125.469	675.042	0.00108507	7	4	4	4	0.376789	333	62.1774	0	0	0	0.320696	131.865	0.641987	502.428	1	1	1	1	1	1	1	0
15.08.2015 09:23:16.231000	0.00500011	0.00428376	0.00848839	125.469	675.039	0.000542535	7	4	4	4	0.414659	333	62.1774	0	0	0	0.320218	131.86	0.638813	502.42	1	1	1	1	1	1	1	0
15.08.2015 09:23:16.331000	0.00500011	0.00428376	0.00848839	125.458	675.109	0.00144676	7	4	4	4	0.379534	333	62.1774	0	0	0	0.320747	131.84	0.64217	502.331	1	1	1	1	1	1	1	0
15.08.2015 09:23:16.431000	0.00500011	0.00428376	0.00848839	125.465	675.066	0.00108507	7	4	4	4	0.39926	333	62.1774	0	0	0	0.319784	131.809	0.642598	502.211	1	1	1	1	1	1	1	0
15.08.2015 09:23:16.531000	0.00500011	0.00428376	0.00848839	125.464	675.07	-0.00036169	7	4	4	4	0.394772	333	62.1774	0	0	0	0.320023	131.816	0.641865	502.24	1	1	1	1	1	1	1	0
15.08.2015 09:23:16.631000	0.00500011	0.00428376	0.00848839	125.469	675.063	-0.00108507	7	4	4	4	0.395427	333	62.1774	0	0	0	0.319828	131.736	0.643086	501.93	1	1	1	1	1	1	1	0
15.08.2015 09:23:16.731000	0.00500011	0.00428376	0.00848839	125.469	675.065	-0.00217014	7	4	4	4	0.396511	333	62.1774	0	0	0	0.31969	131.724	0.642964	501.883	1	1	1	1	1	1	1	0
15.08.2015 09:23:16.831000	0.00500011	0.00428376	0.00848839	125.461	675.063	0	7	4	4	4	0.388283	333	62.1774	0	0	0	0.319871	131.748	0.642842	501.977	1	1	1	1	1	1	1	0
15.08.2015 09:23:16.931000	0.00500011	0.00428376	0.00848839	125.466	675.073	-0.00144676	7	4	4	4	0.384088	333	62.1774	0	0	0	0.320414	131.735	0.644368	501.92	1	1	1	1	1	1	1	0
15.08.2015 09:23:17.031000	0.00500011	0.00428376	0.00848839	125.465	675.066	-0.00108507	7	4	4	4	0.378889	333	62.1774	0	0	0	0.320884	131.768	0.646626	502.039	1	1	1	1	1	1	1	0
15.08.2015 09:23:17.131000	0.00500011	0.00428376	0.00848839	125.466	675.06	-0.00108507	7	4	4	4	0.382815	333	62.1774	0	0	0	0.321904	131.694	0.645161	501.759	1	1	1	1	1	1	1	0
15.08.2015 09:23:17.231000	0.00500011	0.00428376	0.00848839	125.469	675.063	0.000542535	7	4	4	4	0.375785	333	62.1774	0	0	0	0.323633	131.689	0.644795	501.743	1	1	1	1	1	1	1	0
15.08.2015 09:23:17.331000	0.00500011	0.00428376	0.00848839	125.469	675.063	0.00108507	7	4	4	4	0.368497	333	62.1774	0	0	0	0.324363	131.697	0.644368	501.773	1	1	1	1	1	1	1	0
15.08.2015 09:23:17.431000	0.00500011	0.00428376	0.00848839	125.469	675.063	0.00108507	7	4	4	4	0.378841	333	62.1774	0	0	0	0.325998	131.673	0.644368	501.681	1	1	1	1	1	1	1	0
15.08.2015 09:23:17.531000	0.00500011	0.00428376	0.00848839	125.469	675.063	0.00144676	7	4	4	4	0.39373	333	62.1774	0	0	0	0.32576	131.645	0.643391	501.577	1	1	1	1	1	1	1	0
15.08.2015 09:23:17.631000	0.00500011	0.00428376	0.00848839	125.469	675.063	0.00271267	7	4	4	4	0.386199	333	62.1774	0	0	0	0.327973	131.601	0.646565	501.399	1	1	1	1	1	1	1	0
15.08.2015 09:23:17.731000	0.00500011	0.00428376	0.00848839	125.469	675.063	0.00108507	7	4	4	4	0.373742	333	62.1774	0	0	0	0.329131	131.559	0.646565	501.237	1	1	1	1	1	1	1	0
15.08.2015 09:23:17.831000	0.00500011	0.00428376	0.00848839	125.469	675.063	0.00325521	7	4	4	4	0.34924	333	62.1774	0	0	0	0.331167	131.639	0.647671	501.539	1	1	1	1	1	1	1	0
