Time	[76:0]	[76:1]	[76:2]	[76:4]	[76:8]	[76:70]	[76:71]	[78:0]	[78:1]	[78:2]	[79:2]	[79:3]	[79:4]	[79:8]	[79:9]	[79:10]	[79:11]	[79:12]	[79:13]	[79:14]	[79.0]	[79.1]	[79.2]	[79.3]	[79.4]	[79.5]	[79.6]	[79.8]
time	Hoogteverstelling - Referentie positie (mm)	Hoogteverstelling - AZ gemeten positie (mm)	Hoogteverstelling - BZ gemeten positie (mm)	Transfert Ingang - Gemeten positie (mm)	Transfert Uitgang - Gemeten positie (mm)	Aardgas - actueel debiet	Stappenschakelaar - gemeten pos	Laspos Ing - positie discreet	Laspos Uitg - positie discreet	Schaafverstelling - positie discreet	Stuikraam - Totale Stroommeting RMS-waarde (A)	Stuikraam - Stroomreferentie (A)	Stuikraam - Positie AZ (mm, pulsgever)	Stuikraam - Referentie Servo-ventiel (%)	Stuikraam - Trim door I-regelaar (%)	Stuikraam - Gemeten snelheid (mm/s, pulsgever)	Secundaire lasspanning	Stuikraam - Druk stuikcilinder voorkamer (=laszijde)  (bar)	Stuikraam - Druk stuikcilinder terugloopkamer  (bar)	Stuikraam - Netto voorwaartse kracht op stuikraam (kN)	Stuikraam - P1	Stuikraam - P2	Stuikraam - P3	Stuikraam - P4	Stuikraam - P5	Stuikraam - P6	Stuikraam - P7	Stuikraam - Openen stuikventielen	

Lasparameter.Ingang - Coil ID	0330632S
Lasparameter.Ingang - Dikte (um)	3770
Lasparameter.Ingang - Breedte (mm)	1360
Lasparameter.Ingang - Materiaal	0001
Lasparameter.Uitgang - Coil ID	0331245S
Lasparameter.Uitgang - Dikte (um)	3740
Lasparameter.Uitgang - Breedte (mm)	1366
Lasparameter.Uitgang - Materiaal	0001
Lasparameter.P2 (mm)	24.0
Lasparameter.P3 (mm)	34.0
Lasparameter.P4 (mm)	42.2
Lasparameter.P5 (mm)	51.3
Lasparameter.P6 (mm)	58.2
Lasparameter.P7 (mm)	62.2
Lasparameter.Vonksnelheid (mm/s)	1.20
Lasparameter.Lassnelheid (mm/s)	0.48
Lasparameter.Stroom Referentie (A)	0361
Lasparameter.Stroomtoename (µA/s2)	46.6
Lasparameter.Stuikstroomtijd (per)	0008
Lasparameter.Afkoeltijd Stuik (per)	0010
Lasparameter.Stuikdruk (bar)	0105
Lasparameter.Stuiksnelheid (%)	90.0

19.08.2015 07:51:43.089000	-0.015	-0.0214113	-0.0169887	0.0234375	-0.125	-0.00379774	5	4	4	4	0.230221	361	0	0	0	0	0.360959	2.57668	123.098	-461.454	1	0	0	0	0	0	0	0
19.08.2015 07:51:43.189000	-0.015	-0.0214113	-0.0169887	0.0351563	-0.578125	-0.00325521	5	4	4	4	0.262593	361	0	0	0	0	0.360684	2.90329	123.094	-460.185	1	0	0	0	0	0	0	0
19.08.2015 07:51:43.289000	-0.015	-0.0214113	-0.0169887	0.0390625	-3.29427	-0.0036169	5	4	4	4	0.253524	361	0	0	0	0	0.360388	4.46895	123.123	-454.302	1	0	0	0	0	0	0	0
19.08.2015 07:51:43.389000	-0.015	-0.0214113	-0.0169887	0.0390625	-13.5664	-0.0016276	5	4	4	4	0.254646	361	0	0	0	0	0.360677	4.94961	123.118	-452.444	1	0	0	0	0	0	0	0
19.08.2015 07:51:43.489000	-0.015	-0.0214113	-0.0169887	0.0390625	-32.0781	-0.00108507	5	4	4	4	0.245171	361	0	0	0	0	0.36067	4.7499	123.084	-453.079	1	0	0	0	0	0	0	0
19.08.2015 07:51:43.589000	-0.015	-0.0214113	-0.0169887	0.0429688	-53.1211	-0.0016276	5	4	4	4	0.245444	361	0	0	0	0	0.360836	4.7488	123.057	-452.979	1	0	0	0	0	0	0	0
19.08.2015 07:51:43.689000	-0.015	-0.0214113	-0.0169887	0	-89.7109	-0.00144676	5	4	4	4	0.242498	361	0	0	0	0	0.360822	4.8796	123.038	-452.404	1	0	0	0	0	0	0	0
19.08.2015 07:51:43.789000	-0.015	-0.0214113	-0.0169887	0	-120.16	-0.0016276	5	4	4	4	0.295796	361	0	0	0	0	0.36169	6.80502	123.099	-445.267	1	0	0	0	0	0	0	0
19.08.2015 07:51:43.889000	-0.015	-0.0214113	-0.0169887	0.00260417	-154.479	-0.00144676	5	4	4	4	0.263059	361	0	0	0	0	0.361118	3.22697	122.946	-458.379	1	0	0	0	0	0	0	0
19.08.2015 07:51:43.989000	-0.015	-0.0214113	-0.0169887	0	-200.359	-0.0016276	5	4	4	4	0.255637	361	0	0	0	0	0.362261	5.94067	123.026	-448.298	1	0	0	0	0	0	0	0
19.08.2015 07:51:44.089000	-0.015	-0.0214113	-0.0169887	0.00260417	-248.51	-0.00180845	5	4	4	4	0.26181	361	0	0	0	0	0.361994	4.61953	122.959	-453.098	1	0	0	0	0	0	0	0
19.08.2015 07:51:44.189000	-0.015	-0.0214113	-0.0169887	0.00390625	-288.395	-0.0016276	5	4	4	4	0.288632	361	0	0	0	0	0.362543	4.811	122.946	-452.314	1	0	0	0	0	0	0	0
19.08.2015 07:51:44.289000	-0.015	-0.0214113	-0.0169887	0	-328.026	-0.00144676	5	4	4	4	0.273972	361	0	0	0	0	0.363151	6.52559	122.996	-445.941	1	0	0	0	0	0	0	0
19.08.2015 07:51:44.389000	-0.015	-0.0214113	-0.0169887	-0.0078125	-383.84	-0.0016276	5	4	4	4	0.260913	361	0	0	0	0	0.362695	2.73116	122.842	-459.882	1	0	0	0	0	0	0	0
19.08.2015 07:51:44.489000	-0.015	-0.0214113	-0.0169887	0	-423.857	-0.00180845	5	4	4	4	0.241593	361	0	0	0	0	0.363296	6.07904	122.929	-447.395	1	0	0	0	0	0	0	0
19.08.2015 07:51:44.589000	-0.015	-0.0214113	-0.0169887	0.0078125	-463.512	-0.0016276	5	4	4	4	0.245165	361	0	0	0	0	0.363571	6.74361	122.966	-444.992	1	0	0	0	0	0	0	0
19.08.2015 07:51:44.689000	-0.015	-0.0214113	-0.0169887	0	-508.411	-0.00108507	5	4	4	4	0.251417	361	0	0	0	0	0.364439	4.13575	122.853	-454.545	1	0	0	0	0	0	0	0
19.08.2015 07:51:44.789000	-0.015	-0.0214113	-0.0169887	0	-557.449	-0.00217014	5	4	4	4	0.229044	361	0	0	0	0	0.36386	5.64501	122.883	-448.88	1	0	0	0	0	0	0	0
19.08.2015 07:51:44.889000	-0.015	-0.0214113	-0.0169887	-0.0208333	-588.615	-0.00072338	5	4	4	4	0.240268	361	0	0	0	0	0.363853	5.14383	122.825	-450.579	1	0	0	0	0	0	0	0
19.08.2015 07:51:44.989000	-0.015	-0.0214113	-0.0169887	-0.0078125	-613.281	0.0016276	5	4	4	4	0.270566	361	0	0	0	0	0.363137	5.08219	122.789	-450.675	1	0	0	0	0	0	0	0
19.08.2015 07:51:45.089000	-0.015	-0.0214113	-0.0169887	0	-636.365	0.00036169	5	4	4	4	0.261855	361	0	0	0	0	0.363433	5.53069	122.774	-448.901	1	0	0	0	0	0	0	0
19.08.2015 07:51:45.189000	-0.015	-0.0214113	-0.0169887	0	-651.996	0	5	4	4	4	0.251204	361	0	0	0	0	0.364605	5.31138	122.742	-449.618	1	0	0	0	0	0	0	0
19.08.2015 07:51:45.289000	-0.015	-0.0214113	-0.0169887	-0.0130208	-660.654	-0.00036169	5	4	4	4	0.210466	361	0	0	0	0	0.36603	4.41365	122.682	-452.826	1	0	0	0	0	0	0	0
19.08.2015 07:51:45.389000	-0.015	-0.0214113	-0.0169887	-0.0234375	-665.008	-0.00108507	5	4	4	4	0.254672	361	0	0	0	0	0.36603	2.8544	122.59	-458.445	1	0	0	0	0	0	0	0
19.08.2015 07:51:45.489000	-0.015	-0.0214113	-0.0169887	-0.00260417	-666.573	-0.00144676	5	4	4	4	0.290523	361	0	0	0	0	0.365155	4.16431	122.594	-453.444	1	0	0	0	0	0	0	0
19.08.2015 07:51:45.589000	-0.015	-0.0214113	-0.0169887	0.164063	-667.941	-0.00108507	5	4	4	4	0.24917	361	0	0	0	0	0.365307	4.47108	122.592	-452.261	1	0	0	0	0	0	0	0
19.08.2015 07:51:45.689000	-0.015	-0.0214113	-0.0169887	0.794271	-668.234	-0.00108507	5	4	4	4	0.239514	361	0	0	0	0	0.364142	4.84371	122.578	-450.781	1	0	0	0	0	0	0	0
19.08.2015 07:51:45.789000	-0.015	-0.0214113	-0.0169887	6.15234	-668.238	-0.00108507	5	4	4	4	0.228472	361	0	0	0	0	0.36428	5.83166	122.582	-447.012	1	0	0	0	0	0	0	0
19.08.2015 07:51:45.889000	-0.015	-0.0214113	-0.0169887	30.2161	-668.232	-0.00144676	5	4	4	4	0.267992	361	0	0	0	0	0.362854	4.44508	122.533	-452.134	1	0	0	0	0	0	0	0
19.08.2015 07:51:45.989000	-0.015	-0.0214113	-0.0169887	49.5195	-668.242	-0.00108507	5	4	4	4	0.257019	361	0	0	0	0	0.363267	4.59255	122.506	-451.468	1	0	0	0	0	0	0	0
19.08.2015 07:51:46.089000	-0.015	-0.0214113	-0.0169887	73.5781	-668.242	-0.00180845	5	4	4	4	0.249283	361	0	0	0	0	0.361827	5.04892	122.493	-449.671	1	0	0	0	0	0	0	0
19.08.2015 07:51:46.189000	-0.015	-0.0214113	-0.0169887	109.074	-668.238	-0.0016276	5	4	4	4	0.244822	361	0	0	0	0	0.361097	4.01221	122.445	-453.454	1	0	0	0	0	0	0	0
19.08.2015 07:51:46.289000	-0.015	-0.0214113	-0.0169887	150.883	-668.25	0	5	4	4	4	0.241136	361	0	0	0	0	0.360547	5.00674	122.439	-449.624	1	0	0	0	0	0	0	0
19.08.2015 07:51:46.389000	-0.015	-0.0214113	-0.0169887	189.93	-668.25	0.000542535	5	4	4	4	0.258812	361	0	0	0	0	0.360945	5.05509	122.418	-449.361	1	0	0	0	0	0	0	0
19.08.2015 07:51:46.489000	-0.015	-0.0214113	-0.0169887	231.958	-668.25	0.00072338	5	4	4	4	0.272809	361	0	0	0	0	0.360106	4.54018	122.382	-451.193	1	0	0	0	0	0	0	0
19.08.2015 07:51:46.589000	-0.015	-0.0214113	-0.0169887	290.988	-668.25	0.000542535	5	4	4	4	0.250072	361	0	0	0	0	0.361126	4.70205	122.361	-450.494	1	0	0	0	0	0	0	0
19.08.2015 07:51:46.689000	-0.015	-0.0214113	-0.0169887	332.893	-668.25	0.00036169	5	4	4	4	0.235327	361	0	0	0	0	0.364048	4.79983	122.337	-450.026	1	0	0	0	0	0	0	0
19.08.2015 07:51:46.789000	-0.015	-0.0214113	-0.0169887	375.012	-668.25	0	5	4	4	4	0.258276	361	0	0	0	0	0.367079	4.7178	122.313	-450.247	1	0	0	0	0	0	0	0
19.08.2015 07:51:46.889000	-0.015	-0.0214113	-0.0169887	422.089	-668.253	0.00036169	5	4	4	4	0.240795	361	0	0	0	0	0.370826	4.59621	122.287	-450.616	1	0	0	0	0	0	0	0
19.08.2015 07:51:46.989000	-0.015	-0.0214113	-0.0169887	467.008	-668.258	-0.0016276	5	4	4	4	0.242014	361	0	0	0	0	0.37241	4.51827	122.262	-450.818	1	0	0	0	0	0	0	0
19.08.2015 07:51:47.089000	-0.015	-0.0214113	-0.0169887	491.06	-668.258	-0.00180845	5	4	4	4	0.237428	361	0	0	0	0	0.374732	4.5259	122.235	-450.684	1	0	0	0	0	0	0	0
19.08.2015 07:51:47.189000	-0.015	-0.0214113	-0.0169887	506.77	-668.258	-0.0016276	5	4	4	4	0.233762	361	0	0	0	0	0.376468	3.94006	122.258	-453.015	1	0	0	0	0	0	0	0
19.08.2015 07:51:47.289000	-0.015	-0.0214113	-0.0169887	523.328	-668.263	0.00108507	5	4	4	4	0.237907	361	0	0	0	0	0.378183	4.29389	122.47	-452.473	1	0	0	0	0	0	0	0
19.08.2015 07:51:47.389000	-0.015	-0.0214113	-0.0169887	543.637	-668.262	0	5	4	4	4	0.246561	361	0	0	0	0	0.378639	4.78713	122.7	-451.465	1	0	0	0	0	0	0	0
19.08.2015 07:51:47.489000	-0.015	-0.0214113	-0.0169887	559.063	-668.266	0.00072338	5	4	4	4	0.240602	361	0	0	0	0	0.379774	4.31159	123.207	-455.226	1	0	0	0	0	0	0	0
19.08.2015 07:51:47.589000	-0.015	-0.0214113	-0.0169887	574.508	-668.266	0.000542535	5	4	4	4	0.244493	361	0	0	0	0	0.380809	4.37727	124.313	-459.21	1	0	0	0	0	0	0	0
19.08.2015 07:51:47.689000	-0.015	-0.0214113	-0.0169887	593.964	-668.266	0.00036169	5	4	4	4	0.269269	361	0	0	0	0	0.381069	4.5685	124.37	-458.696	1	0	0	0	0	0	0	0
19.08.2015 07:51:47.789000	-0.015	-0.0214113	-0.0169887	610.434	-668.266	0.00108507	5	4	4	4	0.268502	361	0	0	0	0	0.382104	4.41475	124.764	-460.792	1	0	0	0	0	0	0	0
19.08.2015 07:51:47.889000	-0.015	-0.0214113	-0.0169887	625.19	-668.266	0	5	4	4	4	0.244057	361	0	0	0	0	0.382675	4.35755	125.055	-462.128	1	0	0	0	0	0	0	0
19.08.2015 07:51:47.989000	-0.015	-0.0214113	-0.0169887	639.367	-668.273	0.000542535	5	4	4	4	0.225854	361	0	0	0	0	0.383681	4.48012	125.254	-462.417	1	0	0	0	0	0	0	0
19.08.2015 07:51:48.089000	-0.015	-0.0214113	-0.0169887	657.984	-668.271	0.00036169	5	4	4	4	0.264379	361	0	0	0	0	0.383109	4.47548	125.458	-463.218	1	0	0	0	0	0	0	0
19.08.2015 07:51:48.189000	-0.015	-0.0214113	-0.0169887	670.688	-668.273	0.00108507	5	4	4	4	0.267114	361	0	0	0	0	0.384115	4.40309	125.697	-464.409	1	0	0	0	0	0	0	0
19.08.2015 07:51:48.289000	-0.015	-0.0214113	-0.0169887	682.268	-668.273	0.00036169	5	4	4	4	0.24519	361	0	0	0	0	0.384122	4.4308	125.947	-465.26	1	0	0	0	0	0	0	0
19.08.2015 07:51:48.389000	-0.015	-0.0214113	-0.0169887	694.691	-668.273	0.000542535	5	4	4	4	0.236009	361	0	0	0	0	0.384686	4.39625	126.183	-466.298	1	0	0	0	0	0	0	0
19.08.2015 07:51:48.489000	-0.015	-0.0214113	-0.0169887	704.117	-668.273	0.00072338	5	4	4	4	0.235297	361	0	0	0	0	0.384411	4.32209	126.392	-467.383	1	0	0	0	0	0	0	0
19.08.2015 07:51:48.589000	-0.015	-0.0214113	-0.0169887	709.125	-668.273	0.000542535	5	4	4	4	0.234013	361	0	0	0	0	0.384245	4.30805	126.439	-467.615	1	0	0	0	0	0	0	0
19.08.2015 07:51:48.689000	-0.015	-0.0214113	-0.0169887	710.32	-668.273	0.00108507	5	4	4	4	0.244722	361	0	0	0	0	0.38397	4.40645	126.724	-468.329	1	0	0	0	0	0	0	0
19.08.2015 07:51:48.789000	-0.015	-0.0214113	-0.0169887	711.047	-668.273	0	5	4	4	4	0.233107	361	0	0	0	0	0.383239	4.35707	127.341	-470.882	1	0	0	0	0	0	0	0
19.08.2015 07:51:48.889000	-0.015	-0.0214113	-0.0169887	711.094	-668.273	0.00072338	5	4	4	4	0.25347	361	0	0	0	0	0.382668	4.37367	127.342	-470.819	1	0	0	0	0	0	0	0
19.08.2015 07:51:48.989000	-0.015	-0.0214113	-0.0169887	711.094	-668.273	0.0016276	5	4	4	4	0.240889	361	0	0	0	0	0.381937	5.01797	127.41	-468.613	1	0	0	0	0	0	0	0
19.08.2015 07:51:49.089000	-0.015	-0.0214113	-0.0169887	711.094	-668.273	0.00036169	5	4	4	4	0.27354	361	0	0	0	0	0.382227	4.42194	127.508	-471.308	1	0	0	0	0	0	0	0
19.08.2015 07:51:49.189000	-0.015	-0.0214113	-0.0169887	711.094	-668.273	0.00325521	5	4	4	4	0.268893	361	0	0	0	0	0.382104	4.50185	127.798	-472.072	1	0	0	0	0	0	0	0
19.08.2015 07:51:49.289000	-0.015	-0.0214113	-0.0169887	711.094	-668.279	0.00036169	5	4	4	4	0.237765	361	0	0	0	0	0.380845	4.69332	128.04	-472.27	1	0	0	0	0	0	0	0
19.08.2015 07:51:49.389000	-0.015	-0.0214113	-0.0169887	711.094	-668.281	0.000542535	5	4	4	4	0.260327	361	0	0	0	0	0.377271	4.29408	128.205	-474.432	1	0	0	0	0	0	0	0
19.08.2015 07:51:49.489000	-0.015	-0.0214113	-0.0169887	711.096	-668.281	0.00072338	5	4	4	4	0.28719	361	0	0	0	0	0.374349	4.45259	128.369	-474.452	1	0	0	0	0	0	0	0
19.08.2015 07:51:49.589000	-0.015	-0.0214113	-0.0169887	711.098	-668.281	-0.000542535	5	4	4	4	0.27335	361	0	0	0	0	0.372092	4.62777	128.496	-474.265	1	0	0	0	0	0	0	0
19.08.2015 07:51:49.689000	-0.015	-0.0214113	-0.0169887	711.099	-668.279	-0.00144676	5	4	4	4	0.24376	361	0	0	0	0	0.370891	4.4944	128.627	-475.281	1	0	0	0	0	0	0	0
19.08.2015 07:51:49.789000	-0.015	-0.0214113	-0.0169887	711.102	-668.277	-0.0016276	5	4	4	4	0.26818	361	0	0	0	0	0.369372	4.59407	128.787	-475.511	1	0	0	0	0	0	0	0
19.08.2015 07:51:49.889000	-0.015	-0.0214113	-0.0169887	711.102	-668.279	-0.00180845	5	4	4	4	0.254116	361	0	0	0	0	0.36875	4.63332	128.953	-475.995	1	0	0	0	0	0	0	0
19.08.2015 07:51:49.989000	-0.015	-0.0214113	-0.0169887	711.098	-668.281	-0.00108507	5	4	4	4	0.268239	361	0	0	0	0	0.368649	4.48213	129.092	-477.104	1	0	0	0	0	0	0	0
19.08.2015 07:51:50.089000	-0.015	-0.0214113	-0.0169887	711.102	-668.281	-0.00108507	5	4	4	4	0.278636	361	0	0	0	0	0.368634	4.49605	129.178	-477.382	1	0	0	0	0	0	0	0
19.08.2015 07:51:50.189000	-0.015	-0.0214113	-0.0169887	711.102	-668.281	-0.00108507	5	4	4	4	0.255289	361	0	0	0	0	0.369213	4.57601	129.153	-476.981	1	0	0	0	0	0	0	0
19.08.2015 07:51:50.289000	-0.015	-0.0214113	-0.0169887	711.102	-668.289	-0.00108507	5	4	4	4	0.259821	361	0	0	0	0	0.369242	4.5287	129.337	-477.868	1	0	0	0	0	0	0	0
19.08.2015 07:51:50.389000	-0.015	-0.0214113	-0.0169887	711.105	-668.285	-0.0016276	5	4	4	4	0.277241	361	0	0	0	0	0.370211	3.76189	129.813	-482.625	1	0	0	0	0	0	0	0
19.08.2015 07:51:50.489000	-0.015	-0.0214113	-0.0169887	711.109	-668.289	-0.00144676	5	4	4	4	0.285538	361	0	0	0	0	0.369951	4.49635	128.496	-474.771	1	0	0	0	0	0	0	0
19.08.2015 07:51:50.589000	-0.015	-0.0214113	-0.0169887	711.109	-668.289	-0.0016276	5	4	4	4	0.266881	361	0	0	0	0	0.369922	4.71786	128.547	-474.117	1	0	0	0	0	0	0	0
19.08.2015 07:51:50.689000	-0.015	-0.0214113	-0.0169887	711.109	-668.289	-0.00325521	5	4	4	4	0.241532	361	0	0	0	0	0.370255	5.52361	130.15	-477.169	1	0	0	0	0	0	0	0
19.08.2015 07:51:50.789000	-0.015	-0.0214113	-0.0169887	711.117	-668.289	-0.00325521	5	4	4	4	0.2364	361	0	0	0	0	0.370935	5.1995	129.991	-477.803	1	0	0	0	0	0	0	0
19.08.2015 07:51:50.889000	-0.015	-0.0214113	-0.0169887	711.117	-668.286	-0.0036169	5	4	4	4	0.288753	361	0	0	0	0	0.370964	4.7496	129.369	-477.143	1	0	0	0	0	0	0	0
19.08.2015 07:51:50.989000	-0.015	-0.0214113	-0.0169887	711.121	-668.289	-0.00325521	5	4	4	4	0.282232	361	0	0	0	0	0.370804	5.06143	128.938	-474.298	1	0	0	0	0	0	0	0
19.08.2015 07:51:51.089000	-0.015	-0.0214113	-0.0169887	711.117	-668.289	-0.00506366	5	4	4	4	0.277016	361	0	0	0	0	0.371398	5.04398	128.86	-474.067	1	0	0	0	0	0	0	0
19.08.2015 07:51:51.189000	-0.015	-0.0214113	-0.0169887	711.121	-668.289	-0.00108507	5	4	4	4	0.274221	361	0	0	0	0	0.371976	4.88968	128.807	-474.454	1	0	0	0	0	0	0	0
19.08.2015 07:51:51.289000	-0.015	-0.0214113	-0.0169887	711.125	-668.289	-0.00144676	5	4	4	4	0.246557	361	0	0	0	0	0.372526	4.93625	128.779	-474.168	1	0	0	0	0	0	0	0
19.08.2015 07:51:51.389000	-0.015	-0.0214113	-0.0169887	711.121	-668.289	-0.0016276	5	4	4	4	0.258434	361	0	0	0	0	0.371976	5.09336	128.698	-473.257	1	0	0	0	0	0	0	0
19.08.2015 07:51:51.489000	-0.015	-0.0214113	-0.0169887	711.12	-668.289	-0.00144676	5	4	4	4	0.253501	361	0	0	0	0	0.373119	4.9368	128.557	-473.317	1	0	0	0	0	0	0	0
19.08.2015 07:51:51.589000	-0.015	-0.0214113	-0.0169887	711.121	-668.289	-0.00108507	5	4	4	4	0.260322	361	0	0	0	0	0.372989	4.8337	128.345	-472.901	1	0	0	0	0	0	0	0
19.08.2015 07:51:51.689000	-0.015	-0.0214113	-0.0169887	711.125	-668.289	-0.00144676	5	4	4	4	0.262849	361	0	0	0	0	0.373264	4.66591	128.199	-472.982	1	0	0	0	0	0	0	0
19.08.2015 07:51:51.789000	-0.015	-0.0214113	-0.0169887	711.125	-668.289	-0.0016276	5	4	4	4	0.245547	361	0	0	0	0	0.373712	4.62374	126.942	-468.33	1	0	0	0	0	0	0	0
19.08.2015 07:51:51.889000	-0.015	-0.0214113	-0.0169887	711.12	-668.292	-0.00108507	5	4	4	4	0.240568	361	0	0	0	0	0.373683	22.793	115.625	-355.436	1	0	0	0	0	0	0	0
19.08.2015 07:51:51.989000	-0.015	-0.0214113	-0.0169887	710.984	-668.289	-0.00108507	5	4	4	4	0.275837	361	0.78045	0	0	16.1031	0.374161	111.003	87.7474	89.0417	1	0	0	0	0	0	0	0
19.08.2015 07:51:52.089000	-0.015	-0.0214113	-0.0169887	706.703	-668.289	-0.00144676	5	4	4	4	0.274136	361	3.90076	0	0	34.1094	0.374436	110.397	84.1702	100.417	1	0	0	0	0	0	0	0
19.08.2015 07:51:52.189000	-0.015	-0.0214113	-0.0169887	690.797	-668.289	-0.0016276	5	4	4	4	0.239164	361	7.35185	0	0	35.1939	0.375593	110.552	84.2058	100.876	1	0	0	0	0	0	0	0
19.08.2015 07:51:52.289000	-0.015	-0.0214113	-0.0169887	675.607	-668.289	-0.00180845	5	4	4	4	0.255997	361	10.8716	0	0	35.2177	0.375883	114.122	87.9324	100.274	1	0	0	0	0	0	0	0
19.08.2015 07:51:52.389000	-0.015	-0.0214113	-0.0169887	655.656	-668.289	-0.0016276	5	4	4	4	0.273166	361	14.3774	0	0	34.9603	0.376881	118.043	92.0941	99.352	1	0	0	0	0	0	0	0
19.08.2015 07:51:52.489000	-0.015	-0.0214113	-0.0169887	622.714	-668.289	-0.00108507	5	4	4	4	0.30923	361	17.8529	0	0	34.8703	0.376288	120.237	94.4769	98.6318	1	0	0	0	0	0	0	0
19.08.2015 07:51:52.589000	-0.015	-0.0214113	-0.0169887	589.789	-668.297	-0.00108507	5	4	4	4	0.278782	361	21.289	0	0	34.4255	0.376447	120.554	94.8547	98.3992	1	0	0	0	0	0	0	0
19.08.2015 07:51:52.689000	-0.015	-0.0214113	-0.0169887	556.552	-668.297	-0.00144676	5	4	4	4	0.250037	361	24.7844	21.5	0	38.3031	0.376157	118.759	90.3013	108.959	1	0.71	0	0	0	0	0	0
19.08.2015 07:51:52.789000	-0.015	-0.0214113	-0.0169887	519.012	-668.297	-0.0016276	5	4	4	4	0.250505	361	29.4964	50	0	48.1593	0.375709	105.726	84.2881	82.0803	1	1	0	0	0	0	0	0
19.08.2015 07:51:52.889000	-0.015	-0.0214113	-0.0169887	463.451	-668.299	-0.00217014	5	4	4	4	0.236464	361	32.3511	47.444	0	17.5872	0.375767	89.5809	66.8483	87.0387	1	1	0	0	0	0	0	0
19.08.2015 07:51:52.989000	-0.015	-0.0214113	-0.0169887	425.332	-668.309	0	5	4	4	4	0.265209	361	33.5295	37.8502	0	10.5798	0.377156	63.7663	39.1505	94.2488	1	1	0	0	0	0	0	0
19.08.2015 07:51:53.089000	-0.015	-0.0214113	-0.0169887	389.362	-668.326	-0.00217014	5	4	4	4	51.8684	361	34.3413	20.3753	0	7.87179	0.716001	53.7055	29.5221	92.5932	1	1	1	0	0	0	0	0
19.08.2015 07:51:53.189000	-0.015	-0.0214113	-0.0169887	349.109	-668.328	-0.0016276	5	4	4	4	87.3739	361	34.6502	5.28186	0	4.18103	7.03727	50.2902	25.0612	96.5967	1	1	1	0	0	0	0	0
19.08.2015 07:51:53.289000	-0.015	-0.0214113	-0.0169887	311.346	-668.326	-0.00036169	5	4	4	4	87.6294	361	34.8084	5.13127	0	3.14895	10.385	48.3077	23.0771	96.603	1	1	1	0	0	0	0	0
19.08.2015 07:51:53.389000	-0.015	-0.0214113	-0.0169887	281.523	-668.328	0.00217014	5	4	4	4	87.7266	361	34.9571	5.13127	0	1.54479	11.3738	46.7428	21.5165	96.5867	1	1	1	0	0	0	0	0
19.08.2015 07:51:53.489000	-0.015	-0.0214113	-0.0169887	255.997	-668.328	0.00036169	5	4	4	4	87.8083	361	35.0959	5.13127	0	1.48475	11.6851	45.6155	20.3526	96.7267	1	1	1	0	0	0	0	0
19.08.2015 07:51:53.589000	-0.015	-0.0214113	-0.0169887	232.73	-668.328	0.0016276	5	4	4	4	87.9136	361	35.2267	5.13127	0	1.42933	11.7725	44.7223	19.4606	96.722	1	1	1	0	0	0	0	0
19.08.2015 07:51:53.689000	-0.015	-0.0214113	-0.0169887	216.292	-668.328	0	5	4	4	4	87.9392	361	35.362	5.13127	0	1.36847	11.793	44.036	18.7917	96.6554	1	1	1	0	0	0	0	0
19.08.2015 07:51:53.789000	-0.015	-0.0214113	-0.0169887	197.887	-668.328	0.00108507	5	4	4	4	87.7478	361	35.4849	5.13127	0	1.33711	11.811	43.5442	18.3334	96.5273	1	1	1	0	0	0	0	0
19.08.2015 07:51:53.889000	-0.015	-0.0214113	-0.0169887	179.406	-668.328	0.00072338	5	4	4	4	87.7405	361	35.6112	5.13127	0	1.27224	11.816	43.1991	17.9619	96.6285	1	1	1	0	0	0	0	0
19.08.2015 07:51:53.989000	-0.015	-0.0214113	-0.0169887	158.141	-668.336	0.000542535	5	4	4	4	87.6628	361	35.7286	5.13127	0	1.23731	11.8199	42.9419	17.6756	96.7395	1	1	1	0	0	0	0	0
19.08.2015 07:51:54.089000	-0.015	-0.0214113	-0.0169887	144.128	-668.339	0.00072338	5	4	4	4	87.5778	361	35.8544	5.13127	0	1.22979	11.8249	42.7385	17.4687	96.7531	1	1	1	0	0	0	0	0
19.08.2015 07:51:54.189000	-0.015	-0.0214113	-0.0169887	135.406	-668.344	0.000542535	5	4	4	4	87.526	361	35.9693	5.13127	0	1.22519	11.8249	42.5863	17.3373	96.6736	1	1	1	0	0	0	0	0
19.08.2015 07:51:54.289000	-0.015	-0.0214113	-0.0169887	129.94	-668.344	0.00072338	5	4	4	4	87.6422	361	36.0897	5.13127	0	1.20145	11.8272	42.4766	17.229	96.6678	1	1	1	0	0	0	0	0
19.08.2015 07:51:54.389000	-0.015	-0.0214113	-0.0169887	124.934	-668.344	0	5	4	4	4	87.6489	361	36.2101	5.13127	0	1.17864	11.831	42.342	17.2205	96.1852	1	1	1	0	0	0	0	0
19.08.2015 07:51:54.489000	-0.015	-0.0214113	-0.0169887	122.083	-668.346	0.00108507	5	4	4	4	87.7124	361	36.3275	5.13127	0	1.18341	11.8328	42.2365	17.2414	95.7012	1	1	1	0	0	0	0	0
19.08.2015 07:51:54.589000	-0.015	-0.0214113	-0.0169887	124.078	-668.352	0.00108507	5	4	4	4	87.7652	361	36.4484	5.13127	0	1.19001	11.8348	42.2765	17.0218	96.6951	1	1	1	0	0	0	0	0
19.08.2015 07:51:54.689000	-0.015	-0.0214113	-0.0169887	124.878	-668.375	0.00108507	5	4	4	4	88.023	361	36.5628	5.13127	0	1.18817	11.8277	42.2479	17.0327	96.5439	1	1	1	0	0	0	0	0
19.08.2015 07:51:54.789000	-0.015	-0.0214113	-0.0169887	124.957	-668.375	0.00108507	5	4	4	4	88.0232	361	36.6797	5.13127	0	1.18427	11.8317	42.2601	16.9997	96.7171	1	1	1	0	0	0	0	0
19.08.2015 07:51:54.889000	-0.015	-0.0214113	-0.0169887	124.969	-668.375	0.00072338	5	4	4	4	88.0251	361	36.801	5.13127	0	1.18271	11.8433	42.2476	16.9884	96.7122	1	1	1	0	0	0	0	0
19.08.2015 07:51:54.989000	-0.015	-0.0214113	-0.0169887	124.969	-668.379	0	5	4	4	4	88.0335	361	36.9149	5.13127	0	1.17684	11.8419	42.2199	16.9757	96.6549	1	1	1	0	0	0	0	0
19.08.2015 07:51:55.089000	-0.015	-0.0214113	-0.0169887	124.969	-668.383	0.00144676	5	4	4	4	88.018	361	37.0348	5.13127	0	1.17668	11.8408	42.2628	16.979	96.8066	1	1	1	0	0	0	0	0
19.08.2015 07:51:55.189000	-0.015	-0.0214113	-0.0169887	124.969	-668.383	0.000542535	5	4	4	4	88.1271	361	37.1517	5.13127	0	1.17498	11.8394	42.1972	16.9726	96.5799	1	1	1	0	0	0	0	0
19.08.2015 07:51:55.289000	-0.015	-0.0214113	-0.0169887	124.969	-668.391	0.00217014	5	4	4	4	88.0637	361	37.2671	5.13127	0	1.17498	11.8496	42.1248	16.9947	96.2184	1	1	1	0	0	0	0	0
19.08.2015 07:51:55.389000	-0.015	-0.0214113	-0.0169887	124.969	-668.391	-0.000542535	5	4	4	4	87.9598	361	37.3875	5.13127	0	1.16284	11.8516	42.1993	17.0213	96.4016	1	1	1	0	0	0	0	0
19.08.2015 07:51:55.489000	-0.015	-0.0214113	-0.0169887	124.969	-668.391	-0.00144676	5	4	4	4	87.7701	361	37.5049	5.13127	0	1.1622	11.8504	42.2846	17.0748	96.5231	1	1	1	0	0	0	0	0
19.08.2015 07:51:55.589000	-0.015	-0.0214113	-0.0169887	124.969	-668.391	-0.00108507	5	4	4	4	87.6866	361	37.6253	5.13127	0	1.19675	11.8527	42.2531	17.0767	96.3953	1	1	1	0	0	0	0	0
19.08.2015 07:51:55.689000	-0.015	-0.0214113	-0.0169887	124.974	-668.393	0.00036169	5	4	4	4	87.5177	361	37.7456	5.13127	0	1.20146	11.8458	42.2187	17.0617	96.3212	1	1	1	0	0	0	0	0
19.08.2015 07:51:55.789000	-0.015	-0.0214113	-0.0169887	124.969	-668.398	0.000542535	5	4	4	4	87.6521	361	37.8625	5.13127	0	1.20151	11.842	42.205	17.0558	96.2913	1	1	1	0	0	0	0	0
19.08.2015 07:51:55.889000	-0.015	-0.0214113	-0.0169887	124.974	-668.398	0.00036169	5	4	4	4	87.7225	361	37.9849	5.13127	0	1.20152	11.8351	42.1967	17.0527	96.2712	1	1	1	0	0	0	0	0
19.08.2015 07:51:55.989000	-0.015	-0.0214113	-0.0169887	124.969	-668.398	0.00108507	5	4	4	4	87.9907	361	38.1023	5.13127	0	1.19322	11.8363	42.2494	17.0485	96.4892	1	1	1	0	0	0	0	0
19.08.2015 07:51:56.089000	-0.015	-0.0214113	-0.0169887	124.974	-668.398	0.00180845	5	4	4	4	87.9889	361	38.2197	5.13127	0	1.18999	11.8466	42.1928	17.0539	96.2518	1	1	1	0	0	0	0	0
19.08.2015 07:51:56.189000	-0.015	-0.0214113	-0.0169887	124.969	-668.398	0.000542535	5	4	4	4	87.965	361	38.3405	5.13127	0	1.17991	11.846	42.1918	17.0556	96.2415	1	1	1	0	0	0	0	0
19.08.2015 07:51:56.289000	-0.015	-0.0214113	-0.0169887	124.974	-668.398	0.00072338	5	4	4	4	88.0464	361	38.4559	5.13127	0	1.1732	11.8529	42.2773	17.0528	96.5797	1	1	1	0	0	0	0	0
19.08.2015 07:51:56.389000	-0.015	-0.0214113	-0.0169887	124.973	-668.402	0	5	4	4	4	88.1163	361	38.5768	5.13127	0	1.18182	11.8474	42.3157	17.0521	96.7292	1	1	1	0	0	0	0	0
19.08.2015 07:51:56.489000	-0.015	-0.0214113	-0.0169887	124.974	-668.406	0.00072338	5	4	4	4	88.122	361	38.6962	5.13127	0	1.19011	11.8512	42.1829	17.0591	96.1943	1	1	1	0	0	0	0	0
19.08.2015 07:51:56.589000	-0.015	-0.0214113	-0.0169887	124.977	-668.406	-0.000542535	5	4	4	4	88.1096	361	38.8166	5.13127	0	1.20074	11.8545	42.2964	17.0742	96.5708	1	1	1	0	0	0	0	0
19.08.2015 07:51:56.689000	-0.015	-0.0214113	-0.0169887	124.974	-668.406	-0.00180845	5	4	4	4	88.106	361	38.9399	5.13127	0	1.21323	11.8549	42.1964	17.0715	96.1983	1	1	1	0	0	0	0	0
19.08.2015 07:51:56.789000	-0.015	-0.0214113	-0.0169887	124.977	-668.41	-0.0016276	5	4	4	4	88.0999	361	39.0558	5.13127	0	1.20465	11.8574	42.2318	17.0822	96.2927	1	1	1	0	0	0	0	0
19.08.2015 07:51:56.889000	-0.015	-0.0214113	-0.0169887	124.974	-668.409	-0.00108507	5	4	4	4	87.9737	361	39.1787	5.13127	0	1.19003	11.8589	42.3009	17.0993	96.492	1	1	1	0	0	0	0	0
19.08.2015 07:51:56.989000	-0.015	-0.0214113	-0.0169887	124.98	-668.414	-0.00217014	5	4	4	4	87.8339	361	39.2971	5.13127	0	1.19342	11.8609	42.3272	17.1022	96.5813	1	1	1	0	0	0	0	0
19.08.2015 07:51:57.089000	-0.015	-0.0214113	-0.0169887	124.974	-668.414	-0.00397859	5	4	4	4	87.752	361	39.417	5.13127	0	1.20135	11.8673	42.2559	17.1045	96.2995	1	1	1	0	0	0	0	0
19.08.2015 07:51:57.189000	-0.015	-0.0214113	-0.0169887	124.977	-668.414	-0.00325521	5	4	4	4	87.724	361	39.5378	5.13127	0	1.20142	11.8535	42.2059	17.1092	96.0903	1	1	1	0	0	0	0	0
19.08.2015 07:51:57.289000	-0.015	-0.0214113	-0.0169887	124.977	-668.414	-0.00144676	5	4	4	4	87.7949	361	39.6527	5.13127	0	1.20165	11.8517	42.3255	17.1188	96.5114	1	1	1	0	0	0	0	0
19.08.2015 07:51:57.389000	-0.015	-0.0214113	-0.0169887	124.977	-668.414	-0.00325521	5	4	4	4	87.8272	361	39.7731	5.13127	0	1.19853	11.8478	42.2562	17.1222	96.2331	1	1	1	0	0	0	0	0
19.08.2015 07:51:57.489000	-0.015	-0.0214113	-0.0169887	124.977	-668.414	-0.0036169	5	4	4	4	87.7269	361	39.89	5.13127	0	1.17327	11.8415	42.1587	17.1307	95.8272	1	1	1	0	0	0	0	0
19.08.2015 07:51:57.589000	-0.015	-0.0214113	-0.0169887	124.977	-668.414	-0.00379774	5	4	4	4	87.8962	361	40.0089	5.13127	0	1.17339	11.8457	42.3712	17.133	96.6322	1	1	1	0	0	0	0	0
19.08.2015 07:51:57.689000	-0.015	-0.0214113	-0.0169887	124.982	-668.414	-0.00325521	5	4	4	4	88.0335	361	40.1322	5.13127	0	1.18439	11.8443	42.4592	17.1389	96.9466	1	1	1	0	0	0	0	0
19.08.2015 07:51:57.789000	-0.015	-0.0214113	-0.0169887	124.977	-668.414	-0.00325521	5	4	4	4	88.0838	361	40.2481	5.13127	0	1.18439	11.8459	42.4544	17.1413	96.9188	1	1	1	0	0	0	0	0
19.08.2015 07:51:57.889000	-0.015	-0.0214113	-0.0169887	124.982	-668.422	-0.00108507	5	4	4	4	88.0185	361	40.3715	5.13127	0	1.20058	11.8445	42.4037	17.1478	96.6998	1	1	1	0	0	0	0	0
19.08.2015 07:51:57.989000	-0.015	-0.0214113	-0.0169887	124.98	-668.418	0.0016276	5	4	4	4	87.8948	361	40.4899	5.13127	0	1.20162	11.8511	42.4278	17.1483	96.7902	1	1	1	0	0	0	0	0
19.08.2015 07:51:58.089000	-0.015	-0.0214113	-0.0169887	124.984	-668.422	0.00072338	5	4	4	4	87.991	361	40.6098	5.13127	0	1.21198	11.8462	42.3146	17.1601	96.3116	1	1	1	0	0	0	0	0
19.08.2015 07:51:58.189000	-0.015	-0.0214113	-0.0169887	124.98	-668.422	0.000542535	5	4	4	4	87.8955	361	40.7321	5.13127	0	1.21326	11.8485	42.4086	17.1718	96.6266	1	1	1	0	0	0	0	0
19.08.2015 07:51:58.289000	-0.015	-0.0214113	-0.0169887	124.984	-668.422	0.00036169	5	4	4	4	103.184	361	40.849	5.13127	0	1.20367	11.8492	42.3898	17.1851	96.5039	1	1	1	0	0	0	0	0
19.08.2015 07:51:58.389000	-0.015	-0.0214113	-0.0169887	124.98	-668.422	0.00108507	5	4	4	4	115.71	361	40.9734	5.13127	0	1.20157	11.7049	42.3734	17.1957	96.4004	1	1	1	0	0	0	0	0
19.08.2015 07:51:58.489000	-0.015	-0.0214113	-0.0169887	124.982	-668.424	0.00072338	5	4	4	4	180.768	361	41.0903	5.13127	0	1.20153	11.5367	42.3967	17.1891	96.5152	1	1	1	0	0	0	0	0
19.08.2015 07:51:58.589000	-0.015	-0.0214113	-0.0169887	124.98	-668.422	0.00271267	5	4	4	4	208.205	361	41.2126	5.13127	0	1.20152	11.1036	42.4414	17.1943	96.6664	1	1	1	0	0	0	0	0
19.08.2015 07:51:58.689000	-0.015	-0.0214113	-0.0169887	124.982	-668.422	0.00217014	5	4	4	4	382.073	361	41.332	5.13127	0	1.19766	10.9019	42.2675	17.1842	96.0389	1	1	1	0	0	0	0	0
19.08.2015 07:51:58.789000	-0.015	-0.0214113	-0.0169887	124.984	-668.422	0.00217014	5	4	4	4	437.022	361	41.4464	5.13127	0	1.19575	10.8063	42.4286	17.1864	96.6474	1	1	1	0	0	0	0	0
19.08.2015 07:51:58.889000	-0.015	-0.0214113	-0.0169887	124.979	-668.424	0.00108507	5	4	4	4	512.411	361	41.5703	5.13127	0	1.1893	10.7371	42.3441	17.1896	96.3116	1	1	1	0	0	0	0	0
19.08.2015 07:51:58.989000	-0.015	-0.0214113	-0.0169887	124.984	-668.422	0	5	4	4	4	571.679	361	41.6857	5.13127	0	1.18444	10.6906	42.4442	17.1914	96.6879	1	1	1	0	0	0	0	0
19.08.2015 07:51:59.089000	-0.015	-0.0214113	-0.0169887	124.982	-668.422	0.00072338	5	4	4	4	889.012	361	41.8081	5.13127	0	1.19	10.6224	42.4017	17.1705	96.6051	1	1	1	0	0	0	0	0
19.08.2015 07:51:59.189000	-0.015	-0.0214113	-0.0169887	124.98	-668.426	0.00325521	5	4	4	4	295.5	361	41.9284	5.13127	0	1.19579	10.6888	42.4292	17.2215	96.5149	1	1	1	0	0	0	0	0
19.08.2015 07:51:59.289000	-0.015	-0.0214113	-0.0169887	124.979	-668.424	-0.00036169	5	4	4	4	478.118	361	42.0478	5.13127	0	1.20345	10.9064	42.3961	17.237	96.3291	1	1	1	0	0	0	0	0
19.08.2015 07:51:59.389000	-0.015	-0.0214113	-0.0169887	124.984	-668.426	-0.00108507	5	4	4	4	536.161	361	42.1732	4.41147	0	1.21319	10.8239	42.3277	17.2629	95.9683	1	1	1	0.21	0	0	0	0
19.08.2015 07:51:59.489000	-0.015	-0.0214113	-0.0169887	124.984	-668.427	-0.00108507	5	4	4	4	102.202	361	42.2403	1.90175	0.198102	1.21319	10.3304	42.5689	17.4458	96.1915	1	1	1	1	0	0	0	0
19.08.2015 07:51:59.589000	-0.015	-0.0214113	-0.0169887	124.984	-668.43	-0.0016276	5	4	4	4	206.343	361	42.2975	2.53963	0.836023	1.07348	8.31591	42.9077	17.6908	96.5535	1	1	1	1	0	0	0	0
19.08.2015 07:51:59.689000	-0.015	-0.0214113	-0.0169887	124.984	-668.43	-0.00108507	5	4	4	4	354.595	361	42.3622	2.75931	1.05566	0.802263	7.32145	43.1646	17.9168	96.64	1	1	1	1	0	0	0	0
19.08.2015 07:51:59.789000	-0.015	-0.0214113	-0.0169887	124.984	-668.43	-0.00108507	5	4	4	4	490.069	361	42.4333	2.50241	0.798738	0.802263	6.79868	43.3518	18.1115	96.6299	1	1	1	1	0	0	0	0
19.08.2015 07:51:59.889000	-0.015	-0.0214113	-0.0169887	124.984	-668.43	-0.00108507	5	4	4	4	666.659	361	42.4865	1.64693	-0.0568165	0.802263	6.52542	43.5907	18.2443	97.0466	1	1	1	1	0	0	0	0
19.08.2015 07:51:59.989000	-0.015	-0.0214113	-0.0169887	124.984	-668.43	-0.00108507	5	4	4	4	215.255	361	42.5328	1.67578	-0.0278634	0.78678	6.39925	43.7593	18.4603	96.8645	1	1	1	1	0	0	0	0
19.08.2015 07:52:00.089000	-0.015	-0.0214113	-0.0169887	124.984	-668.43	-0.00180845	5	4	4	4	357.718	361	42.5855	1.88255	0.178906	0.581089	6.6117	43.9066	18.6095	96.8444	1	1	1	1	0	0	0	0
19.08.2015 07:52:00.189000	-0.015	-0.0214113	-0.0169887	124.984	-668.43	-0.00108507	5	4	4	4	366.17	361	42.6363	1.85317	0.149522	0.581089	6.61969	44.0529	18.7276	96.9655	1	1	1	1	0	0	0	0
19.08.2015 07:52:00.289000	-0.015	-0.0214113	-0.0169887	124.984	-668.43	-0.00108507	5	4	4	4	405.302	361	42.686	1.77168	0.0680283	0.581089	6.61793	44.1815	18.8407	97.0249	1	1	1	1	0	0	0	0
19.08.2015 07:52:00.389000	-0.015	-0.0214113	-0.0169887	124.984	-668.43	-0.0016276	5	4	4	4	379.153	361	42.7372	1.69041	-0.01324	0.581089	6.58915	44.2932	18.9496	97.0358	1	1	1	1	0	0	0	0
19.08.2015 07:52:00.489000	-0.015	-0.0214113	-0.0169887	124.984	-668.43	-0.00144676	5	4	4	4	384.222	361	42.786	1.59756	-0.10609	0.56916	6.54902	44.3951	19.0559	97.0188	1	1	1	1	0	0	0	0
19.08.2015 07:52:00.589000	-0.015	-0.0214113	-0.0169887	124.984	-668.43	-0.0016276	5	4	4	4	366.473	361	42.8312	1.55927	-0.144379	0.506534	6.53093	44.4987	19.14	97.0936	1	1	1	1	0	0	0	0
19.08.2015 07:52:00.689000	-0.015	-0.0214113	-0.0169887	124.984	-668.43	0.00072338	5	4	4	4	394.202	361	42.8775	1.51233	-0.191314	0.506534	6.543	44.5791	19.224	97.0795	1	1	1	1	0	0	0	0
19.08.2015 07:52:00.789000	-0.015	-0.0214113	-0.0169887	124.984	-668.43	-0.000542535	5	4	4	4	394.761	361	42.9253	1.43097	-0.272678	0.506534	6.52475	44.6493	19.3047	97.0391	1	1	1	1	0	0	0	0
19.08.2015 07:52:00.889000	-0.015	-0.0214113	-0.0169887	124.982	-668.43	-0.00144676	5	4	4	4	428.702	361	42.9705	1.25593	-0.447719	0.506534	6.4442	44.7268	19.3641	97.1088	1	1	1	1	0	0	0	0
19.08.2015 07:52:00.989000	-0.015	-0.0214113	-0.0169887	124.984	-668.43	-0.00108507	5	4	4	4	393.887	361	43.0093	1.10732	-0.596322	0.506534	6.41098	44.8038	19.4367	97.1256	1	1	1	1	0	0	0	0
19.08.2015 07:52:01.089000	-0.015	-0.0214113	-0.0169887	124.984	-668.43	-0.00144676	5	4	4	4	321.988	361	43.0421	1.01065	-0.693	0.481297	6.43742	44.8617	19.5036	97.091	1	1	1	1	0	0	0	0
19.08.2015 07:52:01.189000	-0.015	-0.0214113	-0.0169887	124.984	-668.43	-0.00108507	5	4	4	4	308.779	361	43.0765	0.986785	-0.716862	0.425125	6.53647	44.9326	19.5569	97.1585	1	1	1	1	0	0	0	0
19.08.2015 07:52:01.289000	-0.015	-0.0214113	-0.0169887	124.984	-668.43	0	5	4	4	4	263.23	361	43.1232	1.02358	-0.680062	0.425125	6.59369	44.9865	19.6193	97.1261	1	1	1	1	0	0	0	0
19.08.2015 07:52:01.389000	-0.015	-0.0214113	-0.0169887	124.984	-668.43	-0.00108507	5	4	4	4	326.507	361	43.16	1.13484	-0.568808	0.425125	6.66489	45.0324	19.6645	97.1289	1	1	1	1	0	0	0	0
19.08.2015 07:52:01.489000	-0.015	-0.0214113	-0.0169887	124.984	-668.43	0.00072338	5	4	4	4	365.871	361	43.2003	1.2423	-0.461343	0.425125	6.64578	45.0729	19.7044	97.131	1	1	1	1	0	0	0	0
19.08.2015 07:52:01.589000	-0.015	-0.0214113	-0.0169887	124.984	-668.43	0.00108507	5	4	4	4	373.008	361	43.2416	1.30797	-0.395679	0.425125	6.55516	45.1043	19.7455	97.0938	1	1	1	1	0	0	0	0
19.08.2015 07:52:01.689000	-0.015	-0.0214113	-0.0169887	124.984	-668.43	-0.00036169	5	4	4	4	354.011	361	43.2854	1.34306	-0.360583	0.421518	6.52831	45.1291	19.7784	97.0627	1	1	1	1	0	0	0	0
19.08.2015 07:52:01.789000	-0.015	-0.0214113	-0.0169887	124.984	-668.43	0.000542535	5	4	4	4	376.138	361	43.3312	1.3707	-0.33295	0.407091	6.53771	45.1668	19.8116	97.0802	1	1	1	1	0	0	0	0
19.08.2015 07:52:01.889000	-0.015	-0.0214113	-0.0169887	124.984	-668.43	0.00036169	5	4	4	4	321.953	361	43.3774	1.38486	-0.31879	0.407091	6.55714	45.1861	19.8411	97.0407	1	1	1	1	0	0	0	0
19.08.2015 07:52:01.989000	-0.015	-0.0214113	-0.0169887	124.984	-668.43	0.000542535	5	4	4	4	365.599	361	43.4247	1.42114	-0.282504	0.407091	6.59463	45.209	19.8596	97.0576	1	1	1	1	0	0	0	0
19.08.2015 07:52:02.089000	-0.015	-0.0214113	-0.0169887	124.984	-668.43	0.00072338	5	4	4	4	332.309	361	43.4714	1.45205	-0.251596	0.407091	6.57926	45.2188	19.8834	97.0041	1	1	1	1	0	0	0	0
19.08.2015 07:52:02.189000	-0.015	-0.0214113	-0.0169887	124.984	-668.43	0.000542535	5	4	4	4	327.768	361	43.5187	1.49962	-0.204031	0.407091	6.57765	45.2307	19.8908	97.0214	1	1	1	1	0	0	0	0
19.08.2015 07:52:02.289000	-0.015	-0.0214113	-0.0169887	124.984	-668.43	0	5	4	4	4	326.908	361	43.5679	1.56699	-0.136657	0.460251	6.58812	45.245	19.9082	97.0097	1	1	1	1	0	0	0	0
19.08.2015 07:52:02.389000	-0.015	-0.0214113	-0.0169887	124.984	-668.43	-0.0016276	5	4	4	4	362.589	361	43.6187	1.6302	-0.0734463	0.467501	6.56719	45.2506	19.9146	97.0066	1	1	1	1	0	0	0	0
19.08.2015 07:52:02.489000	-0.015	-0.0214113	-0.0169887	124.984	-668.43	-0.00144676	5	4	4	4	363.589	361	43.6689	1.67605	-0.0275956	0.467501	6.56874	45.2442	19.9186	96.9669	1	1	1	1	0	0	0	0
19.08.2015 07:52:02.589000	-0.015	-0.0214113	-0.0169887	124.984	-668.43	-0.00217014	5	4	4	4	349.444	361	43.7226	1.70743	0.00378555	0.467501	6.54542	45.2395	19.9248	96.9248	1	1	1	1	0	0	0	0
19.08.2015 07:52:02.689000	-0.015	-0.0214113	-0.0169887	124.984	-668.43	-0.00217014	5	4	4	4	341.03	361	43.7788	1.7419	0.0382518	0.474106	6.58746	45.2256	19.9199	96.8905	1	1	1	1	0	0	0	0
19.08.2015 07:52:02.789000	-0.015	-0.0214113	-0.0169887	124.984	-668.43	-0.00217014	5	4	4	4	367.625	361	43.8306	1.78071	0.0770604	0.522543	6.5753	45.2313	19.9149	96.9316	1	1	1	1	0	0	0	0
19.08.2015 07:52:02.889000	-0.015	-0.0214113	-0.0169887	124.984	-668.43	-0.00180845	5	4	4	4	334.811	361	43.8843	1.8088	0.105155	0.522543	6.56649	45.2181	19.914	96.8842	1	1	1	1	0	0	0	0
19.08.2015 07:52:02.989000	-0.015	-0.0214113	-0.0169887	124.984	-668.43	-0.00217014	5	4	4	4	376.515	361	43.9405	1.84294	0.139297	0.522543	6.58211	45.2079	19.9034	96.886	1	1	1	1	0	0	0	0
19.08.2015 07:52:03.089000	-0.015	-0.0214113	-0.0169887	124.99	-668.43	-0.00144676	5	4	4	4	342.652	361	43.9967	1.86175	0.158103	0.522543	6.56609	45.1881	19.904	96.808	1	1	1	1	0	0	0	0
19.08.2015 07:52:03.189000	-0.015	-0.0214113	-0.0169887	124.984	-668.43	-0.0016276	5	4	4	4	349.923	361	44.0499	1.88628	0.182629	0.536271	6.58199	45.186	19.891	96.8491	1	1	1	1	0	0	0	0
19.08.2015 07:52:03.289000	-0.015	-0.0214113	-0.0169887	124.987	-668.43	-0.00144676	5	4	4	4	356.036	361	44.1056	1.90572	0.202072	0.546627	6.58095	45.1763	19.8895	96.818	1	1	1	1	0	0	0	0
19.08.2015 07:52:03.389000	-0.015	-0.0214113	-0.0169887	124.992	-668.43	-0.000542535	5	4	4	4	358.646	361	44.1633	1.92395	0.220299	0.546627	6.56964	45.1621	19.8846	96.7825	1	1	1	1	0	0	0	0
19.08.2015 07:52:03.489000	-0.015	-0.0214113	-0.0169887	124.995	-668.43	-0.00144676	5	4	4	4	351.796	361	44.225	1.94509	0.241445	0.546627	6.56936	45.1481	19.8744	96.768	1	1	1	1	0	0	0	0
19.08.2015 07:52:03.589000	-0.015	-0.0214113	-0.0169887	125	-668.43	-0.0016276	5	4	4	4	323.67	361	44.2802	1.97349	0.269845	0.55113	6.59721	45.127	19.871	96.7005	1	1	1	1	0	0	0	0
19.08.2015 07:52:03.689000	-0.015	-0.0214113	-0.0169887	124.995	-668.43	-0.00108507	5	4	4	4	335.792	361	44.3374	2.02264	0.318996	0.569146	6.59363	45.1261	19.8578	96.7472	1	1	1	1	0	0	0	0
19.08.2015 07:52:03.789000	-0.015	-0.0214113	-0.0169887	125	-668.43	-0.0016276	5	4	4	4	334.362	361	44.3966	2.0813	0.377649	0.569146	6.58435	45.1101	19.8483	96.7227	1	1	1	1	0	0	0	0
19.08.2015 07:52:03.889000	-0.015	-0.0214113	-0.0169887	124.997	-668.43	-0.00144676	5	4	4	4	363.865	361	44.4528	2.14606	0.442412	0.569146	6.6068	45.0902	19.8279	96.7241	1	1	1	1	0	0	0	0
19.08.2015 07:52:03.989000	-0.015	-0.0214113	-0.0169887	124.996	-668.43	-0.00108507	5	4	4	4	369.858	361	44.5145	2.18744	0.483798	0.571461	6.57227	45.0702	19.8212	96.6734	1	1	1	1	0	0	0	0
19.08.2015 07:52:04.089000	-0.015	-0.0214113	-0.0169887	125	-668.43	-0.00036169	5	4	4	4	357.913	361	44.5827	2.20923	0.505583	0.602212	6.54973	45.0558	19.7949	96.7187	1	1	1	1	0	0	0	0
19.08.2015 07:52:04.189000	-0.015	-0.0214113	-0.0169887	125	-668.43	0.00108507	5	4	4	4	361.895	361	44.6409	2.22555	0.521901	0.602212	6.55867	45.0309	19.7718	96.7119	1	1	1	1	0	0	0	0
19.08.2015 07:52:04.289000	-0.015	-0.0214113	-0.0169887	125	-668.43	0.00036169	5	4	4	4	371.633	361	44.7	2.23399	0.530342	0.602212	6.56481	45.0089	19.756	96.6883	1	1	1	1	0	0	0	0
19.08.2015 07:52:04.389000	-0.015	-0.0214113	-0.0169887	125	-668.43	0.000542535	5	4	4	4	343.7	361	44.7667	2.23487	0.531223	0.604257	6.57586	45.0034	19.7435	96.7152	1	1	1	1	0	0	0	0
19.08.2015 07:52:04.489000	-0.015	-0.0214113	-0.0169887	125	-668.43	0.00108507	5	4	4	4	338.922	361	44.8309	2.2454	0.541752	0.624925	6.59376	44.9824	19.7366	96.661	1	1	1	1	0	0	0	0
19.08.2015 07:52:04.589000	-0.015	-0.0214113	-0.0169887	125	-668.43	0.00108507	5	4	4	4	317.317	361	44.8916	2.27444	0.570793	0.624925	6.59367	44.938	19.7502	96.439	1	1	1	1	0	0	0	0
19.08.2015 07:52:04.689000	-0.015	-0.0214113	-0.0169887	125	-668.43	0.00036169	5	4	4	4	336.348	361	44.9537	2.34095	0.637306	0.624925	6.61994	44.9226	19.7332	96.4453	1	1	1	1	0	0	0	0
19.08.2015 07:52:04.789000	-0.015	-0.0214113	-0.0169887	125	-668.43	0	5	4	4	4	398.961	361	45.0264	2.39824	0.694588	0.628826	6.6145	44.9045	19.7047	96.485	1	1	1	1	0	0	0	0
19.08.2015 07:52:04.889000	-0.015	-0.0214113	-0.0169887	125	-668.43	0.00036169	5	4	4	4	332.789	361	45.09	2.41332	0.70967	0.642658	6.58202	44.8645	19.6832	96.4142	1	1	1	1	0	0	0	0
19.08.2015 07:52:04.989000	-0.015	-0.0214113	-0.0169887	125	-668.43	0.00108507	5	4	4	4	328.041	361	45.1557	2.45202	0.748372	0.642658	6.60766	44.8387	19.6665	96.3794	1	1	1	1	0	0	0	0
19.08.2015 07:52:05.089000	-0.015	-0.0214113	-0.0169887	125	-668.43	-0.00036169	5	4	4	4	370.999	361	45.2303	2.49844	0.794797	0.642658	6.63307	44.8102	19.6381	96.3792	1	1	1	1	0	0	0	0
19.08.2015 07:52:05.189000	-0.015	-0.0214113	-0.0169887	125.004	-668.43	-0.00108507	5	4	4	4	350.683	361	45.2935	2.52443	0.820785	0.664734	6.59924	44.7821	19.6132	96.3668	1	1	1	1	0	0	0	0
19.08.2015 07:52:05.289000	-0.015	-0.0214113	-0.0169887	125.008	-668.43	-0.00217014	5	4	4	4	307.616	361	45.3676	2.56217	0.858527	0.681388	6.62723	44.7654	19.5856	96.4084	1	1	1	1	0	0	0	0
19.08.2015 07:52:05.389000	-0.015	-0.0214113	-0.0169887	125.008	-668.43	-0.000542535	5	4	4	4	341.256	361	45.4372	2.63033	0.926688	0.681388	6.64333	44.7281	19.5586	96.3689	1	1	1	1	0	0	0	0
19.08.2015 07:52:05.489000	-0.015	-0.0214113	-0.0169887	125.008	-668.43	0.00072338	5	4	4	4	339.854	361	45.5089	2.69749	0.993845	0.685506	6.62928	44.7023	19.5162	96.4327	1	1	1	1	0	0	0	0
19.08.2015 07:52:05.589000	-0.015	-0.0214113	-0.0169887	125.008	-668.43	0	5	4	4	4	351.715	361	45.5869	2.76429	1.06064	0.71882	6.63176	44.6543	19.4826	96.3773	1	1	1	1	0	0	0	0
19.08.2015 07:52:05.689000	-0.015	-0.0214113	-0.0169887	125.008	-668.43	0.00253183	5	4	4	4	357.873	361	45.6566	2.81502	1.11138	0.71882	6.63056	44.6146	19.4505	96.3483	1	1	1	1	0	0	0	0
19.08.2015 07:52:05.789000	-0.015	-0.0214113	-0.0169887	125.008	-668.43	0.000542535	5	4	4	4	368.92	361	45.7352	2.84968	1.14604	0.71882	6.62244	44.5786	19.4073	96.3756	1	1	1	1	0	0	0	0
19.08.2015 07:52:05.889000	-0.015	-0.0214113	-0.0169887	125.008	-668.43	0.00072338	5	4	4	4	349.451	361	45.8073	2.86849	1.16484	0.740722	6.61908	44.5341	19.3732	96.3361	1	1	1	1	0	0	0	0
19.08.2015 07:52:05.989000	-0.015	-0.0214113	-0.0169887	125.008	-668.43	0.000542535	5	4	4	4	387.886	361	45.8829	2.88396	1.18032	0.7469	6.63591	44.5037	19.3517	96.3018	1	1	1	1	0	0	0	0
19.08.2015 07:52:06.089000	-0.015	-0.0214113	-0.0169887	125.005	-668.43	-0.00072338	5	4	4	4	369.969	361	45.9615	2.88332	1.17967	0.7469	6.59719	44.4747	19.3095	96.3523	1	1	1	1	0	0	0	0
19.08.2015 07:52:06.189000	-0.015	-0.0214113	-0.0169887	125.008	-668.43	-0.0016276	5	4	4	4	337.868	361	46.0351	2.87423	1.17058	0.750187	6.61068	44.4541	19.298	96.3177	1	1	1	1	0	0	0	0
19.08.2015 07:52:06.289000	-0.015	-0.0214113	-0.0169887	125.008	-668.43	-0.00144676	5	4	4	4	347.488	361	46.1087	2.87994	1.17629	0.753747	6.60992	44.4298	19.2881	96.2628	1	1	1	1	0	0	0	0
19.08.2015 07:52:06.389000	-0.015	-0.0214113	-0.0169887	125.008	-668.43	-0.0016276	5	4	4	4	324.842	361	46.1863	2.90728	1.20363	0.753747	6.65587	44.421	19.2723	96.2894	1	1	1	1	0	0	0	0
19.08.2015 07:52:06.489000	-0.015	-0.0214113	-0.0169887	125.01	-668.43	-0.00217014	5	4	4	4	339.764	361	46.2614	2.96054	1.25689	0.754655	6.64412	44.4039	19.2576	96.2803	1	1	1	1	0	0	0	0
19.08.2015 07:52:06.589000	-0.015	-0.0214113	-0.0169887	125.008	-668.43	-0.0016276	5	4	4	4	331.514	361	46.3385	3.01587	1.31222	0.758288	6.62784	44.3719	19.2386	96.2303	1	1	1	1	0	0	0	0
19.08.2015 07:52:06.689000	-0.015	-0.0214113	-0.0169887	125.016	-668.43	-0.00180845	5	4	4	4	310.557	361	46.4231	3.09121	1.38756	0.758288	6.64104	44.3386	19.2071	96.2233	1	1	1	1	0	0	0	0
19.08.2015 07:52:06.789000	-0.015	-0.0214113	-0.0169887	125.012	-668.43	-0.00108507	5	4	4	4	360.652	361	46.4992	3.17843	1.47479	0.764196	6.61374	44.3015	19.1625	96.2525	1	1	1	1	0	0	0	0
19.08.2015 07:52:06.889000	-0.015	-0.0214113	-0.0169887	125.013	-668.43	-0.00144676	5	4	4	4	389.726	361	46.5838	3.23144	1.52779	0.807519	6.63882	44.2597	19.1166	96.2681	1	1	1	1	0	0	0	0
19.08.2015 07:52:06.989000	-0.015	-0.0214113	-0.0169887	125.012	-668.43	-0.0016276	5	4	4	4	343.913	361	46.6678	3.24517	1.54152	0.807519	6.61189	44.2021	19.083	96.1761	1	1	1	1	0	0	0	0
19.08.2015 07:52:07.089000	-0.015	-0.0214113	-0.0169887	125.016	-668.43	-0.00180845	5	4	4	4	378.003	361	46.7489	3.25878	1.55513	0.809585	6.66497	44.1794	19.044	96.2385	1	1	1	1	0	0	0	0
19.08.2015 07:52:07.189000	-0.015	-0.0214113	-0.0169887	125.016	-668.43	-0.00108507	5	4	4	4	334.876	361	46.8325	3.27038	1.56673	0.826299	6.65609	44.1315	19.0213	96.1419	1	1	1	1	0	0	0	0
19.08.2015 07:52:07.289000	-0.015	-0.0214113	-0.0169887	125.016	-668.43	-0.00108507	5	4	4	4	368.137	361	46.918	3.29218	1.58853	0.826299	6.63888	44.1089	18.9934	96.162	1	1	1	1	0	0	0	0
19.08.2015 07:52:07.389000	-0.015	-0.0214113	-0.0169887	125.016	-668.43	-0.00325521	5	4	4	4	363.115	361	47.0001	3.30476	1.60111	0.827859	6.61915	44.0861	18.962	96.195	1	1	1	1	0	0	0	0
19.08.2015 07:52:07.489000	-0.015	-0.0214113	-0.0169887	125.016	-668.43	-0.00144676	5	4	4	4	339.527	361	47.0822	3.31865	1.615	0.837442	6.64304	44.0477	18.9363	96.1466	1	1	1	1	0	0	0	0
19.08.2015 07:52:07.589000	-0.015	-0.0214113	-0.0169887	125.016	-668.43	0.0016276	5	4	4	4	343.578	361	47.1722	3.34382	1.64017	0.837442	6.64684	44.0424	18.9269	96.1623	1	1	1	1	0	0	0	0
19.08.2015 07:52:07.689000	-0.015	-0.0214113	-0.0169887	125.016	-668.43	-0.00144676	5	4	4	4	318.381	361	47.2513	3.38217	1.67853	0.836988	6.62989	44.0259	18.9071	96.1749	1	1	1	1	0	0	0	0
19.08.2015 07:52:07.789000	-0.015	-0.0214113	-0.0169887	125.02	-668.43	-0.00271267	5	4	4	4	322.123	361	47.3374	3.45127	1.74763	0.834604	6.67699	43.9939	18.8805	96.1543	1	1	1	1	0	0	0	0
19.08.2015 07:52:07.889000	-0.015	-0.0214113	-0.0169887	125.016	-668.43	-0.00108507	5	4	4	4	363.574	361	47.4284	3.53328	1.82963	0.834604	6.69604	43.9944	18.8423	96.3023	1	1	1	1	0	0	0	0
19.08.2015 07:52:07.989000	-0.015	-0.0214113	-0.0169887	125.023	-668.43	-0.0016276	5	4	4	4	424.627	361	47.5194	3.57586	1.87221	0.861201	6.67965	43.9153	18.8037	96.1471	1	1	1	1	0	0	0	0
19.08.2015 07:52:08.089000	-0.015	-0.0214113	-0.0169887	125.018	-668.43	-0.00144676	5	4	4	4	364.465	361	47.6099	3.54583	1.84218	0.901096	6.62839	43.8534	18.7824	95.9917	1	1	1	1	0	0	0	0
19.08.2015 07:52:08.189000	-0.015	-0.0214113	-0.0169887	125.023	-668.43	-0.0016276	5	4	4	4	327.374	361	47.695	3.52446	1.82081	0.901096	6.6619	43.869	18.7872	96.033	1	1	1	1	0	0	0	0
19.08.2015 07:52:08.289000	-0.015	-0.0214113	-0.0169887	125.021	-668.43	0.00036169	5	4	4	4	352.863	361	47.783	3.54144	1.8378	0.891666	6.66827	43.8853	18.7677	96.1702	1	1	1	1	0	0	0	0
19.08.2015 07:52:08.389000	-0.015	-0.0214113	-0.0169887	125.023	-668.43	0.000542535	5	4	4	4	320.045	361	47.8751	3.57135	1.86771	0.885112	6.67145	43.7396	18.7524	95.671	1	1	1	1	0	0	0	0
19.08.2015 07:52:08.489000	-0.015	-0.0214113	-0.0169887	125.026	-668.43	0	5	4	4	4	331.933	361	47.9661	3.62182	1.91817	0.885112	6.69091	43.7869	18.7311	95.9335	1	1	1	1	0	0	0	0
19.08.2015 07:52:08.589000	-0.015	-0.0214113	-0.0169887	125.023	-668.43	0.00108507	5	4	4	4	374.362	361	48.0556	3.67747	1.97382	0.901359	6.63523	43.791	18.7107	96.0277	1	1	1	1	0	0	0	0
19.08.2015 07:52:08.689000	-0.015	-0.0214113	-0.0169887	125.029	-668.43	0.00072338	5	4	4	4	347.341	361	48.1491	3.71005	2.0064	0.904454	6.65209	43.746	18.6839	95.9578	1	1	1	1	0	0	0	0
19.08.2015 07:52:08.789000	-0.015	-0.0214113	-0.0169887	125.031	-668.43	0.00108507	5	4	4	4	342.365	361	48.2392	3.74625	2.0426	0.90516	6.66916	43.7221	18.6593	95.9604	1	1	1	1	0	0	0	0
19.08.2015 07:52:08.889000	-0.015	-0.0214113	-0.0169887	125.034	-668.43	0.00036169	5	4	4	4	380.997	361	48.3337	3.78312	2.07947	0.910873	6.68187	43.6157	18.6361	95.6416	1	1	1	1	0	0	0	0
19.08.2015 07:52:08.989000	-0.015	-0.0214113	-0.0169887	125.027	-668.43	0	5	4	4	4	395.185	361	48.4257	3.78276	2.07911	0.910873	6.63331	43.6736	18.6186	95.9307	1	1	1	1	0	0	0	0
19.08.2015 07:52:09.089000	-0.015	-0.0214113	-0.0169887	125.031	-668.43	0.00036169	5	4	4	4	346.274	361	48.5212	3.75691	2.05326	0.927631	6.63136	43.652	18.6001	95.9188	1	1	1	1	0	0	0	0
19.08.2015 07:52:09.189000	-0.015	-0.0214113	-0.0169887	125.031	-668.43	0.000542535	5	4	4	4	313.372	361	48.6142	3.75659	2.05294	0.945785	6.6277	43.685	18.5922	96.0756	1	1	1	1	0	0	0	0
19.08.2015 07:52:09.289000	-0.015	-0.0214113	-0.0169887	125.031	-668.43	0.00036169	5	4	4	4	354.458	361	48.7063	3.8005	2.09685	0.945785	6.65568	43.6404	18.5743	95.973	1	1	1	1	0	0	0	0
19.08.2015 07:52:09.389000	-0.015	-0.0214113	-0.0169887	125.031	-668.43	0.000542535	5	4	4	4	375.378	361	48.7993	3.8376	2.13395	0.931631	6.64167	43.4969	18.5549	95.4976	1	1	1	1	0	0	0	0
19.08.2015 07:52:09.489000	-0.015	-0.0214113	-0.0169887	125.034	-668.43	0.00072338	5	4	4	4	354.934	361	48.8918	3.84731	2.14367	0.928093	6.62557	43.5426	18.5401	95.7299	1	1	1	1	0	0	0	0
19.08.2015 07:52:09.589000	-0.015	-0.0214113	-0.0169887	125.031	-668.43	0.000542535	5	4	4	4	311.406	361	48.9898	3.86846	2.16481	0.931079	6.65494	43.5352	18.5268	95.7521	1	1	1	1	0	0	0	0
19.08.2015 07:52:09.689000	-0.015	-0.0214113	-0.0169887	125.034	-668.43	0.00072338	5	4	4	4	309.782	361	49.0883	3.92768	2.22403	0.945656	6.69509	43.4137	18.509	95.3235	1	1	1	1	0	0	0	0
19.08.2015 07:52:09.789000	-0.015	-0.0214113	-0.0169887	125.035	-668.43	0.00108507	5	4	4	4	387.816	361	49.1878	4.00311	2.29947	0.945656	6.67228	43.5346	18.4769	95.9407	1	1	1	1	0	0	0	0
19.08.2015 07:52:09.889000	-0.015	-0.0214113	-0.0169887	125.031	-668.43	0	5	4	4	4	367.45	361	49.2862	4.0346	2.33095	0.975516	6.64437	43.5643	18.4453	96.1806	1	1	1	1	0	0	0	0
19.08.2015 07:52:09.989000	-0.015	-0.0214113	-0.0169887	125.039	-668.43	0	5	4	4	4	361.506	361	49.3867	4.05016	2.34651	0.990898	6.67475	43.4009	18.4144	95.668	1	1	1	1	0	0	0	0
19.08.2015 07:52:10.089000	-0.015	-0.0214113	-0.0169887	125.034	-668.43	-0.00108507	5	4	4	4	315.239	361	49.4852	4.06859	2.36494	0.993944	6.61885	43.4068	18.3997	95.7475	1	1	1	1	0	0	0	0
19.08.2015 07:52:10.189000	-0.015	-0.0214113	-0.0169887	125.039	-668.43	-0.00108507	5	4	4	4	341.044	361	49.5852	4.11511	2.41147	1.00693	6.65658	43.2978	18.3755	95.4224	1	1	1	1	0	0	0	0
19.08.2015 07:52:10.289000	-0.015	-0.0214113	-0.0169887	125.034	-668.43	-0.00180845	5	4	4	4	370.369	361	49.6852	4.17284	2.4692	1.00693	6.67412	43.3999	18.3407	95.8585	1	1	1	1	0	0	0	0
19.08.2015 07:52:10.389000	-0.015	-0.0214113	-0.0169887	125.039	-668.43	-0.0016276	5	4	4	4	367.019	361	49.7867	4.19873	2.49509	1.00406	6.62734	43.3121	18.3367	95.6126	1	1	1	1	0	0	0	0
19.08.2015 07:52:10.489000	-0.015	-0.0214113	-0.0169887	125.039	-668.43	-0.00217014	5	4	4	4	366.428	361	49.8881	4.20987	2.50623	1.00289	6.657	43.2952	18.3145	95.6442	1	1	1	1	0	0	0	0
19.08.2015 07:52:10.589000	-0.015	-0.0214113	-0.0169887	125.039	-668.43	-0.000542535	5	4	4	4	366.76	361	49.9901	4.21961	2.51597	1.0039	6.66143	43.2246	18.2839	95.4759	1	1	1	1	0	0	0	0
19.08.2015 07:52:10.689000	-0.015	-0.0214113	-0.0169887	125.039	-668.43	-0.00144676	5	4	4	4	418.051	361	50.0906	4.20311	2.49946	1.00693	6.65324	43.3485	18.267	96.0321	1	1	1	1	0	0	0	0
19.08.2015 07:52:10.789000	-0.015	-0.0214113	-0.0169887	125.039	-668.43	-0.0016276	5	4	4	4	354.362	361	50.1915	4.14972	2.44607	1.00693	6.65891	43.2808	18.2707	95.7816	1	1	1	1	0	0	0	0
19.08.2015 07:52:10.889000	-0.015	-0.0214113	-0.0169887	125.039	-668.43	-0.00108507	5	4	4	4	294.17	361	50.2895	4.1315	2.42785	0.997866	6.69138	43.173	18.2684	95.3549	1	1	1	1	0	0	0	0
19.08.2015 07:52:10.989000	-0.015	-0.0214113	-0.0169887	125.039	-668.43	-0.00108507	5	4	4	4	357.722	361	50.39	4.16875	2.4651	0.994846	6.72731	43.3683	18.2644	96.1179	1	1	1	1	0	0	0	0
19.08.2015 07:52:11.089000	-0.015	-0.0214113	-0.0169887	125.039	-668.43	-0.00180845	5	4	4	4	315.49	361	50.4905	4.20913	2.50548	0.998237	6.72072	43.1294	18.2614	95.2146	1	1	1	1	0	0	0	0
19.08.2015 07:52:11.189000	-0.015	-0.0214113	-0.0169887	125.039	-668.43	-0.00108507	5	4	4	4	389.858	361	50.593	4.26201	2.55836	1.00696	6.72656	43.024	18.2369	94.905	1	1	1	1	0	0	0	0
19.08.2015 07:52:11.289000	-0.015	-0.0214113	-0.0169887	125.039	-668.43	-0.00108507	5	4	4	4	329.725	361	50.6959	4.28461	2.58097	1.00696	6.69366	43.3294	18.2357	96.0791	1	1	1	1	0	0	0	0
19.08.2015 07:52:11.389000	-0.015	-0.0214113	-0.0169887	125.039	-668.43	0	5	4	4	4	338.612	361	50.8009	4.32321	2.61956	1.03277	6.72584	43.3215	18.2094	96.1492	1	1	1	1	0	0	0	0
19.08.2015 07:52:11.489000	-0.015	-0.0214113	-0.0169887	125.039	-668.43	-0.00108507	5	4	4	4	328.57	361	50.9058	4.3804	2.67675	1.03629	6.69372	43.1471	18.1838	95.5792	1	1	1	1	0	0	0	0
19.08.2015 07:52:11.589000	-0.015	-0.0214113	-0.0169887	125.039	-668.43	-0.0016276	5	4	4	4	337.619	361	51.0163	4.44746	2.74381	1.05064	6.69916	43.028	18.1694	95.1786	1	1	1	1	0	0	0	0
19.08.2015 07:52:11.689000	-0.015	-0.0214113	-0.0169887	125.039	-668.43	-0.00144676	5	4	4	4	349.609	361	51.1257	4.51552	2.81187	1.06287	6.68874	43.1159	18.1472	95.6002	1	1	1	1	0	0	0	0
19.08.2015 07:52:11.789000	-0.015	-0.0214113	-0.0169887	125.039	-668.43	0.00108507	5	4	4	4	346.904	361	51.2331	4.57408	2.87044	1.0701	6.6862	43.0305	18.1058	95.4317	1	1	1	1	0	0	0	0
19.08.2015 07:52:11.889000	-0.015	-0.0214113	-0.0169887	125.044	-668.43	0.00036169	5	4	4	4	411.528	361.09	51.3431	4.6389	2.93525	1.09067	6.66143	43.1815	18.0629	96.1742	1	1	1	1	0.83	0	0	0
19.08.2015 07:52:11.989000	-0.015	-0.0214113	-0.0169887	125.047	-668.43	0.000542535	5	4	4	4	370.832	361.869	51.451	4.62013	2.91648	1.09067	6.64291	43.0307	18.0419	95.6771	1	1	1	1	1	0	0	0
19.08.2015 07:52:12.089000	-0.015	-0.0214113	-0.0169887	125.047	-668.43	-0.00144676	5	4	4	4	396.546	363.579	51.5634	4.53269	2.82905	1.10071	6.64525	42.9707	18.0293	95.4955	1	1	1	1	1	0	0	0
19.08.2015 07:52:12.189000	-0.015	-0.0214113	-0.0169887	125.047	-668.43	-0.0016276	5	4	4	4	320.67	366.22	51.6679	4.45295	2.7493	1.10071	6.66383	43.0224	18.0537	95.6002	1	1	1	1	1	0	0	0
19.08.2015 07:52:12.289000	-0.015	-0.0214113	-0.0169887	125.047	-668.43	-0.00108507	5	4	4	4	325.074	369.793	51.7748	4.54361	2.83997	1.07845	6.69268	43.1644	18.0488	96.1625	1	1	1	1	1	0	0	0
19.08.2015 07:52:12.389000	-0.015	-0.0214113	-0.0169887	125.055	-668.43	-0.00217014	5	4	4	4	359.192	374.298	51.8843	4.76451	3.06086	1.06748	6.68909	42.7913	18.018	94.8522	1	1	1	1	1	0	0	0
19.08.2015 07:52:12.489000	-0.015	-0.0214113	-0.0169887	125.055	-668.43	-0.00036169	5	4	4	4	343.551	379.734	52.0012	5.03418	3.33053	1.09417	6.68067	42.7442	17.9456	94.9487	1	1	1	1	1	0	0	0
19.08.2015 07:52:12.589000	-0.015	-0.0214113	-0.0169887	125.055	-668.43	0	5	4	4	4	390.247	386.102	52.1265	5.34723	3.64358	1.12549	6.65706	42.6053	17.8373	94.8316	1	1	1	1	1	0	0	0
19.08.2015 07:52:12.689000	-0.015	-0.0214113	-0.0169887	125.055	-668.43	0	5	4	4	4	457.731	393.401	52.2548	5.55448	3.85083	1.19724	6.61988	42.5255	17.6915	95.0847	1	1	1	1	1	0	0	0
19.08.2015 07:52:12.789000	-0.015	-0.0214113	-0.0169887	125.047	-668.43	-0.00217014	5	4	4	4	409.946	401.633	52.3862	5.59094	3.8873	1.26898	6.60761	42.4333	17.5727	95.1861	1	1	1	1	1	0	0	0
19.08.2015 07:52:12.889000	-0.015	-0.0214113	-0.0169887	125.055	-668.43	-0.00108507	5	4	4	4	404.118	410.795	52.5239	5.66215	3.9585	1.31806	6.63533	42.3163	17.4671	95.1427	1	1	1	1	1	0	0	0
19.08.2015 07:52:12.989000	-0.015	-0.0214113	-0.0169887	125.055	-668.43	0.000542535	5	4	4	4	357.739	420.89	52.6582	5.84153	4.13789	1.34449	6.65906	42.213	17.377	95.0922	1	1	1	1	1	0	0	0
19.08.2015 07:52:13.089000	-0.015	-0.0214113	-0.0169887	125.055	-668.43	0.00036169	5	4	4	4	396.352	431.916	52.799	6.2383	4.53466	1.36946	6.67465	42.0704	17.2425	95.0613	1	1	1	1	1	0	0	0
19.08.2015 07:52:13.189000	-0.015	-0.0214113	-0.0169887	125.055	-668.43	0.000542535	5	4	4	4	413.252	443.873	52.9527	6.72345	5.0198	1.40266	6.67355	41.8722	17.0644	94.9842	1	1	1	1	1	0	0	0
19.08.2015 07:52:13.289000	-0.015	-0.0214113	-0.0169887	125.055	-668.43	0.00036169	5	4	4	4	463.311	456.763	53.1129	7.22638	5.52273	1.51643	6.6287	41.6111	16.8167	94.9328	1	1	1	1	1	0	0	0
19.08.2015 07:52:13.389000	-0.015	-0.0214113	-0.0169887	125.055	-668.43	0.00108507	5	4	4	4	474.639	470.585	53.2895	7.66805	5.9644	1.62518	6.60145	41.3083	16.5664	94.732	1	1	1	1	1	0	0	0
19.08.2015 07:52:13.489000	-0.015	-0.0214113	-0.0169887	125.055	-668.43	0.00036169	5	4	4	4	474.44	485.337	53.47	8.05947	6.35583	1.73181	6.59815	41.0182	16.2968	94.6533	1	1	1	1	1	0	0	0
19.08.2015 07:52:13.589000	-0.015	-0.0214113	-0.0169887	125.055	-668.43	-0.000542535	5	4	4	4	493.633	501.022	53.661	8.47616	6.77252	1.8484	6.61458	40.7473	16.0327	94.6276	1	1	1	1	1	0	0	0
19.08.2015 07:52:13.689000	-0.015	-0.0214113	-0.0169887	125.055	-668.43	0.00036169	5	4	4	4	490.051	517.638	53.8615	8.91691	7.21326	1.92814	6.61392	40.486	15.7864	94.5699	1	1	1	1	1	0	0	0
19.08.2015 07:52:13.789000	-0.015	-0.0214113	-0.0169887	125.055	-668.43	-0.00217014	5	4	4	4	517.055	535.187	54.0689	9.42938	7.72573	2.02208	6.63342	40.2345	15.533	94.5771	1	1	1	1	1	0	0	0
19.08.2015 07:52:13.889000	-0.015	-0.0214113	-0.0169887	125.055	-668.43	-0.00180845	5	4	4	4	472.362	553.668	54.2883	10.0027	8.29903	2.11137	6.65217	39.9654	15.2962	94.4535	1	1	1	1	1	0	0	0
19.08.2015 07:52:13.989000	-0.015	-0.0214113	-0.0169887	125.055	-668.43	0.00108507	5	4	4	4	543.899	573.078	54.5206	10.7742	9.07051	2.25602	6.68631	39.6861	15.0232	94.4292	1	1	1	1	1	0	0	0
19.08.2015 07:52:14.089000	-0.015	-0.0214113	-0.0169887	125.055	-668.43	0	5	4	4	4	582.041	593.42	54.7698	11.5456	9.84198	2.40888	6.66525	39.3752	14.7734	94.1952	1	1	1	1	1	0	0	0
19.08.2015 07:52:14.189000	-0.015	-0.0214113	-0.0169887	125.055	-668.43	0.000542535	5	4	4	4	556.69	614.693	55.0314	12.2735	10.5699	2.54609	6.64742	39.1007	14.5105	94.1511	1	1	1	1	1	0	0	0
19.08.2015 07:52:14.289000	-0.015	-0.0214113	-0.0169887	125.055	-668.43	0.00036169	5	4	4	4	620.055	636.898	55.308	13.0795	11.3758	2.69657	6.60483	38.8512	14.2617	94.1483	1	1	1	1	1	0	0	0
19.08.2015 07:52:14.389000	-0.015	-0.0214113	-0.0169887	125.055	-668.43	0	5	4	4	4	638.086	660.035	55.606	13.8987	12.1951	2.91656	6.56756	38.6069	14.0484	94.0295	1	1	1	1	1	0	0	0
19.08.2015 07:52:14.489000	-0.015	-0.0214113	-0.0169887	125.055	-668.43	0.00036169	5	4	4	4	637.281	684.103	55.9198	14.7239	13.0202	3.10633	6.54039	38.3823	13.876	93.8297	1	1	1	1	1	0	0	0
19.08.2015 07:52:14.589000	-0.015	-0.0214113	-0.0169887	125.055	-668.43	0.000542535	5	4	4	4	655.592	709.104	56.2511	15.6154	13.9117	3.23392	6.51244	38.1816	13.685	93.7928	1	1	1	1	1	0	0	0
19.08.2015 07:52:14.689000	-0.015	-0.0214113	-0.0169887	125.055	-668.43	0.00108507	5	4	4	4	672.684	735.035	56.5963	16.6308	14.9272	3.4415	6.56062	38.0026	13.5119	93.7699	1	1	1	1	1	0	0	0
19.08.2015 07:52:14.789000	-0.015	-0.0214113	-0.0169887	125.055	-668.43	0.000542535	5	4	4	4	693.8	761.9	56.9704	17.7074	16.0037	3.68196	6.57833	37.8371	13.3934	93.59	1	1	1	1	1	0	0	0
19.08.2015 07:52:14.889000	-0.015	-0.0214113	-0.0169887	125.055	-668.43	0	5	4	4	4	791.988	789.697	57.3599	18.8224	17.1188	3.89236	6.55029	37.7481	13.3025	93.5974	1	1	1	1	1	0	0	0
19.08.2015 07:52:14.989000	-0.015	-0.0214113	-0.0169887	125.055	-668.43	0.00108507	5	4	4	4	776.034	818.426	57.7633	19.829	18.1253	4.04965	6.45816	37.7271	13.3201	93.4495	1	1	1	1	1	0	0	0
19.08.2015 07:52:15.089000	-0.015	-0.0214113	-0.0169887	125.055	-668.43	0.00036169	5	4	4	4	799.541	649.632	58.1811	20.884	11.3687	4.12381	6.49123	37.79	13.4009	93.381	1	1	1	1	1	0.4	0	0.4
19.08.2015 07:52:15.189000	-0.015	-0.0214113	-0.0169887	125.055	-668.43	0.000542535	5	4	4	4	1554.92	361	60.0957	21.2328	0	49.5049	6.30524	81.4286	17.7602	243.774	1	1	1	1	1	1	0.24	1
19.08.2015 07:52:15.289000	-0.015	-0.0214113	-0.0169887	125.073	-668.393	0.00072338	5	4	4	4	971.623	361	62.2271	21.2328	0	74.5011	5.00998	106.497	0.831874	404.57	1	1	1	1	1	1	1	1
19.08.2015 07:52:15.389000	-0.015	-0.0214113	-0.0169887	125.066	-668.465	0.00108507	5	4	4	4	11.8694	361	62.2271	21.2328	0	74.5011	3.42555	117.221	0.638874	446.37	1	1	1	1	1	1	1	1
19.08.2015 07:52:15.489000	-0.015	-0.0214113	-0.0169887	124.982	-668.51	0.00072338	5	4	4	4	1.41207	361	62.2271	4.03423	0	74.5011	2.39094	128.897	0.550859	491.413	1	1	1	1	1	1	1	0.19
19.08.2015 07:52:15.589000	-0.015	-0.0214113	-0.0169887	124.984	-668.477	0	5	4	4	4	0.539609	361	62.2271	0	0	74.5011	1.63932	129.935	0.536943	495.44	1	1	1	1	1	1	1	0
19.08.2015 07:52:15.689000	-0.015	-0.0214113	-0.0169887	124.987	-668.477	-0.00253183	5	4	4	4	0.373849	361	62.2271	0	0	74.5011	1.24251	130.093	0.529008	496.073	1	1	1	1	1	1	1	0
19.08.2015 07:52:15.789000	-0.015	-0.0214113	-0.0169887	124.988	-668.477	0.000542535	5	4	4	4	0.301268	361	62.2271	0	0	74.5011	1.01479	129.966	0.534135	495.567	1	1	1	1	1	1	1	0
19.08.2015 07:52:15.889000	-0.015	-0.0214113	-0.0169887	124.992	-668.471	0.00072338	5	4	4	4	0.299838	361	62.2271	0	0	74.5011	0.860735	129.882	0.523453	495.29	1	1	1	1	1	1	1	0
19.08.2015 07:52:15.989000	-0.015	-0.0214113	-0.0169887	124.961	-668.469	0.000542535	5	4	4	4	0.248957	361	62.2271	0	0	74.5011	0.707147	129.818	0.535234	494.999	1	1	1	1	1	1	1	0
19.08.2015 07:52:16.089000	-0.015	-0.0214113	-0.0169887	124.927	-668.479	0	5	4	4	4	0.261633	361	62.2271	0	0	74.5011	0.630903	129.759	0.531388	494.785	1	1	1	1	1	1	1	0
19.08.2015 07:52:16.189000	-0.015	-0.0214113	-0.0169887	124.918	-668.5	0.000542535	5	4	4	4	0.258744	361	62.2271	0	0	57.4115	0.570255	129.708	0.52736	494.608	1	1	1	1	1	1	1	0
19.08.2015 07:52:16.289000	-0.015	-0.0214113	-0.0169887	124.914	-668.495	0.00036169	5	4	4	4	0.261073	361	62.2271	0	0	0.198789	0.517216	129.664	0.523576	494.454	1	1	1	1	1	1	1	0
19.08.2015 07:52:16.389000	-0.015	-0.0214113	-0.0169887	124.91	-668.488	0.000542535	5	4	4	4	0.240582	361	62.2271	0	0	0.198789	0.470573	129.626	0.52852	494.288	1	1	1	1	1	1	1	0
19.08.2015 07:52:16.489000	-0.015	-0.0214113	-0.0169887	124.914	-668.492	0.00108507	5	4	4	4	0.234232	361	62.2271	0	0	0.198789	0.440538	129.584	0.528092	494.128	1	1	1	1	1	1	1	0
19.08.2015 07:52:16.589000	-0.015	-0.0214113	-0.0169887	124.91	-668.488	0.000542535	5	4	4	4	0.257727	361	62.2271	0	0	0.198789	0.414439	129.537	0.527055	493.952	1	1	1	1	1	1	1	0
19.08.2015 07:52:16.689000	-0.015	-0.0214113	-0.0169887	124.914	-668.484	0.00108507	5	4	4	4	0.271907	361	62.2271	0	0	0.198789	0.386169	129.499	0.522111	493.825	1	1	1	1	1	1	1	0
19.08.2015 07:52:16.789000	-0.015	-0.0214113	-0.0169887	124.914	-668.484	0.000542535	5	4	4	4	0.240788	361	62.2271	0	0	0.198789	0.365451	129.467	0.529679	493.676	1	1	1	1	1	1	1	0
19.08.2015 07:52:16.889000	-0.015	-0.0214113	-0.0169887	124.911	-668.484	0.00036169	5	4	4	4	0.223959	361	62.2271	0	0	0.198789	0.350029	129.43	0.535478	493.511	1	1	1	1	1	1	1	0
19.08.2015 07:52:16.989000	-0.015	-0.0214113	-0.0169887	124.914	-668.484	-0.0016276	5	4	4	4	0.270291	361	62.2271	0	0	0.198789	0.334115	129.389	0.529008	493.377	1	1	1	1	1	1	1	0
19.08.2015 07:52:17.089000	-0.015	-0.0214113	-0.0169887	124.914	-668.484	-0.00180845	5	4	4	4	0.258406	361	62.2271	0	0	0.198789	0.318924	129.359	0.528886	493.265	1	1	1	1	1	1	1	0
19.08.2015 07:52:17.189000	-0.015	-0.0214113	-0.0169887	124.914	-668.484	-0.000542535	5	4	4	4	0.259626	361	62.2271	0	0	0.155056	0.306944	129.326	0.534318	493.117	1	1	1	1	1	1	1	0
19.08.2015 07:52:17.289000	-0.015	-0.0214113	-0.0169887	124.914	-668.484	0.00036169	5	4	4	4	0.280048	361	62.2271	0	0	0	0.298177	129.289	0.535295	492.973	1	1	1	1	1	1	1	0
19.08.2015 07:52:17.389000	-0.015	-0.0214113	-0.0169887	124.914	-668.484	0.000542535	5	4	4	4	0.264394	361	62.2271	0	0	0	0.288513	129.254	0.538163	492.828	1	1	1	1	1	1	1	0
19.08.2015 07:52:17.489000	-0.015	-0.0214113	-0.0169887	124.914	-668.484	0.00072338	5	4	4	4	0.274815	361	62.2271	0	0	0	0.285359	129.225	0.539079	492.713	1	1	1	1	1	1	1	0
19.08.2015 07:52:17.589000	-0.015	-0.0214113	-0.0169887	124.902	-668.484	0.00108507	5	4	4	4	0.233537	361	62.2271	0	0	0	0.288079	129.197	0.544023	492.587	1	1	1	1	1	1	1	0
19.08.2015 07:52:17.689000	-0.015	-0.0214113	-0.0169887	124.898	-668.479	-0.00180845	5	4	4	4	0.270736	361	62.2271	0	0	0	0.292622	129.168	0.540422	492.49	1	1	1	1	1	1	1	0
19.08.2015 07:52:17.789000	-0.015	-0.0214113	-0.0169887	124.898	-668.285	-0.00108507	5	4	4	4	0.275738	361	62.2271	0	0	0	0.295168	129.137	0.535783	492.39	1	1	1	1	1	1	1	0
19.08.2015 07:52:17.889000	-0.015	-0.0214113	-0.0169887	124.924	-665.693	-0.00180845	5	4	4	4	0.262192	361	62.2271	0	0	0	0.297656	129.108	0.532121	492.293	1	1	1	1	1	1	1	0
19.08.2015 07:52:17.989000	-0.015	-0.0214113	-0.0169887	124.926	-651.832	-0.0016276	5	4	4	4	0.253939	361	62.2271	0	0	0	0.299855	129.082	0.532365	492.191	1	1	1	1	1	1	1	0
19.08.2015 07:52:18.089000	-0.015	-0.0214113	-0.0169887	124.93	-630.773	-0.00180845	5	4	4	4	0.242983	361	62.2271	0	0	0	0.301244	129.055	0.534196	492.082	1	1	1	1	1	1	1	0
19.08.2015 07:52:18.189000	-0.015	-0.0214113	-0.0169887	124.93	-609.141	-0.00108507	5	4	4	4	0.228357	361	62.2271	0	0	0	0.302575	129.028	0.534989	491.973	1	1	1	1	1	1	1	0
19.08.2015 07:52:18.289000	-0.015	-0.0214113	-0.0169887	124.93	-573.893	-0.00180845	5	4	4	4	0.244059	361	62.2271	0	0	0	0.302228	128.997	0.529069	491.878	1	1	1	1	1	1	1	0
19.08.2015 07:52:18.389000	-0.015	-0.0214113	-0.0169887	124.93	-537.027	-0.00217014	5	4	4	4	0.256842	361	62.2271	0	0	0	0.303559	128.97	0.529313	491.774	1	1	1	1	1	1	1	0
19.08.2015 07:52:18.489000	-0.015	-0.0214113	-0.0169887	124.93	-501.104	-0.00108507	5	4	4	4	0.2774	361	62.2271	0	0	0	0.304803	128.944	0.531083	491.667	1	1	1	1	1	1	1	0
19.08.2015 07:52:18.589000	-0.015	-0.0214113	-0.0169887	124.93	-461.707	-0.00217014	5	4	4	4	0.244848	361	62.2271	0	0	0	0.307465	128.918	0.536821	491.546	1	1	1	1	1	1	1	0
19.08.2015 07:52:18.689000	-0.015	-0.0214113	-0.0169887	124.93	-403.148	-0.00108507	5	4	4	4	0.268942	361	62.2271	0	0	0	0.308131	128.888	0.536943	491.43	1	1	1	1	1	1	1	0
19.08.2015 07:52:18.789000	-0.015	-0.0214113	-0.0169887	124.93	-361.164	-0.00217014	5	4	4	4	0.277342	361	62.2271	0	0	0	0.310156	128.857	0.538408	491.307	1	1	1	1	1	1	1	0
19.08.2015 07:52:18.889000	-0.015	-0.0214113	-0.0169887	124.927	-319.529	-0.00036169	5	4	4	4	0.293672	361	62.2271	0	0	0	0.310272	128.831	0.540544	491.198	1	1	1	1	1	1	1	0
19.08.2015 07:52:18.989000	-0.015	-0.0214113	-0.0169887	124.93	-277.563	-0.0016276	5	4	4	4	0.278345	361	62.2271	0	0	0	0.311603	128.813	0.542802	491.119	1	1	1	1	1	1	1	0
19.08.2015 07:52:19.089000	-0.015	-0.0214113	-0.0169887	124.93	-219.888	-0.00108507	5	4	4	4	0.266277	361	62.2271	0	0	0	0.312008	128.783	0.543046	491.006	1	1	1	1	1	1	1	0
19.08.2015 07:52:19.189000	-0.015	-0.0214113	-0.0169887	124.93	-178.297	-0.00108507	5	4	4	4	0.262347	361	62.2271	0	0	0	0.31276	128.758	0.541704	490.915	1	1	1	1	1	1	1	0
19.08.2015 07:52:19.289000	-0.015	-0.0214113	-0.0169887	124.927	-136.997	0.00072338	5	4	4	4	0.276561	361	62.2271	0	0	0	0.313426	128.731	0.539262	490.822	1	1	1	1	1	1	1	0
19.08.2015 07:52:19.389000	-0.015	-0.0214113	-0.0169887	124.93	-87.6875	0.00108507	5	4	4	4	0.286019	361	62.2271	0	0	0	0.313194	128.708	0.543046	490.716	1	1	1	1	1	1	1	0
19.08.2015 07:52:19.489000	-0.015	-0.0214113	-0.0169887	124.93	-38.4688	0.00072338	5	4	4	4	0.255707	361	62.2271	0	0	0	0.313802	128.681	0.540056	490.626	1	1	1	1	1	1	1	0
19.08.2015 07:52:19.589000	-0.015	-0.0214113	-0.0169887	124.93	2.53125	0.000542535	5	4	4	4	0.285712	361	62.2271	0	0	0	0.312934	128.654	0.541765	490.518	1	1	1	1	1	1	1	0
19.08.2015 07:52:19.689000	-0.015	-0.0214113	-0.0169887	124.93	43.349	0.00036169	5	4	4	4	0.289976	361	62.2271	0	0	0	0.312876	128.625	0.540361	490.409	1	1	1	1	1	1	1	0
19.08.2015 07:52:19.789000	-0.015	-0.0214113	-0.0169887	124.93	100.785	-0.00108507	5	4	4	4	0.256322	361	62.2271	0	0	0	0.311487	128.599	0.541765	490.304	1	1	1	1	1	1	1	0
19.08.2015 07:52:19.889000	-0.015	-0.0214113	-0.0169887	124.938	141.604	-0.00144676	5	4	4	4	0.273802	361	62.2271	0	0	0	0.31169	128.576	0.540788	490.222	1	1	1	1	1	1	1	0
19.08.2015 07:52:19.989000	-0.015	-0.0214113	-0.0169887	124.934	181.852	-0.00108507	5	4	4	4	0.274208	361	62.2271	0	0	0	0.309606	128.55	0.542253	490.116	1	1	1	1	1	1	1	0
19.08.2015 07:52:20.089000	-0.015	-0.0214113	-0.0169887	124.938	222.266	-0.00144676	5	4	4	4	0.290162	361	62.2271	0	0	0	0.308941	128.527	0.542741	490.028	1	1	1	1	1	1	1	0
19.08.2015 07:52:20.189000	-0.015	-0.0214113	-0.0169887	124.938	278.98	-0.00108507	5	4	4	4	0.262302	361	62.2271	0	0	0	0.30761	128.502	0.544816	489.923	1	1	1	1	1	1	1	0
19.08.2015 07:52:20.289000	-0.015	-0.0214113	-0.0169887	124.938	319.547	-0.00180845	5	4	4	4	0.267946	361	62.2271	0	0	0	0.306887	128.475	0.545244	489.816	1	1	1	1	1	1	1	0
19.08.2015 07:52:20.389000	-0.015	-0.0214113	-0.0169887	124.934	359.98	-0.0016276	5	4	4	4	0.283093	361	62.2271	0	0	0	0.305093	128.454	0.545854	489.736	1	1	1	1	1	1	1	0
19.08.2015 07:52:20.489000	-0.015	-0.0214113	-0.0169887	124.938	405.724	-0.00180845	5	4	4	4	0.251692	361	62.2271	0	0	0	0.303009	128.427	0.547685	489.625	1	1	1	1	1	1	1	0
19.08.2015 07:52:20.589000	-0.015	-0.0214113	-0.0169887	124.938	456.734	-0.00108507	5	4	4	4	0.258361	361	62.2271	0	0	0	0.302662	128.403	0.547502	489.533	1	1	1	1	1	1	1	0
19.08.2015 07:52:20.689000	-0.015	-0.0214113	-0.0169887	124.935	497.339	-0.00108507	5	4	4	4	0.285666	361	62.2271	0	0	0	0.300868	128.38	0.54329	489.462	1	1	1	1	1	1	1	0
19.08.2015 07:52:20.789000	-0.015	-0.0214113	-0.0169887	124.934	537.73	-0.00217014	5	4	4	4	0.268823	361	62.2271	0	0	0	0.300289	128.353	0.543901	489.355	1	1	1	1	1	1	1	0
19.08.2015 07:52:20.889000	-0.015	-0.0214113	-0.0169887	124.935	583.435	-0.00144676	5	4	4	4	0.265191	361	62.2271	0	0	0	0.2989	128.327	0.541689	489.273	1	1	1	1	1	1	1	0
19.08.2015 07:52:20.989000	-0.015	-0.0214113	-0.0169887	124.938	617.055	-0.00108507	5	4	4	4	0.270144	361	62.2271	0	0	0	0.298495	128.311	0.542436	489.195	1	1	1	1	1	1	1	0
19.08.2015 07:52:21.089000	-0.015	-0.0214113	-0.0169887	124.943	640.466	-0.00144676	5	4	4	4	0.27089	361	62.2271	0	0	0	0.296875	128.286	0.543474	489.103	1	1	1	1	1	1	1	0
19.08.2015 07:52:21.189000	-0.015	-0.0214113	-0.0169887	124.945	658.543	-0.0016276	5	4	4	4	0.277014	361	62.2271	0	0	0	0.294994	128.267	0.545122	489.021	1	1	1	1	1	1	1	0
19.08.2015 07:52:21.289000	-0.015	-0.0214113	-0.0169887	124.951	671.372	-0.00108507	5	4	4	4	0.248814	361	62.2271	0	0	0	0.294271	128.245	0.545915	488.932	1	1	1	1	1	1	1	0
19.08.2015 07:52:21.389000	-0.015	-0.0214113	-0.0169887	124.953	673.613	0	5	4	4	4	0.271206	361	62.2271	0	0	0	0.292752	128.219	0.545915	488.836	1	1	1	1	1	1	1	0
19.08.2015 07:52:21.489000	-0.015	-0.0214113	-0.0169887	124.953	674.971	0.00072338	5	4	4	4	0.250141	361	62.2271	0	0	0	0.292462	128.198	0.547502	488.749	1	1	1	1	1	1	1	0
19.08.2015 07:52:21.589000	-0.015	-0.0214113	-0.0169887	124.957	675.078	0.00108507	5	4	4	4	0.268644	361	62.2271	0	0	0	0.290979	128.174	0.545976	488.661	1	1	1	1	1	1	1	0
19.08.2015 07:52:21.689000	-0.015	-0.0214113	-0.0169887	124.966	675.086	0.00036169	5	4	4	4	0.272238	361	62.2271	0	0	0	0.291775	128.152	0.547868	488.57	1	1	1	1	1	1	1	0
19.08.2015 07:52:21.789000	-0.015	-0.0214113	-0.0169887	124.969	675.086	-0.00271267	5	4	4	4	0.269109	361	62.2271	0	0	0	0.29116	128.132	0.547075	488.495	1	1	1	1	1	1	1	0
19.08.2015 07:52:21.889000	-0.015	-0.0214113	-0.0169887	124.904	675.076	0.00036169	5	4	4	4	0.281804	361	62.2271	0	0	0	0.292535	128.11	0.548784	488.408	1	1	1	1	1	1	1	0
19.08.2015 07:52:21.989000	-0.015	-0.0214113	-0.0169887	124.809	675.094	0.000542535	5	4	4	4	0.272586	361	62.2271	0	0	0	0.292607	128.091	0.55092	488.324	1	1	1	1	1	1	1	0
19.08.2015 07:52:22.089000	-0.015	-0.0214113	-0.0169887	124.945	675.099	-0.00072338	5	4	4	4	0.25617	361	62.2271	0	0	0	0.293656	128.064	0.547929	488.232	1	1	1	1	1	1	1	0
19.08.2015 07:52:22.189000	-0.015	-0.0214113	-0.0169887	124.957	675.074	-0.0016276	5	4	4	4	0.254067	361	62.2271	0	0	0	0.294379	128.042	0.543535	488.168	1	1	1	1	1	1	1	0
19.08.2015 07:52:22.289000	-0.015	-0.0214113	-0.0169887	124.888	675.089	-0.00108507	5	4	4	4	0.273246	361	62.2271	0	0	0	0.294271	128.023	0.545976	488.086	1	1	1	1	1	1	1	0
19.08.2015 07:52:22.389000	-0.015	-0.0214113	-0.0169887	124.883	675.055	0.00108507	5	4	4	4	0.271838	361	62.2271	0	0	0	0.29532	127.999	0.546098	487.99	1	1	1	1	1	1	1	0
19.08.2015 07:52:22.489000	-0.015	-0.0214113	-0.0169887	124.888	675.068	0.00036169	5	4	4	4	0.270281	361	62.2271	0	0	0	0.295247	127.972	0.543046	487.901	1	1	1	1	1	1	1	0
19.08.2015 07:52:22.589000	-0.015	-0.0214113	-0.0169887	124.887	675.07	-0.00108507	5	4	4	4	0.255474	361	62.2271	0	0	0	0.296079	127.954	0.546709	487.816	1	1	1	1	1	1	1	0
19.08.2015 07:52:22.689000	-0.015	-0.0214113	-0.0169887	124.888	675.052	-0.00144676	5	4	4	4	0.265547	361	62.2271	0	0	0	0.296043	127.931	0.547685	487.726	1	1	1	1	1	1	1	0
19.08.2015 07:52:22.789000	-0.015	-0.0214113	-0.0169887	124.898	675.059	-0.0016276	5	4	4	4	0.271909	361	62.2271	0	0	0	0.297598	127.911	0.546281	487.655	1	1	1	1	1	1	1	0
19.08.2015 07:52:22.889000	-0.015	-0.0214113	-0.0169887	124.917	675.125	-0.00144676	5	4	4	4	0.285187	361	62.2271	0	0	0	0.297092	127.89	0.545976	487.576	1	1	1	1	1	1	1	0
19.08.2015 07:52:22.989000	-0.015	-0.0214113	-0.0169887	124.926	675.098	-0.0016276	5	4	4	4	0.256109	361	62.2271	0	0	0	0.298105	127.873	0.549882	487.494	1	1	1	1	1	1	1	0
19.08.2015 07:52:23.089000	-0.015	-0.0214113	-0.0169887	124.896	675.12	-0.00144676	5	4	4	4	0.288923	361	62.2271	0	0	0	0.298249	127.846	0.547319	487.4	1	1	1	1	1	1	1	0
19.08.2015 07:52:23.189000	-0.015	-0.0214113	-0.0169887	124.898	675.227	0.000542535	5	4	4	4	0.262896	361	62.2271	0	0	0	0.298575	127.822	0.545	487.32	1	1	1	1	1	1	1	0
19.08.2015 07:52:23.289000	-0.015	-0.0214113	-0.0169887	124.898	675.151	0.00072338	5	4	4	4	0.265907	361	62.2271	0	0	0	0.298394	127.803	0.550554	487.226	1	1	1	1	1	1	1	0
19.08.2015 07:52:23.389000	-0.015	-0.0214113	-0.0169887	124.898	675.137	0	5	4	4	4	0.269066	361	62.2271	0	0	0	0.298069	127.786	0.552202	487.153	1	1	1	1	1	1	1	0
19.08.2015 07:52:23.489000	-0.015	-0.0214113	-0.0169887	124.898	675.117	0	5	4	4	4	0.271568	361	62.2271	0	0	0	0.298539	127.766	0.552995	487.074	1	1	1	1	1	1	1	0
19.08.2015 07:52:23.589000	-0.015	-0.0214113	-0.0169887	124.898	675.105	0	5	4	4	4	0.265414	361	62.2271	0	0	0	0.298286	127.747	0.552324	487.005	1	1	1	1	1	1	1	0
19.08.2015 07:52:23.689000	-0.015	-0.0214113	-0.0169887	124.901	675.099	0.00144676	5	4	4	4	0.257544	361	62.2271	0	0	0	0.299226	127.729	0.549944	486.942	1	1	1	1	1	1	1	0
19.08.2015 07:52:23.789000	-0.015	-0.0214113	-0.0169887	124.902	675.07	0	5	4	4	4	0.269107	361	62.2271	0	0	0	0.298937	127.706	0.550798	486.853	1	1	1	1	1	1	1	0
19.08.2015 07:52:23.889000	-0.015	-0.0214113	-0.0169887	124.904	675.07	-0.00072338	5	4	4	4	0.261026	361	62.2271	0	0	0	0.300673	127.683	0.554277	486.75	1	1	1	1	1	1	1	0
19.08.2015 07:52:23.989000	-0.015	-0.0214113	-0.0169887	124.902	675.066	-0.00108507	5	4	4	4	0.273567	361	62.2271	0	0	0	0.300383	127.662	0.556536	486.663	1	1	1	1	1	1	1	0
19.08.2015 07:52:24.089000	-0.015	-0.0214113	-0.0169887	124.904	675.063	-0.00144676	5	4	4	4	0.269948	361	62.2271	0	0	0	0.30183	127.644	0.561541	486.572	1	1	1	1	1	1	1	0
19.08.2015 07:52:24.189000	-0.015	-0.0214113	-0.0169887	124.898	675.066	0.0016276	5	4	4	4	0.286291	361	62.2271	0	0	0	0.302771	127.622	0.565691	486.475	1	1	1	1	1	1	1	0
19.08.2015 07:52:24.289000	-0.015	-0.0214113	-0.0169887	124.898	675.063	0.00036169	5	4	4	4	0.287538	361	62.2271	0	0	0	0.304109	127.604	0.567461	486.399	1	1	1	1	1	1	1	0
19.08.2015 07:52:24.389000	-0.015	-0.0214113	-0.0169887	124.906	675.063	0.00108507	5	4	4	4	0.274875	361	62.2271	0	0	0	0.305302	127.581	0.569353	486.302	1	1	1	1	1	1	1	0
19.08.2015 07:52:24.489000	-0.015	-0.0214113	-0.0169887	124.904	675.063	0.00036169	5	4	4	4	0.263607	361	62.2271	0	0	0	0.308087	127.557	0.572527	486.2	1	1	1	1	1	1	1	0
19.08.2015 07:52:24.589000	-0.015	-0.0214113	-0.0169887	124.902	675.066	0	5	4	4	4	0.268155	361	62.2271	0	0	0	0.310185	127.541	0.576678	486.12	1	1	1	1	1	1	1	0
19.08.2015 07:52:24.689000	-0.015	-0.0214113	-0.0169887	124.906	675.057	0.00072338	5	4	4	4	0.260602	361	62.2271	0	0	0	0.311849	127.52	0.584185	486.01	1	1	1	1	1	1	1	0
19.08.2015 07:52:24.789000	-0.015	-0.0214113	-0.0169887	124.906	675.055	-0.000542535	5	4	4	4	0.259821	361	62.2271	0	0	0	0.314634	127.499	0.583514	485.934	1	1	1	1	1	1	1	0
19.08.2015 07:52:24.889000	-0.015	-0.0214113	-0.0169887	124.906	675.047	-0.00144676	5	4	4	4	0.275856	361	62.2271	0	0	0	0.315466	127.484	0.579485	485.891	1	1	1	1	1	1	1	0
19.08.2015 07:52:24.989000	-0.015	-0.0214113	-0.0169887	124.906	675.047	-0.00217014	5	4	4	4	0.255944	361	62.2271	0	0	0	0.316949	127.464	0.582354	485.805	1	1	1	1	1	1	1	0
19.08.2015 07:52:25.089000	-0.015	-0.0214113	-0.0169887	124.904	675.044	-0.00144676	5	4	4	4	0.260956	361	62.2271	0	0	0	0.316189	127.445	0.584796	485.723	1	1	1	1	1	1	1	0
19.08.2015 07:52:25.189000	-0.015	-0.0214113	-0.0169887	124.906	675.039	-0.00217014	5	4	4	4	0.258185	361	62.2271	0	0	0	0.316913	127.425	0.585101	485.645	1	1	1	1	1	1	1	0
19.08.2015 07:52:25.289000	-0.015	-0.0214113	-0.0169887	124.906	675.029	-0.00072338	5	4	4	4	0.269357	361	62.2271	0	0	0	0.316479	127.407	0.588397	485.562	1	1	1	1	1	1	1	0
19.08.2015 07:52:25.389000	-0.015	-0.0214113	-0.0169887	124.906	675.027	0.000542535	5	4	4	4	0.268442	361	62.2271	0	0	0	0.316732	127.384	0.58974	485.469	1	1	1	1	1	1	1	0
19.08.2015 07:52:25.489000	-0.015	-0.0214113	-0.0169887	124.906	675.023	0.00108507	5	4	4	4	0.273094	361	62.2271	0	0	0	0.315683	127.365	0.593463	485.383	1	1	1	1	1	1	1	0
19.08.2015 07:52:25.589000	-0.015	-0.0214113	-0.0169887	124.906	675.023	0	5	4	4	4	0.28244	361	62.2271	0	0	0	0.314453	127.349	0.598407	485.302	1	1	1	1	1	1	1	0
19.08.2015 07:52:25.689000	-0.015	-0.0214113	-0.0169887	124.906	675.023	-0.00036169	5	4	4	4	0.259126	361	62.2271	0	0	0	0.314562	127.329	0.597064	485.232	1	1	1	1	1	1	1	0
19.08.2015 07:52:25.789000	-0.015	-0.0214113	-0.0169887	124.906	675.023	0.0016276	5	4	4	4	0.254037	361	62.2271	0	0	0	0.313549	127.308	0.60213	485.13	1	1	1	1	1	1	1	0
19.08.2015 07:52:25.889000	-0.015	-0.0214113	-0.0169887	124.906	675.018	-0.00144676	5	4	4	4	0.267247	361	62.2271	0	0	0	0.312717	127.29	0.605243	485.052	1	1	1	1	1	1	1	0
19.08.2015 07:52:25.989000	-0.015	-0.0214113	-0.0169887	124.906	675.008	0	5	4	4	4	0.273936	361	62.2271	0	0	0	0.310294	127.271	0.611103	484.955	1	1	1	1	1	1	1	0
19.08.2015 07:52:26.089000	-0.015	-0.0214113	-0.0169887	124.906	675.005	0	5	4	4	4	0.275352	361	62.2271	0	0	0	0.309317	127.252	0.612201	484.88	1	1	1	1	1	1	1	0
19.08.2015 07:52:26.189000	-0.015	-0.0214113	-0.0169887	124.906	675	0	5	4	4	4	0.261723	361	62.2271	0	0	0	0.306785	127.238	0.611896	484.826	1	1	1	1	1	1	1	0
19.08.2015 07:52:26.289000	-0.015	-0.0214113	-0.0169887	124.906	675	0	5	4	4	4	0.259148	361	62.2271	0	0	0	0.304977	127.22	0.611774	484.759	1	1	1	1	1	1	1	0
19.08.2015 07:52:26.389000	-0.015	-0.0214113	-0.0169887	124.91	674.996	0.00108507	5	4	4	4	0.267956	361	62.2271	0	0	0	0.303566	127.203	0.619282	484.664	1	1	1	1	1	1	1	0
19.08.2015 07:52:26.489000	-0.015	-0.0214113	-0.0169887	124.906	675.005	0.00108507	5	4	4	4	0.258172	361	62.2271	0	0	0	0.302192	127.178	0.619709	484.565	1	1	1	1	1	1	1	0
19.08.2015 07:52:26.589000	-0.015	-0.0214113	-0.0169887	124.902	675.023	0.000542535	5	4	4	4	0.2685	361	62.2271	0	0	0	0.300492	127.164	0.624958	484.492	1	1	1	1	1	1	1	0
19.08.2015 07:52:26.689000	-0.015	-0.0214113	-0.0169887	124.901	675.029	-0.00108507	5	4	4	4	0.274705	361	62.2271	0	0	0	0.298973	127.144	0.627277	484.407	1	1	1	1	1	1	1	0
19.08.2015 07:52:26.789000	-0.015	-0.0214113	-0.0169887	124.906	675.023	-0.00217014	5	4	4	4	0.270936	361	62.2271	0	0	0	0.299045	127.123	0.631672	484.308	1	1	1	1	1	1	1	0
19.08.2015 07:52:26.889000	-0.015	-0.0214113	-0.0169887	124.904	675.026	-0.00217014	5	4	4	4	0.278659	361	62.2271	0	0	0	0.297201	127.108	0.63686	484.233	1	1	1	1	1	1	1	0
19.08.2015 07:52:26.989000	-0.015	-0.0214113	-0.0169887	124.902	675.047	-0.00108507	5	4	4	4	0.276243	361	62.2271	0	0	0	0.296875	127.089	0.640767	484.146	1	1	1	1	1	1	1	0
19.08.2015 07:52:27.089000	-0.015	-0.0214113	-0.0169887	124.906	675.047	-0.00144676	5	4	4	4	0.277209	361	62.2271	0	0	0	0.295392	127.069	0.646382	484.047	1	1	1	1	1	1	1	0
19.08.2015 07:52:27.189000	-0.015	-0.0214113	-0.0169887	124.906	675.039	-0.00379774	5	4	4	4	0.270892	361	62.2271	0	0	0	0.295681	127.055	0.651875	483.971	1	1	1	1	1	1	1	0
19.08.2015 07:52:27.289000	-0.015	-0.0214113	-0.0169887	124.909	675.047	-0.00144676	5	4	4	4	0.26947	361	62.2271	0	0	0	0.29456	127.038	0.658834	483.882	1	1	1	1	1	1	1	0
19.08.2015 07:52:27.389000	-0.015	-0.0214113	-0.0169887	124.91	675.047	-0.00108507	5	4	4	4	0.282729	361	62.2271	0	0	0	0.294777	127.021	0.656087	483.826	1	1	1	1	1	1	1	0
19.08.2015 07:52:27.489000	-0.015	-0.0214113	-0.0169887	124.906	675.047	-0.00072338	5	4	4	4	0.263523	361	62.2271	0	0	0	0.294958	127.002	0.657552	483.747	1	1	1	1	1	1	1	0
19.08.2015 07:52:27.589000	-0.015	-0.0214113	-0.0169887	124.906	675.047	-0.0016276	5	4	4	4	0.257571	361	62.2271	0	0	0	0.295211	126.985	0.661397	483.669	1	1	1	1	1	1	1	0
19.08.2015 07:52:27.689000	-0.015	-0.0214113	-0.0169887	124.906	675.057	-0.00108507	5	4	4	4	0.277984	361	62.2271	0	0	0	0.295103	126.966	0.667623	483.573	1	1	1	1	1	1	1	0
19.08.2015 07:52:27.789000	-0.015	-0.0214113	-0.0169887	124.906	675.063	-0.00108507	5	4	4	4	0.270025	361	62.2271	0	0	0	0.296115	126.948	0.667745	483.501	1	1	1	1	1	1	1	0
19.08.2015 07:52:27.889000	-0.015	-0.0214113	-0.0169887	124.906	675.07	0.00108507	5	4	4	4	0.258592	361	62.2271	0	0	0	0.297128	126.937	0.673727	483.437	1	1	1	1	1	1	1	0
19.08.2015 07:52:27.989000	-0.015	-0.0214113	-0.0169887	124.906	675.07	0.000542535	5	4	4	4	0.286432	361	62.2271	0	0	0	0.297562	126.918	0.678915	483.344	1	1	1	1	1	1	1	0
19.08.2015 07:52:28.089000	-0.015	-0.0214113	-0.0169887	124.906	675.076	0.00036169	5	4	4	4	0.293653	361	62.2271	0	0	0	0.299154	126.897	0.683798	483.244	1	1	1	1	1	1	1	0
19.08.2015 07:52:28.189000	-0.015	-0.0214113	-0.0169887	124.906	675.094	0.000542535	5	4	4	4	0.272283	361	62.2271	0	0	0	0.300022	126.882	0.688925	483.168	1	1	1	1	1	1	1	0
19.08.2015 07:52:28.289000	-0.015	-0.0214113	-0.0169887	124.906	675.083	0.00108507	5	4	4	4	0.253984	361	62.2271	0	0	0	0.302264	126.865	0.692465	483.089	1	1	1	1	1	1	1	0
19.08.2015 07:52:28.389000	-0.015	-0.0214113	-0.0169887	124.895	675.102	0	5	4	4	4	0.267934	361	62.2271	0	0	0	0.302192	126.845	0.6957	483.001	1	1	1	1	1	1	1	0
19.08.2015 07:52:28.489000	-0.015	-0.0214113	-0.0169887	124.883	675.135	0	5	4	4	4	0.277989	361	62.2271	0	0	0	0.303422	126.828	0.699179	482.921	1	1	1	1	1	1	1	0
19.08.2015 07:52:28.589000	-0.015	-0.0214113	-0.0169887	124.875	675.09	-0.000542535	5	4	4	4	0.266431	361	62.2271	0	0	0	0.303024	126.814	0.700766	482.86	1	1	1	1	1	1	1	0
19.08.2015 07:52:28.689000	-0.015	-0.0214113	-0.0169887	124.88	675.117	-0.00180845	5	4	4	4	0.273495	361	62.2271	0	0	0	0.302517	126.797	0.690268	482.839	1	1	1	1	1	1	1	0
19.08.2015 07:52:28.789000	-0.015	-0.0214113	-0.0169887	124.883	675.09	-0.0016276	5	4	4	4	0.261603	361	62.2271	0	0	0	0.301107	126.782	0.691671	482.776	1	1	1	1	1	1	1	0
19.08.2015 07:52:28.889000	-0.015	-0.0214113	-0.0169887	124.883	675.099	-0.00180845	5	4	4	4	0.245203	361	62.2271	0	0	0	0.300094	126.769	0.693197	482.718	1	1	1	1	1	1	1	0
19.08.2015 07:52:28.989000	-0.015	-0.0214113	-0.0169887	124.883	675.148	-0.0016276	5	4	4	4	0.249198	361	62.2271	0	0	0	0.30013	126.755	0.691671	482.672	1	1	1	1	1	1	1	0
19.08.2015 07:52:29.089000	-0.015	-0.0214113	-0.0169887	124.88	675.161	-0.00108507	5	4	4	4	0.255839	361	62.2271	0	0	0	0.300022	126.733	0.690146	482.592	1	1	1	1	1	1	1	0
19.08.2015 07:52:29.189000	-0.015	-0.0214113	-0.0169887	124.875	675.133	-0.0016276	5	4	4	4	0.234743	361	62.2271	0	0	0	0.300673	126.717	0.690878	482.528	1	1	1	1	1	1	1	0
19.08.2015 07:52:29.289000	-0.015	-0.0214113	-0.0169887	124.88	675.133	-0.00144676	5	4	4	4	0.251663	361	62.2271	0	0	0	0.300962	126.701	0.694845	482.451	1	1	1	1	1	1	1	0
19.08.2015 07:52:29.389000	-0.015	-0.0214113	-0.0169887	124.883	675.141	-0.0016276	5	4	4	4	0.25515	361	62.2271	0	0	0	0.301939	126.677	0.696249	482.354	1	1	1	1	1	1	1	0
19.08.2015 07:52:29.489000	-0.015	-0.0214113	-0.0169887	124.87	675.156	0.00072338	5	4	4	4	0.258287	361	62.2271	0	0	0	0.30013	126.668	0.700949	482.304	1	1	1	1	1	1	1	0
19.08.2015 07:52:29.589000	-0.015	-0.0214113	-0.0169887	124.863	675.145	0.000542535	5	4	4	4	0.248473	361	62.2271	0	0	0	0.29872	126.646	0.699545	482.224	1	1	1	1	1	1	1	0
19.08.2015 07:52:29.689000	-0.015	-0.0214113	-0.0169887	124.865	675.141	0.00072338	5	4	4	4	0.239255	361	62.2271	0	0	0	0.296586	126.627	0.704306	482.132	1	1	1	1	1	1	1	0
19.08.2015 07:52:29.789000	-0.015	-0.0214113	-0.0169887	124.859	675.141	0.00217014	5	4	4	4	0.242004	361	62.2271	0	0	0	0.295103	126.615	0.707358	482.077	1	1	1	1	1	1	1	0
19.08.2015 07:52:29.889000	-0.015	-0.0214113	-0.0169887	124.865	675.135	0.00072338	5	4	4	4	0.233412	361	62.2271	0	0	0	0.293511	126.602	0.699484	482.055	1	1	1	1	1	1	1	0
19.08.2015 07:52:29.989000	-0.015	-0.0214113	-0.0169887	124.867	675.141	0	5	4	4	4	0.241716	361	62.2271	0	0	0	0.291594	126.586	0.703635	481.978	1	1	1	1	1	1	1	0
19.08.2015 07:52:30.089000	-0.015	-0.0214113	-0.0169887	124.867	675.133	-0.00144676	5	4	4	4	0.231699	361	62.2271	0	0	0	0.291667	126.569	0.70101	481.924	1	1	1	1	1	1	1	0
19.08.2015 07:52:30.189000	-0.015	-0.0214113	-0.0169887	124.867	675.133	-0.00271267	5	4	4	4	0.244007	361	62.2271	0	0	0	0.290979	126.556	0.702475	481.868	1	1	1	1	1	1	1	0
19.08.2015 07:52:30.289000	-0.015	-0.0214113	-0.0169887	124.867	675.13	0.00108507	5	4	4	4	0.271956	361	62.2271	0	0	0	0.292101	126.537	0.702963	481.794	1	1	1	1	1	1	1	0
19.08.2015 07:52:30.389000	-0.015	-0.0214113	-0.0169887	124.867	675.133	0	5	4	4	4	0.26426	361	62.2271	0	0	0	0.292173	126.518	0.703452	481.717	1	1	1	1	1	1	1	0
19.08.2015 07:52:30.489000	-0.015	-0.0214113	-0.0169887	124.867	675.133	0	5	4	4	4	0.267957	361	62.2271	0	0	0	0.293121	126.516	0.704817	481.706	1	1	1	1	1	1	1	0
