Time	[76:0]	[76:1]	[76:2]	[76:4]	[76:8]	[76:70]	[76:71]	[78:0]	[78:1]	[78:2]	[79:2]	[79:3]	[79:4]	[79:8]	[79:9]	[79:10]	[79:11]	[79:12]	[79:13]	[79:14]	[79.0]	[79.1]	[79.2]	[79.3]	[79.4]	[79.5]	[79.6]	[79.8]
time	Hoogteverstelling - Referentie positie (mm)	Hoogteverstelling - AZ gemeten positie (mm)	Hoogteverstelling - BZ gemeten positie (mm)	Transfert Ingang - Gemeten positie (mm)	Transfert Uitgang - Gemeten positie (mm)	Aardgas - actueel debiet	Stappenschakelaar - gemeten pos	Laspos Ing - positie discreet	Laspos Uitg - positie discreet	Schaafverstelling - positie discreet	Stuikraam - Totale Stroommeting RMS-waarde (A)	Stuikraam - Stroomreferentie (A)	Stuikraam - Positie AZ (mm, pulsgever)	Stuikraam - Referentie Servo-ventiel (%)	Stuikraam - Trim door I-regelaar (%)	Stuikraam - Gemeten snelheid (mm/s, pulsgever)	Secundaire lasspanning	Stuikraam - Druk stuikcilinder voorkamer (=laszijde)  (bar)	Stuikraam - Druk stuikcilinder terugloopkamer  (bar)	Stuikraam - Netto voorwaartse kracht op stuikraam (kN)	Stuikraam - P1	Stuikraam - P2	Stuikraam - P3	Stuikraam - P4	Stuikraam - P5	Stuikraam - P6	Stuikraam - P7	Stuikraam - Openen stuikventielen	

Lasparameter.Ingang - Coil ID	0332796S
Lasparameter.Ingang - Dikte (um)	3940
Lasparameter.Ingang - Breedte (mm)	1791
Lasparameter.Ingang - Materiaal	0001
Lasparameter.Uitgang - Coil ID	0333984S
Lasparameter.Uitgang - Dikte (um)	3820
Lasparameter.Uitgang - Breedte (mm)	1765
Lasparameter.Uitgang - Materiaal	0001
Lasparameter.P2 (mm)	23.5
Lasparameter.P3 (mm)	34.0
Lasparameter.P4 (mm)	42.2
Lasparameter.P5 (mm)	51.2
Lasparameter.P6 (mm)	58.0
Lasparameter.P7 (mm)	62.2
Lasparameter.Vonksnelheid (mm/s)	1.20
Lasparameter.Lassnelheid (mm/s)	0.48
Lasparameter.Stroom Referentie (A)	0375
Lasparameter.Stroomtoename (µA/s2)	46.0
Lasparameter.Stuikstroomtijd (per)	0008
Lasparameter.Afkoeltijd Stuik (per)	0010
Lasparameter.Stuikdruk (bar)	0111
Lasparameter.Stuiksnelheid (%)	90.0

17.08.2015 23:24:44.587000	-0.0600001	-0.0641925	-0.0680448	0.00390625	-668.395	-0.00488281	7	4	4	4	0.308932	375	0	0	0	0	0.373828	6.69063	129.215	-469.12	1	0	0	0	0	0	0	0
17.08.2015 23:24:44.687000	-0.0600001	-0.0641925	-0.0680448	0.0078125	-668.398	-0.00488281	7	4	4	4	0.304187	375	0	0	0	0	0.374711	3.95129	129.135	-479.302	1	0	0	0	0	0	0	0
17.08.2015 23:24:44.787000	-0.0600001	-0.0641925	-0.0680448	0.0130208	-668.396	-0.00506366	7	4	4	4	0.320817	375	0	0	0	0	0.375839	3.08994	129.068	-482.344	1	0	0	0	0	0	0	0
17.08.2015 23:24:44.887000	-0.0600001	-0.0641925	-0.0680448	0.015625	-668.398	-0.00488281	7	4	4	4	0.284254	375	0	0	0	0	0.376751	4.33631	129.08	-477.617	1	0	0	0	0	0	0	0
17.08.2015 23:24:44.987000	-0.0600001	-0.0641925	-0.0680448	0.015625	-668.393	-0.00506366	7	4	4	4	0.311057	375	0	0	0	0	0.377727	5.29685	129.108	-474.049	1	0	0	0	0	0	0	0
17.08.2015 23:24:45.087000	-0.0600001	-0.0641925	-0.0680448	0.0117188	-668.387	-0.00488281	7	4	4	4	0.357242	375	0	0	0	0	0.378328	4.54115	129.059	-476.755	1	0	0	0	0	0	0	0
17.08.2015 23:24:45.187000	-0.0600001	-0.0641925	-0.0680448	0.0104167	-668.388	-0.00434028	7	4	4	4	0.317607	375	0	0	0	0	0.380187	6.12653	129.123	-470.93	1	0	0	0	0	0	0	0
17.08.2015 23:24:45.287000	-0.0600001	-0.0641925	-0.0680448	0.00390625	-668.391	-0.00434028	7	4	4	4	0.290605	375	0	0	0	0	0.380208	2.74184	128.964	-483.28	1	0	0	0	0	0	0	0
17.08.2015 23:24:45.387000	-0.0600001	-0.0641925	-0.0680448	0.0182292	-668.393	-0.00434028	7	4	4	4	0.295613	375	0	0	0	0	0.382067	4.62178	128.994	-476.197	1	0	0	0	0	0	0	0
17.08.2015 23:24:45.487000	-0.0600001	-0.0641925	-0.0680448	0.0195313	-668.383	-0.00325521	7	4	4	4	0.326812	375	0	0	0	0	0.38295	6.49245	129.078	-469.355	1	0	0	0	0	0	0	0
17.08.2015 23:24:45.587000	-0.0600001	-0.0641925	-0.0680448	0.015625	-668.391	-0.00217014	7	4	4	4	0.320634	375	0	0	0	0	0.384824	3.89245	128.965	-478.877	1	0	0	0	0	0	0	0
17.08.2015 23:24:45.687000	-0.0600001	-0.0641925	-0.0680448	0	-668.391	-0.0016276	7	4	4	4	0.29997	375	0	0	0	0	0.385692	5.97095	128.996	-471.038	1	0	0	0	0	0	0	0
17.08.2015 23:24:45.787000	-0.0600001	-0.0641925	-0.0680448	0.0130208	-668.391	-0.00072338	7	4	4	4	0.276606	375	0	0	0	0	0.387854	5.53069	128.978	-472.654	1	0	0	0	0	0	0	0
17.08.2015 23:24:45.887000	-0.0600001	-0.0641925	-0.0680448	0.0078125	-668.391	0.00108507	7	4	4	4	0.303421	375	0	0	0	0	0.390155	4.64797	128.884	-475.676	1	0	0	0	0	0	0	0
17.08.2015 23:24:45.987000	-0.0600001	-0.0641925	-0.0680448	0.0104167	-668.388	0.00072338	7	4	4	4	0.323502	375	0	0	0	0	0.391782	5.86352	128.923	-471.169	1	0	0	0	0	0	0	0
17.08.2015 23:24:46.087000	-0.0600001	-0.0641925	-0.0680448	0.015625	-668.391	0.000542535	7	4	4	4	0.317934	375	0	0	0	0	0.392354	5.41044	128.896	-472.802	1	0	0	0	0	0	0	0
17.08.2015 23:24:46.187000	-0.0600001	-0.0641925	-0.0680448	0.0208333	-668.388	0.00072338	7	4	4	4	0.300634	375	0	0	0	0	0.391652	4.7073	128.82	-475.203	1	0	0	0	0	0	0	0
17.08.2015 23:24:46.287000	-0.0600001	-0.0641925	-0.0680448	0	-668.387	0.000542535	7	4	4	4	0.325032	375	0	0	0	0	0.39192	2.82382	128.745	-482.128	1	0	0	0	0	0	0	0
17.08.2015 23:24:46.387000	-0.0600001	-0.0641925	-0.0680448	0.114583	-668.385	0.00036169	7	4	4	4	0.322039	375	0	0	0	0	0.391356	3.8092	128.746	-478.357	1	0	0	0	0	0	0	0
17.08.2015 23:24:46.487000	-0.0600001	-0.0641925	-0.0680448	0.441406	-668.391	0.00108507	7	4	4	4	0.305974	375	0	0	0	0	0.39192	4.50581	128.746	-475.689	1	0	0	0	0	0	0	0
17.08.2015 23:24:46.587000	-0.0600001	-0.0641925	-0.0680448	2.48438	-668.388	0.00108507	7	4	4	4	0.310205	375	0	0	0	0	0.390929	4.9631	128.737	-473.907	1	0	0	0	0	0	0	0
17.08.2015 23:24:46.687000	-0.0600001	-0.0641925	-0.0680448	13.707	-668.391	0.000542535	7	4	4	4	0.296658	375	0	0	0	0	0.390625	4.49263	128.706	-475.589	1	0	0	0	0	0	0	0
17.08.2015 23:24:46.787000	-0.0600001	-0.0641925	-0.0680448	40.6432	-668.391	0.00036169	7	4	4	4	0.262707	375	0	0	0	0	0.389193	4.66549	128.693	-474.876	1	0	0	0	0	0	0	0
17.08.2015 23:24:46.887000	-0.0600001	-0.0641925	-0.0680448	62.7852	-668.391	0.000542535	7	4	4	4	0.287576	375	0	0	0	0	0.388896	5.0828	128.679	-473.225	1	0	0	0	0	0	0	0
17.08.2015 23:24:46.987000	-0.0600001	-0.0641925	-0.0680448	89.4193	-668.391	0.00036169	7	4	4	4	0.307849	375	0	0	0	0	0.387601	4.40425	128.642	-475.683	1	0	0	0	0	0	0	0
17.08.2015 23:24:47.087000	-0.0600001	-0.0641925	-0.0680448	127.941	-668.391	0.00108507	7	4	4	4	0.297815	375	0	0	0	0	0.386726	4.09229	128.611	-476.758	1	0	0	0	0	0	0	0
17.08.2015 23:24:47.187000	-0.0600001	-0.0641925	-0.0680448	173.339	-668.391	0	7	4	4	4	0.32019	375	0	0	0	0	0.385569	5.0867	128.613	-472.959	1	0	0	0	0	0	0	0
17.08.2015 23:24:47.287000	-0.0600001	-0.0641925	-0.0680448	214.898	-668.391	0.000542535	7	4	4	4	0.392737	375	0	0	0	0	0.385279	4.6877	128.582	-474.365	1	0	0	0	0	0	0	0
17.08.2015 23:24:47.387000	-0.0600001	-0.0641925	-0.0680448	257.727	-668.391	-0.00072338	7	4	4	4	0.380899	375	0	0	0	0	0.384411	4.46767	128.553	-475.099	1	0	0	0	0	0	0	0
17.08.2015 23:24:47.487000	-0.0600001	-0.0641925	-0.0680448	309.258	-668.391	-0.00217014	7	4	4	4	0.385443	375	0	0	0	0	0.383543	4.72488	128.539	-474.061	1	0	0	0	0	0	0	0
17.08.2015 23:24:47.587000	-0.0600001	-0.0641925	-0.0680448	360.284	-668.391	-0.00108507	7	4	4	4	0.37717	375	0	0	0	0	0.384107	4.60518	128.514	-474.424	1	0	0	0	0	0	0	0
17.08.2015 23:24:47.687000	-0.0600001	-0.0641925	-0.0680448	403.121	-668.391	-0.00217014	7	4	4	4	0.374136	375	0	0	0	0	0.383543	4.49806	128.486	-474.725	1	0	0	0	0	0	0	0
17.08.2015 23:24:47.787000	-0.0600001	-0.0641925	-0.0680448	442.521	-668.391	-0.00144676	7	4	4	4	0.342325	375	0	0	0	0	0.384397	4.37703	128.464	-475.106	1	0	0	0	0	0	0	0
17.08.2015 23:24:47.887000	-0.0600001	-0.0641925	-0.0680448	479.137	-668.391	-0.000542535	7	4	4	4	0.370452	375	0	0	0	0	0.382972	4.34944	128.444	-475.132	1	0	0	0	0	0	0	0
17.08.2015 23:24:47.987000	-0.0600001	-0.0641925	-0.0680448	495.349	-668.393	-0.00036169	7	4	4	4	0.374735	375	0	0	0	0	0.381677	4.52852	128.421	-474.359	1	0	0	0	0	0	0	0
17.08.2015 23:24:48.087000	-0.0600001	-0.0641925	-0.0680448	510.352	-668.395	0.000542535	7	4	4	4	0.377746	375	0	0	0	0	0.378791	4.48592	128.4	-474.443	1	0	0	0	0	0	0	0
17.08.2015 23:24:48.187000	-0.0600001	-0.0641925	-0.0680448	528.32	-668.393	0.00072338	7	4	4	4	0.371838	375	0	0	0	0	0.37547	4.46284	128.38	-474.454	1	0	0	0	0	0	0	0
17.08.2015 23:24:48.287000	-0.0600001	-0.0641925	-0.0680448	548.238	-668.395	0	7	4	4	4	0.389895	375	0	0	0	0	0.372562	4.49043	128.357	-474.261	1	0	0	0	0	0	0	0
17.08.2015 23:24:48.387000	-0.0600001	-0.0641925	-0.0680448	563.99	-668.398	0.00072338	7	4	4	4	0.368726	375	0	0	0	0	0.37011	4.50069	128.337	-474.145	1	0	0	0	0	0	0	0
17.08.2015 23:24:48.487000	-0.0600001	-0.0641925	-0.0680448	579.734	-668.398	0.00108507	7	4	4	4	0.390439	375	0	0	0	0	0.366927	4.49898	128.313	-474.058	1	0	0	0	0	0	0	0
17.08.2015 23:24:48.587000	-0.0600001	-0.0641925	-0.0680448	596.969	-668.398	0.00072338	7	4	4	4	0.379032	375	0	0	0	0	0.363896	4.44435	128.29	-474.179	1	0	0	0	0	0	0	0
17.08.2015 23:24:48.687000	-0.0600001	-0.0641925	-0.0680448	615.43	-668.398	0.00108507	7	4	4	4	0.372987	375	0	0	0	0	0.36156	4.48262	128.269	-473.955	1	0	0	0	0	0	0	0
17.08.2015 23:24:48.787000	-0.0600001	-0.0641925	-0.0680448	630.237	-668.398	0.00036169	7	4	4	4	0.372273	375	0	0	0	0	0.359122	4.48982	128.249	-473.85	1	0	0	0	0	0	0	0
17.08.2015 23:24:48.887000	-0.0600001	-0.0641925	-0.0680448	644.328	-668.398	-0.0016276	7	4	4	4	0.361333	375	0	0	0	0	0.356496	4.45418	128.227	-473.9	1	0	0	0	0	0	0	0
17.08.2015 23:24:48.987000	-0.0600001	-0.0641925	-0.0680448	661.049	-668.398	-0.00036169	7	4	4	4	0.375804	375	0	0	0	0	0.353479	4.4554	128.207	-473.821	1	0	0	0	0	0	0	0
17.08.2015 23:24:49.087000	-0.0600001	-0.0641925	-0.0680448	675.074	-668.398	0	7	4	4	4	0.355466	375	0	0	0	0	0.352004	4.44911	128.186	-473.765	1	0	0	0	0	0	0	0
17.08.2015 23:24:49.187000	-0.0600001	-0.0641925	-0.0680448	686.435	-668.398	-0.00036169	7	4	4	4	0.344563	375	0	0	0	0	0.349002	4.45515	128.166	-473.662	1	0	0	0	0	0	0	0
17.08.2015 23:24:49.287000	-0.0600001	-0.0641925	-0.0680448	696.395	-668.398	-0.0016276	7	4	4	4	0.379279	375	0	0	0	0	0.34694	4.40718	128.143	-473.761	1	0	0	0	0	0	0	0
17.08.2015 23:24:49.387000	-0.0600001	-0.0641925	-0.0680448	706.362	-668.401	-0.00144676	7	4	4	4	0.401896	375	0	0	0	0	0.343786	4.36848	128.124	-473.835	1	0	0	0	0	0	0	0
17.08.2015 23:24:49.487000	-0.0600001	-0.0641925	-0.0680448	709.813	-668.406	-0.00325521	7	4	4	4	0.385366	375	0	0	0	0	0.342882	4.34242	128.1	-473.842	1	0	0	0	0	0	0	0
17.08.2015 23:24:49.587000	-0.0600001	-0.0641925	-0.0680448	710.685	-668.401	-0.00325521	7	4	4	4	0.39886	375	0	0	0	0	0.34116	4.43751	128.08	-473.403	1	0	0	0	0	0	0	0
17.08.2015 23:24:49.687000	-0.0600001	-0.0641925	-0.0680448	711.129	-668.406	0.0016276	7	4	4	4	0.389307	375	0	0	0	0	0.341153	4.3921	128.059	-473.496	1	0	0	0	0	0	0	0
17.08.2015 23:24:49.787000	-0.0600001	-0.0641925	-0.0680448	711.133	-668.404	-0.00108507	7	4	4	4	0.406248	375	0	0	0	0	0.33928	4.43074	128.038	-473.269	1	0	0	0	0	0	0	0
17.08.2015 23:24:49.887000	-0.0600001	-0.0641925	-0.0680448	711.133	-668.406	-0.00434028	7	4	4	4	0.392299	375	0	0	0	0	0.338701	5.04587	128.036	-470.907	1	0	0	0	0	0	0	0
17.08.2015 23:24:49.987000	-0.0600001	-0.0641925	-0.0680448	711.13	-668.404	-0.00253183	7	4	4	4	0.398469	375	0	0	0	0	0.336538	4.65633	128.017	-472.323	1	0	0	0	0	0	0	0
17.08.2015 23:24:50.087000	-0.0600001	-0.0641925	-0.0680448	711.133	-668.406	-0.00325521	7	4	4	4	0.368637	375	0	0	0	0	0.332798	4.27204	127.988	-473.682	1	0	0	0	0	0	0	0
17.08.2015 23:24:50.187000	-0.0600001	-0.0641925	-0.0680448	711.133	-668.411	-0.0036169	7	4	4	4	0.373808	375	0	0	0	0	0.329601	4.65401	127.978	-472.182	1	0	0	0	0	0	0	0
17.08.2015 23:24:50.287000	-0.0600001	-0.0641925	-0.0680448	711.133	-668.414	-0.00271267	7	4	4	4	0.389214	375	0	0	0	0	0.325289	4.54689	128.039	-472.827	1	0	0	0	0	0	0	0
17.08.2015 23:24:50.387000	-0.0600001	-0.0641925	-0.0680448	711.13	-668.414	-0.00325521	7	4	4	4	0.383525	375	0	0	0	0	0.321788	4.34382	128.171	-474.11	1	0	0	0	0	0	0	0
17.08.2015 23:24:50.487000	-0.0600001	-0.0641925	-0.0680448	711.133	-668.414	-0.00379774	7	4	4	4	0.343353	375	0	0	0	0	0.317737	4.53798	128.31	-473.897	1	0	0	0	0	0	0	0
17.08.2015 23:24:50.587000	-0.0600001	-0.0641925	-0.0680448	711.133	-668.414	-0.00397859	7	4	4	4	0.378921	375	0	0	0	0	0.316855	4.66945	128.443	-473.904	1	0	0	0	0	0	0	0
17.08.2015 23:24:50.687000	-0.0600001	-0.0641925	-0.0680448	711.133	-668.41	-0.00325521	7	4	4	4	0.367624	375	0	0	0	0	0.313679	4.47823	128.572	-475.13	1	0	0	0	0	0	0	0
17.08.2015 23:24:50.787000	-0.0600001	-0.0641925	-0.0680448	711.135	-668.414	-0.00217014	7	4	4	4	0.358313	375	0	0	0	0	0.311668	4.49373	128.711	-475.604	1	0	0	0	0	0	0	0
17.08.2015 23:24:50.887000	-0.0600001	-0.0641925	-0.0680448	711.133	-668.414	0	7	4	4	4	0.370576	375	0	0	0	0	0.309035	4.56867	129.069	-476.687	1	0	0	0	0	0	0	0
17.08.2015 23:24:50.987000	-0.0600001	-0.0641925	-0.0680448	711.135	-668.414	-0.00144676	7	4	4	4	0.381662	375	0	0	0	0	0.307617	4.52492	129.634	-479.017	1	0	0	0	0	0	0	0
17.08.2015 23:24:51.087000	-0.0600001	-0.0641925	-0.0680448	711.133	-668.414	-0.00108507	7	4	4	4	0.383062	375	0	0	0	0	0.30327	4.53035	129.654	-479.075	1	0	0	0	0	0	0	0
17.08.2015 23:24:51.187000	-0.0600001	-0.0641925	-0.0680448	711.133	-668.414	-0.00289352	7	4	4	4	0.381784	375	0	0	0	0	0.299385	4.43745	129.607	-479.246	1	0	0	0	0	0	0	0
17.08.2015 23:24:51.287000	-0.0600001	-0.0641925	-0.0680448	711.141	-668.418	-0.00379774	7	4	4	4	0.374139	375	0	0	0	0	0.296448	3.77508	129.576	-481.668	1	0	0	0	0	0	0	0
17.08.2015 23:24:51.387000	-0.0600001	-0.0641925	-0.0680448	711.141	-668.419	-0.00434028	7	4	4	4	0.372444	375	0	0	0	0	0.292385	4.57231	127.255	-469.728	1	0	0	0	0	0	0	0
17.08.2015 23:24:51.487000	-0.0600001	-0.0641925	-0.0680448	711.145	-668.422	-0.00325521	7	4	4	4	0.387269	375	0	0	0	0	0.28805	5.06528	129.785	-477.526	1	0	0	0	0	0	0	0
17.08.2015 23:24:51.587000	-0.0600001	-0.0641925	-0.0680448	711.143	-668.424	-0.00289352	7	4	4	4	0.384413	375	0	0	0	0	0.282841	6.12839	130.141	-474.822	1	0	0	0	0	0	0	0
17.08.2015 23:24:51.687000	-0.0600001	-0.0641925	-0.0680448	711.148	-668.418	-0.00108507	7	4	4	4	0.389177	375	0	0	0	0	0.279948	4.74398	129.627	-478.152	1	0	0	0	0	0	0	0
17.08.2015 23:24:51.787000	-0.0600001	-0.0641925	-0.0680448	711.148	-668.422	0.00036169	7	4	4	4	0.38003	375	0	0	0	0	0.275174	4.79745	129	-475.546	1	0	0	0	0	0	0	0
17.08.2015 23:24:51.887000	-0.0600001	-0.0641925	-0.0680448	711.148	-668.426	0.00108507	7	4	4	4	0.394424	375	0	0	0	0	0.272859	5.36546	128.789	-472.564	1	0	0	0	0	0	0	0
17.08.2015 23:24:51.987000	-0.0600001	-0.0641925	-0.0680448	711.148	-668.422	0.00036169	7	4	4	4	0.374026	375	0	0	0	0	0.268663	4.97861	128.745	-473.877	1	0	0	0	0	0	0	0
17.08.2015 23:24:52.087000	-0.0600001	-0.0641925	-0.0680448	711.148	-668.422	0	7	4	4	4	0.380487	375	0	0	0	0	0.267795	4.88687	128.69	-474.019	1	0	0	0	0	0	0	0
17.08.2015 23:24:52.187000	-0.0600001	-0.0641925	-0.0680448	711.148	-668.424	-0.00108507	7	4	4	4	0.408032	375	0	0	0	0	0.263744	5.23325	128.622	-472.43	1	0	0	0	0	0	0	0
17.08.2015 23:24:52.287000	-0.0600001	-0.0641925	-0.0680448	711.148	-668.422	-0.0016276	7	4	4	4	0.385357	375	0	0	0	0	0.262008	5.05203	128.359	-472.117	1	0	0	0	0	0	0	0
17.08.2015 23:24:52.387000	-0.0600001	-0.0641925	-0.0680448	711.148	-668.422	-0.00108507	7	4	4	4	0.374822	375	0	0	0	0	0.259693	4.91812	128.206	-472.044	1	0	0	0	0	0	0	0
17.08.2015 23:24:52.487000	-0.0600001	-0.0641925	-0.0680448	711.148	-668.422	-0.0016276	7	4	4	4	0.372513	375	0	0	0	0	0.258825	4.9277	128.276	-472.277	1	0	0	0	0	0	0	0
17.08.2015 23:24:52.587000	-0.0600001	-0.0641925	-0.0680448	711.148	-668.424	-0.00144676	7	4	4	4	0.350494	375	0	0	0	0	0.257668	4.35908	128.228	-474.269	1	0	0	0	0	0	0	0
17.08.2015 23:24:52.687000	-0.0600001	-0.0641925	-0.0680448	711.148	-668.43	-0.00217014	7	4	4	4	0.374265	375	0	0	0	0	0.257378	5.22416	126.053	-462.629	1	0	0	0	0	0	0	0
17.08.2015 23:24:52.787000	-0.0600001	-0.0641925	-0.0680448	711.135	-668.424	-0.00253183	7	4	4	4	0.39085	375	0.0149226	0	0	0	0.259115	33.5994	113.253	-304.977	1	0	0	0	0	0	0	0
17.08.2015 23:24:52.887000	-0.0600001	-0.0641925	-0.0680448	710.695	-668.422	-0.00325521	7	4	4	4	0.373192	375	1.1555	0	0	21.3909	0.260561	113.941	84.921	111.112	1	0	0	0	0	0	0	0
17.08.2015 23:24:52.987000	-0.0600001	-0.0641925	-0.0680448	702.909	-668.424	-0.00325521	7	4	4	4	0.374064	375	4.45588	0	0	34.6605	0.262587	109.424	82.9754	101.265	1	0	0	0	0	0	0	0
17.08.2015 23:24:53.087000	-0.0600001	-0.0641925	-0.0680448	683.734	-668.422	-0.0016276	7	4	4	4	0.376379	375	8.02138	0	0	36.3065	0.261429	110.172	83.9423	100.428	1	0	0	0	0	0	0	0
17.08.2015 23:24:53.187000	-0.0600001	-0.0641925	-0.0680448	667.232	-668.43	-0.00325521	7	4	4	4	0.369294	375	11.6456	0	0	36.7853	0.263455	113.441	87.5613	99.0877	1	0	0	0	0	0	0	0
17.08.2015 23:24:53.287000	-0.0600001	-0.0641925	-0.0680448	644.703	-668.43	-0.00325521	7	4	4	4	0.38982	375	15.2673	0	0	36.0079	0.264034	117.583	91.5387	99.7168	1	0	0	0	0	0	0	0
17.08.2015 23:24:53.387000	-0.0600001	-0.0641925	-0.0680448	609.789	-668.43	-0.00325521	7	4	4	4	0.370743	375	18.8527	0	0	35.6938	0.266059	119.299	93.6378	98.2501	1	0	0	0	0	0	0	0
17.08.2015 23:24:53.487000	-0.0600001	-0.0641925	-0.0680448	574.832	-668.43	-0.00325521	7	4	4	4	0.367073	375	22.4008	0.5	0	35.5353	0.266927	119.553	93.9515	98.0239	1	0.19	0	0	0	0	0	0
17.08.2015 23:24:53.587000	-0.0600001	-0.0641925	-0.0680448	539.885	-668.43	-0.00253183	7	4	4	4	0.355616	375	26.5572	50	0	47.2237	0.269965	109.767	83.7897	99.4616	1	1	0	0	0	0	0	0
17.08.2015 23:24:53.687000	-0.0600001	-0.0641925	-0.0680448	501.184	-668.434	-0.0016276	7	4	4	4	0.380244	375	29.8809	49.81	0	20.7083	0.271991	94.1524	72.0065	84.7921	1	1	0	0	0	0	0	0
17.08.2015 23:24:53.787000	-0.0600001	-0.0641925	-0.0680448	446.565	-668.445	-0.00108507	7	4	4	4	0.403879	375	31.2483	43.0501	0	12.1197	0.274884	68.007	43.9185	92.2301	1	1	0	0	0	0	0	0
17.08.2015 23:24:53.887000	-0.0600001	-0.0641925	-0.0680448	409.133	-668.453	-0.00108507	7	4	4	4	0.382703	375	32.2069	33.0512	0	9.1542	0.27662	54.7114	30.2417	93.6895	1	1	0	0	0	0	0	0
17.08.2015 23:24:53.987000	-0.0600001	-0.0641925	-0.0680448	374.135	-668.456	-0.00217014	7	4	4	4	0.382129	375	32.9013	23.0502	0	6.93127	0.279369	48.8683	24.2201	94.3728	1	1	0	0	0	0	0	0
17.08.2015 23:24:54.087000	-0.0600001	-0.0641925	-0.0680448	341.199	-668.453	-0.000542535	7	4	4	4	0.378655	375	33.3549	13.0512	0	4.46265	0.281684	45.3874	20.6927	94.5509	1	1	0	0	0	0	0	0
17.08.2015 23:24:54.187000	-0.0600001	-0.0641925	-0.0680448	298.24	-668.453	0.00072338	7	4	4	4	0.385156	375	33.5708	5.51213	0	3.65771	0.281829	45.0293	18.9365	99.904	1	1	0	0	0	0	0	0
17.08.2015 23:24:54.287000	-0.0600001	-0.0641925	-0.0680448	269.328	-668.453	0	7	4	4	4	0.375745	375	33.6951	5.06724	0	1.94746	0.282986	43.8174	18.4674	97.0599	1	1	0	0	0	0	0	0
17.08.2015 23:24:54.387000	-0.0600001	-0.0641925	-0.0680448	246.065	-668.456	0.00036169	7	4	4	4	0.394263	375	33.821	5.06724	0	1.6919	0.280961	44.0139	18.1994	98.8384	1	1	0	0	0	0	0	0
17.08.2015 23:24:54.487000	-0.0600001	-0.0641925	-0.0680448	228.078	-668.461	0.00108507	7	4	4	4	0.385374	375	33.9419	5.06724	0	1.3	0.280093	43.4328	17.9116	97.7159	1	1	0	0	0	0	0	0
17.08.2015 23:24:54.587000	-0.0600001	-0.0641925	-0.0680448	206.94	-668.461	0.00108507	7	4	4	4	61.2571	375	34.0652	5.06724	0	1.22535	0.510561	42.9658	17.6861	96.7907	1	1	1	0	0	0	0	0
17.08.2015 23:24:54.687000	-0.0600001	-0.0641925	-0.0680448	189.496	-668.461	0.000542535	7	4	4	4	93.8539	375	34.1821	5.06724	0	1.22037	5.57364	42.7907	17.5161	96.7715	1	1	1	0	0	0	0	0
17.08.2015 23:24:54.787000	-0.0600001	-0.0641925	-0.0680448	173.346	-668.464	0.00072338	7	4	4	4	94.0085	375	34.305	5.06724	0	1.21912	10.6914	42.6834	17.4435	96.6383	1	1	1	0	0	0	0	0
17.08.2015 23:24:54.887000	-0.0600001	-0.0641925	-0.0680448	150.438	-668.469	0.00108507	7	4	4	4	94.133	375	34.4209	5.06724	0	1.20627	11.3746	42.571	17.3722	96.481	1	1	1	0	0	0	0	0
17.08.2015 23:24:54.987000	-0.0600001	-0.0641925	-0.0680448	138.508	-668.474	0.00108507	7	4	4	4	93.9599	375	34.5403	5.06724	0	1.20152	11.6196	42.3816	17.3204	95.9543	1	1	1	0	0	0	0	0
17.08.2015 23:24:55.087000	-0.0600001	-0.0641925	-0.0680448	130.699	-668.477	0.00108507	7	4	4	4	93.9524	375	34.6616	5.06724	0	1.19072	11.7027	42.5554	17.2685	96.8187	1	1	1	0	0	0	0	0
17.08.2015 23:24:55.187000	-0.0600001	-0.0641925	-0.0680448	127.63	-668.479	-0.00036169	7	4	4	4	94.0305	375	34.7765	5.06724	0	1.18438	11.7344	42.4212	17.2956	96.2008	1	1	1	0	0	0	0	0
17.08.2015 23:24:55.287000	-0.0600001	-0.0641925	-0.0680448	126.555	-668.48	-0.00108507	7	4	4	4	93.9184	375	34.8989	5.06724	0	1.18435	11.7497	42.1306	17.3488	94.8844	1	1	1	0	0	0	0	0
17.08.2015 23:24:55.387000	-0.0600001	-0.0641925	-0.0680448	128.065	-668.484	-0.00108507	7	4	4	4	94.0993	375	35.0183	5.06724	0	1.18433	11.7571	42.0979	17.326	94.8466	1	1	1	0	0	0	0	0
17.08.2015 23:24:55.487000	-0.0600001	-0.0641925	-0.0680448	128.258	-668.484	-0.00108507	7	4	4	4	94.1008	375	35.1352	5.06724	0	1.19222	11.7681	42.2532	17.2003	95.9227	1	1	1	0	0	0	0	0
17.08.2015 23:24:55.587000	-0.0600001	-0.0641925	-0.0680448	128.359	-668.49	-0.00144676	7	4	4	4	94.3688	375	35.257	5.06724	0	1.20148	11.7622	42.1771	17.1945	95.6533	1	1	1	0	0	0	0	0
17.08.2015 23:24:55.687000	-0.0600001	-0.0641925	-0.0680448	128.379	-668.492	0.00108507	7	4	4	4	94.5171	375	35.371	5.06724	0	1.19186	11.7711	42.3008	17.1394	96.338	1	1	1	0	0	0	0	0
17.08.2015 23:24:55.787000	-0.0600001	-0.0641925	-0.0680448	128.388	-668.5	0.00036169	7	4	4	4	94.5297	375	35.4933	5.06724	0	1.17319	11.7779	42.2114	17.1468	95.9674	1	1	1	0	0	0	0	0
17.08.2015 23:24:55.887000	-0.0600001	-0.0641925	-0.0680448	128.391	-668.5	0.00108507	7	4	4	4	94.6067	375	35.6087	5.06724	0	1.17445	11.7776	42.268	17.1549	96.1532	1	1	1	0	0	0	0	0
17.08.2015 23:24:55.987000	-0.0600001	-0.0641925	-0.0680448	128.391	-668.5	0.00108507	7	4	4	4	94.5682	375	35.7266	5.06724	0	1.17865	11.7875	42.2952	17.1703	96.198	1	1	1	0	0	0	0	0
17.08.2015 23:24:56.087000	-0.0600001	-0.0641925	-0.0680448	128.391	-668.5	0.000542535	7	4	4	4	94.7075	375	35.8485	5.06724	0	1.18231	11.7866	42.3306	17.1793	96.2995	1	1	1	0	0	0	0	0
17.08.2015 23:24:56.187000	-0.0600001	-0.0641925	-0.0680448	128.391	-668.505	0.00036169	7	4	4	4	94.8158	375	35.9659	5.06724	0	1.20153	11.7985	42.2962	17.1801	96.1646	1	1	1	0	0	0	0	0
17.08.2015 23:24:56.287000	-0.0600001	-0.0641925	-0.0680448	128.391	-668.508	0.0016276	7	4	4	4	94.6049	375	36.0828	5.06724	0	1.20039	11.8069	42.2884	17.2001	96.058	1	1	1	0	0	0	0	0
17.08.2015 23:24:56.387000	-0.0600001	-0.0641925	-0.0680448	128.391	-668.513	0.00108507	7	4	4	4	94.4671	375	36.2031	5.06724	0	1.17877	11.8076	42.288	17.205	96.0379	1	1	1	0	0	0	0	0
17.08.2015 23:24:56.487000	-0.0600001	-0.0641925	-0.0680448	128.395	-668.516	0.00108507	7	4	4	4	94.4838	375	36.321	5.06724	0	1.17877	11.8093	42.1135	17.2102	95.3499	1	1	1	0	0	0	0	0
17.08.2015 23:24:56.587000	-0.0600001	-0.0641925	-0.0680448	128.396	-668.516	0.00036169	7	4	4	4	94.4503	375	36.4404	5.06724	0	1.16854	11.815	42.1949	17.2255	95.6028	1	1	1	0	0	0	0	0
17.08.2015 23:24:56.687000	-0.0600001	-0.0641925	-0.0680448	128.395	-668.516	0.000542535	7	4	4	4	94.61	375	36.5603	5.06724	0	1.16765	11.8077	42.4898	17.2377	96.6851	1	1	1	0	0	0	0	0
17.08.2015 23:24:56.787000	-0.0600001	-0.0641925	-0.0680448	128.391	-668.516	0.00072338	7	4	4	4	94.5465	375	36.6792	5.06724	0	1.20728	11.8045	42.3475	17.2317	96.1634	1	1	1	0	0	0	0	0
17.08.2015 23:24:56.887000	-0.0600001	-0.0641925	-0.0680448	128.395	-668.516	0.000542535	7	4	4	4	94.8797	375	36.7995	5.06724	0	1.21321	11.8066	42.4244	17.2358	96.4422	1	1	1	0	0	0	0	0
17.08.2015 23:24:56.987000	-0.0600001	-0.0641925	-0.0680448	128.393	-668.521	0.00072338	7	4	4	4	94.8239	375	36.9164	5.06724	0	1.19941	11.8018	42.3007	17.2325	95.9814	1	1	1	0	0	0	0	0
17.08.2015 23:24:57.087000	-0.0600001	-0.0641925	-0.0680448	128.398	-668.523	0	7	4	4	4	94.7122	375	37.0373	5.06724	0	1.19575	11.803	42.5291	17.2425	96.8171	1	1	1	0	0	0	0	0
17.08.2015 23:24:57.187000	-0.0600001	-0.0641925	-0.0680448	128.391	-668.523	0.00072338	7	4	4	4	94.6734	375	37.1562	5.06724	0	1.19572	11.8011	42.4309	17.2514	96.407	1	1	1	0	0	0	0	0
17.08.2015 23:24:57.287000	-0.0600001	-0.0641925	-0.0680448	128.398	-668.527	0	7	4	4	4	94.6674	375	37.2726	5.06724	0	1.19571	11.8016	42.0839	17.2624	95.0368	1	1	1	0	0	0	0	0
17.08.2015 23:24:57.387000	-0.0600001	-0.0641925	-0.0680448	128.393	-668.523	0.00108507	7	4	4	4	94.8033	375	37.3959	5.06724	0	1.18871	11.8008	42.4398	17.2804	96.3305	1	1	1	0	0	0	0	0
17.08.2015 23:24:57.487000	-0.0600001	-0.0641925	-0.0680448	128.398	-668.531	0.000542535	7	4	4	4	94.7679	375	37.5133	5.06724	0	1.18423	11.8019	42.4174	17.2923	96.199	1	1	1	0	0	0	0	0
17.08.2015 23:24:57.587000	-0.0600001	-0.0641925	-0.0680448	128.393	-668.531	0.00036169	7	4	4	4	94.5585	375	37.6332	5.06724	0	1.18719	11.8122	41.7147	17.294	93.5019	1	1	1	0	0	0	0	0
17.08.2015 23:24:57.687000	-0.0600001	-0.0641925	-0.0680448	128.398	-668.531	-0.00108507	7	4	4	4	94.5811	375	37.7531	5.06724	0	1.18992	11.818	42.0049	17.3096	94.5535	1	1	1	0	0	0	0	0
17.08.2015 23:24:57.787000	-0.0600001	-0.0641925	-0.0680448	128.398	-668.531	-0.00072338	7	4	4	4	94.5124	375	37.8705	5.06724	0	1.19795	11.8131	42.4339	17.3163	96.1705	1	1	1	0	0	0	0	0
17.08.2015 23:24:57.887000	-0.0600001	-0.0641925	-0.0680448	128.398	-668.531	-0.00217014	7	4	4	4	94.5521	375	37.9924	5.06724	0	1.20738	11.8131	42.6212	17.3186	96.8783	1	1	1	0	0	0	0	0
17.08.2015 23:24:57.987000	-0.0600001	-0.0641925	-0.0680448	128.396	-668.534	0.00072338	7	4	4	4	94.8179	375	38.1102	5.06724	0	1.20094	11.8125	42.3543	17.3222	95.8428	1	1	1	0	0	0	0	0
17.08.2015 23:24:58.087000	-0.0600001	-0.0641925	-0.0680448	128.398	-668.531	0.00108507	7	4	4	4	94.8642	375	38.2321	5.06724	0	1.18996	11.8252	42.7414	17.3201	97.3331	1	1	1	0	0	0	0	0
17.08.2015 23:24:58.187000	-0.0600001	-0.0641925	-0.0680448	128.396	-668.539	0.00036169	7	4	4	4	95.0808	375	38.3505	5.06724	0	1.19162	11.8187	42.793	17.3225	97.5212	1	1	1	0	0	0	0	0
17.08.2015 23:24:58.287000	-0.0600001	-0.0641925	-0.0680448	128.398	-668.539	-0.0016276	7	4	4	4	95.0194	375	38.4644	5.06724	0	1.19567	11.8196	42.9447	17.3315	98.0679	1	1	1	0	0	0	0	0
17.08.2015 23:24:58.387000	-0.0600001	-0.0641925	-0.0680448	128.396	-668.539	-0.00180845	7	4	4	4	94.9067	375	38.5863	5.06724	0	1.19183	11.8134	42.4658	17.3326	96.23	1	1	1	0	0	0	0	0
17.08.2015 23:24:58.487000	-0.0600001	-0.0641925	-0.0680448	128.398	-668.539	-0.00108507	7	4	4	4	94.8046	375	38.7042	5.06724	0	1.17312	11.8139	42.0419	17.3516	94.5341	1	1	1	0	0	0	0	0
17.08.2015 23:24:58.587000	-0.0600001	-0.0641925	-0.0680448	128.398	-668.539	-0.00180845	7	4	4	4	94.7208	375	38.8255	5.06724	0	1.17515	11.8092	41.9803	17.366	94.2434	1	1	1	0	0	0	0	0
17.08.2015 23:24:58.687000	-0.0600001	-0.0641925	-0.0680448	128.395	-668.539	-0.00217014	7	4	4	4	94.8055	375	38.9484	5.06724	0	1.19567	11.8028	42.5343	17.3721	96.3408	1	1	1	0	0	0	0	0
17.08.2015 23:24:58.787000	-0.0600001	-0.0641925	-0.0680448	128.398	-668.539	0.00108507	7	4	4	4	94.6543	375	39.0663	5.06724	0	1.19637	11.8064	42.6524	17.3775	96.7725	1	1	1	0	0	0	0	0
17.08.2015 23:24:58.887000	-0.0600001	-0.0641925	-0.0680448	128.398	-668.539	0.00108507	7	4	4	4	94.4731	375	39.1891	5.06724	0	1.21318	11.8056	42.6242	17.3931	96.6047	1	1	1	0	0	0	0	0
17.08.2015 23:24:58.987000	-0.0600001	-0.0641925	-0.0680448	128.398	-668.539	0.00072338	7	4	4	4	94.5339	375	39.307	5.06724	0	1.21318	11.8027	42.2102	17.3866	95.0445	1	1	1	0	0	0	0	0
17.08.2015 23:24:59.087000	-0.0600001	-0.0641925	-0.0680448	128.398	-668.539	0.00108507	7	4	4	4	94.4279	375	39.4304	5.06724	0	1.19639	11.8067	42.9735	17.3775	98.0022	1	1	1	0	0	0	0	0
17.08.2015 23:24:59.187000	-0.0600001	-0.0641925	-0.0680448	128.398	-668.539	0.00108507	7	4	4	4	94.2219	375	39.5488	5.06724	0	1.1957	11.8071	42.9557	17.3965	97.861	1	1	1	0	0	0	0	0
17.08.2015 23:24:59.287000	-0.0600001	-0.0641925	-0.0680448	128.398	-668.539	0.00108507	7	4	4	4	94.5178	375	39.6701	5.06724	0	1.2172	11.7985	42.7106	17.4017	96.9029	1	1	1	0	0	0	0	0
17.08.2015 23:24:59.387000	-0.0600001	-0.0641925	-0.0680448	128.393	-668.539	0.00108507	7	4	4	4	94.5626	375	39.789	5.06724	0	1.21907	11.7967	42.0368	17.4194	94.2551	1	1	1	0	0	0	0	0
17.08.2015 23:24:59.487000	-0.0600001	-0.0641925	-0.0680448	128.398	-668.539	0.000542535	7	4	4	4	94.8833	375	39.9069	5.06724	0	1.19947	11.7999	42.2368	17.4303	94.9793	1	1	1	0	0	0	0	0
17.08.2015 23:24:59.587000	-0.0600001	-0.0641925	-0.0680448	128.398	-668.544	0.00108507	7	4	4	4	97.0471	375	40.0313	5.06724	0	1.19574	11.8056	42.6589	17.4274	96.6065	1	1	1	0	0	0	0	0
17.08.2015 23:24:59.687000	-0.0600001	-0.0641925	-0.0680448	128.398	-668.547	0.000542535	7	4	4	4	124.174	375	40.1497	5.06724	0	1.20479	11.783	42.2419	17.4413	94.9564	1	1	1	0	0	0	0	0
17.08.2015 23:24:59.787000	-0.0600001	-0.0641925	-0.0680448	128.398	-668.547	0.00108507	7	4	4	4	183.581	375	40.273	5.06724	0	1.20734	11.6978	42.5669	17.4304	96.2427	1	1	1	0	0	0	0	0
17.08.2015 23:24:59.887000	-0.0600001	-0.0641925	-0.0680448	128.398	-668.547	0	7	4	4	4	134.007	375	40.3919	5.06724	0	1.20315	11.5056	41.9509	17.4417	93.841	1	1	1	0	0	0	0	0
17.08.2015 23:24:59.987000	-0.0600001	-0.0641925	-0.0680448	128.398	-668.547	4.94394	7	4	4	4	275.049	375	40.5158	5.06724	0	1.20143	11.5519	42.6854	17.4403	96.6587	1	1	1	0	0	0	0	0
17.08.2015 23:25:00.087000	-0.0600001	-0.0641925	-0.0680448	128.398	-668.547	14.9327	7	4	4	4	124.952	375	40.6356	5.06724	0	1.20529	11.2883	42.346	17.4584	95.2896	1	1	1	0	0	0	0	0
17.08.2015 23:25:00.187000	-0.0600001	-0.0641925	-0.0680448	128.398	-668.547	22.7065	7	4	4	4	353.071	375	40.7555	5.06724	0	1.20736	11.4935	42.6209	17.4456	96.3911	1	1	1	0	0	0	0	0
17.08.2015 23:25:00.287000	-0.0600001	-0.0641925	-0.0680448	128.398	-668.547	26.4507	7	4	4	4	435.605	375	40.8794	5.06724	0	1.22241	11.0817	42.2971	17.453	95.1228	1	1	1	0	0	0	0	0
17.08.2015 23:25:00.387000	-0.0600001	-0.0641925	-0.0680448	128.398	-668.547	28.0751	7	4	4	4	276.654	375	40.9973	5.06724	0	1.23124	10.8383	42.7807	17.4603	96.9468	1	1	1	0	0	0	0	0
17.08.2015 23:25:00.487000	-0.0600001	-0.0641925	-0.0680448	128.398	-668.547	28.7847	7	4	4	4	230.038	375	41.1231	5.06724	0	1.23121	10.8414	42.1374	17.4676	94.4556	1	1	1	0	0	0	0	0
17.08.2015 23:25:00.587000	-0.0600001	-0.0641925	-0.0680448	128.401	-668.547	29.0668	7	4	4	4	421.613	375	41.2425	5.06724	0	1.23119	10.7988	42.0823	17.4675	94.2452	1	1	1	0	0	0	0	0
17.08.2015 23:25:00.687000	-0.0600001	-0.0641925	-0.0680448	128.398	-668.547	29.2209	7	4	4	4	367.064	375	41.3644	5.06724	0	1.2124	10.7348	42.3119	17.4429	95.2184	1	1	1	0	0	0	0	0
17.08.2015 23:25:00.787000	-0.0600001	-0.0641925	-0.0680448	128.398	-668.547	29.3027	7	4	4	4	510.729	375	41.4842	5.06724	0	1.19575	10.7093	43.1291	17.4255	98.414	1	1	1	0	0	0	0	0
17.08.2015 23:25:00.887000	-0.0600001	-0.0641925	-0.0680448	128.398	-668.547	29.3902	7	4	4	4	548.599	375	41.6016	5.06724	0	1.1932	10.6639	42.5284	17.4272	96.1076	1	1	1	0	0	0	0	0
17.08.2015 23:25:00.987000	-0.0600001	-0.0641925	-0.0680448	128.398	-668.547	29.4325	7	4	4	4	511.382	375	41.724	5.06724	0	1.18995	10.6515	42.5551	17.4283	96.2053	1	1	1	0	0	0	0	0
17.08.2015 23:25:01.087000	-0.0600001	-0.0641925	-0.0680448	128.398	-668.547	29.4504	7	4	4	4	568.598	375	41.8404	5.06724	0	1.19421	10.672	42.6019	17.4348	96.3597	1	1	1	0	0	0	0	0
17.08.2015 23:25:01.187000	-0.0600001	-0.0641925	-0.0680448	128.398	-668.547	29.4658	7	4	4	4	629.751	375	41.9657	5.06724	0	1.20146	10.6736	42.6723	17.4403	96.6082	1	1	1	0	0	0	0	0
17.08.2015 23:25:01.287000	-0.0600001	-0.0641925	-0.0680448	128.398	-668.547	29.5567	7	4	4	4	522.459	375	42.0866	5.06724	0	1.21189	10.682	42.4534	17.4502	95.9202	1	1	1	0	0	0	0	0
17.08.2015 23:25:01.387000	-0.0600001	-0.0641925	-0.0680448	128.398	-668.549	29.634	7	4	4	4	509.576	375	42.203	3.28675	0	1.23125	10.7057	42.7265	17.6139	96.1508	1	1	1	0.52	0	0	0	0
17.08.2015 23:25:01.487000	-0.0600001	-0.0641925	-0.0680448	128.398	-668.547	29.7282	7	4	4	4	247.737	375	42.2567	1.88643	0.243212	1.23125	9.6684	42.8647	17.7095	96.3142	1	1	1	1	0	0	0	0
17.08.2015 23:25:01.587000	-0.0600001	-0.0641925	-0.0680448	128.398	-668.552	29.7577	7	4	4	4	422.274	375	42.309	2.01565	0.372434	1.23125	8.80946	43.136	17.9955	96.2576	1	1	1	1	0	0	0	0
17.08.2015 23:25:01.687000	-0.0600001	-0.0641925	-0.0680448	128.402	-668.555	29.7879	7	4	4	4	383.718	375	42.3617	1.84502	0.201803	0.876756	8.53371	43.3853	18.2241	96.3312	1	1	1	1	0	0	0	0
17.08.2015 23:25:01.787000	-0.0600001	-0.0641925	-0.0680448	128.401	-668.555	29.8043	7	4	4	4	400.851	375	42.4159	1.73667	0.093457	0.66856	8.39439	43.6283	18.4359	96.4567	1	1	1	1	0	0	0	0
17.08.2015 23:25:01.887000	-0.0600001	-0.0641925	-0.0680448	128.398	-668.555	29.8145	7	4	4	4	431.263	375	42.4646	1.61578	-0.0274425	0.66856	8.3886	43.8071	18.6096	96.4752	1	1	1	1	0	0	0	0
17.08.2015 23:25:01.987000	-0.0600001	-0.0641925	-0.0680448	128.398	-668.555	29.813	7	4	4	4	382.758	375	42.5129	1.54715	-0.0960824	0.66856	8.37754	43.9768	18.7694	96.5145	1	1	1	1	0	0	0	0
17.08.2015 23:25:02.087000	-0.0600001	-0.0641925	-0.0680448	128.398	-668.555	29.8112	7	4	4	4	421.606	375	42.5616	1.52667	-0.116544	0.66856	8.41185	44.1282	18.9002	96.593	1	1	1	1	0	0	0	0
17.08.2015 23:25:02.187000	-0.0600001	-0.0641925	-0.0680448	128.398	-668.555	29.8018	7	4	4	4	450.369	375	42.6079	1.27909	-0.364124	0.565886	8.36856	44.2753	19.0279	96.6671	1	1	1	1	0	0	0	0
17.08.2015 23:25:02.287000	-0.0600001	-0.0641925	-0.0680448	128.402	-668.555	29.7906	7	4	4	4	407.557	375	42.6502	1.1205	-0.52271	0.491536	8.31081	44.3952	19.1466	96.672	1	1	1	1	0	0	0	0
17.08.2015 23:25:02.387000	-0.0600001	-0.0641925	-0.0680448	128.398	-668.555	29.7783	7	4	4	4	340.899	375	42.688	1.1304	-0.512811	0.491536	8.3333	44.5081	19.2416	96.7404	1	1	1	1	0	0	0	0
17.08.2015 23:25:02.487000	-0.0600001	-0.0641925	-0.0680448	128.402	-668.555	29.7607	7	4	4	4	367.153	375	42.7283	1.20666	-0.436554	0.491536	8.37658	44.5964	19.3427	96.6914	1	1	1	1	0	0	0	0
17.08.2015 23:25:02.587000	-0.0600001	-0.0641925	-0.0680448	128.401	-668.555	29.7446	7	4	4	4	403.847	375	42.776	1.13665	-0.506567	0.491536	8.36371	44.6858	19.4357	96.6774	1	1	1	1	0	0	0	0
17.08.2015 23:25:02.687000	-0.0600001	-0.0641925	-0.0680448	128.402	-668.555	29.7276	7	4	4	4	330.603	375	42.8163	1.17636	-0.466851	0.491536	8.35863	44.765	19.5173	96.6687	1	1	1	1	0	0	0	0
17.08.2015 23:25:02.787000	-0.0600001	-0.0641925	-0.0680448	128.401	-668.555	29.6853	7	4	4	4	418.718	375	42.8586	1.22453	-0.418681	0.445504	8.37843	44.8388	19.5954	96.6516	1	1	1	1	0	0	0	0
17.08.2015 23:25:02.887000	-0.0600001	-0.0641925	-0.0680448	128.402	-668.555	29.6663	7	4	4	4	449.789	375	42.8999	1.01459	-0.628628	0.417291	8.38801	44.9209	19.6619	96.7117	1	1	1	1	0	0	0	0
17.08.2015 23:25:02.987000	-0.0600001	-0.0641925	-0.0680448	128.401	-668.555	29.6589	7	4	4	4	345.793	375	42.9272	0.89586	-0.747355	0.417291	8.37218	44.9833	19.7342	96.6736	1	1	1	1	0	0	0	0
17.08.2015 23:25:03.087000	-0.0600001	-0.0641925	-0.0680448	128.402	-668.555	29.6501	7	4	4	4	386.67	375	42.975	0.858395	-0.784819	0.417291	8.41806	45.043	19.7869	96.7005	1	1	1	1	0	0	0	0
17.08.2015 23:25:03.187000	-0.0600001	-0.0641925	-0.0680448	128.404	-668.555	29.6351	7	4	4	4	449.14	375	43.0058	0.79503	-0.848184	0.417291	8.40195	45.105	19.8424	96.7255	1	1	1	1	0	0	0	0
17.08.2015 23:25:03.287000	-0.0600001	-0.0641925	-0.0680448	128.402	-668.555	29.6153	7	4	4	4	367.355	375	43.0337	0.713827	-0.929387	0.417291	8.39592	45.1579	19.8998	96.7082	1	1	1	1	0	0	0	0
17.08.2015 23:25:03.387000	-0.0600001	-0.0641925	-0.0680448	128.406	-668.555	29.5956	7	4	4	4	331.502	375	43.0765	0.677232	-0.965983	0.417291	8.43503	45.2077	19.9486	96.7122	1	1	1	1	0	0	0	0
17.08.2015 23:25:03.487000	-0.0600001	-0.0641925	-0.0680448	128.406	-668.555	29.5866	7	4	4	4	392.593	375	43.1108	0.672047	-0.971168	0.376981	8.45256	45.2527	19.9944	96.7087	1	1	1	1	0	0	0	0
17.08.2015 23:25:03.587000	-0.0600001	-0.0641925	-0.0680448	128.409	-668.555	29.5754	7	4	4	4	432.123	375	43.1342	0.652853	-0.990362	0.358871	8.42501	45.307	20.0264	96.7942	1	1	1	1	0	0	0	0
17.08.2015 23:25:03.687000	-0.0600001	-0.0641925	-0.0680448	128.406	-668.555	29.5687	7	4	4	4	323.354	375	43.176	0.588112	-1.0551	0.358871	8.40157	45.3414	20.0726	96.7491	1	1	1	1	0	0	0	0
17.08.2015 23:25:03.787000	-0.0600001	-0.0641925	-0.0680448	128.409	-668.555	29.5461	7	4	4	4	368.643	375	43.2063	0.574914	-1.0683	0.358871	8.44658	45.3797	20.1276	96.6855	1	1	1	1	0	0	0	0
17.08.2015 23:25:03.887000	-0.0600001	-0.0641925	-0.0680448	128.406	-668.555	29.535	7	4	4	4	428.994	375	43.2332	0.570501	-1.07271	0.358871	8.44335	45.4213	20.1512	96.7542	1	1	1	1	0	0	0	0
17.08.2015 23:25:03.987000	-0.0600001	-0.0641925	-0.0680448	128.411	-668.555	29.5182	7	4	4	4	396.448	375	43.2754	0.541792	-1.10142	0.358871	8.39907	45.4494	20.1892	96.7166	1	1	1	1	0	0	0	0
17.08.2015 23:25:04.087000	-0.0600001	-0.0641925	-0.0680448	128.406	-668.555	29.5112	7	4	4	4	321.616	375	43.3033	0.509947	-1.13327	0.358871	8.39442	45.4778	20.217	96.7187	1	1	1	1	0	0	0	0
17.08.2015 23:25:04.187000	-0.0600001	-0.0641925	-0.0680448	128.409	-668.555	29.503	7	4	4	4	354.489	375	43.3252	0.52963	-1.11358	0.358871	8.42439	45.5088	20.242	96.7416	1	1	1	1	0	0	0	0
17.08.2015 23:25:04.287000	-0.0600001	-0.0641925	-0.0680448	128.41	-668.555	29.4982	7	4	4	4	349.259	375	43.3734	0.568902	-1.07431	0.323275	8.44104	45.5419	20.2664	96.7748	1	1	1	1	0	0	0	0
17.08.2015 23:25:04.387000	-0.0600001	-0.0641925	-0.0680448	128.411	-668.555	29.4951	7	4	4	4	359.642	375	43.3958	0.620392	-1.02282	0.322174	8.43818	45.5658	20.2932	96.7641	1	1	1	1	0	0	0	0
17.08.2015 23:25:04.487000	-0.0600001	-0.0641925	-0.0680448	128.414	-668.555	29.4878	7	4	4	4	332.267	375	43.4247	0.678404	-0.96481	0.322174	8.43029	45.5883	20.3228	96.7365	1	1	1	1	0	0	0	0
17.08.2015 23:25:04.587000	-0.0600001	-0.0641925	-0.0680448	128.411	-668.555	29.4774	7	4	4	4	361.04	375	43.4744	0.75181	-0.891404	0.322174	8.44642	45.6157	20.3308	96.8108	1	1	1	1	0	0	0	0
17.08.2015 23:25:04.687000	-0.0600001	-0.0641925	-0.0680448	128.414	-668.555	29.4748	7	4	4	4	424.591	375	43.5062	0.797806	-0.845409	0.322174	8.44119	45.6236	20.355	96.7486	1	1	1	1	0	0	0	0
17.08.2015 23:25:04.787000	-0.0600001	-0.0641925	-0.0680448	128.414	-668.555	29.4698	7	4	4	4	391.231	375	43.5386	0.79148	-0.851735	0.322174	8.41254	45.6317	20.3815	96.678	1	1	1	1	0	0	0	0
17.08.2015 23:25:04.887000	-0.0600001	-0.0641925	-0.0680448	128.414	-668.555	29.4672	7	4	4	4	401.952	375	43.5739	0.779545	-0.863669	0.322174	8.42142	45.6601	20.3851	96.7729	1	1	1	1	0	0	0	0
17.08.2015 23:25:04.987000	-0.0600001	-0.0641925	-0.0680448	128.414	-668.555	29.4658	7	4	4	4	332.287	375	43.6177	0.754289	-0.888926	0.347369	8.42876	45.6713	20.4025	96.7491	1	1	1	1	0	0	0	0
17.08.2015 23:25:05.087000	-0.0600001	-0.0641925	-0.0680448	128.414	-668.555	29.4651	7	4	4	4	362.677	375	43.653	0.757232	-0.885983	0.350804	8.42483	45.6768	20.4187	96.7082	1	1	1	1	0	0	0	0
17.08.2015 23:25:05.187000	-0.0600001	-0.0641925	-0.0680448	128.414	-668.555	29.4669	7	4	4	4	336.215	375	43.6863	0.787344	-0.85587	0.350804	8.43807	45.688	20.4367	96.6823	1	1	1	1	0	0	0	0
17.08.2015 23:25:05.287000	-0.0600001	-0.0641925	-0.0680448	128.414	-668.555	29.4716	7	4	4	4	358.378	375	43.7231	0.836061	-0.807153	0.350804	8.44415	45.7071	20.4414	96.7374	1	1	1	1	0	0	0	0
17.08.2015 23:25:05.387000	-0.0600001	-0.0641925	-0.0680448	128.414	-668.555	29.4737	7	4	4	4	413.725	375	43.7674	0.871728	-0.771487	0.350804	8.45307	45.7107	20.4516	96.7122	1	1	1	1	0	0	0	0
17.08.2015 23:25:05.487000	-0.0600001	-0.0641925	-0.0680448	128.414	-668.555	29.4754	7	4	4	4	421.648	375	43.8027	0.858209	-0.785006	0.350804	8.4132	45.7083	20.4716	96.6262	1	1	1	1	0	0	0	0
17.08.2015 23:25:05.587000	-0.0600001	-0.0641925	-0.0680448	128.417	-668.555	29.4803	7	4	4	4	394.894	375	43.8385	0.811709	-0.831506	0.35987	8.4184	45.7222	20.4827	96.6369	1	1	1	1	0	0	0	0
17.08.2015 23:25:05.687000	-0.0600001	-0.0641925	-0.0680448	128.414	-668.555	29.4813	7	4	4	4	365.527	375	43.8723	0.76323	-0.879985	0.379135	8.4324	45.7319	20.4873	96.6563	1	1	1	1	0	0	0	0
17.08.2015 23:25:05.787000	-0.0600001	-0.0641925	-0.0680448	128.414	-668.555	29.481	7	4	4	4	408.418	375	43.9211	0.734095	-0.909119	0.379135	8.44626	45.7422	20.5	96.6474	1	1	1	1	0	0	0	0
17.08.2015 23:25:05.887000	-0.0600001	-0.0641925	-0.0680448	128.414	-668.555	29.4819	7	4	4	4	327.195	375	43.9524	0.694623	-0.948591	0.379135	8.43077	45.7518	20.5184	96.6135	1	1	1	1	0	0	0	0
17.08.2015 23:25:05.987000	-0.0600001	-0.0641925	-0.0680448	128.414	-668.555	29.4788	7	4	4	4	391.872	375	43.9798	0.685125	-0.958089	0.379135	8.4236	45.7674	20.5252	96.6474	1	1	1	1	0	0	0	0
17.08.2015 23:25:06.087000	-0.0600001	-0.0641925	-0.0680448	128.414	-668.555	29.4792	7	4	4	4	343.356	375	44.0216	0.691978	-0.951237	0.379135	8.42547	45.7702	20.5293	96.6425	1	1	1	1	0	0	0	0
17.08.2015 23:25:06.187000	-0.0600001	-0.0641925	-0.0680448	128.414	-668.555	29.4784	7	4	4	4	325.617	375	44.0614	0.732478	-0.910737	0.379135	8.44334	45.7773	20.5515	96.5846	1	1	1	1	0	0	0	0
17.08.2015 23:25:06.287000	-0.0600001	-0.0641925	-0.0680448	128.414	-668.555	29.4819	7	4	4	4	303.66	375	44.0952	0.801365	-0.841849	0.371687	8.43827	45.7816	20.5672	96.5411	1	1	1	1	0	0	0	0
17.08.2015 23:25:06.387000	-0.0600001	-0.0641925	-0.0680448	128.419	-668.555	29.4824	7	4	4	4	354.539	375	44.1295	0.91607	-0.727144	0.363618	8.46485	45.7815	20.5605	96.5661	1	1	1	1	0	0	0	0
17.08.2015 23:25:06.487000	-0.0600001	-0.0641925	-0.0680448	128.414	-668.555	29.4841	7	4	4	4	405.26	375	44.1708	1.0114	-0.631818	0.363618	8.44488	45.776	20.5637	96.5329	1	1	1	1	0	0	0	0
17.08.2015 23:25:06.587000	-0.0600001	-0.0641925	-0.0680448	128.417	-668.555	29.4846	7	4	4	4	346.707	375	44.219	1.06493	-0.578286	0.363618	8.43216	45.7656	20.5723	96.4602	1	1	1	1	0	0	0	0
17.08.2015 23:25:06.687000	-0.0600001	-0.0641925	-0.0680448	128.422	-668.555	29.4824	7	4	4	4	383.418	375	44.2608	1.11736	-0.525853	0.363618	8.44138	45.7677	20.5501	96.553	1	1	1	1	0	0	0	0
17.08.2015 23:25:06.787000	-0.0600001	-0.0641925	-0.0680448	128.417	-668.555	29.4828	7	4	4	4	431.153	375	44.3051	1.11637	-0.526848	0.363618	8.42045	45.7529	20.5627	96.4483	1	1	1	1	0	0	0	0
17.08.2015 23:25:06.887000	-0.0600001	-0.0641925	-0.0680448	128.418	-668.555	29.4819	7	4	4	4	343.844	375	44.3454	1.08334	-0.559875	0.390645	8.41929	45.7367	20.5653	96.3761	1	1	1	1	0	0	0	0
17.08.2015 23:25:06.987000	-0.0600001	-0.0641925	-0.0680448	128.419	-668.555	29.4821	7	4	4	4	382	375	44.3867	1.09056	-0.552655	0.416612	8.45543	45.735	20.5526	96.4182	1	1	1	1	0	0	0	0
17.08.2015 23:25:07.087000	-0.0600001	-0.0641925	-0.0680448	128.43	-668.555	29.4792	7	4	4	4	418.69	375	44.429	1.07501	-0.568202	0.416612	8.44253	45.7376	20.5485	96.4439	1	1	1	1	0	0	0	0
17.08.2015 23:25:07.187000	-0.0600001	-0.0641925	-0.0680448	128.43	-668.555	29.4781	7	4	4	4	360.66	375	44.4702	1.03557	-0.607643	0.416612	8.41636	45.7399	20.546	96.4623	1	1	1	1	0	0	0	0
17.08.2015 23:25:07.287000	-0.0600001	-0.0641925	-0.0680448	128.43	-668.555	29.477	7	4	4	4	320.116	375	44.519	1.02637	-0.616845	0.416612	8.43566	45.7299	20.5535	96.3953	1	1	1	1	0	0	0	0
17.08.2015 23:25:07.387000	-0.0600001	-0.0641925	-0.0680448	128.43	-668.555	29.4759	7	4	4	4	382.931	375	44.5593	1.05724	-0.585971	0.416612	8.46419	45.7229	20.5534	96.3689	1	1	1	1	0	0	0	0
17.08.2015 23:25:07.487000	-0.0600001	-0.0641925	-0.0680448	128.43	-668.555	29.4743	7	4	4	4	428.522	375	44.5996	1.07612	-0.567095	0.420114	8.44219	45.7324	20.5532	96.4058	1	1	1	1	0	0	0	0
17.08.2015 23:25:07.587000	-0.0600001	-0.0641925	-0.0680448	128.43	-668.555	29.4737	7	4	4	4	347.915	375	44.6404	1.04787	-0.595348	0.422261	8.38069	45.7278	20.5556	96.3796	1	1	1	1	0	0	0	0
17.08.2015 23:25:07.687000	-0.0600001	-0.0641925	-0.0680448	128.43	-668.555	29.4754	7	4	4	4	428.355	375	44.6777	1.03691	-0.606309	0.422261	8.40493	45.7299	20.5434	96.4341	1	1	1	1	0	0	0	0
17.08.2015 23:25:07.787000	-0.0600001	-0.0641925	-0.0680448	128.43	-668.555	29.4734	7	4	4	4	277.978	375	44.718	1.02217	-0.621048	0.422261	8.42006	45.7201	20.5507	96.3686	1	1	1	1	0	0	0	0
17.08.2015 23:25:07.887000	-0.0600001	-0.0641925	-0.0680448	128.43	-668.555	29.4721	7	4	4	4	335.711	375	44.7652	1.08329	-0.559927	0.422261	8.45093	45.7217	20.5361	96.4306	1	1	1	1	0	0	0	0
17.08.2015 23:25:07.987000	-0.0600001	-0.0641925	-0.0680448	128.43	-668.555	29.4719	7	4	4	4	374.298	375	44.805	1.15513	-0.488081	0.422261	8.42451	45.7205	20.5317	96.4427	1	1	1	1	0	0	0	0
17.08.2015 23:25:08.087000	-0.0600001	-0.0641925	-0.0680448	128.43	-668.555	29.4748	7	4	4	4	315.898	375	44.8493	1.21586	-0.427358	0.418202	8.42465	45.7108	20.5294	96.4147	1	1	1	1	0	0	0	0
17.08.2015 23:25:08.187000	-0.0600001	-0.0641925	-0.0680448	128.43	-668.555	29.473	7	4	4	4	384.455	375	44.896	1.2923	-0.350916	0.415919	8.43424	45.6993	20.5223	96.3976	1	1	1	1	0	0	0	0
17.08.2015 23:25:08.287000	-0.0600001	-0.0641925	-0.0680448	128.43	-668.555	29.4748	7	4	4	4	328.838	375	44.9413	1.35787	-0.285342	0.415919	8.42701	45.6898	20.5082	96.4151	1	1	1	1	0	0	0	0
17.08.2015 23:25:08.387000	-0.0600001	-0.0641925	-0.0680448	128.43	-668.555	29.4752	7	4	4	4	376.303	375	44.9871	1.42986	-0.21335	0.415919	8.41121	45.6698	20.5038	96.3558	1	1	1	1	0	0	0	0
17.08.2015 23:25:08.487000	-0.0600001	-0.0641925	-0.0680448	128.43	-668.555	29.477	7	4	4	4	382.368	375	45.0393	1.47104	-0.172175	0.415919	8.38859	45.6567	20.4883	96.3649	1	1	1	1	0	0	0	0
17.08.2015 23:25:08.587000	-0.0600001	-0.0641925	-0.0680448	128.43	-668.555	29.4803	7	4	4	4	405.728	375	45.093	1.48566	-0.157552	0.454647	8.38878	45.6412	20.4758	96.3534	1	1	1	1	0	0	0	0
17.08.2015 23:25:08.687000	-0.0600001	-0.0641925	-0.0680448	128.43	-668.555	29.483	7	4	4	4	421.675	375	45.1432	1.47608	-0.167133	0.487637	8.40333	45.6263	20.4581	96.3642	1	1	1	1	0	0	0	0
17.08.2015 23:25:08.787000	-0.0600001	-0.0641925	-0.0680448	128.43	-668.555	29.4868	7	4	4	4	341.979	375	45.193	1.43818	-0.205036	0.487637	8.41029	45.6078	20.4529	96.3132	1	1	1	1	0	0	0	0
17.08.2015 23:25:08.887000	-0.0600001	-0.0641925	-0.0680448	128.43	-668.555	29.4906	7	4	4	4	438.89	375	45.2422	1.40252	-0.2407	0.487637	8.42935	45.6084	20.4346	96.3855	1	1	1	1	0	0	0	0
17.08.2015 23:25:08.987000	-0.0600001	-0.0641925	-0.0680448	128.432	-668.555	29.4954	7	4	4	4	298.897	375	45.29	1.36639	-0.276823	0.487637	8.43024	45.5971	20.4449	96.3027	1	1	1	1	0	0	0	0
17.08.2015 23:25:09.087000	-0.0600001	-0.0641925	-0.0680448	128.434	-668.555	29.4889	7	4	4	4	392.936	375	45.3397	1.38615	-0.257068	0.490558	8.44969	45.5937	20.4293	96.3492	1	1	1	1	0	0	0	0
17.08.2015 23:25:09.187000	-0.0600001	-0.0641925	-0.0680448	128.435	-668.555	29.4806	7	4	4	4	335.282	375	45.389	1.39939	-0.243821	0.493479	8.42856	45.5845	20.4225	96.3404	1	1	1	1	0	0	0	0
17.08.2015 23:25:09.287000	-0.0600001	-0.0641925	-0.0680448	128.438	-668.555	29.4727	7	4	4	4	349.46	375	45.4387	1.438	-0.205211	0.493479	8.44018	45.5743	20.4164	96.3247	1	1	1	1	0	0	0	0
17.08.2015 23:25:09.387000	-0.0600001	-0.0641925	-0.0680448	128.432	-668.555	29.4661	7	4	4	4	388.345	375	45.488	1.49308	-0.150137	0.493479	8.44606	45.5623	20.41	96.303	1	1	1	1	0	0	0	0
17.08.2015 23:25:09.487000	-0.0600001	-0.0641925	-0.0680448	128.438	-668.555	29.4645	7	4	4	4	368.373	375	45.5397	1.50962	-0.133596	0.493479	8.40687	45.5612	20.3924	96.3663	1	1	1	1	0	0	0	0
17.08.2015 23:25:09.587000	-0.0600001	-0.0641925	-0.0680448	128.435	-668.555	29.4622	7	4	4	4	392.872	375	45.5959	1.51746	-0.12575	0.506033	8.3998	45.5489	20.3781	96.3738	1	1	1	1	0	0	0	0
17.08.2015 23:25:09.687000	-0.0600001	-0.0641925	-0.0680448	128.438	-668.555	29.4618	7	4	4	4	424.052	375	45.6486	1.50524	-0.137975	0.512793	8.39266	45.5339	20.3746	96.3298	1	1	1	1	0	0	0	0
17.08.2015 23:25:09.787000	-0.0600001	-0.0641925	-0.0680448	128.435	-668.555	29.4585	7	4	4	4	364.888	375	45.6974	1.45116	-0.192058	0.512793	8.38268	45.5336	20.366	96.3614	1	1	1	1	0	0	0	0
17.08.2015 23:25:09.887000	-0.0600001	-0.0641925	-0.0680448	128.441	-668.555	29.4564	7	4	4	4	339.121	375	45.7461	1.42779	-0.215423	0.512793	8.40298	45.5373	20.3641	96.3831	1	1	1	1	0	0	0	0
17.08.2015 23:25:09.987000	-0.0600001	-0.0641925	-0.0680448	128.438	-668.555	29.4582	7	4	4	4	335.166	375	45.7944	1.4644	-0.178813	0.512793	8.42407	45.5429	20.361	96.4163	1	1	1	1	0	0	0	0
17.08.2015 23:25:10.087000	-0.0600001	-0.0641925	-0.0680448	128.438	-668.555	29.464	7	4	4	4	330.041	375	45.8481	1.5258	-0.117411	0.506813	8.43116	45.5377	20.3714	96.3567	1	1	1	1	0	0	0	0
17.08.2015 23:25:10.187000	-0.0600001	-0.0641925	-0.0680448	128.438	-668.555	29.4651	7	4	4	4	359.882	375	45.8978	1.6061	-0.0371119	0.504487	8.43913	45.5196	20.3564	96.345	1	1	1	1	0	0	0	0
17.08.2015 23:25:10.287000	-0.0600001	-0.0641925	-0.0680448	128.438	-668.555	29.4705	7	4	4	4	398.56	375	45.9491	1.67109	0.0278781	0.504487	8.41346	45.5133	20.3536	96.3312	1	1	1	1	0	0	0	0
17.08.2015 23:25:10.387000	-0.0600001	-0.0641925	-0.0680448	128.44	-668.555	29.4727	7	4	4	4	396.225	375	46.0033	1.69488	0.051666	0.504487	8.38021	45.5132	20.3438	96.3686	1	1	1	1	0	0	0	0
17.08.2015 23:25:10.487000	-0.0600001	-0.0641925	-0.0680448	128.441	-668.555	29.4775	7	4	4	4	389.633	375	46.058	1.69164	0.0484217	0.504487	8.38911	45.506	20.3323	96.3848	1	1	1	1	0	0	0	0
17.08.2015 23:25:10.587000	-0.0600001	-0.0641925	-0.0680448	128.443	-668.555	29.477	7	4	4	4	331.24	375	46.1122	1.68988	0.0466643	0.525592	8.40073	45.4695	20.335	96.235	1	1	1	1	0	0	0	0
17.08.2015 23:25:10.687000	-0.0600001	-0.0641925	-0.0680448	128.445	-668.555	29.4803	7	4	4	4	380.343	375	46.1679	1.71619	0.0729729	0.525805	8.43427	45.4671	20.3137	96.3076	1	1	1	1	0	0	0	0
17.08.2015 23:25:10.787000	-0.0600001	-0.0641925	-0.0680448	128.451	-668.555	29.4817	7	4	4	4	357.84	375	46.2231	1.73553	0.0923169	0.525805	8.41484	45.4766	20.3253	96.2992	1	1	1	1	0	0	0	0
17.08.2015 23:25:10.887000	-0.0600001	-0.0641925	-0.0680448	128.449	-668.555	29.4851	7	4	4	4	412.427	375	46.2764	1.75676	0.113545	0.525805	8.42185	45.451	20.3438	96.1305	1	1	1	1	0	0	0	0
17.08.2015 23:25:10.987000	-0.0600001	-0.0641925	-0.0680448	128.453	-668.555	29.4846	7	4	4	4	379.054	375	46.3296	1.75489	0.111676	0.532226	8.44002	45.4161	20.3329	96.0384	1	1	1	1	0	0	0	0
17.08.2015 23:25:11.087000	-0.0600001	-0.0641925	-0.0680448	128.453	-668.555	29.4824	7	4	4	4	384.432	375	46.3858	1.73537	0.092156	0.541859	8.424	45.3832	20.3329	95.9124	1	1	1	1	0	0	0	0
17.08.2015 23:25:11.187000	-0.0600001	-0.0641925	-0.0680448	128.453	-668.555	29.4795	7	4	4	4	353.685	375	46.4415	1.71641	0.0731906	0.541859	8.43922	45.3971	20.3239	96.0006	1	1	1	1	0	0	0	0
17.08.2015 23:25:11.287000	-0.0600001	-0.0641925	-0.0680448	128.453	-668.555	29.4775	7	4	4	4	309.709	375	46.4952	1.72087	0.0776542	0.541859	8.43739	45.419	20.3225	96.0898	1	1	1	1	0	0	0	0
17.08.2015 23:25:11.387000	-0.0600001	-0.0641925	-0.0680448	128.453	-668.555	29.4752	7	4	4	4	375.524	375	46.5504	1.7787	0.135488	0.541859	8.42049	45.4145	20.3124	96.1106	1	1	1	1	0	0	0	0
17.08.2015 23:25:11.487000	-0.0600001	-0.0641925	-0.0680448	128.453	-668.555	29.4732	7	4	4	4	361.864	375	46.6116	1.83474	0.191522	0.563736	8.38207	45.3845	20.3105	96.0034	1	1	1	1	0	0	0	0
17.08.2015 23:25:11.587000	-0.0600001	-0.0641925	-0.0680448	128.453	-668.555	29.4737	7	4	4	4	404.159	375	46.6693	1.86988	0.226662	0.563957	8.3815	45.3623	20.2954	95.976	1	1	1	1	0	0	0	0
17.08.2015 23:25:11.687000	-0.0600001	-0.0641925	-0.0680448	128.453	-668.555	29.4721	7	4	4	4	340.173	375	46.7275	1.87391	0.230697	0.563957	8.37287	45.3771	20.2947	96.0286	1	1	1	1	0	0	0	0
17.08.2015 23:25:11.787000	-0.0600001	-0.0641925	-0.0680448	128.453	-668.555	29.4745	7	4	4	4	349.9	375	46.7842	1.90789	0.264677	0.563957	8.40398	45.3808	20.2789	96.1102	1	1	1	1	0	0	0	0
17.08.2015 23:25:11.887000	-0.0600001	-0.0641925	-0.0680448	128.453	-668.555	29.4759	7	4	4	4	318.549	375	46.8429	1.95977	0.316551	0.57728	8.40629	45.3285	20.27	95.9412	1	1	1	1	0	0	0	0
17.08.2015 23:25:11.987000	-0.0600001	-0.0641925	-0.0680448	128.453	-668.555	29.4766	7	4	4	4	433.413	375	46.9051	2.032	0.388785	0.582462	8.41923	45.2997	20.2574	95.8811	1	1	1	1	0	0	0	0
17.08.2015 23:25:12.087000	-0.0600001	-0.0641925	-0.0680448	128.453	-668.555	29.4786	7	4	4	4	367.313	375	46.9693	2.04784	0.404622	0.582462	8.38296	45.3326	20.2411	96.0702	1	1	1	1	0	0	0	0
17.08.2015 23:25:12.187000	-0.0600001	-0.0641925	-0.0680448	128.453	-668.555	29.4806	7	4	4	4	422.1	375	47.03	2.0394	0.396184	0.582462	8.37314	45.2905	20.2237	95.9781	1	1	1	1	0	0	0	0
17.08.2015 23:25:12.287000	-0.0600001	-0.0641925	-0.0680448	128.453	-668.555	29.483	7	4	4	4	377.54	375	47.0891	1.99917	0.355959	0.603666	8.35907	45.2572	20.2186	95.8678	1	1	1	1	0	0	0	0
17.08.2015 23:25:12.387000	-0.0600001	-0.0641925	-0.0680448	128.453	-668.555	29.485	7	4	4	4	361.126	375	47.1493	1.98066	0.33744	0.614109	8.40636	45.2503	20.2161	95.8667	1	1	1	1	0	0	0	0
17.08.2015 23:25:12.487000	-0.0600001	-0.0641925	-0.0680448	128.453	-668.555	29.4846	7	4	4	4	405.16	375	47.217	1.96959	0.326323	0.614109	8.41529	45.2818	20.2098	95.9849	1	1	1	1	0	0	0	0
17.08.2015 23:25:12.587000	-0.0600001	-0.0641925	-0.0680448	128.453	-668.555	29.4853	7	4	4	4	320.136	375	47.2757	1.9461	0.302883	0.614109	8.41182	45.2604	20.2055	95.9307	1	1	1	1	0	0	0	0
17.08.2015 23:25:12.687000	-0.0600001	-0.0641925	-0.0680448	128.453	-668.555	29.4846	7	4	4	4	330.274	375	47.3314	1.9844	0.341189	0.606896	8.43177	45.2358	20.207	95.83	1	1	1	1	0	0	0	0
17.08.2015 23:25:12.787000	-0.0600001	-0.0641925	-0.0680448	128.453	-668.555	29.4853	7	4	4	4	295.962	375	47.3886	2.06047	0.417255	0.600751	8.43652	45.2486	20.1964	95.9197	1	1	1	1	0	0	0	0
17.08.2015 23:25:12.887000	-0.0600001	-0.0641925	-0.0680448	128.453	-668.555	29.4851	7	4	4	4	379.573	375	47.4562	2.17211	0.528893	0.600751	8.45745	45.243	20.1775	95.9709	1	1	1	1	0	0	0	0
17.08.2015 23:25:12.987000	-0.0600001	-0.0641925	-0.0680448	128.456	-668.555	29.4831	7	4	4	4	358.52	375	47.5199	2.25324	0.61002	0.600751	8.44481	45.1982	20.1698	95.8288	1	1	1	1	0	0	0	0
17.08.2015 23:25:13.087000	-0.0600001	-0.0641925	-0.0680448	128.453	-668.555	29.4813	7	4	4	4	370.351	375	47.5821	2.32379	0.680576	0.616599	8.43871	45.177	20.141	95.858	1	1	1	1	0	0	0	0
17.08.2015 23:25:13.187000	-0.0600001	-0.0641925	-0.0680448	128.453	-668.555	29.4842	7	4	4	4	407.747	375	47.6532	2.36389	0.720671	0.628075	8.42629	45.1419	20.1109	95.8386	1	1	1	1	0	0	0	0
17.08.2015 23:25:13.287000	-0.0600001	-0.0641925	-0.0680448	128.461	-668.555	29.4846	7	4	4	4	394.406	375	47.7219	2.35566	0.712444	0.628075	8.39091	45.1144	20.0955	95.7923	1	1	1	1	0	0	0	0
17.08.2015 23:25:13.387000	-0.0600001	-0.0641925	-0.0680448	128.464	-668.555	29.4904	7	4	4	4	425.941	375	47.783	2.32685	0.683636	0.628075	8.4	45.0965	20.0657	95.8377	1	1	1	1	0	0	0	0
17.08.2015 23:25:13.487000	-0.0600001	-0.0641925	-0.0680448	128.461	-668.555	29.4954	7	4	4	4	379.339	375	47.8522	2.2672	0.623988	0.666921	8.40995	45.0822	20.0548	95.8251	1	1	1	1	0	0	0	0
17.08.2015 23:25:13.587000	-0.0600001	-0.0641925	-0.0680448	128.469	-668.555	29.4976	7	4	4	4	393.207	375	47.9183	2.21248	0.569267	0.672219	8.42209	45.0748	20.0493	95.8178	1	1	1	1	0	0	0	0
17.08.2015 23:25:13.687000	-0.0600001	-0.0641925	-0.0680448	128.465	-668.555	29.5014	7	4	4	4	355.16	375	47.98	2.17321	0.529999	0.672219	8.41775	45.076	20.0544	95.8026	1	1	1	1	0	0	0	0
17.08.2015 23:25:13.787000	-0.0600001	-0.0641925	-0.0680448	128.469	-668.555	29.5041	7	4	4	4	359.883	375	48.0447	2.16686	0.523642	0.670857	8.42632	45.0802	20.0588	95.8019	1	1	1	1	0	0	0	0
17.08.2015 23:25:13.887000	-0.0600001	-0.0641925	-0.0680448	128.469	-668.555	29.5063	7	4	4	4	369.001	375	48.1123	2.17368	0.530464	0.652766	8.41039	45.0934	20.0375	95.934	1	1	1	1	0	0	0	0
17.08.2015 23:25:13.987000	-0.0600001	-0.0641925	-0.0680448	128.469	-668.555	29.5077	7	4	4	4	303.487	375	48.1745	2.19724	0.55403	0.652766	8.40619	45.0829	20.0543	95.8295	1	1	1	1	0	0	0	0
17.08.2015 23:25:14.087000	-0.0600001	-0.0641925	-0.0680448	128.469	-668.555	29.5052	7	4	4	4	399.372	375	48.2352	2.25509	0.611878	0.652766	8.43278	45.0813	20.0425	95.8685	1	1	1	1	0	0	0	0
17.08.2015 23:25:14.187000	-0.0600001	-0.0641925	-0.0680448	128.469	-668.555	29.5027	7	4	4	4	346.918	375	48.3068	2.29865	0.655437	0.65021	8.41092	45.0739	20.0302	95.8875	1	1	1	1	0	0	0	0
17.08.2015 23:25:14.287000	-0.0600001	-0.0641925	-0.0680448	128.469	-668.555	29.5036	7	4	4	4	400.622	375	48.373	2.32399	0.680777	0.637735	8.38057	45.0636	20.0366	95.8234	1	1	1	1	0	0	0	0
17.08.2015 23:25:14.387000	-0.0600001	-0.0641925	-0.0680448	128.469	-668.555	29.5063	7	4	4	4	299.289	375	48.4357	2.34125	0.698034	0.637735	8.40667	45.0513	20.0248	95.8213	1	1	1	1	0	0	0	0
17.08.2015 23:25:14.487000	-0.0600001	-0.0641925	-0.0680448	128.477	-668.555	29.5079	7	4	4	4	431.235	375	48.5128	2.38853	0.745318	0.637735	8.42439	45.0417	20.0055	95.8585	1	1	1	1	0	0	0	0
17.08.2015 23:25:14.587000	-0.0600001	-0.0641925	-0.0680448	128.471	-668.555	29.511	7	4	4	4	382.605	375	48.5739	2.3866	0.743387	0.660423	8.41477	45.0294	19.9946	95.8533	1	1	1	1	0	0	0	0
17.08.2015 23:25:14.687000	-0.0600001	-0.0641925	-0.0680448	128.477	-668.555	29.5128	7	4	4	4	333.66	375	48.6441	2.39011	0.746896	0.681366	8.43132	45.0187	19.9856	95.8468	1	1	1	1	0	0	0	0
17.08.2015 23:25:14.787000	-0.0600001	-0.0641925	-0.0680448	128.477	-668.555	29.5139	7	4	4	4	372.731	375	48.7152	2.42726	0.78405	0.681366	8.44135	44.9969	19.9749	95.8042	1	1	1	1	0	0	0	0
17.08.2015 23:25:14.887000	-0.0600001	-0.0641925	-0.0680448	128.477	-668.555	29.5139	7	4	4	4	385.933	375	48.7799	2.45289	0.809676	0.681366	8.4127	44.9845	19.9622	95.8054	1	1	1	1	0	0	0	0
17.08.2015 23:25:14.987000	-0.0600001	-0.0641925	-0.0680448	128.474	-668.555	29.515	7	4	4	4	438.607	375	48.856	2.43441	0.791191	0.69793	8.42364	44.9844	19.9478	95.8601	1	1	1	1	0	0	0	0
17.08.2015 23:25:15.087000	-0.0600001	-0.0641925	-0.0680448	128.477	-668.555	29.5166	7	4	4	4	310.856	375	48.9192	2.39186	0.748647	0.69862	8.41613	44.9666	19.9531	95.772	1	1	1	1	0	0	0	0
17.08.2015 23:25:15.187000	-0.0600001	-0.0641925	-0.0680448	128.477	-668.555	29.5128	7	4	4	4	365.859	375	48.9818	2.40461	0.761391	0.69862	8.4729	44.9674	19.9446	95.8075	1	1	1	1	0	0	0	0
17.08.2015 23:25:15.287000	-0.0600001	-0.0641925	-0.0680448	128.477	-668.555	29.5095	7	4	4	4	318.924	375	49.0594	2.4469	0.80369	0.692247	8.46709	44.9469	19.9704	95.6299	1	1	1	1	0	0	0	0
17.08.2015 23:25:15.387000	-0.0600001	-0.0641925	-0.0680448	128.479	-668.555	29.5052	7	4	4	4	359.404	375	49.1241	2.52173	0.87852	0.675859	8.45123	44.9287	19.9575	95.6096	1	1	1	1	0	0	0	0
17.08.2015 23:25:15.487000	-0.0600001	-0.0641925	-0.0680448	128.48	-668.555	29.503	7	4	4	4	396.596	375	49.2007	2.57574	0.932523	0.675859	8.41014	44.9113	19.9344	95.6315	1	1	1	1	0	0	0	0
17.08.2015 23:25:15.587000	-0.0600001	-0.0641925	-0.0680448	128.479	-668.555	29.4973	7	4	4	4	400.628	375	49.2748	2.59391	0.950691	0.675859	8.40159	44.8711	19.9299	95.4948	1	1	1	1	0	0	0	0
17.08.2015 23:25:15.687000	-0.0600001	-0.0641925	-0.0680448	128.484	-668.555	29.4949	7	4	4	4	350.58	375	49.3449	2.59741	0.954191	0.7177	8.39063	44.8509	19.9132	95.4815	1	1	1	1	0	0	0	0
17.08.2015 23:25:15.787000	-0.0600001	-0.0641925	-0.0680448	128.484	-668.555	29.4925	7	4	4	4	382.05	375	49.4206	2.6109	0.967687	0.725084	8.40813	44.8438	19.8768	95.5937	1	1	1	1	0	0	0	0
17.08.2015 23:25:15.887000	-0.0600001	-0.0641925	-0.0680448	128.484	-668.555	29.4987	7	4	4	4	356.011	375	49.4912	2.62221	0.978992	0.725084	8.42211	44.8228	19.871	95.5357	1	1	1	1	0	0	0	0
17.08.2015 23:25:15.987000	-0.0600001	-0.0641925	-0.0680448	128.484	-668.555	29.5012	7	4	4	4	347.736	375	49.5648	2.64592	1.00271	0.726997	8.4501	44.8101	19.8542	95.5509	1	1	1	1	0	0	0	0
17.08.2015 23:25:16.087000	-0.0600001	-0.0641925	-0.0680448	128.48	-668.555	29.5047	7	4	4	4	415.762	375	49.6384	2.66329	1.02007	0.729432	8.45425	44.7923	19.8361	95.5523	1	1	1	1	0	0	0	0
17.08.2015 23:25:16.187000	-0.0600001	-0.0641925	-0.0680448	128.484	-668.555	29.507	7	4	4	4	419.466	375	49.713	2.65373	1.01051	0.729432	8.39569	44.7732	19.8348	95.4843	1	1	1	1	0	0	0	0
17.08.2015 23:25:16.287000	-0.0600001	-0.0641925	-0.0680448	128.484	-668.555	29.5074	7	4	4	4	415.224	375	49.7812	2.60902	0.965803	0.729818	8.37571	44.7677	19.8342	95.4654	1	1	1	1	0	0	0	0
17.08.2015 23:25:16.387000	-0.0600001	-0.0641925	-0.0680448	128.484	-668.555	29.5059	7	4	4	4	373.851	375	49.8583	2.53473	0.891516	0.735864	8.37789	44.7739	19.8264	95.5191	1	1	1	1	0	0	0	0
17.08.2015 23:25:16.487000	-0.0600001	-0.0641925	-0.0680448	128.484	-668.555	29.5047	7	4	4	4	334.347	375	49.9239	2.48275	0.839539	0.735864	8.39251	44.7895	19.8354	95.5439	1	1	1	1	0	0	0	0
17.08.2015 23:25:16.587000	-0.0600001	-0.0641925	-0.0680448	128.49	-668.557	29.5038	7	4	4	4	364.207	375	49.9941	2.49864	0.855424	0.735864	8.43639	44.7993	19.8431	95.5523	1	1	1	1	0	0	0	0
17.08.2015 23:25:16.687000	-0.0600001	-0.0641925	-0.0680448	128.488	-668.555	29.5052	7	4	4	4	328.733	375	50.0657	2.53175	0.888537	0.717892	8.41395	44.8092	19.8498	95.5645	1	1	1	1	0	0	0	0
17.08.2015 23:25:16.787000	-0.0600001	-0.0641925	-0.0680448	128.49	-668.555	29.5067	7	4	4	4	310.976	375	50.1329	2.58955	0.946339	0.700625	8.44319	44.8078	19.8467	95.5708	1	1	1	1	0	0	0	0
17.08.2015 23:25:16.887000	-0.0600001	-0.0641925	-0.0680448	128.488	-668.555	29.5074	7	4	4	4	348.921	375	50.2104	2.67728	1.03407	0.700625	8.47056	44.7859	19.8547	95.4565	1	1	1	1	0	0	0	0
17.08.2015 23:25:16.987000	-0.0600001	-0.0641925	-0.0680448	128.487	-668.555	29.5099	7	4	4	4	340.832	375	50.2841	2.77369	1.13047	0.705202	8.46946	44.7792	19.8269	95.5374	1	1	1	1	0	0	0	0
17.08.2015 23:25:17.087000	-0.0600001	-0.0641925	-0.0680448	128.492	-668.555	29.5095	7	4	4	4	451.264	375	50.3612	2.86316	1.21994	0.735831	8.44699	44.7416	19.7902	95.5339	1	1	1	1	0	0	0	0
17.08.2015 23:25:17.187000	-0.0600001	-0.0641925	-0.0680448	128.487	-668.555	29.5124	7	4	4	4	382.912	375	50.4403	2.86213	1.21892	0.735831	8.40775	44.7089	19.765	95.5051	1	1	1	1	0	0	0	0
17.08.2015 23:25:17.287000	-0.0600001	-0.0641925	-0.0680448	128.492	-668.555	29.5155	7	4	4	4	388.008	375	50.5159	2.84535	1.20214	0.735831	8.43953	44.6793	19.7393	95.4906	1	1	1	1	0	0	0	0
17.08.2015 23:25:17.387000	-0.0600001	-0.0641925	-0.0680448	128.484	-668.555	29.5153	7	4	4	4	367.45	375	50.5955	2.82509	1.18187	0.764137	8.44514	44.6587	19.7356	95.4257	1	1	1	1	0	0	0	0
17.08.2015 23:25:17.487000	-0.0600001	-0.0641925	-0.0680448	128.492	-668.555	29.5177	7	4	4	4	352.72	375	50.6686	2.82803	1.18482	0.767636	8.44974	44.6399	19.7103	95.4504	1	1	1	1	0	0	0	0
17.08.2015 23:25:17.587000	-0.0600001	-0.0641925	-0.0680448	128.487	-668.555	29.5208	7	4	4	4	415.773	375	50.7497	2.82658	1.18337	0.767636	8.41781	44.6385	19.6932	95.5105	1	1	1	1	0	0	0	0
17.08.2015 23:25:17.687000	-0.0600001	-0.0641925	-0.0680448	128.492	-668.555	29.5226	7	4	4	4	356.674	375	50.8218	2.80166	1.15844	0.774267	8.41078	44.6139	19.6974	95.4002	1	1	1	1	0	0	0	0
17.08.2015 23:25:17.787000	-0.0600001	-0.0641925	-0.0680448	128.492	-668.555	29.5211	7	4	4	4	378.242	375	50.9053	2.80463	1.16142	0.777246	8.45681	44.6201	19.6807	95.4883	1	1	1	1	0	0	0	0
17.08.2015 23:25:17.887000	-0.0600001	-0.0641925	-0.0680448	128.492	-668.555	29.5182	7	4	4	4	324.017	375	50.975	2.8077	1.16448	0.777246	8.43912	44.6002	19.6951	95.3567	1	1	1	1	0	0	0	0
17.08.2015 23:25:17.987000	-0.0600001	-0.0641925	-0.0680448	128.492	-668.555	29.5146	7	4	4	4	376.22	375	51.0566	2.84538	1.20217	0.771073	8.45441	44.6215	19.6808	95.4932	1	1	1	1	0	0	0	0
17.08.2015 23:25:18.087000	-0.0600001	-0.0641925	-0.0680448	128.492	-668.555	29.5128	7	4	4	4	369.359	375	51.1307	2.89045	1.24723	0.762891	8.44007	44.5908	19.672	95.4093	1	1	1	1	0	0	0	0
17.08.2015 23:25:18.187000	-0.0600001	-0.0641925	-0.0680448	128.492	-668.555	29.5099	7	4	4	4	387.552	375.025	51.2113	2.92015	1.27694	0.762891	8.41571	44.5912	19.6598	95.4574	1	1	1	1	0.54	0	0	0
17.08.2015 23:25:18.287000	-0.0600001	-0.0641925	-0.0680448	128.492	-668.555	29.5123	7	4	4	4	435.449	375.54	51.2933	2.89919	1.25598	0.769405	8.39918	44.5659	19.6578	95.3679	1	1	1	1	1	0	0	0
17.08.2015 23:25:18.387000	-0.0600001	-0.0641925	-0.0680448	128.492	-668.555	29.5139	7	4	4	4	358.809	376.961	51.3645	2.76073	1.11751	0.787015	8.40051	44.551	19.693	95.1761	1	1	1	1	1	0	0	0
17.08.2015 23:25:18.487000	-0.0600001	-0.0641925	-0.0680448	128.492	-668.555	29.5128	7	4	4	4	357.656	379.301	51.4465	2.69927	1.05605	0.787015	8.42982	44.5674	19.6962	95.227	1	1	1	1	1	0	0	0
17.08.2015 23:25:18.587000	-0.0600001	-0.0641925	-0.0680448	128.492	-668.555	29.515	7	4	4	4	315.233	382.561	51.5127	2.78412	1.1409	0.787015	8.44061	44.586	19.7092	95.2483	1	1	1	1	1	0	0	0
17.08.2015 23:25:18.687000	-0.0600001	-0.0641925	-0.0680448	128.492	-668.555	29.5166	7	4	4	4	398.183	386.74	51.5983	3.05465	1.41144	0.756555	8.4258	44.5692	19.6882	95.2646	1	1	1	1	1	0	0	0
17.08.2015 23:25:18.787000	-0.0600001	-0.0641925	-0.0680448	128.495	-668.555	29.5222	7	4	4	4	358.33	391.838	51.6793	3.26607	1.62285	0.755933	8.42475	44.4868	19.6378	95.1419	1	1	1	1	1	0	0	0
17.08.2015 23:25:18.887000	-0.0600001	-0.0641925	-0.0680448	128.492	-668.555	29.5275	7	4	4	4	494.089	397.856	51.7669	3.45409	1.81088	0.765355	8.41558	44.4028	19.5628	95.1074	1	1	1	1	1	0	0	0
17.08.2015 23:25:18.987000	-0.0600001	-0.0641925	-0.0680448	128.492	-668.555	29.5273	7	4	4	4	436.106	404.793	51.8579	3.39787	1.75466	0.860619	8.35443	44.329	19.4928	95.0926	1	1	1	1	1	0	0	0
17.08.2015 23:25:19.087000	-0.0600001	-0.0641925	-0.0680448	128.496	-668.555	29.5231	7	4	4	4	432.722	412.65	51.9494	3.27809	1.63487	0.860619	8.35613	44.2661	19.4427	95.0438	1	1	1	1	1	0	0	0
17.08.2015 23:25:19.187000	-0.0600001	-0.0641925	-0.0680448	128.495	-668.555	29.5197	7	4	4	4	363.036	421.426	52.0345	3.29765	1.65444	0.865359	8.38592	44.2478	19.4169	95.0725	1	1	1	1	1	0	0	0
17.08.2015 23:25:19.287000	-0.0600001	-0.0641925	-0.0680448	128.496	-668.555	29.5155	7	4	4	4	398.037	431.122	52.121	3.52324	1.88002	0.87885	8.38225	44.2067	19.3777	95.0651	1	1	1	1	1	0	0	0
17.08.2015 23:25:19.387000	-0.0600001	-0.0641925	-0.0680448	128.497	-668.555	29.5161	7	4	4	4	403.708	441.737	52.2185	3.85342	2.21021	0.87885	8.36875	44.1194	19.2861	95.0821	1	1	1	1	1	0	0	0
17.08.2015 23:25:19.487000	-0.0600001	-0.0641925	-0.0680448	128.496	-668.555	29.5144	7	4	4	4	478.597	453.271	52.3215	4.29873	2.65551	0.93017	8.385	43.9894	19.1435	95.1303	1	1	1	1	1	0	0	0
17.08.2015 23:25:19.587000	-0.0600001	-0.0641925	-0.0680448	128.495	-668.555	29.5081	7	4	4	4	546.067	465.725	52.4349	4.60292	2.95971	0.956608	8.36431	43.7606	18.9579	94.9648	1	1	1	1	1	0	0	0
17.08.2015 23:25:19.687000	-0.0600001	-0.0641925	-0.0680448	128.5	-668.555	29.5003	7	4	4	4	436.627	479.098	52.5533	4.69592	3.05271	1.05404	8.34303	43.5261	18.8024	94.6622	1	1	1	1	1	0	0	0
17.08.2015 23:25:19.787000	-0.0600001	-0.0641925	-0.0680448	128.5	-668.555	29.4976	7	4	4	4	476.988	493.391	52.6776	4.95428	3.31107	1.15148	8.3787	43.2981	18.6254	94.4666	1	1	1	1	1	0	0	0
17.08.2015 23:25:19.887000	-0.0600001	-0.0641925	-0.0680448	128.5	-668.555	29.4938	7	4	4	4	545.055	508.602	52.806	5.31005	3.66684	1.21033	8.40165	43.291	18.4489	95.1153	1	1	1	1	1	0	0	0
17.08.2015 23:25:19.987000	-0.0600001	-0.0641925	-0.0680448	128.5	-668.555	29.4886	7	4	4	4	512.795	524.734	52.9393	5.5832	3.93998	1.26252	8.33925	42.9561	18.235	94.6521	1	1	1	1	1	0	0	0
17.08.2015 23:25:20.087000	-0.0600001	-0.0641925	-0.0680448	128.5	-668.555	29.4824	7	4	4	4	488.254	541.785	53.0811	5.91744	4.27422	1.34287	8.31859	42.3633	17.9958	93.2981	1	1	1	1	1	0	0	0
17.08.2015 23:25:20.187000	-0.0600001	-0.0641925	-0.0680448	128.497	-668.555	29.4821	7	4	4	4	609.497	559.757	53.2318	6.41101	4.76779	1.38343	8.35451	42.5005	17.7356	94.8199	1	1	1	1	1	0	0	0
17.08.2015 23:25:20.287000	-0.0600001	-0.0641925	-0.0680448	128.5	-668.555	29.4819	7	4	4	4	634.006	578.647	53.3914	6.7529	5.10968	1.50714	8.32186	42.0513	17.4562	94.1695	1	1	1	1	1	0	0	0
17.08.2015 23:25:20.387000	-0.0600001	-0.0641925	-0.0680448	128.497	-668.557	29.4842	7	4	4	4	521.424	598.456	53.5541	6.99888	5.35567	1.57114	8.28239	41.8003	17.2026	94.1798	1	1	1	1	1	0	0	0
17.08.2015 23:25:20.487000	-0.0600001	-0.0641925	-0.0680448	128.5	-668.555	29.4873	7	4	4	4	563.093	619.185	53.7302	7.55398	5.91076	1.64366	8.34034	41.5235	16.9231	94.1901	1	1	1	1	1	0	0	0
17.08.2015 23:25:20.587000	-0.0600001	-0.0641925	-0.0680448	128.5	-668.555	29.4882	7	4	4	4	632.467	640.833	53.9162	8.28912	6.6459	1.7641	8.3441	41.172	16.5905	94.1179	1	1	1	1	1	0	0	0
17.08.2015 23:25:20.687000	-0.0600001	-0.0641925	-0.0680448	128.5	-668.555	29.4927	7	4	4	4	714.464	663.4	54.1187	8.914	7.27079	1.94668	8.25687	40.7821	16.2266	94.0179	1	1	1	1	1	0	0	0
17.08.2015 23:25:20.787000	-0.0600001	-0.0641925	-0.0680448	128.5	-668.555	29.4969	7	4	4	4	652.993	686.885	54.3316	9.43073	7.78751	2.05295	8.22546	40.4216	15.8985	93.894	1	1	1	1	1	0	0	0
17.08.2015 23:25:20.887000	-0.0600001	-0.0641925	-0.0680448	128.5	-668.555	29.5025	7	4	4	4	584.921	711.29	54.5574	10.1024	8.45918	2.16322	8.30871	40.084	15.583	93.8096	1	1	1	1	1	0	0	0
17.08.2015 23:25:20.987000	-0.0600001	-0.0641925	-0.0680448	128.5	-668.555	29.5052	7	4	4	4	720.814	736.616	54.7962	11.0657	9.42248	2.30958	8.3465	39.7381	15.274	93.668	1	1	1	1	1	0	0	0
17.08.2015 23:25:21.087000	-0.0600001	-0.0641925	-0.0680448	128.5	-668.555	29.5095	7	4	4	4	796.9	762.861	55.0568	11.9535	10.3103	2.52064	8.27072	39.3761	14.9334	93.5862	1	1	1	1	1	0	0	0
17.08.2015 23:25:21.187000	-0.0600001	-0.0641925	-0.0680448	128.5	-668.555	29.5146	7	4	4	4	759.43	790.023	55.3329	12.7273	11.084	2.69424	8.22381	39.057	14.6414	93.4827	1	1	1	1	1	0	0	0
17.08.2015 23:25:21.287000	-0.0600001	-0.0641925	-0.0680448	128.5	-668.555	29.5161	7	4	4	4	805.532	818.105	55.6244	13.525	11.8818	2.8051	8.20622	38.7818	14.3975	93.3628	1	1	1	1	1	0	0	0
17.08.2015 23:25:21.387000	-0.0600001	-0.0641925	-0.0680448	128.5	-668.555	29.5143	7	4	4	4	795.201	847.108	55.9352	14.3549	12.7117	3.09594	8.27127	38.5183	14.1717	93.2181	1	1	1	1	1	0	0	0
17.08.2015 23:25:21.487000	-0.0600001	-0.0641925	-0.0680448	128.5	-668.555	29.5117	7	4	4	4	866.831	877.032	56.2606	15.2609	13.6177	3.22992	8.2248	38.2806	13.945	93.1761	1	1	1	1	1	0	0	0
17.08.2015 23:25:21.587000	-0.0600001	-0.0641925	-0.0680448	128.5	-668.557	29.5074	7	4	4	4	799.86	907.873	56.6038	16.2214	14.5782	3.35617	8.13134	38.067	13.7531	93.0929	1	1	1	1	1	0	0	0
17.08.2015 23:25:21.687000	-0.0600001	-0.0641925	-0.0680448	128.5	-668.555	29.5068	7	4	4	4	922.11	939.632	56.9704	17.3915	15.7482	3.64147	8.16887	37.8832	13.6089	92.9414	1	1	1	1	1	0	0	0
17.08.2015 23:25:21.787000	-0.0600001	-0.0641925	-0.0680448	128.5	-668.557	29.503	7	4	4	4	982.978	972.311	57.3584	18.5524	16.9092	3.83844	8.16144	37.7535	13.4678	92.9851	1	1	1	1	1	0	0	0
17.08.2015 23:25:21.887000	-0.0600001	-0.0641925	-0.0680448	128.5	-668.555	29.5052	7	4	4	4	908.806	1005.91	57.7628	19.6237	17.9805	4.07662	8.09702	37.6529	13.4387	92.7115	1	1	1	1	1	0	0	0
17.08.2015 23:25:21.987000	-0.0600001	-0.0641925	-0.0680448	128.5	-668.557	29.5099	7	4	4	4	1083.12	459.534	58.2428	20.5859	2.42596	8.00039	8.08707	44.1156	13.1528	118.55	1	1	1	1	1	0.87	0	0.87
17.08.2015 23:25:22.087000	-0.0600001	-0.0641925	-0.0680448	128.5	-668.559	29.5215	7	4	4	4	3170	375	61.7859	20.628	0	86.1833	7.4128	111.584	12.762	378.371	1	1	1	1	1	1	0.72	1
17.08.2015 23:25:22.187000	-0.0600001	-0.0641925	-0.0680448	128.521	-668.557	29.2647	7	4	4	4	55.6936	375	62.2271	20.628	0	82.7377	5.0522	113.87	0.611408	433.646	1	1	1	1	1	1	1	1
17.08.2015 23:25:22.287000	-0.0600001	-0.0641925	-0.0680448	128.484	-668.59	27.207	7	4	4	4	7.3187	375	62.2271	15.0584	0	82.7377	3.3613	128.461	0.6592	489.326	1	1	1	1	1	1	1	0.73
17.08.2015 23:25:22.387000	-0.0600001	-0.0641925	-0.0680448	128.451	-668.612	22.1611	7	4	4	4	1.35027	375	62.2271	0	0	82.7377	2.14643	133.67	0.512162	509.836	1	1	1	1	1	1	1	0
17.08.2015 23:25:22.487000	-0.0600001	-0.0641925	-0.0680448	128.449	-668.633	18.8911	7	4	4	4	0.79895	375	62.2271	0	0	82.7377	1.54472	133.908	0.578509	510.493	1	1	1	1	1	1	1	0
17.08.2015 23:25:22.587000	-0.0600001	-0.0641925	-0.0680448	128.453	-668.622	14.6249	7	4	4	4	0.731857	375	62.2271	0	0	82.7377	1.215	133.837	0.540544	510.367	1	1	1	1	1	1	1	0
17.08.2015 23:25:22.687000	-0.0600001	-0.0641925	-0.0680448	128.414	-668.594	12.0123	7	4	4	4	0.431762	375	62.2271	0	0	82.7377	1.00547	133.549	0.565142	509.167	1	1	1	1	1	1	1	0
17.08.2015 23:25:22.787000	-0.0600001	-0.0641925	-0.0680448	128.383	-668.617	9.63759	7	4	4	4	0.290897	375	62.2271	0	0	82.7377	0.80013	133.489	0.543107	509.024	1	1	1	1	1	1	1	0
17.08.2015 23:25:22.887000	-0.0600001	-0.0641925	-0.0680448	128.348	-668.621	8.50749	7	4	4	4	0.338969	375	62.2271	0	0	82.7377	0.703255	133.414	0.544023	508.733	1	1	1	1	1	1	1	0
17.08.2015 23:25:22.987000	-0.0600001	-0.0641925	-0.0680448	128.336	-668.62	6.71441	7	4	4	4	0.305177	375	62.2271	0	0	82.7377	0.623799	133.353	0.542414	508.503	1	1	1	1	1	1	1	0
17.08.2015 23:25:23.087000	-0.0600001	-0.0641925	-0.0680448	128.324	-668.621	5.81163	7	4	4	4	0.286378	375	62.2271	0	0	26.4761	0.564648	133.301	0.539994	508.318	1	1	1	1	1	1	1	0
17.08.2015 23:25:23.187000	-0.0600001	-0.0641925	-0.0680448	128.32	-668.628	4.90524	7	4	4	4	0.283598	375	62.2271	0	0	0	0.497186	133.248	0.541581	508.105	1	1	1	1	1	1	1	0
17.08.2015 23:25:23.287000	-0.0600001	-0.0641925	-0.0680448	128.32	-668.625	4.09125	7	4	4	4	0.284153	375	62.2271	0	0	0	0.460424	133.2	0.542314	507.92	1	1	1	1	1	1	1	0
17.08.2015 23:25:23.387000	-0.0600001	-0.0641925	-0.0680448	128.32	-668.625	3.53371	7	4	4	4	0.301314	375	62.2271	0	0	0	0.428291	133.157	0.546713	507.738	1	1	1	1	1	1	1	0
17.08.2015 23:25:23.487000	-0.0600001	-0.0641925	-0.0680448	128.32	-668.625	3.16081	7	4	4	4	0.315269	375	62.2271	0	0	0	0.398879	133.112	0.543901	507.577	1	1	1	1	1	1	1	0
17.08.2015 23:25:23.587000	-0.0600001	-0.0641925	-0.0680448	128.32	-668.625	2.90582	7	4	4	4	0.289996	375	62.2271	0	0	0	0.371383	133.065	0.544328	507.396	1	1	1	1	1	1	1	0
17.08.2015 23:25:23.687000	-0.0600001	-0.0641925	-0.0680448	128.32	-668.625	1.95204	7	4	4	4	0.298307	375	62.2271	0	0	0	0.353226	133.023	0.548784	507.217	1	1	1	1	1	1	1	0
17.08.2015 23:25:23.787000	-0.0600001	-0.0641925	-0.0680448	128.32	-668.625	0.287905	7	4	4	4	0.361692	375	62.2271	0	0	0	0.336914	132.982	0.548418	507.063	1	1	1	1	1	1	1	0
17.08.2015 23:25:23.887000	-0.0600001	-0.0641925	-0.0680448	128.32	-668.625	0.143772	7	4	4	4	0.308281	375	62.2271	0	0	0	0.31807	132.942	0.549821	506.902	1	1	1	1	1	1	1	0
17.08.2015 23:25:23.987000	-0.0600001	-0.0641925	-0.0680448	128.32	-668.625	0.127315	7	4	4	4	0.333999	375	62.2271	0	0	0	0.305273	132.904	0.557939	506.726	1	1	1	1	1	1	1	0
17.08.2015 23:25:24.087000	-0.0600001	-0.0641925	-0.0680448	128.32	-668.625	0.104709	7	4	4	4	0.301353	375	62.2271	0	0	0	0.293634	132.867	0.566424	506.554	1	1	1	1	1	1	1	0
17.08.2015 23:25:24.187000	-0.0600001	-0.0641925	-0.0680448	128.32	-668.625	0.0882523	7	4	4	4	0.30381	375	62.2271	0	0	0	0.285084	132.825	0.559099	506.421	1	1	1	1	1	1	1	0
17.08.2015 23:25:24.287000	-0.0600001	-0.0641925	-0.0680448	128.32	-668.625	0.0770399	7	4	4	4	0.299594	375	62.2271	0	0	0	0.280179	132.788	0.552324	506.304	1	1	1	1	1	1	1	0
17.08.2015 23:25:24.387000	-0.0600001	-0.0641925	-0.0680448	128.284	-668.615	0.0665509	7	4	4	4	0.304688	375	62.2271	0	0	0	0.287131	132.757	0.550981	506.19	1	1	1	1	1	1	1	0
17.08.2015 23:25:24.487000	-0.0600001	-0.0641925	-0.0680448	128.266	-668.609	0.0504557	7	4	4	4	0.275947	375	62.2271	0	0	0	0.298054	132.719	0.548723	506.052	1	1	1	1	1	1	1	0
17.08.2015 23:25:24.587000	-0.0600001	-0.0641925	-0.0680448	128.266	-668.458	0.0412326	7	4	4	4	0.291323	375	62.2271	0	0	0	0.310655	132.687	0.565935	505.865	1	1	1	1	1	1	1	0
17.08.2015 23:25:24.687000	-0.0600001	-0.0641925	-0.0680448	128.293	-667.563	0.0336372	7	4	4	4	0.288355	375	62.2271	0	0	0	0.323141	132.652	0.564226	505.739	1	1	1	1	1	1	1	0
17.08.2015 23:25:24.787000	-0.0600001	-0.0641925	-0.0680448	128.328	-655.721	0.0264034	7	4	4	4	0.279567	375	62.2271	0	0	0	0.33235	132.621	0.560564	505.632	1	1	1	1	1	1	1	0
17.08.2015 23:25:24.887000	-0.0600001	-0.0641925	-0.0680448	128.328	-635.848	0.0173611	7	4	4	4	0.285688	375	62.2271	0	0	0	0.340603	132.588	0.562456	505.498	1	1	1	1	1	1	1	0
17.08.2015 23:25:24.987000	-0.0600001	-0.0641925	-0.0680448	128.328	-613.898	0.0137442	7	4	4	4	0.275953	375	62.2271	0	0	0	0.348987	132.556	0.564043	505.372	1	1	1	1	1	1	1	0
17.08.2015 23:25:25.087000	-0.0600001	-0.0641925	-0.0680448	128.332	-582.773	0.00868056	7	4	4	4	0.293407	375	62.2271	0	0	0	0.355975	132.523	0.565813	505.238	1	1	1	1	1	1	1	0
17.08.2015 23:25:25.187000	-0.0600001	-0.0641925	-0.0680448	128.331	-545.078	0.00578704	7	4	4	4	0.315897	375	62.2271	0	0	0	0.360764	132.487	0.566301	505.098	1	1	1	1	1	1	1	0
17.08.2015 23:25:25.287000	-0.0600001	-0.0641925	-0.0680448	128.336	-510.762	0.00271267	7	4	4	4	0.308503	375	62.2271	0	0	0	0.365191	132.456	0.572283	504.958	1	1	1	1	1	1	1	0
17.08.2015 23:25:25.387000	-0.0600001	-0.0641925	-0.0680448	128.336	-472.013	0.00108507	7	4	4	4	0.321092	375	62.2271	0	0	0	0.369155	132.424	0.572771	504.832	1	1	1	1	1	1	1	0
17.08.2015 23:25:25.487000	-0.0600001	-0.0641925	-0.0680448	128.344	-413.84	-0.000542535	7	4	4	4	0.326522	375	62.2271	0	0	0	0.372606	132.391	0.570757	504.715	1	1	1	1	1	1	1	0
17.08.2015 23:25:25.587000	-0.0600001	-0.0641925	-0.0680448	128.37	-372.656	-0.00397859	7	4	4	4	0.30856	375	62.2271	0	0	0	0.374052	132.366	0.568621	504.627	1	1	1	1	1	1	1	0
17.08.2015 23:25:25.687000	-0.0600001	-0.0641925	-0.0680448	128.391	-331.234	-0.00488281	7	4	4	4	0.313274	375	62.2271	0	0	0	0.376345	132.335	0.567583	504.51	1	1	1	1	1	1	1	0
17.08.2015 23:25:25.787000	-0.0600001	-0.0641925	-0.0680448	128.391	-284.424	-0.00614873	7	4	4	4	0.303022	375	62.2271	0	0	0	0.377669	132.3	0.564714	504.387	1	1	1	1	1	1	1	0
17.08.2015 23:25:25.887000	-0.0600001	-0.0641925	-0.0680448	128.391	-232.496	-0.00651042	7	4	4	4	0.309108	375	62.2271	0	0	0	0.379362	132.274	0.565508	504.284	1	1	1	1	1	1	1	0
17.08.2015 23:25:25.987000	-0.0600001	-0.0641925	-0.0680448	128.391	-192.284	-0.00434028	7	4	4	4	0.307911	375	62.2271	0	0	0	0.379941	132.241	0.566729	504.155	1	1	1	1	1	1	1	0
17.08.2015 23:25:26.087000	-0.0600001	-0.0641925	-0.0680448	128.391	-151.688	-0.00434028	7	4	4	4	0.330728	375	62.2271	0	0	0	0.380519	132.212	0.564898	504.051	1	1	1	1	1	1	1	0
17.08.2015 23:25:26.187000	-0.0600001	-0.0641925	-0.0680448	128.391	-99.8802	-0.00434028	7	4	4	4	0.318812	375	62.2271	0	0	0	0.381387	132.181	0.565569	503.928	1	1	1	1	1	1	1	0
17.08.2015 23:25:26.287000	-0.0600001	-0.0641925	-0.0680448	128.391	-53.9766	-0.00434028	7	4	4	4	0.326123	375	62.2271	0	0	0	0.381387	132.153	0.567827	503.812	1	1	1	1	1	1	1	0
17.08.2015 23:25:26.387000	-0.0600001	-0.0641925	-0.0680448	128.411	-14.138	-0.00397859	7	4	4	4	0.312787	375	62.2271	0	0	0	0.383124	132.122	0.570635	503.685	1	1	1	1	1	1	1	0
17.08.2015 23:25:26.487000	-0.0600001	-0.0641925	-0.0680448	128.414	26	0	7	4	4	4	0.308858	375	62.2271	0	0	0	0.383724	132.093	0.571978	503.566	1	1	1	1	1	1	1	0
17.08.2015 23:25:26.587000	-0.0600001	-0.0641925	-0.0680448	128.414	82.3099	-0.00325521	7	4	4	4	0.309146	375	62.2271	0	0	0	0.384549	132.062	0.57796	503.427	1	1	1	1	1	1	1	0
17.08.2015 23:25:26.687000	-0.0600001	-0.0641925	-0.0680448	128.422	122.508	0	7	4	4	4	0.312613	375	62.2271	0	0	0	0.384592	132.029	0.574053	503.315	1	1	1	1	1	1	1	0
17.08.2015 23:25:26.787000	-0.0600001	-0.0641925	-0.0680448	128.424	162.552	-0.00108507	7	4	4	4	0.316864	375	62.2271	0	0	0	0.386118	132	0.571612	503.214	1	1	1	1	1	1	1	0
17.08.2015 23:25:26.887000	-0.0600001	-0.0641925	-0.0680448	128.426	202.438	-0.0016276	7	4	4	4	0.306996	375	62.2271	0	0	0	0.386494	131.972	0.56917	503.117	1	1	1	1	1	1	1	0
17.08.2015 23:25:26.987000	-0.0600001	-0.0641925	-0.0680448	128.424	258.771	-0.00108507	7	4	4	4	0.295481	375	62.2271	0	0	0	0.387565	131.946	0.568377	503.018	1	1	1	1	1	1	1	0
17.08.2015 23:25:27.087000	-0.0600001	-0.0641925	-0.0680448	128.426	299.504	-0.00108507	7	4	4	4	0.316749	375	62.2271	0	0	0	0.387319	131.916	0.569964	502.896	1	1	1	1	1	1	1	0
17.08.2015 23:25:27.187000	-0.0600001	-0.0641925	-0.0680448	128.424	339.737	-0.00072338	7	4	4	4	0.334205	375	62.2271	0	0	0	0.386986	131.891	0.57033	502.801	1	1	1	1	1	1	1	0
17.08.2015 23:25:27.287000	-0.0600001	-0.0641925	-0.0680448	128.426	388.074	-0.00108507	7	4	4	4	0.300532	375	62.2271	0	0	0	0.387008	131.864	0.568682	502.703	1	1	1	1	1	1	1	0
17.08.2015 23:25:27.387000	-0.0600001	-0.0641925	-0.0680448	128.44	436.294	-0.00072338	7	4	4	4	0.294063	375	62.2271	0	0	0	0.386552	131.835	0.571307	502.583	1	1	1	1	1	1	1	0
17.08.2015 23:25:27.487000	-0.0600001	-0.0641925	-0.0680448	128.453	476.262	0.00108507	7	4	4	4	0.273884	375	62.2271	0	0	0	0.386863	131.809	0.571551	502.481	1	1	1	1	1	1	1	0
17.08.2015 23:25:27.587000	-0.0600001	-0.0641925	-0.0680448	128.453	516.172	0.00108507	7	4	4	4	0.305037	375	62.2271	0	0	0	0.385995	131.781	0.570757	502.379	1	1	1	1	1	1	1	0
17.08.2015 23:25:27.687000	-0.0600001	-0.0641925	-0.0680448	128.457	570.508	0.00108507	7	4	4	4	0.327159	375	62.2271	0	0	0	0.386285	131.757	0.571795	502.283	1	1	1	1	1	1	1	0
17.08.2015 23:25:27.787000	-0.0600001	-0.0641925	-0.0680448	128.458	600.849	0.00108507	7	4	4	4	0.289297	375	62.2271	0	0	0	0.385829	131.726	0.57271	502.159	1	1	1	1	1	1	1	0
17.08.2015 23:25:27.887000	-0.0600001	-0.0641925	-0.0680448	128.465	627.203	0.00108507	7	4	4	4	0.279938	375	62.2271	0	0	0	0.38614	131.702	0.573443	502.065	1	1	1	1	1	1	1	0
17.08.2015 23:25:27.987000	-0.0600001	-0.0641925	-0.0680448	128.464	650.07	0.00072338	7	4	4	4	0.294147	375	62.2271	0	0	0	0.385561	131.677	0.57387	501.969	1	1	1	1	1	1	1	0
17.08.2015 23:25:28.087000	-0.0600001	-0.0641925	-0.0680448	128.465	667.77	0.00108507	7	4	4	4	0.322315	375	62.2271	0	0	0	0.385829	131.65	0.580462	501.838	1	1	1	1	1	1	1	0
17.08.2015 23:25:28.187000	-0.0600001	-0.0641925	-0.0680448	128.464	672.323	0.00108507	7	4	4	4	0.305485	375	62.2271	0	0	0	0.385127	131.623	0.578814	501.74	1	1	1	1	1	1	1	0
17.08.2015 23:25:28.287000	-0.0600001	-0.0641925	-0.0680448	128.469	674.086	0.00108507	7	4	4	4	0.307493	375	62.2271	0	0	0	0.385127	131.599	0.575274	501.662	1	1	1	1	1	1	1	0
17.08.2015 23:25:28.387000	-0.0600001	-0.0641925	-0.0680448	128.456	674.956	0.00072338	7	4	4	4	0.315565	375	62.2271	0	0	0	0.385294	131.572	0.573809	501.566	1	1	1	1	1	1	1	0
17.08.2015 23:25:28.487000	-0.0600001	-0.0641925	-0.0680448	128.445	674.945	0	7	4	4	4	0.306466	375	62.2271	0	0	0	0.38525	131.547	0.574602	501.466	1	1	1	1	1	1	1	0
17.08.2015 23:25:28.587000	-0.0600001	-0.0641925	-0.0680448	128.445	674.945	-0.00036169	7	4	4	4	0.311796	375	62.2271	0	0	0	0.385294	131.524	0.5721	501.39	1	1	1	1	1	1	1	0
17.08.2015 23:25:28.687000	-0.0600001	-0.0641925	-0.0680448	128.445	674.934	-0.0016276	7	4	4	4	0.320576	375	62.2271	0	0	0	0.384961	131.5	0.570208	501.303	1	1	1	1	1	1	1	0
17.08.2015 23:25:28.787000	-0.0600001	-0.0641925	-0.0680448	128.302	674.969	-0.00253183	7	4	4	4	0.31765	375	62.2271	0	0	0	0.385417	131.487	0.571978	501.247	1	1	1	1	1	1	1	0
17.08.2015 23:25:28.887000	-0.0600001	-0.0641925	-0.0680448	128.266	674.992	-0.00325521	7	4	4	4	0.298305	375	62.2271	0	0	0	0.384238	131.454	0.572344	501.119	1	1	1	1	1	1	1	0
17.08.2015 23:25:28.987000	-0.0600001	-0.0641925	-0.0680448	128.258	674.995	-0.00325521	7	4	4	4	0.302841	375	62.2271	0	0	0	0.384238	131.425	0.572894	501.008	1	1	1	1	1	1	1	0
17.08.2015 23:25:29.087000	-0.0600001	-0.0641925	-0.0680448	128.266	674.945	-0.00217014	7	4	4	4	0.283316	375	62.2271	0	0	0	0.383413	131.402	0.573931	500.915	1	1	1	1	1	1	1	0
17.08.2015 23:25:29.187000	-0.0600001	-0.0641925	-0.0680448	128.266	674.951	-0.00036169	7	4	4	4	0.283617	375	62.2271	0	0	0	0.383948	131.379	0.576312	500.818	1	1	1	1	1	1	1	0
17.08.2015 23:25:29.287000	-0.0600001	-0.0641925	-0.0680448	128.266	674.945	-0.00325521	7	4	4	4	0.305598	375	62.2271	0	0	0	0.383102	131.352	0.576678	500.714	1	1	1	1	1	1	1	0
17.08.2015 23:25:29.387000	-0.0600001	-0.0641925	-0.0680448	128.268	674.961	-0.00325521	7	4	4	4	0.297446	375	62.2271	0	0	0	0.383391	131.328	0.5768	500.619	1	1	1	1	1	1	1	0
17.08.2015 23:25:29.487000	-0.0600001	-0.0641925	-0.0680448	128.27	674.93	-0.00379774	7	4	4	4	0.290639	375	62.2271	0	0	0	0.383413	131.305	0.576434	500.535	1	1	1	1	1	1	1	0
17.08.2015 23:25:29.587000	-0.0600001	-0.0641925	-0.0680448	128.273	674.94	-0.0036169	7	4	4	4	0.282618	375	62.2271	0	0	0	0.383492	131.284	0.58327	500.426	1	1	1	1	1	1	1	0
17.08.2015 23:25:29.687000	-0.0600001	-0.0641925	-0.0680448	128.27	674.953	-0.00325521	7	4	4	4	0.310642	375	62.2271	0	0	0	0.382957	131.254	0.585223	500.306	1	1	1	1	1	1	1	0
17.08.2015 23:25:29.787000	-0.0600001	-0.0641925	-0.0680448	128.279	675.039	-0.00253183	7	4	4	4	0.321581	375	62.2271	0	0	0	0.382378	131.23	0.580889	500.231	1	1	1	1	1	1	1	0
17.08.2015 23:25:29.887000	-0.0600001	-0.0641925	-0.0680448	128.281	674.934	-0.0016276	7	4	4	4	0.310822	375	62.2271	0	0	0	0.382668	131.21	0.578631	500.16	1	1	1	1	1	1	1	0
17.08.2015 23:25:29.987000	-0.0600001	-0.0641925	-0.0680448	128.286	675.013	-0.00108507	7	4	4	4	0.303216	375	62.2271	0	0	0	0.382501	131.188	0.578753	500.077	1	1	1	1	1	1	1	0
17.08.2015 23:25:30.087000	-0.0600001	-0.0641925	-0.0680448	128.289	675.027	-0.0016276	7	4	4	4	0.306833	375	62.2271	0	0	0	0.382523	131.164	0.577105	499.992	1	1	1	1	1	1	1	0
17.08.2015 23:25:30.187000	-0.0600001	-0.0641925	-0.0680448	128.289	674.995	-0.00144676	7	4	4	4	0.319964	375	62.2271	0	0	0	0.381944	131.141	0.576678	499.906	1	1	1	1	1	1	1	0
17.08.2015 23:25:30.287000	-0.0600001	-0.0641925	-0.0680448	128.289	674.98	-0.00108507	7	4	4	4	0.328551	375	62.2271	0	0	0	0.382523	131.116	0.579424	499.797	1	1	1	1	1	1	1	0
17.08.2015 23:25:30.387000	-0.0600001	-0.0641925	-0.0680448	128.289	674.956	-0.00108507	7	4	4	4	0.325242	375	62.2271	0	0	0	0.382111	131.095	0.580157	499.714	1	1	1	1	1	1	1	0
17.08.2015 23:25:30.487000	-0.0600001	-0.0641925	-0.0680448	128.289	674.949	-0.00108507	7	4	4	4	0.305694	375	62.2271	0	0	0	0.38269	131.07	0.578021	499.629	1	1	1	1	1	1	1	0
17.08.2015 23:25:30.587000	-0.0600001	-0.0641925	-0.0680448	128.292	674.938	-0.00108507	7	4	4	4	0.281573	375	62.2271	0	0	0	0.383724	131.049	0.577899	499.548	1	1	1	1	1	1	1	0
17.08.2015 23:25:30.687000	-0.0600001	-0.0641925	-0.0680448	128.289	674.918	-0.0016276	7	4	4	4	0.308837	375	62.2271	0	0	0	0.384816	131.028	0.577776	499.468	1	1	1	1	1	1	1	0
17.08.2015 23:25:30.787000	-0.0600001	-0.0641925	-0.0680448	128.289	674.919	-0.00108507	7	4	4	4	0.302105	375	62.2271	0	0	0	0.384737	131.006	0.576617	499.387	1	1	1	1	1	1	1	0
17.08.2015 23:25:30.887000	-0.0600001	-0.0641925	-0.0680448	128.289	674.914	0	7	4	4	4	0.320016	375	62.2271	0	0	0	0.385583	130.983	0.578326	499.295	1	1	1	1	1	1	1	0
17.08.2015 23:25:30.987000	-0.0600001	-0.0641925	-0.0680448	128.292	674.906	-0.00108507	7	4	4	4	0.324965	375	62.2271	0	0	0	0.386451	130.96	0.578631	499.203	1	1	1	1	1	1	1	0
17.08.2015 23:25:31.087000	-0.0600001	-0.0641925	-0.0680448	128.289	674.898	-0.00108507	7	4	4	4	0.289469	375	62.2271	0	0	0	0.386408	130.937	0.578448	499.118	1	1	1	1	1	1	1	0
17.08.2015 23:25:31.187000	-0.0600001	-0.0641925	-0.0680448	128.289	674.906	-0.00108507	7	4	4	4	0.296953	375	62.2271	0	0	0	0.38674	130.914	0.579669	499.026	1	1	1	1	1	1	1	0
17.08.2015 23:25:31.287000	-0.0600001	-0.0641925	-0.0680448	128.289	674.895	-0.00108507	7	4	4	4	0.300159	375	62.2271	0	0	0	0.38674	130.893	0.583941	498.929	1	1	1	1	1	1	1	0
17.08.2015 23:25:31.387000	-0.0600001	-0.0641925	-0.0680448	128.289	674.891	-0.00072338	7	4	4	4	0.299243	375	62.2271	0	0	0	0.387731	130.866	0.588397	498.808	1	1	1	1	1	1	1	0
17.08.2015 23:25:31.487000	-0.0600001	-0.0641925	-0.0680448	128.289	674.898	0.00108507	7	4	4	4	0.312772	375	62.2271	0	0	0	0.386842	130.843	0.585711	498.728	1	1	1	1	1	1	1	0
17.08.2015 23:25:31.587000	-0.0600001	-0.0641925	-0.0680448	128.289	674.885	0.00036169	7	4	4	4	0.356056	375	62.2271	0	0	0	0.387297	130.821	0.584185	498.649	1	1	1	1	1	1	1	0
17.08.2015 23:25:31.687000	-0.0600001	-0.0641925	-0.0680448	128.289	674.883	0	7	4	4	4	0.301018	375	62.2271	0	0	0	0.386719	130.798	0.584002	498.564	1	1	1	1	1	1	1	0
17.08.2015 23:25:31.787000	-0.0600001	-0.0641925	-0.0680448	128.289	674.883	0.00144676	7	4	4	4	0.326613	375	62.2271	0	0	0	0.386842	130.774	0.58272	498.478	1	1	1	1	1	1	1	0
17.08.2015 23:25:31.887000	-0.0600001	-0.0641925	-0.0680448	128.293	674.875	0.00108507	7	4	4	4	0.295188	375	62.2271	0	0	0	0.386596	130.756	0.581378	498.414	1	1	1	1	1	1	1	0
17.08.2015 23:25:31.987000	-0.0600001	-0.0641925	-0.0680448	128.292	674.878	0.00036169	7	4	4	4	0.304316	375	62.2271	0	0	0	0.386386	130.731	0.582659	498.311	1	1	1	1	1	1	1	0
17.08.2015 23:25:32.087000	-0.0600001	-0.0641925	-0.0680448	128.289	674.859	0.000542535	7	4	4	4	0.295393	375	62.2271	0	0	0	0.385872	130.712	0.58388	498.233	1	1	1	1	1	1	1	0
17.08.2015 23:25:32.187000	-0.0600001	-0.0641925	-0.0680448	128.289	674.872	0.00072338	7	4	4	4	0.29757	375	62.2271	0	0	0	0.385663	130.692	0.582354	498.164	1	1	1	1	1	1	1	0
17.08.2015 23:25:32.287000	-0.0600001	-0.0641925	-0.0680448	128.289	674.859	0.000542535	7	4	4	4	0.303389	375	62.2271	0	0	0	0.385438	130.669	0.586627	498.058	1	1	1	1	1	1	1	0
17.08.2015 23:25:32.387000	-0.0600001	-0.0641925	-0.0680448	128.292	674.859	0.00072338	7	4	4	4	0.302238	375	62.2271	0	0	0	0.385272	130.646	0.596088	497.935	1	1	1	1	1	1	1	0
17.08.2015 23:25:32.487000	-0.0600001	-0.0641925	-0.0680448	128.289	674.859	0.00108507	7	4	4	4	0.307785	375	62.2271	0	0	0	0.38614	130.625	0.59975	497.841	1	1	1	1	1	1	1	0
17.08.2015 23:25:32.587000	-0.0600001	-0.0641925	-0.0680448	128.294	674.859	0.00253183	7	4	4	4	0.287261	375	62.2271	0	0	0	0.384773	130.601	0.612445	497.701	1	1	1	1	1	1	1	0
17.08.2015 23:25:32.687000	-0.0600001	-0.0641925	-0.0680448	128.289	674.859	0.000542535	7	4	4	4	0.301971	375	62.2271	0	0	0	0.383058	130.585	0.616535	497.622	1	1	1	1	1	1	1	0
17.08.2015 23:25:32.787000	-0.0600001	-0.0641925	-0.0680448	128.294	674.854	-0.00180845	7	4	4	4	0.312031	375	62.2271	0	0	0	0.381489	130.565	0.618549	497.54	1	1	1	1	1	1	1	0
17.08.2015 23:25:32.887000	-0.0600001	-0.0641925	-0.0680448	128.289	674.855	0.00108507	7	4	4	4	0.315838	375	62.2271	0	0	0	0.381221	130.545	0.614826	497.475	1	1	1	1	1	1	1	0
17.08.2015 23:25:32.987000	-0.0600001	-0.0641925	-0.0680448	128.292	674.852	0.00180845	7	4	4	4	0.323405	375	62.2271	0	0	0	0.380476	130.519	0.622028	497.351	1	1	1	1	1	1	1	0
17.08.2015 23:25:33.087000	-0.0600001	-0.0641925	-0.0680448	128.297	674.855	0.00108507	7	4	4	4	0.340407	375	62.2271	0	0	0	0.381076	130.501	0.629658	497.253	1	1	1	1	1	1	1	0
17.08.2015 23:25:33.187000	-0.0600001	-0.0641925	-0.0680448	128.292	674.846	0.00108507	7	4	4	4	0.346774	375	62.2271	0	0	0	0.38112	130.48	0.635517	497.148	1	1	1	1	1	1	1	0
17.08.2015 23:25:33.287000	-0.0600001	-0.0641925	-0.0680448	128.293	674.844	0.000542535	7	4	4	4	0.337674	375	62.2271	0	0	0	0.381633	130.456	0.643147	497.029	1	1	1	1	1	1	1	0
17.08.2015 23:25:33.387000	-0.0600001	-0.0641925	-0.0680448	128.289	674.844	-0.00144676	7	4	4	4	0.306027	375	62.2271	0	0	0	0.381221	130.439	0.655599	496.911	1	1	1	1	1	1	1	0
17.08.2015 23:25:33.487000	-0.0600001	-0.0641925	-0.0680448	128.293	674.852	-0.0016276	7	4	4	4	0.296591	375	62.2271	0	0	0	0.38091	130.419	0.669698	496.783	1	1	1	1	1	1	1	0
17.08.2015 23:25:33.587000	-0.0600001	-0.0641925	-0.0680448	128.289	674.87	-0.00108507	7	4	4	4	0.30876	375	62.2271	0	0	0	0.380953	130.4	0.682455	496.663	1	1	1	1	1	1	1	0
17.08.2015 23:25:33.687000	-0.0600001	-0.0641925	-0.0680448	128.289	674.871	-0.00108507	7	4	4	4	0.323863	375	62.2271	0	0	0	0.380862	130.378	0.703151	496.491	1	1	1	1	1	1	1	0
17.08.2015 23:25:33.787000	-0.0600001	-0.0641925	-0.0680448	128.294	674.865	-0.00108507	7	4	4	4	0.286648	375	62.2271	0	0	0	0.380585	130.361	0.720237	496.367	1	1	1	1	1	1	1	0
17.08.2015 23:25:33.887000	-0.0600001	-0.0641925	-0.0680448	128.297	674.871	-0.00108507	7	4	4	4	0.295775	375	62.2271	0	0	0	0.381395	130.341	0.741478	496.211	1	1	1	1	1	1	1	0
17.08.2015 23:25:33.987000	-0.0600001	-0.0641925	-0.0680448	128.292	674.883	-0.00108507	7	4	4	4	0.293692	375	62.2271	0	0	0	0.383304	130.32	0.762902	496.042	1	1	1	1	1	1	1	0
17.08.2015 23:25:34.087000	-0.0600001	-0.0641925	-0.0680448	128.293	674.883	0.0016276	7	4	4	4	0.349768	375	62.2271	0	0	0	0.383825	130.301	0.782617	495.901	1	1	1	1	1	1	1	0
17.08.2015 23:25:34.187000	-0.0600001	-0.0641925	-0.0680448	128.292	674.883	-0.00144676	7	4	4	4	0.401434	375	62.2271	0	0	0	0.384578	130.281	0.799646	495.756	1	1	1	1	1	1	1	0
17.08.2015 23:25:34.287000	-0.0600001	-0.0641925	-0.0680448	128.297	674.883	-0.00108507	7	4	4	4	0.399466	375	62.2271	0	0	0	0.384259	130.259	0.812952	495.624	1	1	1	1	1	1	1	0
17.08.2015 23:25:34.387000	-0.0600001	-0.0641925	-0.0680448	128.294	674.883	-0.00144676	7	4	4	4	0.38922	375	62.2271	0	0	0	0.384664	130.243	0.82223	495.526	1	1	1	1	1	1	1	0
17.08.2015 23:25:34.487000	-0.0600001	-0.0641925	-0.0680448	128.297	674.883	0.000542535	7	4	4	4	0.395131	375	62.2271	0	0	0	0.383507	130.226	0.829859	495.431	1	1	1	1	1	1	1	0
17.08.2015 23:25:34.587000	-0.0600001	-0.0641925	-0.0680448	128.297	674.883	-0.00108507	7	4	4	4	0.390886	375	62.2271	0	0	0	0.382928	130.201	0.845424	495.277	1	1	1	1	1	1	1	0
17.08.2015 23:25:34.687000	-0.0600001	-0.0641925	-0.0680448	128.297	674.898	-0.00108507	7	4	4	4	0.39348	375	62.2271	0	0	0	0.382378	130.177	0.851283	495.164	1	1	1	1	1	1	1	0
17.08.2015 23:25:34.787000	-0.0600001	-0.0641925	-0.0680448	128.297	674.906	-0.00180845	7	4	4	4	0.382506	375	62.2271	0	0	0	0.382494	130.158	0.85519	495.076	1	1	1	1	1	1	1	0
17.08.2015 23:25:34.887000	-0.0600001	-0.0641925	-0.0680448	128.297	674.914	-0.0016276	7	4	4	4	0.404316	375	62.2271	0	0	0	0.382292	130.14	0.85757	494.997	1	1	1	1	1	1	1	0
17.08.2015 23:25:34.987000	-0.0600001	-0.0641925	-0.0680448	128.297	674.917	0.00217014	7	4	4	4	0.413314	375	62.2271	0	0	0	0.382928	130.123	0.865383	494.903	1	1	1	1	1	1	1	0
17.08.2015 23:25:35.087000	-0.0600001	-0.0641925	-0.0680448	128.297	674.922	0.00108507	7	4	4	4	0.400424	375	62.2271	0	0	0	0.383275	130.103	0.868007	494.816	1	1	1	1	1	1	1	0
17.08.2015 23:25:35.187000	-0.0600001	-0.0641925	-0.0680448	128.292	674.924	0.00072338	7	4	4	4	0.408465	375	62.2271	0	0	0	0.382465	130.08	0.873745	494.704	1	1	1	1	1	1	1	0
17.08.2015 23:25:35.287000	-0.0600001	-0.0641925	-0.0680448	128.293	674.945	0.00108507	7	4	4	4	0.35747	375	62.2271	0	0	0	0.382234	130.06	0.883328	494.592	1	1	1	1	1	1	1	0
17.08.2015 23:25:35.387000	-0.0600001	-0.0641925	-0.0680448	128.26	674.94	0.00036169	7	4	4	4	0.297032	375	62.2271	0	0	0	0.381481	130.048	0.88345	494.545	1	1	1	1	1	1	1	0
17.08.2015 23:25:35.487000	-0.0600001	-0.0641925	-0.0680448	128.195	674.969	0.00108507	7	4	4	4	0.315744	375	62.2271	0	0	0	0.3818	130.031	0.881497	494.487	1	1	1	1	1	1	1	0
17.08.2015 23:25:35.587000	-0.0600001	-0.0641925	-0.0680448	128.177	674.951	-0.00108507	7	4	4	4	0.302684	375	62.2271	0	0	0	0.380758	130.01	0.880703	494.408	1	1	1	1	1	1	1	0
17.08.2015 23:25:35.687000	-0.0600001	-0.0641925	-0.0680448	128.168	674.953	-0.00108507	7	4	4	4	0.334326	375	62.2271	0	0	0	0.380353	129.991	0.881497	494.335	1	1	1	1	1	1	1	0
17.08.2015 23:25:35.787000	-0.0600001	-0.0641925	-0.0680448	128.161	674.945	-0.00108507	7	4	4	4	0.306583	375	62.2271	0	0	0	0.374971	129.969	0.88345	494.242	1	1	1	1	1	1	1	0
17.08.2015 23:25:35.887000	-0.0600001	-0.0641925	-0.0680448	128.164	674.945	-0.00108507	7	4	4	4	0.312522	375	62.2271	0	0	0	0.367072	129.949	0.884854	494.162	1	1	1	1	1	1	1	0
17.08.2015 23:25:35.987000	-0.0600001	-0.0641925	-0.0680448	128.159	674.948	-0.00036169	7	4	4	4	0.313347	375	62.2271	0	0	0	0.354919	129.932	0.896146	494.054	1	1	1	1	1	1	1	0
17.08.2015 23:25:36.087000	-0.0600001	-0.0641925	-0.0680448	128.156	675.047	-0.0016276	7	4	4	4	0.376253	375	62.2271	0	0	0	0.341522	129.913	0.891995	493.994	1	1	1	1	1	1	1	0
17.08.2015 23:25:36.187000	-0.0600001	-0.0641925	-0.0680448	128.148	674.979	-0.00144676	7	4	4	4	0.337794	375	62.2271	0	0	0	0.333825	129.892	0.889676	493.925	1	1	1	1	1	1	1	0
17.08.2015 23:25:36.287000	-0.0600001	-0.0641925	-0.0680448	128.156	674.969	-0.0016276	7	4	4	4	0.330069	375	62.2271	0	0	0	0.326968	129.869	0.883633	493.861	1	1	1	1	1	1	1	0
17.08.2015 23:25:36.387000	-0.0600001	-0.0641925	-0.0680448	128.156	674.99	-0.00072338	7	4	4	4	0.32379	375	62.2271	0	0	0	0.330556	129.89	0.881863	493.947	1	1	1	1	1	1	1	0
17.08.2015 23:25:36.487000	-0.0600001	-0.0641925	-0.0680448	128.156	675.012	-0.00108507	7	4	4	4	0.297097	375	62.2271	0	0	0	0.336082	129.833	0.881863	493.73	1	1	1	1	1	1	1	0
17.08.2015 23:25:36.587000	-0.0600001	-0.0641925	-0.0680448	128.151	674.995	-0.00144676	7	4	4	4	0.325039	375	62.2271	0	0	0	0.343374	129.817	0.882778	493.664	1	1	1	1	1	1	1	0
17.08.2015 23:25:36.687000	-0.0600001	-0.0641925	-0.0680448	128.148	674.98	-0.0016276	7	4	4	4	0.31044	375	62.2271	0	0	0	0.346499	129.799	0.883145	493.592	1	1	1	1	1	1	1	0
17.08.2015 23:25:36.787000	-0.0600001	-0.0641925	-0.0680448	128.148	674.984	-0.00180845	7	4	4	4	0.29382	375	62.2271	0	0	0	0.351707	129.779	0.88522	493.507	1	1	1	1	1	1	1	0
17.08.2015 23:25:36.887000	-0.0600001	-0.0641925	-0.0680448	128.156	674.984	-0.0016276	7	4	4	4	0.295129	375	62.2271	0	0	0	0.354948	129.757	0.884121	493.428	1	1	1	1	1	1	1	0
17.08.2015 23:25:36.987000	-0.0600001	-0.0641925	-0.0680448	128.154	674.977	-0.00108507	7	4	4	4	0.300598	375	62.2271	0	0	0	0.358247	129.741	0.885342	493.364	1	1	1	1	1	1	1	0
17.08.2015 23:25:37.087000	-0.0600001	-0.0641925	-0.0680448	128.152	674.98	-0.00108507	7	4	4	4	0.308745	375	62.2271	0	0	0	0.360098	129.723	0.887844	493.282	1	1	1	1	1	1	1	0
17.08.2015 23:25:37.187000	-0.0600001	-0.0641925	-0.0680448	128.156	674.979	-0.00108507	7	4	4	4	0.314712	375	62.2271	0	0	0	0.362876	129.703	0.888577	493.203	1	1	1	1	1	1	1	0
17.08.2015 23:25:37.287000	-0.0600001	-0.0641925	-0.0680448	128.16	674.984	-0.00108507	7	4	4	4	0.302102	375	62.2271	0	0	0	0.364038	129.687	0.897077	493.112	1	1	1	1	1	1	1	0
