Time	[76:0]	[76:1]	[76:2]	[76:4]	[76:8]	[76:70]	[76:71]	[78:0]	[78:1]	[78:2]	[79:2]	[79:3]	[79:4]	[79:8]	[79:9]	[79:10]	[79:11]	[79:12]	[79:13]	[79:14]	[79.0]	[79.1]	[79.2]	[79.3]	[79.4]	[79.5]	[79.6]	[79.8]
time	Hoogteverstelling - Referentie positie (mm)	Hoogteverstelling - AZ gemeten positie (mm)	Hoogteverstelling - BZ gemeten positie (mm)	Transfert Ingang - Gemeten positie (mm)	Transfert Uitgang - Gemeten positie (mm)	Aardgas - actueel debiet	Stappenschakelaar - gemeten pos	Laspos Ing - positie discreet	Laspos Uitg - positie discreet	Schaafverstelling - positie discreet	Stuikraam - Totale Stroommeting RMS-waarde (A)	Stuikraam - Stroomreferentie (A)	Stuikraam - Positie AZ (mm, pulsgever)	Stuikraam - Referentie Servo-ventiel (%)	Stuikraam - Trim door I-regelaar (%)	Stuikraam - Gemeten snelheid (mm/s, pulsgever)	Secundaire lasspanning	Stuikraam - Druk stuikcilinder voorkamer (=laszijde)  (bar)	Stuikraam - Druk stuikcilinder terugloopkamer  (bar)	Stuikraam - Netto voorwaartse kracht op stuikraam (kN)	Stuikraam - P1	Stuikraam - P2	Stuikraam - P3	Stuikraam - P4	Stuikraam - P5	Stuikraam - P6	Stuikraam - P7	Stuikraam - Openen stuikventielen	

Lasparameter.Ingang - Coil ID	0344326S
Lasparameter.Ingang - Dikte (um)	3880
Lasparameter.Ingang - Breedte (mm)	1335
Lasparameter.Ingang - Materiaal	0001
Lasparameter.Uitgang - Coil ID	0344325S
Lasparameter.Uitgang - Dikte (um)	3860
Lasparameter.Uitgang - Breedte (mm)	1338
Lasparameter.Uitgang - Materiaal	0001
Lasparameter.P2 (mm)	24.0
Lasparameter.P3 (mm)	34.0
Lasparameter.P4 (mm)	42.2
Lasparameter.P5 (mm)	51.2
Lasparameter.P6 (mm)	58.1
Lasparameter.P7 (mm)	62.2
Lasparameter.Vonksnelheid (mm/s)	1.20
Lasparameter.Lassnelheid (mm/s)	0.48
Lasparameter.Stroom Referentie (A)	0369
Lasparameter.Stroomtoename (µA/s2)	45.2
Lasparameter.Stuikstroomtijd (per)	0008
Lasparameter.Afkoeltijd Stuik (per)	0010
Lasparameter.Stuikdruk (bar)	0105
Lasparameter.Stuiksnelheid (%)	90.0

30.08.2015 11:00:50.847000	-0.0100001	0	-0.00424057	0.0078125	-0.00390625	0.000542535	5	4	4	4	0.267179	369	0	0	0	0	0.326685	5.27506	123.228	-451.619	1	0	0	0	0	0	0	0
30.08.2015 11:00:50.947000	-0.0100001	0	-0.00424057	0.0117188	0	0.000542535	5	4	4	4	0.2492	369	0	0	0	0	0.325137	6.78079	123.286	-446.074	1	0	0	0	0	0	0	0
30.08.2015 11:00:51.047000	-0.0100001	0	-0.00424057	0.00520833	-0.00260417	0.00072338	5	4	4	4	0.261589	369	0	0	0	0	0.324081	2.9863	123.134	-460.023	1	0	0	0	0	0	0	0
30.08.2015 11:00:51.147000	-0.0100001	0	-0.00424057	0.0078125	0	0.000542535	5	4	4	4	0.246934	369	0	0	0	0	0.323206	4.68557	123.153	-453.587	1	0	0	0	0	0	0	0
30.08.2015 11:00:51.247000	-0.0100001	0	-0.00424057	0.00260417	0.00520833	0.00036169	5	4	4	4	0.251552	369	0	0	0	0	0.322099	4.11725	123.112	-455.606	1	0	0	0	0	0	0	0
30.08.2015 11:00:51.347000	-0.0100001	0	-0.00424057	0.0078125	0.0117188	0.00108507	5	4	4	4	0.260154	369	0	0	0	0	0.32181	7.07346	123.192	-444.593	1	0	0	0	0	0	0	0
30.08.2015 11:00:51.447000	-0.0100001	0	-0.00424057	0	0.00520833	0.00108507	5	4	4	4	0.244185	369	0	0	0	0	0.320363	5.70013	123.152	-449.701	1	0	0	0	0	0	0	0
30.08.2015 11:00:51.547000	-0.0100001	0	-0.00424057	0	0.0390625	0.00108507	5	4	4	4	0.250849	369	0	0	0	0	0.320652	2.4687	122.971	-461.38	1	0	0	0	0	0	0	0
30.08.2015 11:00:51.647000	-0.0100001	0	-0.00424057	0.00520833	0.0234375	0.00108507	5	4	4	4	0.267132	369	0	0	0	0	0.319444	2.61892	122.955	-460.742	1	0	0	0	0	0	0	0
30.08.2015 11:00:51.747000	-0.0100001	0	-0.00424057	0	-0.0429688	0.000542535	5	4	4	4	0.267882	369	0	0	0	0	0.319929	4.23963	122.973	-454.606	1	0	0	0	0	0	0	0
30.08.2015 11:00:51.847000	-0.0100001	0	-0.00424057	0.00520833	0.015625	0.00253183	5	4	4	4	0.257255	369	0	0	0	0	0.319249	5.89373	123.04	-448.53	1	0	0	0	0	0	0	0
30.08.2015 11:00:51.947000	-0.0100001	0	-0.00424057	0.00390625	-0.0273438	0.00108507	5	4	4	4	0.259401	369	0	0	0	0	0.319061	5.54888	123.04	-449.852	1	0	0	0	0	0	0	0
30.08.2015 11:00:52.047000	-0.0100001	0	-0.00424057	0	-0.00520833	0.00144676	5	4	4	4	0.248078	369	0	0	0	0	0.318721	5.8985	122.994	-448.337	1	0	0	0	0	0	0	0
30.08.2015 11:00:52.147000	-0.0100001	0	-0.00424057	0.00390625	-0.0195313	0	5	4	4	4	0.255978	369	0	0	0	0	0.319878	6.48701	122.985	-446.048	1	0	0	0	0	0	0	0
30.08.2015 11:00:52.247000	-0.0100001	0	-0.00424057	0.0130208	-0.0286458	0.00036169	5	4	4	4	0.261716	369	0	0	0	0	0.320305	7.80059	123.027	-441.178	1	0	0	0	0	0	0	0
30.08.2015 11:00:52.347000	-0.0100001	0	-0.00424057	0.015625	-0.03125	0	5	4	4	4	0.262316	369	0	0	0	0	0.323481	5.95202	122.938	-447.915	1	0	0	0	0	0	0	0
30.08.2015 11:00:52.447000	-0.0100001	0	-0.00424057	0.00260417	-0.0338542	0.00072338	5	4	4	4	0.28119	369	0	0	0	0	0.327344	5.35478	122.884	-449.995	1	0	0	0	0	0	0	0
30.08.2015 11:00:52.547000	-0.0100001	0	-0.00424057	0	-0.0234375	0.000542535	5	4	4	4	0.287817	369	0	0	0	0	0.328892	2.79696	122.72	-459.161	1	0	0	0	0	0	0	0
30.08.2015 11:00:52.647000	-0.0100001	0	-0.00424057	0.0364583	0.0260417	0.00036169	5	4	4	4	0.282626	369	0	0	0	0	0.330917	2.5074	122.669	-460.074	1	0	0	0	0	0	0	0
30.08.2015 11:00:52.747000	-0.0100001	0	-0.00424057	0.246094	-0.046875	0.00108507	5	4	4	4	0.276017	369	0	0	0	0	0.332458	2.824	122.644	-458.768	1	0	0	0	0	0	0	0
30.08.2015 11:00:52.847000	-0.0100001	0	-0.00424057	1.00521	-0.367188	0.00144676	5	4	4	4	0.274621	369	0	0	0	0	0.334245	3.78253	122.646	-455.103	1	0	0	0	0	0	0	0
30.08.2015 11:00:52.947000	-0.0100001	0	-0.00424057	7.37109	-1.23438	0	5	4	4	4	0.260103	369	0	0	0	0	0.336936	6.10907	122.71	-446.442	1	0	0	0	0	0	0	0
30.08.2015 11:00:53.047000	-0.0100001	0	-0.00424057	28.8203	-10.263	0.00072338	5	4	4	4	0.276679	369	0	0	0	0	0.34056	4.74593	122.668	-451.498	1	0	0	0	0	0	0	0
30.08.2015 11:00:53.147000	-0.0100001	0	-0.00424057	50.707	-28.8008	0.00108507	5	4	4	4	0.251195	369	0	0	0	0	0.34239	4.25581	122.627	-453.219	1	0	0	0	0	0	0	0
30.08.2015 11:00:53.247000	-0.0100001	0	-0.00424057	74.4583	-49.6406	0.00072338	5	4	4	4	0.263234	369	0	0	0	0	0.345095	5.81591	122.641	-447.299	1	0	0	0	0	0	0	0
30.08.2015 11:00:53.347000	-0.0100001	0	-0.00424057	102.922	-73.4297	0.000542535	5	4	4	4	0.250891	369	0	0	0	0	0.347692	4.25062	122.576	-453.046	1	0	0	0	0	0	0	0
30.08.2015 11:00:53.447000	-0.0100001	0	-0.00424057	151.25	-115.24	0.00072338	5	4	4	4	0.266251	369	0	0	0	0	0.350159	4.87832	122.563	-450.59	1	0	0	0	0	0	0	0
30.08.2015 11:00:53.547000	-0.0100001	0	-0.00424057	190.52	-149.484	0.00108507	5	4	4	4	0.253745	369	0	0	0	0	0.352373	5.40867	122.547	-448.499	1	0	0	0	0	0	0	0
30.08.2015 11:00:53.647000	-0.0100001	0	-0.00424057	231.854	-186.958	0.00036169	5	4	4	4	0.249027	369	0	0	0	0	0.354499	4.65786	122.509	-451.227	1	0	0	0	0	0	0	0
30.08.2015 11:00:53.747000	-0.0100001	0	-0.00424057	273.52	-226.391	0.000542535	5	4	4	4	0.248126	369	0	0	0	0	0.35604	5.04056	122.492	-449.697	1	0	0	0	0	0	0	0
30.08.2015 11:00:53.847000	-0.0100001	0	-0.00424057	331.414	-282.284	0.00180845	5	4	4	4	0.233625	369	0	0	0	0	0.35735	5.04825	122.464	-449.563	1	0	0	0	0	0	0	0
30.08.2015 11:00:53.947000	-0.0100001	0	-0.00424057	373.117	-322.32	0	5	4	4	4	0.262625	369	0	0	0	0	0.359845	4.80551	122.431	-450.363	1	0	0	0	0	0	0	0
30.08.2015 11:00:54.047000	-0.0100001	0	-0.00424057	414.201	-362.172	-0.00036169	5	4	4	4	0.253579	369	0	0	0	0	0.361972	4.72597	122.408	-450.58	1	0	0	0	0	0	0	0
30.08.2015 11:00:54.147000	-0.0100001	0	-0.00424057	456.66	-410.559	0	5	4	4	4	0.265541	369	0	0	0	0	0.364193	4.7272	122.379	-450.467	1	0	0	0	0	0	0	0
30.08.2015 11:00:54.247000	-0.0100001	0	-0.00424057	485.206	-458.599	0.00217014	5	4	4	4	0.260974	369	0	0	0	0	0.364583	4.65584	122.35	-450.629	1	0	0	0	0	0	0	0
30.08.2015 11:00:54.347000	-0.0100001	0	-0.00424057	501.242	-498.844	0.00217014	5	4	4	4	0.253015	369	0	0	0	0	0.366218	4.74837	122.329	-450.193	1	0	0	0	0	0	0	0
30.08.2015 11:00:54.447000	-0.0100001	0	-0.00424057	515.523	-538.841	0.00325521	5	4	4	4	0.245553	369	0	0	0	0	0.367036	4.54964	122.298	-450.834	1	0	0	0	0	0	0	0
30.08.2015 11:00:54.547000	-0.0100001	0	-0.00424057	537.352	-587.305	0.00271267	5	4	4	4	0.245372	369	0	0	0	0	0.3682	4.38746	122.27	-451.347	1	0	0	0	0	0	0	0
30.08.2015 11:00:54.647000	-0.0100001	0	-0.00424057	552.602	-613.156	0.00217014	5	4	4	4	0.248451	369	0	0	0	0	0.368678	4.34877	122.244	-451.396	1	0	0	0	0	0	0	0
30.08.2015 11:00:54.747000	-0.0100001	0	-0.00424057	568	-633.414	0.0016276	5	4	4	4	0.235225	369	0	0	0	0	0.369647	4.47194	122.217	-450.821	1	0	0	0	0	0	0	0
30.08.2015 11:00:54.847000	-0.0100001	0	-0.00424057	585.339	-650.164	0.00072338	5	4	4	4	0.24548	369	0	0	0	0	0.370124	4.24024	122.187	-451.594	1	0	0	0	0	0	0	0
30.08.2015 11:00:54.947000	-0.0100001	0	-0.00424057	603.703	-663.805	0.00108507	5	4	4	4	0.256937	369	0	0	0	0	0.369842	4.31336	122.165	-451.23	1	0	0	0	0	0	0	0
30.08.2015 11:00:55.047000	-0.0100001	0	-0.00424057	618.206	-669.37	0.00108507	5	4	4	4	0.231904	369	0	0	0	0	0.370609	4.41737	122.14	-450.738	1	0	0	0	0	0	0	0
30.08.2015 11:00:55.147000	-0.0100001	0	-0.00424057	632.551	-671.723	0.00108507	5	4	4	4	0.242927	369	0	0	0	0	0.371188	4.45418	122.116	-450.504	1	0	0	0	0	0	0	0
30.08.2015 11:00:55.247000	-0.0100001	0	-0.00424057	647.974	-671.87	0.00036169	5	4	4	4	0.239655	369	0	0	0	0	0.371817	4.42494	122.091	-450.521	1	0	0	0	0	0	0	0
30.08.2015 11:00:55.347000	-0.0100001	0	-0.00424057	664.359	-671.875	0.00108507	5	4	4	4	0.246987	369	0	0	0	0	0.371238	4.48109	122.066	-450.211	1	0	0	0	0	0	0	0
30.08.2015 11:00:55.447000	-0.0100001	0	-0.00424057	676.188	-671.875	0.00072338	5	4	4	4	0.241421	369	0	0	0	0	0.372345	4.95035	122.099	-448.538	1	0	0	0	0	0	0	0
30.08.2015 11:00:55.547000	-0.0100001	0	-0.00424057	687.512	-671.875	0.000542535	5	4	4	4	0.236489	369	0	0	0	0	0.371672	5.12516	122.26	-448.485	1	0	0	0	0	0	0	0
30.08.2015 11:00:55.647000	-0.0100001	0	-0.00424057	699.003	-671.878	0.00036169	5	4	4	4	0.259242	369	0	0	0	0	0.372541	4.35151	122.413	-452.034	1	0	0	0	0	0	0	0
30.08.2015 11:00:55.747000	-0.0100001	0	-0.00424057	706.559	-671.883	-0.0016276	5	4	4	4	0.284009	369	0	0	0	0	0.372635	4.20203	122.636	-453.46	1	0	0	0	0	0	0	0
30.08.2015 11:00:55.847000	-0.0100001	0	-0.00424057	709.698	-671.885	-0.00108507	5	4	4	4	0.263883	369	0	0	0	0	0.373264	4.6418	124.145	-457.553	1	0	0	0	0	0	0	0
30.08.2015 11:00:55.947000	-0.0100001	0	-0.00424057	710.539	-671.883	0	5	4	4	4	0.285276	369	0	0	0	0	0.374031	4.53175	124.529	-459.447	1	0	0	0	0	0	0	0
30.08.2015 11:00:56.047000	-0.0100001	0	-0.00424057	711.102	-671.885	0.00108507	5	4	4	4	0.281262	369	0	0	0	0	0.374472	4.3448	124.546	-460.227	1	0	0	0	0	0	0	0
30.08.2015 11:00:56.147000	-0.0100001	0	-0.00424057	711.102	-671.891	0.00434028	5	4	4	4	0.263569	369	0	0	0	0	0.375043	4.75436	124.823	-459.717	1	0	0	0	0	0	0	0
30.08.2015 11:00:56.247000	-0.0100001	0	-0.00424057	711.102	-671.891	0.00036169	5	4	4	4	0.260398	369	0	0	0	0	0.375145	5.13022	125.268	-459.984	1	0	0	0	0	0	0	0
30.08.2015 11:00:56.347000	-0.0100001	0	-0.00424057	711.102	-671.891	0.000542535	5	4	4	4	0.258641	369	0	0	0	0	0.376013	4.42555	125.512	-463.617	1	0	0	0	0	0	0	0
30.08.2015 11:00:56.447000	-0.0100001	0	-0.00424057	711.104	-671.891	0.00036169	5	4	4	4	0.242213	369	0	0	0	0	0.375434	4.04767	125.803	-466.177	1	0	0	0	0	0	0	0
30.08.2015 11:00:56.547000	-0.0100001	0	-0.00424057	711.109	-671.891	0.00108507	5	4	4	4	0.230619	369	0	0	0	0	0.376114	4.27186	126.055	-466.284	1	0	0	0	0	0	0	0
30.08.2015 11:00:56.647000	-0.0100001	0	-0.00424057	711.107	-671.891	0.00072338	5	4	4	4	0.255534	369	0	0	0	0	0.37322	4.42488	126.269	-466.518	1	0	0	0	0	0	0	0
30.08.2015 11:00:56.747000	-0.0100001	0	-0.00424057	711.109	-671.891	0.00217014	5	4	4	4	0.249214	369	0	0	0	0	0.369473	4.29511	126.522	-467.983	1	0	0	0	0	0	0	0
30.08.2015 11:00:56.847000	-0.0100001	0	-0.00424057	711.109	-671.891	0.00253183	5	4	4	4	0.252512	369	0	0	0	0	0.366225	4.40077	126.763	-468.502	1	0	0	0	0	0	0	0
30.08.2015 11:00:56.947000	-0.0100001	0	-0.00424057	711.109	-671.891	0.00271267	5	4	4	4	0.269429	369	0	0	0	0	0.364308	4.51674	126.814	-468.252	1	0	0	0	0	0	0	0
30.08.2015 11:00:57.047000	-0.0100001	0	-0.00424057	711.109	-671.896	0.00108507	5	4	4	4	0.267742	369	0	0	0	0	0.361451	4.49458	126.995	-469.031	1	0	0	0	0	0	0	0
30.08.2015 11:00:57.147000	-0.0100001	0	-0.00424057	711.109	-671.898	0.00108507	5	4	4	4	0.270207	369	0	0	0	0	0.359816	4.40101	127.661	-471.938	1	0	0	0	0	0	0	0
30.08.2015 11:00:57.247000	-0.0100001	0	-0.00424057	711.109	-671.898	0.00108507	5	4	4	4	0.272967	369	0	0	0	0	0.358507	4.3271	127.671	-472.26	1	0	0	0	0	0	0	0
30.08.2015 11:00:57.347000	-0.0100001	0	-0.00424057	711.109	-671.895	0.00108507	5	4	4	4	0.264195	369	0	0	0	0	0.356684	4.28816	127.712	-472.565	1	0	0	0	0	0	0	0
30.08.2015 11:00:57.447000	-0.0100001	0	-0.00424057	711.109	-671.898	0.00108507	5	4	4	4	0.263168	369	0	0	0	0	0.355664	4.70051	127.805	-471.343	1	0	0	0	0	0	0	0
30.08.2015 11:00:57.547000	-0.0100001	0	-0.00424057	711.109	-671.895	0.00108507	5	4	4	4	0.253112	369	0	0	0	0	0.353451	4.48064	128.012	-472.981	1	0	0	0	0	0	0	0
30.08.2015 11:00:57.647000	-0.0100001	0	-0.00424057	711.109	-671.898	0.00072338	5	4	4	4	0.243914	369	0	0	0	0	0.352763	4.42134	128.295	-474.287	1	0	0	0	0	0	0	0
30.08.2015 11:00:57.747000	-0.0100001	0	-0.00424057	711.109	-671.898	0.00108507	5	4	4	4	0.262184	369	0	0	0	0	0.351027	4.57131	128.484	-474.438	1	0	0	0	0	0	0	0
30.08.2015 11:00:57.847000	-0.0100001	0	-0.00424057	711.109	-671.898	0.00108507	5	4	4	4	0.272854	369	0	0	0	0	0.350246	4.50691	128.606	-475.151	1	0	0	0	0	0	0	0
30.08.2015 11:00:57.947000	-0.0100001	0	-0.00424057	711.109	-671.898	0.000542535	5	4	4	4	0.262291	369	0	0	0	0	0.349494	4.46297	128.695	-475.659	1	0	0	0	0	0	0	0
30.08.2015 11:00:58.047000	-0.0100001	0	-0.00424057	711.109	-671.898	0.00253183	5	4	4	4	0.26255	369	0	0	0	0	0.349378	4.23743	128.81	-476.964	1	0	0	0	0	0	0	0
30.08.2015 11:00:58.147000	-0.0100001	0	-0.00424057	711.121	-671.898	0.00108507	5	4	4	4	0.247676	369	0	0	0	0	0.348727	3.93487	129.007	-478.878	1	0	0	0	0	0	0	0
30.08.2015 11:00:58.247000	-0.0100001	0	-0.00424057	711.125	-671.898	-0.00036169	5	4	4	4	0.269013	369	0	0	0	0	0.348322	4.4814	127.769	-472.043	1	0	0	0	0	0	0	0
30.08.2015 11:00:58.347000	-0.0100001	0	-0.00424057	711.125	-671.902	0.000542535	5	4	4	4	0.259638	369	0	0	0	0	0.348047	4.96646	128.564	-473.23	1	0	0	0	0	0	0	0
30.08.2015 11:00:58.447000	-0.0100001	0	-0.00424057	711.133	-671.901	0.00108507	5	4	4	4	0.278532	369	0	0	0	0	0.347352	5.32597	129.772	-476.479	1	0	0	0	0	0	0	0
30.08.2015 11:00:58.547000	-0.0100001	0	-0.00424057	711.133	-671.895	0.000542535	5	4	4	4	0.259682	369	0	0	0	0	0.347078	4.69185	129.814	-479.069	1	0	0	0	0	0	0	0
30.08.2015 11:00:58.647000	-0.0100001	0	-0.00424057	711.133	-671.898	0.00180845	5	4	4	4	0.271708	369	0	0	0	0	0.345964	4.68026	128.957	-475.831	1	0	0	0	0	0	0	0
30.08.2015 11:00:58.747000	-0.0100001	0	-0.00424057	711.133	-671.898	0	5	4	4	4	0.252754	369	0	0	0	0	0.346745	5.22758	128.444	-471.771	1	0	0	0	0	0	0	0
30.08.2015 11:00:58.847000	-0.0100001	0	-0.00424057	711.133	-671.898	0.00072338	5	4	4	4	0.248934	369	0	0	0	0	0.345964	4.92447	128.246	-472.172	1	0	0	0	0	0	0	0
30.08.2015 11:00:58.947000	-0.0100001	0	-0.00424057	711.133	-671.898	0.000542535	5	4	4	4	0.247776	369	0	0	0	0	0.346542	4.84841	128.39	-473.016	1	0	0	0	0	0	0	0
30.08.2015 11:00:59.047000	-0.0100001	0	-0.00424057	711.135	-671.898	0.00108507	5	4	4	4	0.259174	369	0	0	0	0	0.345587	5.08176	128.496	-472.527	1	0	0	0	0	0	0	0
30.08.2015 11:00:59.147000	-0.0100001	0	-0.00424057	711.133	-671.898	0.000542535	5	4	4	4	0.256647	369	0	0	0	0	0.346542	4.92599	128.456	-472.972	1	0	0	0	0	0	0	0
30.08.2015 11:00:59.247000	-0.0100001	0	-0.00424057	711.133	-671.898	0.00072338	5	4	4	4	0.289872	369	0	0	0	0	0.345833	4.85806	128.185	-472.195	1	0	0	0	0	0	0	0
30.08.2015 11:00:59.347000	-0.0100001	0	-0.00424057	711.141	-671.898	0.000542535	5	4	4	4	0.294996	369	0	0	0	0	0.346007	4.71236	128.016	-472.107	1	0	0	0	0	0	0	0
30.08.2015 11:00:59.447000	-0.0100001	0	-0.00424057	711.141	-671.898	0.00036169	5	4	4	4	0.298205	369	0	0	0	0	0.345833	4.26722	127.93	-473.48	1	0	0	0	0	0	0	0
30.08.2015 11:00:59.547000	-0.0100001	0	-0.00424057	711.141	-671.898	0.000542535	5	4	4	4	0.296304	369	0	0	0	0	0.345819	12.2237	118.942	-408.605	1	0	0	0	0	0	0	0
30.08.2015 11:00:59.647000	-0.0100001	0	-0.00424057	710.909	-671.898	0.00072338	5	4	4	4	0.279381	369	0.159671	0	0	2.33187	0.346311	82.6444	97.4837	-56.817	1	0	0	0	0	0	0	0
30.08.2015 11:00:59.747000	-0.0100001	0	-0.00424057	708.238	-671.898	0.000542535	5	4	4	4	0.261757	369	2.31897	0	0	31.8573	0.346108	111.932	82.9149	111.1	1	0	0	0	0	0	0	0
30.08.2015 11:00:59.847000	-0.0100001	0	-0.00424057	696.531	-671.898	0.00072338	5	4	4	4	0.271547	369	5.79841	0	0	35.3296	0.346021	109.414	83.2188	100.296	1	0	0	0	0	0	0	0
30.08.2015 11:00:59.947000	-0.0100001	0	-0.00424057	681.102	-671.898	-0.00271267	5	4	4	4	0.26417	369	9.35794	0	0	36.3642	0.344951	111.291	84.8465	101.252	1	0	0	0	0	0	0	0
30.08.2015 11:01:00.047000	-0.0100001	0	-0.00424057	655.253	-671.901	0.00217014	5	4	4	4	0.276042	369	12.9782	0	0	36.1854	0.346065	115.248	89.0397	100.345	1	0	0	0	0	0	0	0
30.08.2015 11:01:00.147000	-0.0100001	0	-0.00424057	627.227	-671.906	0.00108507	5	4	4	4	0.277827	369	16.572	0	0	35.7109	0.345197	118.144	92.6634	97.5619	1	0	0	0	0	0	0	0
30.08.2015 11:01:00.247000	-0.0100001	0	-0.00424057	599.266	-671.906	0.00253183	5	4	4	4	0.270021	369	20.1156	0	0	35.5292	0.345775	119.623	93.8149	98.8138	1	0	0	0	0	0	0	0
30.08.2015 11:01:00.347000	-0.0100001	0	-0.00424057	566.758	-671.906	0.00325521	5	4	4	4	0.265834	369	23.6179	7.5	0	35.024	0.345978	119.736	93.6866	99.7365	1	0.39	0	0	0	0	0	0
30.08.2015 11:01:00.447000	-0.0100001	0	-0.00424057	514.107	-671.906	0.00108507	5	4	4	4	0.270261	369	28.0106	50	0	50.0724	0.346976	108.141	82.3884	98.6023	1	1	0	0	0	0	0	0
30.08.2015 11:01:00.547000	-0.0100001	0	-0.00424057	474.469	-671.906	0.000542535	5	4	4	4	0.271494	369	31.4244	49.22	0	21.5215	0.346311	93.6224	72.0288	82.6776	1	1	0	0	0	0	0	0
30.08.2015 11:01:00.647000	-0.0100001	0	-0.00424057	436.138	-671.917	0.00072338	5	4	4	4	0.262442	369	32.7312	41.0501	0	11.7775	0.34673	65.7079	42.0624	90.5336	1	1	0	0	0	0	0	0
30.08.2015 11:01:00.747000	-0.0100001	0	-0.00424057	399.801	-671.93	0.0016276	5	4	4	4	0.261273	369	33.6315	31.0503	0	8.75168	0.346846	53.8096	29.2176	94.1578	1	1	0	0	0	0	0	0
30.08.2015 11:01:00.847000	-0.0100001	0	-0.00424057	351.857	-671.932	0.00289352	5	4	4	4	59.3066	369	34.2314	13.9856	0	6.53448	0.548611	48.118	24.0649	92.0945	1	1	1	0	0	0	0	0
30.08.2015 11:01:00.947000	-0.0100001	0	-0.00424057	319.199	-671.93	0.0016276	5	4	4	4	84.4911	369	34.4378	5.60508	0	3.26065	6.44941	46.2779	21.3152	95.5771	1	1	1	0	0	0	0	0
30.08.2015 11:01:01.047000	-0.0100001	0	-0.00424057	289.341	-671.93	0.00072338	5	4	4	4	84.6951	369	34.5726	5.60508	0	2.64534	10.6166	45.1235	19.9948	96.213	1	1	1	0	0	0	0	0
30.08.2015 11:01:01.147000	-0.0100001	0	-0.00424057	257.246	-671.93	0.00108507	5	4	4	4	84.7727	369	34.6994	5.60508	0	1.4304	11.5182	44.4321	19.1828	96.6745	1	1	1	0	0	0	0	0
30.08.2015 11:01:01.247000	-0.0100001	0	-0.00424057	230.862	-671.93	0.00072338	5	4	4	4	84.7091	369	34.8253	5.60508	0	1.2954	11.7112	43.4562	18.6492	94.9812	1	1	1	0	0	0	0	0
30.08.2015 11:01:01.347000	-0.0100001	0	-0.00424057	214.746	-671.938	0.00108507	5	4	4	4	84.8251	369	34.9526	5.60508	0	1.28272	11.7824	43.3443	18.2042	96.2565	1	1	1	0	0	0	0	0
30.08.2015 11:01:01.447000	-0.0100001	0	-0.00424057	197.966	-671.938	0.00036169	5	4	4	4	84.6895	369	35.073	5.60508	0	1.28219	11.8106	42.9977	17.8347	96.3441	1	1	1	0	0	0	0	0
30.08.2015 11:01:01.547000	-0.0100001	0	-0.00424057	173.363	-671.938	0.00108507	5	4	4	4	84.6384	369	35.1969	5.60508	0	1.25082	11.8117	42.8641	17.5893	96.772	1	1	1	0	0	0	0	0
30.08.2015 11:01:01.647000	-0.0100001	0	-0.00424057	157.036	-671.938	0.00072338	5	4	4	4	84.776	369	35.3143	5.60508	0	1.24985	11.814	42.8233	17.4359	97.2032	1	1	1	0	0	0	0	0
30.08.2015 11:01:01.747000	-0.0100001	0	-0.00424057	143.25	-671.945	0	5	4	4	4	84.7308	369	35.4341	5.60508	0	1.19727	11.8276	42.4604	17.3196	96.2593	1	1	1	0	0	0	0	0
30.08.2015 11:01:01.847000	-0.0100001	0	-0.00424057	134.563	-671.945	0.00072338	5	4	4	4	84.741	369	35.5555	5.60508	0	1.1901	11.8244	42.3453	17.2449	96.1046	1	1	1	0	0	0	0	0
30.08.2015 11:01:01.947000	-0.0100001	0	-0.00424057	128.668	-671.945	0.00108507	5	4	4	4	84.997	369	35.6709	5.60508	0	1.17723	11.829	42.3407	17.1655	96.3908	1	1	1	0	0	0	0	0
30.08.2015 11:01:02.047000	-0.0100001	0	-0.00424057	125.286	-671.945	-0.00036169	5	4	4	4	85.0854	369	35.7898	5.60508	0	1.17317	11.8399	42.2469	17.1994	95.9017	1	1	1	0	0	0	0	0
30.08.2015 11:01:02.147000	-0.0100001	0	-0.00424057	125.328	-671.949	0.00108507	5	4	4	4	85.0785	369	35.9072	5.60508	0	1.17675	11.8426	42.4102	17.1092	96.8725	1	1	1	0	0	0	0	0
30.08.2015 11:01:02.247000	-0.0100001	0	-0.00424057	127.305	-671.958	0.00289352	5	4	4	4	85.262	369	36.0236	5.60508	0	1.17867	11.8466	41.9739	17.1039	95.2221	1	1	1	0	0	0	0	0
30.08.2015 11:01:02.347000	-0.0100001	0	-0.00424057	127.387	-671.973	0.00108507	5	4	4	4	85.3217	369	36.1405	5.60508	0	1.17027	11.8493	41.9526	17.0314	95.4182	1	1	1	0	0	0	0	0
30.08.2015 11:01:02.447000	-0.0100001	0	-0.00424057	127.427	-671.977	0.00108507	5	4	4	4	85.2965	369	36.2584	5.60508	0	1.1622	11.8509	42.0458	17.0269	95.7926	1	1	1	0	0	0	0	0
30.08.2015 11:01:02.547000	-0.0100001	0	-0.00424057	127.43	-671.977	0.000542535	5	4	4	4	85.4585	369	36.3728	5.60508	0	1.1713	11.8502	42.2097	17.0185	96.4518	1	1	1	0	0	0	0	0
30.08.2015 11:01:02.647000	-0.0100001	0	-0.00424057	127.43	-671.984	0.00108507	5	4	4	4	85.5006	369	36.4951	5.60508	0	1.18439	11.8502	42.5267	17.0197	97.661	1	1	1	0	0	0	0	0
30.08.2015 11:01:02.747000	-0.0100001	0	-0.00424057	127.43	-671.984	-0.000542535	5	4	4	4	85.3286	369	36.612	5.60508	0	1.18271	11.8509	42.0975	17.0404	95.9384	1	1	1	0	0	0	0	0
30.08.2015 11:01:02.847000	-0.0100001	0	-0.00424057	127.43	-671.984	0.00072338	5	4	4	4	85.3925	369	36.7269	5.60508	0	1.17878	11.8542	42.2904	17.0477	96.6491	1	1	1	0	0	0	0	0
30.08.2015 11:01:02.947000	-0.0100001	0	-0.00424057	127.43	-671.984	0.00108507	5	4	4	4	85.3873	369	36.8488	5.60508	0	1.17777	11.8495	42.21	17.056	96.3095	1	1	1	0	0	0	0	0
30.08.2015 11:01:03.047000	-0.0100001	0	-0.00424057	127.43	-671.987	0.00108507	5	4	4	4	85.3719	369	36.9637	5.60508	0	1.17315	11.851	42.2446	17.0548	96.4465	1	1	1	0	0	0	0	0
30.08.2015 11:01:03.147000	-0.0100001	0	-0.00424057	127.43	-671.992	0.0016276	5	4	4	4	85.473	369	37.0796	5.60508	0	1.17288	11.8507	42.2603	17.0651	96.4675	1	1	1	0	0	0	0	0
30.08.2015 11:01:03.247000	-0.0100001	0	-0.00424057	127.43	-671.992	0.00108507	5	4	4	4	85.451	369	37.2	5.60508	0	1.16767	11.8582	41.8612	17.0671	94.9316	1	1	1	0	0	0	0	0
30.08.2015 11:01:03.347000	-0.0100001	0	-0.00424057	127.43	-671.996	0.000542535	5	4	4	4	85.3923	369	37.3139	5.60508	0	1.16767	11.853	42.2318	17.0688	96.3441	1	1	1	0	0	0	0	0
30.08.2015 11:01:03.447000	-0.0100001	0	-0.00424057	127.43	-671.992	0.00144676	5	4	4	4	85.4734	369	37.4357	5.60508	0	1.18912	11.8514	42.2183	17.0865	96.2247	1	1	1	0	0	0	0	0
30.08.2015 11:01:03.547000	-0.0100001	0	-0.00424057	127.434	-672	-0.00217014	5	4	4	4	85.4665	369	37.5521	5.60508	0	1.19001	11.8569	42.1204	17.0863	95.8505	1	1	1	0	0	0	0	0
30.08.2015 11:01:03.647000	-0.0100001	0	-0.00424057	127.43	-672	-0.00108507	5	4	4	4	85.3969	369	37.668	5.60508	0	1.18509	11.8544	42.3465	17.1084	96.6315	1	1	1	0	0	0	0	0
30.08.2015 11:01:03.747000	-0.0100001	0	-0.00424057	127.434	-672	-0.00217014	5	4	4	4	112.013	369	37.7899	5.60508	0	1.18429	11.8572	42.4139	17.1082	96.8903	1	1	1	0	0	0	0	0
30.08.2015 11:01:03.847000	-0.0100001	0	-0.00424057	127.43	-672	-0.00289352	5	4	4	4	138.305	369	37.9048	5.60508	0	1.17215	11.851	42.2631	17.1394	96.1938	1	1	1	0	0	0	0	0
30.08.2015 11:01:03.947000	-0.0100001	0	-0.00424057	127.43	-672	-0.00542535	5	4	4	4	255.559	369	38.0257	5.60508	0	1.16767	11.6856	42.6058	17.1747	97.3705	1	1	1	0	0	0	0	0
30.08.2015 11:01:04.047000	-0.0100001	0	-0.00424057	127.43	-672	-0.00470197	5	4	4	4	332.238	369	38.1466	5.60508	0	1.18199	11.1988	42.6479	17.1839	97.4965	1	1	1	0	0	0	0	0
30.08.2015 11:01:04.147000	-0.0100001	0	-0.00424057	127.43	-672	0.0141059	5	4	4	4	722.578	369	38.2625	5.60508	0	1.19005	11.0731	42.3709	17.1667	96.5016	1	1	1	0	0	0	0	0
30.08.2015 11:01:04.247000	-0.0100001	0	-0.00424057	127.43	-672	10.6467	5	4	4	4	386.719	369	38.3838	5.60508	0	1.19007	10.8284	42.3936	17.2013	96.4563	1	1	1	0	0	0	0	0
30.08.2015 11:01:04.347000	-0.0100001	0	-0.00424057	127.43	-672	19.4461	5	4	4	4	523.146	369	38.4992	5.60508	0	1.19009	10.8579	42.5549	17.1897	97.1181	1	1	1	0	0	0	0	0
30.08.2015 11:01:04.447000	-0.0100001	0	-0.00424057	127.43	-672.003	25.9368	5	4	4	4	516.36	369	38.6196	5.60508	0	1.19552	10.7679	42.6848	17.1947	97.5965	1	1	1	0	0	0	0	0
30.08.2015 11:01:04.547000	-0.0100001	0	-0.00424057	127.43	-672.004	27.9291	5	4	4	4	880.125	369	38.7425	5.60508	0	1.2014	10.6226	42.3952	17.178	96.5516	1	1	1	0	0	0	0	0
30.08.2015 11:01:04.647000	-0.0100001	0	-0.00424057	127.43	-672.005	28.8408	5	4	4	4	516.388	369	38.8594	5.60508	0	1.19913	10.62	42.5549	17.2088	97.0454	1	1	1	0	0	0	0	0
30.08.2015 11:01:04.747000	-0.0100001	0	-0.00424057	127.43	-672.008	29.1357	5	4	4	4	489.323	369	38.9842	5.60508	0	1.19573	10.7853	42.4896	17.2204	96.7507	1	1	1	0	0	0	0	0
30.08.2015 11:01:04.847000	-0.0100001	0	-0.00424057	127.43	-672.008	29.2792	5	4	4	4	345.28	369	39.1006	5.60508	0	1.19762	10.8559	42.2694	17.2294	95.873	1	1	1	0	0	0	0	0
30.08.2015 11:01:04.947000	-0.0100001	0	-0.00424057	127.43	-672.008	29.2784	5	4	4	4	435.53	369	39.2225	5.60508	0	1.20144	10.866	42.2572	17.2245	95.8454	1	1	1	0	0	0	0	0
30.08.2015 11:01:05.047000	-0.0100001	0	-0.00424057	127.432	-672.008	29.1909	5	4	4	4	590.11	369	39.3424	5.60508	0	1.20302	10.824	42.2731	17.2151	95.9421	1	1	1	0	0	0	0	0
30.08.2015 11:01:05.147000	-0.0100001	0	-0.00424057	127.43	-672.008	29.0202	5	4	4	4	658.456	369	39.4597	5.60508	0	1.2073	10.7196	42.4224	17.2108	96.5303	1	1	1	0	0	0	0	0
30.08.2015 11:01:05.247000	-0.0100001	0	-0.00424057	127.432	-672.008	29.0068	5	4	4	4	623.402	369	39.5841	5.60508	0	1.20509	10.7416	42.4427	17.2107	96.6082	1	1	1	0	0	0	0	0
30.08.2015 11:01:05.347000	-0.0100001	0	-0.00424057	127.43	-672.012	28.9887	5	4	4	4	655.97	369	39.6985	5.60508	0	1.19567	10.7071	42.1411	17.2131	95.4444	1	1	1	0	0	0	0	0
30.08.2015 11:01:05.447000	-0.0100001	0	-0.00424057	127.432	-672.01	28.9576	5	4	4	4	575.567	369	39.8189	5.60508	0	1.19409	10.7651	42.4128	17.2225	96.4488	1	1	1	0	0	0	0	0
30.08.2015 11:01:05.547000	-0.0100001	0	-0.00424057	127.434	-672.012	28.9193	5	4	4	4	622.365	369	39.9368	5.60508	0	1.17321	10.8125	42.3874	17.2257	96.3392	1	1	1	0	0	0	0	0
30.08.2015 11:01:05.647000	-0.0100001	0	-0.00424057	127.43	-672.013	28.8444	5	4	4	4	534.312	369	40.0537	5.60508	0	1.17321	10.8219	42.2653	17.228	95.8629	1	1	1	0	0	0	0	0
30.08.2015 11:01:05.747000	-0.0100001	0	-0.00424057	127.434	-672.016	28.7923	5	4	4	4	556.012	369	40.1795	5.60508	0	1.19542	10.8706	42.4151	17.2441	96.3747	1	1	1	0	0	0	0	0
30.08.2015 11:01:05.847000	-0.0100001	0	-0.00424057	127.435	-672.016	28.7677	5	4	4	4	587.262	369	40.2949	5.60508	0	1.19565	10.8647	42.5361	17.251	96.8117	1	1	1	0	0	0	0	0
30.08.2015 11:01:05.947000	-0.0100001	0	-0.00424057	127.438	-672.016	28.7478	5	4	4	4	548.233	369	40.4193	5.60508	0	1.2121	10.9232	42.6694	17.2609	97.284	1	1	1	0	0	0	0	0
30.08.2015 11:01:06.047000	-0.0100001	0	-0.00424057	127.432	-672.016	28.7319	5	4	4	4	517.096	369	40.5386	5.60508	0	1.21315	10.9198	42.5381	17.2664	96.7603	1	1	1	0	0	0	0	0
30.08.2015 11:01:06.147000	-0.0100001	0	-0.00424057	127.438	-672.016	28.7218	5	4	4	4	528.392	369	40.657	5.60508	0	1.20802	10.9405	42.2495	17.2723	95.6325	1	1	1	0	0	0	0	0
30.08.2015 11:01:06.247000	-0.0100001	0	-0.00424057	127.43	-672.013	28.7149	5	4	4	4	576.887	369	40.7809	5.60508	0	1.20732	10.9441	42.8963	17.2771	98.091	1	1	1	0	0	0	0	0
30.08.2015 11:01:06.347000	-0.0100001	0	-0.00424057	127.438	-672.016	28.7109	5	4	4	4	539.146	369	40.8958	5.60508	0	1.18934	10.9419	42.2372	17.2796	95.5577	1	1	1	0	0	0	0	0
30.08.2015 11:01:06.447000	-0.0100001	0	-0.00424057	127.432	-672.016	28.6878	5	4	4	4	524.315	369	41.0196	5.60508	0	1.18427	10.9746	42.3791	17.284	96.084	1	1	1	0	0	0	0	0
30.08.2015 11:01:06.547000	-0.0100001	0	-0.00424057	127.438	-672.016	28.6605	5	4	4	4	492.969	369	41.138	5.60508	0	1.19657	10.996	42.4494	17.2898	96.331	1	1	1	0	0	0	0	0
30.08.2015 11:01:06.647000	-0.0100001	0	-0.00424057	127.432	-672.016	28.6379	5	4	4	4	590.43	369	41.2584	5.60508	0	1.20159	10.9893	42.5273	17.2871	96.6397	1	1	1	0	0	0	0	0
30.08.2015 11:01:06.747000	-0.0100001	0	-0.00424057	127.434	-672.016	28.6323	5	4	4	4	528.403	369	41.3803	5.60508	0	1.20925	10.9571	42.3812	17.2989	96.0354	1	1	1	0	0	0	0	0
30.08.2015 11:01:06.847000	-0.0100001	0	-0.00424057	127.432	-672.016	28.6277	5	4	4	4	577.933	369	41.4937	5.60508	0	1.21319	10.9823	42.6004	17.3	96.8704	1	1	1	0	0	0	0	0
30.08.2015 11:01:06.947000	-0.0100001	0	-0.00424057	127.434	-672.016	28.6225	5	4	4	4	577.262	369	41.617	5.60508	0	1.19696	11.0019	42.7363	17.3129	97.341	1	1	1	0	0	0	0	0
30.08.2015 11:01:07.047000	-0.0100001	0	-0.00424057	127.435	-672.016	28.6216	5	4	4	4	571.772	369	41.7344	5.60508	0	1.18421	11.0105	42.5118	17.3166	96.4673	1	1	1	0	0	0	0	0
30.08.2015 11:01:07.147000	-0.0100001	0	-0.00424057	127.43	-672.016	28.6214	5	4	4	4	507.993	369	41.8538	5.60508	0	1.18698	11.0038	42.4091	17.336	95.9996	1	1	1	0	0	0	0	0
30.08.2015 11:01:07.247000	-0.0100001	0	-0.00424057	127.438	-672.016	28.623	5	4	4	4	547.387	369	41.9767	5.60508	0	1.1901	11.0094	42.6893	17.3301	97.0954	1	1	1	0	0	0	0	0
30.08.2015 11:01:07.347000	-0.0100001	0	-0.00424057	127.43	-672.016	28.629	5	4	4	4	375.06	369	42.0936	5.57087	0	1.19715	11.007	42.572	17.336	96.6236	1	1	1	0.01	0	0	0	0
30.08.2015 11:01:07.447000	-0.0100001	0	-0.00424057	127.438	-672.016	28.6292	5	4	4	4	297.836	369	42.1811	2.26938	0.0860903	1.2073	10.7879	42.4002	17.4877	95.3848	1	1	1	1	0	0	0	0
30.08.2015 11:01:07.547000	-0.0100001	0	-0.00424057	127.434	-672.016	28.6404	5	4	4	4	163.648	369	42.2388	2.91206	0.728773	1.2073	8.84957	42.876	17.697	96.4493	1	1	1	1	0	0	0	0
30.08.2015 11:01:07.647000	-0.0100001	0	-0.00424057	127.438	-672.016	28.6505	5	4	4	4	388.327	369	42.301	3.13426	0.950974	1.2073	7.51202	43.1337	17.9207	96.5375	1	1	1	1	0	0	0	0
30.08.2015 11:01:07.747000	-0.0100001	0	-0.00424057	127.438	-672.016	28.6567	5	4	4	4	371.188	369	42.3662	3.07324	0.889955	0.822009	6.83238	43.3973	18.1235	96.7685	1	1	1	1	0	0	0	0
30.08.2015 11:01:07.847000	-0.0100001	0	-0.00424057	127.438	-672.016	28.6599	5	4	4	4	420.438	369	42.4338	2.94787	0.764577	0.672175	6.6969	43.171	18.2935	95.2509	1	1	1	1	0	0	0	0
30.08.2015 11:01:07.947000	-0.0100001	0	-0.00424057	127.438	-672.016	28.6632	5	4	4	4	368.073	369	42.496	2.9196	0.73631	0.672175	6.61046	43.4305	18.4434	95.6708	1	1	1	1	0	0	0	0
30.08.2015 11:01:08.047000	-0.0100001	0	-0.00424057	127.438	-672.016	28.673	5	4	4	4	366.28	369	42.5572	2.92216	0.738867	0.672175	6.66895	44.32	18.573	98.4264	1	1	1	1	0	0	0	0
30.08.2015 11:01:08.147000	-0.0100001	0	-0.00424057	127.438	-672.016	28.68	5	4	4	4	405.696	369	42.6188	2.9067	0.72336	0.643316	6.67933	44.6951	18.6734	99.9407	1	1	1	1	0	0	0	0
30.08.2015 11:01:08.247000	-0.0100001	0	-0.00424057	127.438	-672.016	28.6947	5	4	4	4	410.273	369	42.687	2.73672	0.553395	0.636102	6.64902	43.4526	18.7741	94.5399	1	1	1	1	0	0	0	0
30.08.2015 11:01:08.347000	-0.0100001	0	-0.00424057	127.438	-672.016	28.7071	5	4	4	4	385.795	369	42.7467	2.68197	0.498683	0.636102	6.591	44.0051	18.8739	96.155	1	1	1	1	0	0	0	0
30.08.2015 11:01:08.447000	-0.0100001	0	-0.00424057	127.438	-672.016	28.7109	5	4	4	4	355.269	369	42.8044	2.66534	0.482076	0.636102	6.61968	44.4664	18.9738	97.6005	1	1	1	1	0	0	0	0
30.08.2015 11:01:08.547000	-0.0100001	0	-0.00424057	127.438	-672.016	28.7185	5	4	4	4	374.053	369	42.8616	2.63138	0.448094	0.613038	6.62562	44.4183	19.0456	97.3046	1	1	1	1	0	0	0	0
30.08.2015 11:01:08.647000	-0.0100001	0	-0.00424057	127.438	-672.016	28.7218	5	4	4	4	358.613	369	42.9188	2.7395	0.556208	0.602185	6.64428	44.0081	19.1248	95.2733	1	1	1	1	0	0	0	0
30.08.2015 11:01:08.747000	-0.0100001	0	-0.00424057	127.441	-672.016	28.7267	5	4	4	4	393.22	369	42.9844	2.64403	0.460744	0.602185	6.67184	44.4389	19.191	96.6689	1	1	1	1	0	0	0	0
30.08.2015 11:01:08.847000	-0.0100001	0	-0.00424057	127.438	-672.016	28.7308	5	4	4	4	385.221	369	43.0417	2.62758	0.444289	0.602185	6.65148	44.6652	19.2574	97.2815	1	1	1	1	0	0	0	0
30.08.2015 11:01:08.947000	-0.0100001	0	-0.00424057	127.438	-672.016	28.7316	5	4	4	4	334.319	369	43.0993	2.57086	0.387565	0.596273	6.64196	44.8947	19.3145	97.9414	1	1	1	1	0	0	0	0
30.08.2015 11:01:09.047000	-0.0100001	0	-0.00424057	127.438	-672.016	28.7301	5	4	4	4	357.214	369	43.158	2.57603	0.392743	0.589334	6.68124	44.7	19.3547	97.0422	1	1	1	1	0	0	0	0
30.08.2015 11:01:09.147000	-0.0100001	0	-0.00424057	127.438	-672.016	28.7256	5	4	4	4	349.723	369	43.2153	2.59879	0.415499	0.589334	6.67538	44.4111	19.4007	95.7598	1	1	1	1	0	0	0	0
30.08.2015 11:01:09.247000	-0.0100001	0	-0.00424057	127.438	-672.016	28.7218	5	4	4	4	357.183	369	43.2799	2.63646	0.453167	0.589334	6.67882	44.5428	19.4303	96.1506	1	1	1	1	0	0	0	0
30.08.2015 11:01:09.347000	-0.0100001	0	-0.00424057	127.438	-672.016	28.7202	5	4	4	4	374.78	369	43.3411	2.66684	0.483554	0.592999	6.65726	45.0004	19.4545	97.8101	1	1	1	1	0	0	0	0
30.08.2015 11:01:09.447000	-0.0100001	0	-0.00424057	127.438	-672.016	28.7178	5	4	4	4	329.08	369	43.4018	2.69484	0.511552	0.600788	6.66934	45.2101	19.4866	98.4902	1	1	1	1	0	0	0	0
30.08.2015 11:01:09.547000	-0.0100001	0	-0.00424057	127.438	-672.016	28.7164	5	4	4	4	338.417	369	43.46	2.7473	0.564012	0.600788	6.66764	45.0584	19.4995	97.8601	1	1	1	1	0	0	0	0
30.08.2015 11:01:09.647000	-0.0100001	0	-0.00424057	127.438	-672.016	28.7164	5	4	4	4	353.481	369	43.5316	2.8137	0.630413	0.600788	6.68439	44.1655	19.5222	94.3544	1	1	1	1	0	0	0	0
30.08.2015 11:01:09.747000	-0.0100001	0	-0.00424057	127.438	-672.016	28.7164	5	4	4	4	413.736	369	43.5978	2.86516	0.681872	0.62331	6.66573	44.2299	19.5146	94.6301	1	1	1	1	0	0	0	0
30.08.2015 11:01:09.847000	-0.0100001	0	-0.00424057	127.443	-672.016	28.7203	5	4	4	4	368.059	369	43.658	2.86601	0.682722	0.647709	6.61198	44.8435	19.5266	96.9333	1	1	1	1	0	0	0	0
30.08.2015 11:01:09.947000	-0.0100001	0	-0.00424057	127.438	-672.016	28.7245	5	4	4	4	340.501	369	43.7311	2.86257	0.679276	0.647709	6.6097	45.3365	19.5193	98.8491	1	1	1	1	0	0	0	0
30.08.2015 11:01:10.047000	-0.0100001	0	-0.00424057	127.438	-672.016	28.7269	5	4	4	4	384.601	369	43.7967	2.88036	0.697071	0.647709	6.65668	44.4876	19.5188	95.6002	1	1	1	1	0	0	0	0
30.08.2015 11:01:10.147000	-0.0100001	0	-0.00424057	127.438	-672.016	28.7294	5	4	4	4	366.839	369	43.8579	2.8852	0.701912	0.656245	6.60525	44.4503	19.514	95.4761	1	1	1	1	0	0	0	0
30.08.2015 11:01:10.247000	-0.0100001	0	-0.00424057	127.443	-672.016	28.7334	5	4	4	4	309.612	369	43.932	2.89686	0.713568	0.659731	6.6046	44.8888	19.5246	97.1144	1	1	1	1	0	0	0	0
30.08.2015 11:01:10.347000	-0.0100001	0	-0.00424057	127.441	-672.016	28.7343	5	4	4	4	320.862	369	43.9972	2.95675	0.773458	0.659731	6.64569	45.1088	19.5102	98.012	1	1	1	1	0	0	0	0
30.08.2015 11:01:10.447000	-0.0100001	0	-0.00424057	127.44	-672.016	28.7359	5	4	4	4	359.45	369	44.0609	3.04319	0.859904	0.660449	6.63364	44.7544	19.5035	96.6809	1	1	1	1	0	0	0	0
30.08.2015 11:01:10.547000	-0.0100001	0	-0.00424057	127.441	-672.016	28.7348	5	4	4	4	373.256	369	44.139	3.10741	0.924124	0.677673	6.59498	44.6994	19.4886	96.5271	1	1	1	1	0	0	0	0
30.08.2015 11:01:10.647000	-0.0100001	0	-0.00424057	127.443	-672.016	28.7355	5	4	4	4	371.231	369	44.2041	3.14172	0.958431	0.677673	6.55971	44.9829	19.4756	97.6626	1	1	1	1	0	0	0	0
30.08.2015 11:01:10.747000	-0.0100001	0	-0.00424057	127.445	-672.016	28.7364	5	4	4	4	343.717	369	44.2827	3.16746	0.984168	0.677673	6.58015	44.4412	19.4618	95.6409	1	1	1	1	0	0	0	0
30.08.2015 11:01:10.847000	-0.0100001	0	-0.00424057	127.443	-672.016	28.7388	5	4	4	4	356.088	369	44.3494	3.2144	1.03111	0.703192	6.60851	44.5824	19.4342	96.2873	1	1	1	1	0	0	0	0
30.08.2015 11:01:10.947000	-0.0100001	0	-0.00424057	127.445	-672.016	28.7408	5	4	4	4	311.247	369	44.429	3.27316	1.08987	0.720926	6.59664	44.3227	19.4198	95.3481	1	1	1	1	0	0	0	0
30.08.2015 11:01:11.047000	-0.0100001	0	-0.00424057	127.443	-672.016	28.7439	5	4	4	4	343.836	369	44.4976	3.35944	1.17615	0.720926	6.6314	45.127	19.3884	98.5481	1	1	1	1	0	0	0	0
30.08.2015 11:01:11.147000	-0.0100001	0	-0.00424057	127.445	-672.016	28.7478	5	4	4	4	398.219	369	44.5797	3.43353	1.25024	0.729463	6.6271	44.3088	19.3491	95.5656	1	1	1	1	0	0	0	0
30.08.2015 11:01:11.247000	-0.0100001	0	-0.00424057	127.445	-672.016	28.7493	5	4	4	4	367.994	369	44.6488	3.4567	1.27341	0.751416	6.56782	44.5526	19.323	96.5988	1	1	1	1	0	0	0	0
30.08.2015 11:01:11.347000	-0.0100001	0	-0.00424057	127.445	-672.016	28.7533	5	4	4	4	384.279	369	44.7329	3.4675	1.28421	0.751416	6.58521	44.7577	19.2906	97.5081	1	1	1	1	0	0	0	0
30.08.2015 11:01:11.447000	-0.0100001	0	-0.00424057	127.443	-672.016	28.7529	5	4	4	4	335.355	369	44.8055	3.46924	1.28595	0.752675	6.57961	43.5718	19.2763	93.0225	1	1	1	1	0	0	0	0
30.08.2015 11:01:11.547000	-0.0100001	0	-0.00424057	127.445	-672.016	28.7565	5	4	4	4	329.139	369	44.8886	3.50432	1.32103	0.772407	6.62496	44.4313	19.2396	96.4539	1	1	1	1	0	0	0	0
30.08.2015 11:01:11.647000	-0.0100001	0	-0.00424057	127.445	-672.016	28.7605	5	4	4	4	412.879	369	44.9667	3.54363	1.36034	0.772407	6.60384	44.4546	19.2105	96.6544	1	1	1	1	0	0	0	0
30.08.2015 11:01:11.747000	-0.0100001	0	-0.00424057	127.445	-672.016	28.7668	5	4	4	4	327.723	369	45.0448	3.55464	1.37135	0.772407	6.57451	44.4753	19.1938	96.7979	1	1	1	1	0	0	0	0
30.08.2015 11:01:11.847000	-0.0100001	0	-0.00424057	127.445	-672.016	28.7699	5	4	4	4	344.14	369	45.1308	3.59861	1.41532	0.798346	6.6208	44.5855	19.1692	97.3139	1	1	1	1	0	0	0	0
30.08.2015 11:01:11.947000	-0.0100001	0	-0.00424057	127.445	-672.016	28.7766	5	4	4	4	340.131	369	45.2094	3.65485	1.47156	0.799711	6.61581	44.071	19.1379	95.4638	1	1	1	1	0	0	0	0
30.08.2015 11:01:12.047000	-0.0100001	0	-0.00424057	127.443	-672.016	28.7797	5	4	4	4	332.067	369	45.2915	3.72215	1.53886	0.799711	6.63317	44.2108	19.1197	96.069	1	1	1	1	0	0	0	0
30.08.2015 11:01:12.147000	-0.0100001	0	-0.00424057	127.445	-672.02	28.7853	5	4	4	4	364.67	369	45.3815	3.79812	1.61483	0.830593	6.65661	44.0303	19.0878	95.5	1	1	1	1	0	0	0	0
30.08.2015 11:01:12.247000	-0.0100001	0	-0.00424057	127.445	-672.016	28.7876	5	4	4	4	363.646	369	45.4661	3.85359	1.6703	0.831879	6.63744	44.6228	19.054	97.8975	1	1	1	1	0	0	0	0
30.08.2015 11:01:12.347000	-0.0100001	0	-0.00424057	127.445	-672.016	28.7885	5	4	4	4	363.677	369	45.5541	3.90092	1.71763	0.837991	6.61769	43.7096	19.0184	94.5376	1	1	1	1	0	0	0	0
30.08.2015 11:01:12.447000	-0.0100001	0	-0.00424057	127.445	-672.016	28.7938	5	4	4	4	360.397	369	45.6402	3.93277	1.74948	0.878891	6.6212	43.9827	18.9625	95.7972	1	1	1	1	0	0	0	0
30.08.2015 11:01:12.547000	-0.0100001	0	-0.00424057	127.445	-672.016	28.7983	5	4	4	4	338.074	369	45.7317	3.96303	1.77974	0.878891	6.61827	43.8982	18.9267	95.611	1	1	1	1	0	0	0	0
30.08.2015 11:01:12.647000	-0.0100001	0	-0.00424057	127.445	-672.016	28.7988	5	4	4	4	360.792	369	45.8187	4.01474	1.83145	0.876406	6.60641	43.5522	18.8838	94.4504	1	1	1	1	0	0	0	0
30.08.2015 11:01:12.747000	-0.0100001	0	-0.00424057	127.445	-672.016	28.7977	5	4	4	4	380.033	369	45.9058	4.05304	1.86975	0.869686	6.57614	44.0955	18.8585	96.6273	1	1	1	1	0	0	0	0
30.08.2015 11:01:12.847000	-0.0100001	0	-0.00424057	127.445	-672.016	28.7967	5	4	4	4	368.763	369	45.9948	4.07162	1.88833	0.869686	6.55657	43.7635	18.8191	95.5072	1	1	1	1	0	0	0	0
30.08.2015 11:01:12.947000	-0.0100001	0	-0.00424057	127.445	-672.016	28.795	5	4	4	4	360.112	369	46.0854	4.08261	1.89932	0.881916	6.57234	43.5448	18.7981	94.75	1	1	1	1	0	0	0	0
30.08.2015 11:01:13.047000	-0.0100001	0	-0.00424057	127.445	-672.016	28.7923	5	4	4	4	336.401	369	46.1774	4.10318	1.91989	0.894645	6.60453	44.1187	18.77	97.0548	1	1	1	1	0	0	0	0
30.08.2015 11:01:13.147000	-0.0100001	0	-0.00424057	127.445	-672.016	28.7939	5	4	4	4	331.389	369	46.2649	4.1512	1.96791	0.894645	6.60475	43.9773	18.7497	96.5916	1	1	1	1	0	0	0	0
30.08.2015 11:01:13.247000	-0.0100001	0	-0.00424057	127.445	-672.016	28.7891	5	4	4	4	347.677	369	46.3579	4.21643	2.03314	0.901882	6.61766	43.9728	18.7274	96.6598	1	1	1	1	0	0	0	0
30.08.2015 11:01:13.347000	-0.0100001	0	-0.00424057	127.445	-672.016	28.7864	5	4	4	4	304.048	369	46.451	4.29114	2.10785	0.904424	6.61126	44.2035	18.6962	97.6624	1	1	1	1	0	0	0	0
30.08.2015 11:01:13.447000	-0.0100001	0	-0.00424057	127.445	-672.016	28.7836	5	4	4	4	349.985	369	46.548	4.38561	2.20232	0.911736	6.62775	43.8895	18.664	96.5834	1	1	1	1	0	0	0	0
30.08.2015 11:01:13.547000	-0.0100001	0	-0.00424057	127.445	-672.016	28.7891	5	4	4	4	340.52	369	46.645	4.481	2.29771	0.956652	6.61509	43.7444	18.6218	96.1894	1	1	1	1	0	0	0	0
30.08.2015 11:01:13.647000	-0.0100001	0	-0.00424057	127.445	-672.016	28.7938	5	4	4	4	377.787	369	46.7469	4.5599	2.37661	0.956652	6.60341	44.0074	18.575	97.3754	1	1	1	1	0	0	0	0
30.08.2015 11:01:13.747000	-0.0100001	0	-0.00424057	127.453	-672.016	28.7961	5	4	4	4	394.336	369	46.8464	4.60616	2.42287	0.984111	6.57975	43.565	18.541	95.812	1	1	1	1	0	0	0	0
30.08.2015 11:01:13.847000	-0.0100001	0	-0.00424057	127.451	-672.018	28.8003	5	4	4	4	403.677	369	46.9494	4.60595	2.42266	0.998897	6.53791	43.4834	18.5028	95.6458	1	1	1	1	0	0	0	0
30.08.2015 11:01:13.947000	-0.0100001	0	-0.00424057	127.453	-672.016	28.8037	5	4	4	4	369.937	369	47.0489	4.57888	2.39559	1.00034	6.5497	43.3553	18.4758	95.2583	1	1	1	1	0	0	0	0
30.08.2015 11:01:14.047000	-0.0100001	0	-0.00424057	127.453	-672.016	28.8061	5	4	4	4	355.179	369	47.1493	4.56512	2.38183	1.00692	6.59954	43.6199	18.4559	96.3478	1	1	1	1	0	0	0	0
30.08.2015 11:01:14.147000	-0.0100001	0	-0.00424057	127.453	-672.016	28.8075	5	4	4	4	388.744	369	47.2448	4.56226	2.37897	1.00692	6.61046	43.427	18.4396	95.6715	1	1	1	1	0	0	0	0
30.08.2015 11:01:14.247000	-0.0100001	0	-0.00424057	127.453	-672.016	28.8082	5	4	4	4	340.56	369	47.3448	4.55803	2.37474	0.993771	6.59212	43.5672	18.4297	96.2464	1	1	1	1	0	0	0	0
30.08.2015 11:01:14.347000	-0.0100001	0	-0.00424057	127.453	-672.016	28.8075	5	4	4	4	379.672	369	47.4423	4.56457	2.38128	0.986997	6.57617	43.4345	18.4258	95.7533	1	1	1	1	0	0	0	0
30.08.2015 11:01:14.447000	-0.0100001	0	-0.00424057	127.453	-672.016	28.8064	5	4	4	4	342.665	369	47.5438	4.56319	2.37989	0.988264	6.56225	43.358	18.4275	95.4537	1	1	1	1	0	0	0	0
30.08.2015 11:01:14.547000	-0.0100001	0	-0.00424057	127.453	-672.016	28.8064	5	4	4	4	323.862	369	47.6418	4.59191	2.40862	0.994918	6.57357	43.4756	18.4109	95.9678	1	1	1	1	0	0	0	0
30.08.2015 11:01:14.647000	-0.0100001	0	-0.00424057	127.453	-672.016	28.809	5	4	4	4	340.919	369	47.7428	4.65592	2.47263	0.994918	6.58822	43.5209	18.3899	96.2216	1	1	1	1	0	0	0	0
30.08.2015 11:01:14.747000	-0.0100001	0	-0.00424057	127.453	-672.016	28.8102	5	4	4	4	296.115	369	47.8427	4.73576	2.55247	0.992323	6.6008	43.5001	18.3677	96.227	1	1	1	1	0	0	0	0
30.08.2015 11:01:14.847000	-0.0100001	0	-0.00424057	127.453	-672.016	28.8111	5	4	4	4	372.223	369	47.9492	4.84103	2.65774	0.990925	6.64742	43.5846	18.333	96.6834	1	1	1	1	0	0	0	0
30.08.2015 11:01:14.947000	-0.0100001	0	-0.00424057	127.453	-672.016	28.8124	5	4	4	4	416.463	369	48.0541	4.91546	2.73217	1.01118	6.63032	43.3337	18.2875	95.8968	1	1	1	1	0	0	0	0
30.08.2015 11:01:15.047000	-0.0100001	0	-0.00424057	127.453	-672.016	28.8158	5	4	4	4	340.542	369	48.1626	4.93371	2.75042	1.05845	6.57791	43.118	18.2556	95.1929	1	1	1	1	0	0	0	0
30.08.2015 11:01:15.147000	-0.0100001	0	-0.00424057	127.453	-672.016	28.8167	5	4	4	4	357.692	369	48.269	4.95459	2.7713	1.05873	6.6072	43.1529	18.218	95.4708	1	1	1	1	0	0	0	0
30.08.2015 11:01:15.247000	-0.0100001	0	-0.00424057	127.453	-672.016	28.8184	5	4	4	4	372.755	369	48.3809	4.98812	2.80483	1.08617	6.65003	43.5503	18.1933	97.087	1	1	1	1	0	0	0	0
30.08.2015 11:01:15.347000	-0.0100001	0	-0.00424057	127.453	-672.016	28.8184	5	4	4	4	341.309	369	48.4889	5.01762	2.83433	1.08617	6.61849	43.6362	18.169	97.5091	1	1	1	1	0	0	0	0
30.08.2015 11:01:15.447000	-0.0100001	0	-0.00424057	127.453	-672.016	28.8191	5	4	4	4	394.632	369	48.5983	5.04317	2.85988	1.08958	6.5459	42.8259	18.1349	94.5369	1	1	1	1	0	0	0	0
30.08.2015 11:01:15.547000	-0.0100001	0	-0.00424057	127.453	-672.016	28.8216	5	4	4	4	378.627	369	48.7063	5.04312	2.85983	1.09084	6.53957	43.2748	18.1149	96.3319	1	1	1	1	0	0	0	0
30.08.2015 11:01:15.647000	-0.0100001	0	-0.00424057	127.453	-672.016	28.8227	5	4	4	4	337.032	369	48.8142	5.04424	2.86095	1.08876	6.53769	43.1632	18.1068	95.9363	1	1	1	1	0	0	0	0
30.08.2015 11:01:15.747000	-0.0100001	0	-0.00424057	127.453	-672.016	28.8227	5	4	4	4	405.098	369	48.9241	5.05985	2.87656	1.08612	6.56387	42.9339	18.0903	95.1209	1	1	1	1	0	0	0	0
30.08.2015 11:01:15.847000	-0.0100001	0	-0.00424057	127.453	-672.016	28.8223	5	4	4	4	365.757	369	49.035	5.04213	2.85884	1.08775	6.49613	43.2924	18.0839	96.5184	1	1	1	1	0	0	0	0
30.08.2015 11:01:15.947000	-0.0100001	0	-0.00424057	127.453	-672.016	28.8249	5	4	4	4	311.424	369	49.1455	5.04194	2.85865	1.09569	6.52959	43.0282	18.0739	95.5453	1	1	1	1	0	0	0	0
30.08.2015 11:01:16.047000	-0.0100001	0	-0.00424057	127.453	-672.018	28.827	5	4	4	4	350.173	369	49.2534	5.08206	2.89877	1.09569	6.58587	42.7006	18.0648	94.3256	1	1	1	1	0	0	0	0
30.08.2015 11:01:16.147000	-0.0100001	0	-0.00424057	127.453	-672.016	28.8335	5	4	4	4	376.817	369	49.3643	5.13054	2.94725	1.10468	6.55726	43.0766	18.0477	95.8309	1	1	1	1	0	0	0	0
30.08.2015 11:01:16.247000	-0.0100001	0	-0.00424057	127.458	-672.016	28.8372	5	4	4	4	355.553	369	49.4787	5.16648	2.98319	1.10546	6.58156	43.0108	18.0389	95.6124	1	1	1	1	0	0	0	0
30.08.2015 11:01:16.347000	-0.0100001	0	-0.00424057	127.457	-672.016	28.8335	5	4	4	4	340.753	369	49.5897	5.20111	3.01782	1.11226	6.58391	43.0766	18.0203	95.9358	1	1	1	1	0	0	0	0
30.08.2015 11:01:16.447000	-0.0100001	0	-0.00424057	127.461	-672.018	28.827	5	4	4	4	324.339	369	49.6996	5.25014	3.06685	1.11532	6.60757	43.2951	17.9988	96.8547	1	1	1	1	0	0	0	0
30.08.2015 11:01:16.547000	-0.0100001	0	-0.00424057	127.461	-672.016	28.8232	5	4	4	4	350.142	369	49.8145	5.32708	3.14379	1.12016	6.60883	43.0943	17.983	96.1459	1	1	1	1	0	0	0	0
30.08.2015 11:01:16.647000	-0.0100001	0	-0.00424057	127.461	-672.016	28.8216	5	4	4	4	382.352	369	49.9334	5.39508	3.21179	1.1254	6.61028	42.7119	17.9584	94.7762	1	1	1	1	0	0	0	0
30.08.2015 11:01:16.747000	-0.0100001	0	-0.00424057	127.457	-672.016	28.8162	5	4	4	4	399.272	369	50.0463	5.42392	3.24063	1.14018	6.58051	43.1623	17.9293	96.6124	1	1	1	1	0	0	0	0
30.08.2015 11:01:16.847000	-0.0100001	0	-0.00424057	127.461	-672.016	28.8202	5	4	4	4	342.125	369	50.1667	5.43224	3.24895	1.16763	6.52575	42.4151	17.9153	93.8047	1	1	1	1	0	0	0	0
30.08.2015 11:01:16.947000	-0.0100001	0	-0.00424057	127.461	-672.016	28.8254	5	4	4	4	391.632	369	50.2841	5.44086	3.25757	1.17031	6.54152	42.7819	17.87	95.3827	1	1	1	1	0	0	0	0
30.08.2015 11:01:17.047000	-0.0100001	0	-0.00424057	127.461	-672.016	28.8278	5	4	4	4	322.248	369	50.3985	5.43952	3.25622	1.1788	6.56944	43.3046	17.858	97.4301	1	1	1	1	0	0	0	0
30.08.2015 11:01:17.147000	-0.0100001	0	-0.00424057	127.461	-672.016	28.8303	5	4	4	4	347.273	369	50.5174	5.48126	3.29797	1.17756	6.65383	42.362	17.8408	93.8868	1	1	1	1	0	0	0	0
30.08.2015 11:01:17.247000	-0.0100001	0	-0.00424057	127.461	-672.016	28.8314	5	4	4	4	376.122	369	50.6348	5.52829	3.345	1.1675	6.65491	42.4761	17.8208	94.4002	1	1	1	1	0	0	0	0
30.08.2015 11:01:17.347000	-0.0100001	0	-0.00424057	127.461	-672.016	28.8325	5	4	4	4	385.011	369	50.7536	5.55604	3.37275	1.16795	6.60854	43.0821	17.7971	96.8115	1	1	1	1	0	0	0	0
30.08.2015 11:01:17.447000	-0.0100001	0	-0.00424057	127.461	-672.016	28.8296	5	4	4	4	391.285	369	50.876	5.55547	3.37218	1.19027	6.59306	42.959	17.7738	96.4292	1	1	1	1	0	0	0	0
30.08.2015 11:01:17.547000	-0.0100001	0	-0.00424057	127.465	-672.016	28.8298	5	4	4	4	339.648	369	50.9919	5.54185	3.35856	1.19027	6.60355	42.6874	17.7704	95.4021	1	1	1	1	0	0	0	0
30.08.2015 11:01:17.647000	-0.0100001	0	-0.00424057	127.469	-672.016	28.8314	5	4	4	4	342.022	369	51.1148	5.55949	3.3762	1.1954	6.63842	42.5556	17.7612	94.9328	1	1	1	1	0.13	0	0	0
30.08.2015 11:01:17.747000	-0.0100001	0	-0.00424057	127.469	-672.016	28.8346	5	4	4	4	364.807	369.22	51.2341	5.66316	3.47987	1.19572	6.62305	42.1139	17.7408	93.3198	1	1	1	1	1	0	0	0
30.08.2015 11:01:17.847000	-0.0100001	0	-0.00424057	127.469	-672.016	28.8397	5	4	4	4	420.698	370.246	51.3575	5.70997	3.52668	1.21682	6.57541	42.7988	17.7174	96.0316	1	1	1	1	1	0	0	0
30.08.2015 11:01:17.947000	-0.0100001	0	-0.00424057	127.465	-672.016	28.8422	5	4	4	4	327.473	372.175	51.4794	5.64517	3.46188	1.21916	6.51407	42.6839	17.7178	95.59	1	1	1	1	1	0	0	0
30.08.2015 11:01:18.047000	-0.0100001	0	-0.00424057	127.469	-672.016	28.8444	5	4	4	4	331.942	375.008	51.5992	5.73584	3.55255	1.21919	6.61437	42.5214	17.7073	95.008	1	1	1	1	1	0	0	0
30.08.2015 11:01:18.147000	-0.0100001	0	-0.00424057	127.469	-672.016	28.8422	5	4	4	4	324.938	378.745	51.7286	5.97433	3.79104	1.21919	6.64891	42.765	17.6645	96.1735	1	1	1	1	1	0	0	0
30.08.2015 11:01:18.247000	-0.0100001	0	-0.00424057	127.469	-672.016	28.8393	5	4	4	4	393.563	383.386	51.8604	6.33294	4.14965	1.25773	6.6505	42.3511	17.5633	94.9073	1	1	1	1	1	0	0	0
30.08.2015 11:01:18.347000	-0.0100001	0	-0.00424057	127.469	-672.016	28.8395	5	4	4	4	418.07	388.931	52.0007	6.57433	4.39104	1.27961	6.56991	42.4169	17.4463	95.6075	1	1	1	1	1	0	0	0
30.08.2015 11:01:18.447000	-0.0100001	0	-0.00424057	127.469	-672.016	28.8393	5	4	4	4	462.746	395.381	52.1444	6.65481	4.47152	1.40514	6.53458	42.3629	17.3094	95.9248	1	1	1	1	1	0	0	0
30.08.2015 11:01:18.547000	-0.0100001	0	-0.00424057	127.469	-672.016	28.8411	5	4	4	4	431.89	402.734	52.2852	6.58664	4.40335	1.41105	6.47175	42.0797	17.2334	95.1317	1	1	1	1	1	0	0	0
30.08.2015 11:01:18.647000	-0.0100001	0	-0.00424057	127.469	-672.016	28.8451	5	4	4	4	315.525	410.989	52.4265	6.57387	4.39062	1.42112	6.5043	42.0074	17.1886	94.8315	1	1	1	1	1	0	0	0
30.08.2015 11:01:18.747000	-0.0100001	0	-0.00424057	127.469	-672.016	28.8504	5	4	4	4	405.53	420.151	52.5717	6.86673	4.68351	1.42633	6.58694	41.9867	17.1103	95.7195	1	1	1	1	1	0	0	0
30.08.2015 11:01:18.847000	-0.0100001	0	-0.00424057	127.469	-672.016	28.852	5	4	4	4	374.645	430.247	52.7254	7.24978	5.06659	1.43286	6.56176	41.836	17.0136	95.0912	1	1	1	1	1	0	0	0
30.08.2015 11:01:18.947000	-0.0100001	0	-0.00424057	127.469	-672.016	28.8509	5	4	4	4	516.179	441.279	52.889	7.67187	5.48858	1.54486	6.56128	41.6707	16.8563	95.009	1	1	1	1	1	0	0	0
30.08.2015 11:01:19.047000	-0.0100001	0	-0.00424057	127.469	-672.016	28.8513	5	4	4	4	432.857	453.162	53.0567	7.90767	5.72438	1.61206	6.47104	41.4488	16.6915	94.7909	1	1	1	1	1	0	0	0
30.08.2015 11:01:19.147000	-0.0100001	0	-0.00424057	127.469	-672.016	28.8482	5	4	4	4	472.077	465.945	53.2343	8.19086	6.00757	1.68434	6.46849	41.266	16.5014	94.8187	1	1	1	1	1	0	0	0
30.08.2015 11:01:19.247000	-0.0100001	0	-0.00424057	127.469	-672.016	28.8437	5	4	4	4	504.588	479.638	53.4113	8.45	6.26671	1.77664	6.44262	41.0725	16.3289	94.7381	1	1	1	1	1	0	0	0
30.08.2015 11:01:19.347000	-0.0100001	0	-0.00424057	127.469	-672.016	28.8373	5	4	4	4	430.055	494.23	53.5989	8.71816	6.53487	1.81719	6.38874	40.9068	16.1686	94.7173	1	1	1	1	1	0	0	0
30.08.2015 11:01:19.447000	-0.0100001	0	-0.00424057	127.469	-672.016	28.8372	5	4	4	4	438.686	509.726	53.7929	9.21233	7.02904	1.86921	6.45804	40.7142	15.9969	94.6374	1	1	1	1	1	0	0	0
30.08.2015 11:01:19.547000	-0.0100001	0	-0.00424057	127.469	-672.016	28.8395	5	4	4	4	478.779	526.126	53.9983	9.88186	7.69857	1.95155	6.49502	40.4789	15.7743	94.589	1	1	1	1	1	0	0	0
30.08.2015 11:01:19.647000	-0.0100001	0	-0.00424057	127.469	-672.016	28.8415	5	4	4	4	514.99	543.427	54.2167	10.6501	8.46683	2.09027	6.4037	40.2089	15.5033	94.5925	1	1	1	1	1	0	0	0
30.08.2015 11:01:19.747000	-0.0100001	0	-0.00424057	127.469	-672.016	28.8363	5	4	4	4	572.952	561.635	54.4549	11.4042	9.22087	2.28754	6.41892	39.8997	15.2245	94.4764	1	1	1	1	1	0	0	0
30.08.2015 11:01:19.847000	-0.0100001	0	-0.00424057	127.474	-672.018	28.8263	5	4	4	4	553.415	580.742	54.7066	12.0029	9.81965	2.45533	6.30706	39.5828	14.9562	94.2904	1	1	1	1	1	0	0	0
30.08.2015 11:01:19.947000	-0.0100001	0	-0.00424057	127.477	-672.016	28.8249	5	4	4	4	528.212	600.759	54.9688	12.6298	10.4466	2.5627	6.32517	39.3095	14.7022	94.2163	1	1	1	1	1	0	0	0
30.08.2015 11:01:20.047000	-0.0100001	0	-0.00424057	127.477	-672.016	28.8213	5	4	4	4	600.32	621.676	55.2423	13.4	11.2167	2.69606	6.31999	39.0381	14.4375	94.1908	1	1	1	1	1	0	0	0
30.08.2015 11:01:20.147000	-0.0100001	0	-0.00424057	127.477	-672.016	28.8227	5	4	4	4	564.374	643.494	55.5348	14.2307	12.0474	2.87795	6.266	38.7813	14.2081	94.0859	1	1	1	1	1	0	0	0
30.08.2015 11:01:20.247000	-0.0100001	0	-0.00424057	127.477	-672.016	28.8285	5	4	4	4	675.583	666.219	55.8472	15.1597	12.9764	3.03684	6.27338	38.5553	13.9977	94.0258	1	1	1	1	1	0	0	0
30.08.2015 11:01:20.347000	-0.0100001	0	-0.00424057	127.477	-672.016	28.8335	5	4	4	4	669.499	689.846	56.1745	16.0125	13.8292	3.23971	6.18142	38.3519	13.8169	93.9393	1	1	1	1	1	0	0	0
30.08.2015 11:01:20.447000	-0.0100001	0	-0.00424057	127.477	-672.018	28.8375	5	4	4	4	632.637	714.381	56.5202	16.8732	14.6899	3.42846	6.19291	38.1601	13.6728	93.757	1	1	1	1	1	0	0	0
30.08.2015 11:01:20.547000	-0.0100001	0	-0.00424057	127.477	-672.016	28.839	5	4	4	4	708.917	739.818	56.8838	17.8748	15.6915	3.5945	6.21351	38.0139	13.5281	93.751	1	1	1	1	1	0	0	0
30.08.2015 11:01:20.647000	-0.0100001	0	-0.00424057	127.477	-672.016	28.8458	5	4	4	4	755.515	766.154	57.2683	18.8266	16.6433	3.82525	6.11976	37.8944	13.4316	93.6631	1	1	1	1	1	0	0	0
30.08.2015 11:01:20.747000	-0.0100001	0	-0.00424057	127.477	-672.016	28.8422	5	4	4	4	805.094	793.401	57.6643	19.7185	17.5352	3.9476	6.10096	37.8228	13.3761	93.6014	1	1	1	1	1	0	0	0
30.08.2015 11:01:20.847000	-0.0100001	0	-0.00424057	127.477	-672.016	28.848	5	4	4	4	796.874	596.227	58.0712	20.5404	9.25361	4.02938	6.00217	37.7722	13.3752	93.4112	1	1	1	1	1	0.49	0	0.49
30.08.2015 11:01:20.947000	-0.0100001	0	-0.00424057	127.48	-672.016	28.8449	5	4	4	4	1621.35	369	60.125	20.7619	0	54.6006	5.86803	83.5955	17.4022	253.441	1	1	1	1	1	1	0.28	1
30.08.2015 11:01:21.047000	-0.0100001	0	-0.00424057	127.495	-672.01	28.8458	5	4	4	4	709.41	369	62.1878	20.7619	0	82.4907	4.67975	103.744	0.797998	394.161	1	1	1	1	1	1	1	1
30.08.2015 11:01:21.147000	-0.0100001	0	-0.00424057	127.449	-672.027	28.1565	5	4	4	4	12.0005	369	62.1774	20.7619	0	82.4907	3.17801	116.816	0.669271	444.702	1	1	1	1	1	1	1	1
30.08.2015 11:01:21.247000	-0.0100001	0	-0.00424057	127.445	-672.029	23.9996	5	4	4	4	1.84918	369	62.1774	2.28381	0	82.4907	2.23947	126.164	0.598651	480.763	1	1	1	1	1	1	1	0.11
30.08.2015 11:01:21.347000	-0.0100001	0	-0.00424057	127.445	-672.023	18.533	5	4	4	4	0.430339	369	62.1774	0	0	82.4907	1.49844	127.421	0.572771	485.676	1	1	1	1	1	1	1	0
30.08.2015 11:01:21.447000	-0.0100001	0	-0.00424057	127.448	-672.034	15.672	5	4	4	4	0.389946	369	62.1774	0	0	82.4907	1.19138	126.665	0.566118	482.809	1	1	1	1	1	1	1	0
30.08.2015 11:01:21.547000	-0.0100001	0	-0.00424057	127.445	-672.039	12.4946	5	4	4	4	0.312798	369	62.1774	0	0	82.4907	0.980382	126.403	0.540239	481.903	1	1	1	1	1	1	1	0
30.08.2015 11:01:21.647000	-0.0100001	0	-0.00424057	127.445	-672.031	10.2579	5	4	4	4	0.237646	369	62.1774	0	0	82.4907	0.820573	126.26	0.545305	481.336	1	1	1	1	1	1	1	0
30.08.2015 11:01:21.747000	-0.0100001	0	-0.00424057	127.438	-672.02	7.96007	5	4	4	4	0.23893	369	62.1774	0	0	82.4907	0.691348	126.188	0.539079	481.084	1	1	1	1	1	1	1	0
30.08.2015 11:01:21.847000	-0.0100001	0	-0.00424057	127.406	-672.034	6.9184	5	4	4	4	0.258565	369	62.1774	0	0	82.4907	0.620313	126.151	0.545488	480.92	1	1	1	1	1	1	1	0
30.08.2015 11:01:21.947000	-0.0100001	0	-0.00424057	127.406	-672.039	5.8903	5	4	4	4	0.274139	369	62.1774	0	0	61.8929	0.559317	126.143	0.53853	480.914	1	1	1	1	1	1	1	0
30.08.2015 11:01:22.047000	-0.0100001	0	-0.00424057	127.406	-672.036	4.93345	5	4	4	4	0.258985	369	62.1774	0	0	0.0993946	0.500839	126.165	0.545366	480.974	1	1	1	1	1	1	1	0
30.08.2015 11:01:22.147000	-0.0100001	0	-0.00424057	127.406	-672.039	4.2372	5	4	4	4	0.231024	369	62.1774	0	0	0.0993946	0.458652	126.199	0.541642	481.115	1	1	1	1	1	1	1	0
30.08.2015 11:01:22.247000	-0.0100001	0	-0.00424057	127.409	-672.034	3.70153	5	4	4	4	0.227289	369	62.1774	0	0	0.0993946	0.429282	126.232	0.544633	481.23	1	1	1	1	1	1	1	0
30.08.2015 11:01:22.347000	-0.0100001	0	-0.00424057	127.406	-672.031	3.22157	5	4	4	4	0.242466	369	62.1774	0	0	0.0993946	0.402662	126.266	0.543229	481.366	1	1	1	1	1	1	1	0
30.08.2015 11:01:22.447000	-0.0100001	0	-0.00424057	127.406	-672.031	2.65806	5	4	4	4	0.248325	369	62.1774	0	0	0.0993946	0.374942	126.309	0.546587	481.519	1	1	1	1	1	1	1	0
30.08.2015 11:01:22.547000	-0.0100001	0	-0.00424057	127.406	-672.031	1.32921	5	4	4	4	0.2357	369	62.1774	0	0	0.0993946	0.354109	126.346	0.541704	481.681	1	1	1	1	1	1	1	0
30.08.2015 11:01:22.647000	-0.0100001	0	-0.00424057	127.406	-672.031	0.249928	5	4	4	4	0.237777	369	62.1774	0	0	0.0993946	0.339323	126.381	0.542985	481.808	1	1	1	1	1	1	1	0
30.08.2015 11:01:22.747000	-0.0100001	0	-0.00424057	127.406	-672.031	0.138346	5	4	4	4	0.230989	369	62.1774	0	0	0.0993946	0.323293	126.412	0.544877	481.921	1	1	1	1	1	1	1	0
30.08.2015 11:01:22.847000	-0.0100001	0	-0.00424057	127.406	-672.031	0.117911	5	4	4	4	0.25054	369	62.1774	0	0	0.0993946	0.307292	126.443	0.543962	482.041	1	1	1	1	1	1	1	0
30.08.2015 11:01:22.947000	-0.0100001	0	-0.00424057	127.406	-672.031	0.106879	5	4	4	4	0.234163	369	62.1774	0	0	0.0755399	0.296701	126.473	0.544755	482.155	1	1	1	1	1	1	1	0
30.08.2015 11:01:23.047000	-0.0100001	0	-0.00424057	127.409	-672.031	0.0936777	5	4	4	4	0.231279	369	62.1774	0	0	0	0.287384	126.507	0.546587	482.279	1	1	1	1	1	1	1	0
30.08.2015 11:01:23.147000	-0.0100001	0	-0.00424057	127.402	-672.031	0.0797526	5	4	4	4	0.252229	369	62.1774	0	0	0	0.282465	126.532	0.54976	482.361	1	1	1	1	1	1	1	0
30.08.2015 11:01:23.247000	-0.0100001	0	-0.00424057	127.388	-672.023	0.0669126	5	4	4	4	0.240858	369	62.1774	0	0	0	0.289786	126.555	0.549272	482.452	1	1	1	1	1	1	1	0
30.08.2015 11:01:23.347000	-0.0100001	0	-0.00424057	127.383	-672.023	0.0575087	5	4	4	4	0.249664	369	62.1774	0	0	0	0.299508	126.579	0.561724	482.494	1	1	1	1	1	1	1	0
30.08.2015 11:01:23.447000	-0.0100001	0	-0.00424057	127.385	-671.932	0.0484664	5	4	4	4	0.264909	369	62.1774	0	0	0	0.305787	126.6	0.558306	482.587	1	1	1	1	1	1	1	0
30.08.2015 11:01:23.547000	-0.0100001	0	-0.00424057	127.387	-671.297	0.0401476	5	4	4	4	0.268407	369	62.1774	0	0	0	0.316435	126.623	0.552385	482.7	1	1	1	1	1	1	1	0
30.08.2015 11:01:23.647000	-0.0100001	0	-0.00424057	127.385	-659.503	0.0311053	5	4	4	4	0.255854	369	62.1774	0	0	0	0.319647	126.642	0.551653	482.774	1	1	1	1	1	1	1	0
30.08.2015 11:01:23.747000	-0.0100001	0	-0.00424057	127.383	-636.887	0.0265842	5	4	4	4	0.233305	369	62.1774	0	0	0	0.321325	126.65	0.545793	482.827	1	1	1	1	1	1	1	0
30.08.2015 11:01:23.847000	-0.0100001	0	-0.00424057	127.388	-615.599	0.0213397	5	4	4	4	0.262429	369	62.1774	0	0	0	0.319618	126.654	0.549883	482.829	1	1	1	1	1	1	1	0
30.08.2015 11:01:23.947000	-0.0100001	0	-0.00424057	127.391	-590.844	0.0173611	5	4	4	4	0.25088	369	62.1774	0	0	0	0.317824	126.646	0.548051	482.802	1	1	1	1	1	1	1	0
30.08.2015 11:01:24.047000	-0.0100001	0	-0.00424057	127.391	-545.857	0.0148293	5	4	4	4	0.278338	369	62.1774	0	0	0	0.31765	126.63	0.54622	482.751	1	1	1	1	1	1	1	0
30.08.2015 11:01:24.147000	-0.0100001	0	-0.00424057	127.391	-510.852	0.0124783	5	4	4	4	0.269916	369	62.1774	0	0	0	0.317072	126.608	0.550737	482.649	1	1	1	1	1	1	1	0
30.08.2015 11:01:24.247000	-0.0100001	0	-0.00424057	127.391	-472.042	0.0130208	5	4	4	4	0.283954	369	62.1774	0	0	0	0.316667	126.587	0.546098	482.587	1	1	1	1	1	1	1	0
30.08.2015 11:01:24.347000	-0.0100001	0	-0.00424057	127.391	-421.965	0.0108507	5	4	4	4	0.260159	369	62.1774	0	0	0	0.315856	126.555	0.556047	482.426	1	1	1	1	1	1	1	0
30.08.2015 11:01:24.447000	-0.0100001	0	-0.00424057	127.391	-372.031	0.0072338	5	4	4	4	0.265035	369	62.1774	0	0	0	0.316377	126.316	0.552019	481.526	1	1	1	1	1	1	1	0
30.08.2015 11:01:24.547000	-0.0100001	0	-0.00424057	127.391	-329.922	0.00759549	5	4	4	4	0.254595	369	62.1774	0	0	0	0.315336	126.506	0.550188	482.258	1	1	1	1	1	1	1	0
30.08.2015 11:01:24.647000	-0.0100001	0	-0.00424057	127.391	-288.32	0.00614873	5	4	4	4	0.242836	369	62.1774	0	0	0	0.315249	126.479	0.551836	482.15	1	1	1	1	1	1	1	0
30.08.2015 11:01:24.747000	-0.0100001	0	-0.00424057	127.391	-230.594	0.00434028	5	4	4	4	0.265976	369	62.1774	0	0	0	0.314381	126.453	0.552019	482.051	1	1	1	1	1	1	1	0
30.08.2015 11:01:24.847000	-0.0100001	0	-0.00424057	127.391	-189.615	0.00289352	5	4	4	4	0.272639	369	62.1774	0	0	0	0.31441	126.425	0.552629	481.942	1	1	1	1	1	1	1	0
30.08.2015 11:01:24.947000	-0.0100001	0	-0.00424057	127.391	-148.422	0.00108507	5	4	4	4	0.284116	369	62.1774	0	0	0	0.313368	126.394	0.553545	481.818	1	1	1	1	1	1	1	0
30.08.2015 11:01:25.047000	-0.0100001	0	-0.00424057	127.391	-107.138	0.00108507	5	4	4	4	0.265551	369	62.1774	0	0	0	0.313137	126.368	0.554216	481.716	1	1	1	1	1	1	1	0
30.08.2015 11:01:25.147000	-0.0100001	0	-0.00424057	127.391	-49.6133	0.000542535	5	4	4	4	0.263013	369	62.1774	0	0	0	0.312326	126.345	0.55446	481.627	1	1	1	1	1	1	1	0
30.08.2015 11:01:25.247000	-0.0100001	0	-0.00424057	127.391	-8.82292	0.00108507	5	4	4	4	0.274117	369	62.1774	0	0	0	0.312413	126.319	0.551653	481.539	1	1	1	1	1	1	1	0
30.08.2015 11:01:25.347000	-0.0100001	0	-0.00424057	127.391	32.0352	0.00108507	5	4	4	4	0.261955	369	62.1774	0	0	0	0.313223	126.292	0.550127	481.441	1	1	1	1	1	1	1	0
30.08.2015 11:01:25.447000	-0.0100001	0	-0.00424057	127.393	78.151	0.00108507	5	4	4	4	0.250749	369	62.1774	0	0	0	0.315654	126.263	0.553972	481.316	1	1	1	1	1	1	1	0
30.08.2015 11:01:25.547000	-0.0100001	0	-0.00424057	127.395	130.145	0.00217014	5	4	4	4	0.254836	369	62.1774	0	0	0	0.318316	126.239	0.556413	481.213	1	1	1	1	1	1	1	0
30.08.2015 11:01:25.647000	-0.0100001	0	-0.00424057	127.393	170.885	0.00325521	5	4	4	4	0.265363	369	62.1774	0	0	0	0.31901	126.206	0.569964	481.035	1	1	1	1	1	1	1	0
30.08.2015 11:01:25.747000	-0.0100001	0	-0.00424057	127.391	211.609	0.00325521	5	4	4	4	0.27235	369	62.1774	0	0	0	0.321094	126.175	0.568011	480.925	1	1	1	1	1	1	1	0
30.08.2015 11:01:25.847000	-0.0100001	0	-0.00424057	127.391	262.974	0.00289352	5	4	4	4	0.283191	369	62.1774	0	0	0	0.321181	126.153	0.565813	480.849	1	1	1	1	1	1	1	0
30.08.2015 11:01:25.947000	-0.0100001	0	-0.00424057	127.391	308.965	0.00325521	5	4	4	4	0.300219	369	62.1774	0	0	0	0.322859	126.123	0.560137	480.757	1	1	1	1	1	1	1	0
30.08.2015 11:01:26.047000	-0.0100001	0	-0.00424057	127.391	349.685	0.00325521	5	4	4	4	0.270944	369	62.1774	0	0	0	0.323929	126.095	0.554949	480.669	1	1	1	1	1	1	1	0
30.08.2015 11:01:26.147000	-0.0100001	0	-0.00424057	127.398	390.465	0.00325521	5	4	4	4	0.263663	369	62.1774	0	0	0	0.328154	126.073	0.554582	480.585	1	1	1	1	1	1	1	0
30.08.2015 11:01:26.247000	-0.0100001	0	-0.00424057	127.398	446.953	0.00325521	5	4	4	4	0.256561	369	62.1774	0	0	0	0.331019	126.047	0.554643	480.485	1	1	1	1	1	1	1	0
30.08.2015 11:01:26.347000	-0.0100001	0	-0.00424057	127.398	487.414	0.00271267	5	4	4	4	0.261902	369	62.1774	0	0	0	0.334549	126.022	0.555498	480.385	1	1	1	1	1	1	1	0
30.08.2015 11:01:26.447000	-0.0100001	0	-0.00424057	127.398	527.951	0.00289352	5	4	4	4	0.26266	369	62.1774	0	0	0	0.336516	126.001	0.554155	480.311	1	1	1	1	1	1	1	0
30.08.2015 11:01:26.547000	-0.0100001	0	-0.00424057	127.398	566.887	0.00271267	5	4	4	4	0.291961	369	62.1774	0	0	0	0.338137	125.969	0.556475	480.181	1	1	1	1	1	1	1	0
30.08.2015 11:01:26.647000	-0.0100001	0	-0.00424057	127.398	609.56	0.00289352	5	4	4	4	0.290388	369	62.1774	0	0	0	0.338889	125.949	0.554765	480.108	1	1	1	1	1	1	1	0
30.08.2015 11:01:26.747000	-0.0100001	0	-0.00424057	127.398	634.426	0.00325521	5	4	4	4	0.27427	369	62.1774	0	0	0	0.339699	125.923	0.553667	480.014	1	1	1	1	1	1	1	0
30.08.2015 11:01:26.847000	-0.0100001	0	-0.00424057	127.398	653.565	0.00578704	5	4	4	4	0.282382	369	62.1774	0	0	0	0.341088	125.897	0.555925	479.905	1	1	1	1	1	1	1	0
30.08.2015 11:01:26.947000	-0.0100001	0	-0.00424057	127.398	668.934	0.00651042	5	4	4	4	0.27561	369	62.1774	0	0	0	0.340451	125.871	0.556536	479.805	1	1	1	1	1	1	1	0
30.08.2015 11:01:27.047000	-0.0100001	0	-0.00424057	127.398	674.755	0.00578704	5	4	4	4	0.265124	369	62.1774	0	0	0	0.341001	125.851	0.560076	479.715	1	1	1	1	1	1	1	0
30.08.2015 11:01:27.147000	-0.0100001	0	-0.00424057	127.398	674.949	0.00542535	5	4	4	4	0.271466	369	62.1774	0	0	0	0.340133	125.825	0.553667	479.64	1	1	1	1	1	1	1	0
30.08.2015 11:01:27.247000	-0.0100001	0	-0.00424057	127.398	674.99	0.00325521	5	4	4	4	0.263284	369	62.1774	0	0	0	0.340451	125.802	0.55916	479.53	1	1	1	1	1	1	1	0
30.08.2015 11:01:27.347000	-0.0100001	0	-0.00424057	127.398	674.984	0.00217014	5	4	4	4	0.269295	369	62.1774	0	0	0	0.339005	125.78	0.557634	479.451	1	1	1	1	1	1	1	0
30.08.2015 11:01:27.447000	-0.0100001	0	-0.00424057	127.398	674.984	0.00325521	5	4	4	4	0.286845	369	62.1774	0	0	0	0.338744	125.613	0.554521	478.824	1	1	1	1	1	1	1	0
30.08.2015 11:01:27.547000	-0.0100001	0	-0.00424057	127.398	674.973	0.00271267	5	4	4	4	0.279128	369	62.1774	0	0	0	0.336834	125.738	0.559099	479.284	1	1	1	1	1	1	1	0
30.08.2015 11:01:27.647000	-0.0100001	0	-0.00424057	127.365	675	0.00180845	5	4	4	4	0.284307	369	62.1774	0	0	0	0.336834	125.835	0.554521	479.676	1	1	1	1	1	1	1	0
30.08.2015 11:01:27.747000	-0.0100001	0	-0.00424057	127.355	675.039	0.00108507	5	4	4	4	0.279112	369	62.1774	0	0	0	0.337297	125.673	0.55153	479.065	1	1	1	1	1	1	1	0
30.08.2015 11:01:27.847000	-0.0100001	0	-0.00424057	127.346	675.031	0.00072338	5	4	4	4	0.267849	369	62.1774	0	0	0	0.337731	125.648	0.550798	478.974	1	1	1	1	1	1	1	0
30.08.2015 11:01:27.947000	-0.0100001	0	-0.00424057	127.348	674.992	0.00217014	5	4	4	4	0.273005	369	62.1774	0	0	0	0.339294	125.624	0.55623	478.859	1	1	1	1	1	1	1	0
30.08.2015 11:01:28.047000	-0.0100001	0	-0.00424057	127.344	675.008	0.00289352	5	4	4	4	0.257427	369	62.1774	0	0	0	0.340538	125.601	0.549699	478.795	1	1	1	1	1	1	1	0
30.08.2015 11:01:28.147000	-0.0100001	0	-0.00424057	127.348	674.984	0.00325521	5	4	4	4	0.248	369	62.1774	0	0	0	0.342911	125.581	0.554033	478.702	1	1	1	1	1	1	1	0
30.08.2015 11:01:28.247000	-0.0100001	0	-0.00424057	127.349	675.013	0.00289352	5	4	4	4	0.241763	369	62.1774	0	0	0	0.343056	125.557	0.558916	478.594	1	1	1	1	1	1	1	0
30.08.2015 11:01:28.347000	-0.0100001	0	-0.00424057	127.348	674.984	0.00434028	5	4	4	4	0.254599	369	62.1774	0	0	0	0.34566	125.53	0.569353	478.45	1	1	1	1	1	1	1	0
30.08.2015 11:01:28.447000	-0.0100001	0	-0.00424057	127.352	674.987	0.00506366	5	4	4	4	0.260037	369	62.1774	0	0	0	0.346296	125.504	0.572466	478.337	1	1	1	1	1	1	1	0
30.08.2015 11:01:28.547000	-0.0100001	0	-0.00424057	127.367	674.996	0.00488281	5	4	4	4	0.268406	369	62.1774	0	0	0	0.347917	125.487	0.566179	478.297	1	1	1	1	1	1	1	0
30.08.2015 11:01:28.647000	-0.0100001	0	-0.00424057	127.362	675.068	0.00687211	5	4	4	4	0.289029	369	62.1774	0	0	0	0.348727	125.462	0.565264	478.204	1	1	1	1	1	1	1	0
30.08.2015 11:01:28.747000	-0.0100001	0	-0.00424057	127.367	675.004	0.00542535	5	4	4	4	0.296033	369	62.1774	0	0	0	0.35	125.438	0.562517	478.125	1	1	1	1	1	1	1	0
30.08.2015 11:01:28.847000	-0.0100001	0	-0.00424057	127.349	675.065	0.00253183	5	4	4	4	0.284044	369	62.1774	0	0	0	0.350203	125.42	0.560808	478.061	1	1	1	1	1	1	1	0
30.08.2015 11:01:28.947000	-0.0100001	0	-0.00424057	127.375	675.094	0.00325521	5	4	4	4	0.260584	369	62.1774	0	0	0	0.351128	125.398	0.559893	477.981	1	1	1	1	1	1	1	0
30.08.2015 11:01:29.047000	-0.0100001	0	-0.00424057	127.352	675.052	0.00325521	5	4	4	4	0.277605	369	62.1774	0	0	0	0.351649	125.375	0.559771	477.893	1	1	1	1	1	1	1	0
30.08.2015 11:01:29.147000	-0.0100001	0	-0.00424057	127.352	675.039	0.00325521	5	4	4	4	0.260266	369	62.1774	0	0	0	0.351302	125.349	0.559832	477.794	1	1	1	1	1	1	1	0
30.08.2015 11:01:29.247000	-0.0100001	0	-0.00424057	127.352	675.021	0.00289352	5	4	4	4	0.259102	369	62.1774	0	0	0	0.352112	125.333	0.559277	477.737	1	1	1	1	1	1	1	0
30.08.2015 11:01:29.347000	-0.0100001	0	-0.00424057	127.359	675.02	0.00325521	5	4	4	4	0.278627	369	62.1774	0	0	0	0.351707	125.309	0.557849	477.645	1	1	1	1	1	1	1	0
30.08.2015 11:01:29.447000	-0.0100001	0	-0.00424057	127.354	675	0.00397859	5	4	4	4	0.262775	369	62.1774	0	0	0	0.352568	125.291	0.558777	477.574	1	1	1	1	1	1	1	0
30.08.2015 11:01:29.547000	-0.0100001	0	-0.00424057	127.359	674.984	0.00542535	5	4	4	4	0.272402	369	62.1774	0	0	0	0.35183	125.267	0.561602	477.472	1	1	1	1	1	1	1	0
30.08.2015 11:01:29.647000	-0.0100001	0	-0.00424057	127.357	674.992	0.00614873	5	4	4	4	0.259877	369	62.1774	0	0	0	0.352742	125.243	0.558794	477.392	1	1	1	1	1	1	1	0
30.08.2015 11:01:29.747000	-0.0100001	0	-0.00424057	127.359	674.984	0.00596788	5	4	4	4	0.252743	369	62.1774	0	0	0	0.352532	125.222	0.56325	477.291	1	1	1	1	1	1	1	0
30.08.2015 11:01:29.847000	-0.0100001	0	-0.00424057	127.359	674.984	0.00470197	5	4	4	4	0.257967	369	62.1774	0	0	0	0.353465	125.202	0.55855	477.236	1	1	1	1	1	1	1	0
30.08.2015 11:01:29.947000	-0.0100001	0	-0.00424057	127.359	674.984	0.00596788	5	4	4	4	0.260191	369	62.1774	0	0	0	0.353545	125.181	0.560381	477.148	1	1	1	1	1	1	1	0
30.08.2015 11:01:30.047000	-0.0100001	0	-0.00424057	127.357	674.984	0.00325521	5	4	4	4	0.240944	369	62.1774	0	0	0	0.354188	125.158	0.561235	477.056	1	1	1	1	1	1	1	0
30.08.2015 11:01:30.147000	-0.0100001	0	-0.00424057	127.355	674.973	0.00217014	5	4	4	4	0.26086	369	62.1774	0	0	0	0.354145	125.14	0.561663	476.987	1	1	1	1	1	1	1	0
30.08.2015 11:01:30.247000	-0.0100001	0	-0.00424057	127.359	674.969	0.00108507	5	4	4	4	0.260231	369	62.1774	0	0	0	0.353899	125.115	0.558977	476.9	1	1	1	1	1	1	1	0
30.08.2015 11:01:30.347000	-0.0100001	0	-0.00424057	127.359	674.988	0.00108507	5	4	4	4	0.275395	369	62.1774	0	0	0	0.354145	125.096	0.559038	476.826	1	1	1	1	1	1	1	0
30.08.2015 11:01:30.447000	-0.0100001	0	-0.00424057	127.359	674.979	0.00036169	5	4	4	4	0.277929	369	62.1774	0	0	0	0.353899	125.079	0.560808	476.756	1	1	1	1	1	1	1	0
30.08.2015 11:01:30.547000	-0.0100001	0	-0.00424057	127.355	674.969	0.00108507	5	4	4	4	0.272878	369	62.1774	0	0	0	0.354434	125.058	0.559709	476.679	1	1	1	1	1	1	1	0
30.08.2015 11:01:30.647000	-0.0100001	0	-0.00424057	127.357	674.961	-0.000723379	5	4	4	4	0.263484	369	62.1774	0	0	0	0.353899	125.038	0.559648	476.603	1	1	1	1	1	1	1	0
30.08.2015 11:01:30.747000	-0.0100001	0	-0.00424057	127.359	674.961	0.00108507	5	4	4	4	0.253286	369	62.1774	0	0	0	0.354434	125.02	0.559648	476.534	1	1	1	1	1	1	1	0
30.08.2015 11:01:30.847000	-0.0100001	0	-0.00424057	127.359	674.961	0.00036169	5	4	4	4	0.23809	369	62.1774	0	0	0	0.354167	124.998	0.558	476.457	1	1	1	1	1	1	1	0
30.08.2015 11:01:30.947000	-0.0100001	0	-0.00424057	127.359	674.961	0.00108507	5	4	4	4	0.249873	369	62.1774	0	0	0	0.354456	124.982	0.562334	476.379	1	1	1	1	1	1	1	0
30.08.2015 11:01:31.047000	-0.0100001	0	-0.00424057	127.359	674.961	0.00144676	5	4	4	4	0.269869	369	62.1774	0	0	0	0.354167	124.962	0.572466	476.262	1	1	1	1	1	1	1	0
30.08.2015 11:01:31.147000	-0.0100001	0	-0.00424057	127.359	674.961	0.00108507	5	4	4	4	0.273577	369	62.1774	0	0	0	0.354745	124.936	0.577837	476.142	1	1	1	1	1	1	1	0
30.08.2015 11:01:31.247000	-0.0100001	0	-0.00424057	127.359	674.958	0.00108507	5	4	4	4	0.28784	369	62.1774	0	0	0	0.354434	124.919	0.576312	476.084	1	1	1	1	1	1	1	0
30.08.2015 11:01:31.347000	-0.0100001	0	-0.00424057	127.359	674.957	0.00108507	5	4	4	4	0.266364	369	62.1774	0	0	0	0.354644	124.895	0.572222	476.007	1	1	1	1	1	1	1	0
30.08.2015 11:01:31.447000	-0.0100001	0	-0.00424057	127.359	674.958	0.00072338	5	4	4	4	0.284496	369	62.1774	0	0	0	0.354557	124.881	0.575396	475.943	1	1	1	1	1	1	1	0
30.08.2015 11:01:31.547000	-0.0100001	0	-0.00424057	127.355	674.953	0.00108507	5	4	4	4	0.281149	369	62.1774	0	0	0	0.354767	124.86	0.570635	475.878	1	1	1	1	1	1	1	0
30.08.2015 11:01:31.647000	-0.0100001	0	-0.00424057	127.359	674.953	0.00108507	5	4	4	4	0.282323	369	62.1774	0	0	0	0.355013	124.842	0.571978	475.805	1	1	1	1	1	1	1	0
30.08.2015 11:01:31.747000	-0.0100001	0	-0.00424057	127.359	674.949	0.00108507	5	4	4	4	0.262611	369	62.1774	0	0	0	0.354478	124.823	0.577654	475.712	1	1	1	1	1	1	1	0
30.08.2015 11:01:31.847000	-0.0100001	0	-0.00424057	127.359	674.945	0.00108507	5	4	4	4	0.285027	369	62.1774	0	0	0	0.354724	124.805	0.58449	475.617	1	1	1	1	1	1	1	0
30.08.2015 11:01:31.947000	-0.0100001	0	-0.00424057	127.355	674.945	0.00271267	5	4	4	4	0.280589	369	62.1774	0	0	0	0.355013	124.786	0.596698	475.497	1	1	1	1	1	1	1	0
30.08.2015 11:01:32.047000	-0.0100001	0	-0.00424057	127.354	674.945	0.00289352	5	4	4	4	0.272789	369	62.1774	0	0	0	0.356192	124.765	0.608844	475.371	1	1	1	1	1	1	1	0
30.08.2015 11:01:32.147000	-0.0100001	0	-0.00424057	127.359	674.945	0.00271267	5	4	4	4	0.292271	369	62.1774	0	0	0	0.355613	124.773	0.621845	475.349	1	1	1	1	1	1	1	0
30.08.2015 11:01:32.247000	-0.0100001	0	-0.00424057	127.359	674.945	0.00180845	5	4	4	4	0.281579	369	62.1774	0	0	0	0.35646	124.737	0.627033	475.193	1	1	1	1	1	1	1	0
30.08.2015 11:01:32.347000	-0.0100001	0	-0.00424057	127.359	674.961	0.00108507	5	4	4	4	0.273044	369	62.1774	0	0	0	0.355758	124.71	0.639119	475.042	1	1	1	1	1	1	1	0
30.08.2015 11:01:32.447000	-0.0100001	0	-0.00424057	127.359	674.969	0.00144676	5	4	4	4	0.250754	369	62.1774	0	0	0	0.355802	124.692	0.646138	474.947	1	1	1	1	1	1	1	0
30.08.2015 11:01:32.547000	-0.0100001	0	-0.00424057	127.359	674.961	0.00108507	5	4	4	4	0.256409	369	62.1774	0	0	0	0.355592	124.711	0.646992	475.017	1	1	1	1	1	1	1	0
30.08.2015 11:01:32.647000	-0.0100001	0	-0.00424057	127.359	674.961	0.00108507	5	4	4	4	0.256837	369	62.1774	0	0	0	0.355635	124.67	0.653584	474.836	1	1	1	1	1	1	1	0
30.08.2015 11:01:32.747000	-0.0100001	0	-0.00424057	127.359	674.969	0.00108507	5	4	4	4	0.257347	369	62.1774	0	0	0	0.35617	124.655	0.658345	474.757	1	1	1	1	1	1	1	0
30.08.2015 11:01:32.847000	-0.0100001	0	-0.00424057	127.359	674.979	0.00036169	5	4	4	4	0.253785	369	62.1774	0	0	0	0.355635	124.637	0.664266	474.666	1	1	1	1	1	1	1	0
30.08.2015 11:01:32.947000	-0.0100001	0	-0.00424057	127.359	674.969	0.00271267	5	4	4	4	0.254037	369	62.1774	0	0	0	0.356293	124.618	0.671407	474.567	1	1	1	1	1	1	1	0
30.08.2015 11:01:33.047000	-0.0100001	0	-0.00424057	127.359	674.961	0.00108507	5	4	4	4	0.265352	369	62.1774	0	0	0	0.356337	124.618	0.67745	474.542	1	1	1	1	1	1	1	0
30.08.2015 11:01:33.147000	-0.0100001	0	-0.00424057	127.359	674.961	0.00108507	5	4	4	4	0.256111	369	62.1774	0	0	0	0.357205	124.569	0.688803	474.312	1	1	1	1	1	1	1	0
30.08.2015 11:01:33.247000	-0.0100001	0	-0.00424057	127.359	674.971	0.00072338	5	4	4	4	0.254608	369	62.1774	0	0	0	0.356337	124.562	0.698508	474.247	1	1	1	1	1	1	1	0
30.08.2015 11:01:33.347000	-0.0100001	0	-0.00424057	127.359	674.977	0.000542535	5	4	4	4	0.248686	369	62.1774	0	0	0	0.356626	124.541	0.705832	474.141	1	1	1	1	1	1	1	0
30.08.2015 11:01:33.447000	-0.0100001	0	-0.00424057	127.359	674.982	0.00072338	5	4	4	4	0.245251	369	62.1774	0	0	0	0.356337	124.528	0.720054	474.036	1	1	1	1	1	1	1	0
30.08.2015 11:01:33.547000	-0.0100001	0	-0.00424057	127.359	674.984	0.0016276	5	4	4	4	0.264865	369	62.1774	0	0	0	0.356793	124.515	0.744896	473.893	1	1	1	1	1	1	1	0
30.08.2015 11:01:33.647000	-0.0100001	0	-0.00424057	127.359	674.992	0.00108507	5	4	4	4	0.268182	369	62.1774	0	0	0	0.35646	124.487	0.752953	473.751	1	1	1	1	1	1	1	0
30.08.2015 11:01:33.747000	-0.0100001	0	-0.00424057	127.359	674.992	0.00108507	5	4	4	4	0.276396	369	62.1774	0	0	0	0.356793	124.466	0.757042	473.655	1	1	1	1	1	1	1	0
30.08.2015 11:01:33.847000	-0.0100001	0	-0.00424057	127.359	674.992	0.00108507	5	4	4	4	0.28146	369	62.1774	0	0	0	0.35646	124.44	0.763146	473.534	1	1	1	1	1	1	1	0
30.08.2015 11:01:33.947000	-0.0100001	0	-0.00424057	127.359	674.996	0.00108507	5	4	4	4	0.272652	369	62.1774	0	0	0	0.355801	124.415	0.774132	473.395	1	1	1	1	1	1	1	0
30.08.2015 11:01:34.047000	-0.0100001	0	-0.00424057	127.359	675.016	0.00108507	5	4	4	4	0.268206	369	62.1774	0	0	0	0.356026	124.394	0.787866	473.261	1	1	1	1	1	1	1	0
30.08.2015 11:01:34.147000	-0.0100001	0	-0.00424057	127.359	675.016	0.00108507	5	4	4	4	0.261763	369	62.1774	0	0	0	0.355736	124.384	0.800623	473.176	1	1	1	1	1	1	1	0
30.08.2015 11:01:34.247000	-0.0100001	0	-0.00424057	127.349	675.003	0.00108507	5	4	4	4	0.274801	369	62.1774	0	0	0	0.356337	124.399	0.801477	473.231	1	1	1	1	1	1	1	0
30.08.2015 11:01:34.347000	-0.0100001	0	-0.00424057	127.348	675.039	0.00108507	5	4	4	4	0.268569	369	62.1774	0	0	0	0.355223	124.36	0.797204	473.097	1	1	1	1	1	1	1	0
30.08.2015 11:01:34.447000	-0.0100001	0	-0.00424057	127.344	675.01	0.00036169	5	4	4	4	0.273827	369	62.1774	0	0	0	0.355736	124.344	0.796716	473.037	1	1	1	1	1	1	1	0
30.08.2015 11:01:34.547000	-0.0100001	0	-0.00424057	127.359	675.027	0.00108507	5	4	4	4	0.270522	369	62.1774	0	0	0	0.355613	124.318	0.800867	472.924	1	1	1	1	1	1	1	0
30.08.2015 11:01:34.647000	-0.0100001	0	-0.00424057	127.352	675.013	0.00108507	5	4	4	4	0.271594	369	62.1774	0	0	0	0.355635	124.311	0.80166	472.891	1	1	1	1	1	1	1	0
30.08.2015 11:01:34.747000	-0.0100001	0	-0.00424057	127.352	675.02	0.00108507	5	4	4	4	0.271129	369	62.1774	0	0	0	0.355715	124.275	0.799951	472.762	1	1	1	1	1	1	1	0
30.08.2015 11:01:34.847000	-0.0100001	0	-0.00424057	127.352	675.039	-0.00072338	5	4	4	4	0.256841	369	62.1774	0	0	0	0.356358	124.285	0.803858	472.786	1	1	1	1	1	1	1	0
30.08.2015 11:01:34.947000	-0.0100001	0	-0.00424057	127.344	675.055	0.000542535	5	4	4	4	0.248928	369	62.1774	0	0	0	0.356149	124.258	0.801843	472.688	1	1	1	1	1	1	1	0
30.08.2015 11:01:35.047000	-0.0100001	0	-0.00424057	127.352	675.031	0.00072338	5	4	4	4	0.275683	369	62.1774	0	0	0	0.356525	124.237	0.796289	472.63	1	1	1	1	1	1	1	0
30.08.2015 11:01:35.147000	-0.0100001	0	-0.00424057	127.355	675.047	0.0016276	5	4	4	4	0.253364	369	62.1774	0	0	0	0.356438	124.216	0.800317	472.533	1	1	1	1	1	1	1	0
30.08.2015 11:01:35.247000	-0.0100001	0	-0.00424057	127.359	675.049	0.00108507	5	4	4	4	0.275656	369	62.1774	0	0	0	0.357082	124.202	0.800012	472.481	1	1	1	1	1	1	1	0
30.08.2015 11:01:35.347000	-0.0100001	0	-0.00424057	127.352	675.066	0.00108507	5	4	4	4	0.266262	369	62.1774	0	0	0	0.357038	124.187	0.794946	472.442	1	1	1	1	1	1	1	0
30.08.2015 11:01:35.447000	-0.0100001	0	-0.00424057	127.354	675.052	0.00253183	5	4	4	4	0.248478	369	62.1774	0	0	0	0.357082	124.176	0.796106	472.398	1	1	1	1	1	1	1	0
30.08.2015 11:01:35.547000	-0.0100001	0	-0.00424057	127.359	675.047	0.00325521	5	4	4	4	0.236649	369	62.1774	0	0	0	0.35774	124.155	0.802454	472.293	1	1	1	1	1	1	1	0
30.08.2015 11:01:35.647000	-0.0100001	0	-0.00424057	127.359	675.042	0.00289352	5	4	4	4	0.250928	369	62.1774	0	0	0	0.357516	124.145	0.822596	472.176	1	1	1	1	1	1	1	0
30.08.2015 11:01:35.747000	-0.0100001	0	-0.00424057	127.355	675.027	0.00488281	5	4	4	4	0.273872	369	62.1774	0	0	0	0.357928	124.118	0.816675	472.094	1	1	1	1	1	1	1	0
30.08.2015 11:01:35.847000	-0.0100001	0	-0.00424057	127.359	675.031	0.00542535	5	4	4	4	0.266652	369	62.1774	0	0	0	0.35706	124.097	0.810633	472.04	1	1	1	1	1	1	1	0
30.08.2015 11:01:35.947000	-0.0100001	0	-0.00424057	127.359	675.031	0.00651042	5	4	4	4	0.256483	369	62.1774	0	0	0	0.357928	124.08	0.80813	471.983	1	1	1	1	1	1	1	0
30.08.2015 11:01:36.047000	-0.0100001	0	-0.00424057	127.359	675.031	0.00759549	5	4	4	4	0.264899	369	62.1774	0	0	0	0.357328	124.063	0.805139	471.931	1	1	1	1	1	1	1	0
30.08.2015 11:01:36.147000	-0.0100001	0	-0.00424057	127.359	675.031	0.00813802	5	4	4	4	0.24543	369	62.1774	0	0	0	0.357371	124.051	0.803674	471.89	1	1	1	1	1	1	1	0
30.08.2015 11:01:36.247000	-0.0100001	0	-0.00424057	127.359	675.027	0.00868056	5	4	4	4	0.258707	369	62.1774	0	0	0	0.35735	124.036	0.79903	471.848	1	1	1	1	1	1	1	0
