Time	[76:0]	[76:1]	[76:2]	[76:4]	[76:8]	[76:70]	[76:71]	[78:0]	[78:1]	[78:2]	[79:2]	[79:3]	[79:4]	[79:8]	[79:9]	[79:10]	[79:11]	[79:12]	[79:13]	[79:14]	[79.0]	[79.1]	[79.2]	[79.3]	[79.4]	[79.5]	[79.6]	[79.8]
time	Hoogteverstelling - Referentie positie (mm)	Hoogteverstelling - AZ gemeten positie (mm)	Hoogteverstelling - BZ gemeten positie (mm)	Transfert Ingang - Gemeten positie (mm)	Transfert Uitgang - Gemeten positie (mm)	Aardgas - actueel debiet	Stappenschakelaar - gemeten pos	Laspos Ing - positie discreet	Laspos Uitg - positie discreet	Schaafverstelling - positie discreet	Stuikraam - Totale Stroommeting RMS-waarde (A)	Stuikraam - Stroomreferentie (A)	Stuikraam - Positie AZ (mm, pulsgever)	Stuikraam - Referentie Servo-ventiel (%)	Stuikraam - Trim door I-regelaar (%)	Stuikraam - Gemeten snelheid (mm/s, pulsgever)	Secundaire lasspanning	Stuikraam - Druk stuikcilinder voorkamer (=laszijde)  (bar)	Stuikraam - Druk stuikcilinder terugloopkamer  (bar)	Stuikraam - Netto voorwaartse kracht op stuikraam (kN)	Stuikraam - P1	Stuikraam - P2	Stuikraam - P3	Stuikraam - P4	Stuikraam - P5	Stuikraam - P6	Stuikraam - P7	Stuikraam - Openen stuikventielen	

Lasparameter.Ingang - Coil ID	0363239S
Lasparameter.Ingang - Dikte (um)	3040
Lasparameter.Ingang - Breedte (mm)	0755
Lasparameter.Ingang - Materiaal	0001
Lasparameter.Uitgang - Coil ID	0364146S
Lasparameter.Uitgang - Dikte (um)	3140
Lasparameter.Uitgang - Breedte (mm)	0882
Lasparameter.Uitgang - Materiaal	0001
Lasparameter.P2 (mm)	32.0
Lasparameter.P3 (mm)	42.0
Lasparameter.P4 (mm)	50.2
Lasparameter.P5 (mm)	56.9
Lasparameter.P6 (mm)	62.7
Lasparameter.P7 (mm)	66.2
Lasparameter.Vonksnelheid (mm/s)	1.20
Lasparameter.Lassnelheid (mm/s)	0.48
Lasparameter.Stroom Referentie (A)	0252
Lasparameter.Stroomtoename (µA/s2)	60.7
Lasparameter.Stuikstroomtijd (per)	0007
Lasparameter.Afkoeltijd Stuik (per)	0010
Lasparameter.Stuikdruk (bar)	0094
Lasparameter.Stuiksnelheid (%)	90.0

09.09.2015 05:01:11.787000	0.0500001	0.047131	0.0592535	0	-490.762	0.00325521	4	3	3	3	0.288844	252	0	0	0	0	0.151729	4.96103	121.686	-446.916	1	0	0	0	0	0	0	0
09.09.2015 05:01:11.887000	0.0500001	0.047131	0.0592535	0	-529.809	0.00108507	4	3	3	3	0.270593	252	0	0	0	0	0.154188	5.32316	121.67	-445.469	1	0	0	0	0	0	0	0
09.09.2015 05:01:11.987000	0.0500001	0.047131	0.0592535	0.00260417	-572.081	0.0036169	4	3	3	3	0.271614	252	0	0	0	0	0.150571	3.8609	121.606	-450.821	1	0	0	0	0	0	0	0
09.09.2015 05:01:12.087000	0.0500001	0.047131	0.0592535	0	-599.613	0.00271267	4	3	3	3	0.280849	252	0	0	0	0	0.153573	4.24519	121.578	-449.245	1	0	0	0	0	0	0	0
09.09.2015 05:01:12.187000	0.0500001	0.047131	0.0592535	0	-621.021	0.00397859	4	3	3	3	0.268544	252	0	0	0	0	0.151259	4.78689	121.566	-447.125	1	0	0	0	0	0	0	0
09.09.2015 05:01:12.287000	0.0500001	0.047131	0.0592535	0	-643.48	0.00651042	4	3	3	3	0.273027	252	0	0	0	0	0.153248	4.35688	121.53	-448.633	1	0	0	0	0	0	0	0
09.09.2015 05:01:12.387000	0.0500001	0.047131	0.0592535	0	-654.81	0.00651042	4	3	3	3	0.283205	252	0	0	0	0	0.151042	4.1211	121.489	-449.379	1	0	0	0	0	0	0	0
09.09.2015 05:01:12.487000	0.0500001	0.047131	0.0592535	0	-662.383	0.00705295	4	3	3	3	0.257197	252	0	0	0	0	0.152814	4.67074	121.471	-447.203	1	0	0	0	0	0	0	0
09.09.2015 05:01:12.587000	0.0500001	0.047131	0.0592535	0	-666.646	0.00651042	4	3	3	3	0.269841	252	0	0	0	0	0.15285	4.45851	121.441	-447.902	1	0	0	0	0	0	0	0
09.09.2015 05:01:12.687000	0.0500001	0.047131	0.0592535	0	-667.867	0.00542535	4	3	3	3	0.290453	252	0	0	0	0	0.151078	7.62792	121.528	-436.1	1	0	0	0	0	0	0	0
09.09.2015 05:01:12.787000	0.0500001	0.047131	0.0592535	-0.015625	-667.888	0.00434028	4	3	3	3	0.273562	252	0	0	0	0	0.152163	2.95608	121.386	-453.446	1	0	0	0	0	0	0	0
09.09.2015 05:01:12.887000	0.0500001	0.047131	0.0592535	-0.0234375	-667.918	0.00217014	4	3	3	3	0.266891	252	0	0	0	0	0.151584	2.47322	121.322	-455.046	1	0	0	0	0	0	0	0
09.09.2015 05:01:12.987000	0.0500001	0.047131	0.0592535	-0.0234375	-667.901	0.00108507	4	3	3	3	0.297088	252	0	0	0	0	0.15285	3.31407	121.317	-451.811	1	0	0	0	0	0	0	0
09.09.2015 05:01:13.087000	0.0500001	0.047131	0.0592535	-0.015625	-667.906	0.00108507	4	3	3	3	0.267925	252	0	0	0	0	0.149269	5.30955	121.345	-444.275	1	0	0	0	0	0	0	0
09.09.2015 05:01:13.187000	0.0500001	0.047131	0.0592535	-0.0208333	-667.906	0.00072338	4	3	3	3	0.324981	252	0	0	0	0	0.15332	5.31712	121.313	-444.124	1	0	0	0	0	0	0	0
09.09.2015 05:01:13.287000	0.0500001	0.047131	0.0592535	-0.015625	-667.906	0.00217014	4	3	3	3	0.357522	252	0	0	0	0	0.150933	5.50108	121.329	-443.48	1	0	0	0	0	0	0	0
09.09.2015 05:01:13.387000	0.0500001	0.047131	0.0592535	-0.0104167	-667.909	0.00289352	4	3	3	3	0.350883	252	0	0	0	0	0.15361	5.06479	121.257	-444.876	1	0	0	0	0	0	0	0
09.09.2015 05:01:13.487000	0.0500001	0.047131	0.0592535	0	-667.914	0.00488281	4	3	3	3	0.341415	252	0	0	0	0	0.15021	5.88366	121.259	-441.748	1	0	0	0	0	0	0	0
09.09.2015 05:01:13.587000	0.0500001	0.047131	0.0592535	-0.00520833	-667.909	0.0036169	4	3	3	3	0.376799	252	0	0	0	0	0.153899	5.8526	121.233	-441.767	1	0	0	0	0	0	0	0
09.09.2015 05:01:13.687000	0.0500001	0.047131	0.0592535	-0.0078125	-667.906	0.00542535	4	3	3	3	0.373082	252	0	0	0	0	0.153212	4.97769	121.185	-444.935	1	0	0	0	0	0	0	0
09.09.2015 05:01:13.787000	0.0500001	0.047131	0.0592535	-0.015625	-667.914	0.00506366	4	3	3	3	0.378054	252	0	0	0	0	0.152922	4.97678	121.155	-444.825	1	0	0	0	0	0	0	0
09.09.2015 05:01:13.887000	0.0500001	0.047131	0.0592535	-0.0234375	-667.91	0.00651042	4	3	3	3	0.390457	252	0	0	0	0	0.152633	2.99118	121.057	-452.052	1	0	0	0	0	0	0	0
09.09.2015 05:01:13.987000	0.0500001	0.047131	0.0592535	0.015625	-667.917	0.00470197	4	3	3	3	0.380404	252	0	0	0	0	0.152959	4.19642	121.051	-447.411	1	0	0	0	0	0	0	0
09.09.2015 05:01:14.087000	0.0500001	0.047131	0.0592535	0.421875	-667.922	0.00217014	4	3	3	3	0.385236	252	0	0	0	0	0.155418	5.09256	121.054	-443.994	1	0	0	0	0	0	0	0
09.09.2015 05:01:14.187000	0.0500001	0.047131	0.0592535	4.09375	-667.914	0.0036169	4	3	3	3	0.361839	252	0	0	0	0	0.153139	4.54915	121.014	-445.92	1	0	0	0	0	0	0	0
09.09.2015 05:01:14.287000	0.0500001	0.047131	0.0592535	16.7734	-667.922	0.00325521	4	3	3	3	0.390424	252	0	0	0	0	0.155852	5.11197	121.006	-443.735	1	0	0	0	0	0	0	0
09.09.2015 05:01:14.387000	0.0500001	0.047131	0.0592535	34.4245	-667.917	0.00325521	4	3	3	3	0.371052	252	0	0	0	0	0.154478	4.51369	121.092	-446.355	1	0	0	0	0	0	0	0
09.09.2015 05:01:14.487000	0.0500001	0.047131	0.0592535	60.4922	-667.914	0.00325521	4	3	3	3	0.367336	252	0	0	0	0	0.156395	4.02734	121.251	-448.825	1	0	0	0	0	0	0	0
09.09.2015 05:01:14.587000	0.0500001	0.047131	0.0592535	92.6745	-667.924	0.00289352	4	3	3	3	0.378052	252	0	0	0	0	0.152922	4.63143	121.456	-447.298	1	0	0	0	0	0	0	0
09.09.2015 05:01:14.687000	0.0500001	0.047131	0.0592535	123.832	-667.914	0.00271267	4	3	3	3	0.397385	252	0	0	0	0	0.157733	4.41363	121.764	-449.314	1	0	0	0	0	0	0	0
09.09.2015 05:01:14.787000	0.0500001	0.047131	0.0592535	159.987	-667.922	0.0036169	4	3	3	3	0.388087	252	0	0	0	0	0.154941	4.82098	122.978	-452.387	1	0	0	0	0	0	0	0
09.09.2015 05:01:14.887000	0.0500001	0.047131	0.0592535	217.082	-667.922	0.00325521	4	3	3	3	0.387755	252	0	0	0	0	0.157118	4.5746	123.113	-453.855	1	0	0	0	0	0	0	0
09.09.2015 05:01:14.987000	0.0500001	0.047131	0.0592535	259.328	-667.922	0.00325521	4	3	3	3	0.366311	252	0	0	0	0	0.154514	4.56539	123.378	-454.91	1	0	0	0	0	0	0	0
09.09.2015 05:01:15.087000	0.0500001	0.047131	0.0592535	301.645	-667.926	0.00379774	4	3	3	3	0.369922	252	0	0	0	0	0.156626	4.66225	123.628	-455.496	1	0	0	0	0	0	0	0
09.09.2015 05:01:15.187000	0.0500001	0.047131	0.0592535	349.393	-667.927	0.00289352	4	3	3	3	0.364939	252	0	0	0	0	0.156568	4.49831	123.834	-456.912	1	0	0	0	0	0	0	0
09.09.2015 05:01:15.287000	0.0500001	0.047131	0.0592535	402.766	-667.93	0.00325521	4	3	3	3	0.375162	252	0	0	0	0	0.155642	4.61727	124.086	-457.422	1	0	0	0	0	0	0	0
09.09.2015 05:01:15.387000	0.0500001	0.047131	0.0592535	443.578	-667.93	0.00289352	4	3	3	3	0.384628	252	0	0	0	0	0.156684	4.48933	124.287	-458.682	1	0	0	0	0	0	0	0
09.09.2015 05:01:15.487000	0.0500001	0.047131	0.0592535	477.043	-667.93	0.00379774	4	3	3	3	0.396113	252	0	0	0	0	0.15544	4.17811	124.365	-460.173	1	0	0	0	0	0	0	0
09.09.2015 05:01:15.587000	0.0500001	0.047131	0.0592535	500.237	-667.93	0.00325521	4	3	3	3	0.390345	252	0	0	0	0	0.158565	4.41694	124.665	-460.407	1	0	0	0	0	0	0	0
09.09.2015 05:01:15.687000	0.0500001	0.047131	0.0592535	516.434	-667.93	0.0016276	4	3	3	3	0.380255	252	0	0	0	0	0.154832	4.50301	125.356	-462.724	1	0	0	0	0	0	0	0
09.09.2015 05:01:15.787000	0.0500001	0.047131	0.0592535	532.539	-667.93	0.00144676	4	3	3	3	0.382263	252	0	0	0	0	0.158247	4.44118	125.403	-463.137	1	0	0	0	0	0	0	0
09.09.2015 05:01:15.887000	0.0500001	0.047131	0.0592535	548.133	-667.93	0.0016276	4	3	3	3	0.376475	252	0	0	0	0	0.156134	4.37898	125.503	-463.76	1	0	0	0	0	0	0	0
09.09.2015 05:01:15.987000	0.0500001	0.047131	0.0592535	567.646	-667.93	0.00108507	4	3	3	3	0.368435	252	0	0	0	0	0.159086	4.48329	125.676	-464.021	1	0	0	0	0	0	0	0
09.09.2015 05:01:16.087000	0.0500001	0.047131	0.0592535	585.273	-667.93	0.00271267	4	3	3	3	0.388346	252	0	0	0	0	0.155208	4.45705	125.969	-465.243	1	0	0	0	0	0	0	0
09.09.2015 05:01:16.187000	0.0500001	0.047131	0.0592535	599.711	-667.932	0.00108507	4	3	3	3	0.370465	252	0	0	0	0	0.159086	4.35005	126.292	-466.891	1	0	0	0	0	0	0	0
09.09.2015 05:01:16.287000	0.0500001	0.047131	0.0592535	614.262	-667.938	0.00325521	4	3	3	3	0.368303	252	0	0	0	0	0.157031	4.46333	126.5	-467.255	1	0	0	0	0	0	0	0
09.09.2015 05:01:16.387000	0.0500001	0.047131	0.0592535	634.313	-667.938	0.00217014	4	3	3	3	0.380764	252	0	0	0	0	0.157784	4.44569	126.681	-468.016	1	0	0	0	0	0	0	0
09.09.2015 05:01:16.487000	0.0500001	0.047131	0.0592535	647.77	-667.938	0.00325521	4	3	3	3	0.397624	252	0	0	0	0	0.156742	4.49532	126.861	-468.513	1	0	0	0	0	0	0	0
09.09.2015 05:01:16.587000	0.0500001	0.047131	0.0592535	660.604	-667.938	0.00289352	4	3	3	3	0.395324	252	0	0	0	0	0.157552	4.56423	127.054	-468.988	1	0	0	0	0	0	0	0
09.09.2015 05:01:16.687000	0.0500001	0.047131	0.0592535	674.848	-667.938	0.00379774	4	3	3	3	0.386903	252	0	0	0	0	0.15923	4.41493	127.241	-470.276	1	0	0	0	0	0	0	0
09.09.2015 05:01:16.787000	0.0500001	0.047131	0.0592535	687.672	-667.938	0.00470197	4	3	3	3	0.381899	252	0	0	0	0	0.156742	4.39973	127.432	-471.065	1	0	0	0	0	0	0	0
09.09.2015 05:01:16.887000	0.0500001	0.047131	0.0592535	696.746	-667.941	0.00705295	4	3	3	3	0.372611	252	0	0	0	0	0.15923	4.44307	127.526	-471.261	1	0	0	0	0	0	0	0
09.09.2015 05:01:16.987000	0.0500001	0.047131	0.0592535	702.81	-667.943	0.00687211	4	3	3	3	0.375565	252	0	0	0	0	0.156163	4.37788	127.585	-471.734	1	0	0	0	0	0	0	0
09.09.2015 05:01:17.087000	0.0500001	0.047131	0.0592535	706.207	-667.945	0.00651042	4	3	3	3	0.357253	252	0	0	0	0	0.160185	4.31904	128.219	-474.389	1	0	0	0	0	0	0	0
09.09.2015 05:01:17.187000	0.0500001	0.047131	0.0592535	706.943	-667.945	0.0072338	4	3	3	3	0.352772	252	0	0	0	0	0.155961	4.4344	128.362	-474.494	1	0	0	0	0	0	0	0
09.09.2015 05:01:17.287000	0.0500001	0.047131	0.0592535	707.102	-667.945	0.00705295	4	3	3	3	0.35126	252	0	0	0	0	0.158449	4.4026	128.376	-474.669	1	0	0	0	0	0	0	0
09.09.2015 05:01:17.387000	0.0500001	0.047131	0.0592535	707.094	-667.945	0.00651042	4	3	3	3	0.368828	252	0	0	0	0	0.158275	4.39058	128.424	-474.899	1	0	0	0	0	0	0	0
09.09.2015 05:01:17.487000	0.0500001	0.047131	0.0592535	707.094	-667.945	0.00651042	4	3	3	3	0.36953	252	0	0	0	0	0.158825	4.9302	128.594	-473.484	1	0	0	0	0	0	0	0
09.09.2015 05:01:17.587000	0.0500001	0.047131	0.0592535	707.094	-667.945	0.00542535	4	3	3	3	0.37845	252	0	0	0	0	0.15761	4.91537	128.888	-474.666	1	0	0	0	0	0	0	0
09.09.2015 05:01:17.687000	0.0500001	0.047131	0.0592535	707.098	-667.945	0.00325521	4	3	3	3	0.348596	252	0	0	0	0	0.158681	4.31104	129.088	-477.747	1	0	0	0	0	0	0	0
09.09.2015 05:01:17.787000	0.0500001	0.047131	0.0592535	707.099	-667.945	0.00397859	4	3	3	3	0.381616	252	0	0	0	0	0.159491	4.3564	129.219	-478.075	1	0	0	0	0	0	0	0
09.09.2015 05:01:17.887000	0.0500001	0.047131	0.0592535	707.102	-667.945	0.00325521	4	3	3	3	0.367505	252	0	0	0	0	0.15706	4.70486	129.316	-477.109	1	0	0	0	0	0	0	0
09.09.2015 05:01:17.987000	0.0500001	0.047131	0.0592535	707.102	-667.945	0.00325521	4	3	3	3	0.40987	252	0	0	0	0	0.159317	4.44331	129.432	-478.556	1	0	0	0	0	0	0	0
09.09.2015 05:01:18.087000	0.0500001	0.047131	0.0592535	707.102	-667.945	0.00325521	4	3	3	3	0.392768	252	0	0	0	0	0.156597	4.42964	129.579	-479.173	1	0	0	0	0	0	0	0
09.09.2015 05:01:18.187000	0.0500001	0.047131	0.0592535	707.099	-667.945	0.00614873	4	3	3	3	0.364464	252	0	0	0	0	0.159259	4.68307	129.718	-478.736	1	0	0	0	0	0	0	0
09.09.2015 05:01:18.287000	0.0500001	0.047131	0.0592535	707.102	-667.945	0.00325521	4	3	3	3	0.385687	252	0	0	0	0	0.155035	4.5533	129.836	-479.682	1	0	0	0	0	0	0	0
09.09.2015 05:01:18.387000	0.0500001	0.047131	0.0592535	707.102	-667.945	0.00325521	4	3	3	3	0.407907	252	0	0	0	0	0.158623	4.49788	129.841	-479.915	1	0	0	0	0	0	0	0
09.09.2015 05:01:18.487000	0.0500001	0.047131	0.0592535	707.102	-667.949	0.00542535	4	3	3	3	0.380776	252	0	0	0	0	0.155758	4.53316	129.855	-479.831	1	0	0	0	0	0	0	0
09.09.2015 05:01:18.587000	0.0500001	0.047131	0.0592535	707.102	-667.953	0.00578704	4	3	3	3	0.38733	252	0	0	0	0	0.15761	4.55654	130.336	-481.586	1	0	0	0	0	0	0	0
09.09.2015 05:01:18.687000	0.0500001	0.047131	0.0592535	707.102	-667.953	0.00651042	4	3	3	3	0.387489	252	0	0	0	0	0.155208	4.55031	130.442	-482.015	1	0	0	0	0	0	0	0
09.09.2015 05:01:18.787000	0.0500001	0.047131	0.0592535	707.102	-667.953	0.00578704	4	3	3	3	0.39345	252	0	0	0	0	0.155845	4.48762	130.357	-481.928	1	0	0	0	0	0	0	0
09.09.2015 05:01:18.887000	0.0500001	0.047131	0.0592535	707.105	-667.953	0.00705295	4	3	3	3	0.364286	252	0	0	0	0	0.156597	3.77587	130.31	-484.473	1	0	0	0	0	0	0	0
09.09.2015 05:01:18.987000	0.0500001	0.047131	0.0592535	707.109	-667.953	0.00795718	4	3	3	3	0.384395	252	0	0	0	0	0.15463	4.34993	128.505	-475.365	1	0	0	0	0	0	0	0
09.09.2015 05:01:19.087000	0.0500001	0.047131	0.0592535	707.109	-667.953	0.00759549	4	3	3	3	0.373281	252	0	0	0	0	0.155324	4.99594	130.653	-481.114	1	0	0	0	0	0	0	0
09.09.2015 05:01:19.187000	0.0500001	0.047131	0.0592535	707.12	-667.953	0.0072338	4	3	3	3	0.359536	252	0	0	0	0	0.152778	5.81231	131.224	-480.176	1	0	0	0	0	0	0	0
09.09.2015 05:01:19.287000	0.0500001	0.047131	0.0592535	707.125	-667.953	0.00651042	4	3	3	3	0.384999	252	0	0	0	0	0.156279	4.56246	130.776	-483.247	1	0	0	0	0	0	0	0
09.09.2015 05:01:19.387000	0.0500001	0.047131	0.0592535	707.125	-667.953	0.00651042	4	3	3	3	0.373239	252	0	0	0	0	0.152517	4.56966	130.027	-480.351	1	0	0	0	0	0	0	0
09.09.2015 05:01:19.487000	0.0500001	0.047131	0.0592535	707.125	-667.953	0.00651042	4	3	3	3	0.395837	252	0	0	0	0	0.155642	5.33366	129.713	-476.225	1	0	0	0	0	0	0	0
09.09.2015 05:01:19.587000	0.0500001	0.047131	0.0592535	707.125	-667.953	0.00470197	4	3	3	3	0.380546	252	0	0	0	0	0.151707	4.8099	129.672	-478.071	1	0	0	0	0	0	0	0
09.09.2015 05:01:19.687000	0.0500001	0.047131	0.0592535	707.125	-667.953	0.00325521	4	3	3	3	0.380286	252	0	0	0	0	0.154861	4.73244	129.679	-478.397	1	0	0	0	0	0	0	0
09.09.2015 05:01:19.787000	0.0500001	0.047131	0.0592535	707.125	-667.953	0.00325521	4	3	3	3	0.37073	252	0	0	0	0	0.151157	5.09995	129.638	-476.833	1	0	0	0	0	0	0	0
09.09.2015 05:01:19.887000	0.0500001	0.047131	0.0592535	707.125	-667.953	0.00325521	4	3	3	3	0.36886	252	0	0	0	0	0.152836	4.92813	129.373	-476.473	1	0	0	0	0	0	0	0
09.09.2015 05:01:19.987000	0.0500001	0.047131	0.0592535	707.125	-667.953	0.00325521	4	3	3	3	0.362606	252	0	0	0	0	0.152257	4.78909	129.128	-476.068	1	0	0	0	0	0	0	0
09.09.2015 05:01:20.087000	0.0500001	0.047131	0.0592535	707.125	-667.953	0.00271267	4	3	3	3	0.367494	252	0	0	0	0	0.152141	4.79177	129.238	-476.479	1	0	0	0	0	0	0	0
09.09.2015 05:01:20.187000	0.0500001	0.047131	0.0592535	707.125	-667.953	0.00180845	4	3	3	3	0.376705	252	0	0	0	0	0.1511	4.19788	129.197	-478.595	1	0	0	0	0	0	0	0
09.09.2015 05:01:20.287000	0.0500001	0.047131	0.0592535	707.125	-667.953	0.00325521	4	3	3	3	0.392344	252	0	0	0	0	0.150434	6.83444	121.476	-438.939	1	0	0	0	0	0	0	0
09.09.2015 05:01:20.387000	0.0500001	0.047131	0.0592535	706.924	-667.953	0.00325521	4	3	3	3	0.378332	252	0.0387987	0	0	0.0195078	0.152575	52.4748	109.722	-219.187	1	0	0	0	0	0	0	0
09.09.2015 05:01:20.487000	0.0500001	0.047131	0.0592535	705.031	-667.953	0.00271267	4	3	3	3	0.393165	252	1.51961	0	0	25.1992	0.150087	115.397	84.6133	117.864	1	0	0	0	0	0	0	0
09.09.2015 05:01:20.587000	0.0500001	0.047131	0.0592535	693.609	-667.948	0.00253183	4	3	3	3	0.366888	252	4.84237	0	0	34.5029	0.151013	110.347	84.1897	100.151	1	0	0	0	0	0	0	0
09.09.2015 05:01:20.687000	0.0500001	0.047131	0.0592535	677.625	-667.945	0.00108507	4	3	3	3	0.372466	252	8.30839	0	0	35.3301	0.148438	111.668	84.5855	103.695	1	0	0	0	0	0	0	0
09.09.2015 05:01:20.787000	0.0500001	0.047131	0.0592535	649.299	-667.953	0.00108507	4	3	3	3	0.390428	252	11.8928	0	0	35.6436	0.152025	114.955	89.1851	98.6675	1	0	0	0	0	0	0	0
09.09.2015 05:01:20.887000	0.0500001	0.047131	0.0592535	624.637	-667.953	0.0016276	4	3	3	3	0.398083	252	15.4618	0	0	35.9556	0.148322	118.268	92.06	100.346	1	0	0	0	0	0	0	0
09.09.2015 05:01:20.987000	0.0500001	0.047131	0.0592535	596.612	-667.953	0.00180845	4	3	3	3	0.382477	252	19.0233	0	0	35.5328	0.151273	120.027	94.0265	99.5509	1	0	0	0	0	0	0	0
09.09.2015 05:01:21.087000	0.0500001	0.047131	0.0592535	556.887	-667.953	0.00325521	4	3	3	3	0.362742	252	22.5584	0	0	35.2249	0.148438	120.03	94.7024	96.9744	1	0	0	0	0	0	0	0
09.09.2015 05:01:21.187000	0.0500001	0.047131	0.0592535	511.307	-667.953	0.00289352	4	3	3	3	0.377961	252	26.0563	0	0	35.2214	0.150463	119.774	94.118	98.2314	1	0	0	0	0	0	0	0
09.09.2015 05:01:21.287000	0.0500001	0.047131	0.0592535	471.656	-667.953	0.00542535	4	3	3	3	0.373411	252	29.5591	0	0	34.9161	0.148148	120.046	94.5128	97.7634	1	0	0	0	0	0	0	0
09.09.2015 05:01:21.387000	0.0500001	0.047131	0.0592535	433.339	-667.956	0.00542535	4	3	3	3	0.352867	252	33.243	28.5	0	42.1361	0.148727	117.833	89.0453	110.224	1	0.8	0	0	0	0	0	0
09.09.2015 05:01:21.487000	0.0500001	0.047131	0.0592535	390.281	-667.957	0.00596788	4	3	3	3	0.372966	252	38.0167	50	0	44.143	0.149826	105.69	86.1144	74.9495	1	1	0	0	0	0	0	0
09.09.2015 05:01:21.587000	0.0500001	0.047131	0.0592535	349.076	-667.961	0.00542535	4	3	3	3	0.37383	252	40.4252	46.76	0	15.7565	0.14809	85.7056	62.289	89.6573	1	1	0	0	0	0	0	0
09.09.2015 05:01:21.687000	0.0500001	0.047131	0.0592535	316.754	-667.977	0.00488281	4	3	3	3	0.371461	252	41.5559	36.9502	0	10.3126	0.149103	61.1513	37.3606	91.0899	1	1	0	0	0	0	0	0
09.09.2015 05:01:21.787000	0.0500001	0.047131	0.0592535	287.253	-667.984	0.00506366	4	3	3	3	41.699	252	42.3338	19.4753	0	7.84975	0.41548	52.1381	28.8549	89.1469	1	1	1	0	0	0	0	0
09.09.2015 05:01:21.887000	0.0500001	0.047131	0.0592535	250.652	-667.984	0.00542535	4	3	3	3	78.6685	252	42.6193	5.58114	0	4.47515	5.71626	48.7287	24.3309	93.4142	1	1	1	0	0	0	0	0
09.09.2015 05:01:21.987000	0.0500001	0.047131	0.0592535	231.802	-667.982	0.00506366	4	3	3	3	79.5103	252	42.7765	5.54002	0	2.82567	10.3568	47.4474	22.5864	95.1878	1	1	1	0	0	0	0	0
09.09.2015 05:01:22.087000	0.0500001	0.047131	0.0592535	216.637	-667.984	0.00596788	4	3	3	3	79.5006	252	42.9193	5.54002	0	1.53109	11.6173	45.9386	21.2533	94.5152	1	1	1	0	0	0	0	0
09.09.2015 05:01:22.187000	0.0500001	0.047131	0.0592535	196.477	-667.984	0.00651042	4	3	3	3	81.7162	252	43.0491	5.54002	0	1.45045	11.9953	45.0482	20.2684	94.8772	1	1	1	0	0	0	0	0
09.09.2015 05:01:22.287000	0.0500001	0.047131	0.0592535	174.648	-667.984	0.00434028	4	3	3	3	78.7807	252	43.176	5.54002	0	1.35876	12.0403	44.4025	19.5793	95.0433	1	1	1	0	0	0	0	0
09.09.2015 05:01:22.387000	0.0500001	0.047131	0.0592535	158.273	-667.984	0.00506366	4	3	3	3	84.2131	252	43.3078	5.54002	0	1.34461	12.0303	43.7808	19.0299	94.7662	1	1	1	0	0	0	0	0
09.09.2015 05:01:22.487000	0.0500001	0.047131	0.0592535	144.34	-667.984	0.00651042	4	3	3	3	86.3461	252	43.4306	5.54002	0	1.24995	11.9531	43.3536	18.6107	94.7358	1	1	1	0	0	0	0	0
09.09.2015 05:01:22.587000	0.0500001	0.047131	0.0592535	134.26	-667.984	0.00434028	4	3	3	3	84.4944	252	43.555	5.54002	0	1.25087	11.8812	43.1263	18.3153	94.9964	1	1	1	0	0	0	0	0
09.09.2015 05:01:22.687000	0.0500001	0.047131	0.0592535	128.477	-667.992	0.00705295	4	3	3	3	80.4115	252	43.6774	5.54002	0	1.25605	11.9022	42.9032	18.0976	94.9758	1	1	1	0	0	0	0	0
09.09.2015 05:01:22.787000	0.0500001	0.047131	0.0592535	125.133	-667.997	0.00651042	4	3	3	3	79.7247	252	43.7987	5.54002	0	1.25198	11.9868	42.7736	17.98	94.9297	1	1	1	0	0	0	0	0
09.09.2015 05:01:22.887000	0.0500001	0.047131	0.0592535	125.48	-668	0.00651042	4	3	3	3	80.9869	252	43.9176	5.54002	0	1.21907	12.0163	42.6696	17.8581	94.9982	1	1	1	0	0	0	0	0
09.09.2015 05:01:22.987000	0.0500001	0.047131	0.0592535	127.409	-668	0.00651042	4	3	3	3	81.0275	252	44.038	5.54002	0	1.21872	12.0491	42.5547	17.8043	94.7643	1	1	1	0	0	0	0	0
09.09.2015 05:01:23.087000	0.0500001	0.047131	0.0592535	127.262	-668	0.00651042	4	3	3	3	81.6486	252	44.1613	5.54002	0	1.18422	12.0448	42.4733	17.7304	94.7358	1	1	1	0	0	0	0	0
09.09.2015 05:01:23.187000	0.0500001	0.047131	0.0592535	127.302	-668	0.00687211	4	3	3	3	80.5806	252	44.2767	5.54002	0	1.18422	12.0499	42.4675	17.6782	94.9132	1	1	1	0	0	0	0	0
09.09.2015 05:01:23.287000	0.0500001	0.047131	0.0592535	127.305	-668.008	0.00705295	4	3	3	3	86.2978	252	44.3956	5.54002	0	1.1895	12.0259	42.4401	17.6537	94.9022	1	1	1	0	0	0	0	0
09.09.2015 05:01:23.387000	0.0500001	0.047131	0.0592535	127.305	-668.008	0.00687211	4	3	3	3	85.3714	252	44.5135	5.54002	0	1.18996	11.9535	42.3895	17.6459	94.7383	1	1	1	0	0	0	0	0
09.09.2015 05:01:23.487000	0.0500001	0.047131	0.0592535	127.305	-668.008	0.00651042	4	3	3	3	86.7502	252	44.6279	5.54002	0	1.18075	11.9079	42.3812	17.6282	94.7743	1	1	1	0	0	0	0	0
09.09.2015 05:01:23.587000	0.0500001	0.047131	0.0592535	127.305	-668.013	0.00795718	4	3	3	3	81.5974	252	44.7448	5.54002	0	1.17859	11.9036	42.3884	17.6277	94.8038	1	1	1	0	0	0	0	0
09.09.2015 05:01:23.687000	0.0500001	0.047131	0.0592535	127.305	-668.016	0.00868056	4	3	3	3	79.4285	252	44.8637	5.54002	0	1.17484	12.0006	42.3737	17.6184	94.7832	1	1	1	0	0	0	0	0
09.09.2015 05:01:23.787000	0.0500001	0.047131	0.0592535	127.305	-668.016	0.00614873	4	3	3	3	81.3045	252	44.9781	5.54002	0	1.17315	12.0652	42.4224	17.6138	94.9875	1	1	1	0	0	0	0	0
09.09.2015 05:01:23.887000	0.0500001	0.047131	0.0592535	127.305	-668.016	0.00651042	4	3	3	3	79.6269	252	45.101	5.54002	0	1.17008	12.0637	42.3928	17.6071	94.8996	1	1	1	0	0	0	0	0
09.09.2015 05:01:23.987000	0.0500001	0.047131	0.0592535	127.305	-668.016	0.00651042	4	3	3	3	79.7409	252	45.2179	5.54002	0	1.16767	12.117	42.1619	17.6019	94.0354	1	1	1	0	0	0	0	0
09.09.2015 05:01:24.087000	0.0500001	0.047131	0.0592535	127.305	-668.016	0.00651042	4	3	3	3	79.8745	252	45.3352	5.54002	0	1.17815	12.1077	42.41	17.6013	94.9877	1	1	1	0	0	0	0	0
09.09.2015 05:01:24.187000	0.0500001	0.047131	0.0592535	127.305	-668.023	0.00651042	4	3	3	3	79.7366	252	45.4581	5.54002	0	1.18996	12.1657	42.3725	17.6134	94.7977	1	1	1	0	0	0	0	0
09.09.2015 05:01:24.287000	0.0500001	0.047131	0.0592535	127.305	-668.023	0.00651042	4	3	3	3	79.3379	252	45.573	5.54002	0	1.19702	12.1941	42.5148	17.6283	95.2854	1	1	1	0	0	0	0	0
09.09.2015 05:01:24.387000	0.0500001	0.047131	0.0592535	127.305	-668.023	0.0072338	4	3	3	3	79.2153	252	45.6954	5.54002	0	1.20717	12.2072	42.5368	17.6406	95.3228	1	1	1	0	0	0	0	0
09.09.2015 05:01:24.487000	0.0500001	0.047131	0.0592535	127.305	-668.023	0.00434028	4	3	3	3	92.7693	252	45.8118	5.54002	0	1.19731	12.2064	42.5062	17.6546	95.1518	1	1	1	0	0	0	0	0
09.09.2015 05:01:24.587000	0.0500001	0.047131	0.0592535	127.305	-668.023	0.00795718	4	3	3	3	123.388	252	45.9277	5.54002	0	1.17317	12.1768	42.3546	17.6546	94.5715	1	1	1	0	0	0	0	0
09.09.2015 05:01:24.687000	0.0500001	0.047131	0.0592535	127.305	-668.023	0.00868056	4	3	3	3	165.145	252	46.048	5.54002	0	1.17152	11.9347	42.5515	17.6762	95.2427	1	1	1	0	0	0	0	0
09.09.2015 05:01:24.787000	0.0500001	0.047131	0.0592535	127.305	-668.023	0.00868056	4	3	3	3	241.722	252	46.162	5.54002	0	1.16216	11.4454	42.6148	17.6917	95.4257	1	1	1	0	0	0	0	0
09.09.2015 05:01:24.887000	0.0500001	0.047131	0.0592535	127.305	-668.023	0.00868056	4	3	3	3	373.708	252	46.2779	5.54002	0	1.16227	11.4145	42.5614	17.6717	95.2978	1	1	1	0	0	0	0	0
09.09.2015 05:01:24.987000	0.0500001	0.047131	0.0592535	127.305	-668.023	0.0072338	4	3	3	3	690.267	252	46.3987	5.54002	0	1.16761	11.183	42.6157	17.6566	95.5635	1	1	1	0	0	0	0	0
09.09.2015 05:01:25.087000	0.0500001	0.047131	0.0592535	127.305	-668.023	0.00705295	4	3	3	3	447.861	252	46.5146	5.54002	0	1.16761	11.0486	42.7428	17.6819	95.9529	1	1	1	0	0	0	0	0
09.09.2015 05:01:25.187000	0.0500001	0.047131	0.0592535	127.305	-668.031	0.00578704	4	3	3	3	530.58	252	46.6355	5.54002	0	1.19404	11.0623	42.6961	17.7024	95.6998	1	1	1	0	0	0	0	0
09.09.2015 05:01:25.287000	0.0500001	0.047131	0.0592535	127.305	-668.031	0.00542535	4	3	3	3	487.724	252	46.7544	5.54002	0	1.19572	11.0651	42.3457	17.7242	95.7601	1	1	1	0	0	0	0	0
09.09.2015 05:01:25.387000	0.0500001	0.047131	0.0592535	127.305	-668.031	0.00325521	4	3	3	3	333.621	252	46.8703	5.54002	0	1.186	11.1291	42.0684	17.7427	92.5091	1	1	1	0	0	0	0	0
09.09.2015 05:01:25.487000	0.0500001	0.047131	0.0592535	127.309	-668.031	0.00325521	4	3	3	3	404.319	252	46.9956	5.54002	0	1.18415	11.213	43.0693	17.7368	97.3312	1	1	1	0	0	0	0	0
09.09.2015 05:01:25.587000	0.0500001	0.047131	0.0592535	127.305	-668.031	0.0036169	4	3	3	3	371.981	252	47.1095	5.54002	0	1.18434	11.2771	41.8706	17.7468	92.3651	1	1	1	0	0	0	0	0
09.09.2015 05:01:25.687000	0.0500001	0.047131	0.0592535	127.309	-668.031	0.00325521	4	3	3	3	469.261	252	47.2289	5.54002	0	1.1844	11.2413	42.6414	17.7489	95.3483	1	1	1	0	0	0	0	0
09.09.2015 05:01:25.787000	0.0500001	0.047131	0.0592535	127.305	-668.031	0.00397859	4	3	3	3	313.306	252	47.3483	5.54002	0	1.18435	11.3764	42.9224	17.7752	96.2836	1	1	1	0	0	0	0	0
09.09.2015 05:01:25.887000	0.0500001	0.047131	0.0592535	127.309	-668.035	0.00325521	4	3	3	3	223.232	252	47.4642	5.54002	0	1.18431	11.5203	42.5823	17.7767	94.9566	1	1	1	0	0	0	0	0
09.09.2015 05:01:25.987000	0.0500001	0.047131	0.0592535	127.307	-668.036	0.00325521	4	3	3	3	348.004	252	47.5856	5.54002	0	1.1843	11.4728	42.6529	17.7852	95.2135	1	1	1	0	0	0	0	0
09.09.2015 05:01:26.087000	0.0500001	0.047131	0.0592535	127.309	-668.035	0.00325521	4	3	3	3	327.238	252	47.701	5.54002	0	1.1843	11.3088	42.4357	17.8007	94.3226	1	1	1	0	0	0	0	0
09.09.2015 05:01:26.187000	0.0500001	0.047131	0.0592535	127.307	-668.039	0.00289352	4	3	3	3	285.584	252	47.8164	5.54002	0	1.18185	11.2745	44.067	17.7902	100.609	1	1	1	0	0	0	0	0
09.09.2015 05:01:26.287000	0.0500001	0.047131	0.0592535	127.305	-668.035	0.00271267	4	3	3	3	248.278	252	47.9392	5.54002	0	1.17873	11.2531	42.3831	17.7892	94.1651	1	1	1	0	0	0	0	0
09.09.2015 05:01:26.387000	0.0500001	0.047131	0.0592535	127.307	-668.039	0.00325521	4	3	3	3	426.838	252	48.0546	5.54002	0	1.17695	11.2361	42.9309	17.7866	96.2723	1	1	1	0	0	0	0	0
09.09.2015 05:01:26.487000	0.0500001	0.047131	0.0592535	127.305	-668.039	0.00651042	4	3	3	3	208.479	252	48.173	5.54002	0	1.17315	11.2812	42.3591	17.8204	93.9536	1	1	1	0	0	0	0	0
09.09.2015 05:01:26.587000	0.0500001	0.047131	0.0592535	127.307	-668.039	0.00578704	4	3	3	3	193.387	252	48.2934	5.54002	0	1.17702	11.5228	42.8496	17.8268	95.8073	1	1	1	0	0	0	0	0
09.09.2015 05:01:26.687000	0.0500001	0.047131	0.0592535	127.305	-668.039	0.00596788	4	3	3	3	408.277	252	48.4098	5.54002	0	1.19	11.5969	41.6381	17.8197	91.1957	1	1	1	0	0	0	0	0
09.09.2015 05:01:26.787000	0.0500001	0.047131	0.0592535	127.31	-668.039	0.00506366	4	3	3	3	172.662	252	48.5322	5.54002	0	1.19085	11.4946	43.6445	17.8501	98.7617	1	1	1	0	0	0	0	0
09.09.2015 05:01:26.887000	0.0500001	0.047131	0.0592535	127.305	-668.039	0.00325521	4	3	3	3	392.494	252	48.6491	5.54002	0	1.19566	11.5504	42.2773	17.8464	93.5409	1	1	1	0	0	0	0	0
09.09.2015 05:01:26.987000	0.0500001	0.047131	0.0592535	127.31	-668.039	0.00325521	4	3	3	3	250.124	252	48.7694	5.54002	0	1.19531	11.3821	42.794	17.8572	95.478	1	1	1	0	0	0	0	0
09.09.2015 05:01:27.087000	0.0500001	0.047131	0.0592535	127.309	-668.039	0.00325521	4	3	3	3	277.499	252	48.8883	5.54002	0	1.18991	11.4618	42.8075	17.8624	95.5096	1	1	1	0	0	0	0	0
09.09.2015 05:01:27.187000	0.0500001	0.047131	0.0592535	127.31	-668.039	0.00542535	4	3	3	3	373.945	252	49.0047	5.54002	0	1.18991	11.4134	42.7054	17.8759	95.0672	1	1	1	0	0	0	0	0
09.09.2015 05:01:27.287000	0.0500001	0.047131	0.0592535	127.309	-668.039	0.00488281	4	3	3	3	216.26	252	49.1291	5.54002	0	1.18997	11.3165	43.1754	17.8754	96.8687	1	1	1	0	0	0	0	0
09.09.2015 05:01:27.387000	0.0500001	0.047131	0.0592535	127.307	-668.039	0.00542535	4	3	3	3	253.757	252	49.247	5.54002	0	1.18997	11.5145	43.4323	17.8857	97.8127	1	1	1	0	0	0	0	0
09.09.2015 05:01:27.487000	0.0500001	0.047131	0.0592535	127.313	-668.039	0.00542535	4	3	3	3	379.342	252	49.3643	5.54002	0	1.19506	11.5103	42.7779	17.8862	95.3051	1	1	1	0	0	0	0	0
09.09.2015 05:01:27.587000	0.0500001	0.047131	0.0592535	127.307	-668.039	0.00651042	4	3	3	3	192.769	252	49.4842	5.54002	0	1.19568	11.3396	41.8817	17.8794	91.9001	1	1	1	0	0	0	0	0
09.09.2015 05:01:27.687000	0.0500001	0.047131	0.0592535	127.309	-668.039	0.00596788	4	3	3	3	161.688	252	49.6006	5.54002	0	1.18672	11.5275	41.9854	17.8775	92.3041	1	1	1	0	0	0	0	0
09.09.2015 05:01:27.787000	0.0500001	0.047131	0.0592535	127.305	-668.039	0.00614873	4	3	3	3	287.625	252	49.721	5.54002	0	1.18434	11.6171	42.7429	17.8772	95.2057	1	1	1	0	0	0	0	0
09.09.2015 05:01:27.887000	0.0500001	0.047131	0.0592535	127.309	-668.039	0.00542535	4	3	3	3	391.155	252	49.8399	5.54002	0	1.18826	11.3707	42.7203	17.8841	95.0929	1	1	1	0	0	0	0	0
09.09.2015 05:01:27.987000	0.0500001	0.047131	0.0592535	127.305	-668.039	0.00397859	4	3	3	3	120.103	252	49.9563	5.54002	0	1.18993	11.4571	42.7715	17.9039	95.213	1	1	1	0	0	0	0	0
09.09.2015 05:01:28.087000	0.0500001	0.047131	0.0592535	127.313	-668.039	0.00379774	4	3	3	3	233.016	252	50.0786	5.54002	0	1.18335	11.8204	42.7559	17.91	95.1303	1	1	1	0	0	0	0	0
09.09.2015 05:01:28.187000	0.0500001	0.047131	0.0592535	127.307	-668.039	0.00289352	4	3	3	3	192.954	252	50.1776	2.95657	0.0135307	1.17877	11.5849	42.7727	18.095	94.4857	1	1	1	0.76	0	0	0	0
09.09.2015 05:01:28.287000	0.0500001	0.047131	0.0592535	127.313	-668.039	0.00325521	4	3	3	3	31.1398	252	50.2264	2.59673	0.473787	1.17877	9.83086	43.1663	18.1982	95.5979	1	1	1	1	0	0	0	0
09.09.2015 05:01:28.387000	0.0500001	0.047131	0.0592535	127.307	-668.039	0.00325521	4	3	3	3	54.0794	252	50.2871	3.2169	1.09396	1.12772	7.57341	43.4082	18.4772	95.4556	1	1	1	1	0	0	0	0
09.09.2015 05:01:28.487000	0.0500001	0.047131	0.0592535	127.313	-668.039	0.00325521	4	3	3	3	99.1559	252	50.3627	3.75314	1.6302	0.714664	6.72656	43.5824	18.6554	95.4406	1	1	1	1	0	0	0	0
09.09.2015 05:01:28.587000	0.0500001	0.047131	0.0592535	127.313	-668.039	0.00325521	4	3	3	3	169.362	252	50.4477	4.10981	1.98687	0.714664	6.40158	43.657	18.7417	95.3955	1	1	1	1	0	0	0	0
09.09.2015 05:01:28.687000	0.0500001	0.047131	0.0592535	127.309	-668.039	0	4	3	3	3	206.644	252	50.5368	4.26842	2.14548	0.748906	6.2072	43.7072	18.7804	95.4399	1	1	1	1	0	0	0	0
09.09.2015 05:01:28.787000	0.0500001	0.047131	0.0592535	127.31	-668.039	0.00325521	4	3	3	3	246.571	252	50.6313	4.34646	2.22352	0.863541	6.03974	43.7075	18.8155	95.3062	1	1	1	1	0	0	0	0
09.09.2015 05:01:28.887000	0.0500001	0.047131	0.0592535	127.309	-668.039	0.00379774	4	3	3	3	312.694	252	50.7258	4.24567	2.12273	0.863541	5.9625	43.7562	18.8344	95.4207	1	1	1	1	0	0	0	0
09.09.2015 05:01:28.987000	0.0500001	0.047131	0.0592535	127.313	-668.039	0.00180845	4	3	3	3	269.271	252	50.8188	4.12421	2.00127	0.909855	5.88798	43.7339	18.8883	95.1289	1	1	1	1	0	0	0	0
09.09.2015 05:01:29.087000	0.0500001	0.047131	0.0592535	127.309	-668.039	0.00271267	4	3	3	3	261.75	252	50.9098	4.10547	1.98253	0.942039	5.86696	43.8655	18.9237	95.4969	1	1	1	1	0	0	0	0
09.09.2015 05:01:29.187000	0.0500001	0.047131	0.0592535	127.313	-668.039	0.0036169	4	3	3	3	248.795	252	51.0033	4.0604	1.93745	0.942039	5.87736	43.7886	18.9622	95.0555	1	1	1	1	0	0	0	0
09.09.2015 05:01:29.287000	0.0500001	0.047131	0.0592535	127.305	-668.039	0.00325521	4	3	3	3	230.25	252	51.0924	4.14217	2.01923	0.910387	5.92856	43.7842	18.989	94.9358	1	1	1	1	0	0	0	0
09.09.2015 05:01:29.387000	0.0500001	0.047131	0.0592535	127.313	-668.039	0.00217014	4	3	3	3	217.042	252	51.1859	4.21418	2.09124	0.904358	5.96654	43.6756	18.9931	94.5042	1	1	1	1	0	0	0	0
09.09.2015 05:01:29.487000	0.0500001	0.047131	0.0592535	127.305	-668.039	0.00379774	4	3	3	3	251.029	252	51.2789	4.26544	2.1425	0.910845	5.98209	43.834	18.9919	95.1155	1	1	1	1	0	0	0	0
09.09.2015 05:01:29.587000	0.0500001	0.047131	0.0592535	127.31	-668.039	0.00325521	4	3	3	3	221.631	252	51.3749	4.31291	2.18997	0.938502	5.96401	43.5575	18.9795	94.1046	1	1	1	1	0	0	0	0
09.09.2015 05:01:29.687000	0.0500001	0.047131	0.0592535	127.309	-668.039	0.00488281	4	3	3	3	216.694	252	51.4694	4.38798	2.26504	0.938502	5.96511	43.6318	18.9571	94.4743	1	1	1	1	0	0	0	0
09.09.2015 05:01:29.787000	0.0500001	0.047131	0.0592535	127.307	-668.042	0.00470197	4	3	3	3	237.828	252	51.5674	4.45591	2.33296	0.951581	5.97265	44.247	18.9312	96.9288	1	1	1	1	0	0	0	0
09.09.2015 05:01:29.887000	0.0500001	0.047131	0.0592535	127.313	-668.039	0.00651042	4	3	3	3	228.789	252	51.6659	4.52007	2.39713	0.960301	5.98027	43.7355	18.9035	95.0768	1	1	1	1	0	0	0	0
09.09.2015 05:01:29.987000	0.0500001	0.047131	0.0592535	127.31	-668.039	0.00651042	4	3	3	3	248.823	252	51.7684	4.579	2.45606	0.966344	5.96916	43.6798	18.8629	95.0188	1	1	1	1	0	0	0	0
09.09.2015 05:01:30.087000	0.0500001	0.047131	0.0592535	127.313	-668.039	0.00651042	4	3	3	3	188.474	252	51.8698	4.63024	2.5073	1.00679	5.95028	43.6559	18.8296	95.055	1	1	1	1	0	0	0	0
09.09.2015 05:01:30.187000	0.0500001	0.047131	0.0592535	127.31	-668.039	0.00651042	4	3	3	3	211.801	252	51.9748	4.72142	2.59848	1.00679	6.01428	43.603	18.7888	95.0083	1	1	1	1	0	0	0	0
09.09.2015 05:01:30.287000	0.0500001	0.047131	0.0592535	127.313	-668.039	0.00542535	4	3	3	3	241.539	252	52.0783	4.823	2.70006	1.02508	6.02188	43.5499	18.7536	94.9398	1	1	1	1	0	0	0	0
09.09.2015 05:01:30.387000	0.0500001	0.047131	0.0592535	127.31	-668.039	0.00325521	4	3	3	3	236.05	252	52.1852	4.90352	2.78058	1.0322	6.01445	43.4729	18.704	94.8351	1	1	1	1	0	0	0	0
09.09.2015 05:01:30.487000	0.0500001	0.047131	0.0592535	127.313	-668.039	0.00379774	4	3	3	3	204.111	252	52.2912	4.97854	2.8556	1.04593	5.98477	43.4162	18.6628	94.7757	1	1	1	1	0	0	0	0
09.09.2015 05:01:30.587000	0.0500001	0.047131	0.0592535	127.313	-668.039	0.00325521	4	3	3	3	214.205	252	52.4026	5.07351	2.95057	1.06741	5.98631	43.3556	18.6099	94.7461	1	1	1	1	0	0	0	0
09.09.2015 05:01:30.687000	0.0500001	0.047131	0.0592535	127.313	-668.039	0.00271267	4	3	3	3	229.107	252	52.517	5.17255	3.0496	1.07941	5.99229	43.2984	18.547	94.7683	1	1	1	1	0	0	0	0
09.09.2015 05:01:30.787000	0.0500001	0.047131	0.0592535	127.307	-668.039	0.00506366	4	3	3	3	227.063	252	52.6314	5.26088	3.13793	1.13057	5.96277	43.2173	18.4828	94.7033	1	1	1	1	0	0	0	0
09.09.2015 05:01:30.887000	0.0500001	0.047131	0.0592535	127.309	-668.039	0.00542535	4	3	3	3	221.579	252	52.7488	5.34616	3.22321	1.13355	5.97313	43.14	18.4202	94.6474	1	1	1	1	0	0	0	0
09.09.2015 05:01:30.987000	0.0500001	0.047131	0.0592535	127.307	-668.039	0.0036169	4	3	3	3	228.572	252	52.8687	5.43514	3.31219	1.17315	5.98479	43.0611	18.3536	94.6002	1	1	1	1	0	0	0	0
09.09.2015 05:01:31.087000	0.0500001	0.047131	0.0592535	127.313	-668.039	0.00325521	4	3	3	3	201.572	252	52.9865	5.51861	3.39566	1.17315	5.96241	43.0089	18.2974	94.6154	1	1	1	1	0	0	0	0
09.09.2015 05:01:31.187000	0.0500001	0.047131	0.0592535	127.313	-668.039	0.00289352	4	3	3	3	205.948	252	53.1129	5.62273	3.49979	1.20158	5.99091	42.8664	18.2284	94.3338	1	1	1	1	0	0	0	0
09.09.2015 05:01:31.287000	0.0500001	0.047131	0.0592535	127.313	-668.039	0.00434028	4	3	3	3	224.02	252	53.2328	5.74075	3.61781	1.20158	6.00377	42.7512	18.1581	94.1618	1	1	1	1	0	0	0	0
09.09.2015 05:01:31.387000	0.0500001	0.047131	0.0592535	127.313	-668.044	0.00578704	4	3	3	3	224.461	252	53.3661	5.84254	3.7196	1.24354	5.98599	43.0743	18.0831	95.6862	1	1	1	1	0	0	0	0
09.09.2015 05:01:31.487000	0.0500001	0.047131	0.0592535	127.309	-668.043	0.00651042	4	3	3	3	219.603	252	53.4919	5.94094	3.818	1.24883	5.98714	43.0318	18.0254	95.7444	1	1	1	1	0	0	0	0
09.09.2015 05:01:31.587000	0.0500001	0.047131	0.0592535	127.313	-668.044	0.00614873	4	3	3	3	206.061	252	53.6237	6.03703	3.91409	1.30228	5.9645	42.4276	17.9573	93.6918	1	1	1	1	0	0	0	0
09.09.2015 05:01:31.687000	0.0500001	0.047131	0.0592535	127.313	-668.047	0.00271267	4	3	3	3	218.457	252	53.759	6.14903	4.02609	1.3084	5.98015	42.4214	17.8701	94.0022	1	1	1	1	0	0	0	0
09.09.2015 05:01:31.787000	0.0500001	0.047131	0.0592535	127.313	-668.044	0.00325521	4	3	3	3	222.901	252	53.8928	6.25764	4.13469	1.33011	5.98811	42.6395	17.7999	95.1062	1	1	1	1	0	0	0	0
09.09.2015 05:01:31.887000	0.0500001	0.047131	0.0592535	127.309	-668.043	0.00379774	4	3	3	3	220.848	252	54.0296	6.35761	4.23467	1.34466	5.99085	41.8788	17.7195	92.5009	1	1	1	1	0	0	0	0
09.09.2015 05:01:31.987000	0.0500001	0.047131	0.0592535	127.31	-668.042	0.00325521	4	3	3	3	244.333	252	54.1694	6.44956	4.32662	1.36648	5.98263	42.6923	17.6397	95.9216	1	1	1	1	0	0	0	0
09.09.2015 05:01:32.087000	0.0500001	0.047131	0.0592535	127.305	-668.039	0.00325521	4	3	3	3	261.607	252	54.3107	6.51256	4.38962	1.38059	5.9331	42.1632	17.5718	94.1555	1	1	1	1	0	0	0	0
09.09.2015 05:01:32.187000	0.0500001	0.047131	0.0592535	127.313	-668.042	0.00325521	4	3	3	3	203.945	252	54.4524	6.56008	4.43714	1.3896	5.94079	42.6521	17.5143	96.2476	1	1	1	1	0	0	0	0
09.09.2015 05:01:32.287000	0.0500001	0.047131	0.0592535	127.309	-668.043	0.00325521	4	3	3	3	198.955	252	54.5957	6.63762	4.51467	1.43189	5.98359	42.2051	17.4634	94.7309	1	1	1	1	0	0	0	0
09.09.2015 05:01:32.387000	0.0500001	0.047131	0.0592535	127.31	-668.039	0.00253183	4	3	3	3	205.265	252	54.7404	6.74361	4.62067	1.43763	6.01765	41.6006	17.4214	92.5773	1	1	1	1	0	0	0	0
09.09.2015 05:01:32.487000	0.0500001	0.047131	0.0592535	127.313	-668.039	0.00217014	4	3	3	3	217.234	252	54.8877	6.85645	4.73351	1.43753	6.00872	42.035	17.3724	94.4282	1	1	1	1	0	0	0	0
09.09.2015 05:01:32.587000	0.0500001	0.047131	0.0592535	127.307	-668.039	0.00325521	4	3	3	3	243.91	252	55.0364	6.95935	4.83641	1.46236	5.98516	41.9075	17.3008	94.2144	1	1	1	1	0	0	0	0
09.09.2015 05:01:32.687000	0.0500001	0.047131	0.0592535	127.313	-668.043	0.00271267	4	3	3	3	217.883	252	55.1871	7.049	4.92606	1.48925	6.00329	41.8425	17.2392	94.2011	1	1	1	1	0	0	0	0
09.09.2015 05:01:32.787000	0.0500001	0.047131	0.0592535	127.31	-668.039	0.00325521	4	3	3	3	254.57	252	55.3388	7.12724	5.00429	1.49656	5.97727	41.8014	17.1876	94.2413	1	1	1	1	0	0	0	0
09.09.2015 05:01:32.887000	0.0500001	0.047131	0.0592535	127.313	-668.039	0.00434028	4	3	3	3	206.732	252	55.4911	7.1933	5.07036	1.50797	5.97052	41.7119	17.1377	94.0896	1	1	1	1	0	0	0	0
09.09.2015 05:01:32.987000	0.0500001	0.047131	0.0592535	127.31	-668.039	0.00542535	4	3	3	3	218.857	252	55.6467	7.27632	5.15337	1.54489	5.99817	41.6664	17.083	94.1249	1	1	1	1	0	0	0	0
09.09.2015 05:01:33.087000	0.0500001	0.047131	0.0592535	127.313	-668.043	0.00651042	4	3	3	3	196.647	252	55.8049	7.36779	5.24484	1.57	5.99705	41.6025	17.0345	94.066	1	1	1	1	0	0	0	0
09.09.2015 05:01:33.187000	0.0500001	0.047131	0.0592535	127.313	-668.039	0.00578704	4	3	3	3	241.615	252	55.9681	7.47928	5.35634	1.58495	6.01322	41.5456	16.9806	94.0548	1	1	1	1	0	0	0	0
09.09.2015 05:01:33.287000	0.0500001	0.047131	0.0592535	127.313	-668.043	0.00542535	4	3	3	3	224.881	252	56.1302	7.56912	5.44618	1.59441	5.99727	41.4748	16.9342	93.9611	1	1	1	1	0	0	0	0
09.09.2015 05:01:33.387000	0.0500001	0.047131	0.0592535	127.313	-668.047	0.0036169	4	3	3	3	243.101	252	56.2924	7.64817	5.52522	1.61784	5.97666	41.4055	16.8822	93.8949	1	1	1	1	0	0	0	0
09.09.2015 05:01:33.487000	0.0500001	0.047131	0.0592535	127.313	-668.047	0.00217014	4	3	3	3	192.627	252	56.4605	7.72394	5.60099	1.63856	5.96536	41.3649	16.8394	93.9031	1	1	1	1	0	0	0	0
09.09.2015 05:01:33.587000	0.0500001	0.047131	0.0592535	127.313	-668.044	0.00506366	4	3	3	3	229.855	252	56.6282	7.8274	5.70446	1.66932	6.01821	41.3009	16.7851	93.8664	1	1	1	1	0	0	0	0
09.09.2015 05:01:33.687000	0.0500001	0.047131	0.0592535	127.313	-668.043	0.00542535	4	3	3	3	233.39	252	56.7963	7.91796	5.79502	1.69022	5.99211	41.2527	16.7295	93.8945	1	1	1	1	0.01	0	0	0
09.09.2015 05:01:33.787000	0.0500001	0.047131	0.0592535	127.313	-668.044	0.00578704	4	3	3	3	260.9	252.212	56.9724	8.06069	5.93774	1.7076	5.96181	41.2126	16.6803	93.9293	1	1	1	1	1	0	0	0
09.09.2015 05:01:33.887000	0.0500001	0.047131	0.0592535	127.313	-668.047	0.00651042	4	3	3	3	224.652	253.445	57.1455	8.22328	6.10034	1.72721	5.94698	41.1242	16.6269	93.7956	1	1	1	1	1	0	0	0
09.09.2015 05:01:33.987000	0.0500001	0.047131	0.0592535	127.31	-668.042	0.00651042	4	3	3	3	237.196	255.893	57.327	8.43721	6.31427	1.76509	5.97435	41.0528	16.5587	93.7832	1	1	1	1	1	0	0	0
09.09.2015 05:01:34.087000	0.0500001	0.047131	0.0592535	127.313	-668.039	0.00651042	4	3	3	3	231.283	259.556	57.5141	8.68603	6.56309	1.81062	5.98723	40.933	16.4634	93.6893	1	1	1	1	1	0	0	0
09.09.2015 05:01:34.187000	0.0500001	0.047131	0.0592535	127.313	-668.042	0.00868056	4	3	3	3	265.417	264.433	57.7021	8.92547	6.80253	1.86108	5.96626	40.8118	16.3535	93.646	1	1	1	1	1	0	0	0
09.09.2015 05:01:34.287000	0.0500001	0.047131	0.0592535	127.313	-668.039	0.00651042	4	3	3	3	236.401	270.525	57.8951	9.14646	7.02352	1.89856	5.93614	40.6908	16.2458	93.5951	1	1	1	1	1	0	0	0
09.09.2015 05:01:34.387000	0.0500001	0.047131	0.0592535	127.315	-668.044	0.00687211	4	3	3	3	255.955	277.833	58.0926	9.45434	7.3314	1.92303	5.95284	40.5588	16.122	93.5638	1	1	1	1	1	0	0	0
09.09.2015 05:01:34.487000	0.0500001	0.047131	0.0592535	127.313	-668.039	0.00651042	4	3	3	3	249.727	286.354	58.2985	9.80815	7.68521	1.99563	5.96246	40.4159	16.0093	93.4481	1	1	1	1	1	0	0	0
09.09.2015 05:01:34.587000	0.0500001	0.047131	0.0592535	127.313	-668.044	0.0072338	4	3	3	3	291.426	296.091	58.5139	10.2297	8.1068	2.10598	5.98416	40.2675	15.8534	93.4766	1	1	1	1	1	0	0	0
09.09.2015 05:01:34.687000	0.0500001	0.047131	0.0592535	127.309	-668.039	0.00705295	4	3	3	3	279.054	307.042	58.7387	10.6424	8.51944	2.20297	5.96186	40.0999	15.6929	93.4495	1	1	1	1	1	0	0	0
09.09.2015 05:01:34.787000	0.0500001	0.047131	0.0592535	127.313	-668.042	0.00470197	4	3	3	3	245.675	319.208	58.972	11.1334	9.01048	2.27235	5.97975	39.91	15.5325	93.3364	1	1	1	1	1	0	0	0
09.09.2015 05:01:34.887000	0.0500001	0.047131	0.0592535	127.309	-668.043	0.00651042	4	3	3	3	301.965	332.589	59.2182	11.7754	9.65244	2.38832	5.9776	39.7182	15.3486	93.3062	1	1	1	1	1	0	0	0
09.09.2015 05:01:34.987000	0.0500001	0.047131	0.0592535	127.313	-668.042	0.00651042	4	3	3	3	280.228	347.186	59.4754	12.4437	10.3207	2.53295	5.93375	39.4948	15.1386	93.2551	1	1	1	1	1	0	0	0
09.09.2015 05:01:35.087000	0.0500001	0.047131	0.0592535	127.313	-668.039	0.00705295	4	3	3	3	323.581	362.998	59.7504	13.2	11.077	2.66846	5.92623	39.253	14.9218	93.159	1	1	1	1	1	0	0	0
09.09.2015 05:01:35.187000	0.0500001	0.047131	0.0592535	127.313	-668.039	0.00614873	4	3	3	3	281.957	380.025	60.0414	14.0073	11.8843	2.84657	5.90822	39.01	14.7183	93.0078	1	1	1	1	1	0	0	0
09.09.2015 05:01:35.287000	0.0500001	0.047131	0.0592535	127.313	-668.047	0.00651042	4	3	3	3	333.356	398.265	60.3478	14.9561	12.8332	3.0083	5.93948	38.76	14.4671	93.0127	1	1	1	1	1	0	0	0
09.09.2015 05:01:35.387000	0.0500001	0.047131	0.0592535	127.313	-668.044	0.00687211	4	3	3	3	356.058	417.72	60.6781	15.981	13.8581	3.26434	5.89249	38.5177	14.2461	92.9206	1	1	1	1	1	0	0	0
09.09.2015 05:01:35.487000	0.0500001	0.047131	0.0592535	127.313	-668.047	0.00596788	4	3	3	3	349.258	438.396	61.0253	17.0629	14.94	3.41137	5.88059	38.2951	14.0555	92.8087	1	1	1	1	1	0	0	0
09.09.2015 05:01:35.587000	0.0500001	0.047131	0.0592535	127.313	-668.039	0.00651042	4	3	3	3	406.167	460.279	61.3964	18.2205	16.0976	3.66474	5.86982	38.1218	13.8983	92.7472	1	1	1	1	1	0	0	0
09.09.2015 05:01:35.687000	0.0500001	0.047131	0.0592535	127.313	-668.043	0.00705295	4	3	3	3	361.425	483.382	61.7859	19.3968	17.2739	3.89695	5.78879	37.9693	13.7771	92.6271	1	1	1	1	1	0	0	0
09.09.2015 05:01:35.787000	0.0500001	0.047131	0.0592535	127.313	-668.042	0.00868056	4	3	3	3	412.95	507.701	62.2012	20.7479	18.625	4.09828	5.87554	37.8946	13.7107	92.5951	1	1	1	1	1	0	0	0
09.09.2015 05:01:35.887000	0.0500001	0.047131	0.0592535	127.313	-668.043	0.00651042	4	3	3	3	434.599	397.792	62.638	22.1224	10.4446	4.38426	5.84882	37.9109	13.7621	92.4596	1	1	1	1	1	0.48	0	0.48
09.09.2015 05:01:35.987000	0.0500001	0.047131	0.0592535	127.313	-668.047	0.0072338	4	3	3	3	1003.44	252	64.5063	22.4531	0	51.9147	5.77875	77.4931	15.9586	235.5	1	1	1	1	1	1	0.32	1
09.09.2015 05:01:36.087000	0.0500001	0.047131	0.0592535	127.316	-668.039	0.00868056	4	3	3	3	282.079	252	66.2214	22.4531	0	82.7652	4.80311	95.6641	1.04794	362.367	1	1	1	1	1	1	1	1
09.09.2015 05:01:36.187000	0.0500001	0.047131	0.0592535	127.305	-668.047	0.00868056	4	3	3	3	5.56156	252	66.2064	20.6569	0	82.7652	2.97859	109.704	0.792627	417.05	1	1	1	1	1	1	1	0.92
09.09.2015 05:01:36.287000	0.0500001	0.047131	0.0592535	127.297	-668.063	0.00868056	4	3	3	3	0.656295	252	66.2064	0	0	82.7652	2.12397	118.19	0.752159	449.637	1	1	1	1	1	1	1	0
09.09.2015 05:01:36.387000	0.0500001	0.047131	0.0592535	127.305	-668.063	0.00831887	4	3	3	3	0.236481	252	66.2064	0	0	82.7652	1.5776	118.36	0.775964	450.204	1	1	1	1	1	1	1	0
09.09.2015 05:01:36.487000	0.0500001	0.047131	0.0592535	127.305	-668.063	0.00868056	4	3	3	3	0.261751	252	66.2064	0	0	82.7652	1.17768	118.957	0.760155	452.553	1	1	1	1	1	1	1	0
09.09.2015 05:01:36.587000	0.0500001	0.047131	0.0592535	127.305	-668.057	0.00868056	4	3	3	3	0.265145	252	66.2064	0	0	82.7652	0.950043	119.191	0.747703	453.495	1	1	1	1	1	1	1	0
09.09.2015 05:01:36.687000	0.0500001	0.047131	0.0592535	127.305	-668.055	0.00868056	4	3	3	3	0.279908	252	66.2064	0	0	82.7652	0.814902	119.449	0.753807	454.461	1	1	1	1	1	1	1	0
09.09.2015 05:01:36.787000	0.0500001	0.047131	0.0592535	127.273	-668.057	0.00578704	4	3	3	3	0.285556	252	66.2064	0	0	82.7652	0.708203	119.744	0.758812	455.571	1	1	1	1	1	1	1	0
09.09.2015 05:01:36.887000	0.0500001	0.047131	0.0592535	127.266	-668.055	0.00596788	4	3	3	3	0.302258	252	66.2064	0	0	82.7652	0.611589	120.039	0.757897	456.703	1	1	1	1	1	1	1	0
09.09.2015 05:01:36.987000	0.0500001	0.047131	0.0592535	127.266	-668.055	0.00614873	4	3	3	3	0.249637	252	66.2064	0	0	57.9804	0.546528	120.329	0.753502	457.829	1	1	1	1	1	1	1	0
09.09.2015 05:01:37.087000	0.0500001	0.047131	0.0592535	127.266	-668.055	0.00651042	4	3	3	3	0.267769	252	66.2064	0	0	0.149092	0.501678	120.612	0.754051	458.913	1	1	1	1	1	1	1	0
09.09.2015 05:01:37.187000	0.0500001	0.047131	0.0592535	127.266	-668.055	0.00651042	4	3	3	3	0.294003	252	66.2064	0	0	0.149092	0.460735	120.889	0.754173	459.971	1	1	1	1	1	1	1	0
09.09.2015 05:01:37.287000	0.0500001	0.047131	0.0592535	127.266	-668.055	0.00651042	4	3	3	3	0.28097	252	66.2064	0	0	0.149092	0.420992	121.196	0.753868	461.149	1	1	1	1	1	1	1	0
09.09.2015 05:01:37.387000	0.0500001	0.047131	0.0592535	127.266	-668.055	0.00614873	4	3	3	3	0.264383	252	66.2064	0	0	0.149092	0.395124	121.508	0.751	462.353	1	1	1	1	1	1	1	0
09.09.2015 05:01:37.487000	0.0500001	0.047131	0.0592535	127.266	-668.055	0.00596788	4	3	3	3	0.268357	252	66.2064	0	0	0.149092	0.373712	121.809	0.756005	463.488	1	1	1	1	1	1	1	0
09.09.2015 05:01:37.587000	0.0500001	0.047131	0.0592535	127.266	-668.055	0.00397859	4	3	3	3	0.296099	252	66.2064	0	0	0.149092	0.351114	122.091	0.745201	464.607	1	1	1	1	1	1	1	0
09.09.2015 05:01:37.687000	0.0500001	0.047131	0.0592535	127.266	-668.055	0.00271267	4	3	3	3	0.299636	252	66.2064	0	0	0.149092	0.333391	122.361	0.750267	465.623	1	1	1	1	1	1	1	0
09.09.2015 05:01:37.787000	0.0500001	0.047131	0.0592535	127.266	-668.055	0.00325521	4	3	3	3	0.275642	252	66.2064	0	0	0.149092	0.318779	122.612	0.749718	466.586	1	1	1	1	1	1	1	0
09.09.2015 05:01:37.887000	0.0500001	0.047131	0.0592535	127.266	-668.055	0.00271267	4	3	3	3	0.282766	252	66.2064	0	0	0.149092	0.307306	122.852	0.755333	467.483	1	1	1	1	1	1	1	0
09.09.2015 05:01:37.987000	0.0500001	0.047131	0.0592535	127.268	-668.055	0.00325521	4	3	3	3	0.261996	252	66.2064	0	0	0.105856	0.291146	123.084	0.75515	468.373	1	1	1	1	1	1	1	0
09.09.2015 05:01:38.087000	0.0500001	0.047131	0.0592535	127.266	-668.051	0.00325521	4	3	3	3	0.280607	252	66.2064	0	0	0	0.282827	123.307	0.758324	469.213	1	1	1	1	1	1	1	0
09.09.2015 05:01:38.187000	0.0500001	0.047131	0.0592535	127.266	-668.049	0.0036169	4	3	3	3	0.286873	252	66.2064	0	0	0	0.273206	123.515	0.757286	470.015	1	1	1	1	1	1	1	0
09.09.2015 05:01:38.287000	0.0500001	0.047131	0.0592535	127.266	-668.047	0.00434028	4	3	3	3	0.2542	252	66.2064	0	0	0	0.267318	123.71	0.759239	470.753	1	1	1	1	1	1	1	0
09.09.2015 05:01:38.387000	0.0500001	0.047131	0.0592535	127.266	-668.042	0.00614873	4	3	3	3	0.294973	252	66.2064	0	0	0	0.256698	123.894	0.759117	471.459	1	1	1	1	1	1	1	0
09.09.2015 05:01:38.487000	0.0500001	0.047131	0.0592535	127.266	-667.984	0.00651042	4	3	3	3	0.302279	252	66.2064	0	0	0	0.252286	124.063	0.760521	472.101	1	1	1	1	1	1	1	0
09.09.2015 05:01:38.587000	0.0500001	0.047131	0.0592535	127.266	-667.427	0.00687211	4	3	3	3	0.287203	252	66.2064	0	0	0	0.246181	124.235	0.760094	472.761	1	1	1	1	1	1	1	0
09.09.2015 05:01:38.687000	0.0500001	0.047131	0.0592535	127.266	-663.02	0.00596788	4	3	3	3	0.254843	252	66.2064	0	0	0	0.241623	124.379	0.758934	473.316	1	1	1	1	1	1	1	0
09.09.2015 05:01:38.787000	0.0500001	0.047131	0.0592535	127.266	-641.305	0.00542535	4	3	3	3	0.306793	252	66.2064	0	0	0	0.236719	124.492	0.761864	473.737	1	1	1	1	1	1	1	0
09.09.2015 05:01:38.887000	0.0500001	0.047131	0.0592535	127.266	-612.125	0.00542535	4	3	3	3	0.292604	252	66.2064	0	0	0	0.23219	124.614	0.767907	474.182	1	1	1	1	1	1	1	0
09.09.2015 05:01:38.987000	0.0500001	0.047131	0.0592535	127.268	-587.987	0.0072338	4	3	3	3	0.271194	252	66.2064	0	0	0	0.229601	124.741	0.771752	474.652	1	1	1	1	1	1	1	0
09.09.2015 05:01:39.087000	0.0500001	0.047131	0.0592535	127.266	-558.152	0.00651042	4	3	3	3	0.269772	252	66.2064	0	0	0	0.223958	124.843	0.765831	475.065	1	1	1	1	1	1	1	0
09.09.2015 05:01:39.187000	0.0500001	0.047131	0.0592535	127.266	-513.453	0.00651042	4	3	3	3	0.291306	252	66.2064	0	0	0	0.222555	124.929	0.764367	475.401	1	1	1	1	1	1	1	0
09.09.2015 05:01:39.287000	0.0500001	0.047131	0.0592535	127.266	-469.813	0.00759549	4	3	3	3	0.301488	252	66.2064	0	0	0	0.216811	124.995	0.768456	475.64	1	1	1	1	1	1	1	0
09.09.2015 05:01:39.387000	0.0500001	0.047131	0.0592535	127.266	-428.245	0.00651042	4	3	3	3	0.303831	252	66.2064	0	0	0	0.216942	125.037	0.768212	475.801	1	1	1	1	1	1	1	0
09.09.2015 05:01:39.487000	0.0500001	0.047131	0.0592535	127.266	-386.707	0.00651042	4	3	3	3	0.309607	252	66.2064	0	0	0	0.211936	125.059	0.761376	475.911	1	1	1	1	1	1	1	0
09.09.2015 05:01:39.587000	0.0500001	0.047131	0.0592535	127.266	-328.599	0.00651042	4	3	3	3	0.290763	252	66.2064	0	0	0	0.211343	125.171	0.758629	476.351	1	1	1	1	1	1	1	0
09.09.2015 05:01:39.687000	0.0500001	0.047131	0.0592535	127.266	-286.738	0.00705295	4	3	3	3	0.29618	252	66.2064	0	0	0	0.207436	125.038	0.754601	475.855	1	1	1	1	1	1	1	0
09.09.2015 05:01:39.787000	0.0500001	0.047131	0.0592535	127.266	-245.604	0.00651042	4	3	3	3	0.297981	252	66.2064	0	0	0	0.205715	125.009	0.760765	475.721	1	1	1	1	1	1	1	0
09.09.2015 05:01:39.887000	0.0500001	0.047131	0.0592535	127.266	-195.906	0.00542535	4	3	3	3	0.289162	252	66.2064	0	0	0	0.20463	124.972	0.76455	475.564	1	1	1	1	1	1	1	0
09.09.2015 05:01:39.987000	0.0500001	0.047131	0.0592535	127.266	-146.422	0.00542535	4	3	3	3	0.284221	252	66.2064	0	0	0	0.201678	124.943	0.765282	475.452	1	1	1	1	1	1	1	0
09.09.2015 05:01:40.087000	0.0500001	0.047131	0.0592535	127.266	-105.648	0.00542535	4	3	3	3	0.303149	252	66.2064	0	0	0	0.201447	124.91	0.762169	475.335	1	1	1	1	1	1	1	0
09.09.2015 05:01:40.187000	0.0500001	0.047131	0.0592535	127.266	-64.7891	0.00578704	4	3	3	3	0.299665	252	66.2064	0	0	0	0.198307	124.878	0.760704	475.22	1	1	1	1	1	1	1	0
09.09.2015 05:01:40.287000	0.0500001	0.047131	0.0592535	127.266	-7.50391	0.00705295	4	3	3	3	0.286106	252	66.2064	0	0	0	0.199349	124.852	0.763024	475.112	1	1	1	1	1	1	1	0
09.09.2015 05:01:40.387000	0.0500001	0.047131	0.0592535	127.266	33.3125	0.00651042	4	3	3	3	0.284236	252	66.2064	0	0	0	0.193938	124.819	0.762108	474.99	1	1	1	1	1	1	1	0
09.09.2015 05:01:40.487000	0.0500001	0.047131	0.0592535	127.266	74.2813	0.00705295	4	3	3	3	0.27677	252	66.2064	0	0	0	0.197295	124.79	0.760216	474.887	1	1	1	1	1	1	1	0
09.09.2015 05:01:40.587000	0.0500001	0.047131	0.0592535	127.266	115.393	0.00831887	4	3	3	3	0.296671	252	66.2064	0	0	0	0.191884	124.759	0.765099	474.748	1	1	1	1	1	1	1	0
09.09.2015 05:01:40.687000	0.0500001	0.047131	0.0592535	127.266	172.266	0.00922309	4	3	3	3	0.286555	252	66.2064	0	0	0	0.192824	124.73	0.764672	474.637	1	1	1	1	1	1	1	0
09.09.2015 05:01:40.787000	0.0500001	0.047131	0.0592535	127.268	212.833	0.00759549	4	3	3	3	0.271529	252	66.2064	0	0	0	0.189439	124.701	0.766381	474.52	1	1	1	1	1	1	1	0
09.09.2015 05:01:40.887000	0.0500001	0.047131	0.0592535	127.266	253.301	0.00651042	4	3	3	3	0.25231	252	66.2064	0	0	0	0.189988	124.672	0.765465	474.414	1	1	1	1	1	1	1	0
09.09.2015 05:01:40.987000	0.0500001	0.047131	0.0592535	127.266	299.568	0.0072338	4	3	3	3	0.286243	252	66.2064	0	0	0	0.190119	124.641	0.768456	474.285	1	1	1	1	1	1	1	0
09.09.2015 05:01:41.087000	0.0500001	0.047131	0.0592535	127.27	350.84	0.00651042	4	3	3	3	0.274207	252	66.2064	0	0	0	0.186082	124.608	0.764794	474.172	1	1	1	1	1	1	1	0
09.09.2015 05:01:41.187000	0.0500001	0.047131	0.0592535	127.271	391.523	0.00542535	4	3	3	3	0.286781	252	66.2064	0	0	0	0.187789	124.581	0.764794	474.066	1	1	1	1	1	1	1	0
09.09.2015 05:01:41.287000	0.0500001	0.047131	0.0592535	127.266	432.363	0.00542535	4	3	3	3	0.29765	252	66.2064	0	0	0	0.184288	124.551	0.771325	473.926	1	1	1	1	1	1	1	0
09.09.2015 05:01:41.387000	0.0500001	0.047131	0.0592535	127.268	483.526	0.00325521	4	3	3	3	0.293677	252	66.2064	0	0	0	0.187645	124.517	0.775292	473.781	1	1	1	1	1	1	1	0
09.09.2015 05:01:41.487000	0.0500001	0.047131	0.0592535	127.273	529.531	0.00271267	4	3	3	3	0.291638	252	66.2064	0	0	0	0.181901	124.487	0.771874	473.681	1	1	1	1	1	1	1	0
09.09.2015 05:01:41.587000	0.0500001	0.047131	0.0592535	127.273	568.279	0.00325521	4	3	3	3	0.295203	252	66.2064	0	0	0	0.185764	124.457	0.771508	473.567	1	1	1	1	1	1	1	0
09.09.2015 05:01:41.687000	0.0500001	0.047131	0.0592535	127.273	599.941	0.00542535	4	3	3	3	0.290319	252	66.2064	0	0	0	0.181973	124.433	0.770043	473.48	1	1	1	1	1	1	1	0
09.09.2015 05:01:41.787000	0.0500001	0.047131	0.0592535	127.273	636.286	0.00506366	4	3	3	3	0.294217	252	66.2064	0	0	0	0.182856	124.406	0.766808	473.389	1	1	1	1	1	1	1	0
09.09.2015 05:01:41.887000	0.0500001	0.047131	0.0592535	127.273	656.094	0.00705295	4	3	3	3	0.283179	252	66.2064	0	0	0	0.179716	124.378	0.76632	473.285	1	1	1	1	1	1	1	0
09.09.2015 05:01:41.987000	0.0500001	0.047131	0.0592535	127.273	669.367	0.00614873	4	3	3	3	0.282547	252	66.2064	0	0	0	0.182552	124.352	0.765282	473.19	1	1	1	1	1	1	1	0
09.09.2015 05:01:42.087000	0.0500001	0.047131	0.0592535	127.273	676.09	0.00705295	4	3	3	3	0.257485	252	66.2064	0	0	0	0.181149	124.326	0.766259	473.085	1	1	1	1	1	1	1	0
09.09.2015 05:01:42.187000	0.0500001	0.047131	0.0592535	127.271	676.755	0.00651042	4	3	3	3	0.268667	252	66.2064	0	0	0	0.178125	124.297	0.768944	472.964	1	1	1	1	1	1	1	0
09.09.2015 05:01:42.287000	0.0500001	0.047131	0.0592535	127.273	676.777	0.00651042	4	3	3	3	0.291763	252	66.2064	0	0	0	0.179543	124.272	0.767968	472.874	1	1	1	1	1	1	1	0
09.09.2015 05:01:42.387000	0.0500001	0.047131	0.0592535	127.273	676.781	0.00651042	4	3	3	3	0.256059	252	66.2064	0	0	0	0.177619	124.246	0.767663	472.773	1	1	1	1	1	1	1	0
09.09.2015 05:01:42.487000	0.0500001	0.047131	0.0592535	127.273	676.781	0.00651042	4	3	3	3	0.264528	252	66.2064	0	0	0	0.180339	124.214	0.768517	472.648	1	1	1	1	1	1	1	0
09.09.2015 05:01:42.587000	0.0500001	0.047131	0.0592535	127.273	676.771	0.00651042	4	3	3	3	0.281167	252	66.2064	0	0	0	0.174566	124.224	0.766808	472.692	1	1	1	1	1	1	1	0
09.09.2015 05:01:42.687000	0.0500001	0.047131	0.0592535	127.27	676.797	0.00651042	4	3	3	3	0.283841	252	66.2064	0	0	0	0.179601	124.245	0.764428	472.781	1	1	1	1	1	1	1	0
09.09.2015 05:01:42.787000	0.0500001	0.047131	0.0592535	127.266	676.815	0.00578704	4	3	3	3	0.28067	252	66.2064	0	0	0	0.174378	124.144	0.765709	472.391	1	1	1	1	1	1	1	0
09.09.2015 05:01:42.887000	0.0500001	0.047131	0.0592535	127.266	676.813	0.00596788	4	3	3	3	0.303879	252	66.2064	0	0	0	0.178154	124.113	0.765526	472.274	1	1	1	1	1	1	1	0
09.09.2015 05:01:42.987000	0.0500001	0.047131	0.0592535	127.266	676.799	0.00578704	4	3	3	3	0.314575	252	66.2064	0	0	0	0.173437	124.087	0.761864	472.188	1	1	1	1	1	1	1	0
09.09.2015 05:01:43.087000	0.0500001	0.047131	0.0592535	127.266	676.801	0.00488281	4	3	3	3	0.305804	252	66.2064	0	0	0	0.177271	124.059	0.76516	472.067	1	1	1	1	1	1	1	0
09.09.2015 05:01:43.187000	0.0500001	0.047131	0.0592535	127.266	676.779	0.00397859	4	3	3	3	0.2536	252	66.2064	0	0	0	0.174552	124.032	0.771508	471.942	1	1	1	1	1	1	1	0
09.09.2015 05:01:43.287000	0.0500001	0.047131	0.0592535	127.266	676.805	0.00325521	4	3	3	3	0.294106	252	66.2064	0	0	0	0.174219	124.003	0.778832	471.801	1	1	1	1	1	1	1	0
09.09.2015 05:01:43.387000	0.0500001	0.047131	0.0592535	127.268	676.771	0.00434028	4	3	3	3	0.29879	252	66.2064	0	0	0	0.173452	123.98	0.776574	471.721	1	1	1	1	1	1	1	0
09.09.2015 05:01:43.487000	0.0500001	0.047131	0.0592535	127.27	676.781	0.00542535	4	3	3	3	0.291509	252	66.2064	0	0	0	0.17406	123.952	0.774377	471.622	1	1	1	1	1	1	1	0
09.09.2015 05:01:43.587000	0.0500001	0.047131	0.0592535	127.268	676.802	0.00506366	4	3	3	3	0.277158	252	66.2064	0	0	0	0.175087	123.925	0.774499	471.519	1	1	1	1	1	1	1	0
09.09.2015 05:01:43.687000	0.0500001	0.047131	0.0592535	127.266	676.859	0.00434028	4	3	3	3	0.282629	252	66.2064	0	0	0	0.170153	123.902	0.771813	471.441	1	1	1	1	1	1	1	0
09.09.2015 05:01:43.787000	0.0500001	0.047131	0.0592535	127.266	676.792	0.00325521	4	3	3	3	0.281617	252	66.2064	0	0	0	0.173626	123.878	0.769372	471.358	1	1	1	1	1	1	1	0
09.09.2015 05:01:43.887000	0.0500001	0.047131	0.0592535	127.266	676.781	0.00325521	4	3	3	3	0.291833	252	66.2064	0	0	0	0.170341	123.856	0.769982	471.272	1	1	1	1	1	1	1	0
09.09.2015 05:01:43.987000	0.0500001	0.047131	0.0592535	127.266	676.82	0.00289352	4	3	3	3	0.306507	252	66.2064	0	0	0	0.172946	123.831	0.766015	471.193	1	1	1	1	1	1	1	0
09.09.2015 05:01:44.087000	0.0500001	0.047131	0.0592535	127.266	676.82	0.00271267	4	3	3	3	0.295908	252	66.2064	0	0	0	0.168504	123.805	0.769799	471.076	1	1	1	1	1	1	1	0
09.09.2015 05:01:44.187000	0.0500001	0.047131	0.0592535	127.266	676.781	0.00325521	4	3	3	3	0.301001	252	66.2064	0	0	0	0.171832	123.779	0.767235	470.988	1	1	1	1	1	1	1	0
09.09.2015 05:01:44.287000	0.0500001	0.047131	0.0592535	127.27	676.773	0.00379774	4	3	3	3	0.30655	252	66.2064	0	0	0	0.16956	123.753	0.766564	470.891	1	1	1	1	1	1	1	0
09.09.2015 05:01:44.387000	0.0500001	0.047131	0.0592535	127.271	676.766	0.00542535	4	3	3	3	0.298343	252	66.2064	0	0	0	0.168851	123.728	0.766442	470.796	1	1	1	1	1	1	1	0
09.09.2015 05:01:44.487000	0.0500001	0.047131	0.0592535	127.273	676.766	0.00542535	4	3	3	3	0.28194	252	66.2064	0	0	0	0.168851	123.705	0.76632	470.707	1	1	1	1	1	1	1	0
09.09.2015 05:01:44.587000	0.0500001	0.047131	0.0592535	127.273	676.75	0.00614873	4	3	3	3	0.307229	252	66.2064	0	0	0	0.167477	123.679	0.765587	470.612	1	1	1	1	1	1	1	0
09.09.2015 05:01:44.687000	0.0500001	0.047131	0.0592535	127.273	676.742	0.00651042	4	3	3	3	0.276689	252	66.2064	0	0	0	0.169922	123.655	0.766625	470.515	1	1	1	1	1	1	1	0
09.09.2015 05:01:44.787000	0.0500001	0.047131	0.0592535	127.271	676.742	0.0072338	4	3	3	3	0.291964	252	66.2064	0	0	0	0.164887	123.63	0.768151	470.414	1	1	1	1	1	1	1	0
09.09.2015 05:01:44.887000	0.0500001	0.047131	0.0592535	127.27	676.734	0.00705295	4	3	3	3	0.319214	252	66.2064	0	0	0	0.169039	123.602	0.768517	470.304	1	1	1	1	1	1	1	0
09.09.2015 05:01:44.987000	0.0500001	0.047131	0.0592535	127.273	676.742	0.00578704	4	3	3	3	0.29974	252	66.2064	0	0	0	0.164656	123.579	0.767296	470.223	1	1	1	1	1	1	1	0
09.09.2015 05:01:45.087000	0.0500001	0.047131	0.0592535	127.273	676.742	0.00542535	4	3	3	3	0.284438	252	66.2064	0	0	0	0.167896	123.552	0.771081	470.104	1	1	1	1	1	1	1	0
09.09.2015 05:01:45.187000	0.0500001	0.047131	0.0592535	127.273	676.721	0.0036169	4	3	3	3	0.280218	252	66.2064	0	0	0	0.163889	123.527	0.780908	469.972	1	1	1	1	1	1	1	0
09.09.2015 05:01:45.287000	0.0500001	0.047131	0.0592535	127.273	676.563	0.00596788	4	3	3	3	0.274302	252	66.2064	0	0	0	0.167694	123.503	0.77749	469.893	1	1	1	1	1	1	1	0
09.09.2015 05:01:45.387000	0.0500001	0.047131	0.0592535	127.273	675.617	0.00651042	4	3	3	3	0.282415	252	66.2064	0	0	0	0.165321	123.474	0.776452	469.785	1	1	1	1	1	1	1	0
09.09.2015 05:01:45.487000	0.0500001	0.047131	0.0592535	127.273	669.934	0.00542535	4	3	3	3	0.286156	252	66.2064	0	0	0	0.164641	123.451	0.775964	469.697	1	1	1	1	1	1	1	0
09.09.2015 05:01:45.587000	0.0500001	0.047131	0.0592535	127.273	653.622	0.00506366	4	3	3	3	0.27768	252	66.2064	0	0	0	0.164222	123.429	0.773217	469.626	1	1	1	1	1	1	1	0
09.09.2015 05:01:45.687000	0.0500001	0.047131	0.0592535	127.273	633.871	0.00488281	4	3	3	3	0.249751	252	66.2064	0	0	0	0.164207	123.403	0.772362	469.529	1	1	1	1	1	1	1	0
09.09.2015 05:01:45.787000	0.0500001	0.047131	0.0592535	127.273	607.682	0.0036169	4	3	3	3	0.26929	252	66.2064	0	0	0	0.165842	123.383	0.767479	469.469	1	1	1	1	1	1	1	0
09.09.2015 05:01:45.887000	0.0500001	0.047131	0.0592535	127.273	572.973	0.00379774	4	3	3	3	0.280717	252	66.2064	0	0	0	0.16114	123.359	0.772301	469.361	1	1	1	1	1	1	1	0
09.09.2015 05:01:45.987000	0.0500001	0.047131	0.0592535	127.273	541.331	0.00253183	4	3	3	3	0.300672	252	66.2064	0	0	0	0.164251	123.336	0.77163	469.274	1	1	1	1	1	1	1	0
09.09.2015 05:01:46.087000	0.0500001	0.047131	0.0592535	127.273	506.219	0.00108507	4	3	3	3	0.288415	252	66.2064	0	0	0	0.161227	123.311	0.771996	469.178	1	1	1	1	1	1	1	0
09.09.2015 05:01:46.187000	0.0500001	0.047131	0.0592535	127.273	458.339	0.00144676	4	3	3	3	0.300605	252	66.2064	0	0	0	0.163961	123.287	0.776208	469.07	1	1	1	1	1	1	1	0
09.09.2015 05:01:46.287000	0.0500001	0.047131	0.0592535	127.273	415.16	0.0016276	4	3	3	3	0.284388	252	66.2064	0	0	0	0.159274	123.268	0.776147	468.996	1	1	1	1	1	1	1	0
09.09.2015 05:01:46.387000	0.0500001	0.047131	0.0592535	127.273	377.109	0.00108507	4	3	3	3	0.290512	252	66.2064	0	0	0	0.162963	123.244	0.77434	468.91	1	1	1	1	1	1	1	0
09.09.2015 05:01:46.487000	0.0500001	0.047131	0.0592535	127.273	339.094	0.00217014	4	3	3	3	0.29003	252	66.2064	0	0	0	0.160475	123.218	0.774377	468.811	1	1	1	1	1	1	1	0
09.09.2015 05:01:46.587000	0.0500001	0.047131	0.0592535	127.271	286.148	0.00144676	4	3	3	3	0.296167	252	66.2064	0	0	0	0.161089	123.197	0.775536	468.733	1	1	1	1	1	1	1	0
09.09.2015 05:01:46.687000	0.0500001	0.047131	0.0592535	127.273	248.41	0.00271267	4	3	3	3	0.306724	252	66.2064	0	0	0	0.160098	123.173	0.775597	468.63	1	1	1	1	1	1	1	0
09.09.2015 05:01:46.787000	0.0500001	0.047131	0.0592535	127.273	210.786	0.00434028	4	3	3	3	0.313601	252	66.2064	0	0	0	0.159773	123.152	0.778832	468.538	1	1	1	1	1	1	1	0
09.09.2015 05:01:46.887000	0.0500001	0.047131	0.0592535	127.273	165.879	0.00488281	4	3	3	3	0.298375	252	66.2064	0	0	0	0.161111	123.13	0.783532	468.44	1	1	1	1	1	1	1	0
09.09.2015 05:01:46.987000	0.0500001	0.047131	0.0592535	127.273	120.917	0.00651042	4	3	3	3	0.287601	252	66.2064	0	0	0	0.158196	123.105	0.800806	468.273	1	1	1	1	1	1	1	0
09.09.2015 05:01:47.087000	0.0500001	0.047131	0.0592535	127.273	83.5234	0.00434028	4	3	3	3	0.299932	252	66.2064	0	0	0	0.160388	123.08	0.802759	468.174	1	1	1	1	1	1	1	0
09.09.2015 05:01:47.187000	0.0500001	0.047131	0.0592535	127.273	46.2786	0.00651042	4	3	3	3	0.296283	252	66.2064	0	0	0	0.159028	123.057	0.810633	468.055	1	1	1	1	1	1	1	0
09.09.2015 05:01:47.287000	0.0500001	0.047131	0.0592535	127.273	1.54688	0.00651042	4	3	3	3	0.303522	252	66.2064	0	0	0	0.161589	123.035	0.817652	467.945	1	1	1	1	1	1	1	0
09.09.2015 05:01:47.387000	0.0500001	0.047131	0.0592535	127.273	-43.4297	0.00868056	4	3	3	3	0.30605	252	66.2064	0	0	0	0.156713	123.015	0.826502	467.835	1	1	1	1	1	1	1	0
09.09.2015 05:01:47.487000	0.0500001	0.047131	0.0592535	127.273	-81.1797	0.00922309	4	3	3	3	0.274829	252	66.2064	0	0	0	0.160706	122.994	0.831385	467.735	1	1	1	1	1	1	1	0
09.09.2015 05:01:47.587000	0.0500001	0.047131	0.0592535	127.273	-118.914	0.0108507	4	3	3	3	0.302898	252	66.2064	0	0	0	0.156836	122.97	0.836207	467.626	1	1	1	1	1	1	1	0
09.09.2015 05:01:47.687000	0.0500001	0.047131	0.0592535	127.273	-172.102	0.0103082	4	3	3	3	0.301651	252	66.2064	0	0	0	0.159462	122.949	0.839686	467.533	1	1	1	1	1	1	1	0
09.09.2015 05:01:47.787000	0.0500001	0.047131	0.0592535	127.273	-209.818	0.010489	4	3	3	3	0.271709	252	66.2064	0	0	0	0.156662	122.924	0.845424	467.416	1	1	1	1	1	1	1	0
09.09.2015 05:01:47.887000	0.0500001	0.047131	0.0592535	127.273	-248.16	0.00868056	4	3	3	3	0.279422	252	66.2064	0	0	0	0.157899	122.906	0.846461	467.34	1	1	1	1	1	1	1	0
09.09.2015 05:01:47.987000	0.0500001	0.047131	0.0592535	127.273	-291.586	0.0108507	4	3	3	3	0.269171	252	66.2064	0	0	0	0.157784	122.883	0.849818	467.242	1	1	1	1	1	1	1	0
09.09.2015 05:01:48.087000	0.0500001	0.047131	0.0592535	127.273	-339.992	0.0113932	4	3	3	3	0.269667	252	66.2064	0	0	0	0.15617	122.857	0.851527	467.134	1	1	1	1	1	1	1	0
09.09.2015 05:01:48.187000	0.0500001	0.047131	0.0592535	127.273	-378.195	0.0108507	4	3	3	3	0.305829	252	66.2064	0	0	0	0.157198	122.84	0.857204	467.046	1	1	1	1	1	1	1	0
09.09.2015 05:01:48.287000	0.0500001	0.047131	0.0592535	127.273	-416.398	0.00922309	4	3	3	3	0.310996	252	66.2064	0	0	0	0.155006	122.814	0.862331	466.928	1	1	1	1	1	1	1	0
09.09.2015 05:01:48.387000	0.0500001	0.047131	0.0592535	127.273	-464.839	0.00904225	4	3	3	3	0.290247	252	66.2064	0	0	0	0.158239	122.794	0.867397	466.833	1	1	1	1	1	1	1	0
09.09.2015 05:01:48.487000	0.0500001	0.047131	0.0592535	127.273	-508.254	0.00922309	4	3	3	3	0.295733	252	66.2064	0	0	0	0.154268	122.772	0.874233	466.723	1	1	1	1	1	1	1	0
09.09.2015 05:01:48.587000	0.0500001	0.047131	0.0592535	127.273	-546.076	0.0072338	4	3	3	3	0.297511	252	66.2064	0	0	0	0.158232	122.749	0.889615	466.575	1	1	1	1	1	1	1	0
09.09.2015 05:01:48.687000	0.0500001	0.047131	0.0592535	127.273	-578.195	0.00651042	4	3	3	3	0.293655	252	66.2064	0	0	0	0.155107	122.723	0.893338	466.462	1	1	1	1	1	1	1	0
09.09.2015 05:01:48.787000	0.0500001	0.047131	0.0592535	127.273	-612.508	0.00614873	4	3	3	3	0.293569	252	66.2064	0	0	0	0.15701	122.704	0.899686	466.363	1	1	1	1	1	1	1	0
09.09.2015 05:01:48.887000	0.0500001	0.047131	0.0592535	127.273	-631.148	0.00488281	4	3	3	3	0.275956	252	66.2064	0	0	0	0.153479	122.681	0.901944	466.269	1	1	1	1	1	1	1	0
09.09.2015 05:01:48.987000	0.0500001	0.047131	0.0592535	127.273	-645.51	0.00072338	4	3	3	3	0.293044	252	66.2064	0	0	0	0.156279	122.663	0.909879	466.167	1	1	1	1	1	1	1	0
09.09.2015 05:01:49.087000	0.0500001	0.047131	0.0592535	127.273	-656.59	0.00325521	4	3	3	3	0.259828	252	66.2064	0	0	0	0.155324	122.641	0.917386	466.054	1	1	1	1	1	1	1	0
09.09.2015 05:01:49.187000	0.0500001	0.047131	0.0592535	127.273	-665.237	0.00325521	4	3	3	3	0.302415	252	66.2064	0	0	0	0.154434	122.618	0.922758	465.947	1	1	1	1	1	1	1	0
09.09.2015 05:01:49.287000	0.0500001	0.047131	0.0592535	127.273	-667.574	0.00325521	4	3	3	3	0.284773	252	66.2064	0	0	0	0.154029	122.603	0.92996	465.862	1	1	1	1	1	1	1	0
09.09.2015 05:01:49.387000	0.0500001	0.047131	0.0592535	127.273	-667.893	0.00434028	4	3	3	3	0.262034	252	66.2064	0	0	0	0.153111	122.581	0.936064	465.753	1	1	1	1	1	1	1	0
09.09.2015 05:01:49.487000	0.0500001	0.047131	0.0592535	127.273	-667.902	0.00596788	4	3	3	3	0.288194	252	66.2064	0	0	0	0.155621	122.561	0.943205	465.65	1	1	1	1	1	1	1	0
09.09.2015 05:01:49.587000	0.0500001	0.047131	0.0592535	127.273	-667.906	0.00651042	4	3	3	3	0.297856	252	66.2064	0	0	0	0.152539	122.541	0.949309	465.55	1	1	1	1	1	1	1	0
09.09.2015 05:01:49.687000	0.0500001	0.047131	0.0592535	127.273	-667.887	0.00705295	4	3	3	3	0.293482	252	66.2064	0	0	0	0.155331	122.522	0.954863	465.454	1	1	1	1	1	1	1	0
09.09.2015 05:01:49.787000	0.0500001	0.047131	0.0592535	127.273	-667.896	0.00759549	4	3	3	3	0.289585	252	66.2064	0	0	0	0.151505	122.504	0.966521	465.341	1	1	1	1	1	1	1	0
09.09.2015 05:01:49.887000	0.0500001	0.047131	0.0592535	127.273	-667.902	0.00651042	4	3	3	3	0.278329	252	66.2064	0	0	0	0.154948	122.478	0.968535	465.235	1	1	1	1	1	1	1	0
09.09.2015 05:01:49.987000	0.0500001	0.047131	0.0592535	127.273	-667.909	0.00651042	4	3	3	3	0.288049	252	66.2064	0	0	0	0.151338	122.459	0.974212	465.14	1	1	1	1	1	1	1	0
09.09.2015 05:01:50.087000	0.0500001	0.047131	0.0592535	127.273	-667.918	0.00705295	4	3	3	3	0.279056	252	66.2064	0	0	0	0.153385	122.439	0.975738	465.057	1	1	1	1	1	1	1	0
09.09.2015 05:01:50.187000	0.0500001	0.047131	0.0592535	127.273	-667.914	0.00614873	4	3	3	3	0.307768	252	66.2064	0	0	0	0.152582	122.416	0.985015	464.936	1	1	1	1	1	1	1	0
09.09.2015 05:01:50.287000	0.0500001	0.047131	0.0592535	127.273	-667.918	0.00922309	4	3	3	3	0.303136	252	66.2064	0	0	0	0.152973	122.391	0.980682	464.858	1	1	1	1	1	1	1	0
09.09.2015 05:01:50.387000	0.0500001	0.047131	0.0592535	127.273	-667.914	0.00868056	4	3	3	3	0.331422	252	66.2064	0	0	0	0.151288	122.369	0.982086	464.766	1	1	1	1	1	1	1	0
09.09.2015 05:01:50.487000	0.0500001	0.047131	0.0592535	127.273	-667.918	0.00868056	4	3	3	3	0.283484	252	66.2064	0	0	0	0.152257	122.35	0.980071	464.701	1	1	1	1	1	1	1	0
09.09.2015 05:01:50.587000	0.0500001	0.047131	0.0592535	127.273	-667.914	0.00904225	4	3	3	3	0.299806	252	66.2064	0	0	0	0.153009	122.335	0.980193	464.642	1	1	1	1	1	1	1	0
09.09.2015 05:01:50.687000	0.0500001	0.047131	0.0592535	127.273	-667.953	0.00813802	4	3	3	3	0.284956	252	66.2064	0	0	0	0.151389	122.315	0.983062	464.556	1	1	1	1	1	1	1	0
09.09.2015 05:01:50.787000	0.0500001	0.047131	0.0592535	127.273	-667.935	0.00904225	4	3	3	3	0.289947	252	66.2064	0	0	0	0.152431	122.288	0.985748	464.443	1	1	1	1	1	1	1	0
09.09.2015 05:01:50.887000	0.0500001	0.047131	0.0592535	127.273	-667.93	0.00922309	4	3	3	3	0.291043	252	66.2064	0	0	0	0.150224	122.281	0.989959	464.398	1	1	1	1	1	1	1	0
09.09.2015 05:01:50.987000	0.0500001	0.047131	0.0592535	127.271	-667.93	0.0072338	4	3	3	3	0.295876	252	66.2064	0	0	0	0.153762	122.256	0.99234	464.295	1	1	1	1	1	1	1	0
09.09.2015 05:01:51.087000	0.0500001	0.047131	0.0592535	127.273	-667.941	0.00596788	4	3	3	3	0.280564	252	66.2064	0	0	0	0.150347	122.24	0.990631	464.239	1	1	1	1	1	1	1	0
09.09.2015 05:01:51.187000	0.0500001	0.047131	0.0592535	127.273	-667.94	0.00578704	4	3	3	3	0.24226	252	66.2064	0	0	0	0.154544	122.216	0.997823	464.119	1	1	1	1	1	1	1	0
