Time	[76:0]	[76:1]	[76:2]	[76:4]	[76:8]	[76:70]	[76:71]	[78:0]	[78:1]	[78:2]	[79:2]	[79:3]	[79:4]	[79:8]	[79:9]	[79:10]	[79:11]	[79:12]	[79:13]	[79:14]	[79.0]	[79.1]	[79.2]	[79.3]	[79.4]	[79.5]	[79.6]	[79.8]
time	Hoogteverstelling - Referentie positie (mm)	Hoogteverstelling - AZ gemeten positie (mm)	Hoogteverstelling - BZ gemeten positie (mm)	Transfert Ingang - Gemeten positie (mm)	Transfert Uitgang - Gemeten positie (mm)	Aardgas - actueel debiet	Stappenschakelaar - gemeten pos	Laspos Ing - positie discreet	Laspos Uitg - positie discreet	Schaafverstelling - positie discreet	Stuikraam - Totale Stroommeting RMS-waarde (A)	Stuikraam - Stroomreferentie (A)	Stuikraam - Positie AZ (mm, pulsgever)	Stuikraam - Referentie Servo-ventiel (%)	Stuikraam - Trim door I-regelaar (%)	Stuikraam - Gemeten snelheid (mm/s, pulsgever)	Secundaire lasspanning	Stuikraam - Druk stuikcilinder voorkamer (=laszijde)  (bar)	Stuikraam - Druk stuikcilinder terugloopkamer  (bar)	Stuikraam - Netto voorwaartse kracht op stuikraam (kN)	Stuikraam - P1	Stuikraam - P2	Stuikraam - P3	Stuikraam - P4	Stuikraam - P5	Stuikraam - P6	Stuikraam - P7	Stuikraam - Openen stuikventielen	

Lasparameter.Ingang - Coil ID	0363265S
Lasparameter.Ingang - Dikte (um)	3590
Lasparameter.Ingang - Breedte (mm)	1332
Lasparameter.Ingang - Materiaal	0001
Lasparameter.Uitgang - Coil ID	0363264S
Lasparameter.Uitgang - Dikte (um)	3580
Lasparameter.Uitgang - Breedte (mm)	1333
Lasparameter.Uitgang - Materiaal	0001
Lasparameter.P2 (mm)	32.0
Lasparameter.P3 (mm)	42.0
Lasparameter.P4 (mm)	50.2
Lasparameter.P5 (mm)	56.7
Lasparameter.P6 (mm)	62.4
Lasparameter.P7 (mm)	66.2
Lasparameter.Vonksnelheid (mm/s)	1.20
Lasparameter.Lassnelheid (mm/s)	0.48
Lasparameter.Stroom Referentie (A)	0357
Lasparameter.Stroomtoename (µA/s2)	46.7
Lasparameter.Stuikstroomtijd (per)	0008
Lasparameter.Afkoeltijd Stuik (per)	0010
Lasparameter.Stuikdruk (bar)	0103
Lasparameter.Stuiksnelheid (%)	90.0

06.09.2015 10:03:35.676000	-0.005	0	-0.00848225	0	-63.6758	0.0124783	5	3	3	3	0.279174	357	0	0	0	0	0.312341	5.52318	123.056	-450.01	1	0	0	0	0	0	0	0
06.09.2015 10:03:35.776000	-0.005	0	-0.00848225	0	-84.6758	0.0130208	5	3	3	3	0.299534	357	0	0	0	0	0.312674	5.171	123.014	-451.197	1	0	0	0	0	0	0	0
06.09.2015 10:03:35.876000	-0.005	0	-0.00848225	0	-128.531	0.0115741	5	3	3	3	0.291698	357	0	0	0	0	0.312196	4.34767	122.962	-454.149	1	0	0	0	0	0	0	0
06.09.2015 10:03:35.976000	-0.005	0	-0.00848225	0	-163.977	0.0108507	5	3	3	3	0.29209	357	0	0	0	0	0.312789	4.98337	122.942	-451.639	1	0	0	0	0	0	0	0
06.09.2015 10:03:36.076000	-0.005	0	-0.00848225	0	-202.469	0.00940394	5	3	3	3	0.282124	357	0	0	0	0	0.31305	4.88125	122.907	-451.898	1	0	0	0	0	0	0	0
06.09.2015 10:03:36.176000	-0.005	0	-0.00848225	0	-242.008	0.00868056	5	3	3	3	0.298308	357	0	0	0	0	0.312833	4.59505	122.863	-452.826	1	0	0	0	0	0	0	0
06.09.2015 10:03:36.276000	-0.005	0	-0.00848225	-0.015625	-297.508	0.00759549	5	3	3	3	0.2928	357	0	0	0	0	0.313614	4.77181	122.832	-452.028	1	0	0	0	0	0	0	0
06.09.2015 10:03:36.376000	-0.005	0	-0.00848225	-0.015625	-337	0.00705295	5	3	3	3	0.321774	357	0	0	0	0	0.313093	5.0875	122.808	-450.729	1	0	0	0	0	0	0	0
06.09.2015 10:03:36.476000	-0.005	0	-0.00848225	-0.0208333	-376.776	0.0072338	5	3	3	3	0.287027	357	0	0	0	0	0.313802	6.55312	122.826	-445.185	1	0	0	0	0	0	0	0
06.09.2015 10:03:36.576000	-0.005	0	-0.00848225	-0.0195313	-424	0.00651042	5	3	3	3	0.27755	357	0	0	0	0	0.312659	5.08365	122.815	-450.77	1	0	0	0	0	0	0	0
06.09.2015 10:03:36.676000	-0.005	0	-0.00848225	-0.0390625	-471.021	0.00614873	5	3	3	3	0.280666	357	0	0	0	0	0.313368	2.44398	122.648	-460.238	1	0	0	0	0	0	0	0
06.09.2015 10:03:36.776000	-0.005	0	-0.00848225	-0.046875	-510.066	0.00651042	5	3	3	3	0.292925	357	0	0	0	0	0.312486	2.91055	122.633	-458.393	1	0	0	0	0	0	0	0
06.09.2015 10:03:36.876000	-0.005	0	-0.00848225	-0.03125	-549.109	0.0072338	5	3	3	3	0.29512	357	0	0	0	0	0.312674	5.20902	122.67	-449.735	1	0	0	0	0	0	0	0
06.09.2015 10:03:36.976000	-0.005	0	-0.00848225	-0.0351563	-592.734	0.00651042	5	3	3	3	0.297086	357	0	0	0	0	0.312341	4.44765	122.619	-452.454	1	0	0	0	0	0	0	0
06.09.2015 10:03:37.076000	-0.005	0	-0.00848225	-0.03125	-615.924	0.00868056	5	3	3	3	0.292063	357	0	0	0	0	0.312948	6.11689	122.699	-446.371	1	0	0	0	0	0	0	0
06.09.2015 10:03:37.176000	-0.005	0	-0.00848225	-0.0273438	-633.906	0.00976563	5	3	3	3	0.309565	357	0	0	0	0	0.31318	4.59407	122.625	-451.917	1	0	0	0	0	0	0	0
06.09.2015 10:03:37.276000	-0.005	0	-0.00848225	-0.0260417	-648.979	0.0112124	5	3	3	3	0.278321	357	0	0	0	0	0.312529	5.85058	122.617	-447.074	1	0	0	0	0	0	0	0
06.09.2015 10:03:37.376000	-0.005	0	-0.00848225	-0.0234375	-660.906	0.0103082	5	3	3	3	0.319409	357	0	0	0	0	0.313614	5.16459	122.54	-449.407	1	0	0	0	0	0	0	0
06.09.2015 10:03:37.476000	-0.005	0	-0.00848225	-0.0260417	-665.82	0.010489	5	3	3	3	0.296364	357	0	0	0	0	0.315061	5.36985	122.513	-448.517	1	0	0	0	0	0	0	0
06.09.2015 10:03:37.576000	-0.005	0	-0.00848225	-0.0351563	-667.676	0.00976563	5	3	3	3	0.334095	357	0	0	0	0	0.317419	5.17936	122.487	-449.147	1	0	0	0	0	0	0	0
06.09.2015 10:03:37.676000	-0.005	0	-0.00848225	-0.046875	-667.862	0.00940394	5	3	3	3	0.297622	357	0	0	0	0	0.316262	2.97781	122.356	-457.075	1	0	0	0	0	0	0	0
06.09.2015 10:03:37.776000	-0.005	0	-0.00848225	-0.015625	-667.891	0.0108507	5	3	3	3	0.298704	357	0	0	0	0	0.31713	2.9902	122.303	-456.824	1	0	0	0	0	0	0	0
06.09.2015 10:03:37.876000	-0.005	0	-0.00848225	0.239583	-667.878	0.0108507	5	3	3	3	0.301187	357	0	0	0	0	0.316681	5.61248	122.348	-446.956	1	0	0	0	0	0	0	0
06.09.2015 10:03:37.976000	-0.005	0	-0.00848225	1.01172	-667.883	0.0108507	5	3	3	3	0.286978	357	0	0	0	0	0.316999	5.46947	122.323	-447.407	1	0	0	0	0	0	0	0
06.09.2015 10:03:38.076000	-0.005	0	-0.00848225	15.7682	-667.875	0.0122975	5	3	3	3	0.281047	357	0	0	0	0	0.318519	3.73272	122.252	-453.788	1	0	0	0	0	0	0	0
06.09.2015 10:03:38.176000	-0.005	0	-0.00848225	33.4219	-667.887	0.0113932	5	3	3	3	0.292028	357	0	0	0	0	0.319459	5.55345	122.256	-446.829	1	0	0	0	0	0	0	0
06.09.2015 10:03:38.276000	-0.005	0	-0.00848225	53.2292	-667.888	0.0108507	5	3	3	3	0.281764	357	0	0	0	0	0.320848	5.00644	122.213	-448.76	1	0	0	0	0	0	0	0
06.09.2015 10:03:38.376000	-0.005	0	-0.00848225	84.0273	-667.887	0.00922309	5	3	3	3	0.301199	357	0	0	0	0	0.320052	4.19214	122.169	-451.711	1	0	0	0	0	0	0	0
06.09.2015 10:03:38.476000	-0.005	0	-0.00848225	121.466	-667.891	0.00831887	5	3	3	3	0.291718	357	0	0	0	0	0.321701	4.51155	122.138	-450.367	1	0	0	0	0	0	0	0
06.09.2015 10:03:38.576000	-0.005	0	-0.00848225	156.832	-667.891	0.00705295	5	3	3	3	0.298395	357	0	0	0	0	0.322627	5.23228	122.118	-447.533	1	0	0	0	0	0	0	0
06.09.2015 10:03:38.676000	-0.005	0	-0.00848225	196.758	-667.891	0.00651042	5	3	3	3	0.294676	357	0	0	0	0	0.324624	4.74056	122.079	-449.267	1	0	0	0	0	0	0	0
06.09.2015 10:03:38.776000	-0.005	0	-0.00848225	247.426	-667.891	0.00705295	5	3	3	3	0.280579	357	0	0	0	0	0.32406	4.53627	122.044	-449.914	1	0	0	0	0	0	0	0
06.09.2015 10:03:38.876000	-0.005	0	-0.00848225	297.828	-667.891	0.00542535	5	3	3	3	0.292035	357	0	0	0	0	0.326346	4.87332	122.016	-448.518	1	0	0	0	0	0	0	0
06.09.2015 10:03:38.976000	-0.005	0	-0.00848225	339.699	-667.891	0.00488281	5	3	3	3	0.270427	357	0	0	0	0	0.328906	4.79678	121.998	-448.741	1	0	0	0	0	0	0	0
06.09.2015 10:03:39.076000	-0.005	0	-0.00848225	382.034	-667.891	0.00651042	5	3	3	3	0.259369	357	0	0	0	0	0.332726	4.6274	122.122	-449.863	1	0	0	0	0	0	0	0
06.09.2015 10:03:39.176000	-0.005	0	-0.00848225	439.793	-667.891	0.00651042	5	3	3	3	0.275787	357	0	0	0	0	0.334433	4.62355	122.288	-450.515	1	0	0	0	0	0	0	0
06.09.2015 10:03:39.276000	-0.005	0	-0.00848225	473.961	-667.891	0.00687211	5	3	3	3	0.305652	357	0	0	0	0	0.336777	4.26746	122.457	-452.524	1	0	0	0	0	0	0	0
06.09.2015 10:03:39.376000	-0.005	0	-0.00848225	497.32	-667.895	0.00596788	5	3	3	3	0.293876	357	0	0	0	0	0.339063	3.74737	122.968	-456.47	1	0	0	0	0	0	0	0
06.09.2015 10:03:39.476000	-0.005	0	-0.00848225	513.24	-667.896	0.00578704	5	3	3	3	0.273094	357	0	0	0	0	0.339988	4.70101	123.922	-456.472	1	0	0	0	0	0	0	0
06.09.2015 10:03:39.576000	-0.005	0	-0.00848225	532.758	-667.898	0.00542535	5	3	3	3	0.284771	357	0	0	0	0	0.341392	4.67452	124.26	-457.868	1	0	0	0	0	0	0	0
06.09.2015 10:03:39.676000	-0.005	0	-0.00848225	548.651	-667.893	0.00578704	5	3	3	3	0.256486	357	0	0	0	0	0.341999	4.17805	124.723	-461.543	1	0	0	0	0	0	0	0
06.09.2015 10:03:39.776000	-0.005	0	-0.00848225	564.02	-667.898	0.00651042	5	3	3	3	0.285815	357	0	0	0	0	0.34401	4.50142	124.821	-460.679	1	0	0	0	0	0	0	0
06.09.2015 10:03:39.876000	-0.005	0	-0.00848225	583.773	-667.898	0.00651042	5	3	3	3	0.288636	357	0	0	0	0	0.34417	4.58632	125.002	-461.048	1	0	0	0	0	0	0	0
06.09.2015 10:03:39.976000	-0.005	0	-0.00848225	600.453	-667.898	0.00705295	5	3	3	3	0.296765	357	0	0	0	0	0.345616	4.33985	125.207	-462.775	1	0	0	0	0	0	0	0
06.09.2015 10:03:40.076000	-0.005	0	-0.00848225	615.021	-667.898	0.00868056	5	3	3	3	0.30049	357	0	0	0	0	0.345747	4.3636	125.498	-463.798	1	0	0	0	0	0	0	0
06.09.2015 10:03:40.176000	-0.005	0	-0.00848225	629.574	-667.898	0.00868056	5	3	3	3	0.270066	357	0	0	0	0	0.346658	4.52968	125.802	-464.328	1	0	0	0	0	0	0	0
06.09.2015 10:03:40.276000	-0.005	0	-0.00848225	646.885	-667.898	0.00904225	5	3	3	3	0.281951	357	0	0	0	0	0.347049	4.41701	126.072	-465.794	1	0	0	0	0	0	0	0
06.09.2015 10:03:40.376000	-0.005	0	-0.00848225	661.656	-667.898	0.00868056	5	3	3	3	0.301308	357	0	0	0	0	0.347946	4.37025	126.27	-466.728	1	0	0	0	0	0	0	0
06.09.2015 10:03:40.476000	-0.005	0	-0.00848225	673.516	-667.898	0.00868056	5	3	3	3	0.276841	357	0	0	0	0	0.348076	4.44282	126.431	-467.068	1	0	0	0	0	0	0	0
06.09.2015 10:03:40.576000	-0.005	0	-0.00848225	684.734	-667.898	0.0108507	5	3	3	3	0.28718	357	0	0	0	0	0.347815	4.38136	126.625	-468.047	1	0	0	0	0	0	0	0
06.09.2015 10:03:40.676000	-0.005	0	-0.00848225	697.299	-667.904	0.0108507	5	3	3	3	0.279689	357	0	0	0	0	0.348944	4.33168	126.867	-469.164	1	0	0	0	0	0	0	0
06.09.2015 10:03:40.776000	-0.005	0	-0.00848225	703.414	-667.902	0.0108507	5	3	3	3	0.263887	357	0	0	0	0	0.348669	4.31104	127.1	-470.133	1	0	0	0	0	0	0	0
06.09.2015 10:03:40.876000	-0.005	0	-0.00848225	705.922	-667.906	0.010489	5	3	3	3	0.293381	357	0	0	0	0	0.349378	4.36201	127.149	-470.127	1	0	0	0	0	0	0	0
06.09.2015 10:03:40.976000	-0.005	0	-0.00848225	706.84	-667.906	0.0108507	5	3	3	3	0.257823	357	0	0	0	0	0.349103	4.36549	127.381	-471.002	1	0	0	0	0	0	0	0
06.09.2015 10:03:41.076000	-0.005	0	-0.00848225	707.086	-667.911	0.00868056	5	3	3	3	0.298281	357	0	0	0	0	0.349971	4.34877	127.981	-473.363	1	0	0	0	0	0	0	0
06.09.2015 10:03:41.176000	-0.005	0	-0.00848225	707.09	-667.91	0.00759549	5	3	3	3	0.268768	357	0	0	0	0	0.349667	4.76485	128.009	-471.876	1	0	0	0	0	0	0	0
06.09.2015 10:03:41.276000	-0.005	0	-0.00848225	707.089	-667.911	0.00904225	5	3	3	3	0.276309	357	0	0	0	0	0.349566	4.74178	128.066	-472.185	1	0	0	0	0	0	0	0
06.09.2015 10:03:41.376000	-0.005	0	-0.00848225	707.086	-667.906	0.00976563	5	3	3	3	0.248749	357	0	0	0	0	0.348958	4.4438	128.176	-473.746	1	0	0	0	0	0	0	0
06.09.2015 10:03:41.476000	-0.005	0	-0.00848225	707.089	-667.906	0.00868056	5	3	3	3	0.280466	357	0	0	0	0	0.345602	4.56563	128.383	-474.071	1	0	0	0	0	0	0	0
06.09.2015 10:03:41.576000	-0.005	0	-0.00848225	707.086	-667.91	0.00868056	5	3	3	3	0.296781	357	0	0	0	0	0.341493	4.7438	128.632	-474.343	1	0	0	0	0	0	0	0
06.09.2015 10:03:41.676000	-0.005	0	-0.00848225	707.086	-667.911	0.00868056	5	3	3	3	0.294219	357	0	0	0	0	0.336053	4.34065	128.811	-476.57	1	0	0	0	0	0	0	0
06.09.2015 10:03:41.776000	-0.005	0	-0.00848225	707.086	-667.914	0.00705295	5	3	3	3	0.290697	357	0	0	0	0	0.333926	4.48476	128.956	-476.576	1	0	0	0	0	0	0	0
06.09.2015 10:03:41.876000	-0.005	0	-0.00848225	707.094	-667.914	0.00651042	5	3	3	3	0.268311	357	0	0	0	0	0.330801	4.6722	129.068	-476.286	1	0	0	0	0	0	0	0
06.09.2015 10:03:41.976000	-0.005	0	-0.00848225	707.094	-667.914	0.00759549	5	3	3	3	0.278332	357	0	0	0	0	0.328747	4.50301	129.188	-477.392	1	0	0	0	0	0	0	0
06.09.2015 10:03:42.076000	-0.005	0	-0.00848225	707.094	-667.914	0.00759549	5	3	3	3	0.268617	357	0	0	0	0	0.326273	4.53224	129.331	-477.83	1	0	0	0	0	0	0	0
06.09.2015 10:03:42.176000	-0.005	0	-0.00848225	707.094	-667.914	0.00868056	5	3	3	3	0.302026	357	0	0	0	0	0.325405	4.53597	129.46	-478.309	1	0	0	0	0	0	0	0
06.09.2015 10:03:42.276000	-0.005	0	-0.00848225	707.094	-667.914	0.00976563	5	3	3	3	0.288713	357	0	0	0	0	0.32309	4.57094	129.583	-478.644	1	0	0	0	0	0	0	0
06.09.2015 10:03:42.376000	-0.005	0	-0.00848225	707.094	-667.914	0.0119358	5	3	3	3	0.274	357	0	0	0	0	0.321947	4.53279	129.579	-478.779	1	0	0	0	0	0	0	0
06.09.2015 10:03:42.476000	-0.005	0	-0.00848225	707.094	-667.914	0.0130208	5	3	3	3	0.290495	357	0	0	0	0	0.320891	4.52913	129.621	-478.952	1	0	0	0	0	0	0	0
06.09.2015 10:03:42.576000	-0.005	0	-0.00848225	707.094	-667.914	0.0124783	5	3	3	3	0.30716	357	0	0	0	0	0.320067	3.94317	130.147	-483.209	1	0	0	0	0	0	0	0
06.09.2015 10:03:42.676000	-0.005	0	-0.00848225	707.096	-667.914	0.0144676	5	3	3	3	0.287296	357	0	0	0	0	0.319878	4.22559	128.625	-476.301	1	0	0	0	0	0	0	0
06.09.2015 10:03:42.776000	-0.005	0	-0.00848225	707.102	-667.926	0.0157335	5	3	3	3	0.272996	357	0	0	0	0	0.318736	4.59108	129.784	-479.338	1	0	0	0	0	0	0	0
06.09.2015 10:03:42.876000	-0.005	0	-0.00848225	707.102	-667.914	0.016276	5	3	3	3	0.301776	357	0	0	0	0	0.319575	5.86541	130.826	-478.451	1	0	0	0	0	0	0	0
06.09.2015 10:03:42.976000	-0.005	0	-0.00848225	707.113	-667.918	0.016276	5	3	3	3	0.282824	357	0	0	0	0	0.318446	4.91018	130.506	-480.881	1	0	0	0	0	0	0	0
06.09.2015 10:03:43.076000	-0.005	0	-0.00848225	707.109	-667.914	0.0148293	5	3	3	3	0.291504	357	0	0	0	0	0.318736	4.59578	129.817	-479.447	1	0	0	0	0	0	0	0
06.09.2015 10:03:43.176000	-0.005	0	-0.00848225	707.117	-667.922	0.015191	5	3	3	3	0.307064	357	0	0	0	0	0.317274	4.9393	129.453	-476.739	1	0	0	0	0	0	0	0
06.09.2015 10:03:43.276000	-0.005	0	-0.00848225	707.112	-667.919	0.0166377	5	3	3	3	0.2819	357	0	0	0	0	0.317303	4.98758	129.393	-476.324	1	0	0	0	0	0	0	0
06.09.2015 10:03:43.376000	-0.005	0	-0.00848225	707.113	-667.918	0.0141059	5	3	3	3	0.279406	357	0	0	0	0	0.315553	4.90091	129.353	-476.503	1	0	0	0	0	0	0	0
06.09.2015 10:03:43.476000	-0.005	0	-0.00848225	707.109	-667.919	0.0141059	5	3	3	3	0.288616	357	0	0	0	0	0.314844	4.73904	129.302	-476.928	1	0	0	0	0	0	0	0
06.09.2015 10:03:43.576000	-0.005	0	-0.00848225	707.109	-667.922	0.0135634	5	3	3	3	0.276188	357	0	0	0	0	0.314222	5.09659	129.212	-475.213	1	0	0	0	0	0	0	0
06.09.2015 10:03:43.676000	-0.005	0	-0.00848225	707.112	-667.917	0.0130208	5	3	3	3	0.28036	357	0	0	0	0	0.313701	4.8663	129.048	-475.467	1	0	0	0	0	0	0	0
06.09.2015 10:03:43.776000	-0.005	0	-0.00848225	707.109	-667.922	0.00976563	5	3	3	3	0.305792	357	0	0	0	0	0.313339	4.7712	128.843	-475.045	1	0	0	0	0	0	0	0
06.09.2015 10:03:43.876000	-0.005	0	-0.00848225	707.109	-667.922	0.00868056	5	3	3	3	0.282239	357	0	0	0	0	0.312948	4.55879	128.658	-475.151	1	0	0	0	0	0	0	0
06.09.2015 10:03:43.976000	-0.005	0	-0.00848225	707.113	-667.918	0.00705295	5	3	3	3	0.245573	357	0	0	0	0	0.314063	4.72842	126.595	-466.604	1	0	0	0	0	0	0	0
06.09.2015 10:03:44.076000	-0.005	0	-0.00848225	707.107	-667.922	0.00687211	5	3	3	3	0.26868	357	0.00945096	0	0	0	0.313252	33.3657	115.561	-314.71	1	0	0	0	0	0	0	0
06.09.2015 10:03:44.176000	-0.005	0	-0.00848225	706.984	-667.922	0.00488281	5	3	3	3	0.271864	357	1.13411	0	0	20.871	0.313802	114.725	86.4964	108.08	1	0	0	0	0	0	0	0
06.09.2015 10:03:44.276000	-0.005	0	-0.00848225	702.516	-667.914	0.00289352	5	3	3	3	0.284971	357	4.34147	0	0	33.8932	0.313223	110.81	84.4075	101.089	1	0	0	0	0	0	0	0
06.09.2015 10:03:44.376000	-0.005	0	-0.00848225	685.988	-667.914	0.00379774	5	3	3	3	0.268911	357	7.7284	0	0	34.2937	0.313238	111.657	84.6912	103.247	1	0	0	0	0	0	0	0
06.09.2015 10:03:44.476000	-0.005	0	-0.00848225	670.388	-667.919	0.00289352	5	3	3	3	0.297857	357	11.2113	0	0	35.178	0.311921	114.725	88.9753	98.5904	1	0	0	0	0	0	0	0
06.09.2015 10:03:44.576000	-0.005	0	-0.00848225	650.688	-667.922	0.00325521	5	3	3	3	0.267851	357	14.6798	0	0	34.6474	0.311661	118.577	92.2888	100.653	1	0	0	0	0	0	0	0
06.09.2015 10:03:44.676000	-0.005	0	-0.00848225	621.016	-667.922	0.00325521	5	3	3	3	0.277435	357	18.111	0	0	34.0367	0.311603	120.833	94.8327	99.5488	1	0	0	0	0	0	0	0
06.09.2015 10:03:44.776000	-0.005	0	-0.00848225	583.891	-667.922	0.00542535	5	3	3	3	0.291719	357	21.5084	0	0	34.1982	0.31195	120.999	95.5198	97.5549	1	0	0	0	0	0	0	0
06.09.2015 10:03:44.876000	-0.005	0	-0.00848225	550.318	-667.924	0.00651042	5	3	3	3	0.275947	357	24.8854	0	0	33.9782	0.311502	120.73	95.0431	98.3497	1	0	0	0	0	0	0	0
06.09.2015 10:03:44.976000	-0.005	0	-0.00848225	513.418	-667.922	0.00868056	5	3	3	3	0.278075	357	28.2594	0	0	33.9788	0.309201	120.713	95.1465	97.8893	1	0	0	0	0	0	0	0
06.09.2015 10:03:45.076000	-0.005	0	-0.00848225	463.734	-667.927	0.00831887	5	3	3	3	0.291423	357	31.6473	9.5	0	34.5295	0.310012	121.234	95.2311	99.5584	1	0.39	0	0	0	0	0	0
06.09.2015 10:03:45.176000	-0.005	0	-0.00848225	420.164	-667.93	0.00922309	5	3	3	3	0.26517	357	35.9664	50	0	47.5411	0.309766	109.634	85.2974	93.1807	1	1	0	0	0	0	0	0
06.09.2015 10:03:45.276000	-0.005	0	-0.00848225	384.214	-667.927	0.0108507	5	3	3	3	0.282259	357	38.9449	49.219	0	18.4937	0.310475	92.3737	69.9414	85.8887	1	1	0	0	0	0	0	0
06.09.2015 10:03:45.376000	-0.005	0	-0.00848225	350.797	-667.938	0.0113932	5	3	3	3	0.286906	357	40.2238	41.0461	0	11.8609	0.309881	64.1308	41.0553	88.3514	1	1	0	0	0	0	0	0
06.09.2015 10:03:45.476000	-0.005	0	-0.00848225	306.789	-667.956	0.0122975	5	3	3	3	0.278634	357	41.1236	31.0473	0	8.59037	0.310909	53.242	28.7978	93.607	1	1	0	0	0	0	0	0
06.09.2015 10:03:45.576000	-0.005	0	-0.00848225	277.098	-667.969	0.0124783	5	3	3	3	0.269621	357	41.7653	21.0452	0	6.11443	0.310315	47.7304	23.4314	93.0295	1	1	0	0	0	0	0	0
06.09.2015 10:03:45.676000	-0.005	0	-0.00848225	251.424	-667.956	0.0130208	5	3	3	3	61.069	357	42.1368	7.70627	0	4.69059	1.13688	44.8315	21.0166	91.1622	1	1	1	0	0	0	0	0
06.09.2015 10:03:45.776000	-0.005	0	-0.00848225	231.07	-667.961	0.0119358	5	3	3	3	86.2705	357	42.2692	5.54522	0	2.91317	7.38116	44.311	19.2119	96.1003	1	1	1	0	0	0	0	0
06.09.2015 10:03:45.876000	-0.005	0	-0.00848225	211.521	-667.964	0.0126591	5	3	3	3	86.3558	357	42.397	5.54522	0	1.77679	10.6063	43.6004	18.884	94.6341	1	1	1	0	0	0	0	0
06.09.2015 10:03:45.976000	-0.005	0	-0.00848225	193.215	-667.961	0.0124783	5	3	3	3	86.2716	357	42.5303	5.54522	0	1.44491	11.4526	43.1729	18.863	93.0777	1	1	1	0	0	0	0	0
06.09.2015 10:03:46.076000	-0.005	0	-0.00848225	177.016	-667.969	0.0133825	5	3	3	3	86.1659	357	42.6462	5.54522	0	1.28874	11.7437	42.9408	18.1036	95.0968	1	1	1	0	0	0	0	0
06.09.2015 10:03:46.176000	-0.005	0	-0.00848225	153.887	-667.969	0.0103082	5	3	3	3	86.4798	357	42.7711	5.54522	0	1.25808	11.7944	42.9337	17.902	95.8416	1	1	1	0	0	0	0	0
06.09.2015 10:03:46.276000	-0.005	0	-0.00848225	140.875	-667.969	0.0101273	5	3	3	3	86.4891	357	42.8924	5.54522	0	1.24366	11.8217	42.4695	18.0026	93.679	1	1	1	0	0	0	0	0
06.09.2015 10:03:46.376000	-0.005	0	-0.00848225	132.496	-667.969	0.00868056	5	3	3	3	86.4654	357	43.0093	5.54522	0	1.20191	11.8281	42.6439	17.6391	95.7381	1	1	1	0	0	0	0	0
06.09.2015 10:03:46.476000	-0.005	0	-0.00848225	128.49	-667.971	0.00868056	5	3	3	3	86.184	357	43.1237	5.54522	0	1.16775	11.8331	42.4626	17.5448	95.4053	1	1	1	0	0	0	0	0
06.09.2015 10:03:46.576000	-0.005	0	-0.00848225	122.824	-667.977	0.00868056	5	3	3	3	86.3167	357	43.2466	5.54522	0	1.20138	11.8313	42.2482	17.7963	93.6213	1	1	1	0	0	0	0	0
06.09.2015 10:03:46.676000	-0.005	0	-0.00848225	122.396	-667.977	0.00904225	5	3	3	3	86.1985	357	43.366	5.54522	0	1.2312	11.8349	42.3306	17.5865	94.7402	1	1	1	0	0	0	0	0
06.09.2015 10:03:46.776000	-0.005	0	-0.00848225	125.285	-667.984	0.00922309	5	3	3	3	86.0228	357	43.4824	5.54522	0	1.19953	11.8429	42.2481	17.5237	94.6647	1	1	1	0	0	0	0	0
06.09.2015 10:03:46.876000	-0.005	0	-0.00848225	124.885	-667.984	0.00831887	5	3	3	3	85.8866	357	43.6072	5.54522	0	1.14072	11.8439	42.1339	17.566	94.0655	1	1	1	0	0	0	0	0
06.09.2015 10:03:46.976000	-0.005	0	-0.00848225	124.914	-667.984	0.00868056	5	3	3	3	85.8989	357	43.7241	5.54522	0	1.1651	11.8479	42.2993	17.5401	94.7977	1	1	1	0	0	0	0	0
06.09.2015 10:03:47.076000	-0.005	0	-0.00848225	124.914	-667.984	0.00940394	5	3	3	3	86.1147	357	43.842	5.54522	0	1.21937	11.8434	42.2657	17.4698	94.9386	1	1	1	0	0	0	0	0
06.09.2015 10:03:47.176000	-0.005	0	-0.00848225	124.914	-667.988	0.00868056	5	3	3	3	86.2147	357	43.9654	5.54522	0	1.21291	11.8505	42.198	17.4921	94.5939	1	1	1	0	0	0	0	0
06.09.2015 10:03:47.276000	-0.005	0	-0.00848225	124.914	-667.992	0.0072338	5	3	3	3	86.3911	357	44.0823	5.54522	0	1.19001	11.8534	42.3316	17.5196	95.0001	1	1	1	0	0	0	0	0
06.09.2015 10:03:47.376000	-0.005	0	-0.00848225	124.914	-667.992	0.00705295	5	3	3	3	86.297	357	44.2061	5.54522	0	1.19278	11.8549	42.2261	17.5055	94.65	1	1	1	0	0	0	0	0
06.09.2015 10:03:47.476000	-0.005	0	-0.00848225	124.914	-667.995	0.00614873	5	3	3	3	86.4497	357	44.3205	5.54522	0	1.2073	11.8563	42.4061	17.516	95.2992	1	1	1	0	0	0	0	0
06.09.2015 10:03:47.576000	-0.005	0	-0.00848225	124.914	-668	0.00651042	5	3	3	3	86.5364	357	44.4404	5.54522	0	1.20588	11.8594	42.3995	17.5352	95.2004	1	1	1	0	0	0	0	0
06.09.2015 10:03:47.676000	-0.005	0	-0.00848225	124.914	-668	0.00614873	5	3	3	3	86.6334	357	44.5598	5.54522	0	1.17873	11.8652	42.4221	17.5404	95.2672	1	1	1	0	0	0	0	0
06.09.2015 10:03:47.776000	-0.005	0	-0.00848225	124.914	-668	0.00651042	5	3	3	3	86.5017	357	44.6737	5.54522	0	1.17873	11.8706	42.1741	17.5423	94.3102	1	1	1	0	0	0	0	0
06.09.2015 10:03:47.876000	-0.005	0	-0.00848225	124.914	-668	0.00759549	5	3	3	3	86.5512	357	44.7901	5.54522	0	1.15441	11.8669	42.309	17.5525	94.7879	1	1	1	0	0	0	0	0
06.09.2015 10:03:47.976000	-0.005	0	-0.00848225	124.914	-668	0.00868056	5	3	3	3	86.4856	357	44.91	5.54522	0	1.15141	11.8717	42.4642	17.5739	95.3002	1	1	1	0	0	0	0	0
06.09.2015 10:03:48.076000	-0.005	0	-0.00848225	124.914	-668.003	0.010489	5	3	3	3	86.2791	357	45.0273	5.54522	0	1.19257	11.8714	42.3457	17.5787	94.8279	1	1	1	0	0	0	0	0
06.09.2015 10:03:48.176000	-0.005	0	-0.00848225	124.914	-668.008	0.0108507	5	3	3	3	85.9846	357	45.1517	5.54522	0	1.20161	11.866	42.2903	17.576	94.6259	1	1	1	0	0	0	0	0
06.09.2015 10:03:48.276000	-0.005	0	-0.00848225	124.914	-668.008	0.0112124	5	3	3	3	86.0342	357	45.2701	5.54522	0	1.21055	11.8658	42.3858	17.5897	94.9391	1	1	1	0	0	0	0	0
06.09.2015 10:03:48.376000	-0.005	0	-0.00848225	124.914	-668.008	0.0103082	5	3	3	3	86.1961	357	45.3915	5.54522	0	1.21322	11.8694	42.4258	17.6061	95.0295	1	1	1	0	0	0	0	0
06.09.2015 10:03:48.476000	-0.005	0	-0.00848225	124.914	-668.01	0.0112124	5	3	3	3	86.3647	357	45.5123	5.54522	0	1.1974	11.8718	42.5819	17.6097	95.6133	1	1	1	0	0	0	0	0
06.09.2015 10:03:48.576000	-0.005	0	-0.00848225	124.914	-668.012	0.0103082	5	3	3	3	96.0235	357	45.6342	5.54522	0	1.18996	11.8737	42.474	17.6162	95.1754	1	1	1	0	0	0	0	0
06.09.2015 10:03:48.676000	-0.005	0	-0.00848225	124.914	-668.013	0.010489	5	3	3	3	250.01	357	45.7551	5.54522	0	1.2046	11.7227	42.4702	17.6184	95.1527	1	1	1	0	0	0	0	0
06.09.2015 10:03:48.776000	-0.005	0	-0.00848225	124.914	-668.016	0.00976563	5	3	3	3	156.542	357	45.871	5.54522	0	1.21319	11.3082	42.3479	17.636	94.6168	1	1	1	0	0	0	0	0
06.09.2015 10:03:48.876000	-0.005	0	-0.00848225	124.914	-668.016	0.00795718	5	3	3	3	1027.46	357	45.9918	5.54522	0	1.20342	11.3163	42.4086	17.5516	95.1723	1	1	1	0	0	0	0	0
06.09.2015 10:03:48.976000	-0.005	0	-0.00848225	124.914	-668.016	5.48014	5	3	3	3	572.35	357	46.1102	5.54522	0	1.19543	10.6846	42.4838	17.6527	95.0732	1	1	1	0	0	0	0	0
06.09.2015 10:03:49.076000	-0.005	0	-0.00848225	124.914	-668.016	15.9328	5	3	3	3	460.076	357	46.2251	5.54522	0	1.18594	10.7221	42.5488	17.6631	95.2824	1	1	1	0	0	0	0	0
06.09.2015 10:03:49.176000	-0.005	0	-0.00848225	124.914	-668.016	22.283	5	3	3	3	395.274	357	46.348	5.54522	0	1.17336	10.8228	42.8614	17.6622	96.4827	1	1	1	0	0	0	0	0
06.09.2015 10:03:49.276000	-0.005	0	-0.00848225	124.914	-668.016	25.1707	5	3	3	3	565.879	357	46.4644	5.54522	0	1.18119	10.806	42.4511	17.6663	94.8961	1	1	1	0	0	0	0	0
06.09.2015 10:03:49.376000	-0.005	0	-0.00848225	124.914	-668.016	27.6275	5	3	3	3	560.297	357	46.5868	5.54522	0	1.19574	10.7095	42.5069	17.6979	94.9886	1	1	1	0	0	0	0	0
06.09.2015 10:03:49.476000	-0.005	0	-0.00848225	124.914	-668.016	28.2567	5	3	3	3	622.029	357	46.7066	5.54522	0	1.19732	10.7375	42.6002	17.7151	95.2801	1	1	1	0	0	0	0	0
06.09.2015 10:03:49.576000	-0.005	0	-0.00848225	124.914	-668.016	28.7039	5	3	3	3	424.823	357	46.826	5.54522	0	1.2014	10.8041	42.5723	17.7205	95.1529	1	1	1	0	0	0	0	0
06.09.2015 10:03:49.676000	-0.005	0	-0.00848225	124.914	-668.016	28.9826	5	3	3	3	504.163	357	46.9494	5.54522	0	1.20411	10.9003	42.5276	17.7237	94.9692	1	1	1	0	0	0	0	0
06.09.2015 10:03:49.776000	-0.005	0	-0.00848225	124.914	-668.016	29.1504	5	3	3	3	565.813	357	47.0658	5.54522	0	1.21321	10.8809	42.5791	17.7235	95.167	1	1	1	0	0	0	0	0
06.09.2015 10:03:49.876000	-0.005	0	-0.00848225	124.914	-668.018	29.2484	5	3	3	3	609.211	357	47.1896	5.54522	0	1.21053	10.8429	42.6076	17.7367	95.2256	1	1	1	0	0	0	0	0
06.09.2015 10:03:49.976000	-0.005	0	-0.00848225	124.914	-668.02	29.3164	5	3	3	3	540.8	357	47.306	5.54522	0	1.19537	10.8354	42.5658	17.7488	95.0195	1	1	1	0	0	0	0	0
06.09.2015 10:03:50.076000	-0.005	0	-0.00848225	124.914	-668.021	29.3623	5	3	3	3	546.209	357	47.4254	5.54522	0	1.19483	10.8439	42.5419	17.751	94.9197	1	1	1	0	0	0	0	0
06.09.2015 10:03:50.176000	-0.005	0	-0.00848225	124.914	-668.02	29.3842	5	3	3	3	633.469	357	47.5463	5.54522	0	1.18454	10.8308	42.5681	17.7507	95.0207	1	1	1	0	0	0	0	0
06.09.2015 10:03:50.276000	-0.005	0	-0.00848225	124.914	-668.023	29.3924	5	3	3	3	564.512	357	47.6637	5.54522	0	1.18454	10.8677	42.7954	17.7602	95.8545	1	1	1	0	0	0	0	0
06.09.2015 10:03:50.376000	-0.005	0	-0.00848225	124.914	-668.023	29.3934	5	3	3	3	474.821	357	47.783	5.54522	0	1.1843	10.9333	42.5026	17.7873	94.6301	1	1	1	0	0	0	0	0
06.09.2015 10:03:50.476000	-0.005	0	-0.00848225	124.914	-668.023	29.3898	5	3	3	3	566.966	357	47.9009	5.54522	0	1.18429	10.9187	42.6081	17.7842	95.0459	1	1	1	0	0	0	0	0
06.09.2015 10:03:50.576000	-0.005	0	-0.00848225	124.914	-668.023	29.3859	5	3	3	3	578.495	357	48.0218	5.54522	0	1.20476	10.923	42.6212	17.7954	95.0529	1	1	1	0	0	0	0	0
06.09.2015 10:03:50.676000	-0.005	0	-0.00848225	124.914	-668.021	29.3649	5	3	3	3	545.055	357	48.1432	5.54522	0	1.20729	10.9392	42.6101	17.835	94.8589	1	1	1	0	0	0	0	0
06.09.2015 10:03:50.776000	-0.005	0	-0.00848225	124.914	-668.023	29.3066	5	3	3	3	577.539	357	48.2606	5.54522	0	1.20247	10.9791	42.7175	17.8312	95.2845	1	1	1	0	0	0	0	0
06.09.2015 10:03:50.876000	-0.005	0	-0.00848225	124.914	-668.023	29.1612	5	3	3	3	505.126	357	48.3874	5.54522	0	1.20141	10.9831	42.586	17.8349	94.7669	1	1	1	0	0	0	0	0
06.09.2015 10:03:50.976000	-0.005	0	-0.00848225	124.914	-668.023	29.0321	5	3	3	3	558.782	357	48.5033	5.54522	0	1.20595	10.9702	42.6273	17.8353	94.9237	1	1	1	0	0	0	0	0
06.09.2015 10:03:51.076000	-0.005	0	-0.00848225	124.914	-668.023	28.9044	5	3	3	3	561.922	357	48.6257	5.54522	0	1.20739	10.9804	42.7099	17.8378	95.2305	1	1	1	0	0	0	0	0
06.09.2015 10:03:51.176000	-0.005	0	-0.00848225	124.914	-668.023	28.7684	5	3	3	3	506.569	357	48.7465	5.54522	0	1.20728	11.0132	42.6052	17.8388	94.8255	1	1	1	0	0	0	0	0
06.09.2015 10:03:51.276000	-0.005	0	-0.00848225	124.914	-668.023	28.6751	5	3	3	3	502.133	357	48.8639	5.54522	0	1.20723	11.0159	42.7063	17.8383	95.2146	1	1	1	0	0	0	0	0
06.09.2015 10:03:51.376000	-0.005	0	-0.00848225	124.914	-668.023	28.6182	5	3	3	3	468.823	357	48.9878	5.54522	0	1.20008	11.0128	42.6945	17.8473	95.1349	1	1	1	0	0	0	0	0
06.09.2015 10:03:51.476000	-0.005	0	-0.00848225	124.914	-668.023	28.5467	5	3	3	3	507.953	357	49.1047	5.54522	0	1.19571	11.0163	42.6117	17.8359	94.8613	1	1	1	0	0	0	0	0
06.09.2015 10:03:51.576000	-0.005	0	-0.00848225	124.914	-668.023	28.4722	5	3	3	3	510.831	357	49.2325	5.54522	0	1.21305	10.9979	42.6339	17.8382	94.9379	1	1	1	0	0	0	0	0
06.09.2015 10:03:51.676000	-0.005	0	-0.00848225	124.914	-668.023	28.4375	5	3	3	3	409.23	357	49.3494	5.54522	0	1.2251	11.0316	42.5894	17.839	94.7645	1	1	1	0	0	0	0	0
06.09.2015 10:03:51.776000	-0.005	0	-0.00848225	124.914	-668.023	28.4163	5	3	3	3	434.707	357	49.4708	5.54522	0	1.21279	11.0519	42.7027	17.8675	95.0889	1	1	1	0	0	0	0	0
06.09.2015 10:03:51.876000	-0.005	0	-0.00848225	124.917	-668.023	28.376	5	3	3	3	525.493	357	49.5912	5.54522	0	1.20143	11.0424	42.7153	17.8942	95.0349	1	1	1	0	0	0	0	0
06.09.2015 10:03:51.976000	-0.005	0	-0.00848225	124.914	-668.023	28.3339	5	3	3	3	499.715	357	49.7071	5.54522	0	1.19652	11.0298	42.6946	17.9148	94.8769	1	1	1	0	0	0	0	0
06.09.2015 10:03:52.076000	-0.005	0	-0.00848225	124.914	-668.023	28.3185	5	3	3	3	584.88	357	49.8329	5.54522	0	1.19	11.0453	42.8535	17.9146	95.486	1	1	1	0	0	0	0	0
06.09.2015 10:03:52.176000	-0.005	0	-0.00848225	124.914	-668.023	28.304	5	3	3	3	423.546	357	49.9493	5.54522	0	1.20138	11.0481	42.6959	17.9281	94.8311	1	1	1	0	0	0	0	0
06.09.2015 10:03:52.276000	-0.005	0	-0.00848225	124.914	-668.023	28.2921	5	3	3	3	456.106	357	50.0742	5.54522	0	1.21919	11.0386	42.666	17.9278	94.7178	1	1	1	0	0	0	0	0
06.09.2015 10:03:52.376000	-0.005	0	-0.00848225	124.914	-668.023	28.2818	5	3	3	3	328	357	50.1761	3.06151	0.0117436	1.21919	11.0121	42.6114	18.0925	93.8779	1	1	1	0.73	0	0	0	0
06.09.2015 10:03:52.476000	-0.005	0	-0.00848225	124.914	-668.023	28.2737	5	3	3	3	141.095	357	50.2259	2.61681	0.490012	1.01167	9.38342	43.0803	18.1882	95.3069	1	1	1	1	0	0	0	0
06.09.2015 10:03:52.576000	-0.005	0	-0.00848225	124.918	-668.023	28.2661	5	3	3	3	317.003	357	50.2861	2.97947	0.852672	0.934917	7.88683	43.3631	18.4906	95.2322	1	1	1	1	0	0	0	0
06.09.2015 10:03:52.676000	-0.005	0	-0.00848225	124.917	-668.023	28.2581	5	3	3	3	336.043	357	50.3537	3.01692	0.890124	0.934917	6.97067	43.5724	18.7054	95.2107	1	1	1	1	0	0	0	0
06.09.2015 10:03:52.776000	-0.005	0	-0.00848225	124.914	-668.023	28.2541	5	3	3	3	396.217	357	50.4174	3.01052	0.883722	0.934917	6.80234	43.727	18.8808	95.1312	1	1	1	1	0	0	0	0
06.09.2015 10:03:52.876000	-0.005	0	-0.00848225	124.917	-668.023	28.248	5	3	3	3	345.795	357	50.4776	2.93213	0.805338	0.696787	6.66798	43.9371	19.0522	95.2791	1	1	1	1	0	0	0	0
06.09.2015 10:03:52.976000	-0.005	0	-0.00848225	124.918	-668.023	28.2438	5	3	3	3	336.581	357	50.5517	3.01838	0.89158	0.629622	6.68696	44.0767	19.2054	95.2272	1	1	1	1	0	0	0	0
06.09.2015 10:03:53.076000	-0.005	0	-0.00848225	124.917	-668.023	28.2418	5	3	3	3	390.431	357	50.6149	3.00874	0.881945	0.629622	6.71735	44.1809	19.3357	95.1272	1	1	1	1	0	0	0	0
06.09.2015 10:03:53.176000	-0.005	0	-0.00848225	124.914	-668.023	28.2411	5	3	3	3	399.178	357	50.6795	2.88089	0.754097	0.631035	6.70739	44.3169	19.433	95.2754	1	1	1	1	0	0	0	0
06.09.2015 10:03:53.276000	-0.005	0	-0.00848225	124.917	-668.023	28.2418	5	3	3	3	389.137	357	50.7502	2.75054	0.623747	0.664957	6.69345	44.4046	19.5407	95.199	1	1	1	1	0	0	0	0
06.09.2015 10:03:53.376000	-0.005	0	-0.00848225	124.918	-668.023	28.2389	5	3	3	3	338.46	357	50.8123	2.74475	0.61795	0.664957	6.67822	44.4878	19.6288	95.18	1	1	1	1	0	0	0	0
06.09.2015 10:03:53.476000	-0.005	0	-0.00848225	124.917	-668.023	28.2393	5	3	3	3	383.457	357	50.872	2.70341	0.576619	0.664957	6.69502	44.5594	19.7197	95.1062	1	1	1	1	0	0	0	0
06.09.2015 10:03:53.576000	-0.005	0	-0.00848225	124.914	-668.023	28.2433	5	3	3	3	365.086	357	50.9372	2.70148	0.57468	0.661141	6.67977	44.6458	19.7753	95.224	1	1	1	1	0	0	0	0
06.09.2015 10:03:53.676000	-0.005	0	-0.00848225	124.917	-668.023	28.2447	5	3	3	3	337.039	357	51.0018	2.68772	0.560922	0.637697	6.68887	44.6948	19.8479	95.1338	1	1	1	1	0	0	0	0
06.09.2015 10:03:53.776000	-0.005	0	-0.00848225	124.922	-668.023	28.2471	5	3	3	3	329.241	357	51.0625	2.77368	0.646886	0.637697	6.6983	44.7379	19.9019	95.0924	1	1	1	1	0	0	0	0
06.09.2015 10:03:53.876000	-0.005	0	-0.00848225	124.917	-668.023	28.2454	5	3	3	3	380.658	357	51.1252	2.78707	0.660278	0.637697	6.7208	44.7722	19.9341	95.1003	1	1	1	1	0	0	0	0
06.09.2015 10:03:53.976000	-0.005	0	-0.00848225	124.918	-668.023	28.2465	5	3	3	3	327.145	357	51.1998	2.78766	0.660868	0.64131	6.67983	44.814	19.9804	95.0828	1	1	1	1	0	0	0	0
06.09.2015 10:03:54.076000	-0.005	0	-0.00848225	124.919	-668.023	28.2454	5	3	3	3	358.309	357	51.26	2.80453	0.677734	0.649353	6.71258	44.8393	20.0084	95.0725	1	1	1	1	0	0	0	0
06.09.2015 10:03:54.176000	-0.005	0	-0.00848225	124.922	-668.023	28.2454	5	3	3	3	313.269	357	51.3242	2.83199	0.705194	0.649353	6.6966	44.8503	20.0477	94.9643	1	1	1	1	0	0	0	0
06.09.2015 10:03:54.276000	-0.005	0	-0.00848225	124.919	-668.023	28.244	5	3	3	3	386.402	357	51.3983	2.87719	0.750394	0.649353	6.70656	44.8647	20.0631	94.9606	1	1	1	1	0	0	0	0
06.09.2015 10:03:54.376000	-0.005	0	-0.00848225	124.922	-668.023	28.2433	5	3	3	3	286.705	357	51.461	2.90711	0.780318	0.657149	6.68585	44.8843	20.0756	94.9875	1	1	1	1	0	0	0	0
06.09.2015 10:03:54.476000	-0.005	0	-0.00848225	124.919	-668.023	28.2418	5	3	3	3	378.351	357	51.5286	2.96566	0.838867	0.663275	6.7394	44.88	20.0809	94.9506	1	1	1	1	0	0	0	0
06.09.2015 10:03:54.576000	-0.005	0	-0.00848225	124.922	-668.023	28.2416	5	3	3	3	348.794	357	51.6027	2.99986	0.873068	0.663275	6.71838	44.8665	20.0798	94.9036	1	1	1	1	0	0	0	0
06.09.2015 10:03:54.676000	-0.005	0	-0.00848225	124.917	-668.023	28.2451	5	3	3	3	343.541	357	51.6659	3.02357	0.896775	0.663275	6.69778	44.8649	20.076	94.9118	1	1	1	1	0	0	0	0
06.09.2015 10:03:54.776000	-0.005	0	-0.00848225	124.918	-668.027	28.2465	5	3	3	3	351.563	357	51.744	3.05975	0.932957	0.689767	6.6998	44.8573	20.0692	94.9085	1	1	1	1	0	0	0	0
06.09.2015 10:03:54.876000	-0.005	0	-0.00848225	124.919	-668.023	28.248	5	3	3	3	414.924	357	51.8116	3.07267	0.945878	0.690871	6.66413	44.8388	20.0631	94.8613	1	1	1	1	0	0	0	0
06.09.2015 10:03:54.976000	-0.005	0	-0.00848225	124.918	-668.023	28.2487	5	3	3	3	372.653	357	51.8863	3.02977	0.902977	0.690871	6.60862	44.8304	20.0607	94.8384	1	1	1	1	0	0	0	0
06.09.2015 10:03:55.076000	-0.005	0	-0.00848225	124.922	-668.023	28.2501	5	3	3	3	273.343	357	51.9559	2.9976	0.870805	0.70621	6.62859	44.8362	20.0746	94.8071	1	1	1	1	0	0	0	0
06.09.2015 10:03:55.176000	-0.005	0	-0.00848225	124.922	-668.027	28.2503	5	3	3	3	283.338	357	52.0235	3.05474	0.927946	0.720947	6.72604	44.8209	20.0827	94.7178	1	1	1	1	0	0	0	0
06.09.2015 10:03:55.276000	-0.005	0	-0.00848225	124.922	-668.023	28.253	5	3	3	3	357.791	357	52.1001	3.16012	1.03333	0.720947	6.76361	44.802	20.0737	94.6797	1	1	1	1	0	0	0	0
06.09.2015 10:03:55.376000	-0.005	0	-0.00848225	124.922	-668.023	28.2454	5	3	3	3	349.959	357	52.1698	3.23535	1.10856	0.72128	6.70239	44.7948	20.0566	94.7178	1	1	1	1	0	0	0	0
06.09.2015 10:03:55.476000	-0.005	0	-0.00848225	124.922	-668.023	28.2491	5	3	3	3	319.052	357	52.2499	3.29	1.1632	0.725111	6.67113	44.7588	20.0351	94.6622	1	1	1	1	0	0	0	0
06.09.2015 10:03:55.576000	-0.005	0	-0.00848225	124.922	-668.023	28.2471	5	3	3	3	351.341	357	52.322	3.35818	1.23139	0.725111	6.70209	44.7209	20.0034	94.6383	1	1	1	1	0	0	0	0
06.09.2015 10:03:55.676000	-0.005	0	-0.00848225	124.922	-668.023	28.2458	5	3	3	3	377.924	357	52.4031	3.42133	1.29453	0.725111	6.69342	44.7147	19.9753	94.722	1	1	1	1	0	0	0	0
06.09.2015 10:03:55.776000	-0.005	0	-0.00848225	124.922	-668.023	28.246	5	3	3	3	346.758	357	52.4812	3.44236	1.31556	0.763294	6.64123	44.65	19.9344	94.6297	1	1	1	1	0	0	0	0
06.09.2015 10:03:55.876000	-0.005	0	-0.00848225	124.922	-668.023	28.2429	5	3	3	3	365.761	357	52.5598	3.46257	1.33577	0.770032	6.6519	44.6229	19.9079	94.629	1	1	1	1	0	0	0	0
06.09.2015 10:03:55.976000	-0.005	0	-0.00848225	124.922	-668.023	28.2438	5	3	3	3	346.1	357	52.6453	3.4673	1.3405	0.770032	6.6615	44.6002	19.893	94.5988	1	1	1	1	0	0	0	0
06.09.2015 10:03:56.076000	-0.005	0	-0.00848225	124.922	-668.023	28.2425	5	3	3	3	319.532	357	52.7219	3.48526	1.35847	0.796546	6.69523	44.5727	19.868	94.5892	1	1	1	1	0	0	0	0
06.09.2015 10:03:56.176000	-0.005	0	-0.00848225	124.922	-668.023	28.2416	5	3	3	3	301.881	357	52.804	3.53482	1.40791	0.804919	6.70557	44.5511	19.8479	94.5616	1	1	1	1	0	0	0	0
06.09.2015 10:03:56.276000	-0.005	0	-0.00848225	124.922	-668.023	28.2429	5	3	3	3	344.943	357	52.8881	3.60948	1.4826	0.804919	6.73242	44.51	19.8087	94.5813	1	1	1	1	0	0	0	0
06.09.2015 10:03:56.376000	-0.005	0	-0.00848225	124.922	-668.023	28.24	5	3	3	3	331.043	357	52.9716	3.68194	1.55515	0.820909	6.72653	44.4607	19.7823	94.4937	1	1	1	1	0	0	0	0
06.09.2015 10:03:56.476000	-0.005	0	-0.00848225	124.922	-668.023	28.2415	5	3	3	3	350.474	357	53.0552	3.74768	1.62089	0.826239	6.67867	44.4381	19.7476	94.535	1	1	1	1	0	0	0	0
06.09.2015 10:03:56.576000	-0.005	0	-0.00848225	124.922	-668.023	28.2422	5	3	3	3	354.967	357	53.1467	3.80069	1.6739	0.826239	6.66999	44.3959	19.6996	94.557	1	1	1	1	0	0	0	0
06.09.2015 10:03:56.676000	-0.005	0	-0.00848225	124.922	-668.023	28.2436	5	3	3	3	390.928	357	53.2348	3.83836	1.71156	0.865375	6.64497	44.3247	19.6557	94.4444	1	1	1	1	0	0	0	0
06.09.2015 10:03:56.776000	-0.005	0	-0.00848225	124.922	-668.023	28.246	5	3	3	3	335.121	357	53.3208	3.83473	1.70794	0.869723	6.61834	44.2768	19.6231	94.3941	1	1	1	1	0	0	0	0
06.09.2015 10:03:56.876000	-0.005	0	-0.00848225	124.922	-668.023	28.2465	5	3	3	3	336.657	357	53.4074	3.84209	1.71529	0.870087	6.63701	44.2548	19.5805	94.4731	1	1	1	1	0	0	0	0
06.09.2015 10:03:56.976000	-0.005	0	-0.00848225	124.922	-668.027	28.2449	5	3	3	3	326.711	357	53.4964	3.87921	1.75241	0.875789	6.6671	44.2448	19.5564	94.5269	1	1	1	1	0	0	0	0
06.09.2015 10:03:57.076000	-0.005	0	-0.00848225	124.922	-668.023	28.2454	5	3	3	3	367.351	357	53.5904	3.92724	1.80044	0.875789	6.66102	44.1235	19.5165	94.2153	1	1	1	1	0	0	0	0
06.09.2015 10:03:57.176000	-0.005	0	-0.00848225	124.922	-668.023	28.2476	5	3	3	3	338.544	357	53.6775	3.96461	1.83781	0.88104	6.68157	44.1399	19.4883	94.3862	1	1	1	1	0	0	0	0
06.09.2015 10:03:57.276000	-0.005	0	-0.00848225	124.919	-668.026	28.2433	5	3	3	3	321.638	357	53.7685	4.0021	1.8753	0.894542	6.68605	44.2185	19.4595	94.7975	1	1	1	1	0	0	0	0
06.09.2015 10:03:57.376000	-0.005	0	-0.00848225	124.922	-668.023	28.2416	5	3	3	3	312.017	357	53.859	4.06485	1.93806	0.894542	6.6684	44.1085	19.4245	94.51	1	1	1	1	0	0	0	0
06.09.2015 10:03:57.476000	-0.005	0	-0.00848225	124.922	-668.023	28.2415	5	3	3	3	331.79	357	53.9515	4.14643	2.01963	0.910045	6.69864	43.7607	19.4042	93.2562	1	1	1	1	0	0	0	0
06.09.2015 10:03:57.576000	-0.005	0	-0.00848225	124.922	-668.023	28.2389	5	3	3	3	340.128	357	54.0456	4.22792	2.10112	0.921272	6.68388	44.1844	19.3608	95.0445	1	1	1	1	0	0	0	0
06.09.2015 10:03:57.676000	-0.005	0	-0.00848225	124.924	-668.023	28.24	5	3	3	3	340.505	357	54.142	4.29998	2.17319	0.921272	6.67188	44.0706	19.3113	94.7986	1	1	1	1	0	0	0	0
06.09.2015 10:03:57.776000	-0.005	0	-0.00848225	124.922	-668.023	28.2362	5	3	3	3	374.181	357	54.241	4.35952	2.23272	0.959952	6.68519	43.9672	19.2604	94.5972	1	1	1	1	0	0	0	0
06.09.2015 10:03:57.876000	-0.005	0	-0.00848225	124.924	-668.023	28.2335	5	3	3	3	357.758	357	54.3395	4.3851	2.25831	0.960342	6.68301	43.6962	19.2297	93.6771	1	1	1	1	0	0	0	0
06.09.2015 10:03:57.976000	-0.005	0	-0.00848225	124.922	-668.023	28.2308	5	3	3	3	335.997	357	54.439	4.40289	2.27609	0.970775	6.69575	43.7104	19.1903	93.8825	1	1	1	1	0	0	0	0
06.09.2015 10:03:58.076000	-0.005	0	-0.00848225	124.924	-668.023	28.2339	5	3	3	3	354.066	357	54.5375	4.42772	2.30093	0.983022	6.6956	43.7277	19.1475	94.1127	1	1	1	1	0	0	0	0
06.09.2015 10:03:58.176000	-0.005	0	-0.00848225	124.922	-668.023	28.2373	5	3	3	3	337.112	357	54.6375	4.4497	2.3229	0.983022	6.70313	43.7783	19.124	94.3965	1	1	1	1	0	0	0	0
06.09.2015 10:03:58.276000	-0.005	0	-0.00848225	124.922	-668.023	28.2397	5	3	3	3	327.101	357	54.7365	4.48366	2.35686	0.990523	6.66016	43.7028	19.1006	94.1969	1	1	1	1	0	0	0	0
06.09.2015 10:03:58.376000	-0.005	0	-0.00848225	124.922	-668.027	28.2427	5	3	3	3	357.703	357	54.8379	4.54059	2.4138	0.990918	6.648	43.6876	19.0611	94.2901	1	1	1	1	0	0	0	0
06.09.2015 10:03:58.476000	-0.005	0	-0.00848225	124.924	-668.026	28.2454	5	3	3	3	358.509	357	54.9389	4.57064	2.44384	1.00302	6.63238	43.6416	19.0273	94.2434	1	1	1	1	0	0	0	0
06.09.2015 10:03:58.576000	-0.005	0	-0.00848225	124.93	-668.023	28.2498	5	3	3	3	372.563	357	55.0409	4.58634	2.45954	1.01512	6.66016	43.5406	18.9991	93.9648	1	1	1	1	0	0	0	0
06.09.2015 10:03:58.676000	-0.005	0	-0.00848225	124.924	-668.023	28.2505	5	3	3	3	320.657	357	55.1434	4.5992	2.47241	1.01513	6.62587	43.5318	18.9799	94.0045	1	1	1	1	0	0	0	0
06.09.2015 10:03:58.776000	-0.005	0	-0.00848225	124.926	-668.027	28.2536	5	3	3	3	361.442	357	55.2448	4.63133	2.50453	1.01524	6.66869	43.5709	18.9583	94.2364	1	1	1	1	0	0	0	0
06.09.2015 10:03:58.876000	-0.005	0	-0.00848225	124.927	-668.026	28.2552	5	3	3	3	331.046	357	55.3488	4.661	2.53421	1.01524	6.67983	43.4648	18.9299	93.9391	1	1	1	1	0	0	0	0
06.09.2015 10:03:58.976000	-0.005	0	-0.00848225	124.926	-668.027	28.2574	5	3	3	3	333.161	357	55.4508	4.70164	2.57484	1.02312	6.6726	43.5065	18.9107	94.1723	1	1	1	1	0	0	0	0
06.09.2015 10:03:59.076000	-0.005	0	-0.00848225	124.924	-668.023	28.2559	5	3	3	3	382.164	357	55.5557	4.73824	2.61144	1.02775	6.63845	43.5384	18.8936	94.3602	1	1	1	1	0	0	0	0
06.09.2015 10:03:59.176000	-0.005	0	-0.00848225	124.926	-668.027	28.2536	5	3	3	3	319.69	357	55.6582	4.75543	2.62863	1.03207	6.62833	43.4592	18.8837	94.0945	1	1	1	1	0	0	0	0
06.09.2015 10:03:59.276000	-0.005	0	-0.00848225	124.924	-668.026	28.2447	5	3	3	3	354.414	357	55.7661	4.79165	2.66485	1.04504	6.66913	43.478	18.8543	94.2791	1	1	1	1	0	0	0	0
06.09.2015 10:03:59.376000	-0.005	0	-0.00848225	124.926	-668.023	28.2438	5	3	3	3	296.232	357	55.8721	4.8315	2.7047	1.04504	6.66363	43.3832	18.841	93.9669	1	1	1	1	0	0	0	0
06.09.2015 10:03:59.476000	-0.005	0	-0.00848225	124.93	-668.023	28.2422	5	3	3	3	365.898	357	55.9855	4.90647	2.77967	1.08946	6.69227	43.4745	18.8073	94.4458	1	1	1	1	0	0	0	0
06.09.2015 10:03:59.576000	-0.005	0	-0.00848225	124.93	-668.023	28.2411	5	3	3	3	348.872	357	56.0959	4.95989	2.8331	1.09083	6.65263	43.1642	18.7757	93.3785	1	1	1	1	0	0	0	0
06.09.2015 10:03:59.676000	-0.005	0	-0.00848225	124.93	-668.023	28.2458	5	3	3	3	375.674	357	56.2048	4.99179	2.865	1.09422	6.64598	43.2282	18.7367	93.7732	1	1	1	1	0	0	0	0
06.09.2015 10:03:59.776000	-0.005	0	-0.00848225	124.93	-668.027	28.2482	5	3	3	3	355.483	357	56.3143	4.99725	2.87045	1.09567	6.6127	43.3092	18.7168	94.1595	1	1	1	1	0	0	0	0
06.09.2015 10:03:59.876000	-0.005	0	-0.00848225	124.93	-668.023	28.2516	5	3	3	3	339.061	357	56.4247	5.00985	2.88306	1.10004	6.60865	43.1729	18.6999	93.7021	1	1	1	1	0	0	0	0
06.09.2015 10:03:59.976000	-0.005	0	-0.00848225	124.93	-668.023	28.2509	5	3	3	3	340.815	357	56.5406	5.03128	2.90448	1.10539	6.63354	43.258	18.6773	94.1146	1	1	1	1	0	0	0	0
06.09.2015 10:04:00.076000	-0.005	0	-0.00848225	124.93	-668.023	28.2501	5	3	3	3	345.551	357.002	56.65	5.0625	2.93571	1.10757	6.6318	43.2016	18.6623	93.9564	1	1	1	1	0.22	0	0	0
06.09.2015 10:04:00.176000	-0.005	0	-0.00848225	124.926	-668.023	28.2482	5	3	3	3	330.551	357.284	56.763	5.16337	3.03657	1.1153	6.63267	43.1018	18.6485	93.6269	1	1	1	1	1	0	0	0
06.09.2015 10:04:00.276000	-0.005	0	-0.00848225	124.93	-668.026	28.248	5	3	3	3	337.456	358.428	56.8793	5.33402	3.20723	1.12002	6.6373	43.2704	18.6155	94.3988	1	1	1	1	1	0	0	0
06.09.2015 10:04:00.376000	-0.005	0	-0.00848225	124.93	-668.023	28.2465	5	3	3	3	337.001	360.505	57.0022	5.51151	3.38471	1.16772	6.65553	42.8936	18.5509	93.2037	1	1	1	1	1	0	0	0
06.09.2015 10:04:00.476000	-0.005	0	-0.00848225	124.927	-668.023	28.2473	5	3	3	3	393.991	363.516	57.1251	5.71544	3.58864	1.17594	6.68388	42.8997	18.4641	93.5591	1	1	1	1	1	0	0	0
06.09.2015 10:04:00.576000	-0.005	0	-0.00848225	124.93	-668.023	28.2492	5	3	3	3	387.767	367.46	57.2534	5.77702	3.65022	1.24992	6.61068	42.8285	18.3912	93.5654	1	1	1	1	1	0	0	0
06.09.2015 10:04:00.676000	-0.005	0	-0.00848225	124.93	-668.023	28.2523	5	3	3	3	368.409	372.338	57.3847	5.77855	3.65176	1.25503	6.6224	42.6224	18.3079	93.0952	1	1	1	1	1	0	0	0
06.09.2015 10:04:00.776000	-0.005	0	-0.00848225	124.93	-668.023	28.2547	5	3	3	3	426.079	378.149	57.5101	5.84574	3.71894	1.28188	6.6684	42.6334	18.2416	93.3913	1	1	1	1	1	0	0	0
06.09.2015 10:04:00.876000	-0.005	0	-0.00848225	124.93	-668.026	28.2592	5	3	3	3	402.245	384.894	57.6429	5.81591	3.68911	1.28196	6.62587	42.654	18.1971	93.6404	1	1	1	1	1	0	0	0
06.09.2015 10:04:00.976000	-0.005	0	-0.00848225	124.93	-668.023	28.2595	5	3	3	3	368.403	392.573	57.7652	5.79426	3.66747	1.28226	6.58131	42.7319	18.1747	94.0244	1	1	1	1	1	0	0	0
06.09.2015 10:04:01.076000	-0.005	0	-0.00848225	124.93	-668.026	28.2606	5	3	3	3	315.224	401.185	57.8936	5.9416	3.8148	1.27735	6.57899	42.5547	18.1398	93.4799	1	1	1	1	1	0	0	0
06.09.2015 10:04:01.176000	-0.005	0	-0.00848225	124.93	-668.023	28.2579	5	3	3	3	333.567	410.73	58.0264	6.39206	4.26526	1.26264	6.68171	42.4791	18.0449	93.5537	1	1	1	1	1	0	0	0
06.09.2015 10:04:01.276000	-0.005	0	-0.00848225	124.93	-668.023	28.2541	5	3	3	3	461.297	421.21	58.1741	6.93917	4.81237	1.34771	6.61936	42.2976	17.8773	93.5005	1	1	1	1	1	0	0	0
06.09.2015 10:04:01.376000	-0.005	0	-0.00848225	124.93	-668.027	28.2476	5	3	3	3	394.958	432.623	58.3328	7.35624	5.22944	1.42945	6.5502	42.0585	17.6787	93.3453	1	1	1	1	1	0	0	0
06.09.2015 10:04:01.476000	-0.005	0	-0.00848225	124.93	-668.023	28.2447	5	3	3	3	445.823	444.969	58.5049	7.84807	5.72127	1.59731	6.61314	41.7857	17.4187	93.2962	1	1	1	1	1	0	0	0
06.09.2015 10:04:01.576000	-0.005	0	-0.00848225	124.93	-668.027	28.2476	5	3	3	3	496.565	458.249	58.6825	8.2504	6.12361	1.71002	6.5515	41.4822	17.1354	93.2188	1	1	1	1	1	0	0	0
06.09.2015 10:04:01.676000	-0.005	0	-0.00848225	124.93	-668.026	28.2476	5	3	3	3	514.911	472.462	58.869	8.51437	6.38757	1.80505	6.49942	41.2078	16.8803	93.145	1	1	1	1	1	0	0	0
06.09.2015 10:04:01.776000	-0.005	0	-0.00848225	124.93	-668.023	28.2476	5	3	3	3	506.803	487.61	59.059	8.68208	6.55528	1.85621	6.43982	40.9867	16.6821	93.0574	1	1	1	1	1	0	0	0
06.09.2015 10:04:01.876000	-0.005	0	-0.00848225	124.93	-668.026	28.2469	5	3	3	3	468.681	503.69	59.2495	8.83881	6.71202	1.90938	6.45645	40.8201	16.5208	93.0373	1	1	1	1	1	0	0	0
06.09.2015 10:04:01.976000	-0.005	0	-0.00848225	124.93	-668.023	28.2482	5	3	3	3	423.212	520.705	59.442	9.22155	7.09476	1.9132	6.55049	40.6723	16.3721	93.0408	1	1	1	1	1	0	0	0
06.09.2015 10:04:02.076000	-0.005	0	-0.00848225	124.93	-668.026	28.2527	5	3	3	3	490.17	538.653	59.648	9.91632	7.78953	1.9729	6.57205	40.4702	16.1856	92.9809	1	1	1	1	1	0	0	0
06.09.2015 10:04:02.176000	-0.005	0	-0.00848225	124.93	-668.027	28.2541	5	3	3	3	525.712	557.534	59.8748	10.7091	8.58227	2.1303	6.511	40.1915	15.9148	92.9508	1	1	1	1	1	0	0	0
06.09.2015 10:04:02.276000	-0.005	0	-0.00848225	124.93	-668.023	28.257	5	3	3	3	523.934	577.349	60.1165	11.522	9.3952	2.33991	6.42969	39.876	15.6213	92.8662	1	1	1	1	1	0	0	0
06.09.2015 10:04:02.376000	-0.005	0	-0.00848225	124.93	-668.023	28.2568	5	3	3	3	586.249	598.098	60.3747	12.3605	10.2337	2.50827	6.35706	39.5426	15.3299	92.7056	1	1	1	1	1	0	0	0
06.09.2015 10:04:02.476000	-0.005	0	-0.00848225	124.93	-668.026	28.261	5	3	3	3	560.712	619.778	60.6548	13.1634	11.0366	2.68681	6.27893	39.2485	15.0472	92.6622	1	1	1	1	1	0	0	0
06.09.2015 10:04:02.576000	-0.005	0	-0.00848225	124.93	-668.027	28.259	5	3	3	3	575.572	642.394	60.9462	14.062	11.9352	2.90008	6.28501	38.9596	14.7907	92.5381	1	1	1	1	1	0	0	0
06.09.2015 10:04:02.676000	-0.005	0	-0.00848225	124.93	-668.023	28.261	5	3	3	3	662.74	665.944	61.2571	15.0223	12.8955	3.05307	6.32856	38.6938	14.5449	92.4612	1	1	1	1	1	0	0	0
06.09.2015 10:04:02.776000	-0.005	0	-0.00848225	124.93	-668.023	28.2612	5	3	3	3	735.312	690.425	61.5874	15.8885	13.7618	3.2101	6.29557	38.4557	14.3195	92.4126	1	1	1	1	1	0	0	0
06.09.2015 10:04:02.876000	-0.005	0	-0.00848225	124.93	-668.026	28.2621	5	3	3	3	684.033	715.842	61.9321	16.5739	14.4471	3.44378	6.16652	38.2655	14.1745	92.2396	1	1	1	1	1	0	0	0
06.09.2015 10:04:02.976000	-0.005	0	-0.00848225	124.926	-668.027	28.2644	5	3	3	3	605.966	612.108	62.2888	17.3455	10.0776	3.55671	6.11849	38.1281	14.0668	92.1258	1	1	1	1	1	0.33	0	0.33
06.09.2015 10:04:03.076000	-0.005	0	-0.00848225	124.93	-668.026	28.2682	5	3	3	3	1292.25	357	63.6174	17.706	0	37.8233	6.22295	67.9301	19.9039	183.883	1	1	1	1	1	1	0.12	1
06.09.2015 10:04:03.176000	-0.005	0	-0.00848225	124.93	-668.031	28.2693	5	3	3	3	1158.71	357	66.2328	17.706	0	31.1042	5.42173	104.324	1.36247	394.219	1	1	1	1	1	1	1	1
06.09.2015 10:04:03.276000	-0.005	0	-0.00848225	124.956	-668.039	28.2711	5	3	3	3	17.3928	357	66.2064	17.706	0	31.1042	3.6535	110.627	0.761315	420.653	1	1	1	1	1	1	1	1
06.09.2015 10:04:03.376000	-0.005	0	-0.00848225	124.914	-668.043	26.4209	5	3	3	3	2.08916	357	66.2064	4.60355	0	31.1042	2.25883	120.915	0.675314	460.376	1	1	1	1	1	1	1	0.26
06.09.2015 10:04:03.476000	-0.005	0	-0.00848225	124.914	-668.057	22.8671	5	3	3	3	0.255869	357	66.2064	0	0	31.1042	1.65495	121.838	0.67336	463.917	1	1	1	1	1	1	1	0
06.09.2015 10:04:03.576000	-0.005	0	-0.00848225	124.918	-668.047	18.6925	5	3	3	3	0.35253	357	66.2064	0	0	31.1042	1.30715	122.079	0.664449	464.873	1	1	1	1	1	1	1	0
06.09.2015 10:04:03.676000	-0.005	0	-0.00848225	124.922	-668.057	15.7277	5	3	3	3	0.38244	357	66.2064	0	0	31.1042	1.04369	122.266	0.656209	465.618	1	1	1	1	1	1	1	0
06.09.2015 10:04:03.776000	-0.005	0	-0.00848225	124.922	-668.059	12.3416	5	3	3	3	0.366648	357	66.2064	0	0	31.1042	0.840567	122.454	0.654927	466.344	1	1	1	1	1	1	1	0
06.09.2015 10:04:03.876000	-0.005	0	-0.00848225	124.901	-668.047	10.3378	5	3	3	3	0.394124	357	66.2064	0	0	31.1042	0.727286	122.659	0.655843	467.127	1	1	1	1	1	1	1	0
06.09.2015 10:04:03.976000	-0.005	0	-0.00848225	124.883	-668.051	8.61437	5	3	3	3	0.407644	357	66.2064	0	0	31.1042	0.648582	122.842	0.66451	467.793	1	1	1	1	1	1	1	0
06.09.2015 10:04:04.076000	-0.005	0	-0.00848225	124.883	-668.055	7.35171	5	3	3	3	0.388231	357	66.2064	0	0	30.1696	0.567853	123.026	0.660848	468.51	1	1	1	1	1	1	1	0
06.09.2015 10:04:04.176000	-0.005	0	-0.00848225	124.879	-668.047	6.27604	5	3	3	3	0.390778	357	66.2064	0	0	-0.0497405	0.512587	123.211	0.655354	469.242	1	1	1	1	1	1	1	0
06.09.2015 10:04:04.276000	-0.005	0	-0.00848225	124.883	-668.047	5.27814	5	3	3	3	0.371055	357	66.2064	0	0	-0.0497405	0.472946	123.395	0.655965	469.945	1	1	1	1	1	1	1	0
06.09.2015 10:04:04.376000	-0.005	0	-0.00848225	124.883	-668.051	4.67502	5	3	3	3	0.35788	357	66.2064	0	0	-0.0497405	0.441117	123.584	0.65804	470.66	1	1	1	1	1	1	1	0
06.09.2015 10:04:04.476000	-0.005	0	-0.00848225	124.883	-668.049	4.04767	5	3	3	3	0.393788	357	66.2064	0	0	-0.0497405	0.403212	123.774	0.657002	471.392	1	1	1	1	1	1	1	0
06.09.2015 10:04:04.576000	-0.005	0	-0.00848225	124.883	-668.047	3.67025	5	3	3	3	0.400848	357	66.2064	0	0	-0.0497405	0.38151	123.953	0.656514	472.078	1	1	1	1	1	1	1	0
06.09.2015 10:04:04.676000	-0.005	0	-0.00848225	124.885	-668.047	3.18215	5	3	3	3	0.386204	357	66.2064	0	0	-0.0497405	0.361979	124.12	0.656758	472.718	1	1	1	1	1	1	1	0
06.09.2015 10:04:04.776000	-0.005	0	-0.00848225	124.891	-668.047	2.8342	5	3	3	3	0.350783	357	66.2064	0	0	-0.0497405	0.342882	124.282	0.652303	473.354	1	1	1	1	1	1	1	0
06.09.2015 10:04:04.876000	-0.005	0	-0.00848225	124.891	-668.047	0.980541	5	3	3	3	0.352945	357	66.2064	0	0	-0.0497405	0.324653	124.445	0.655293	473.966	1	1	1	1	1	1	1	0
06.09.2015 10:04:04.976000	-0.005	0	-0.00848225	124.887	-668.047	0.177409	5	3	3	3	0.353742	357	66.2064	0	0	-0.0497405	0.312789	124.596	0.651326	474.561	1	1	1	1	1	1	1	0
06.09.2015 10:04:05.076000	-0.005	0	-0.00848225	124.885	-668.047	0.152995	5	3	3	3	0.361147	357	66.2064	0	0	-0.0487457	0.301215	124.732	0.657979	475.053	1	1	1	1	1	1	1	0
06.09.2015 10:04:05.176000	-0.005	0	-0.00848225	124.891	-668.047	0.131836	5	3	3	3	0.387669	357	66.2064	0	0	0	0.289352	124.846	0.664083	475.468	1	1	1	1	1	1	1	0
06.09.2015 10:04:05.276000	-0.005	0	-0.00848225	124.885	-668.042	0.113932	5	3	3	3	0.390128	357	66.2064	0	0	0	0.278646	124.97	0.668538	475.924	1	1	1	1	1	1	1	0
06.09.2015 10:04:05.376000	-0.005	0	-0.00848225	124.883	-668.039	0.102539	5	3	3	3	0.358258	357	66.2064	0	0	0	0.27228	125.099	0.657002	476.463	1	1	1	1	1	1	1	0
06.09.2015 10:04:05.476000	-0.005	0	-0.00848225	124.88	-668.042	0.0878906	5	3	3	3	0.343266	357	66.2064	0	0	0	0.272859	125.224	0.656209	476.945	1	1	1	1	1	1	1	0
06.09.2015 10:04:05.576000	-0.005	0	-0.00848225	124.875	-668.031	0.0721571	5	3	3	3	0.358477	357	66.2064	0	0	0	0.281829	125.342	0.660421	477.38	1	1	1	1	1	1	1	0
06.09.2015 10:04:05.676000	-0.005	0	-0.00848225	124.883	-667.539	0.0589554	5	3	3	3	0.365562	357	66.2064	0	0	0	0.28776	125.446	0.654622	477.802	1	1	1	1	1	1	1	0
06.09.2015 10:04:05.776000	-0.005	0	-0.00848225	124.891	-664.316	0.0509983	5	3	3	3	0.362652	357	66.2064	0	0	0	0.293837	125.547	0.66158	478.162	1	1	1	1	1	1	1	0
06.09.2015 10:04:05.876000	-0.005	0	-0.00848225	124.891	-649.557	0.0430411	5	3	3	3	0.350106	357	66.2064	0	0	0	0.2989	125.634	0.661153	478.498	1	1	1	1	1	1	1	0
06.09.2015 10:04:05.976000	-0.005	0	-0.00848225	124.891	-628.215	0.0341797	5	3	3	3	0.351801	357	66.2064	0	0	0	0.304977	125.705	0.660054	478.771	1	1	1	1	1	1	1	0
06.09.2015 10:04:06.076000	-0.005	0	-0.00848225	124.891	-594.607	0.0289352	5	3	3	3	0.346797	357	66.2064	0	0	0	0.308594	125.768	0.65981	479.016	1	1	1	1	1	1	1	0
06.09.2015 10:04:06.176000	-0.005	0	-0.00848225	124.891	-565.676	0.0254991	5	3	3	3	0.311525	357	66.2064	0	0	0	0.311198	125.818	0.659261	479.207	1	1	1	1	1	1	1	0
06.09.2015 10:04:06.276000	-0.005	0	-0.00848225	124.891	-533.513	0.0220631	5	3	3	3	0.389056	357	66.2064	0	0	0	0.315394	125.86	0.665731	479.35	1	1	1	1	1	1	1	0
06.09.2015 10:04:06.376000	-0.005	0	-0.00848225	124.891	-497.43	0.0189887	5	3	3	3	0.379728	357	66.2064	0	0	0	0.317419	125.891	0.670431	479.446	1	1	1	1	1	1	1	0
06.09.2015 10:04:06.476000	-0.005	0	-0.00848225	124.891	-440.357	0.016276	5	3	3	3	0.378402	357	66.2064	0	0	0	0.320602	125.9	0.664998	479.499	1	1	1	1	1	1	1	0
06.09.2015 10:04:06.576000	-0.005	0	-0.00848225	124.887	-398.527	0.0146484	5	3	3	3	0.389636	357	66.2064	0	0	0	0.32147	125.899	0.663778	479.502	1	1	1	1	1	1	1	0
06.09.2015 10:04:06.676000	-0.005	0	-0.00848225	124.888	-356.667	0.0130208	5	3	3	3	0.383589	357	66.2064	0	0	0	0.324653	125.84	0.664388	479.274	1	1	1	1	1	1	1	0
06.09.2015 10:04:06.776000	-0.005	0	-0.00848225	124.883	-306.313	0.0135634	5	3	3	3	0.374557	357	66.2064	0	0	0	0.324942	125.81	0.66253	479.17	1	1	1	1	1	1	1	0
06.09.2015 10:04:06.876000	-0.005	0	-0.00848225	124.885	-257.096	0.0112124	5	3	3	3	0.387577	357	66.2064	0	0	0	0.326396	125.774	0.666158	479.026	1	1	1	1	1	1	1	0
06.09.2015 10:04:06.976000	-0.005	0	-0.00848225	124.887	-216.012	0.0119358	5	3	3	3	0.391523	357	66.2064	0	0	0	0.3267	125.751	0.670003	478.914	1	1	1	1	1	1	1	0
06.09.2015 10:04:07.076000	-0.005	0	-0.00848225	124.888	-174.823	0.0108507	5	3	3	3	0.360088	357	66.2064	0	0	0	0.327539	125.712	0.666402	478.773	1	1	1	1	1	1	1	0
06.09.2015 10:04:07.176000	-0.005	0	-0.00848225	124.891	-117.289	0.0130208	5	3	3	3	0.382662	357	66.2064	0	0	0	0.328436	125.681	0.666402	478.656	1	1	1	1	1	1	1	0
06.09.2015 10:04:07.276000	-0.005	0	-0.00848225	124.891	-76.1979	0.0126591	5	3	3	3	0.399535	357	66.2064	0	0	0	0.328696	125.649	0.670565	478.519	1	1	1	1	1	1	1	0
06.09.2015 10:04:07.376000	-0.005	0	-0.00848225	124.891	-35.5781	0.0135634	5	3	3	3	0.352476	357	66.2064	0	0	0	0.32929	125.616	0.676046	478.369	1	1	1	1	1	1	1	0
06.09.2015 10:04:07.476000	-0.005	0	-0.00848225	124.891	10.9792	0.0130208	5	3	3	3	0.314531	357	66.2064	0	0	0	0.329	125.586	0.676412	478.253	1	1	1	1	1	1	1	0
06.09.2015 10:04:07.576000	-0.005	0	-0.00848225	124.891	62.8633	0.0141059	5	3	3	3	0.290908	357	66.2064	0	0	0	0.33044	125.562	0.669576	478.189	1	1	1	1	1	1	1	0
06.09.2015 10:04:07.676000	-0.005	0	-0.00848225	124.891	104.016	0.0115741	5	3	3	3	0.305403	357	66.2064	0	0	0	0.329724	125.532	0.669759	478.074	1	1	1	1	1	1	1	0
06.09.2015 10:04:07.776000	-0.005	0	-0.00848225	124.891	144.711	0.0130208	5	3	3	3	0.309788	357	66.2064	0	0	0	0.331163	125.501	0.666402	477.968	1	1	1	1	1	1	1	0
06.09.2015 10:04:07.876000	-0.005	0	-0.00848225	124.891	190.133	0.0141059	5	3	3	3	0.309369	357	66.2064	0	0	0	0.33133	125.471	0.666097	477.852	1	1	1	1	1	1	1	0
06.09.2015 10:04:07.976000	-0.005	0	-0.00848225	124.891	241.918	0.0108507	5	3	3	3	0.290111	357	66.2064	0	0	0	0.332161	125.439	0.669515	477.718	1	1	1	1	1	1	1	0
06.09.2015 10:04:08.076000	-0.005	0	-0.00848225	124.891	282.125	0.00904225	5	3	3	3	0.305629	357	66.2064	0	0	0	0.331901	125.41	0.66744	477.613	1	1	1	1	1	1	1	0
06.09.2015 10:04:08.176000	-0.005	0	-0.00848225	124.891	322.707	0.00922309	5	3	3	3	0.304584	357	66.2064	0	0	0	0.331879	125.378	0.671651	477.477	1	1	1	1	1	1	1	0
06.09.2015 10:04:08.276000	-0.005	0	-0.00848225	124.888	374.279	0.00795718	5	3	3	3	0.320828	357	66.2064	0	0	0	0.332473	125.35	0.673116	477.364	1	1	1	1	1	1	1	0
06.09.2015 10:04:08.376000	-0.005	0	-0.00848225	124.887	420.117	0.00705295	5	3	3	3	0.302374	357	66.2064	0	0	0	0.332169	125.324	0.678304	477.243	1	1	1	1	1	1	1	0
06.09.2015 10:04:08.476000	-0.005	0	-0.00848225	124.891	460.695	0.00940394	5	3	3	3	0.276701	357	66.2064	0	0	0	0.332762	125.295	0.675619	477.141	1	1	1	1	1	1	1	0
06.09.2015 10:04:08.576000	-0.005	0	-0.00848225	124.891	501.285	0.0108507	5	3	3	3	0.291117	357	66.2064	0	0	0	0.332176	125.271	0.672872	477.06	1	1	1	1	1	1	1	0
06.09.2015 10:04:08.676000	-0.005	0	-0.00848225	124.891	557.615	0.0126591	5	3	3	3	0.301814	357	66.2064	0	0	0	0.333044	125.242	0.673605	476.949	1	1	1	1	1	1	1	0
06.09.2015 10:04:08.776000	-0.005	0	-0.00848225	124.891	591.418	0.0130208	5	3	3	3	0.31353	357	66.2064	0	0	0	0.332183	125.215	0.672933	476.847	1	1	1	1	1	1	1	0
06.09.2015 10:04:08.876000	-0.005	0	-0.00848225	124.891	619.828	0.0133825	5	3	3	3	0.299458	357	66.2064	0	0	0	0.333037	125.186	0.675069	476.729	1	1	1	1	1	1	1	0
06.09.2015 10:04:08.976000	-0.005	0	-0.00848225	124.891	647.203	0.0130208	5	3	3	3	0.28203	357	66.2064	0	0	0	0.333051	125.156	0.672994	476.622	1	1	1	1	1	1	1	0
06.09.2015 10:04:09.076000	-0.005	0	-0.00848225	124.891	666.604	0.0133825	5	3	3	3	0.299381	357	66.2064	0	0	0	0.333326	125.129	0.674215	476.512	1	1	1	1	1	1	1	0
06.09.2015 10:04:09.176000	-0.005	0	-0.00848225	124.891	675.332	0.0130208	5	3	3	3	0.277498	357	66.2064	0	0	0	0.333341	125.101	0.673055	476.412	1	1	1	1	1	1	1	0
06.09.2015 10:04:09.276000	-0.005	0	-0.00848225	124.891	676.716	0.0130208	5	3	3	3	0.307918	357	66.2064	0	0	0	0.333037	125.072	0.673727	476.294	1	1	1	1	1	1	1	0
06.09.2015 10:04:09.376000	-0.005	0	-0.00848225	124.891	676.848	0.0130208	5	3	3	3	0.317428	357	66.2064	0	0	0	0.33363	125.047	0.679525	476.18	1	1	1	1	1	1	1	0
06.09.2015 10:04:09.476000	-0.005	0	-0.00848225	124.891	676.844	0.0112124	5	3	3	3	0.284224	357	66.2064	0	0	0	0.333037	125.022	0.68099	476.077	1	1	1	1	1	1	1	0
06.09.2015 10:04:09.576000	-0.005	0	-0.00848225	124.891	676.844	0.0108507	5	3	3	3	0.291586	357	66.2064	0	0	0	0.333044	124.999	0.676046	476.008	1	1	1	1	1	1	1	0
06.09.2015 10:04:09.676000	-0.005	0	-0.00848225	124.891	676.844	0.0101273	5	3	3	3	0.304707	357	66.2064	0	0	0	0.332465	124.972	0.67684	475.9	1	1	1	1	1	1	1	0
06.09.2015 10:04:09.776000	-0.005	0	-0.00848225	124.859	676.855	0.0103082	5	3	3	3	0.331055	357	66.2064	0	0	0	0.333333	124.947	0.672506	475.823	1	1	1	1	1	1	1	0
06.09.2015 10:04:09.876000	-0.005	0	-0.00848225	124.841	676.872	0.010489	5	3	3	3	0.328325	357	66.2064	0	0	0	0.332755	124.925	0.674459	475.729	1	1	1	1	1	1	1	0
06.09.2015 10:04:09.976000	-0.005	0	-0.00848225	124.84	676.879	0.0108507	5	3	3	3	0.37083	357	66.2064	0	0	0	0.333037	124.896	0.671468	475.63	1	1	1	1	1	1	1	0
06.09.2015 10:04:10.076000	-0.005	0	-0.00848225	124.841	676.865	0.0126591	5	3	3	3	0.367801	357	66.2064	0	0	0	0.332624	124.868	0.664388	475.549	1	1	1	1	1	1	1	0
06.09.2015 10:04:10.176000	-0.005	0	-0.00848225	124.836	676.867	0.0124783	5	3	3	3	0.367255	357	66.2064	0	0	0	0.333174	124.841	0.669881	475.427	1	1	1	1	1	1	1	0
06.09.2015 10:04:10.276000	-0.005	0	-0.00848225	124.839	676.828	0.0108507	5	3	3	3	0.388634	357	66.2064	0	0	0	0.332624	124.819	0.674825	475.322	1	1	1	1	1	1	1	0
06.09.2015 10:04:10.376000	-0.005	0	-0.00848225	124.836	676.832	0.00922309	5	3	3	3	0.393647	357	66.2064	0	0	0	0.332313	124.795	0.679464	475.215	1	1	1	1	1	1	1	0
06.09.2015 10:04:10.476000	-0.005	0	-0.00848225	124.841	676.831	0.00904225	5	3	3	3	0.396572	357	66.2064	0	0	0	0.332755	124.771	0.684042	475.104	1	1	1	1	1	1	1	0
06.09.2015 10:04:10.576000	-0.005	0	-0.00848225	124.844	676.82	0.00868056	5	3	3	3	0.370711	357	66.2064	0	0	0	0.332176	124.749	0.676717	475.047	1	1	1	1	1	1	1	0
06.09.2015 10:04:10.676000	-0.005	0	-0.00848225	124.846	676.82	0.00940394	5	3	3	3	0.373392	357	66.2064	0	0	0	0.333044	124.723	0.667806	474.984	1	1	1	1	1	1	1	0
06.09.2015 10:04:10.776000	-0.005	0	-0.00848225	124.844	676.867	0.00922309	5	3	3	3	0.370013	357	66.2064	0	0	0	0.332762	124.696	0.668722	474.874	1	1	1	1	1	1	1	0
06.09.2015 10:04:10.876000	-0.005	0	-0.00848225	124.852	676.854	0.00868056	5	3	3	3	0.382376	357	66.2064	0	0	0	0.333326	124.672	0.672323	474.77	1	1	1	1	1	1	1	0
06.09.2015 10:04:10.976000	-0.005	0	-0.00848225	124.855	676.82	0.00922309	5	3	3	3	0.37171	357	66.2064	0	0	0	0.333044	124.645	0.674703	474.656	1	1	1	1	1	1	1	0
06.09.2015 10:04:11.076000	-0.005	0	-0.00848225	124.854	676.906	0.00868056	5	3	3	3	0.377738	357	66.2064	0	0	0	0.333044	124.62	0.676778	474.555	1	1	1	1	1	1	1	0
06.09.2015 10:04:11.176000	-0.005	0	-0.00848225	124.855	676.883	0.00813802	5	3	3	3	0.391699	357	66.2064	0	0	0	0.333348	124.594	0.676107	474.457	1	1	1	1	1	1	1	0
06.09.2015 10:04:11.276000	-0.005	0	-0.00848225	124.854	676.854	0.0072338	5	3	3	3	0.376434	357	66.2064	0	0	0	0.33376	124.568	0.678732	474.347	1	1	1	1	1	1	1	0
06.09.2015 10:04:11.376000	-0.005	0	-0.00848225	124.859	676.848	0.00705295	5	3	3	3	0.402858	357	66.2064	0	0	0	0.333767	124.543	0.684347	474.232	1	1	1	1	1	1	1	0
06.09.2015 10:04:11.476000	-0.005	0	-0.00848225	124.859	676.826	0.00976563	5	3	3	3	0.386567	357	66.2064	0	0	0	0.333189	124.519	0.688131	474.124	1	1	1	1	1	1	1	0
06.09.2015 10:04:11.576000	-0.005	0	-0.00848225	124.859	676.82	0.00922309	5	3	3	3	0.383346	357	66.2064	0	0	0	0.334057	124.495	0.679403	474.067	1	1	1	1	1	1	1	0
06.09.2015 10:04:11.676000	-0.005	0	-0.00848225	124.859	676.813	0.00976563	5	3	3	3	0.383141	357	66.2064	0	0	0	0.333478	124.47	0.677816	473.977	1	1	1	1	1	1	1	0
06.09.2015 10:04:11.776000	-0.005	0	-0.00848225	124.859	676.805	0.0108507	5	3	3	3	0.37659	357	66.2064	0	0	0	0.333767	124.447	0.680563	473.876	1	1	1	1	1	1	1	0
06.09.2015 10:04:11.876000	-0.005	0	-0.00848225	124.859	676.81	0.0115741	5	3	3	3	0.385687	357	66.2064	0	0	0	0.333782	124.424	0.677755	473.8	1	1	1	1	1	1	1	0
06.09.2015 10:04:11.976000	-0.005	0	-0.00848225	124.859	676.805	0.0108507	5	3	3	3	0.39522	357	66.2064	0	0	0	0.33491	124.395	0.679586	473.682	1	1	1	1	1	1	1	0
06.09.2015 10:04:12.076000	-0.005	0	-0.00848225	124.859	676.805	0.0112124	5	3	3	3	0.392086	357	66.2064	0	0	0	0.33363	124.375	0.678854	473.608	1	1	1	1	1	1	1	0
06.09.2015 10:04:12.176000	-0.005	0	-0.00848225	124.859	676.805	0.0103082	5	3	3	3	0.360751	357	66.2064	0	0	0	0.334194	124.35	0.679647	473.51	1	1	1	1	1	1	1	0
06.09.2015 10:04:12.276000	-0.005	0	-0.00848225	124.859	676.807	0.00976563	5	3	3	3	0.364152	357	66.2064	0	0	0	0.333919	124.323	0.683126	473.392	1	1	1	1	1	1	1	0
06.09.2015 10:04:12.376000	-0.005	0	-0.00848225	124.859	676.805	0.00868056	5	3	3	3	0.391498	357	66.2064	0	0	0	0.333905	124.301	0.689291	473.283	1	1	1	1	1	1	1	0
06.09.2015 10:04:12.476000	-0.005	0	-0.00848225	124.859	676.802	0.010489	5	3	3	3	0.383044	357	66.2064	0	0	0	0.334071	124.276	0.690756	473.182	1	1	1	1	1	1	1	0
06.09.2015 10:04:12.576000	-0.005	0	-0.00848225	124.859	676.805	0.0124783	5	3	3	3	0.386476	357	66.2064	0	0	0	0.33376	124.251	0.682455	473.119	1	1	1	1	1	1	1	0
06.09.2015 10:04:12.676000	-0.005	0	-0.00848225	124.859	676.797	0.0130208	5	3	3	3	0.374691	357	66.2064	0	0	0	0.334643	124.231	0.679769	473.053	1	1	1	1	1	1	1	0
06.09.2015 10:04:12.776000	-0.005	0	-0.00848225	124.859	676.781	0.0130208	5	3	3	3	0.371326	357	66.2064	0	0	0	0.333767	124.206	0.680624	472.953	1	1	1	1	1	1	1	0
06.09.2015 10:04:12.876000	-0.005	0	-0.00848225	124.859	676.781	0.0130208	5	3	3	3	0.361894	357	66.2064	0	0	0	0.334925	124.183	0.679342	472.869	1	1	1	1	1	1	1	0
06.09.2015 10:04:12.976000	-0.005	0	-0.00848225	124.859	676.781	0.0130208	5	3	3	3	0.368473	357	66.2064	0	0	0	0.334643	124.158	0.679525	472.773	1	1	1	1	1	1	1	0
06.09.2015 10:04:13.076000	-0.005	0	-0.00848225	124.859	676.781	0.0130208	5	3	3	3	0.384231	357	66.2064	0	0	0	0.335344	124.134	0.67684	472.691	1	1	1	1	1	1	1	0
06.09.2015 10:04:13.176000	-0.005	0	-0.00848225	124.859	676.781	0.0124783	5	3	3	3	0.377692	357	66.2064	0	0	0	0.334505	124.111	0.678365	472.6	1	1	1	1	1	1	1	0
06.09.2015 10:04:13.276000	-0.005	0	-0.00848225	124.859	676.779	0.0126591	5	3	3	3	0.380242	357	66.2064	0	0	0	0.335055	124.089	0.686728	472.482	1	1	1	1	1	1	1	0
06.09.2015 10:04:13.376000	-0.005	0	-0.00848225	124.859	676.773	0.0124783	5	3	3	3	0.379555	357	66.2064	0	0	0	0.334787	124.063	0.691244	472.367	1	1	1	1	1	1	1	0
06.09.2015 10:04:13.476000	-0.005	0	-0.00848225	124.859	676.773	0.0130208	5	3	3	3	0.370085	357	66.2064	0	0	0	0.334484	124.044	0.688864	472.301	1	1	1	1	1	1	1	0
06.09.2015 10:04:13.576000	-0.005	0	-0.00848225	124.859	676.773	0.0130208	5	3	3	3	0.370503	357	66.2064	0	0	0	0.334491	124.022	0.683615	472.236	1	1	1	1	1	1	1	0
06.09.2015 10:04:13.676000	-0.005	0	-0.00848225	124.859	676.768	0.0130208	5	3	3	3	0.373818	357	66.2064	0	0	0	0.333912	123.996	0.683309	472.14	1	1	1	1	1	1	1	0
06.09.2015 10:04:13.776000	-0.005	0	-0.00848225	124.859	676.77	0.0141059	5	3	3	3	0.396267	357	66.2064	0	0	0	0.33478	123.974	0.684347	472.05	1	1	1	1	1	1	1	0
06.09.2015 10:04:13.876000	-0.005	0	-0.00848225	124.859	676.766	0.0133825	5	3	3	3	0.382801	357	66.2064	0	0	0	0.333912	123.951	0.683004	471.967	1	1	1	1	1	1	1	0
06.09.2015 10:04:13.976000	-0.005	0	-0.00848225	124.859	676.766	0.0130208	5	3	3	3	0.380715	357	66.2064	0	0	0	0.334194	123.93	0.681356	471.894	1	1	1	1	1	1	1	0
06.09.2015 10:04:14.076000	-0.005	0	-0.00848225	124.859	676.771	0.0133825	5	3	3	3	0.3701	357	66.2064	0	0	0	0.33363	123.904	0.682089	471.793	1	1	1	1	1	1	1	0
06.09.2015 10:04:14.176000	-0.005	0	-0.00848225	124.859	676.77	0.0124783	5	3	3	3	0.380699	357	66.2064	0	0	0	0.333608	123.879	0.68337	471.693	1	1	1	1	1	1	1	0
06.09.2015 10:04:14.276000	-0.005	0	-0.00848225	124.859	676.773	0.0133825	5	3	3	3	0.369653	357	66.2064	0	0	0	0.333348	123.857	0.68862	471.588	1	1	1	1	1	1	1	0
06.09.2015 10:04:14.376000	-0.005	0	-0.00848225	124.859	676.766	0.0135634	5	3	3	3	0.39344	357	66.2064	0	0	0	0.333326	123.834	0.693136	471.48	1	1	1	1	1	1	1	0
06.09.2015 10:04:14.476000	-0.005	0	-0.00848225	124.859	676.771	0.0112124	5	3	3	3	0.380682	357	66.2064	0	0	0	0.333919	123.816	0.68569	471.441	1	1	1	1	1	1	1	0
06.09.2015 10:04:14.576000	-0.005	0	-0.00848225	124.859	676.789	0.0108507	5	3	3	3	0.3722	357	66.2064	0	0	0	0.333326	123.792	0.686361	471.346	1	1	1	1	1	1	1	0
06.09.2015 10:04:14.676000	-0.005	0	-0.00848225	124.859	676.781	0.00868056	5	3	3	3	0.39877	357	66.2064	0	0	0	0.333919	123.772	0.686544	471.27	1	1	1	1	1	1	1	0
06.09.2015 10:04:14.776000	-0.005	0	-0.00848225	124.859	676.781	0.00868056	5	3	3	3	0.393268	357	66.2064	0	0	0	0.333333	123.751	0.68923	471.178	1	1	1	1	1	1	1	0
06.09.2015 10:04:14.876000	-0.005	0	-0.00848225	124.859	676.781	0.0108507	5	3	3	3	0.37667	357	66.2064	0	0	0	0.334049	123.727	0.693808	471.069	1	1	1	1	1	1	1	0
06.09.2015 10:04:14.976000	-0.005	0	-0.00848225	124.863	676.781	0.0108507	5	3	3	3	0.387614	357	66.2064	0	0	0	0.333485	123.706	0.693442	470.991	1	1	1	1	1	1	1	0
06.09.2015 10:04:15.076000	-0.005	0	-0.00848225	124.859	676.792	0.00868056	5	3	3	3	0.394924	357	66.2064	0	0	0	0.334187	123.681	0.700034	470.87	1	1	1	1	1	1	1	0
06.09.2015 10:04:15.176000	-0.005	0	-0.00848225	124.859	676.781	0.00922309	5	3	3	3	0.37189	357	66.2064	0	0	0	0.333058	123.661	0.703513	470.781	1	1	1	1	1	1	1	0
06.09.2015 10:04:15.276000	-0.005	0	-0.00848225	124.859	676.781	0.00904225	5	3	3	3	0.392617	357	66.2064	0	0	0	0.333608	123.637	0.709677	470.665	1	1	1	1	1	1	1	0
06.09.2015 10:04:15.376000	-0.005	0	-0.00848225	124.859	676.781	0.00976563	5	3	3	3	0.383069	357	66.2064	0	0	0	0.333051	123.617	0.71456	470.567	1	1	1	1	1	1	1	0
06.09.2015 10:04:15.476000	-0.005	0	-0.00848225	124.859	676.781	0.00904225	5	3	3	3	0.386034	357	66.2064	0	0	0	0.333189	123.596	0.710532	470.503	1	1	1	1	1	1	1	0
06.09.2015 10:04:15.576000	-0.005	0	-0.00848225	124.859	676.797	0.0108507	5	3	3	3	0.379503	357	66.2064	0	0	0	0.334057	123.577	0.713523	470.419	1	1	1	1	1	1	1	0
06.09.2015 10:04:15.676000	-0.005	0	-0.00848225	124.859	676.805	0.0126591	5	3	3	3	0.392576	357	66.2064	0	0	0	0.332747	123.554	0.714499	470.328	1	1	1	1	1	1	1	0
06.09.2015 10:04:15.776000	-0.005	0	-0.00848225	124.859	676.805	0.0130208	5	3	3	3	0.379757	357	66.2064	0	0	0	0.333333	123.531	0.71981	470.221	1	1	1	1	1	1	1	0
06.09.2015 10:04:15.876000	-0.005	0	-0.00848225	124.859	676.805	0.0137442	5	3	3	3	0.321616	357	66.2064	0	0	0	0.332907	123.51	0.723777	470.124	1	1	1	1	1	1	1	0
06.09.2015 10:04:15.976000	-0.005	0	-0.00848225	124.859	676.805	0.0108507	5	3	3	3	0.378875	357	66.2064	0	0	0	0.33376	123.489	0.726096	470.036	1	1	1	1	1	1	1	0
06.09.2015 10:04:16.076000	-0.005	0	-0.00848225	124.859	676.818	0.0112124	5	3	3	3	0.381124	357	66.2064	0	0	0	0.332907	123.464	0.723594	469.948	1	1	1	1	1	1	1	0
06.09.2015 10:04:16.176000	-0.005	0	-0.00848225	124.859	676.82	0.0103082	5	3	3	3	0.371977	357	66.2064	0	0	0	0.333471	123.447	0.726951	469.87	1	1	1	1	1	1	1	0
06.09.2015 10:04:16.276000	-0.005	0	-0.00848225	124.844	676.818	0.00976563	5	3	3	3	0.389079	357	66.2064	0	0	0	0.333196	123.428	0.731223	469.78	1	1	1	1	1	1	1	0
06.09.2015 10:04:16.376000	-0.005	0	-0.00848225	124.844	676.84	0.00922309	5	3	3	3	0.381259	357	66.2064	0	0	0	0.332892	123.405	0.735008	469.68	1	1	1	1	1	1	1	0
06.09.2015 10:04:16.476000	-0.005	0	-0.00848225	124.844	676.82	0.00904225	5	3	3	3	0.378646	357	66.2064	0	0	0	0.333196	123.391	0.723045	469.671	1	1	1	1	1	1	1	0
06.09.2015 10:04:16.576000	-0.005	0	-0.00848225	124.844	676.84	0.00651042	5	3	3	3	0.36485	357	66.2064	0	0	0	0.333189	123.37	0.724876	469.584	1	1	1	1	1	1	1	0
06.09.2015 10:04:16.676000	-0.005	0	-0.00848225	124.844	676.818	0.00651042	5	3	3	3	0.378623	357	66.2064	0	0	0	0.333919	123.346	0.727195	469.484	1	1	1	1	1	1	1	0
06.09.2015 10:04:16.776000	-0.005	0	-0.00848225	124.84	676.82	0.00651042	5	3	3	3	0.361427	357	66.2064	0	0	0	0.333326	123.33	0.729759	469.413	1	1	1	1	1	1	1	0
06.09.2015 10:04:16.876000	-0.005	0	-0.00848225	124.841	676.841	0.00759549	5	3	3	3	0.383205	357	66.2064	0	0	0	0.333919	123.309	0.727928	469.34	1	1	1	1	1	1	1	0
06.09.2015 10:04:16.976000	-0.005	0	-0.00848225	124.832	676.867	0.00813802	5	3	3	3	0.367709	357	66.2064	0	0	0	0.333912	123.293	0.731834	469.262	1	1	1	1	1	1	1	0
06.09.2015 10:04:17.076000	-0.005	0	-0.00848225	124.831	676.836	0.00868056	5	3	3	3	0.380141	357	66.2064	0	0	0	0.334049	123.272	0.733848	469.175	1	1	1	1	1	1	1	0
06.09.2015 10:04:17.176000	-0.005	0	-0.00848225	124.836	676.855	0.00922309	5	3	3	3	0.374144	357	66.2064	0	0	0	0.333485	123.248	0.7369	469.072	1	1	1	1	1	1	1	0
06.09.2015 10:04:17.276000	-0.005	0	-0.00848225	124.836	676.859	0.00940394	5	3	3	3	0.392906	357	66.2064	0	0	0	0.333898	123.22	0.738914	468.956	1	1	1	1	1	1	1	0
06.09.2015 10:04:17.376000	-0.005	0	-0.00848225	124.836	676.867	0.0108507	5	3	3	3	0.358487	357	66.2064	0	0	0	0.333348	123.208	0.736124	468.919	1	1	1	1	1	1	1	0
06.09.2015 10:04:17.476000	-0.005	0	-0.00848225	124.841	676.852	0.0108507	5	3	3	3	0.363243	357	66.2064	0	0	0	0.333608	123.188	0.732696	468.85	1	1	1	1	1	1	1	0
06.09.2015 10:04:17.576000	-0.005	0	-0.00848225	124.844	676.859	0.0103082	5	3	3	3	0.368075	357	66.2064	0	0	0	0.333644	123.168	0.732078	468.782	1	1	1	1	1	1	1	0
06.09.2015 10:04:17.676000	-0.005	0	-0.00848225	124.841	676.849	0.00868056	5	3	3	3	0.369773	357	66.2064	0	0	0	0.333464	123.151	0.734764	468.708	1	1	1	1	1	1	1	0
06.09.2015 10:04:17.776000	-0.005	0	-0.00848225	124.84	676.844	0.00922309	5	3	3	3	0.396344	357	66.2064	0	0	0	0.334071	123.13	0.73513	468.626	1	1	1	1	1	1	1	0
06.09.2015 10:04:17.876000	-0.005	0	-0.00848225	124.844	676.844	0.0101273	5	3	3	3	0.377067	357	66.2064	0	0	0	0.333912	123.11	0.734947	468.548	1	1	1	1	1	1	1	0
06.09.2015 10:04:17.976000	-0.005	0	-0.00848225	124.844	676.844	0.0130208	5	3	3	3	0.406892	357	66.2064	0	0	0	0.33478	123.086	0.734458	468.46	1	1	1	1	1	1	1	0
06.09.2015 10:04:18.076000	-0.005	0	-0.00848225	124.844	676.844	0.0130208	5	3	3	3	0.359422	357	66.2064	0	0	0	0.334361	123.067	0.732078	468.395	1	1	1	1	1	1	1	0
06.09.2015 10:04:18.176000	-0.005	0	-0.00848225	124.844	676.844	0.0135634	5	3	3	3	0.359619	357	66.2064	0	0	0	0.334896	123.042	0.735191	468.29	1	1	1	1	1	1	1	0
06.09.2015 10:04:18.276000	-0.005	0	-0.00848225	124.844	676.844	0.0126591	5	3	3	3	0.379621	357	66.2064	0	0	0	0.333796	123.023	0.74398	468.182	1	1	1	1	1	1	1	0
06.09.2015 10:04:18.376000	-0.005	0	-0.00848225	124.844	676.844	0.0130208	5	3	3	3	0.350768	357	66.2064	0	0	0	0.334925	123.008	0.744886	468.121	1	1	1	1	1	1	1	0
