Time	[76:0]	[76:1]	[76:2]	[76:4]	[76:8]	[76:70]	[76:71]	[78:0]	[78:1]	[78:2]	[79:2]	[79:3]	[79:4]	[79:8]	[79:9]	[79:10]	[79:11]	[79:12]	[79:13]	[79:14]	[79.0]	[79.1]	[79.2]	[79.3]	[79.4]	[79.5]	[79.6]	[79.8]
time	Hoogteverstelling - Referentie positie (mm)	Hoogteverstelling - AZ gemeten positie (mm)	Hoogteverstelling - BZ gemeten positie (mm)	Transfert Ingang - Gemeten positie (mm)	Transfert Uitgang - Gemeten positie (mm)	Aardgas - actueel debiet	Stappenschakelaar - gemeten pos	Laspos Ing - positie discreet	Laspos Uitg - positie discreet	Schaafverstelling - positie discreet	Stuikraam - Totale Stroommeting RMS-waarde (A)	Stuikraam - Stroomreferentie (A)	Stuikraam - Positie AZ (mm, pulsgever)	Stuikraam - Referentie Servo-ventiel (%)	Stuikraam - Trim door I-regelaar (%)	Stuikraam - Gemeten snelheid (mm/s, pulsgever)	Secundaire lasspanning	Stuikraam - Druk stuikcilinder voorkamer (=laszijde)  (bar)	Stuikraam - Druk stuikcilinder terugloopkamer  (bar)	Stuikraam - Netto voorwaartse kracht op stuikraam (kN)	Stuikraam - P1	Stuikraam - P2	Stuikraam - P3	Stuikraam - P4	Stuikraam - P5	Stuikraam - P6	Stuikraam - P7	Stuikraam - Openen stuikventielen	

Lasparameter.Ingang - Coil ID	0370322S
Lasparameter.Ingang - Dikte (um)	3690
Lasparameter.Ingang - Breedte (mm)	1123
Lasparameter.Ingang - Materiaal	0001
Lasparameter.Uitgang - Coil ID	0362792S
Lasparameter.Uitgang - Dikte (um)	3960
Lasparameter.Uitgang - Breedte (mm)	1162
Lasparameter.Uitgang - Materiaal	0001
Lasparameter.P2 (mm)	24.0
Lasparameter.P3 (mm)	34.0
Lasparameter.P4 (mm)	42.3
Lasparameter.P5 (mm)	51.4
Lasparameter.P6 (mm)	58.3
Lasparameter.P7 (mm)	62.3
Lasparameter.Vonksnelheid (mm/s)	1.20
Lasparameter.Lassnelheid (mm/s)	0.48
Lasparameter.Stroom Referentie (A)	0319
Lasparameter.Stroomtoename (µA/s2)	52.5
Lasparameter.Stuikstroomtijd (per)	0008
Lasparameter.Afkoeltijd Stuik (per)	0010
Lasparameter.Stuikdruk (bar)	0101
Lasparameter.Stuiksnelheid (%)	90.0

14.09.2015 02:45:02.335000	0.135	0.13294	0.14349	0.0507813	0.0078125	0.00379774	5	4	4	4	0.384478	319	0	0	0	0	0.359035	7.45891	122.247	-439.5	1	0	0	0	0	0	0	0
14.09.2015 02:45:02.435000	0.135	0.13294	0.14349	0.046875	0.0273438	0.00325521	5	4	4	4	0.389543	319	0	0	0	0	0.360395	2.49281	121.998	-457.562	1	0	0	0	0	0	0	0
14.09.2015 02:45:02.535000	0.135	0.13294	0.14349	0.0364583	0.0859375	0.00289352	5	4	4	4	0.385762	319	0	0	0	0	0.360966	2.46907	121.976	-457.569	1	0	0	0	0	0	0	0
14.09.2015 02:45:02.635000	0.135	0.13294	0.14349	0.0390625	-0.0664063	0.00488281	5	4	4	4	0.382986	319	0	0	0	0	0.361646	2.46217	121.948	-457.487	1	0	0	0	0	0	0	0
14.09.2015 02:45:02.735000	0.135	0.13294	0.14349	0.0416667	-0.588542	0.00289352	5	4	4	4	0.294876	319	0	0	0	0	0.362319	2.63619	121.919	-456.711	1	0	0	0	0	0	0	0
14.09.2015 02:45:02.835000	0.135	0.13294	0.14349	0.0507813	-3.63281	0.00325521	5	4	4	4	0.273428	319	0	0	0	0	0.363477	3.23875	121.908	-454.362	1	0	0	0	0	0	0	0
14.09.2015 02:45:02.935000	0.135	0.13294	0.14349	0.0416667	-17.7578	0.00108507	5	4	4	4	0.29476	319	0	0	0	0	0.363375	5.46196	121.953	-446.02	1	0	0	0	0	0	0	0
14.09.2015 02:45:03.035000	0.135	0.13294	0.14349	0	-36.9258	0.00108507	5	4	4	4	0.262938	319	0	0	0	0	0.360655	4.98215	121.923	-447.744	1	0	0	0	0	0	0	0
14.09.2015 02:45:03.135000	0.135	0.13294	0.14349	0.0104167	-58.7552	0.00072338	5	4	4	4	0.291399	319	0	0	0	0	0.354977	4.91073	121.882	-447.86	1	0	0	0	0	0	0	0
14.09.2015 02:45:03.235000	0.135	0.13294	0.14349	0.015625	-96.4336	-0.000542535	5	4	4	4	0.286843	319	0	0	0	0	0.351642	5.5819	121.873	-445.255	1	0	0	0	0	0	0	0
14.09.2015 02:45:03.335000	0.135	0.13294	0.14349	0.015625	-128.104	-0.00072338	5	4	4	4	0.285707	319	0	0	0	0	0.347504	4.89364	121.829	-447.722	1	0	0	0	0	0	0	0
14.09.2015 02:45:03.435000	0.135	0.13294	0.14349	0.015625	-162.906	-0.00271267	5	4	4	4	0.293677	319	0	0	0	0	0.344799	4.07282	121.772	-450.647	1	0	0	0	0	0	0	0
14.09.2015 02:45:03.535000	0.135	0.13294	0.14349	0.0078125	-206.938	-0.00434028	5	4	4	4	0.309001	319	0	0	0	0	0.342687	4.91928	121.756	-447.346	1	0	0	0	0	0	0	0
14.09.2015 02:45:03.635000	0.135	0.13294	0.14349	0.0078125	-257.523	-0.00217014	5	4	4	4	0.31578	319	0	0	0	0	0.340169	3.022	121.655	-454.222	1	0	0	0	0	0	0	0
14.09.2015 02:45:03.735000	0.135	0.13294	0.14349	0.0104167	-296.854	-0.00180845	5	4	4	4	0.267829	319	0	0	0	0	0.338346	4.451	121.696	-448.907	1	0	0	0	0	0	0	0
14.09.2015 02:45:03.835000	0.135	0.13294	0.14349	0.0117188	-336.195	0.000542535	5	4	4	4	0.299861	319	0	0	0	0	0.33622	4.57357	121.672	-448.348	1	0	0	0	0	0	0	0
14.09.2015 02:45:03.935000	0.135	0.13294	0.14349	0.0078125	-386.188	-0.00036169	5	4	4	4	0.281468	319	0	0	0	0	0.335453	6.0932	121.696	-442.619	1	0	0	0	0	0	0	0
14.09.2015 02:45:04.035000	0.135	0.13294	0.14349	0.015625	-431.016	-0.00217014	5	4	4	4	0.300759	319	0	0	0	0	0.333905	4.95419	121.663	-446.854	1	0	0	0	0	0	0	0
14.09.2015 02:45:04.135000	0.135	0.13294	0.14349	0.015625	-470.792	-0.00072338	5	4	4	4	0.308693	319	0	0	0	0	0.332849	6.3199	121.666	-441.637	1	0	0	0	0	0	0	0
14.09.2015 02:45:04.235000	0.135	0.13294	0.14349	0.015625	-510.418	0	5	4	4	4	0.291826	319	0	0	0	0	0.331453	4.94333	121.607	-446.683	1	0	0	0	0	0	0	0
14.09.2015 02:45:04.335000	0.135	0.13294	0.14349	0.015625	-563.802	0.00144676	5	4	4	4	0.286206	319	0	0	0	0	0.331836	5.7196	121.591	-443.647	1	0	0	0	0	0	0	0
14.09.2015 02:45:04.435000	0.135	0.13294	0.14349	0.015625	-594.336	0.00108507	5	4	4	4	0.304685	319	0	0	0	0	0.330389	4.7452	121.543	-447.197	1	0	0	0	0	0	0	0
14.09.2015 02:45:04.535000	0.135	0.13294	0.14349	0.015625	-618.135	0.00217014	5	4	4	4	0.295843	319	0	0	0	0	0.330194	3.36161	121.47	-452.213	1	0	0	0	0	0	0	0
14.09.2015 02:45:04.635000	0.135	0.13294	0.14349	0.0117188	-636.613	0.00325521	5	4	4	4	0.3101	319	0	0	0	0	0.329528	3.38847	121.428	-451.95	1	0	0	0	0	0	0	0
14.09.2015 02:45:04.735000	0.135	0.13294	0.14349	0.208333	-655.656	0.00506366	5	4	4	4	0.291536	319	0	0	0	0	0.32942	4.21943	121.424	-448.752	1	0	0	0	0	0	0	0
14.09.2015 02:45:04.835000	0.135	0.13294	0.14349	0.632813	-664.703	0.00325521	5	4	4	4	0.298343	319	0	0	0	0	0.329348	4.34144	121.397	-448.178	1	0	0	0	0	0	0	0
14.09.2015 02:45:04.935000	0.135	0.13294	0.14349	5.58854	-669.724	0.00217014	5	4	4	4	0.298265	319	0	0	0	0	0.334353	4.33399	121.374	-448.122	1	0	0	0	0	0	0	0
14.09.2015 02:45:05.035000	0.135	0.13294	0.14349	24.2891	-671.625	0.00108507	5	4	4	4	0.305375	319	0	0	0	0	0.338288	4.74178	121.353	-446.482	1	0	0	0	0	0	0	0
14.09.2015 02:45:05.135000	0.135	0.13294	0.14349	47.5286	-671.872	0.00108507	5	4	4	4	0.293786	319	0	0	0	0	0.339692	4.63173	121.322	-446.784	1	0	0	0	0	0	0	0
14.09.2015 02:45:05.235000	0.135	0.13294	0.14349	70.1758	-671.875	-0.00108507	5	4	4	4	0.309236	319	0	0	0	0	0.342289	4.62337	121.292	-446.701	1	0	0	0	0	0	0	0
14.09.2015 02:45:05.335000	0.135	0.13294	0.14349	98.3776	-671.875	-0.00253183	5	4	4	4	0.319742	319	0	0	0	0	0.34401	5.55663	121.298	-443.149	1	0	0	0	0	0	0	0
14.09.2015 02:45:05.435000	0.135	0.13294	0.14349	145.656	-671.875	-0.00434028	5	4	4	4	0.323449	319	0	0	0	0	0.345624	4.73823	121.25	-446.122	1	0	0	0	0	0	0	0
14.09.2015 02:45:05.535000	0.135	0.13294	0.14349	184.044	-671.88	-0.00434028	5	4	4	4	0.318796	319	0	0	0	0	0.345052	4.46016	121.217	-447.042	1	0	0	0	0	0	0	0
14.09.2015 02:45:05.635000	0.135	0.13294	0.14349	225.273	-671.883	-0.00542535	5	4	4	4	0.301504	319	0	0	0	0	0.345573	5.02996	121.197	-444.784	1	0	0	0	0	0	0	0
14.09.2015 02:45:05.735000	0.135	0.13294	0.14349	267.232	-671.883	-0.00578704	5	4	4	4	0.296931	319	0	0	0	0	0.344936	4.64431	121.168	-446.146	1	0	0	0	0	0	0	0
14.09.2015 02:45:05.835000	0.135	0.13294	0.14349	325.77	-671.883	-0.00651042	5	4	4	4	0.280866	319	0	0	0	0	0.34783	4.58724	121.137	-446.247	1	0	0	0	0	0	0	0
14.09.2015 02:45:05.935000	0.135	0.13294	0.14349	367.482	-671.888	-0.00687211	5	4	4	4	0.287958	319	0	0	0	0	0.350058	4.77639	121.114	-445.43	1	0	0	0	0	0	0	0
14.09.2015 02:45:06.035000	0.135	0.13294	0.14349	408.805	-671.887	-0.00596788	5	4	4	4	0.289035	319	0	0	0	0	0.352894	4.61403	121.111	-446.041	1	0	0	0	0	0	0	0
14.09.2015 02:45:06.135000	0.135	0.13294	0.14349	446.674	-671.891	-0.00651042	5	4	4	4	0.27837	319	0	0	0	0	0.354919	4.34205	121.259	-447.65	1	0	0	0	0	0	0	0
14.09.2015 02:45:06.235000	0.135	0.13294	0.14349	474.082	-671.891	-0.00488281	5	4	4	4	0.291883	319	0	0	0	0	0.356597	4.58528	121.462	-447.499	1	0	0	0	0	0	0	0
14.09.2015 02:45:06.335000	0.135	0.13294	0.14349	489.104	-671.891	-0.00289352	5	4	4	4	0.291719	319	0	0	0	0	0.358536	4.70956	121.686	-447.88	1	0	0	0	0	0	0	0
14.09.2015 02:45:06.435000	0.135	0.13294	0.14349	504.207	-671.891	-0.0016276	5	4	4	4	0.27106	319	0	0	0	0	0.360272	4.57845	122.812	-452.693	1	0	0	0	0	0	0	0
14.09.2015 02:45:06.535000	0.135	0.13294	0.14349	524.109	-671.891	0	5	4	4	4	0.285497	319	0	0	0	0	0.36169	4.56294	123.279	-454.54	1	0	0	0	0	0	0	0
14.09.2015 02:45:06.635000	0.135	0.13294	0.14349	541.664	-671.898	0.0016276	5	4	4	4	0.260341	319	0	0	0	0	0.362095	4.61318	123.534	-455.323	1	0	0	0	0	0	0	0
14.09.2015 02:45:06.735000	0.135	0.13294	0.14349	557.229	-671.898	0.00144676	5	4	4	4	0.276778	319	0	0	0	0	0.363426	4.29823	123.95	-458.122	1	0	0	0	0	0	0	0
14.09.2015 02:45:06.835000	0.135	0.13294	0.14349	572.832	-671.895	-0.00217014	5	4	4	4	0.293621	319	0	0	0	0	0.364178	3.76458	124.186	-461.068	1	0	0	0	0	0	0	0
14.09.2015 02:45:06.935000	0.135	0.13294	0.14349	594.25	-671.898	0.00289352	5	4	4	4	0.288394	319	0	0	0	0	0.365104	4.73611	124.415	-458.226	1	0	0	0	0	0	0	0
14.09.2015 02:45:07.035000	0.135	0.13294	0.14349	608.699	-671.898	0.00271267	5	4	4	4	0.277403	319	0	0	0	0	0.364988	4.56124	124.67	-459.871	1	0	0	0	0	0	0	0
14.09.2015 02:45:07.135000	0.135	0.13294	0.14349	623.508	-671.901	0.00325521	5	4	4	4	0.289115	319	0	0	0	0	0.365538	4.17164	124.952	-462.443	1	0	0	0	0	0	0	0
14.09.2015 02:45:07.235000	0.135	0.13294	0.14349	640.563	-671.902	0.00217014	5	4	4	4	0.297747	319	0	0	0	0	0.366291	4.45369	125.05	-461.741	1	0	0	0	0	0	0	0
14.09.2015 02:45:07.335000	0.135	0.13294	0.14349	656.589	-671.904	0.00144676	5	4	4	4	0.306231	319	0	0	0	0	0.366262	4.51155	125.304	-462.491	1	0	0	0	0	0	0	0
14.09.2015 02:45:07.435000	0.135	0.13294	0.14349	669.402	-671.906	0.0016276	5	4	4	4	0.3045	319	0	0	0	0	0.367593	4.31056	125.896	-465.527	1	0	0	0	0	0	0	0
14.09.2015 02:45:07.535000	0.135	0.13294	0.14349	681.021	-671.906	-0.00072338	5	4	4	4	0.295833	319	0	0	0	0	0.367679	4.29707	125.95	-465.783	1	0	0	0	0	0	0	0
14.09.2015 02:45:07.635000	0.135	0.13294	0.14349	695.535	-671.906	-0.00108507	5	4	4	4	0.290776	319	0	0	0	0	0.368779	4.42964	126.054	-465.677	1	0	0	0	0	0	0	0
14.09.2015 02:45:07.735000	0.135	0.13294	0.14349	703.44	-671.906	-0.00217014	5	4	4	4	0.286546	319	0	0	0	0	0.368403	4.30494	126.215	-466.771	1	0	0	0	0	0	0	0
14.09.2015 02:45:07.835000	0.135	0.13294	0.14349	708.766	-671.91	-0.00271267	5	4	4	4	0.287907	319	0	0	0	0	0.368866	4.20612	126.49	-468.201	1	0	0	0	0	0	0	0
14.09.2015 02:45:07.935000	0.135	0.13294	0.14349	710.305	-671.911	-0.0036169	5	4	4	4	0.279801	319	0	0	0	0	0.368895	4.40242	126.801	-468.641	1	0	0	0	0	0	0	0
14.09.2015 02:45:08.035000	0.135	0.13294	0.14349	711.07	-671.914	-0.00379774	5	4	4	4	0.27451	319	0	0	0	0	0.368663	4.3141	127.037	-469.882	1	0	0	0	0	0	0	0
14.09.2015 02:45:08.135000	0.135	0.13294	0.14349	711.07	-671.914	-0.00434028	5	4	4	4	0.271588	319	0	0	0	0	0.368403	4.4051	127.218	-470.226	1	0	0	0	0	0	0	0
14.09.2015 02:45:08.235000	0.135	0.13294	0.14349	711.07	-671.914	-0.00271267	5	4	4	4	0.276732	319	0	0	0	0	0.368287	4.95547	127.391	-468.78	1	0	0	0	0	0	0	0
14.09.2015 02:45:08.335000	0.135	0.13294	0.14349	711.07	-671.914	-0.00144676	5	4	4	4	0.288696	319	0	0	0	0	0.368692	4.33815	127.58	-471.869	1	0	0	0	0	0	0	0
14.09.2015 02:45:08.435000	0.135	0.13294	0.14349	711.07	-671.914	-0.00108507	5	4	4	4	0.28542	319	0	0	0	0	0.367419	4.62435	127.8	-471.614	1	0	0	0	0	0	0	0
14.09.2015 02:45:08.535000	0.135	0.13294	0.14349	711.07	-671.914	0.00144676	5	4	4	4	0.298207	319	0	0	0	0	0.362587	4.51363	127.958	-472.644	1	0	0	0	0	0	0	0
14.09.2015 02:45:08.635000	0.135	0.13294	0.14349	711.07	-671.914	0.00108507	5	4	4	4	0.302065	319	0	0	0	0	0.357147	4.24183	127.97	-473.73	1	0	0	0	0	0	0	0
14.09.2015 02:45:08.735000	0.135	0.13294	0.14349	711.07	-671.914	0.00072338	5	4	4	4	0.312811	319	0	0	0	0	0.354282	4.63411	128.177	-473.02	1	0	0	0	0	0	0	0
14.09.2015 02:45:08.835000	0.135	0.13294	0.14349	711.07	-671.914	0.00325521	5	4	4	4	0.280662	319	0	0	0	0	0.350694	4.65523	128.697	-474.93	1	0	0	0	0	0	0	0
14.09.2015 02:45:08.935000	0.135	0.13294	0.14349	711.07	-671.914	0.00325521	5	4	4	4	0.292398	319	0	0	0	0	0.348003	4.48836	128.689	-475.54	1	0	0	0	0	0	0	0
14.09.2015 02:45:09.035000	0.135	0.13294	0.14349	711.07	-671.914	0.00379774	5	4	4	4	0.305969	319	0	0	0	0	0.345862	4.47743	128.7	-475.624	1	0	0	0	0	0	0	0
14.09.2015 02:45:09.135000	0.135	0.13294	0.14349	711.07	-671.914	0.00289352	5	4	4	4	0.307912	319	0	0	0	0	0.344097	4.53951	128.728	-475.494	1	0	0	0	0	0	0	0
14.09.2015 02:45:09.235000	0.135	0.13294	0.14349	711.07	-671.914	0.00542535	5	4	4	4	0.297692	319	0	0	0	0	0.342245	4.54006	128.873	-476.046	1	0	0	0	0	0	0	0
14.09.2015 02:45:09.335000	0.135	0.13294	0.14349	711.07	-671.917	0.00614873	5	4	4	4	0.27646	319	0	0	0	0	0.341667	4.46968	129.13	-477.3	1	0	0	0	0	0	0	0
14.09.2015 02:45:09.435000	0.135	0.13294	0.14349	711.07	-671.914	0.00542535	5	4	4	4	0.274598	319	0	0	0	0	0.342014	4.54628	129.287	-477.609	1	0	0	0	0	0	0	0
14.09.2015 02:45:09.535000	0.135	0.13294	0.14349	711.076	-671.914	0.00397859	5	4	4	4	0.280034	319	0	0	0	0	0.341233	4.48488	129.32	-477.967	1	0	0	0	0	0	0	0
14.09.2015 02:45:09.635000	0.135	0.13294	0.14349	711.074	-671.918	0.00325521	5	4	4	4	0.295622	319	0	0	0	0	0.341638	3.69012	129.409	-481.354	1	0	0	0	0	0	0	0
14.09.2015 02:45:09.735000	0.135	0.13294	0.14349	711.078	-671.919	0.00325521	5	4	4	4	0.313297	319	0	0	0	0	0.341435	4.47261	127.755	-472.025	1	0	0	0	0	0	0	0
14.09.2015 02:45:09.835000	0.135	0.13294	0.14349	711.078	-671.922	0.00325521	5	4	4	4	0.32159	319	0	0	0	0	0.341956	4.69997	129.766	-478.851	1	0	0	0	0	0	0	0
14.09.2015 02:45:09.935000	0.135	0.13294	0.14349	711.078	-671.922	0.00253183	5	4	4	4	0.343459	319	0	0	0	0	0.340422	5.95001	130.43	-476.61	1	0	0	0	0	0	0	0
14.09.2015 02:45:10.035000	0.135	0.13294	0.14349	711.09	-671.922	0.00108507	5	4	4	4	0.346933	319	0	0	0	0	0.340654	4.72213	129.739	-478.666	1	0	0	0	0	0	0	0
14.09.2015 02:45:10.135000	0.135	0.13294	0.14349	711.094	-671.917	0.00144676	5	4	4	4	0.305764	319	0	0	0	0	0.339699	4.60421	128.952	-476.101	1	0	0	0	0	0	0	0
14.09.2015 02:45:10.235000	0.135	0.13294	0.14349	711.094	-671.922	0.00108507	5	4	4	4	0.317423	319	0	0	0	0	0.339525	5.13254	129.029	-474.375	1	0	0	0	0	0	0	0
14.09.2015 02:45:10.335000	0.135	0.13294	0.14349	711.094	-671.922	0.00108507	5	4	4	4	0.299121	319	0	0	0	0	0.33831	4.92337	128.997	-475.054	1	0	0	0	0	0	0	0
14.09.2015 02:45:10.435000	0.135	0.13294	0.14349	711.094	-671.922	0	5	4	4	4	0.287108	319	0	0	0	0	0.338137	4.81222	128.918	-475.174	1	0	0	0	0	0	0	0
14.09.2015 02:45:10.535000	0.135	0.13294	0.14349	711.094	-671.922	-0.00108507	5	4	4	4	0.273403	319	0	0	0	0	0.337095	4.89547	128.727	-474.126	1	0	0	0	0	0	0	0
14.09.2015 02:45:10.635000	0.135	0.13294	0.14349	711.094	-671.922	-0.00108507	5	4	4	4	0.283143	319	0	0	0	0	0.335764	4.99606	128.644	-473.423	1	0	0	0	0	0	0	0
14.09.2015 02:45:10.735000	0.135	0.13294	0.14349	711.094	-671.922	-0.00072338	5	4	4	4	0.280341	319	0	0	0	0	0.334722	4.85806	128.472	-473.294	1	0	0	0	0	0	0	0
14.09.2015 02:45:10.835000	0.135	0.13294	0.14349	711.094	-671.918	-0.00108507	5	4	4	4	0.299372	319	0	0	0	0	0.331944	4.7629	128.333	-473.124	1	0	0	0	0	0	0	0
14.09.2015 02:45:10.935000	0.135	0.13294	0.14349	711.094	-671.922	-0.00036169	5	4	4	4	0.28496	319	0	0	0	0	0.330903	4.49458	128.304	-474.04	1	0	0	0	0	0	0	0
14.09.2015 02:45:11.035000	0.135	0.13294	0.14349	711.094	-671.922	0.00325521	5	4	4	4	0.316557	319	0	0	0	0	0.328299	5.17496	124.788	-457.975	1	0	0	0	0	0	0	0
14.09.2015 02:45:11.135000	0.135	0.13294	0.14349	711.091	-671.922	0.00108507	5	4	4	4	0.300054	319	0.0263632	0	0	0	0.327025	51.0272	111.098	-229.998	1	0	0	0	0	0	0	0
14.09.2015 02:45:11.235000	0.135	0.13294	0.14349	710.957	-671.922	0.00108507	5	4	4	4	0.289423	319	1.37089	0	0	22.3274	0.325231	115.604	85.8843	113.791	1	0	0	0	0	0	0	0
14.09.2015 02:45:11.335000	0.135	0.13294	0.14349	705.148	-671.914	0.00180845	5	4	4	4	0.307649	319	4.47428	0	0	34.2052	0.324826	110.441	83.1758	104.394	1	0	0	0	0	0	0	0
14.09.2015 02:45:11.435000	0.135	0.13294	0.14349	691.551	-671.914	0.00108507	5	4	4	4	0.30209	319	7.99054	0	0	35.6325	0.323785	111.118	84.8486	100.581	1	0	0	0	0	0	0	0
14.09.2015 02:45:11.535000	0.135	0.13294	0.14349	676.427	-671.919	0.00289352	5	4	4	4	0.296209	319	11.5516	0	0	36.0027	0.322888	114.186	88.0021	100.255	1	0	0	0	0	0	0	0
14.09.2015 02:45:11.635000	0.135	0.13294	0.14349	656.047	-671.922	0.00325521	5	4	4	4	0.308993	319	15.1275	0	0	35.6962	0.322251	117.702	91.7145	99.4995	1	0	0	0	0	0	0	0
14.09.2015 02:45:11.735000	0.135	0.13294	0.14349	620.036	-671.93	0.00289352	5	4	4	4	0.293029	319	18.6786	0	0	35.2232	0.321933	119.698	94.0323	98.2688	1	0	0	0	0	0	0	0
14.09.2015 02:45:11.835000	0.135	0.13294	0.14349	591.113	-671.93	0.0016276	5	4	4	4	0.299897	319	22.1789	0	0	34.9133	0.321123	119.896	94.3196	97.9288	1	0	0	0	0	0	0	0
14.09.2015 02:45:11.935000	0.135	0.13294	0.14349	557.901	-671.93	0.00144676	5	4	4	4	0.286808	319	25.9275	34.5	0	44.4718	0.319965	115.549	85.9812	113.209	1	0.98	0	0	0	0	0	0
14.09.2015 02:45:12.035000	0.135	0.13294	0.14349	512.266	-671.93	0.00108507	5	4	4	4	0.293739	319	30.5634	50	0	37.6546	0.319676	102.411	83.5441	72.2372	1	1	0	0	0	0	0	0
14.09.2015 02:45:12.135000	0.135	0.13294	0.14349	464.82	-671.93	0.00072338	5	4	4	4	0.289187	319	32.5665	45.1491	0	14.2152	0.318027	79.4349	55.9237	90.0195	1	1	0	0	0	0	0	0
14.09.2015 02:45:12.235000	0.135	0.13294	0.14349	426.543	-671.945	0.00108507	5	4	4	4	0.286369	319	33.6086	35.1502	0	10.2146	0.317853	58.7893	34.7227	92.1462	1	1	0	0	0	0	0	0
14.09.2015 02:45:12.335000	0.135	0.13294	0.14349	390.94	-671.964	0.00144676	5	4	4	4	56.0505	319	34.3289	17.6768	0	7.98488	0.907581	51.1302	27.4461	90.6816	1	1	1	0	0	0	0	0
14.09.2015 02:45:12.435000	0.135	0.13294	0.14349	343.797	-671.965	0.0016276	5	4	4	4	82.0372	319	34.5801	5.45129	0	5.2351	6.89167	48.4806	23.6165	95.1997	1	1	1	0	0	0	0	0
14.09.2015 02:45:12.535000	0.135	0.13294	0.14349	312.107	-671.958	0.00108507	5	4	4	4	82.1373	319	34.7348	5.45129	0	2.39151	10.4829	46.9452	21.9684	95.6311	1	1	1	0	0	0	0	0
14.09.2015 02:45:12.635000	0.135	0.13294	0.14349	282.473	-671.961	0	5	4	4	4	82.1648	319	34.8745	5.45129	0	1.68619	11.5337	45.7626	20.7725	95.6818	1	1	1	0	0	0	0	0
14.09.2015 02:45:12.735000	0.135	0.13294	0.14349	254.612	-671.964	0	5	4	4	4	82.3148	319	35.0098	5.45129	0	1.32285	11.7506	44.9073	19.9548	95.5378	1	1	1	0	0	0	0	0
14.09.2015 02:45:12.835000	0.135	0.13294	0.14349	233.18	-671.969	-0.00108507	5	4	4	4	82.3247	319	35.1387	5.45129	0	1.35925	11.8121	44.2454	19.2898	95.55	1	1	1	0	0	0	0	0
14.09.2015 02:45:12.935000	0.135	0.13294	0.14349	216.674	-671.969	-0.00108507	5	4	4	4	82.3063	319	35.2675	5.45129	0	1.36618	11.8316	43.7082	18.7221	95.6668	1	1	1	0	0	0	0	0
14.09.2015 02:45:13.035000	0.135	0.13294	0.14349	198.313	-671.969	-0.00325521	5	4	4	4	82.4142	319	35.3904	5.45129	0	1.27618	11.8478	43.3372	18.3575	95.6423	1	1	1	0	0	0	0	0
14.09.2015 02:45:13.135000	0.135	0.13294	0.14349	177.49	-671.969	-0.00108507	5	4	4	4	82.423	319	35.5137	5.45129	0	1.26273	11.851	43.0648	18.1246	95.4909	1	1	1	0	0	0	0	0
14.09.2015 02:45:13.235000	0.135	0.13294	0.14349	158.059	-671.973	-0.000542535	5	4	4	4	82.4245	319	35.6356	5.45129	0	1.24597	11.8612	42.8549	17.915	95.4897	1	1	1	0	0	0	0	0
14.09.2015 02:45:13.335000	0.135	0.13294	0.14349	143.917	-671.977	0.00144676	5	4	4	4	82.3048	319	35.7584	5.45129	0	1.24347	11.8614	42.6962	17.7495	95.5159	1	1	1	0	0	0	0	0
14.09.2015 02:45:13.435000	0.135	0.13294	0.14349	135.145	-671.977	0.00217014	5	4	4	4	82.2665	319	35.8758	5.45129	0	1.22787	11.859	42.5673	17.6478	95.4116	1	1	1	0	0	0	0	0
14.09.2015 02:45:13.535000	0.135	0.13294	0.14349	129.148	-671.984	0.00108507	5	4	4	4	82.2488	319	35.9987	5.45129	0	1.2249	11.8625	42.4935	17.5666	95.4401	1	1	1	0	0	0	0	0
14.09.2015 02:45:13.635000	0.135	0.13294	0.14349	124.82	-671.984	0.00108507	5	4	4	4	82.1806	319	36.1161	5.45129	0	1.20268	11.8657	42.3782	17.6568	94.6533	1	1	1	0	0	0	0	0
14.09.2015 02:45:13.735000	0.135	0.13294	0.14349	123.919	-671.984	0.00108507	5	4	4	4	82.141	319	36.231	5.45129	0	1.19566	11.8691	42.3784	17.4883	95.299	1	1	1	0	0	0	0	0
14.09.2015 02:45:13.835000	0.135	0.13294	0.14349	126.195	-671.984	0.00108507	5	4	4	4	82.1529	319	36.3529	5.45129	0	1.17816	11.8641	42.3619	17.476	95.2833	1	1	1	0	0	0	0	0
14.09.2015 02:45:13.935000	0.135	0.13294	0.14349	126.318	-671.992	0.00108507	5	4	4	4	82.103	319	36.4678	5.45129	0	1.16789	11.8657	42.3804	17.3987	95.6498	1	1	1	0	0	0	0	0
14.09.2015 02:45:14.035000	0.135	0.13294	0.14349	126.352	-671.992	0.00108507	5	4	4	4	81.9656	319	36.5886	5.45129	0	1.1735	11.8644	42.3714	17.3899	95.6493	1	1	1	0	0	0	0	0
14.09.2015 02:45:14.135000	0.135	0.13294	0.14349	126.367	-671.992	0.00108507	5	4	4	4	82.0786	319	36.7045	5.45129	0	1.17868	11.8633	42.3742	17.3844	95.6809	1	1	1	0	0	0	0	0
14.09.2015 02:45:14.235000	0.135	0.13294	0.14349	126.363	-671.996	0.0016276	5	4	4	4	82.1881	319	36.8184	5.45129	0	1.17436	11.8635	42.3808	17.3812	95.7185	1	1	1	0	0	0	0	0
14.09.2015 02:45:14.335000	0.135	0.13294	0.14349	126.372	-671.997	0.00108507	5	4	4	4	82.2471	319	36.9403	5.45129	0	1.16761	11.8663	42.3969	17.3833	95.772	1	1	1	0	0	0	0	0
14.09.2015 02:45:14.435000	0.135	0.13294	0.14349	126.371	-672	0.000542535	5	4	4	4	82.1934	319	37.0582	5.45129	0	1.1763	11.8685	42.4192	17.3833	95.8575	1	1	1	0	0	0	0	0
14.09.2015 02:45:14.535000	0.135	0.13294	0.14349	126.375	-672	0.00180845	5	4	4	4	82.2881	319	37.1731	5.45129	0	1.19566	11.8587	42.431	17.3971	95.8498	1	1	1	0	0	0	0	0
14.09.2015 02:45:14.635000	0.135	0.13294	0.14349	126.375	-672	0.0016276	5	4	4	4	82.3201	319	37.2955	5.45129	0	1.19061	11.8613	42.4389	17.4028	95.858	1	1	1	0	0	0	0	0
14.09.2015 02:45:14.735000	0.135	0.13294	0.14349	126.375	-672	0.00144676	5	4	4	4	82.4189	319	37.4104	5.45129	0	1.16763	11.8632	42.4556	17.4167	95.8692	1	1	1	0	0	0	0	0
14.09.2015 02:45:14.835000	0.135	0.13294	0.14349	126.375	-672.008	0.0016276	5	4	4	4	82.3666	319	37.5293	5.45129	0	1.1684	11.8649	42.4587	17.423	95.8568	1	1	1	0	0	0	0	0
14.09.2015 02:45:14.935000	0.135	0.13294	0.14349	126.375	-672.005	0.00144676	5	4	4	4	82.5643	319	37.6496	5.45129	0	1.17868	11.8602	42.4843	17.4262	95.9424	1	1	1	0	0	0	0	0
14.09.2015 02:45:15.035000	0.135	0.13294	0.14349	126.375	-672.016	0.000542535	5	4	4	4	82.56	319	37.764	5.45129	0	1.17868	11.8617	42.4929	17.4415	95.9169	1	1	1	0	0	0	0	0
14.09.2015 02:45:15.135000	0.135	0.13294	0.14349	126.375	-672.01	0.00108507	5	4	4	4	82.631	319	37.8864	5.45129	0	1.18417	11.862	42.5088	17.4515	95.9393	1	1	1	0	0	0	0	0
14.09.2015 02:45:15.235000	0.135	0.13294	0.14349	126.375	-672.016	0.00108507	5	4	4	4	128.362	319	38.0033	5.45129	0	1.18434	11.8634	42.5181	17.4541	95.965	1	1	1	0	0	0	0	0
14.09.2015 02:45:15.335000	0.135	0.13294	0.14349	126.375	-672.016	0.00072338	5	4	4	4	178.12	319	38.1202	5.45129	0	1.18435	11.6176	42.5156	17.4693	95.897	1	1	1	0	0	0	0	0
14.09.2015 02:45:15.435000	0.135	0.13294	0.14349	126.375	-672.016	-0.000542535	5	4	4	4	124.494	319	38.2411	5.45129	0	1.18435	11.1921	42.5365	17.4659	95.9903	1	1	1	0	0	0	0	0
14.09.2015 02:45:15.535000	0.135	0.13294	0.14349	126.375	-672.016	0.00108507	5	4	4	4	259.445	319	38.355	5.45129	0	1.17588	11.2715	42.5418	17.4752	95.9751	1	1	1	0	0	0	0	0
14.09.2015 02:45:15.635000	0.135	0.13294	0.14349	126.375	-672.016	0.00108507	5	4	4	4	382.109	319	38.4734	5.45129	0	1.17306	11.0421	42.5562	17.5078	95.9038	1	1	1	0	0	0	0	0
14.09.2015 02:45:15.735000	0.135	0.13294	0.14349	126.375	-672.016	0.00108507	5	4	4	4	430.734	319	38.5952	5.45129	0	1.18423	10.8547	42.5531	17.5182	95.8538	1	1	1	0	0	0	0	0
14.09.2015 02:45:15.835000	0.135	0.13294	0.14349	126.375	-672.016	0.00108507	5	4	4	4	371.218	319	38.7126	5.45129	0	1.18999	10.8056	42.5537	17.541	95.7687	1	1	1	0	0	0	0	0
14.09.2015 02:45:15.935000	0.135	0.13294	0.14349	126.375	-672.016	0.00108507	5	4	4	4	346.607	319	38.84	5.45129	0	1.20807	10.8932	42.5454	17.5524	95.6982	1	1	1	0	0	0	0	0
14.09.2015 02:45:16.035000	0.135	0.13294	0.14349	126.375	-672.016	0.000542535	5	4	4	4	565.362	319	38.9554	5.45129	0	1.21915	10.8951	42.5456	17.5331	95.753	1	1	1	0	0	0	0	0
14.09.2015 02:45:16.135000	0.135	0.13294	0.14349	126.375	-672.016	0.00072338	5	4	4	4	457.391	319	39.0807	5.45129	0	1.20926	10.8221	42.5512	17.5583	95.6747	1	1	1	0	0	0	0	0
14.09.2015 02:45:16.235000	0.135	0.13294	0.14349	126.375	-672.016	0.00108507	5	4	4	4	240.053	319	39.1996	5.45129	0	1.20149	11.0109	42.5492	17.5657	95.6601	1	1	1	0	0	0	0	0
14.09.2015 02:45:16.335000	0.135	0.13294	0.14349	126.375	-672.018	0.00144676	5	4	4	4	867.331	319	39.322	5.45129	0	1.20438	11.0805	42.5778	17.5366	95.876	1	1	1	0	0	0	0	0
14.09.2015 02:45:16.435000	0.135	0.13294	0.14349	126.375	-672.02	0.000542535	5	4	4	4	577.16	319	39.4438	5.45129	0	1.20727	10.7603	42.5847	17.5811	95.7332	1	1	1	0	0	0	0	0
14.09.2015 02:45:16.535000	0.135	0.13294	0.14349	126.375	-672.021	0.00036169	5	4	4	4	371.452	319	39.5602	5.45129	0	1.2127	10.8436	42.5685	17.5916	95.6315	1	1	1	0	0	0	0	0
14.09.2015 02:45:16.635000	0.135	0.13294	0.14349	126.375	-672.023	0.00108507	5	4	4	4	668.41	319	39.6831	5.45129	0	1.21907	10.8618	42.5932	17.5701	95.8085	1	1	1	0	0	0	0	0
14.09.2015 02:45:16.735000	0.135	0.13294	0.14349	126.375	-672.023	0.00108507	5	4	4	4	674.521	319	39.797	5.45129	0	1.20088	10.7979	42.5956	17.5838	95.7652	1	1	1	0	0	0	0	0
14.09.2015 02:45:16.835000	0.135	0.13294	0.14349	126.375	-672.023	0.00217014	5	4	4	4	526.861	319	39.9174	5.45129	0	1.16222	10.8401	42.5992	17.5942	95.7391	1	1	1	0	0	0	0	0
14.09.2015 02:45:16.935000	0.135	0.13294	0.14349	126.375	-672.023	-0.00036169	5	4	4	4	303.033	319	40.0382	5.45129	0	1.17395	11.0261	42.6039	17.6055	95.7138	1	1	1	0	0	0	0	0
14.09.2015 02:45:17.035000	0.135	0.13294	0.14349	126.375	-672.023	-0.000542535	5	4	4	4	580.21	319	40.1546	5.45129	0	1.20734	11.1504	42.619	17.5875	95.8405	1	1	1	0	0	0	0	0
14.09.2015 02:45:17.135000	0.135	0.13294	0.14349	126.375	-672.023	-0.00108507	5	4	4	4	544.038	319	40.2815	5.45129	0	1.20526	10.9579	42.6135	17.6042	95.7556	1	1	1	0	0	0	0	0
14.09.2015 02:45:17.235000	0.135	0.13294	0.14349	126.375	-672.023	-0.00108507	5	4	4	4	434.523	319	40.3984	5.45129	0	1.19577	10.9447	42.6052	17.6225	95.654	1	1	1	0	0	0	0	0
14.09.2015 02:45:17.335000	0.135	0.13294	0.14349	126.375	-672.023	-0.00072338	5	4	4	4	549.964	319	40.5227	5.45129	0	1.19903	10.9573	42.6143	17.6136	95.7227	1	1	1	0	0	0	0	0
14.09.2015 02:45:17.435000	0.135	0.13294	0.14349	126.375	-672.023	-0.0016276	5	4	4	4	413.317	319	40.6421	5.45129	0	1.21907	10.949	42.6185	17.6191	95.7178	1	1	1	0	0	0	0	0
14.09.2015 02:45:17.535000	0.135	0.13294	0.14349	126.375	-672.023	-0.00108507	5	4	4	4	604.163	319	40.7615	5.45129	0	1.21785	10.9407	42.631	17.5951	95.8575	1	1	1	0	0	0	0	0
14.09.2015 02:45:17.635000	0.135	0.13294	0.14349	126.375	-672.023	-0.000542535	5	4	4	4	359.775	319	40.8848	5.45129	0	1.20154	10.9244	42.6245	17.6246	95.7199	1	1	1	0	0	0	0	0
14.09.2015 02:45:17.735000	0.135	0.13294	0.14349	126.378	-672.023	-0.00108507	5	4	4	4	416.576	319	41.0032	5.45129	0	1.20177	10.9419	42.6387	17.6186	95.797	1	1	1	0	0	0	0	0
14.09.2015 02:45:17.835000	0.135	0.13294	0.14349	126.379	-672.023	-0.00108507	5	4	4	4	399.256	319	41.1276	5.45129	0	1.21316	10.9275	42.6395	17.6296	95.758	1	1	1	0	0	0	0	0
14.09.2015 02:45:17.935000	0.135	0.13294	0.14349	126.38	-672.023	-0.00108507	5	4	4	4	429.547	319	41.2455	5.45129	0	1.21316	10.9379	42.6437	17.6321	95.7645	1	1	1	0	0	0	0	0
14.09.2015 02:45:18.035000	0.135	0.13294	0.14349	126.375	-672.023	0	5	4	4	4	457.655	319	41.3668	5.45129	0	1.20196	10.9391	42.65	17.6216	95.829	1	1	1	0	0	0	0	0
14.09.2015 02:45:18.135000	0.135	0.13294	0.14349	126.38	-672.023	-0.00108507	5	4	4	4	389.031	319	41.4842	5.45129	0	1.20137	10.9649	42.6576	17.6241	95.8482	1	1	1	0	0	0	0	0
14.09.2015 02:45:18.235000	0.135	0.13294	0.14349	126.375	-672.023	-0.000542535	5	4	4	4	349.944	319	41.6031	5.45129	0	1.19636	10.958	42.655	17.6274	95.8255	1	1	1	0	0	0	0	0
14.09.2015 02:45:18.335000	0.135	0.13294	0.14349	126.383	-672.023	-0.00144676	5	4	4	4	386.12	319	41.724	5.45129	0	1.19562	10.9438	42.6619	17.6331	95.8302	1	1	1	0	0	0	0	0
14.09.2015 02:45:18.435000	0.135	0.13294	0.14349	126.379	-672.023	-0.00379774	5	4	4	4	355.736	319	41.8419	5.45129	0	1.20039	10.9335	42.6706	17.6411	95.8328	1	1	1	0	0	0	0	0
14.09.2015 02:45:18.535000	0.135	0.13294	0.14349	126.383	-672.023	-0.00217014	5	4	4	4	365.59	319	41.9672	5.45129	0	1.20158	10.9268	42.6627	17.6557	95.747	1	1	1	0	0	0	0	0
14.09.2015 02:45:18.635000	0.135	0.13294	0.14349	126.379	-672.023	-0.000542535	5	4	4	4	580.517	319	42.0851	5.45129	0	1.20577	10.9138	42.6741	17.6519	95.805	1	1	1	0	0	0	0	0
14.09.2015 02:45:18.735000	0.135	0.13294	0.14349	126.38	-672.023	-0.00072338	5	4	4	4	348.871	319	42.2085	5.04088	0	1.20724	10.9244	42.6592	17.6734	95.6657	1	1	1	0.12	0	0	0	0
14.09.2015 02:45:18.835000	0.135	0.13294	0.14349	126.379	-672.023	-0.00108507	5	4	4	4	56.3537	319	42.2836	2.16871	0.137487	1.19049	10.8099	42.844	17.871	95.6164	1	1	1	1	0	0	0	0
14.09.2015 02:45:18.935000	0.135	0.13294	0.14349	126.383	-672.026	-0.00108507	5	4	4	4	50.8047	319	42.3418	2.93584	0.90461	0.928016	8.38125	43.1867	18.1001	96.0515	1	1	1	1	0	0	0	0
14.09.2015 02:45:19.035000	0.135	0.13294	0.14349	126.383	-672.023	0.000542535	5	4	4	4	108.125	319	42.4124	3.65047	1.61924	0.928016	7.4701	43.415	18.3308	96.0426	1	1	1	1	0	0	0	0
14.09.2015 02:45:19.135000	0.135	0.13294	0.14349	126.383	-672.023	0	5	4	4	4	253.972	319	42.502	4.05201	2.02078	0.928016	7.02699	43.5234	18.4499	96.0015	1	1	1	1	0	0	0	0
14.09.2015 02:45:19.235000	0.135	0.13294	0.14349	126.387	-672.023	-0.000542535	5	4	4	4	366.081	319	42.5955	4.01859	1.98736	0.806088	6.70702	43.6015	18.5067	96.0828	1	1	1	1	0	0	0	0
14.09.2015 02:45:19.335000	0.135	0.13294	0.14349	126.383	-672.023	-0.00144676	5	4	4	4	412.729	319	42.682	3.80291	1.77169	0.79967	6.49886	43.6741	18.5731	96.1064	1	1	1	1	0	0	0	0
14.09.2015 02:45:19.435000	0.135	0.13294	0.14349	126.391	-672.023	0	5	4	4	4	404.045	319	42.7611	3.5384	1.50718	0.800655	6.40752	43.7679	18.6682	96.102	1	1	1	1	0	0	0	0
14.09.2015 02:45:19.535000	0.135	0.13294	0.14349	126.383	-672.023	-0.00072338	5	4	4	4	443.567	319	42.8452	3.24037	1.20915	0.848893	6.38064	43.8929	18.7579	96.2371	1	1	1	1	0	0	0	0
14.09.2015 02:45:19.635000	0.135	0.13294	0.14349	126.383	-672.023	-0.00108507	5	4	4	4	341.178	319	42.9073	3.0039	0.972678	0.848893	6.38971	44.0344	18.8809	96.3079	1	1	1	1	0	0	0	0
14.09.2015 02:45:19.735000	0.135	0.13294	0.14349	126.383	-672.023	-0.00108507	5	4	4	4	352.521	319	42.976	2.89687	0.865647	0.848893	6.45119	44.153	19.0146	96.2501	1	1	1	1	0	0	0	0
14.09.2015 02:45:19.835000	0.135	0.13294	0.14349	126.383	-672.023	-0.00108507	5	4	4	4	329.203	319	43.0451	2.8889	0.857673	0.786899	6.47308	44.2653	19.1216	96.2705	1	1	1	1	0	0	0	0
14.09.2015 02:45:19.935000	0.135	0.13294	0.14349	126.383	-672.023	0.00036169	5	4	4	4	345.369	319	43.1063	2.78207	0.750846	0.681343	6.5078	44.3738	19.2253	96.2887	1	1	1	1	0	0	0	0
14.09.2015 02:45:20.035000	0.135	0.13294	0.14349	126.383	-672.023	0.000542535	5	4	4	4	322.07	319	43.172	2.78107	0.749845	0.681343	6.5298	44.4639	19.3101	96.3088	1	1	1	1	0	0	0	0
14.09.2015 02:45:20.135000	0.135	0.13294	0.14349	126.385	-672.023	0.00144676	5	4	4	4	321.202	319	43.2416	2.75149	0.720259	0.681343	6.52904	44.5374	19.3927	96.2738	1	1	1	1	0	0	0	0
14.09.2015 02:45:20.235000	0.135	0.13294	0.14349	126.383	-672.023	0.00108507	5	4	4	4	296.676	319	43.3028	2.80837	0.777139	0.66473	6.51833	44.5972	19.4595	96.2471	1	1	1	1	0	0	0	0
14.09.2015 02:45:20.335000	0.135	0.13294	0.14349	126.383	-672.026	0.00108507	5	4	4	4	283.566	319	43.369	2.83581	0.804585	0.651136	6.55043	44.6616	19.5157	96.2789	1	1	1	1	0	0	0	0
14.09.2015 02:45:20.435000	0.135	0.13294	0.14349	126.383	-672.023	0.0016276	5	4	4	4	314.688	319	43.4426	2.86258	0.831356	0.651136	6.56987	44.7044	19.5662	96.2492	1	1	1	1	0	0	0	0
14.09.2015 02:45:20.535000	0.135	0.13294	0.14349	126.385	-672.023	0.00180845	5	4	4	4	344.428	319	43.5057	2.88264	0.851415	0.651136	6.54972	44.7285	19.599	96.2156	1	1	1	1	0	0	0	0
14.09.2015 02:45:20.635000	0.135	0.13294	0.14349	126.383	-672.023	0.0016276	5	4	4	4	320.123	319	43.5794	2.87544	0.844216	0.678343	6.51518	44.7493	19.6285	96.1826	1	1	1	1	0	0	0	0
14.09.2015 02:45:20.735000	0.135	0.13294	0.14349	126.388	-672.029	0.00072338	5	4	4	4	277.39	319	43.6485	2.88159	0.850363	0.681366	6.55808	44.7758	19.6627	96.1529	1	1	1	1	0	0	0	0
14.09.2015 02:45:20.835000	0.135	0.13294	0.14349	126.379	-672.023	-0.00108507	5	4	4	4	349.209	319	43.7132	2.91291	0.881681	0.681366	6.57853	44.8038	19.6731	96.2202	1	1	1	1	0	0	0	0
14.09.2015 02:45:20.935000	0.135	0.13294	0.14349	126.388	-672.026	-0.00036169	5	4	4	4	354.624	319	43.7903	2.90619	0.874967	0.688107	6.54889	44.8117	19.6875	96.1957	1	1	1	1	0	0	0	0
14.09.2015 02:45:21.035000	0.135	0.13294	0.14349	126.387	-672.023	-0.00325521	5	4	4	4	334.77	319	43.8534	2.86603	0.834803	0.700625	6.57522	44.8264	19.7112	96.1611	1	1	1	1	0	0	0	0
14.09.2015 02:45:21.135000	0.135	0.13294	0.14349	126.391	-672.031	0	5	4	4	4	288.472	319	43.9246	2.83183	0.800608	0.700625	6.56567	44.8472	19.7453	96.1102	1	1	1	1	0	0	0	0
14.09.2015 02:45:21.235000	0.135	0.13294	0.14349	126.387	-672.031	0.00108507	5	4	4	4	265.774	319	43.9937	2.83696	0.805732	0.700625	6.59573	44.8679	19.7593	96.1361	1	1	1	1	0	0	0	0
14.09.2015 02:45:21.335000	0.135	0.13294	0.14349	126.391	-672.031	-0.00036169	5	4	4	4	315.842	319	44.0574	2.88491	0.853679	0.689516	6.60403	44.8767	19.7681	96.1359	1	1	1	1	0	0	0	0
14.09.2015 02:45:21.435000	0.135	0.13294	0.14349	126.391	-672.031	0	5	4	4	4	321.706	319	44.1355	2.92816	0.896935	0.685195	6.57909	44.8825	19.7714	96.1457	1	1	1	1	0	0	0	0
14.09.2015 02:45:21.535000	0.135	0.13294	0.14349	126.391	-672.031	-0.00108507	5	4	4	4	271.549	319	44.2026	2.96473	0.933507	0.685195	6.58966	44.8901	19.7894	96.1055	1	1	1	1	0	0	0	0
14.09.2015 02:45:21.635000	0.135	0.13294	0.14349	126.391	-672.031	-0.000542535	5	4	4	4	332.718	319	44.2767	3.01592	0.984694	0.690105	6.62146	44.8886	19.7851	96.116	1	1	1	1	0	0	0	0
14.09.2015 02:45:21.735000	0.135	0.13294	0.14349	126.388	-672.031	-0.00108507	5	4	4	4	347.728	319	44.3454	3.03649	1.00526	0.708576	6.59891	44.8786	19.7847	96.0796	1	1	1	1	0	0	0	0
14.09.2015 02:45:21.835000	0.135	0.13294	0.14349	126.391	-672.031	-0.0016276	5	4	4	4	328.696	319	44.4195	3.02543	0.994207	0.708576	6.60974	44.8705	19.7781	96.0739	1	1	1	1	0	0	0	0
14.09.2015 02:45:21.935000	0.135	0.13294	0.14349	126.391	-672.031	-0.00253183	5	4	4	4	268.617	319	44.4921	3.01781	0.986582	0.708576	6.66243	44.8774	19.7747	96.1134	1	1	1	1	0	0	0	0
14.09.2015 02:45:22.035000	0.135	0.13294	0.14349	126.391	-672.031	-0.00108507	5	4	4	4	236.522	319	44.5593	3.0644	1.03318	0.714613	6.68289	44.8715	19.7675	96.1183	1	1	1	1	0	0	0	0
14.09.2015 02:45:22.135000	0.135	0.13294	0.14349	126.391	-672.031	0.00108507	5	4	4	4	308.981	319	44.6379	3.16735	1.13612	0.716734	6.67709	44.8562	19.7519	96.1193	1	1	1	1	0	0	0	0
14.09.2015 02:45:22.235000	0.135	0.13294	0.14349	126.391	-672.027	0.00108507	5	4	4	4	314.879	319	44.708	3.24571	1.21449	0.716734	6.61562	44.8385	19.7363	96.1116	1	1	1	1	0	0	0	0
14.09.2015 02:45:22.335000	0.135	0.13294	0.14349	126.391	-672.031	0.00108507	5	4	4	4	272.015	319	44.7906	3.30993	1.2787	0.73586	6.61089	44.8028	19.7176	96.0464	1	1	1	1	0	0	0	0
14.09.2015 02:45:22.435000	0.135	0.13294	0.14349	126.391	-672.031	0.000542535	5	4	4	4	322.295	319	44.8687	3.38905	1.35782	0.758312	6.63815	44.762	19.6886	96.001	1	1	1	1	0	0	0	0
14.09.2015 02:45:22.535000	0.135	0.13294	0.14349	126.391	-672.031	0.00108507	5	4	4	4	318.241	319	44.9453	3.44444	1.41321	0.758312	6.62718	44.734	19.6401	96.0798	1	1	1	1	0	0	0	0
14.09.2015 02:45:22.635000	0.135	0.13294	0.14349	126.391	-672.031	0.00217014	5	4	4	4	281.14	319	45.0348	3.49683	1.4656	0.780077	6.63961	44.6732	19.6089	95.9664	1	1	1	1	0	0	0	0
14.09.2015 02:45:22.735000	0.135	0.13294	0.14349	126.391	-672.031	0.00325521	5	4	4	4	379.585	319	45.1139	3.54615	1.51492	0.812725	6.62148	44.6419	19.5654	96.0132	1	1	1	1	0	0	0	0
14.09.2015 02:45:22.835000	0.135	0.13294	0.14349	126.391	-672.031	0.00325521	5	4	4	4	323.01	319	45.1965	3.53065	1.49943	0.812725	6.59192	44.5839	19.5459	95.8655	1	1	1	1	0	0	0	0
14.09.2015 02:45:22.935000	0.135	0.13294	0.14349	126.391	-672.029	0.00578704	5	4	4	4	248.547	319	45.285	3.52294	1.49172	0.819266	6.66864	44.5606	19.5176	95.8846	1	1	1	1	0	0	0	0
14.09.2015 02:45:23.035000	0.135	0.13294	0.14349	126.391	-672.031	0.00596788	5	4	4	4	293.628	319	45.3661	3.57355	1.54232	0.829078	6.69941	44.5252	19.4975	95.8262	1	1	1	1	0	0	0	0
14.09.2015 02:45:23.135000	0.135	0.13294	0.14349	126.391	-672.031	0.00506366	5	4	4	4	300.782	319	45.4497	3.64086	1.60964	0.829078	6.66463	44.4896	19.4719	95.7877	1	1	1	1	0	0	0	0
14.09.2015 02:45:23.235000	0.135	0.13294	0.14349	126.391	-672.031	0.00325521	5	4	4	4	309.573	319	45.5377	3.69619	1.66496	0.839946	6.64528	44.4468	19.4252	95.8028	1	1	1	1	0	0	0	0
14.09.2015 02:45:23.335000	0.135	0.13294	0.14349	126.391	-672.029	0.00397859	5	4	4	4	313.086	319	45.6297	3.7454	1.71418	0.851719	6.62558	44.4091	19.3859	95.8089	1	1	1	1	0	0	0	0
14.09.2015 02:45:23.435000	0.135	0.13294	0.14349	126.391	-672.031	0.00379774	5	4	4	4	290.296	319	45.7158	3.78442	1.7532	0.851719	6.60446	44.3649	19.3442	95.7996	1	1	1	1	0	0	0	0
14.09.2015 02:45:23.535000	0.135	0.13294	0.14349	126.391	-672.031	0.0036169	5	4	4	4	340.355	319	45.8043	3.82581	1.79459	0.879132	6.62723	44.3347	19.3044	95.8363	1	1	1	1	0	0	0	0
14.09.2015 02:45:23.635000	0.135	0.13294	0.14349	126.391	-672.031	0.00325521	5	4	4	4	299.389	319	45.8899	3.85267	1.82144	0.891448	6.66233	44.29	19.2757	95.775	1	1	1	1	0	0	0	0
14.09.2015 02:45:23.735000	0.135	0.13294	0.14349	126.391	-672.031	0.00253183	5	4	4	4	323.084	319	45.9829	3.884	1.85278	0.891448	6.69384	44.2533	19.2436	95.757	1	1	1	1	0	0	0	0
14.09.2015 02:45:23.835000	0.135	0.13294	0.14349	126.391	-672.031	0.00108507	5	4	4	4	302.248	319	46.0729	3.90315	1.87193	0.891416	6.69615	44.2291	19.2096	95.7949	1	1	1	1	0	0	0	0
14.09.2015 02:45:23.935000	0.135	0.13294	0.14349	126.391	-672.031	0.00108507	5	4	4	4	299.474	319	46.159	3.93393	1.9027	0.891413	6.70231	44.1874	19.1875	95.7197	1	1	1	1	0	0	0	0
14.09.2015 02:45:24.035000	0.135	0.13294	0.14349	126.391	-672.031	0.00108507	5	4	4	4	315.156	319	46.2505	3.96651	1.93528	0.8918	6.69212	44.1644	19.1582	95.744	1	1	1	1	0	0	0	0
14.09.2015 02:45:24.135000	0.135	0.13294	0.14349	126.391	-672.029	-0.00108507	5	4	4	4	279.08	319	46.34	4.00354	1.97231	0.894641	6.70766	44.1422	19.1272	95.7776	1	1	1	1	0	0	0	0
14.09.2015 02:45:24.235000	0.135	0.13294	0.14349	126.395	-672.031	-0.00325521	5	4	4	4	286.708	319	46.4355	4.06755	2.03632	0.894641	6.71016	44.1063	19.0996	95.7454	1	1	1	1	0	0	0	0
14.09.2015 02:45:24.335000	0.135	0.13294	0.14349	126.398	-672.031	-0.00253183	5	4	4	4	296.51	319	46.5305	4.14169	2.11046	0.911213	6.67987	44.0708	19.0668	95.7353	1	1	1	1	0	0	0	0
14.09.2015 02:45:24.435000	0.135	0.13294	0.14349	126.398	-672.031	-0.00434028	5	4	4	4	359.263	319	46.6285	4.19571	2.16449	0.931468	6.6489	44.0235	19.0343	95.6788	1	1	1	1	0	0	0	0
14.09.2015 02:45:24.535000	0.135	0.13294	0.14349	126.396	-672.031	-0.0036169	5	4	4	4	321.242	319	46.723	4.20594	2.17472	0.931468	6.66587	43.9797	19.0064	95.6178	1	1	1	1	0	0	0	0
14.09.2015 02:45:24.635000	0.135	0.13294	0.14349	126.398	-672.031	-0.00271267	5	4	4	4	278.771	319	46.82	4.21571	2.18449	0.967085	6.70148	43.9456	18.9887	95.5549	1	1	1	1	0	0	0	0
14.09.2015 02:45:24.735000	0.135	0.13294	0.14349	126.398	-672.031	-0.00144676	5	4	4	4	315.89	319	46.916	4.2481	2.21687	0.971487	6.75383	43.9199	18.964	95.5512	1	1	1	1	0	0	0	0
14.09.2015 02:45:24.835000	0.135	0.13294	0.14349	126.398	-672.031	-0.0016276	5	4	4	4	277.45	319	47.0145	4.28313	2.25191	0.972806	6.74512	43.8957	18.9369	95.5624	1	1	1	1	0	0	0	0
14.09.2015 02:45:24.935000	0.135	0.13294	0.14349	126.398	-672.031	-0.00072338	5	4	4	4	269.315	319	47.1125	4.35148	2.32026	0.975366	6.73665	43.8618	18.925	95.4778	1	1	1	1	0	0	0	0
14.09.2015 02:45:25.035000	0.135	0.13294	0.14349	126.398	-672.031	0.00108507	5	4	4	4	296.279	319	47.2145	4.44233	2.41111	0.975366	6.70271	43.8229	18.8751	95.5203	1	1	1	1	0	0	0	0
14.09.2015 02:45:25.135000	0.135	0.13294	0.14349	126.398	-672.031	0.00108507	5	4	4	4	301.705	319	47.3145	4.52848	2.49725	0.99534	6.70927	43.7748	18.8303	95.5075	1	1	1	1	0	0	0	0
14.09.2015 02:45:25.235000	0.135	0.13294	0.14349	126.398	-672.031	-0.000542535	5	4	4	4	333.865	319	47.4169	4.5948	2.56358	0.998865	6.71149	43.7245	18.7708	95.5425	1	1	1	1	0	0	0	0
14.09.2015 02:45:25.335000	0.135	0.13294	0.14349	126.398	-672.031	0.00180845	5	4	4	4	295.962	319	47.5189	4.63342	2.60219	1.00923	6.68388	43.679	18.7237	95.549	1	1	1	1	0	0	0	0
14.09.2015 02:45:25.435000	0.135	0.13294	0.14349	126.398	-672.031	0	5	4	4	4	316.701	319	47.6249	4.67309	2.64187	1.02354	6.67591	43.6438	18.6881	95.5505	1	1	1	1	0	0	0	0
14.09.2015 02:45:25.535000	0.135	0.13294	0.14349	126.398	-672.031	0.00217014	5	4	4	4	349.318	319	47.7303	4.69107	2.65984	1.02484	6.68139	43.5998	18.6577	95.4986	1	1	1	1	0	0	0	0
14.09.2015 02:45:25.635000	0.135	0.13294	0.14349	126.398	-672.031	0.00325521	5	4	4	4	320.473	319	47.8373	4.68451	2.65329	1.04943	6.69776	43.5618	18.639	95.4243	1	1	1	1	0	0	0	0
14.09.2015 02:45:25.735000	0.135	0.13294	0.14349	126.398	-672.031	0.00289352	5	4	4	4	328.689	319	47.9432	4.67617	2.64494	1.04943	6.72512	43.5393	18.61	95.4493	1	1	1	1	0	0	0	0
14.09.2015 02:45:25.835000	0.135	0.13294	0.14349	126.398	-672.031	0.00325521	5	4	4	4	258.055	319	48.0472	4.67716	2.64593	1.0557	6.73456	43.5232	18.6075	95.3974	1	1	1	1	0	0	0	0
14.09.2015 02:45:25.935000	0.135	0.13294	0.14349	126.398	-672.031	0.00325521	5	4	4	4	304.986	319	48.1526	4.72915	2.69792	1.05838	6.76402	43.5145	18.5821	95.4612	1	1	1	1	0	0	0	0
14.09.2015 02:45:26.035000	0.135	0.13294	0.14349	126.398	-672.031	0.00325521	5	4	4	4	321.013	319	48.2601	4.76922	2.738	1.06165	6.77767	43.4841	18.571	95.3873	1	1	1	1	0	0	0	0
14.09.2015 02:45:26.135000	0.135	0.13294	0.14349	126.398	-672.031	0.00325521	5	4	4	4	298.965	319	48.368	4.80514	2.77392	1.06723	6.78507	43.4534	18.5552	95.3429	1	1	1	1	0	0	0	0
14.09.2015 02:45:26.235000	0.135	0.13294	0.14349	126.398	-672.031	0.00325521	5	4	4	4	314.224	319	48.4779	4.83845	2.80722	1.06823	6.73065	43.4229	18.5305	95.3079	1	1	1	1	0	0	0	0
14.09.2015 02:45:26.335000	0.135	0.13294	0.14349	126.398	-672.031	0.00325521	5	4	4	4	295.42	319	48.5894	4.86958	2.83835	1.08153	6.75067	43.3964	18.5082	95.292	1	1	1	1	0	0	0	0
14.09.2015 02:45:26.435000	0.135	0.13294	0.14349	126.398	-672.031	0.000542535	5	4	4	4	317.007	319	48.6973	4.91595	2.88472	1.08153	6.74585	43.3661	18.4793	95.2864	1	1	1	1	0	0	0	0
14.09.2015 02:45:26.535000	0.135	0.13294	0.14349	126.398	-672.031	0.00144676	5	4	4	4	338.651	319	48.8067	4.94584	2.91462	1.10541	6.72659	43.3384	18.4508	95.2896	1	1	1	1	0	0	0	0
14.09.2015 02:45:26.635000	0.135	0.13294	0.14349	126.398	-672.031	0.0016276	5	4	4	4	340.251	319	48.9137	4.94888	2.91766	1.11029	6.7444	43.3231	18.4169	95.3607	1	1	1	1	0	0	0	0
14.09.2015 02:45:26.735000	0.135	0.13294	0.14349	126.398	-672.031	0.00108507	5	4	4	4	317.444	319	49.0301	4.9341	2.90286	1.10458	6.7568	43.2976	18.4195	95.2724	1	1	1	1	0	0	0	0
14.09.2015 02:45:26.835000	0.135	0.13294	0.14349	126.398	-672.031	0.0016276	5	4	4	4	331.945	319	49.1405	4.92155	2.89032	1.10027	6.76399	43.3047	18.3951	95.3918	1	1	1	1	0	0	0	0
14.09.2015 02:45:26.935000	0.135	0.13294	0.14349	126.398	-672.031	0	5	4	4	4	290.361	319	49.2514	4.9117	2.88047	1.10376	6.76042	43.279	18.3991	95.2674	1	1	1	1	0	0	0	0
14.09.2015 02:45:27.035000	0.135	0.13294	0.14349	126.398	-672.031	-0.000542535	5	4	4	4	265.961	319	49.3604	4.92747	2.89625	1.11054	6.75282	43.273	18.4089	95.1997	1	1	1	1	0	0	0	0
14.09.2015 02:45:27.135000	0.135	0.13294	0.14349	126.398	-672.031	-0.00072338	5	4	4	4	309.667	319	49.4743	4.9789	2.94768	1.11007	6.77177	43.2764	18.393	95.2735	1	1	1	1	0	0	0	0
14.09.2015 02:45:27.235000	0.135	0.13294	0.14349	126.398	-672.031	-0.00325521	5	4	4	4	292.555	319	49.5852	5.03222	3.001	1.10538	6.76078	43.2587	18.3741	95.2782	1	1	1	1	0	0	0	0
14.09.2015 02:45:27.335000	0.135	0.13294	0.14349	126.406	-672.029	-0.00470197	5	4	4	4	291.82	319	49.6956	5.092	3.06077	1.10538	6.76389	43.2246	18.3641	95.1861	1	1	1	1	0	0	0	0
14.09.2015 02:45:27.435000	0.135	0.13294	0.14349	126.406	-672.031	-0.00488281	5	4	4	4	334.113	319	49.81	5.15414	3.12291	1.12768	6.74212	43.2024	18.3375	95.2025	1	1	1	1	0	0	0	0
14.09.2015 02:45:27.535000	0.135	0.13294	0.14349	126.406	-672.031	-0.00542535	5	4	4	4	331.958	319	49.9284	5.18219	3.15096	1.13044	6.69466	43.1616	18.3046	95.1726	1	1	1	1	0	0	0	0
14.09.2015 02:45:27.635000	0.135	0.13294	0.14349	126.406	-672.031	-0.00434028	5	4	4	4	358.62	319	50.0408	5.18144	3.15022	1.14575	6.7168	43.1368	18.285	95.1525	1	1	1	1	0	0	0	0
14.09.2015 02:45:27.735000	0.135	0.13294	0.14349	126.409	-672.031	-0.00434028	5	4	4	4	296.614	319	50.1537	5.16167	3.13044	1.15142	6.75195	43.1158	18.275	95.1104	1	1	1	1	0	0	0	0
14.09.2015 02:45:27.835000	0.135	0.13294	0.14349	126.406	-672.031	-0.00379774	5	4	4	4	308.158	319	50.2721	5.15928	3.12805	1.14844	6.75412	43.1018	18.2701	95.0756	1	1	1	1	0	0	0	0
14.09.2015 02:45:27.935000	0.135	0.13294	0.14349	126.406	-672.031	-0.00217014	5	4	4	4	276.521	319	50.3845	5.17332	3.14209	1.14611	6.75622	43.1013	18.2628	95.1015	1	1	1	1	0	0	0	0
14.09.2015 02:45:28.035000	0.135	0.13294	0.14349	126.41	-672.031	-0.000542535	5	4	4	4	305.838	319	50.4975	5.21911	3.18789	1.14406	6.78487	43.0955	18.2413	95.1618	1	1	1	1	0	0	0	0
14.09.2015 02:45:28.135000	0.135	0.13294	0.14349	126.411	-672.031	-0.00072338	5	4	4	4	283.935	319	50.6168	5.27143	3.2402	1.14072	6.79145	43.0746	18.2377	95.0954	1	1	1	1	0	0	0	0
14.09.2015 02:45:28.235000	0.135	0.13294	0.14349	126.41	-672.031	-0.000542535	5	4	4	4	315.661	319	50.7342	5.32476	3.29353	1.15103	6.76888	43.05	18.2238	95.0543	1	1	1	1	0	0	0	0
14.09.2015 02:45:28.335000	0.135	0.13294	0.14349	126.409	-672.031	-0.00108507	5	4	4	4	318.302	319	50.8506	5.38068	3.34946	1.1789	6.75738	43.0176	18.1961	95.0366	1	1	1	1	0	0	0	0
14.09.2015 02:45:28.435000	0.135	0.13294	0.14349	126.41	-672.031	-0.00108507	5	4	4	4	300.224	319	50.975	5.42231	3.39109	1.1821	6.77662	42.9832	18.1841	94.9506	1	1	1	1	0	0	0	0
14.09.2015 02:45:28.535000	0.135	0.13294	0.14349	126.409	-672.031	-0.00036169	5	4	4	4	355.625	319	51.0934	5.44532	3.41409	1.19572	6.78096	42.9535	18.1505	94.9657	1	1	1	1	0	0	0	0
14.09.2015 02:45:28.635000	0.135	0.13294	0.14349	126.414	-672.031	-0.000542535	5	4	4	4	333.66	319	51.2197	5.43084	3.39962	1.20044	6.7644	42.9358	18.1314	94.9713	1	1	1	1	0	0	0	0
14.09.2015 02:45:28.735000	0.135	0.13294	0.146288	126.411	-672.029	0.00108507	5	4	4	4	277.83	319.007	51.3371	5.41881	3.38759	1.22519	6.7615	42.9215	18.1196	94.9615	1	1	1	1	0.33	0	0	0
14.09.2015 02:45:28.835000	0.135	0.13294	0.147687	126.414	-672.031	0.0016276	5	4	4	4	339.07	319.409	51.4565	5.45222	3.42099	1.22273	6.77532	42.9128	18.106	94.9805	1	1	1	1	1	0	0	0
14.09.2015 02:45:28.935000	0.135	0.13294	0.147687	126.414	-672.031	0.00072338	5	4	4	4	334.988	320.81	51.5784	5.45065	3.41942	1.18413	6.7806	42.8899	18.1037	94.9015	1	1	1	1	1	0	0	0
14.09.2015 02:45:29.035000	0.135	0.13294	0.147687	126.414	-672.031	0.00108507	5	4	4	4	305.734	323.26	51.6948	5.46243	3.43121	1.18537	6.79203	42.8795	18.096	94.8912	1	1	1	1	1	0	0	0
14.09.2015 02:45:29.135000	0.135	0.13294	0.147687	126.414	-672.031	0.00180845	5	4	4	4	334.457	326.758	51.8201	5.5322	3.50098	1.2254	6.78798	42.8752	18.0796	94.9375	1	1	1	1	1	0	0	0
14.09.2015 02:45:29.235000	0.135	0.13294	0.147687	126.414	-672.031	0.00108507	5	4	4	4	341.461	331.306	51.9405	5.60055	3.56932	1.2254	6.78472	42.8474	18.0538	94.93	1	1	1	1	1	0	0	0
14.09.2015 02:45:29.335000	0.135	0.13294	0.147687	126.414	-672.031	0.00108507	5	4	4	4	333.938	336.901	52.0678	5.64203	3.61081	1.21929	6.78733	42.8214	18.0401	94.8825	1	1	1	1	1	0	0	0
14.09.2015 02:45:29.435000	0.135	0.13294	0.147687	126.414	-672.031	0.00108507	5	4	4	4	301.998	343.547	52.1912	5.76248	3.73125	1.22072	6.77416	42.7689	18.0135	94.7835	1	1	1	1	1	0	0	0
14.09.2015 02:45:29.535000	0.135	0.13294	0.147687	126.414	-672.031	0.00108507	5	4	4	4	316.755	351.242	52.323	6.03038	3.99915	1.26895	6.79044	42.6975	17.9572	94.726	1	1	1	1	1	0	0	0
14.09.2015 02:45:29.635000	0.135	0.13294	0.147687	126.414	-672.031	0	5	4	4	4	313.474	359.985	52.4613	6.38186	4.35063	1.28943	6.79731	42.5678	17.8454	94.657	1	1	1	1	1	0	0	0
14.09.2015 02:45:29.735000	0.135	0.13294	0.147687	126.414	-672.031	0.00108507	5	4	4	4	407.579	369.778	52.6095	6.78237	4.75114	1.36648	6.78002	42.4027	17.6708	94.6935	1	1	1	1	1	0	0	0
14.09.2015 02:45:29.835000	0.135	0.13294	0.147687	126.414	-672.031	0.00108507	5	4	4	4	366.946	380.62	52.7657	7.06864	5.03742	1.47354	6.79716	42.1868	17.4809	94.5939	1	1	1	1	1	0	0	0
14.09.2015 02:45:29.935000	0.135	0.13294	0.147687	126.414	-672.031	-0.00036169	5	4	4	4	399.478	392.51	52.9278	7.35293	5.3217	1.54911	6.76707	41.9703	17.289	94.4997	1	1	1	1	1	0	0	0
14.09.2015 02:45:30.035000	0.135	0.13294	0.147687	126.414	-672.031	-0.00108507	5	4	4	4	417.238	405.451	53.094	7.63149	5.60026	1.61496	6.74754	41.764	17.0849	94.4913	1	1	1	1	1	0	0	0
14.09.2015 02:45:30.135000	0.135	0.13294	0.147687	126.414	-672.031	-0.00108507	5	4	4	4	375.572	419.438	53.2656	7.93738	5.90589	1.66035	6.73054	41.5572	16.9097	94.3705	1	1	1	1	1	0	0	0
14.09.2015 02:45:30.235000	0.135	0.13294	0.147687	126.414	-672.031	-0.000542535	5	4	4	4	415.795	434.477	53.4457	8.35571	6.32449	1.7151	6.69538	41.3435	16.7145	94.2997	1	1	1	1	1	0	0	0
14.09.2015 02:45:30.335000	0.135	0.13294	0.147687	126.414	-672.031	0.00108507	5	4	4	4	407.317	450.563	53.6382	8.8503	6.81907	1.8024	6.71868	41.0841	16.4882	94.1728	1	1	1	1	1	0	0	0
14.09.2015 02:45:30.435000	0.135	0.13294	0.147687	126.414	-672.027	0.00108507	5	4	4	4	424.165	467.699	53.8406	9.45383	7.42261	1.96529	6.75116	40.8142	16.2322	94.1195	1	1	1	1	1	0	0	0
14.09.2015 02:45:30.535000	0.135	0.13294	0.147687	126.414	-672.031	0.00072338	5	4	4	4	483.474	485.882	54.057	10.1128	8.08155	2.09233	6.72324	40.529	15.9394	94.1487	1	1	1	1	1	0	0	0
14.09.2015 02:45:30.635000	0.135	0.13294	0.147687	126.414	-672.031	0.00108507	5	4	4	4	450.089	505.116	54.2853	10.7722	8.74098	2.21792	6.72135	40.2214	15.6644	94.0237	1	1	1	1	1	0	0	0
14.09.2015 02:45:30.735000	0.135	0.13294	0.147687	126.414	-672.031	-0.00072338	5	4	4	4	465.9	525.399	54.5295	11.516	9.48482	2.34449	6.74002	39.8976	15.3824	93.8636	1	1	1	1	1	0	0	0
14.09.2015 02:45:30.835000	0.135	0.13294	0.147687	126.414	-672.031	-0.00108507	5	4	4	4	445.761	546.733	54.7892	12.3947	10.3635	2.52688	6.77054	39.5782	15.0884	93.7666	1	1	1	1	1	0	0	0
14.09.2015 02:45:30.935000	0.135	0.13294	0.147687	126.414	-672.031	0.00036169	5	4	4	4	457.305	569.115	55.0672	13.4795	11.4483	2.69995	6.80346	39.2297	14.7673	93.6615	1	1	1	1	1	0	0	0
14.09.2015 02:45:31.035000	0.135	0.13294	0.147687	126.414	-672.031	0.00108507	5	4	4	4	538.097	592.544	55.3687	14.7406	12.7094	2.9322	6.7908	38.8876	14.4222	93.6732	1	1	1	1	1	0	0	0
14.09.2015 02:45:31.135000	0.135	0.13294	0.147687	126.414	-672.031	0.00072338	5	4	4	4	583.065	617.023	55.7	15.9632	13.932	3.24739	6.75962	38.5567	14.1334	93.5121	1	1	1	1	1	0	0	0
14.09.2015 02:45:31.235000	0.135	0.13294	0.147687	126.414	-672.031	0.00108507	5	4	4	4	608.321	642.551	56.0511	17.1082	15.077	3.45746	6.75911	38.3003	13.8788	93.5051	1	1	1	1	1	0	0	0
14.09.2015 02:45:31.335000	0.135	0.13294	0.147687	126.414	-672.031	0.00217014	5	4	4	4	584.226	669.129	56.4237	18.2382	16.207	3.71209	6.73835	38.0938	13.73	93.284	1	1	1	1	1	0	0	0
14.09.2015 02:45:31.435000	0.135	0.13294	0.147687	126.414	-672.031	0.00325521	5	4	4	4	647.55	696.755	56.8192	19.4167	17.3855	3.93502	6.70457	37.9502	13.605	93.213	1	1	1	1	1	0	0	0
14.09.2015 02:45:31.535000	0.135	0.13294	0.147687	126.414	-672.031	0.00325521	5	4	4	4	641.259	725.429	57.2385	20.6482	18.617	4.1491	6.67405	37.8682	13.5468	93.1216	1	1	1	1	1	0	0	0
14.09.2015 02:45:31.635000	0.135	0.13294	0.147687	126.414	-672.031	0.00271267	5	4	4	4	661.242	755.156	57.6737	21.9665	19.9353	4.37458	6.65365	37.882	13.5825	93.0377	1	1	1	1	1	0	0	0
14.09.2015 02:45:31.735000	0.135	0.13294	0.147687	126.419	-672.031	0.00108507	5	4	4	4	675.851	694.795	58.1284	23.4218	17.1918	4.52242	6.7249	38.0062	13.7352	92.9291	1	1	1	1	1	0.19	0	0.19
14.09.2015 02:45:31.835000	0.135	0.13294	0.147687	126.414	-672.031	0.00108507	5	4	4	4	1109.87	319	59.2107	24.1297	0	30.8239	6.72128	61.6212	18.4573	165.266	1	1	1	1	1	1	0	1
14.09.2015 02:45:31.935000	0.135	0.13294	0.147687	126.427	-672.029	0.00144676	5	4	4	4	1440.04	319	62.2659	24.1297	0	82.5715	5.94473	102.577	3.55296	379.145	1	1	1	1	1	1	0.98	1
14.09.2015 02:45:32.035000	0.135	0.13294	0.147687	126.379	-672.039	0.00108507	5	4	4	4	27.0552	319	62.2768	24.1297	0	82.9031	4.10561	111.466	0.766442	423.846	1	1	1	1	1	1	1	1
14.09.2015 02:45:32.135000	0.135	0.13294	0.147687	126.331	-672.036	0.00108507	5	4	4	4	3.51236	319	62.2768	9.89318	0	82.9031	2.67839	126.949	0.652486	483.564	1	1	1	1	1	1	1	0.41
14.09.2015 02:45:32.235000	0.135	0.13294	0.147687	126.336	-672.043	-0.000542535	5	4	4	4	0.605051	319	62.2768	0	0	82.9031	1.76092	130.343	0.642415	496.598	1	1	1	1	1	1	1	0
14.09.2015 02:45:32.335000	0.135	0.13294	0.147687	126.336	-672.049	0	5	4	4	4	0.261815	319	62.2768	0	0	82.9031	1.36299	129.186	0.658834	492.106	1	1	1	1	1	1	1	0
14.09.2015 02:45:32.435000	0.135	0.13294	0.147687	126.336	-672.047	-0.00108507	5	4	4	4	0.231245	319	62.2768	0	0	82.9031	1.10142	129.088	0.654256	491.747	1	1	1	1	1	1	1	0
14.09.2015 02:45:32.535000	0.135	0.13294	0.147687	126.333	-672.052	-0.00072338	5	4	4	4	0.244554	319	62.2768	0	0	82.9031	0.883464	128.86	0.646321	490.903	1	1	1	1	1	1	1	0
14.09.2015 02:45:32.635000	0.135	0.13294	0.147687	126.313	-672.047	-0.000542535	5	4	4	4	0.258127	319	62.2768	0	0	82.9031	0.74906	128.692	0.644856	490.267	1	1	1	1	1	1	1	0
14.09.2015 02:45:32.735000	0.135	0.13294	0.147687	126.273	-672.044	-0.00036169	5	4	4	4	0.253387	319	62.2768	0	0	82.9031	0.661024	128.553	0.642598	489.743	1	1	1	1	1	1	1	0
14.09.2015 02:45:32.835000	0.135	0.13294	0.147687	126.273	-672.055	0	5	4	4	4	0.251135	319	62.2768	0	0	82.9031	0.592376	128.442	0.644673	489.312	1	1	1	1	1	1	1	0
14.09.2015 02:45:32.935000	0.135	0.13294	0.147687	126.273	-672.047	-0.00072338	5	4	4	4	0.2441	319	62.2768	0	0	4.19237	0.522931	128.358	0.646016	488.983	1	1	1	1	1	1	1	0
14.09.2015 02:45:33.035000	0.135	0.13294	0.147687	126.273	-672.043	-0.00271267	5	4	4	4	0.271876	319	62.2768	0	0	0.0496957	0.483362	128.296	0.645955	488.746	1	1	1	1	1	1	1	0
14.09.2015 02:45:33.135000	0.135	0.13294	0.147687	126.273	-672.047	-0.00289352	5	4	4	4	0.2554	319	62.2768	0	0	0.0496957	0.44987	128.253	0.645711	488.581	1	1	1	1	1	1	1	0
14.09.2015 02:45:33.235000	0.135	0.13294	0.147687	126.273	-672.043	-0.00379774	5	4	4	4	0.255132	319	62.2768	0	0	0.0496957	0.421224	128.22	0.645283	488.458	1	1	1	1	1	1	1	0
14.09.2015 02:45:33.335000	0.135	0.13294	0.147687	126.273	-672.039	-0.00397859	5	4	4	4	0.255472	319	62.2768	0	0	0.0496957	0.389395	128.187	0.643391	488.34	1	1	1	1	1	1	1	0
14.09.2015 02:45:33.435000	0.135	0.13294	0.147687	126.273	-672.039	-0.00488281	5	4	4	4	0.3017	319	62.2768	0	0	0.0496957	0.370081	128.165	0.640339	488.265	1	1	1	1	1	1	1	0
14.09.2015 02:45:33.535000	0.135	0.13294	0.147687	126.273	-672.039	-0.00434028	5	4	4	4	0.287733	319	62.2768	0	0	0.0496957	0.353226	128.135	0.640034	488.151	1	1	1	1	1	1	1	0
14.09.2015 02:45:33.635000	0.135	0.13294	0.147687	126.273	-672.035	-0.00434028	5	4	4	4	0.257063	319	62.2768	0	0	0.0496957	0.336227	128.113	0.641194	488.065	1	1	1	1	1	1	1	0
14.09.2015 02:45:33.735000	0.135	0.13294	0.147687	126.276	-672.039	-0.00434028	5	4	4	4	0.292816	319	62.2768	0	0	0.0496957	0.321687	128.087	0.641194	487.964	1	1	1	1	1	1	1	0
14.09.2015 02:45:33.835000	0.135	0.13294	0.147687	126.277	-672.043	-0.00434028	5	4	4	4	0.297777	319	62.2768	0	0	0.0496957	0.309751	128.06	0.644917	487.846	1	1	1	1	1	1	1	0
14.09.2015 02:45:33.935000	0.135	0.13294	0.147687	126.273	-672.039	-0.00434028	5	4	4	4	0.282937	319	62.2768	0	0	0.00298174	0.300492	128.041	0.643086	487.779	1	1	1	1	1	1	1	0
14.09.2015 02:45:34.035000	0.135	0.13294	0.147687	126.273	-672.039	-0.00434028	5	4	4	4	0.253169	319	62.2768	0	0	0	0.288122	128.016	0.644978	487.677	1	1	1	1	1	1	1	0
14.09.2015 02:45:34.135000	0.135	0.13294	0.147687	126.229	-672.039	-0.00325521	5	4	4	4	0.267602	319	62.2768	0	0	0	0.284795	127.996	0.642781	487.612	1	1	1	1	1	1	1	0
14.09.2015 02:45:34.235000	0.135	0.13294	0.147687	126.203	-672.039	-0.00217014	5	4	4	4	0.280604	319	62.2768	0	0	0	0.287977	127.977	0.64217	487.541	1	1	1	1	1	1	1	0
14.09.2015 02:45:34.335000	0.135	0.13294	0.147687	126.201	-672.018	-0.00180845	5	4	4	4	0.276932	319	62.2768	0	0	0	0.293475	127.961	0.643452	487.473	1	1	1	1	1	1	1	0
14.09.2015 02:45:34.435000	0.135	0.13294	0.147687	126.203	-671.723	-0.00108507	5	4	4	4	0.265085	319	62.2768	0	0	0	0.298394	127.947	0.643574	487.418	1	1	1	1	1	1	1	0
14.09.2015 02:45:34.535000	0.135	0.13294	0.147687	126.229	-665.417	-0.00036169	5	4	4	4	0.269929	319	62.2768	0	0	0	0.301866	127.931	0.641804	487.365	1	1	1	1	1	1	1	0
14.09.2015 02:45:34.635000	0.135	0.13294	0.147687	126.234	-648.367	-0.00108507	5	4	4	4	0.277497	319	62.2768	0	0	0	0.304905	127.91	0.638142	487.299	1	1	1	1	1	1	1	0
14.09.2015 02:45:34.735000	0.135	0.13294	0.147687	126.234	-626.956	0.00108507	5	4	4	4	0.283416	319	62.2768	0	0	0	0.30787	127.889	0.645527	487.191	1	1	1	1	1	1	1	0
14.09.2015 02:45:34.835000	0.135	0.13294	0.147687	126.234	-597.922	0.00108507	5	4	4	4	0.267657	319	62.2768	0	0	0	0.310547	127.871	0.643269	487.128	1	1	1	1	1	1	1	0
14.09.2015 02:45:34.935000	0.135	0.13294	0.147687	126.237	-562.505	0.00072338	5	4	4	4	0.28117	319	62.2768	0	0	0	0.311053	127.846	0.644002	487.029	1	1	1	1	1	1	1	0
14.09.2015 02:45:35.035000	0.135	0.13294	0.147687	126.234	-529.645	0.0016276	5	4	4	4	0.297286	319	62.2768	0	0	0	0.313006	127.82	0.642598	486.935	1	1	1	1	1	1	1	0
14.09.2015 02:45:35.135000	0.135	0.13294	0.147687	126.234	-492.505	0.00217014	5	4	4	4	0.287802	319	62.2768	0	0	0	0.313657	127.792	0.644185	486.824	1	1	1	1	1	1	1	0
14.09.2015 02:45:35.235000	0.135	0.13294	0.147687	126.234	-434.652	0.00379774	5	4	4	4	0.290799	319	62.2768	0	0	0	0.315538	127.763	0.644307	486.712	1	1	1	1	1	1	1	0
14.09.2015 02:45:35.335000	0.135	0.13294	0.147687	126.234	-393.13	0.00289352	5	4	4	4	0.276194	319	62.2768	0	0	0	0.315394	127.862	0.643025	487.096	1	1	1	1	1	1	1	0
14.09.2015 02:45:35.435000	0.135	0.13294	0.147687	126.234	-351.516	0.00325521	5	4	4	4	0.306949	319	62.2768	0	0	0	0.31713	127.687	0.644307	486.42	1	1	1	1	1	1	1	0
14.09.2015 02:45:35.535000	0.135	0.13294	0.147687	126.24	-304.198	0.00542535	5	4	4	4	0.29959	319	62.2768	0	0	0	0.31901	127.654	0.64687	486.284	1	1	1	1	1	1	1	0
14.09.2015 02:45:35.635000	0.135	0.13294	0.147687	126.234	-252.27	0.00108507	5	4	4	4	0.293785	319	62.2768	0	0	0	0.320602	127.627	0.647481	486.18	1	1	1	1	1	1	1	0
14.09.2015 02:45:35.735000	0.135	0.13294	0.147687	126.242	-211.32	0.00072338	5	4	4	4	0.28553	319	62.2768	0	0	0	0.322844	127.595	0.645344	486.064	1	1	1	1	1	1	1	0
14.09.2015 02:45:35.835000	0.135	0.13294	0.147687	126.242	-170.344	0.00108507	5	4	4	4	0.290108	319	62.2768	0	0	0	0.325159	127.568	0.644612	485.965	1	1	1	1	1	1	1	0
14.09.2015 02:45:35.935000	0.135	0.13294	0.147687	126.245	-123.82	0.00108507	5	4	4	4	0.275516	319	62.2768	0	0	0	0.327474	127.541	0.643941	485.864	1	1	1	1	1	1	1	0
14.09.2015 02:45:36.035000	0.135	0.13294	0.147687	126.242	-72.1719	0.00108507	5	4	4	4	0.284609	319	62.2768	0	0	0	0.328559	127.508	0.644673	485.734	1	1	1	1	1	1	1	0
14.09.2015 02:45:36.135000	0.135	0.13294	0.147687	126.242	-31.2786	0.00108507	5	4	4	4	0.285932	319	62.2768	0	0	0	0.330802	127.484	0.643208	485.648	1	1	1	1	1	1	1	0
14.09.2015 02:45:36.235000	0.135	0.13294	0.147687	126.246	9.23047	0.00108507	5	4	4	4	0.266371	319	62.2768	0	0	0	0.332176	127.456	0.645344	485.532	1	1	1	1	1	1	1	0
14.09.2015 02:45:36.335000	0.135	0.13294	0.147687	126.242	60.9427	0.00072338	5	4	4	4	0.299418	319	62.2768	0	0	0	0.333984	127.429	0.645772	485.426	1	1	1	1	1	1	1	0
14.09.2015 02:45:36.435000	0.135	0.13294	0.147687	126.246	107.023	0.00108507	5	4	4	4	0.295735	319	62.2768	0	0	0	0.334708	127.402	0.644917	485.328	1	1	1	1	1	1	1	0
14.09.2015 02:45:36.535000	0.135	0.13294	0.147687	126.25	147.672	-0.00036169	5	4	4	4	0.284572	319	62.2768	0	0	0	0.336878	127.373	0.646809	485.209	1	1	1	1	1	1	1	0
14.09.2015 02:45:36.635000	0.135	0.13294	0.147687	126.246	188.074	0.0016276	5	4	4	4	0.291082	319	62.2768	0	0	0	0.337891	127.344	0.654073	485.071	1	1	1	1	1	1	1	0
14.09.2015 02:45:36.735000	0.135	0.13294	0.147687	126.242	244.677	0.00144676	5	4	4	4	0.285419	319	62.2768	0	0	0	0.339265	127.316	0.657552	484.952	1	1	1	1	1	1	1	0
14.09.2015 02:45:36.835000	0.135	0.13294	0.147687	126.246	284.949	-0.00108507	5	4	4	4	0.280907	319	62.2768	0	0	0	0.339988	127.292	0.658834	484.854	1	1	1	1	1	1	1	0
14.09.2015 02:45:36.935000	0.135	0.13294	0.147687	126.247	325.221	-0.00108507	5	4	4	4	0.290892	319	62.2768	0	0	0	0.340422	127.264	0.655293	484.76	1	1	1	1	1	1	1	0
14.09.2015 02:45:37.035000	0.135	0.13294	0.147687	126.238	373.777	-0.00217014	5	4	4	4	0.282993	319	62.2768	0	0	0	0.341797	127.244	0.654378	484.685	1	1	1	1	1	1	1	0
14.09.2015 02:45:37.135000	0.135	0.13294	0.147687	126.237	422.034	-0.00108507	5	4	4	4	0.293654	319	62.2768	0	0	0	0.342376	127.213	0.653157	484.573	1	1	1	1	1	1	1	0
14.09.2015 02:45:37.235000	0.135	0.13294	0.147687	126.242	462.348	-0.000542535	5	4	4	4	0.291911	319	62.2768	0	0	0	0.343171	127.186	0.651631	484.478	1	1	1	1	1	1	1	0
14.09.2015 02:45:37.335000	0.135	0.13294	0.147687	126.242	502.539	-0.00036169	5	4	4	4	0.296906	319	62.2768	0	0	0	0.34383	127.166	0.65378	484.39	1	1	1	1	1	1	1	0
14.09.2015 02:45:37.435000	0.135	0.13294	0.147687	126.242	550.293	0	5	4	4	4	0.299001	319	62.2768	0	0	0	0.3449	127.135	0.650288	484.289	1	1	1	1	1	1	1	0
14.09.2015 02:45:37.535000	0.135	0.13294	0.147687	126.245	591.451	0.00144676	5	4	4	4	0.312905	319	62.2768	0	0	0	0.344329	127.114	0.649373	484.209	1	1	1	1	1	1	1	0
14.09.2015 02:45:37.635000	0.135	0.13294	0.147687	126.242	619.641	0.000542535	5	4	4	4	0.292446	319	62.2768	0	0	0	0.345566	127.084	0.649129	484.095	1	1	1	1	1	1	1	0
14.09.2015 02:45:37.735000	0.135	0.13294	0.147687	126.245	642.516	0.00072338	5	4	4	4	0.2874	319	62.2768	0	0	0	0.34579	127.062	0.650044	484.007	1	1	1	1	1	1	1	0
14.09.2015 02:45:37.835000	0.135	0.13294	0.147687	126.246	665.367	0.00108507	5	4	4	4	0.297468	319	62.2768	0	0	0	0.34605	127.037	0.650594	483.908	1	1	1	1	1	1	1	0
14.09.2015 02:45:37.935000	0.135	0.13294	0.147687	126.247	673.13	0.00325521	5	4	4	4	0.30594	319	62.2768	0	0	0	0.34579	127.015	0.650716	483.822	1	1	1	1	1	1	1	0
14.09.2015 02:45:38.035000	0.135	0.13294	0.147687	126.246	674.902	0.00488281	5	4	4	4	0.284456	319	62.2768	0	0	0	0.345841	126.989	0.653035	483.715	1	1	1	1	1	1	1	0
14.09.2015 02:45:38.135000	0.135	0.13294	0.147687	126.245	674.974	0.00651042	5	4	4	4	0.287181	319	62.2768	0	0	0	0.346	126.962	0.651021	483.621	1	1	1	1	1	1	1	0
14.09.2015 02:45:38.235000	0.135	0.13294	0.147687	126.25	675	0.00651042	5	4	4	4	0.296081	319	62.2768	0	0	0	0.345472	126.941	0.651753	483.535	1	1	1	1	1	1	1	0
14.09.2015 02:45:38.335000	0.135	0.13294	0.147687	126.25	674.997	0.0072338	5	4	4	4	0.318502	319	62.2768	0	0	0	0.34579	126.914	0.647481	483.45	1	1	1	1	1	1	1	0
14.09.2015 02:45:38.435000	0.135	0.13294	0.147687	126.242	675	0.00868056	5	4	4	4	0.314411	319	62.2768	0	0	0	0.345262	126.896	0.649068	483.375	1	1	1	1	1	1	1	0
14.09.2015 02:45:38.535000	0.135	0.13294	0.147687	126.237	675.005	0.00904225	5	4	4	4	0.288149	319	62.2768	0	0	0	0.346065	126.866	0.650594	483.254	1	1	1	1	1	1	1	0
14.09.2015 02:45:38.635000	0.135	0.13294	0.147687	126.227	675.023	0.00813802	5	4	4	4	0.291921	319	62.2768	0	0	0	0.345197	126.847	0.649617	483.185	1	1	1	1	1	1	1	0
14.09.2015 02:45:38.735000	0.135	0.13294	0.147687	126.229	675.034	0.00759549	5	4	4	4	0.298557	319	62.2768	0	0	0	0.346065	126.833	0.651082	483.127	1	1	1	1	1	1	1	0
14.09.2015 02:45:38.835000	0.135	0.13294	0.147687	126.242	675.031	0.00705295	5	4	4	4	0.275901	319	62.2768	0	0	0	0.345566	126.799	0.649739	483.002	1	1	1	1	1	1	1	0
14.09.2015 02:45:38.935000	0.135	0.13294	0.147687	126.237	675.039	0.00651042	5	4	4	4	0.290335	319	62.2768	0	0	0	0.345985	126.787	0.64626	482.968	1	1	1	1	1	1	1	0
14.09.2015 02:45:39.035000	0.135	0.13294	0.147687	126.234	675	0.00596788	5	4	4	4	0.283337	319	62.2768	0	0	0	0.345486	126.766	0.649434	482.874	1	1	1	1	1	1	1	0
14.09.2015 02:45:39.135000	0.135	0.13294	0.147687	126.234	675.005	0.00325521	5	4	4	4	0.29157	319	62.2768	0	0	0	0.345103	126.742	0.650227	482.781	1	1	1	1	1	1	1	0
14.09.2015 02:45:39.235000	0.135	0.13294	0.147687	126.234	675.02	0.00325521	5	4	4	4	0.286627	319	62.2768	0	0	0	0.344922	126.714	0.649007	482.677	1	1	1	1	1	1	1	0
14.09.2015 02:45:39.335000	0.135	0.13294	0.147687	126.234	674.995	0.00217014	5	4	4	4	0.280623	319	62.2768	0	0	0	0.344828	126.692	0.649556	482.59	1	1	1	1	1	1	1	0
14.09.2015 02:45:39.435000	0.135	0.13294	0.147687	126.219	675	0.0016276	5	4	4	4	0.324212	319	62.2768	0	0	0	0.344698	126.646	0.650838	482.409	1	1	1	1	1	1	1	0
14.09.2015 02:45:39.535000	0.135	0.13294	0.147687	126.219	675.057	0	5	4	4	4	0.363738	319	62.2768	0	0	0	0.344538	126.669	0.650349	482.502	1	1	1	1	1	1	1	0
14.09.2015 02:45:39.635000	0.135	0.13294	0.147687	126.223	675.078	0.00108507	5	4	4	4	0.348287	319	62.2768	0	0	0	0.344987	126.642	0.651753	482.392	1	1	1	1	1	1	1	0
14.09.2015 02:45:39.735000	0.135	0.13294	0.147687	126.221	675.003	0.00108507	5	4	4	4	0.37494	319	62.2768	0	0	0	0.344249	126.619	0.649434	482.312	1	1	1	1	1	1	1	0
14.09.2015 02:45:39.835000	0.135	0.13294	0.147687	126.227	675.063	-0.000542535	5	4	4	4	0.387035	319	62.2768	0	0	0	0.344618	126.601	0.650044	482.24	1	1	1	1	1	1	1	0
14.09.2015 02:45:39.935000	0.135	0.13294	0.147687	126.227	675.07	-0.00180845	5	4	4	4	0.367169	319	62.2768	0	0	0	0.344039	126.578	0.649739	482.155	1	1	1	1	1	1	1	0
14.09.2015 02:45:40.035000	0.135	0.13294	0.147687	126.227	675.02	-0.00488281	5	4	4	4	0.365099	319	62.2768	0	0	0	0.344538	126.555	0.649983	482.065	1	1	1	1	1	1	1	0
14.09.2015 02:45:40.135000	0.135	0.13294	0.147687	126.227	675.026	-0.00397859	5	4	4	4	0.381994	319	62.2768	0	0	0	0.34383	126.533	0.649739	481.984	1	1	1	1	1	1	1	0
14.09.2015 02:45:40.235000	0.135	0.13294	0.147687	126.23	675.012	-0.00434028	5	4	4	4	0.37962	319	62.2768	0	0	0	0.344249	126.513	0.650472	481.903	1	1	1	1	1	1	1	0
14.09.2015 02:45:40.335000	0.135	0.13294	0.147687	126.229	674.992	-0.00325521	5	4	4	4	0.374033	319	62.2768	0	0	0	0.344343	126.486	0.652547	481.793	1	1	1	1	1	1	1	0
14.09.2015 02:45:40.435000	0.135	0.13294	0.147687	126.227	674.98	-0.00271267	5	4	4	4	0.369943	319	62.2768	0	0	0	0.344683	126.467	0.652242	481.72	1	1	1	1	1	1	1	0
14.09.2015 02:45:40.535000	0.135	0.13294	0.147687	126.229	674.974	-0.00144676	5	4	4	4	0.383454	319	62.2768	0	0	0	0.344777	126.445	0.653706	481.631	1	1	1	1	1	1	1	0
14.09.2015 02:45:40.635000	0.135	0.13294	0.147687	126.227	674.984	0.00108507	5	4	4	4	0.370878	319	62.2768	0	0	0	0.345117	126.422	0.65334	481.542	1	1	1	1	1	1	1	0
14.09.2015 02:45:40.735000	0.135	0.13294	0.147687	126.229	674.969	0.00144676	5	4	4	4	0.356386	319	62.2768	0	0	0	0.34579	126.403	0.657369	481.456	1	1	1	1	1	1	1	0
14.09.2015 02:45:40.835000	0.135	0.13294	0.147687	126.227	674.961	0.00108507	5	4	4	4	0.356185	319	62.2768	0	0	0	0.345182	126.377	0.665426	481.324	1	1	1	1	1	1	1	0
14.09.2015 02:45:40.935000	0.135	0.13294	0.147687	126.232	674.966	0.00072338	5	4	4	4	0.367006	319	62.2768	0	0	0	0.345276	126.355	0.665181	481.243	1	1	1	1	1	1	1	0
14.09.2015 02:45:41.035000	0.135	0.13294	0.147687	126.23	674.961	0.00108507	5	4	4	4	0.380675	319	62.2768	0	0	0	0.345197	126.331	0.666219	481.147	1	1	1	1	1	1	1	0
14.09.2015 02:45:41.135000	0.135	0.13294	0.147687	126.224	674.961	0.00253183	5	4	4	4	0.382556	319	62.2768	0	0	0	0.346065	126.313	0.665059	481.08	1	1	1	1	1	1	1	0
14.09.2015 02:45:41.235000	0.135	0.13294	0.147687	126.23	674.961	0.00325521	5	4	4	4	0.369221	319	62.2768	0	0	0	0.345775	126.29	0.664327	480.996	1	1	1	1	1	1	1	0
14.09.2015 02:45:41.335000	0.135	0.13294	0.147687	126.232	674.961	0.00397859	5	4	4	4	0.378085	319	62.2768	0	0	0	0.346803	126.268	0.661458	480.923	1	1	1	1	1	1	1	0
14.09.2015 02:45:41.435000	0.135	0.13294	0.147687	126.234	674.961	0.00542535	5	4	4	4	0.406583	319	62.2768	0	0	0	0.34775	126.246	0.659444	480.847	1	1	1	1	1	1	1	0
14.09.2015 02:45:41.535000	0.135	0.13294	0.147687	126.229	674.948	0.00578704	5	4	4	4	0.38022	319	62.2768	0	0	0	0.349392	126.229	0.659383	480.779	1	1	1	1	1	1	1	0
14.09.2015 02:45:41.635000	0.135	0.13294	0.147687	126.23	674.953	0.00705295	5	4	4	4	0.392894	319	62.2768	0	0	0	0.34992	126.207	0.658162	480.701	1	1	1	1	1	1	1	0
14.09.2015 02:45:41.735000	0.135	0.13294	0.147687	126.232	674.945	0.00506366	5	4	4	4	0.385766	319	62.2768	0	0	0	0.351563	126.185	0.659627	480.611	1	1	1	1	1	1	1	0
14.09.2015 02:45:41.835000	0.135	0.13294	0.147687	126.23	674.945	0.00596788	5	4	4	4	0.382706	319	62.2768	0	0	0	0.3523	126.164	0.655416	480.549	1	1	1	1	1	1	1	0
14.09.2015 02:45:41.935000	0.135	0.13294	0.147687	126.234	674.945	0.00687211	5	4	4	4	0.389736	319	62.2768	0	0	0	0.352496	126.146	0.654866	480.479	1	1	1	1	1	1	1	0
14.09.2015 02:45:42.035000	0.135	0.13294	0.147687	126.234	674.945	0.00651042	5	4	4	4	0.400325	319	62.2768	0	0	0	0.352734	126.123	0.658467	480.378	1	1	1	1	1	1	1	0
14.09.2015 02:45:42.135000	0.135	0.13294	0.147687	126.232	674.945	0.00542535	5	4	4	4	0.390575	319	62.2768	0	0	0	0.353219	126.103	0.65627	480.312	1	1	1	1	1	1	1	0
14.09.2015 02:45:42.235000	0.135	0.13294	0.147687	126.234	674.945	0.00325521	5	4	4	4	0.396652	319	62.2768	0	0	0	0.353668	126.08	0.657796	480.215	1	1	1	1	1	1	1	0
14.09.2015 02:45:42.335000	0.135	0.13294	0.147687	126.232	674.94	0.00325521	5	4	4	4	0.392643	319	62.2768	0	0	0	0.353957	126.061	0.6592	480.14	1	1	1	1	1	1	1	0
14.09.2015 02:45:42.435000	0.135	0.13294	0.147687	126.234	674.93	0.0016276	5	4	4	4	0.410848	319	62.2768	0	0	0	0.355404	126.041	0.65743	480.068	1	1	1	1	1	1	1	0
14.09.2015 02:45:42.535000	0.135	0.13294	0.147687	126.234	674.93	0.00144676	5	4	4	4	0.377866	319	62.2768	0	0	0	0.355917	126.018	0.655782	479.986	1	1	1	1	1	1	1	0
14.09.2015 02:45:42.635000	0.135	0.13294	0.147687	126.234	674.93	0.00108507	5	4	4	4	0.398889	319	62.2768	0	0	0	0.356836	126	0.65627	479.916	1	1	1	1	1	1	1	0
14.09.2015 02:45:42.735000	0.135	0.13294	0.147687	126.232	674.935	0	5	4	4	4	0.420105	319	62.2768	0	0	0	0.356416	125.983	0.65511	479.856	1	1	1	1	1	1	1	0
14.09.2015 02:45:42.835000	0.135	0.13294	0.147687	126.23	674.926	-0.000542535	5	4	4	4	0.422199	319	62.2768	0	0	0	0.356916	125.963	0.655782	479.775	1	1	1	1	1	1	1	0
14.09.2015 02:45:42.935000	0.135	0.13294	0.147687	126.229	674.94	-0.00470197	5	4	4	4	0.41309	319	62.2768	0	0	0	0.35714	125.943	0.657369	479.694	1	1	1	1	1	1	1	0
14.09.2015 02:45:43.035000	0.135	0.13294	0.147687	126.234	674.93	-0.00434028	5	4	4	4	0.393982	319	62.2768	0	0	0	0.356612	125.924	0.658284	479.618	1	1	1	1	1	1	1	0
14.09.2015 02:45:43.135000	0.135	0.13294	0.147687	126.229	674.94	-0.00434028	5	4	4	4	0.386948	319	62.2768	0	0	0	0.356641	125.902	0.656941	479.54	1	1	1	1	1	1	1	0
14.09.2015 02:45:43.235000	0.135	0.13294	0.147687	126.234	674.934	-0.00488281	5	4	4	4	0.387001	319	62.2768	0	0	0	0.356771	125.883	0.65743	479.464	1	1	1	1	1	1	1	0
14.09.2015 02:45:43.335000	0.135	0.13294	0.147687	126.232	674.951	-0.00614873	5	4	4	4	0.3805	319	62.2768	0	0	0	0.357639	125.862	0.657491	479.381	1	1	1	1	1	1	1	0
14.09.2015 02:45:43.435000	0.135	0.13294	0.147687	126.234	674.945	-0.00651042	5	4	4	4	0.398015	319	62.2768	0	0	0	0.356771	125.844	0.659444	479.306	1	1	1	1	1	1	1	0
14.09.2015 02:45:43.535000	0.135	0.13294	0.147687	126.234	674.945	-0.00759549	5	4	4	4	0.387726	319	62.2768	0	0	0	0.357639	125.825	0.65981	479.233	1	1	1	1	1	1	1	0
14.09.2015 02:45:43.635000	0.135	0.13294	0.147687	126.227	674.945	-0.00651042	5	4	4	4	0.385856	319	62.2768	0	0	0	0.357798	125.806	0.661153	479.155	1	1	1	1	1	1	1	0
14.09.2015 02:45:43.735000	0.135	0.13294	0.147687	126.234	674.961	-0.00831887	5	4	4	4	0.397637	319	62.2768	0	0	0	0.358348	125.784	0.661946	479.065	1	1	1	1	1	1	1	0
14.09.2015 02:45:43.835000	0.135	0.13294	0.147687	126.234	674.957	-0.00596788	5	4	4	4	0.377195	319	62.2768	0	0	0	0.357718	125.766	0.659322	479.008	1	1	1	1	1	1	1	0
14.09.2015 02:45:43.935000	0.135	0.13294	0.147687	126.232	674.961	-0.00651042	5	4	4	4	0.382337	319	62.2768	0	0	0	0.357559	125.747	0.661946	478.924	1	1	1	1	1	1	1	0
14.09.2015 02:45:44.035000	0.135	0.13294	0.147687	126.234	674.957	-0.00434028	5	4	4	4	0.376118	319	62.2768	0	0	0	0.358456	125.727	0.660543	478.853	1	1	1	1	1	1	1	0
14.09.2015 02:45:44.135000	0.135	0.13294	0.147687	126.234	674.961	-0.00470197	5	4	4	4	0.405868	319	62.2768	0	0	0	0.358492	125.71	0.659932	478.792	1	1	1	1	1	1	1	0
14.09.2015 02:45:44.235000	0.135	0.13294	0.147687	126.23	674.961	-0.00434028	5	4	4	4	0.39357	319	62.2768	0	0	0	0.358811	125.69	0.659627	478.718	1	1	1	1	1	1	1	0
14.09.2015 02:45:44.335000	0.135	0.13294	0.147687	126.234	674.961	-0.00180845	5	4	4	4	0.395642	319	62.2768	0	0	0	0.35952	125.67	0.658467	478.644	1	1	1	1	1	1	1	0
14.09.2015 02:45:44.435000	0.135	0.13294	0.147687	126.234	674.977	0	5	4	4	4	0.371357	319	62.2768	0	0	0	0.360547	125.652	0.657247	478.581	1	1	1	1	1	1	1	0
14.09.2015 02:45:44.535000	0.135	0.13294	0.147687	126.234	674.984	0.00180845	5	4	4	4	0.387509	319	62.2768	0	0	0	0.360453	125.632	0.659139	478.495	1	1	1	1	1	1	1	0
14.09.2015 02:45:44.635000	0.135	0.13294	0.147687	126.234	674.984	0.00108507	5	4	4	4	0.398048	319	62.2768	0	0	0	0.361191	125.613	0.660115	478.419	1	1	1	1	1	1	1	0
14.09.2015 02:45:44.735000	0.135	0.13294	0.147687	126.232	674.984	0.00072338	5	4	4	4	0.375998	319	62.2768	0	0	0	0.361415	125.595	0.660665	478.349	1	1	1	1	1	1	1	0
14.09.2015 02:45:44.835000	0.135	0.13294	0.147687	126.234	674.992	0.00325521	5	4	4	4	0.376699	319	62.2768	0	0	0	0.362254	125.58	0.664022	478.278	1	1	1	1	1	1	1	0
14.09.2015 02:45:44.935000	0.135	0.13294	0.147687	126.234	675	0.00325521	5	4	4	4	0.409284	319	62.2768	0	0	0	0.361191	125.563	0.665914	478.206	1	1	1	1	1	1	1	0
14.09.2015 02:45:45.035000	0.135	0.13294	0.147687	126.227	674.965	0.00542535	5	4	4	4	0.420015	319	62.2768	0	0	0	0.361321	125.548	0.671163	478.128	1	1	1	1	1	1	1	0
14.09.2015 02:45:45.135000	0.135	0.13294	0.147687	126.216	675.013	0.00506366	5	4	4	4	0.419735	319	62.2768	0	0	0	0.361191	125.528	0.674276	478.039	1	1	1	1	1	1	1	0
14.09.2015 02:45:45.235000	0.135	0.13294	0.147687	126.215	675	0.00379774	5	4	4	4	0.383029	319	62.2768	0	0	0	0.361321	125.508	0.671285	477.975	1	1	1	1	1	1	1	0
14.09.2015 02:45:45.335000	0.135	0.13294	0.147687	126.219	674.99	0.00289352	5	4	4	4	0.393592	319	62.2768	0	0	0	0.36148	125.493	0.675497	477.902	1	1	1	1	1	1	1	0
14.09.2015 02:45:45.435000	0.135	0.13294	0.147687	126.215	674.996	0.00379774	5	4	4	4	0.370249	319	62.2768	0	0	0	0.361032	125.471	0.679464	477.801	1	1	1	1	1	1	1	0
14.09.2015 02:45:45.535000	0.135	0.13294	0.147687	126.219	674.992	0.00470197	5	4	4	4	0.416002	319	62.2768	0	0	0	0.361704	125.452	0.683248	477.717	1	1	1	1	1	1	1	0
14.09.2015 02:45:45.635000	0.135	0.13294	0.147687	126.215	674.988	0.00488281	5	4	4	4	0.396792	319	62.2768	0	0	0	0.361466	125.435	0.682943	477.649	1	1	1	1	1	1	1	0
14.09.2015 02:45:45.735000	0.135	0.13294	0.147687	126.227	675.031	0.00397859	5	4	4	4	0.407876	319	62.2768	0	0	0	0.362203	125.415	0.68569	477.565	1	1	1	1	1	1	1	0
14.09.2015 02:45:45.835000	0.135	0.13294	0.147687	126.262	675.023	0.00542535	5	4	4	4	0.404337	319	62.2768	0	0	0	0.361914	125.438	0.682638	477.665	1	1	1	1	1	1	1	0
14.09.2015 02:45:45.935000	0.135	0.13294	0.147687	126.266	675.016	0.0036169	5	4	4	4	0.405279	319	62.2768	0	0	0	0.363137	125.384	0.680624	477.466	1	1	1	1	1	1	1	0
14.09.2015 02:45:46.035000	0.135	0.13294	0.147687	126.266	675.035	0.00325521	5	4	4	4	0.418254	319	62.2768	0	0	0	0.362189	125.227	0.681051	476.863	1	1	1	1	1	1	1	0
14.09.2015 02:45:46.135000	0.135	0.13294	0.147687	126.268	675.029	0.00325521	5	4	4	4	0.400657	319	62.2768	0	0	0	0.362189	125.365	0.680746	477.392	1	1	1	1	1	1	1	0
14.09.2015 02:45:46.235000	0.135	0.13294	0.147687	126.266	675.039	0.00379774	5	4	4	4	0.384765	319	62.2768	0	0	0	0.362138	125.333	0.679647	477.273	1	1	1	1	1	1	1	0
14.09.2015 02:45:46.335000	0.135	0.13294	0.147687	126.271	675.013	0.00180845	5	4	4	4	0.381527	319	62.2768	0	0	0	0.362399	125.313	0.678915	477.197	1	1	1	1	1	1	1	0
14.09.2015 02:45:46.435000	0.135	0.13294	0.147687	126.273	675.027	0.00108507	5	4	4	4	0.386477	319	62.2768	0	0	0	0.36169	125.295	0.679464	477.128	1	1	1	1	1	1	1	0
14.09.2015 02:45:46.535000	0.135	0.13294	0.147687	126.273	675.021	0.00108507	5	4	4	4	0.368599	319	62.2768	0	0	0	0.360438	125.274	0.678365	477.053	1	1	1	1	1	1	1	0
14.09.2015 02:45:46.635000	0.135	0.13294	0.147687	126.273	675.016	0.00108507	5	4	4	4	0.380528	319	62.2768	0	0	0	0.360098	125.258	0.67745	476.996	1	1	1	1	1	1	1	0
14.09.2015 02:45:46.735000	0.135	0.13294	0.147687	126.273	675.005	0.00108507	5	4	4	4	0.375781	319	62.2768	0	0	0	0.358782	125.239	0.679159	476.917	1	1	1	1	1	1	1	0
14.09.2015 02:45:46.835000	0.135	0.13294	0.147687	126.273	675.016	0.00108507	5	4	4	4	0.384914	319	62.2768	0	0	0	0.357914	125.222	0.679037	476.849	1	1	1	1	1	1	1	0
14.09.2015 02:45:46.935000	0.135	0.13294	0.147687	126.273	675.01	0.00108507	5	4	4	4	0.386652	319	62.2768	0	0	0	0.356113	125.207	0.678121	476.797	1	1	1	1	1	1	1	0
14.09.2015 02:45:47.035000	0.135	0.13294	0.147687	126.273	675.016	0.0016276	5	4	4	4	0.373778	319	62.2768	0	0	0	0.356481	125.186	0.676717	476.721	1	1	1	1	1	1	1	0
14.09.2015 02:45:47.135000	0.135	0.13294	0.147687	126.273	675.008	0.0016276	5	4	4	4	0.349537	319	62.2768	0	0	0	0.355691	125.174	0.676618	476.675	1	1	1	1	1	1	1	0
