Time	[76:0]	[76:1]	[76:2]	[76:4]	[76:8]	[76:70]	[76:71]	[78:0]	[78:1]	[78:2]	[79:2]	[79:3]	[79:4]	[79:8]	[79:9]	[79:10]	[79:11]	[79:12]	[79:13]	[79:14]	[79.0]	[79.1]	[79.2]	[79.3]	[79.4]	[79.5]	[79.6]	[79.8]
time	Hoogteverstelling - Referentie positie (mm)	Hoogteverstelling - AZ gemeten positie (mm)	Hoogteverstelling - BZ gemeten positie (mm)	Transfert Ingang - Gemeten positie (mm)	Transfert Uitgang - Gemeten positie (mm)	Aardgas - actueel debiet	Stappenschakelaar - gemeten pos	Laspos Ing - positie discreet	Laspos Uitg - positie discreet	Schaafverstelling - positie discreet	Stuikraam - Totale Stroommeting RMS-waarde (A)	Stuikraam - Stroomreferentie (A)	Stuikraam - Positie AZ (mm, pulsgever)	Stuikraam - Referentie Servo-ventiel (%)	Stuikraam - Trim door I-regelaar (%)	Stuikraam - Gemeten snelheid (mm/s, pulsgever)	Secundaire lasspanning	Stuikraam - Druk stuikcilinder voorkamer (=laszijde)  (bar)	Stuikraam - Druk stuikcilinder terugloopkamer  (bar)	Stuikraam - Netto voorwaartse kracht op stuikraam (kN)	Stuikraam - P1	Stuikraam - P2	Stuikraam - P3	Stuikraam - P4	Stuikraam - P5	Stuikraam - P6	Stuikraam - P7	Stuikraam - Openen stuikventielen	

Lasparameter.Ingang - Coil ID	0403251S
Lasparameter.Ingang - Dikte (um)	3440
Lasparameter.Ingang - Breedte (mm)	1220
Lasparameter.Ingang - Materiaal	0002
Lasparameter.Uitgang - Coil ID	0403250S
Lasparameter.Uitgang - Dikte (um)	3440
Lasparameter.Uitgang - Breedte (mm)	1220
Lasparameter.Uitgang - Materiaal	0002
Lasparameter.P2 (mm)	32.0
Lasparameter.P3 (mm)	42.0
Lasparameter.P4 (mm)	50.3
Lasparameter.P5 (mm)	56.5
Lasparameter.P6 (mm)	62.1
Lasparameter.P7 (mm)	66.3
Lasparameter.Vonksnelheid (mm/s)	1.20
Lasparameter.Lassnelheid (mm/s)	0.48
Lasparameter.Stroom Referentie (A)	0263
Lasparameter.Stroomtoename (µA/s2)	63.7
Lasparameter.Stuikstroomtijd (per)	0008
Lasparameter.Afkoeltijd Stuik (per)	0104
Lasparameter.Stuikdruk (bar)	0101
Lasparameter.Stuiksnelheid (%)	90.0

12.10.2015 14:31:37.580000	0	-0.00856298	-0.00848225	-0.046875	-668.055	0.00108507	6	3	3	3	0.290589	263	0	0	0	0	0.337818	4.61135	129.664	-478.802	1	0	0	0	0	0	0	0
12.10.2015 14:31:37.680000	0	-0.00856298	-0.00848225	-0.046875	-668.055	0.00108507	6	3	3	3	0.281076	263	0	0	0	0	0.337276	4.58571	129.638	-478.799	1	0	0	0	0	0	0	0
12.10.2015 14:31:37.780000	0	-0.00856298	-0.00848225	-0.046875	-668.055	0.00542535	6	3	3	3	0.278433	263	0	0	0	0	0.338361	4.71603	129.62	-478.234	1	0	0	0	0	0	0	0
12.10.2015 14:31:37.880000	0	-0.00856298	-0.00848225	-0.046875	-668.055	0.00379774	6	3	3	3	0.288247	263	0	0	0	0	0.337565	4.90884	129.601	-477.423	1	0	0	0	0	0	0	0
12.10.2015 14:31:37.980000	0	-0.00856298	-0.00848225	-0.0494792	-668.057	0.00289352	6	3	3	3	0.269775	263	0	0	0	0	0.338252	7.83947	129.723	-466.668	1	0	0	0	0	0	0	0
12.10.2015 14:31:38.080000	0	-0.00856298	-0.00848225	-0.0625	-668.047	0.00379774	6	3	3	3	0.286364	263	0	0	0	0	0.338252	2.89615	129.546	-484.916	1	0	0	0	0	0	0	0
12.10.2015 14:31:38.180000	0	-0.00856298	-0.00848225	-0.0572917	-668.068	0.00614873	6	3	3	3	0.289493	263	0	0	0	0	0.338361	2.57503	129.5	-485.972	1	0	0	0	0	0	0	0
12.10.2015 14:31:38.280000	0	-0.00856298	-0.00848225	-0.0507813	-668.059	0.00596788	6	3	3	3	0.285779	263	0	0	0	0	0.338433	4.08826	129.514	-480.229	1	0	0	0	0	0	0	0
12.10.2015 14:31:38.380000	0	-0.00856298	-0.00848225	-0.046875	-668.06	0.00289352	6	3	3	3	0.284643	263	0	0	0	0	0.338071	4.80551	129.515	-477.489	1	0	0	0	0	0	0	0
12.10.2015 14:31:38.480000	0	-0.00856298	-0.00848225	-0.0507813	-668.055	0.00108507	6	3	3	3	0.288934	263	0	0	0	0	0.338144	4.64913	129.489	-477.986	1	0	0	0	0	0	0	0
12.10.2015 14:31:38.580000	0	-0.00856298	-0.00848225	-0.03125	-668.055	0.00072338	6	3	3	3	0.29252	263	0	0	0	0	0.338071	3.91314	129.448	-480.65	1	0	0	0	0	0	0	0
12.10.2015 14:31:38.680000	0	-0.00856298	-0.00848225	0	-668.055	0.000542535	6	3	3	3	0.289107	263	0	0	0	0	0.338397	5.00491	129.461	-476.518	1	0	0	0	0	0	0	0
12.10.2015 14:31:38.780000	0	-0.00856298	-0.00848225	0	-668.055	-0.00397859	6	3	3	3	0.302958	263	0	0	0	0	0.337637	4.92654	129.44	-476.735	1	0	0	0	0	0	0	0
12.10.2015 14:31:38.880000	0	-0.00856298	-0.00848225	0.00390625	-668.047	-0.00434028	6	3	3	3	0.291105	263	0	0	0	0	0.337963	5.44932	129.447	-474.761	1	0	0	0	0	0	0	0
12.10.2015 14:31:38.980000	0	-0.00856298	-0.00848225	0.00260417	-668.052	-0.00289352	6	3	3	3	0.272817	263	0	0	0	0	0.337276	4.19233	129.385	-479.336	1	0	0	0	0	0	0	0
12.10.2015 14:31:39.080000	0	-0.00856298	-0.00848225	0.00390625	-668.055	-0.000542535	6	3	3	3	0.26845	263	0	0	0	0	0.337782	4.05432	129.365	-479.791	1	0	0	0	0	0	0	0
12.10.2015 14:31:39.180000	0	-0.00856298	-0.00848225	0.00520833	-668.049	-0.00036169	6	3	3	3	0.285767	263	0	0	0	0	0.337457	5.06058	129.355	-475.898	1	0	0	0	0	0	0	0
12.10.2015 14:31:39.280000	0	-0.00856298	-0.00848225	0	-668.051	0.00108507	6	3	3	3	0.273389	263	0	0	0	0	0.336986	7.25871	129.431	-467.771	1	0	0	0	0	0	0	0
12.10.2015 14:31:39.380000	0	-0.00856298	-0.00848225	0	-668.047	0.00253183	6	3	3	3	0.302009	263	0	0	0	0	0.337023	2.8005	129.251	-484.153	1	0	0	0	0	0	0	0
12.10.2015 14:31:39.480000	0	-0.00856298	-0.00848225	0	-668.039	0.00379774	6	3	3	3	0.277795	263	0	0	0	0	0.337457	3.81365	129.241	-480.237	1	0	0	0	0	0	0	0
12.10.2015 14:31:39.580000	0	-0.00856298	-0.00848225	0.0078125	-668.047	0.00506366	6	3	3	3	0.278174	263	0	0	0	0	0.337131	4.29347	129.211	-478.286	1	0	0	0	0	0	0	0
12.10.2015 14:31:39.680000	0	-0.00856298	-0.00848225	0.0117188	-668.047	0.00325521	6	3	3	3	0.282152	263	0	0	0	0	0.337131	6.65883	129.32	-469.645	1	0	0	0	0	0	0	0
12.10.2015 14:31:39.780000	0	-0.00856298	-0.00848225	0.0130208	-668.047	0.00289352	6	3	3	3	0.269195	263	0	0	0	0	0.338759	6.14814	129.283	-471.46	1	0	0	0	0	0	0	0
12.10.2015 14:31:39.880000	0	-0.00856298	-0.00848225	0.015625	-668.043	0.00325521	6	3	3	3	0.276098	263	0	0	0	0	0.33941	5.07052	129.235	-475.381	1	0	0	0	0	0	0	0
12.10.2015 14:31:39.980000	0	-0.00856298	-0.00848225	0.015625	-668.042	0.00434028	6	3	3	3	0.266416	263	0	0	0	0	0.342159	5.78281	129.24	-472.691	1	0	0	0	0	0	0	0
12.10.2015 14:31:40.080000	0	-0.00856298	-0.00848225	0.015625	-668.039	0.00705295	6	3	3	3	0.280487	263	0	0	0	0	0.34252	5.789	129.211	-472.556	1	0	0	0	0	0	0	0
12.10.2015 14:31:40.180000	0	-0.00856298	-0.00848225	0.0208333	-668.039	0.00831887	6	3	3	3	0.288612	263	0	0	0	0	0.343417	4.91	129.16	-475.728	1	0	0	0	0	0	0	0
12.10.2015 14:31:40.280000	0	-0.00856298	-0.00848225	0	-668.047	0.00813802	6	3	3	3	0.279349	263	0	0	0	0	0.343258	2.82009	129.078	-483.418	1	0	0	0	0	0	0	0
12.10.2015 14:31:40.380000	0	-0.00856298	-0.00848225	0.114583	-668.044	0.00651042	6	3	3	3	0.268604	263	0	0	0	0	0.344329	4.12146	129.073	-478.415	1	0	0	0	0	0	0	0
12.10.2015 14:31:40.480000	0	-0.00856298	-0.00848225	0.511719	-668.051	0.00651042	6	3	3	3	0.258433	263	0	0	0	0	0.344994	4.53627	129.064	-476.792	1	0	0	0	0	0	0	0
12.10.2015 14:31:40.580000	0	-0.00856298	-0.00848225	2.91927	-668.047	0.00687211	6	3	3	3	0.263389	263	0	0	0	0	0.345587	4.91275	129.05	-475.298	1	0	0	0	0	0	0	0
12.10.2015 14:31:40.680000	0	-0.00856298	-0.00848225	14.6641	-668.047	0.00596788	6	3	3	3	0.276154	263	0	0	0	0	0.346007	4.01721	129.011	-478.574	1	0	0	0	0	0	0	0
12.10.2015 14:31:40.780000	0	-0.00856298	-0.00848225	35.8177	-668.049	0.00542535	6	3	3	3	0.292352	263	0	0	0	0	0.345544	4.87442	129.006	-475.276	1	0	0	0	0	0	0	0
12.10.2015 14:31:40.880000	0	-0.00856298	-0.00848225	63.3164	-668.047	0.00434028	6	3	3	3	0.294493	263	0	0	0	0	0.345631	4.84152	128.982	-475.31	1	0	0	0	0	0	0	0
12.10.2015 14:31:40.980000	0	-0.00856298	-0.00848225	89.7865	-668.047	0.00651042	6	3	3	3	0.272482	263	0	0	0	0	0.344097	4.37825	128.953	-476.971	1	0	0	0	0	0	0	0
12.10.2015 14:31:41.080000	0	-0.00856298	-0.00848225	120.848	-668.051	0.0108507	6	3	3	3	0.260009	263	0	0	0	0	0.343808	4.85726	128.937	-475.078	1	0	0	0	0	0	0	0
12.10.2015 14:31:41.180000	0	-0.00856298	-0.00848225	167.854	-668.047	0.0137442	6	3	3	3	0.253435	263	0	0	0	0	0.341681	4.97061	128.921	-474.582	1	0	0	0	0	0	0	0
12.10.2015 14:31:41.280000	0	-0.00856298	-0.00848225	214.125	-668.051	0.015191	6	3	3	3	0.274698	263	0	0	0	0	0.341348	4.71047	128.893	-475.468	1	0	0	0	0	0	0	0
12.10.2015 14:31:41.380000	0	-0.00856298	-0.00848225	256.427	-668.052	0.0137442	6	3	3	3	0.293114	263	0	0	0	0	0.339034	4.64907	128.869	-475.614	1	0	0	0	0	0	0	0
12.10.2015 14:31:41.480000	0	-0.00856298	-0.00848225	299.051	-668.055	0.0135634	6	3	3	3	0.266483	263	0	0	0	0	0.338252	4.8558	128.848	-474.742	1	0	0	0	0	0	0	0
12.10.2015 14:31:41.580000	0	-0.00856298	-0.00848225	357.82	-668.055	0.0144676	6	3	3	3	0.257544	263	0	0	0	0	0.339207	4.72427	128.823	-475.149	1	0	0	0	0	0	0	0
12.10.2015 14:31:41.680000	0	-0.00856298	-0.00848225	400.074	-668.055	0.0157335	6	3	3	3	0.27252	263	0	0	0	0	0.340278	4.68783	128.801	-475.204	1	0	0	0	0	0	0	0
12.10.2015 14:31:41.780000	0	-0.00856298	-0.00848225	442.273	-668.055	0.0173611	6	3	3	3	0.278784	263	0	0	0	0	0.340842	4.82693	128.781	-474.596	1	0	0	0	0	0	0	0
12.10.2015 14:31:41.880000	0	-0.00856298	-0.00848225	484.758	-668.055	0.0184462	6	3	3	3	0.286705	263	0	0	0	0	0.342202	4.74062	128.758	-474.838	1	0	0	0	0	0	0	0
12.10.2015 14:31:41.980000	0	-0.00856298	-0.00848225	543.872	-668.055	0.0144676	6	3	3	3	0.272681	263	0	0	0	0	0.343837	4.72921	128.736	-474.799	1	0	0	0	0	0	0	0
12.10.2015 14:31:42.080000	0	-0.00856298	-0.00848225	585.715	-668.055	0.0124783	6	3	3	3	0.273298	263	0	0	0	0	0.344705	4.68404	128.714	-474.884	1	0	0	0	0	0	0	0
12.10.2015 14:31:42.180000	0	-0.00856298	-0.00848225	620.352	-668.055	0.00940393	6	3	3	3	0.263379	263	0	0	0	0	0.346918	4.47365	128.686	-475.585	1	0	0	0	0	0	0	0
12.10.2015 14:31:42.280000	0	-0.00856298	-0.00848225	652.488	-668.055	0.00813802	6	3	3	3	0.272369	263	0	0	0	0	0.34741	4.51711	128.664	-475.333	1	0	0	0	0	0	0	0
12.10.2015 14:31:42.380000	0	-0.00856298	-0.00848225	676.286	-668.055	0.00614873	6	3	3	3	0.280201	263	0	0	0	0	0.349146	4.57064	128.643	-475.047	1	0	0	0	0	0	0	0
12.10.2015 14:31:42.480000	0	-0.00856298	-0.00848225	690.805	-668.055	0.00542535	6	3	3	3	0.27259	263	0	0	0	0	0.34919	4.46803	128.632	-475.399	1	0	0	0	0	0	0	0
12.10.2015 14:31:42.580000	0	-0.00856298	-0.00848225	700.258	-668.055	0.00325521	6	3	3	3	0.29223	263	0	0	0	0	0.350839	4.44288	128.767	-476.011	1	0	0	0	0	0	0	0
12.10.2015 14:31:42.680000	0	-0.00856298	-0.00848225	706.07	-668.055	0.00217014	6	3	3	3	0.288792	263	0	0	0	0	0.351215	4.3979	128.869	-476.574	1	0	0	0	0	0	0	0
12.10.2015 14:31:42.780000	0	-0.00856298	-0.00848225	706.953	-668.057	0	6	3	3	3	0.279623	263	0	0	0	0	0.352098	4.42128	128.996	-476.973	1	0	0	0	0	0	0	0
12.10.2015 14:31:42.880000	0	-0.00856298	-0.00848225	707.258	-668.059	0.00217014	6	3	3	3	0.261035	263	0	0	0	0	0.352561	4.472	129.17	-477.443	1	0	0	0	0	0	0	0
12.10.2015 14:31:42.980000	0	-0.00856298	-0.00848225	707.258	-668.055	0.00397859	6	3	3	3	0.286034	263	0	0	0	0	0.353255	4.49507	129.422	-478.319	1	0	0	0	0	0	0	0
12.10.2015 14:31:43.080000	0	-0.00856298	-0.00848225	707.258	-668.059	0.00325521	6	3	3	3	0.272396	263	0	0	0	0	0.353964	4.73342	130.506	-481.559	1	0	0	0	0	0	0	0
12.10.2015 14:31:43.180000	0	-0.00856298	-0.00848225	707.258	-668.055	0.00144676	6	3	3	3	0.278757	263	0	0	0	0	0.353979	5.18326	130.718	-480.649	1	0	0	0	0	0	0	0
12.10.2015 14:31:43.280000	0	-0.00856298	-0.00848225	707.258	-668.055	0.00325521	6	3	3	3	0.286998	263	0	0	0	0	0.354933	4.47029	130.68	-483.233	1	0	0	0	0	0	0	0
12.10.2015 14:31:43.380000	0	-0.00856298	-0.00848225	707.258	-668.057	0.00904225	6	3	3	3	0.285172	263	0	0	0	0	0.353979	4.40632	130.756	-483.766	1	0	0	0	0	0	0	0
12.10.2015 14:31:43.480000	0	-0.00856298	-0.00848225	707.258	-668.063	0.00596788	6	3	3	3	0.288502	263	0	0	0	0	0.353313	4.82272	131.069	-483.372	1	0	0	0	0	0	0	0
12.10.2015 14:31:43.580000	0	-0.00856298	-0.00848225	707.258	-668.063	0.0072338	6	3	3	3	0.281026	263	0	0	0	0	0.351085	4.49568	131.256	-485.34	1	0	0	0	0	0	0	0
12.10.2015 14:31:43.680000	0	-0.00856298	-0.00848225	707.258	-668.059	0.00596788	6	3	3	3	0.285204	263	0	0	0	0	0.350174	4.50954	131.256	-485.288	1	0	0	0	0	0	0	0
12.10.2015 14:31:43.780000	0	-0.00856298	-0.00848225	707.258	-668.065	0.00470197	6	3	3	3	0.256244	263	0	0	0	0	0.34958	4.73232	131.499	-485.364	1	0	0	0	0	0	0	0
12.10.2015 14:31:43.880000	0	-0.00856298	-0.00848225	707.258	-668.063	0.00542535	6	3	3	3	0.282998	263	0	0	0	0	0.34945	4.60866	132.015	-487.813	1	0	0	0	0	0	0	0
12.10.2015 14:31:43.980000	0	-0.00856298	-0.00848225	707.258	-668.065	0.00434028	6	3	3	3	0.269499	263	0	0	0	0	0.349334	4.5757	131.878	-487.413	1	0	0	0	0	0	0	0
12.10.2015 14:31:44.080000	0	-0.00856298	-0.00848225	707.258	-668.063	0.00217014	6	3	3	3	0.283595	263	0	0	0	0	0.350203	4.60305	131.911	-487.437	1	0	0	0	0	0	0	0
12.10.2015 14:31:44.180000	0	-0.00856298	-0.00848225	707.258	-668.065	0.00108507	6	3	3	3	0.289487	263	0	0	0	0	0.352228	4.62178	131.904	-487.339	1	0	0	0	0	0	0	0
12.10.2015 14:31:44.280000	0	-0.00856298	-0.00848225	707.258	-668.066	0	6	3	3	3	0.302379	263	0	0	0	0	0.353096	4.60573	131.938	-487.529	1	0	0	0	0	0	0	0
12.10.2015 14:31:44.380000	0	-0.00856298	-0.00848225	707.258	-668.063	0.00217014	6	3	3	3	0.292457	263	0	0	0	0	0.355599	4.60292	131.975	-487.683	1	0	0	0	0	0	0	0
12.10.2015 14:31:44.480000	0	-0.00856298	-0.00848225	707.266	-668.063	0.00108507	6	3	3	3	0.285062	263	0	0	0	0	0.358001	4.16926	131.95	-489.248	1	0	0	0	0	0	0	0
12.10.2015 14:31:44.580000	0	-0.00856298	-0.00848225	707.266	-668.07	0.00108507	6	3	3	3	0.279001	263	0	0	0	0	0.360909	4.12641	131.957	-489.437	1	0	0	0	0	0	0	0
12.10.2015 14:31:44.680000	0	-0.00856298	-0.00848225	707.266	-668.074	0.00108507	6	3	3	3	0.296683	263	0	0	0	0	0.362529	4.48054	131.056	-484.633	1	0	0	0	0	0	0	0
12.10.2015 14:31:44.780000	0	-0.00856298	-0.00848225	707.266	-668.07	0.00072338	6	3	3	3	0.290058	263	0	0	0	0	0.366508	5.89264	132.712	-485.566	1	0	0	0	0	0	0	0
12.10.2015 14:31:44.880000	0	-0.00856298	-0.00848225	707.277	-668.063	0.0016276	6	3	3	3	0.302716	263	0	0	0	0	0.368374	4.95572	131.549	-484.698	1	0	0	0	0	0	0	0
12.10.2015 14:31:44.980000	0	-0.00856298	-0.00848225	707.281	-668.07	0.0036169	6	3	3	3	0.281742	263	0	0	0	0	0.370124	4.81582	131.602	-485.44	1	0	0	0	0	0	0	0
12.10.2015 14:31:45.080000	0	-0.00856298	-0.00848225	707.281	-668.07	0.00217014	6	3	3	3	0.277873	263	0	0	0	0	0.371658	5.04672	132.308	-487.26	1	0	0	0	0	0	0	0
12.10.2015 14:31:45.180000	0	-0.00856298	-0.00848225	707.281	-668.07	0.00180845	6	3	3	3	0.279997	263	0	0	0	0	0.371586	5.09354	131.049	-482.26	1	0	0	0	0	0	0	0
12.10.2015 14:31:45.280000	0	-0.00856298	-0.00848225	707.281	-668.07	0.000542535	6	3	3	3	0.278984	263	0	0	0	0	0.370674	4.87094	131.132	-483.428	1	0	0	0	0	0	0	0
12.10.2015 14:31:45.380000	0	-0.00856298	-0.00848225	707.281	-668.07	0.00072338	6	3	3	3	0.275877	263	0	0	0	0	0.367593	4.93893	131.36	-484.04	1	0	0	0	0	0	0	0
12.10.2015 14:31:45.480000	0	-0.00856298	-0.00848225	707.281	-668.07	0.0016276	6	3	3	3	0.28801	263	0	0	0	0	0.362992	5.15543	130.717	-480.75	1	0	0	0	0	0	0	0
12.10.2015 14:31:45.580000	0	-0.00856298	-0.00848225	707.276	-668.07	0.00651042	6	3	3	3	0.289565	263	0	0	0	0	0.357176	4.91568	130.872	-482.261	1	0	0	0	0	0	0	0
12.10.2015 14:31:45.680000	0	-0.00856298	-0.00848225	707.281	-668.07	0.00705295	6	3	3	3	0.283518	263	0	0	0	0	0.353197	4.9335	130.594	-481.131	1	0	0	0	0	0	0	0
12.10.2015 14:31:45.780000	0	-0.00856298	-0.00848225	707.279	-668.07	0.00868056	6	3	3	3	0.281546	263	0	0	0	0	0.347584	4.81344	130.574	-481.513	1	0	0	0	0	0	0	0
12.10.2015 14:31:45.880000	0	-0.00856298	-0.00848225	707.281	-668.07	0.00868056	6	3	3	3	0.28203	263	0	0	0	0	0.341826	4.17396	130.821	-484.907	1	0	0	0	0	0	0	0
12.10.2015 14:31:45.980000	0	-0.00856298	-0.00848225	707.279	-668.07	0.0119358	6	3	3	3	0.26715	263	0	0	0	0	0.337153	9.62462	122.53	-432.291	1	0	0	0	0	0	0	0
12.10.2015 14:31:46.080000	0	-0.00856298	-0.00848225	707.141	-668.07	0.0141059	6	3	3	3	0.283747	263	0.272088	0	0	5.96531	0.333999	89.1456	98.0199	-33.9779	1	0	0	0	0	0	0	0
12.10.2015 14:31:46.180000	0	-0.00856298	-0.00848225	704.617	-668.06	0.0155527	6	3	3	3	0.293224	263	2.91487	0	0	34.34	0.329731	115.283	87.2202	107.446	1	0	0	0	0	0	0	0
12.10.2015 14:31:46.280000	0	-0.00856298	-0.00848225	693.039	-668.07	0.016276	6	3	3	3	0.300813	263	6.38238	0	0	34.8409	0.326172	118.586	91.3634	104.231	1	0	0	0	0	0	0	0
12.10.2015 14:31:46.380000	0	-0.00856298	-0.00848225	669.219	-668.07	0.0169994	6	3	3	3	0.291874	263	9.81805	0	0	34.6345	0.324609	118.869	92.5206	100.884	1	0	0	0	0	0	0	0
12.10.2015 14:31:46.480000	0	-0.00856298	-0.00848225	649.613	-668.07	0.0168186	6	3	3	3	0.28612	263	13.2502	0	0	34.5514	0.322164	121.359	95.1847	100.217	1	0	0	0	0	0	0	0
12.10.2015 14:31:46.580000	0	-0.00856298	-0.00848225	624.815	-668.07	0.0184462	6	3	3	3	0.28024	263	16.6213	0	0	33.9857	0.320804	121.484	94.7802	102.243	1	0	0	0	0	0	0	0
12.10.2015 14:31:46.680000	0	-0.00856298	-0.00848225	589.645	-668.07	0.0179036	6	3	3	3	0.260627	263	20.0355	0	0	34.2907	0.319444	122.524	96.4718	99.75	1	0	0	0	0	0	0	0
12.10.2015 14:31:46.780000	0	-0.00856298	-0.00848225	549.513	-668.07	0.0191696	6	3	3	3	0.265541	263	23.4419	0	0	34.2472	0.319835	123.26	97.2771	99.4831	1	0	0	0	0	0	0	0
12.10.2015 14:31:46.880000	0	-0.00856298	-0.00848225	512.539	-668.07	0.0211589	6	3	3	3	0.289042	263	26.8412	0	0	34.0319	0.31943	124.12	98.2019	99.2364	1	0	0	0	0	0	0	0
12.10.2015 14:31:46.980000	0	-0.00856298	-0.00848225	473.049	-668.073	0.0188079	6	3	3	3	0.256099	263	30.2286	0	0	34.2497	0.320992	124.746	98.7642	99.4794	1	0	0	0	0	0	0	0
12.10.2015 14:31:47.080000	0	-0.00856298	-0.00848225	420.074	-668.078	0.0173611	6	3	3	3	0.286026	263	34.103	43.5	0	46.5901	0.320833	116.409	87.5185	110.616	1	0.98	0	0	0	0	0	0
12.10.2015 14:31:47.180000	0	-0.00856298	-0.00848225	384.37	-668.078	0.0159144	6	3	3	3	0.271681	263	38.2659	50	0	31.5684	0.321528	103.589	84.5748	72.8022	1	1	0	0	0	0	0	0
12.10.2015 14:31:47.280000	0	-0.00856298	-0.00848225	350.59	-668.086	0.0130208	6	3	3	3	0.277462	263	39.9298	45.1491	0	12.5999	0.321369	76.4425	52.0652	93.3357	1	1	0	0	0	0	0	0
12.10.2015 14:31:47.380000	0	-0.00856298	-0.00848225	319.104	-668.117	0.0126591	6	3	3	3	0.272996	263	40.9744	35.1502	0	9.45381	0.320515	57.4501	33.1737	92.9494	1	1	0	0	0	0	0	0
12.10.2015 14:31:47.480000	0	-0.00856298	-0.00848225	277.883	-668.102	0.0124783	6	3	3	3	0.277617	263	41.7245	25.1502	0	7.38017	0.320602	50.2255	26.0963	92.3859	1	1	0	0	0	0	0	0
12.10.2015 14:31:47.580000	0	-0.00856298	-0.00848225	250.469	-668.109	0.0119358	6	3	3	3	51.9466	263	42.1816	9.84853	0	5.2409	0.319256	46.2863	22.4079	91.4259	1	1	1	0	0	0	0	0
12.10.2015 14:31:47.680000	0	-0.00856298	-0.00848225	225.168	-668.109	0.0124783	6	3	3	3	87.6951	263	42.3308	5.59975	0	2.99936	5.74068	45.6074	20.8336	94.8538	1	1	1	0	0	0	0	0
12.10.2015 14:31:47.780000	0	-0.00856298	-0.00848225	200.505	-668.109	0.0130208	6	3	3	3	87.8739	263	42.4651	5.59975	0	2.02216	10.653	45.1326	20.3781	94.7799	1	1	1	0	0	0	0	0
12.10.2015 14:31:47.880000	0	-0.00856298	-0.00848225	175.121	-668.109	0.0103082	6	3	3	3	87.9031	263	42.5895	5.59975	0	1.45892	11.4516	44.752	20.0699	94.5025	1	1	1	0	0	0	0	0
12.10.2015 14:31:47.980000	0	-0.00856298	-0.00848225	157.456	-668.112	0.00795718	6	3	3	3	88.0713	263	42.7223	5.59975	0	1.35164	11.7043	44.4012	19.8055	94.1719	1	1	1	0	0	0	0	0
12.10.2015 14:31:48.080000	0	-0.00856298	-0.00848225	144.406	-668.117	0.00651042	6	3	3	3	88.196	263	42.8407	5.59975	0	1.24233	11.789	44.1348	19.4956	94.3385	1	1	1	0	0	0	0	0
12.10.2015 14:31:48.180000	0	-0.00856298	-0.00848225	134.07	-668.117	0.00542535	6	3	3	3	88.114	263	42.9675	5.59975	0	1.21328	11.8126	43.9453	19.2672	94.4874	1	1	1	0	0	0	0	0
12.10.2015 14:31:48.280000	0	-0.00856298	-0.00848225	127.586	-668.117	0.00488281	6	3	3	3	88.0677	263	43.0844	5.59975	0	1.24797	11.8237	43.7913	19.1603	94.3072	1	1	1	0	0	0	0	0
12.10.2015 14:31:48.380000	0	-0.00856298	-0.00848225	124.456	-668.12	0.00289352	6	3	3	3	88.2148	263	43.2113	5.59975	0	1.25611	11.8279	43.6384	19.1395	93.8012	1	1	1	0	0	0	0	0
12.10.2015 14:31:48.480000	0	-0.00856298	-0.00848225	125.043	-668.117	0.00325521	6	3	3	3	88.2965	263	43.3292	5.59975	0	1.21951	11.838	43.5804	18.9893	94.1541	1	1	1	0	0	0	0	0
12.10.2015 14:31:48.580000	0	-0.00856298	-0.00848225	126.516	-668.125	0.00397859	6	3	3	3	88.2928	263	43.452	5.59975	0	1.20731	11.8422	43.5357	18.879	94.4056	1	1	1	0	0	0	0	0
12.10.2015 14:31:48.680000	0	-0.00856298	-0.00848225	126.574	-668.125	0.00488281	6	3	3	3	88.2261	263	43.5719	5.59975	0	1.20342	11.8496	43.4995	18.8066	94.5441	1	1	1	0	0	0	0	0
12.10.2015 14:31:48.780000	0	-0.00856298	-0.00848225	126.609	-668.125	0.00542535	6	3	3	3	88.2202	263	43.6928	5.59975	0	1.20159	11.8497	43.4682	18.7959	94.4656	1	1	1	0	0	0	0	0
12.10.2015 14:31:48.880000	0	-0.00856298	-0.00848225	126.609	-668.125	0.00596788	6	3	3	3	88.1954	263	43.8171	5.59975	0	1.21286	11.8619	43.4461	18.7844	94.4245	1	1	1	0	0	0	0	0
12.10.2015 14:31:48.980000	0	-0.00856298	-0.00848225	126.609	-668.125	0.00578704	6	3	3	3	88.1779	263	43.934	5.59975	0	1.2192	11.8679	43.4371	18.7582	94.4906	1	1	1	0	0	0	0	0
12.10.2015 14:31:49.080000	0	-0.00856298	-0.00848225	126.609	-668.125	0.00542535	6	3	3	3	88.1131	263	44.0609	5.59975	0	1.21563	11.8702	43.4383	18.7517	94.5203	1	1	1	0	0	0	0	0
12.10.2015 14:31:49.180000	0	-0.00856298	-0.00848225	126.609	-668.133	0.0036169	6	3	3	3	87.9709	263	44.1768	5.59975	0	1.21316	11.8635	43.446	18.7518	94.5493	1	1	1	0	0	0	0	0
12.10.2015 14:31:49.280000	0	-0.00856298	-0.00848225	126.609	-668.137	0.00217014	6	3	3	3	88.165	263	44.3016	5.59975	0	1.21313	11.8639	43.4474	18.7534	94.5481	1	1	1	0	0	0	0	0
12.10.2015 14:31:49.380000	0	-0.00856298	-0.00848225	126.609	-668.141	0.00108507	6	3	3	3	88.0319	263	44.4215	5.59975	0	1.21311	11.8712	43.4557	18.7575	94.5645	1	1	1	0	0	0	0	0
12.10.2015 14:31:49.480000	0	-0.00856298	-0.00848225	126.609	-668.141	0.000542535	6	3	3	3	88.2315	263	44.5394	5.59975	0	1.21316	11.8713	43.4739	18.7548	94.6444	1	1	1	0	0	0	0	0
12.10.2015 14:31:49.580000	0	-0.00856298	-0.00848225	126.609	-668.141	0.00180845	6	3	3	3	88.2216	263	44.6612	5.59975	0	1.21321	11.8768	43.4867	18.7637	94.6594	1	1	1	0	0	0	0	0
12.10.2015 14:31:49.680000	0	-0.00856298	-0.00848225	126.609	-668.141	0.00434028	6	3	3	3	88.2206	263	44.7757	5.59975	0	1.20196	11.8792	43.4888	18.7576	94.6909	1	1	1	0	0	0	0	0
12.10.2015 14:31:49.780000	0	-0.00856298	-0.00848225	126.609	-668.141	0.00108507	6	3	3	3	88.2618	263	44.9005	5.59975	0	1.18436	11.8694	43.4929	18.7732	94.647	1	1	1	0	0	0	0	0
12.10.2015 14:31:49.880000	0	-0.00856298	-0.00848225	126.609	-668.141	-0.00108507	6	3	3	3	88.3862	263	45.0174	5.59975	0	1.18787	11.8635	43.5018	18.767	94.7047	1	1	1	0	0	0	0	0
12.10.2015 14:31:49.980000	0	-0.00856298	-0.00848225	126.609	-668.141	0.00036169	6	3	3	3	88.6018	263	45.1393	5.59975	0	1.19568	11.8672	43.5094	18.7762	94.6984	1	1	1	0	0	0	0	0
12.10.2015 14:31:50.080000	0	-0.00856298	-0.00848225	126.609	-668.141	0.00108507	6	3	3	3	88.531	263	45.2631	5.59975	0	1.20024	11.8645	43.5276	18.7776	94.7629	1	1	1	0	0	0	0	0
12.10.2015 14:31:50.180000	0	-0.00856298	-0.00848225	126.609	-668.141	0.00072338	6	3	3	3	88.5939	263	45.383	5.59975	0	1.21323	11.8677	43.5301	18.7879	94.733	1	1	1	0	0	0	0	0
12.10.2015 14:31:50.280000	0	-0.00856298	-0.00848225	126.609	-668.141	0.00108507	6	3	3	3	88.5974	263	45.5084	5.59975	0	1.21755	11.8666	43.545	18.7962	94.7582	1	1	1	0	0	0	0	0
12.10.2015 14:31:50.380000	0	-0.00856298	-0.00848225	126.609	-668.141	0.00108507	6	3	3	3	88.4543	263	45.6262	5.59975	0	1.23121	11.8692	43.5569	18.8043	94.7725	1	1	1	0	0	0	0	0
12.10.2015 14:31:50.480000	0	-0.00856298	-0.00848225	126.609	-668.141	0.000542535	6	3	3	3	88.3629	263	45.7526	5.59975	0	1.22878	11.8647	43.5647	18.8147	94.7643	1	1	1	0	0	0	0	0
12.10.2015 14:31:50.580000	0	-0.00856298	-0.00848225	126.609	-668.146	0.00289352	6	3	3	3	88.8899	263	45.8695	5.59975	0	1.21905	11.8656	43.5653	18.8122	94.7857	1	1	1	0	0	0	0	0
12.10.2015 14:31:50.680000	0	-0.00856298	-0.00848225	126.609	-668.148	0.00325521	6	3	3	3	101.839	263	45.9913	5.59975	0	1.21659	11.8673	43.5774	18.8192	94.7886	1	1	1	0	0	0	0	0
12.10.2015 14:31:50.780000	0	-0.00856298	-0.00848225	126.609	-668.148	0.00325521	6	3	3	3	227.414	263	46.1122	5.59975	0	1.20148	11.838	43.5708	18.813	94.7928	1	1	1	0	0	0	0	0
12.10.2015 14:31:50.880000	0	-0.00856298	-0.00848225	126.609	-668.148	0.00434028	6	3	3	3	395.318	263	46.2296	5.59975	0	1.20091	11.4313	43.5875	18.8034	94.8933	1	1	1	0	0	0	0	0
12.10.2015 14:31:50.980000	0	-0.00856298	-0.00848225	126.609	-668.148	1.65545	6	3	3	3	133.29	263	46.3525	5.59975	0	1.18996	11.1272	43.586	18.8253	94.8036	1	1	1	0	0	0	0	0
12.10.2015 14:31:51.080000	0	-0.00856298	-0.00848225	126.609	-668.148	11.562	6	3	3	3	607.416	263	46.4709	5.59975	0	1.18996	11.4671	43.5961	18.7865	94.991	1	1	1	0	0	0	0	0
12.10.2015 14:31:51.180000	0	-0.00856298	-0.00848225	126.609	-668.148	18.8542	6	3	3	3	198.63	263	46.5962	5.59975	0	1.20132	11.0546	43.5772	18.8506	94.6731	1	1	1	0	0	0	0	0
12.10.2015 14:31:51.280000	0	-0.00856298	-0.00848225	126.609	-668.148	23.1993	6	3	3	3	482.436	263	46.7136	5.59975	0	1.20155	11.2072	43.5851	18.8243	94.804	1	1	1	0	0	0	0	0
12.10.2015 14:31:51.380000	0	-0.00856298	-0.00848225	126.609	-668.148	26.4308	6	3	3	3	424.88	263	46.837	5.59975	0	1.21241	11.0845	43.5873	18.8203	94.8279	1	1	1	0	0	0	0	0
12.10.2015 14:31:51.480000	0	-0.00856298	-0.00848225	126.609	-668.148	27.564	6	3	3	3	264.312	263	46.9573	5.59975	0	1.21323	11.3206	43.5898	18.8192	94.8416	1	1	1	0	0	0	0	0
12.10.2015 14:31:51.580000	0	-0.00856298	-0.00848225	126.609	-668.148	27.9225	6	3	3	3	365.301	263	47.0802	5.59975	0	1.22961	11.1658	43.5907	18.8271	94.8152	1	1	1	0	0	0	0	0
12.10.2015 14:31:51.680000	0	-0.00856298	-0.00848225	126.609	-668.148	28.1109	6	3	3	3	464.702	263	47.2016	5.59975	0	1.23123	10.8992	43.5931	18.8045	94.9108	1	1	1	0	0	0	0	0
12.10.2015 14:31:51.780000	0	-0.00856298	-0.00848225	126.609	-668.148	28.3221	6	3	3	3	574.853	263	47.3195	5.59975	0	1.21567	10.7674	43.6047	18.8059	94.9496	1	1	1	0	0	0	0	0
12.10.2015 14:31:51.880000	0	-0.00856298	-0.00848225	126.609	-668.148	28.3887	6	3	3	3	487.241	263	47.4418	5.59975	0	1.21313	10.7667	43.6098	18.817	94.9267	1	1	1	0	0	0	0	0
12.10.2015 14:31:51.980000	0	-0.00856298	-0.00848225	126.609	-668.148	28.4523	6	3	3	3	504.628	263	47.5587	5.59975	0	1.19124	10.7889	43.6185	18.8287	94.915	1	1	1	0	0	0	0	0
12.10.2015 14:31:52.080000	0	-0.00856298	-0.00848225	126.609	-668.148	28.5308	6	3	3	3	522.695	263	47.6811	5.59975	0	1.18433	10.799	43.626	18.8476	94.8716	1	1	1	0	0	0	0	0
12.10.2015 14:31:52.180000	0	-0.00856298	-0.00848225	126.609	-668.148	28.6158	6	3	3	3	509.948	263	47.801	5.59975	0	1.19614	10.8493	43.6351	18.8571	94.8699	1	1	1	0	0	0	0	0
12.10.2015 14:31:52.280000	0	-0.00856298	-0.00848225	126.609	-668.148	28.6643	6	3	3	3	442.298	263	47.9213	5.59975	0	1.20145	10.8718	43.6451	18.8779	94.8286	1	1	1	0	0	0	0	0
12.10.2015 14:31:52.380000	0	-0.00856298	-0.00848225	126.609	-668.148	28.6824	6	3	3	3	558.444	263	48.0452	5.59975	0	1.21303	10.8674	43.6511	18.87	94.8816	1	1	1	0	0	0	0	0
12.10.2015 14:31:52.480000	0	-0.00856298	-0.00848225	126.609	-668.148	28.6995	6	3	3	3	528.162	263	48.1626	5.59975	0	1.21927	10.8767	43.6655	18.8871	94.8713	1	1	1	0	0	0	0	0
12.10.2015 14:31:52.580000	0	-0.00856298	-0.00848225	126.609	-668.148	28.7113	6	3	3	3	487.092	263	48.2889	5.59975	0	1.22295	10.8923	43.6588	18.8984	94.8026	1	1	1	0	0	0	0	0
12.10.2015 14:31:52.680000	0	-0.00856298	-0.00848225	126.609	-668.148	28.724	6	3	3	3	503.467	263	48.4063	5.59975	0	1.22521	10.9213	43.6648	18.8974	94.8297	1	1	1	0	0	0	0	0
12.10.2015 14:31:52.780000	0	-0.00856298	-0.00848225	126.609	-668.148	28.6961	6	3	3	3	556.271	263	48.5282	5.59975	0	1.21203	10.9448	43.6661	18.899	94.8286	1	1	1	0	0	0	0	0
12.10.2015 14:31:52.880000	0	-0.00856298	-0.00848225	126.609	-668.148	28.4196	6	3	3	3	548.08	263	48.6491	5.59975	0	1.20125	10.9741	43.6632	18.8984	94.8194	1	1	1	0	0	0	0	0
12.10.2015 14:31:52.980000	0	-0.00856298	-0.00848225	126.612	-668.148	28.2458	6	3	3	3	389.87	263	48.7714	5.59975	0	1.20736	11.0012	43.6528	18.9065	94.7486	1	1	1	0	0	0	0	0
12.10.2015 14:31:53.080000	0	-0.00856298	-0.00848225	126.609	-668.148	28.0637	6	3	3	3	462.285	263	48.8923	5.59975	0	1.21347	10.9964	43.654	18.9015	94.7722	1	1	1	0	0	0	0	0
12.10.2015 14:31:53.180000	0	-0.00856298	-0.00848225	126.609	-668.148	27.951	6	3	3	3	493.212	263	49.0107	5.59975	0	1.20832	10.9787	43.6562	18.9085	94.7542	1	1	1	0	0	0	0	0
12.10.2015 14:31:53.280000	0	-0.00856298	-0.00848225	126.609	-668.148	27.8136	6	3	3	3	513.752	263	49.137	5.59975	0	1.20151	10.9696	43.6565	18.905	94.7685	1	1	1	0	0	0	0	0
12.10.2015 14:31:53.380000	0	-0.00856298	-0.00848225	126.609	-668.148	27.6848	6	3	3	3	375.864	263	49.2564	5.59975	0	1.21658	10.9683	43.6556	18.9089	94.7503	1	1	1	0	0	0	0	0
12.10.2015 14:31:53.480000	0	-0.00856298	-0.00848225	126.609	-668.148	27.5863	6	3	3	3	543.67	263	49.3832	5.59975	0	1.2374	10.9765	43.6562	18.8983	94.793	1	1	1	0	0	0	0	0
12.10.2015 14:31:53.580000	0	-0.00856298	-0.00848225	126.612	-668.148	27.5264	6	3	3	3	479.975	263	49.5021	5.59975	0	1.23047	10.9849	43.6448	18.8987	94.7477	1	1	1	0	0	0	0	0
12.10.2015 14:31:53.680000	0	-0.00856298	-0.00848225	126.609	-668.148	27.4745	6	3	3	3	449.059	263	49.6265	5.59975	0	1.21916	10.997	43.6528	18.9024	94.7641	1	1	1	0	0	0	0	0
12.10.2015 14:31:53.780000	0	-0.00856298	-0.00848225	126.615	-668.148	27.4497	6	3	3	3	469.078	263	49.7454	5.59975	0	1.21722	11.0224	43.6522	18.9057	94.7493	1	1	1	0	0	0	0	0
12.10.2015 14:31:53.880000	0	-0.00856298	-0.00848225	126.609	-668.148	27.4284	6	3	3	3	442.742	263	49.8672	5.59975	0	1.21328	10.9909	43.6514	18.9137	94.7157	1	1	1	0	0	0	0	0
12.10.2015 14:31:53.980000	0	-0.00856298	-0.00848225	126.609	-668.148	27.3987	6	3	3	3	509.508	263	49.9871	5.59975	0	1.21168	10.9774	43.6513	18.9144	94.7126	1	1	1	0	0	0	0	0
12.10.2015 14:31:54.080000	0	-0.00856298	-0.00848225	126.609	-668.148	27.3806	6	3	3	3	427.541	263	50.105	5.59975	0	1.20736	10.978	43.647	18.9102	94.7122	1	1	1	0	0	0	0	0
12.10.2015 14:31:54.180000	0	-0.00856298	-0.00848225	126.609	-668.148	27.3709	6	3	3	3	455.713	263	50.2299	4.94993	0	1.20513	11.0167	43.6356	18.957	94.4895	1	1	1	0.19	0	0	0	0
12.10.2015 14:31:54.280000	0	-0.00856298	-0.00848225	126.609	-668.148	27.3551	6	3	3	3	156.383	263	50.297	2.2807	0.101047	1.1956	10.682	43.8419	19.1181	94.6624	1	1	1	1	0	0	0	0
12.10.2015 14:31:54.380000	0	-0.00856298	-0.00848225	126.612	-668.148	27.3485	6	3	3	3	147.304	263	50.3517	2.62758	0.44793	1.1956	8.66266	44.187	19.3606	95.055	1	1	1	1	0	0	0	0
12.10.2015 14:31:54.480000	0	-0.00856298	-0.00848225	126.609	-668.148	27.3367	6	3	3	3	254.195	263	50.4114	2.78435	0.604703	1.1956	8.05389	44.4396	19.6244	95.0122	1	1	1	1	0	0	0	0
12.10.2015 14:31:54.580000	0	-0.00856298	-0.00848225	126.609	-668.148	27.3289	6	3	3	3	264.727	263	50.4686	2.79991	0.620264	1.1956	7.78736	44.6621	19.8362	95.0531	1	1	1	1	0	0	0	0
12.10.2015 14:31:54.680000	0	-0.00856298	-0.00848225	126.609	-668.148	27.3258	6	3	3	3	308.322	263	50.5278	2.69392	0.514269	0.692331	7.67423	44.8621	20.0173	95.1261	1	1	1	1	0	0	0	0
12.10.2015 14:31:54.780000	0	-0.00856298	-0.00848225	126.612	-668.148	27.3242	6	3	3	3	315.349	263	50.587	2.58112	0.401476	0.566514	7.61483	45.0387	20.1789	95.1831	1	1	1	1	0	0	0	0
12.10.2015 14:31:54.880000	0	-0.00856298	-0.00848225	126.609	-668.148	27.3215	6	3	3	3	302.711	263	50.6487	2.49703	0.317379	0.566514	7.59617	45.1914	20.3156	95.2443	1	1	1	1	0	0	0	0
12.10.2015 14:31:54.980000	0	-0.00856298	-0.00848225	126.609	-668.148	27.3192	6	3	3	3	288.442	263	50.7029	2.29484	0.115187	0.566514	7.60043	45.3207	20.4357	95.2794	1	1	1	1	0	0	0	0
12.10.2015 14:31:55.080000	0	-0.00856298	-0.00848225	126.613	-668.148	27.3177	6	3	3	3	258.382	263	50.7556	2.3261	0.146454	0.565039	7.61238	45.4458	20.5477	95.3296	1	1	1	1	0	0	0	0
12.10.2015 14:31:55.180000	0	-0.00856298	-0.00848225	126.609	-668.148	27.3123	6	3	3	3	246.942	263	50.8088	2.3669	0.187253	0.562631	7.60261	45.5493	20.6488	95.339	1	1	1	1	0	0	0	0
12.10.2015 14:31:55.280000	0	-0.00856298	-0.00848225	126.609	-668.148	27.3117	6	3	3	3	290.553	263	50.8651	2.35699	0.177343	0.562631	7.63942	45.6402	20.7393	95.3404	1	1	1	1	0	0	0	0
12.10.2015 14:31:55.380000	0	-0.00856298	-0.00848225	126.609	-668.148	27.3083	6	3	3	3	319.221	263	50.9188	2.18459	0.00494079	0.562631	7.6121	45.7225	20.8248	95.3284	1	1	1	1	0	0	0	0
12.10.2015 14:31:55.480000	0	-0.00856298	-0.00848225	126.613	-668.148	27.3041	6	3	3	3	209.436	263	50.9695	2.2094	0.0297541	0.562631	7.5904	45.8071	20.9003	95.363	1	1	1	1	0	0	0	0
12.10.2015 14:31:55.580000	0	-0.00856298	-0.00848225	126.612	-668.148	27.3007	6	3	3	3	317.218	263	51.0232	2.24005	0.0603994	0.544161	7.63097	45.8746	20.9656	95.3714	1	1	1	1	0	0	0	0
12.10.2015 14:31:55.680000	0	-0.00856298	-0.00848225	126.609	-668.148	27.3003	6	3	3	3	248.569	263	51.0784	2.17336	-0.00628406	0.538329	7.60147	45.9367	21.037	95.3359	1	1	1	1	0	0	0	0
12.10.2015 14:31:55.780000	0	-0.00856298	-0.00848225	126.615	-668.148	27.3007	6	3	3	3	284.897	263	51.1302	2.17107	-0.00857837	0.538329	7.61111	45.9961	21.0934	95.3476	1	1	1	1	0	0	0	0
12.10.2015 14:31:55.880000	0	-0.00856298	-0.00848225	126.609	-668.148	27.3031	6	3	3	3	309.989	263	51.1809	2.12765	-0.0519961	0.538329	7.59237	46.0442	21.1427	95.3429	1	1	1	1	0	0	0	0
12.10.2015 14:31:55.980000	0	-0.00856298	-0.00848225	126.612	-668.148	27.305	6	3	3	3	209.271	263	51.2356	2.07412	-0.10553	0.537872	7.58911	46.0928	21.1918	95.3411	1	1	1	1	0	0	0	0
12.10.2015 14:31:56.080000	0	-0.00856298	-0.00848225	126.609	-668.148	27.3058	6	3	3	3	229.781	263	51.2879	2.07355	-0.106097	0.526908	7.62863	46.1362	21.2359	95.338	1	1	1	1	0	0	0	0
12.10.2015 14:31:56.180000	0	-0.00856298	-0.00848225	126.615	-668.148	27.3058	6	3	3	3	219.938	263	51.3391	2.11855	-0.0611009	0.526908	7.65877	46.1804	21.2737	95.363	1	1	1	1	0	0	0	0
12.10.2015 14:31:56.280000	0	-0.00856298	-0.00848225	126.609	-668.148	27.3025	6	3	3	3	213.944	263	51.3908	2.19579	0.0161453	0.526908	7.66567	46.2096	21.3141	95.32	1	1	1	1	0	0	0	0
12.10.2015 14:31:56.380000	0	-0.00856298	-0.00848225	126.612	-668.148	27.3022	6	3	3	3	268.264	263	51.4445	2.27678	0.0971281	0.526908	7.67415	46.2368	21.3376	95.3338	1	1	1	1	0	0	0	0
12.10.2015 14:31:56.480000	0	-0.00856298	-0.00848225	126.609	-668.148	27.2998	6	3	3	3	291.622	263	51.5008	2.32235	0.1427	0.528535	7.6479	46.2547	21.3638	95.3023	1	1	1	1	0	0	0	0
12.10.2015 14:31:56.580000	0	-0.00856298	-0.00848225	126.612	-668.148	27.2967	6	3	3	3	283.641	263	51.5565	2.32438	0.144737	0.531427	7.56751	46.2627	21.3818	95.2639	1	1	1	1	0	0	0	0
12.10.2015 14:31:56.680000	0	-0.00856298	-0.00848225	126.617	-668.148	27.2982	6	3	3	3	257.012	263	51.6107	2.30607	0.12642	0.531427	7.58914	46.2766	21.3953	95.2653	1	1	1	1	0	0	0	0
12.10.2015 14:31:56.780000	0	-0.00856298	-0.00848225	126.612	-668.148	27.2971	6	3	3	3	244.681	263	51.6664	2.31304	0.133391	0.531427	7.60451	46.2814	21.4062	95.242	1	1	1	1	0	0	0	0
12.10.2015 14:31:56.880000	0	-0.00856298	-0.00848225	126.617	-668.148	27.2911	6	3	3	3	307.179	263	51.7221	2.32217	0.142519	0.531427	7.61456	46.2859	21.4182	95.2135	1	1	1	1	0	0	0	0
12.10.2015 14:31:56.980000	0	-0.00856298	-0.00848225	126.615	-668.148	27.2924	6	3	3	3	288.843	263	51.7768	2.29646	0.116809	0.556397	7.59791	46.296	21.4269	95.2188	1	1	1	1	0	0	0	0
12.10.2015 14:31:57.080000	0	-0.00856298	-0.00848225	126.613	-668.148	27.2911	6	3	3	3	267.992	263	51.8355	2.25141	0.0717648	0.558866	7.56147	46.3048	21.4416	95.1962	1	1	1	1	0	0	0	0
12.10.2015 14:31:57.180000	0	-0.00856298	-0.00848225	126.612	-668.148	27.2928	6	3	3	3	275.073	263	51.8892	2.21149	0.0318429	0.558866	7.59384	46.3192	21.449	95.2233	1	1	1	1	0	0	0	0
12.10.2015 14:31:57.280000	0	-0.00856298	-0.00848225	126.613	-668.148	27.2982	6	3	3	3	256.047	263	51.9425	2.17409	-0.00556104	0.558866	7.60067	46.3339	21.4641	95.2216	1	1	1	1	0	0	0	0
12.10.2015 14:31:57.380000	0	-0.00856298	-0.00848225	126.615	-668.148	27.2996	6	3	3	3	208.29	263	51.9967	2.17441	-0.0052378	0.553632	7.63897	46.3576	21.4703	95.2887	1	1	1	1	0	0	0	0
12.10.2015 14:31:57.480000	0	-0.00856298	-0.00848225	126.613	-668.148	27.3031	6	3	3	3	251.883	263	52.0519	2.21516	0.0355072	0.543005	7.63413	46.3626	21.4986	95.199	1	1	1	1	0	0	0	0
12.10.2015 14:31:57.580000	0	-0.00856298	-0.00848225	126.615	-668.148	27.3043	6	3	3	3	227.864	263	52.1051	2.25276	0.0731162	0.543005	7.62447	46.3748	21.506	95.2177	1	1	1	1	0	0	0	0
12.10.2015 14:31:57.680000	0	-0.00856298	-0.00848225	126.617	-668.148	27.3036	6	3	3	3	260.806	263	52.1588	2.30526	0.125611	0.543005	7.64284	46.3795	21.5126	95.2107	1	1	1	1	0	0	0	0
12.10.2015 14:31:57.780000	0	-0.00856298	-0.00848225	126.617	-668.148	27.3072	6	3	3	3	242.488	263	52.215	2.34802	0.168376	0.543005	7.62009	46.3886	21.517	95.2282	1	1	1	1	0	0	0	0
12.10.2015 14:31:57.880000	0	-0.00856298	-0.00848225	126.609	-668.148	27.3069	6	3	3	3	246.617	263	52.2718	2.39826	0.218612	0.554497	7.63793	46.3815	21.5144	95.2113	1	1	1	1	0	0	0	0
12.10.2015 14:31:57.980000	0	-0.00856298	-0.00848225	126.615	-668.148	27.3065	6	3	3	3	282.849	263	52.3329	2.44003	0.26038	0.556368	7.64774	46.3724	21.5047	95.2137	1	1	1	1	0	0	0	0
12.10.2015 14:31:58.080000	0	-0.00856298	-0.00848225	126.609	-668.148	27.3036	6	3	3	3	268.447	263	52.3926	2.45254	0.272894	0.556368	7.63564	46.3599	21.5021	95.1756	1	1	1	1	0	0	0	0
12.10.2015 14:31:58.180000	0	-0.00856298	-0.00848225	126.617	-668.148	27.3003	6	3	3	3	271.075	263	52.4498	2.45132	0.271671	0.556368	7.64517	46.345	21.4972	95.137	1	1	1	1	0	0	0	0
12.10.2015 14:31:58.280000	0	-0.00856298	-0.00848225	126.613	-668.148	27.2922	6	3	3	3	315.565	263	52.507	2.43274	0.253091	0.571751	7.61356	46.3391	21.4859	95.1576	1	1	1	1	0	0	0	0
12.10.2015 14:31:58.380000	0	-0.00856298	-0.00848225	126.617	-668.148	27.2895	6	3	3	3	241.056	263	52.5657	2.39143	0.211779	0.58244	7.59299	46.3308	21.5006	95.07	1	1	1	1	0	0	0	0
12.10.2015 14:31:58.480000	0	-0.00856298	-0.00848225	126.617	-668.148	27.2879	6	3	3	3	268.809	263	52.6284	2.36907	0.189424	0.58244	7.60988	46.3358	21.4978	95.0996	1	1	1	1	0	0	0	0
12.10.2015 14:31:58.580000	0	-0.00856298	-0.00848225	126.615	-668.148	27.2877	6	3	3	3	223.935	263	52.6871	2.36599	0.186347	0.58244	7.63648	46.3381	21.5085	95.0676	1	1	1	1	0	0	0	0
12.10.2015 14:31:58.680000	0	-0.00856298	-0.00848225	126.613	-668.148	27.2884	6	3	3	3	283.875	263	52.7443	2.39531	0.215664	0.584421	7.6531	46.343	21.5088	95.0852	1	1	1	1	0	0	0	0
12.10.2015 14:31:58.780000	0	-0.00856298	-0.00848225	126.615	-668.148	27.2917	6	3	3	3	252.512	263	52.8	2.40247	0.22282	0.587943	7.64082	46.3464	21.5121	95.0854	1	1	1	1	0	0	0	0
12.10.2015 14:31:58.880000	0	-0.00856298	-0.00848225	126.617	-668.148	27.2933	6	3	3	3	225.635	263	52.8587	2.41756	0.237909	0.587943	7.65231	46.3458	21.5121	95.0833	1	1	1	1	0	0	0	0
12.10.2015 14:31:58.980000	0	-0.00856298	-0.00848225	126.615	-668.148	27.2978	6	3	3	3	254.082	263	52.9154	2.45842	0.278768	0.587943	7.66022	46.3474	21.5126	95.0877	1	1	1	1	0	0	0	0
12.10.2015 14:31:59.080000	0	-0.00856298	-0.00848225	126.617	-668.148	27.2966	6	3	3	3	240.778	263	52.9786	2.49361	0.313961	0.587941	7.65636	46.341	21.5184	95.0408	1	1	1	1	0	0	0	0
12.10.2015 14:31:59.180000	0	-0.00856298	-0.00848225	126.617	-668.148	27.3	6	3	3	3	275.908	263	53.0423	2.53304	0.353394	0.58793	7.67297	46.3357	21.5103	95.0515	1	1	1	1	0	0	0	0
12.10.2015 14:31:59.280000	0	-0.00856298	-0.00848225	126.621	-668.148	27.2966	6	3	3	3	271.981	263	53.1	2.551	0.371356	0.58793	7.65345	46.3233	21.5063	95.0193	1	1	1	1	0	0	0	0
12.10.2015 14:31:59.380000	0	-0.00856298	-0.00848225	126.617	-668.148	27.2967	6	3	3	3	278.085	263	53.1582	2.54736	0.367714	0.58793	7.62838	46.3193	21.4933	95.0538	1	1	1	1	0	0	0	0
12.10.2015 14:31:59.480000	0	-0.00856298	-0.00848225	126.617	-668.148	27.2971	6	3	3	3	238.813	263	53.2228	2.54291	0.363263	0.589654	7.64449	46.3092	21.4939	95.0125	1	1	1	1	0	0	0	0
12.10.2015 14:31:59.580000	0	-0.00856298	-0.00848225	126.617	-668.148	27.2964	6	3	3	3	289.94	263	53.2855	2.54967	0.370027	0.612568	7.63382	46.3079	21.4959	95.0003	1	1	1	1	0	0	0	0
12.10.2015 14:31:59.680000	0	-0.00856298	-0.00848225	126.617	-668.148	27.2976	6	3	3	3	221.717	263	53.3447	2.54535	0.365705	0.612568	7.61907	46.3061	21.4883	95.0223	1	1	1	1	0	0	0	0
12.10.2015 14:31:59.780000	0	-0.00856298	-0.00848225	126.617	-668.148	27.2924	6	3	3	3	292.338	263	53.4044	2.56329	0.383637	0.612568	7.63576	46.3011	21.4908	94.9938	1	1	1	1	0	0	0	0
12.10.2015 14:31:59.880000	0	-0.00856298	-0.00848225	126.617	-668.148	27.2976	6	3	3	3	266.812	263	53.4631	2.55937	0.379726	0.612568	7.61554	46.306	21.49	95.0153	1	1	1	1	0	0	0	0
12.10.2015 14:31:59.980000	0	-0.00856298	-0.00848225	126.617	-668.148	27.3	6	3	3	3	222.375	263	53.5302	2.55767	0.378018	0.609591	7.61865	46.3005	21.5008	94.9531	1	1	1	1	0	0	0	0
12.10.2015 14:32:00.080000	0	-0.00856298	-0.00848225	126.621	-668.148	27.3014	6	3	3	3	252.975	263	53.5919	2.58963	0.409986	0.609561	7.63748	46.3005	21.497	94.9678	1	1	1	1	0	0	0	0
12.10.2015 14:32:00.180000	0	-0.00856298	-0.00848225	126.62	-668.148	27.3014	6	3	3	3	242.014	263	53.6521	2.6273	0.447651	0.609561	7.63094	46.291	21.4939	94.9431	1	1	1	1	0	0	0	0
12.10.2015 14:32:00.280000	0	-0.00856298	-0.00848225	126.617	-668.148	27.2987	6	3	3	3	239.457	263	53.7128	2.67579	0.496143	0.610113	7.63311	46.2862	21.4842	94.9618	1	1	1	1	0	0	0	0
12.10.2015 14:32:00.380000	0	-0.00856298	-0.00848225	126.617	-668.148	27.2931	6	3	3	3	232.251	263	53.7854	2.72857	0.548922	0.627975	7.63512	46.2741	21.482	94.9274	1	1	1	1	0	0	0	0
12.10.2015 14:32:00.480000	0	-0.00856298	-0.00848225	126.617	-668.148	27.2928	6	3	3	3	232.103	263	53.8466	2.78729	0.607647	0.627975	7.64515	46.2601	21.4673	94.9211	1	1	1	1	0	0	0	0
12.10.2015 14:32:00.580000	0	-0.00856298	-0.00848225	126.62	-668.148	27.287	6	3	3	3	236.645	263	53.9103	2.85775	0.678099	0.627975	7.66138	46.2429	21.4579	94.897	1	1	1	1	0	0	0	0
12.10.2015 14:32:00.680000	0	-0.00856298	-0.00848225	126.617	-668.148	27.2857	6	3	3	3	267.772	263	53.9859	2.92942	0.749768	0.641565	7.64655	46.2221	21.4362	94.9003	1	1	1	1	0	0	0	0
12.10.2015 14:32:00.780000	0	-0.00856298	-0.00848225	126.622	-668.148	27.2866	6	3	3	3	230.687	263	54.0495	2.98271	0.803063	0.670444	7.64007	46.1953	21.4206	94.8571	1	1	1	1	0	0	0	0
12.10.2015 14:32:00.880000	0	-0.00856298	-0.00848225	126.617	-668.148	27.2852	6	3	3	3	249.777	263	54.1227	3.04667	0.867027	0.670444	7.64587	46.1694	21.4007	94.8346	1	1	1	1	0	0	0	0
12.10.2015 14:32:00.980000	0	-0.00856298	-0.00848225	126.622	-668.148	27.287	6	3	3	3	236.048	263	54.1938	3.11064	0.930997	0.670444	7.65849	46.1378	21.3774	94.8024	1	1	1	1	0	0	0	0
12.10.2015 14:32:01.080000	0	-0.00856298	-0.00848225	126.621	-668.148	27.29	6	3	3	3	260.206	263	54.2674	3.17345	0.993816	0.705355	7.65061	46.1	21.3555	94.7541	1	1	1	1	0	0	0	0
12.10.2015 14:32:01.180000	0	-0.00856298	-0.00848225	126.622	-668.148	27.2956	6	3	3	3	321.977	263	54.342	3.20224	1.02259	0.712506	7.63909	46.0723	21.3324	94.7304	1	1	1	1	0	0	0	0
12.10.2015 14:32:01.280000	0	-0.00856298	-0.00848225	126.617	-668.148	27.296	6	3	3	3	284.201	263	54.4171	3.17351	0.993852	0.712506	7.60657	46.0493	21.3212	94.6788	1	1	1	1	0	0	0	0
12.10.2015 14:32:01.380000	0	-0.00856298	-0.00848225	126.622	-668.148	27.2971	6	3	3	3	243.814	263	54.4907	3.13618	0.956527	0.724533	7.60917	46.0423	21.3144	94.6776	1	1	1	1	0	0	0	0
12.10.2015 14:32:01.480000	0	-0.00856298	-0.00848225	126.625	-668.148	27.2955	6	3	3	3	235.099	263	54.5599	3.12468	0.945034	0.738096	7.63383	46.0359	21.2989	94.7129	1	1	1	1	0	0	0	0
12.10.2015 14:32:01.580000	0	-0.00856298	-0.00848225	126.62	-668.148	27.2931	6	3	3	3	233.259	263	54.6365	3.14654	0.966741	0.738096	7.64841	46.0209	21.2934	94.6767	1	1	1	1	0	0	0	0
12.10.2015 14:32:01.680000	0	-0.00856298	-0.00848225	126.625	-668.148	27.2862	6	3	3	3	266.477	263	54.7066	3.18334	1.00369	0.737568	7.6535	46.0088	21.2783	94.6881	1	1	1	1	0	0	0	0
12.10.2015 14:32:01.780000	0	-0.00856298	-0.00848225	126.622	-668.148	27.2852	6	3	3	3	242.903	263	54.7857	3.21826	1.03862	0.729302	7.64499	45.9871	21.2694	94.6388	1	1	1	1	0	0	0	0
12.10.2015 14:32:01.880000	0	-0.00856298	-0.00848225	126.625	-668.148	27.2841	6	3	3	3	255.09	263	54.8563	3.26151	1.08186	0.729302	7.65697	45.9731	21.2582	94.6285	1	1	1	1	0	0	0	0
12.10.2015 14:32:01.980000	0	-0.00856298	-0.00848225	126.622	-668.148	27.2859	6	3	3	3	224.578	263	54.9359	3.30161	1.12196	0.729302	7.63695	45.9559	21.2427	94.622	1	1	1	1	0	0	0	0
12.10.2015 14:32:02.080000	0	-0.00856298	-0.00848225	126.625	-668.148	27.289	6	3	3	3	268.721	263	55.01	3.34562	1.16597	0.751895	7.64766	45.9302	21.2183	94.6171	1	1	1	1	0	0	0	0
12.10.2015 14:32:02.180000	0	-0.00856298	-0.00848225	126.625	-668.148	27.2888	6	3	3	3	256.58	263	55.0886	3.38248	1.20283	0.758267	7.64873	45.8946	21.2067	94.5252	1	1	1	1	0	0	0	0
12.10.2015 14:32:02.280000	0	-0.00856298	-0.00848225	126.625	-668.148	27.2895	6	3	3	3	286.855	263	55.1662	3.41114	1.23149	0.758267	7.65857	45.8696	21.1712	94.5652	1	1	1	1	0	0	0	0
12.10.2015 14:32:02.380000	0	-0.00856298	-0.00848225	126.625	-668.148	27.2913	6	3	3	3	222.348	263	55.2418	3.42001	1.24036	0.767673	7.63085	45.8408	21.1591	94.5011	1	1	1	1	0	0	0	0
12.10.2015 14:32:02.480000	0	-0.00856298	-0.00848225	126.625	-668.148	27.2938	6	3	3	3	211.468	263	55.3239	3.46316	1.28351	0.774769	7.6588	45.8259	21.1363	94.5318	1	1	1	1	0	0	0	0
12.10.2015 14:32:02.580000	0	-0.00856298	-0.00848225	126.625	-668.148	27.2975	6	3	3	3	271.728	263	55.4005	3.52452	1.34487	0.774769	7.66421	45.7949	21.1043	94.5353	1	1	1	1	0	0	0	0
12.10.2015 14:32:02.680000	0	-0.00856298	-0.00848225	126.625	-668.148	27.302	6	3	3	3	250.833	263	55.4841	3.57087	1.39122	0.783421	7.65894	45.7479	21.0823	94.4397	1	1	1	1	0	0	0	0
12.10.2015 14:32:02.780000	0	-0.00856298	-0.00848225	126.625	-668.148	27.3058	6	3	3	3	245.14	263	55.5662	3.61532	1.43567	0.794432	7.66149	45.7295	21.0626	94.4446	1	1	1	1	0	0	0	0
12.10.2015 14:32:02.880000	0	-0.00856298	-0.00848225	126.625	-668.148	27.3107	6	3	3	3	275.979	263	55.6477	3.65622	1.47657	0.794432	7.66207	45.7008	21.0463	94.3971	1	1	1	1	0	0	0	0
12.10.2015 14:32:02.980000	0	-0.00856298	-0.00848225	126.625	-668.148	27.3137	6	3	3	3	313.979	263	55.7353	3.65514	1.47549	0.818304	7.60226	45.6639	21.0477	94.2506	1	1	1	1	0	0	0	0
12.10.2015 14:32:03.080000	0	-0.00856298	-0.00848225	126.625	-668.148	27.3172	6	3	3	3	232.694	263	55.8213	3.62358	1.44393	0.843152	7.58958	45.6306	21.0357	94.1688	1	1	1	1	0	0	0	0
12.10.2015 14:32:03.180000	0	-0.00856298	-0.00848225	126.625	-668.148	27.3166	6	3	3	3	279.176	263	55.9019	3.61966	1.44001	0.843152	7.61858	45.6158	21.0181	94.1798	1	1	1	1	0	0	0	0
12.10.2015 14:32:03.280000	0	-0.00856298	-0.00848225	126.625	-668.148	27.3155	6	3	3	3	201.931	263	55.9855	3.62728	1.44763	0.84013	7.65596	45.5939	21.0091	94.1303	1	1	1	1	0	0	0	0
12.10.2015 14:32:03.380000	0	-0.00856298	-0.00848225	126.625	-668.148	27.3166	6	3	3	3	274.977	263	56.0735	3.66508	1.48543	0.837341	7.66502	45.5757	20.9995	94.0971	1	1	1	1	0	0	0	0
12.10.2015 14:32:03.480000	0	-0.00856298	-0.00848225	126.625	-668.148	27.3145	6	3	3	3	244.494	263	56.1546	3.70055	1.5209	0.837341	7.63579	45.5637	20.9887	94.0929	1	1	1	1	0	0	0	0
12.10.2015 14:32:03.580000	0	-0.00856298	-0.00848225	126.625	-668.148	27.313	6	3	3	3	189.355	263	56.2377	3.74996	1.57031	0.844157	7.67928	45.523	20.9709	94.0052	1	1	1	1	0	0	0	0
12.10.2015 14:32:03.680000	0	-0.00856298	-0.00848225	126.625	-668.148	27.3117	6	3	3	3	230.787	263	56.3292	3.84387	1.66422	0.848893	7.71968	45.4931	20.9442	93.9926	1	1	1	1	0	0	0	0
12.10.2015 14:32:03.780000	0	-0.00856298	-0.00848225	126.625	-668.148	27.3141	6	3	3	3	318.975	263.008	56.4177	3.92457	1.74492	0.848893	7.67983	45.4508	20.9012	93.9957	1	1	1	1	0.33	0	0	0
12.10.2015 14:32:03.880000	0	-0.00856298	-0.00848225	126.629	-668.148	27.3166	6	3	3	3	293.226	263.497	56.5058	3.92475	1.7451	0.868989	7.64025	45.4058	20.8637	93.9669	1	1	1	1	1	0	0	0
12.10.2015 14:32:03.980000	0	-0.00856298	-0.00848225	126.628	-668.148	27.3213	6	3	3	3	245.55	265.199	56.5938	3.87635	1.6967	0.875688	7.64346	45.3818	20.8452	93.9456	1	1	1	1	1	0	0	0
12.10.2015 14:32:04.080000	0	-0.00856298	-0.00848225	126.633	-668.148	27.3248	6	3	3	3	259.35	268.174	56.6819	3.9131	1.73345	0.875688	7.65417	45.3581	20.8336	93.8991	1	1	1	1	1	0	0	0
12.10.2015 14:32:04.180000	0	-0.00856298	-0.00848225	126.628	-668.148	27.3202	6	3	3	3	281.723	272.424	56.7764	3.98244	1.80279	0.900847	7.63675	45.343	20.8096	93.9335	1	1	1	1	1	0	0	0
12.10.2015 14:32:04.280000	0	-0.00856298	-0.00848225	126.633	-668.148	27.3183	6	3	3	3	255.467	277.948	56.8669	4.07096	1.89131	0.901101	7.65909	45.2986	20.7849	93.858	1	1	1	1	1	0	0	0
12.10.2015 14:32:04.380000	0	-0.00856298	-0.00848225	126.63	-668.148	27.3126	6	3	3	3	292.19	284.746	56.9619	4.21751	2.03786	0.90812	7.66192	45.2624	20.737	93.9026	1	1	1	1	1	0	0	0
12.10.2015 14:32:04.480000	0	-0.00856298	-0.00848225	126.633	-668.148	27.3134	6	3	3	3	251.397	292.819	57.0604	4.41868	2.23903	0.924498	7.66019	45.1834	20.6751	93.8374	1	1	1	1	1	0	0	0
12.10.2015 14:32:04.580000	0	-0.00856298	-0.00848225	126.633	-668.148	27.3094	6	3	3	3	317.154	302.166	57.1644	4.68878	2.50914	0.924498	7.66311	45.0699	20.5765	93.7804	1	1	1	1	1	0	0	0
12.10.2015 14:32:04.680000	0	-0.00856298	-0.00848225	126.633	-668.148	27.3117	6	3	3	3	337.666	312.788	57.2753	4.90367	2.72403	1.04067	7.62902	44.9339	20.448	93.7517	1	1	1	1	1	0	0	0
12.10.2015 14:32:04.780000	0	-0.00856298	-0.00848225	126.633	-668.148	27.3159	6	3	3	3	360.543	324.683	57.3917	5.06026	2.88062	1.04942	7.60663	44.7738	20.3145	93.65	1	1	1	1	1	0	0	0
12.10.2015 14:32:04.880000	0	-0.00856298	-0.00848225	126.633	-668.148	27.3161	6	3	3	3	319.515	337.853	57.5056	5.17756	2.99791	1.12276	7.57827	44.6233	20.1752	93.607	1	1	1	1	1	0	0	0
12.10.2015 14:32:04.980000	0	-0.00856298	-0.00848225	126.633	-668.148	27.3195	6	3	3	3	327.795	352.297	57.626	5.39361	3.21396	1.14592	7.59311	44.4797	20.0489	93.5406	1	1	1	1	1	0	0	0
12.10.2015 14:32:05.080000	0	-0.00856298	-0.00848225	126.633	-668.148	27.3215	6	3	3	3	321.652	368.016	57.7503	5.74517	3.56552	1.18443	7.6276	44.3101	19.8739	93.5612	1	1	1	1	1	0	0	0
12.10.2015 14:32:05.180000	0	-0.00856298	-0.00848225	126.638	-668.148	27.321	6	3	3	3	344.832	385.009	57.8846	6.28116	4.10151	1.20173	7.63918	44.0781	19.6668	93.4659	1	1	1	1	1	0	0	0
12.10.2015 14:32:05.280000	0	-0.00856298	-0.00848225	126.633	-668.148	27.322	6	3	3	3	451.653	403.276	58.0304	6.86912	4.68947	1.34506	7.59965	43.7808	19.3722	93.4558	1	1	1	1	1	0	0	0
12.10.2015 14:32:05.380000	0	-0.00856298	-0.00848225	126.638	-668.148	27.3213	6	3	3	3	392.945	422.816	58.189	7.32098	5.14133	1.43176	7.55486	43.4311	19.0637	93.2978	1	1	1	1	1	0	0	0
12.10.2015 14:32:05.480000	0	-0.00856298	-0.00848225	126.637	-668.148	27.3215	6	3	3	3	359.203	443.631	58.3622	7.85871	5.67906	1.58408	7.57378	43.0653	18.724	93.1978	1	1	1	1	1	0	0	0
12.10.2015 14:32:05.580000	0	-0.00856298	-0.00848225	126.641	-668.148	27.3199	6	3	3	3	452.983	465.721	58.5472	8.65138	6.47174	1.7315	7.61209	42.6569	18.3339	93.1279	1	1	1	1	1	0	0	0
12.10.2015 14:32:05.680000	0	-0.00856298	-0.00848225	126.641	-668.148	27.3215	6	3	3	3	417.099	489.084	58.7506	9.46341	7.28376	1.91422	7.58218	42.1667	17.893	92.9391	1	1	1	1	1	0	0	0
12.10.2015 14:32:05.780000	0	-0.00856298	-0.00848225	126.641	-668.148	27.3206	6	3	3	3	550.82	513.723	58.972	10.3432	8.16358	2.1053	7.57381	41.6803	17.3982	92.9714	1	1	1	1	1	0	0	0
12.10.2015 14:32:05.880000	0	-0.00856298	-0.00848225	126.641	-668.148	27.3242	6	3	3	3	491.843	539.635	59.2103	11.1202	8.94052	2.29037	7.51548	41.1845	16.9617	92.7442	1	1	1	1	1	0	0	0
12.10.2015 14:32:05.980000	0	-0.00856298	-0.00848225	126.641	-668.148	27.3278	6	3	3	3	499.005	566.821	59.4634	11.9866	9.80694	2.44939	7.56259	40.7459	16.5383	92.686	1	1	1	1	1	0	0	0
12.10.2015 14:32:06.080000	0	-0.00856298	-0.00848225	126.641	-668.148	27.3329	6	3	3	3	519.093	595.282	59.735	13.0005	10.8208	2.63833	7.58134	40.3071	16.1158	92.6236	1	1	1	1	1	0	0	0
12.10.2015 14:32:06.180000	0	-0.00856298	-0.00848225	126.638	-668.148	27.3315	6	3	3	3	562.2	625.019	60.0305	14.1513	11.9716	2.84573	7.59314	39.8853	15.7168	92.5364	1	1	1	1	1	0	0	0
12.10.2015 14:32:06.280000	0	-0.00856298	-0.00848225	126.641	-668.148	27.3334	6	3	3	3	579.058	656.03	60.3483	15.416	13.2364	3.1473	7.55993	39.4936	15.3394	92.4818	1	1	1	1	1	0	0	0
12.10.2015 14:32:06.380000	0	-0.00856298	-0.00848225	126.641	-668.148	27.3347	6	3	3	3	600.514	688.312	60.695	16.8055	14.6258	3.37618	7.55475	39.1279	15.0141	92.327	1	1	1	1	1	0	0	0
12.10.2015 14:32:06.480000	0	-0.00856298	-0.00848225	126.641	-668.148	27.3383	6	3	3	3	582.391	721.867	61.0651	18.291	16.1114	3.68145	7.53883	38.8126	14.724	92.2308	1	1	1	1	1	0	0	0
12.10.2015 14:32:06.580000	0	-0.00856298	-0.00848225	126.641	-668.148	27.338	6	3	3	3	677.851	756.698	61.4665	19.9505	17.7709	3.95683	7.5248	38.563	14.4874	92.1805	1	1	1	1	1	0	0	0
12.10.2015 14:32:06.680000	0	-0.00856298	-0.00848225	126.641	-668.148	27.3372	6	3	3	3	658.794	710.981	61.8978	21.6361	16.4137	4.30321	7.46947	38.3862	14.3356	92.0847	1	1	1	1	1	0.15	0	0.15
12.10.2015 14:32:06.780000	0	-0.00856298	-0.00848225	126.641	-668.148	27.338	6	3	3	3	1197.93	263	62.8538	22.4646	0	28.2798	7.51282	58.1994	17.4178	156.145	1	1	1	1	1	1	0	1
12.10.2015 14:32:06.880000	0	-0.00856298	-0.00848225	126.641	-668.148	27.3351	6	3	3	3	2011.93	263	66.2502	22.4646	0	74.6736	6.34824	103.316	5.49333	374.542	1	1	1	1	1	1	0.92	1
12.10.2015 14:32:06.980000	0	-0.00856298	-0.00989648	126.635	-668.161	27.0305	6	3	3	3	29.0103	263	66.3059	22.4646	0	74.131	4.28788	108.555	0.818201	412.504	1	1	1	1	1	1	1	1
12.10.2015 14:32:07.080000	0	-0.00856298	-0.00848225	126.625	-668.168	24.1102	6	3	3	3	3.80705	263	66.3059	22.4646	0	74.131	2.87891	125.994	0.796167	479.359	1	1	1	1	1	1	1	1
12.10.2015 14:32:07.180000	0	-0.00856298	-0.00848225	126.625	-668.172	20.7476	6	3	3	3	0.223015	263	66.3059	22.4646	0	74.131	1.98649	141.215	0.78048	537.697	1	1	1	1	1	1	1	1
12.10.2015 14:32:07.280000	0	-0.00856298	-0.00848225	126.625	-668.168	16.6819	6	3	3	3	0	263	66.3059	22.4646	0	74.131	1.40003	148.195	0.741783	564.57	1	1	1	1	1	1	1	1
12.10.2015 14:32:07.380000	0	-0.00856298	-0.00848225	126.625	-668.164	14.3023	6	3	3	3	0.256909	263	66.3059	22.4646	0	74.131	1.12734	150.722	0.786523	574.073	1	1	1	1	1	1	1	1
12.10.2015 14:32:07.480000	0	-0.00856298	-0.00848225	126.629	-668.172	11.9916	6	3	3	3	0.311563	263	66.3059	22.4646	0	74.131	0.943605	150.821	0.736656	574.643	1	1	1	1	1	1	1	1
12.10.2015 14:32:07.580000	0	-0.00856298	-0.00848225	126.628	-668.172	9.88426	6	3	3	3	0.311194	263	66.3059	22.4646	0	74.131	0.781163	150.74	0.775658	574.182	1	1	1	1	1	1	1	1
12.10.2015 14:32:07.680000	0	-0.00856298	-0.00848225	126.633	-668.172	8.68435	6	3	3	3	0.307578	263	66.3059	22.4646	0	74.131	0.677344	150.775	0.756737	574.389	1	1	1	1	1	1	1	1
12.10.2015 14:32:07.780000	0	-0.00856298	-0.00848225	126.633	-668.172	7.20522	6	3	3	3	0.308768	263	66.3059	22.4646	0	74.131	0.607321	150.732	0.775964	574.15	1	1	1	1	1	1	1	1
12.10.2015 14:32:07.880000	0	-0.00856298	-0.00848225	126.633	-668.172	6.54243	6	3	3	3	0.284941	263	66.3059	22.4646	0	8.24286	0.551418	150.719	0.772118	574.118	1	1	1	1	1	1	1	1
12.10.2015 14:32:07.980000	0	-0.00856298	-0.00848225	126.63	-668.172	5.25499	6	3	3	3	0.272239	263	66.3059	22.4646	0	0.0993868	0.492419	150.715	0.785913	574.047	1	1	1	1	1	1	1	1
12.10.2015 14:32:08.080000	0	-0.00856298	-0.00848225	126.633	-668.172	4.66526	6	3	3	3	0.294785	263	66.3059	22.4646	0	0.0993868	0.458796	150.765	0.791589	574.219	1	1	1	1	1	1	1	1
12.10.2015 14:32:08.180000	0	-0.00856298	-0.00848225	126.633	-668.172	4.22635	6	3	3	3	0.295869	263	66.3059	22.4646	0	0.0993868	0.429398	150.823	0.801416	574.401	1	1	1	1	1	1	1	1
12.10.2015 14:32:08.280000	0	-0.00856298	-0.00848225	126.633	-668.172	3.61762	6	3	3	3	0.343753	263	66.3059	22.4646	0	0.0993868	0.404919	150.832	0.815271	574.382	1	1	1	1	1	1	1	1
12.10.2015 14:32:08.380000	0	-0.00856298	-0.00848225	126.633	-668.172	3.25629	6	3	3	3	0.336454	263	66.3059	22.4646	0	0.0993868	0.376447	150.858	0.825465	574.443	1	1	1	1	1	1	1	1
12.10.2015 14:32:08.480000	0	-0.00856298	-0.00848225	126.633	-668.172	2.87326	6	3	3	3	0.328386	263	66.3059	22.4646	0	0.0993868	0.359838	151.001	0.829981	574.975	1	1	1	1	1	1	1	1
12.10.2015 14:32:08.580000	0	-0.00856298	-0.00848225	126.633	-668.174	2.03668	6	3	3	3	0.296152	263	66.3059	22.4646	0	0.0993868	0.344039	151.268	0.829432	575.997	1	1	1	1	1	1	1	1
12.10.2015 14:32:08.680000	0	-0.00856298	-0.00848225	126.633	-668.172	0.609267	6	3	3	3	0.309765	263	66.3059	22.4646	0	0.0993868	0.328762	151.28	0.838038	576.01	1	1	1	1	1	1	1	1
12.10.2015 14:32:08.780000	0	-0.00856298	-0.00848225	126.633	-668.172	0.143229	6	3	3	3	0.307768	263	66.3059	22.4646	0	0.0993868	0.314294	151.282	0.846645	575.985	1	1	1	1	1	1	1	1
12.10.2015 14:32:08.880000	0	-0.00856298	-0.00848225	126.633	-668.172	0.130208	6	3	3	3	0.297273	263	66.3059	22.4646	0	0.0119264	0.304514	151.29	0.85989	575.968	1	1	1	1	1	1	1	1
12.10.2015 14:32:08.980000	0	-0.00856298	-0.00848225	126.635	-668.172	0.113209	6	3	3	3	0.305238	263	66.3059	5.61614	0	0	0.294965	151.248	0.874233	575.752	1	1	1	1	1	1	1	0.25
12.10.2015 14:32:09.080000	0	-0.00856298	-0.00848225	126.637	-668.172	0.0971137	6	3	3	3	0.284345	263	66.3059	0	0	0	0.283623	151.497	0.872524	576.712	1	1	1	1	1	1	1	0
12.10.2015 14:32:09.180000	0	-0.00856298	-0.00848225	126.638	-668.172	0.0831887	6	3	3	3	0.280162	263	66.3059	0	0	0	0.276418	151.156	0.882046	575.37	1	1	1	1	1	1	1	0
12.10.2015 14:32:09.280000	0	-0.00856298	-0.00848225	126.633	-668.172	0.0726997	6	3	3	3	0.291399	263	66.3059	0	0	0	0.269068	151.057	0.861354	575.068	1	1	1	1	1	1	1	0
12.10.2015 14:32:09.380000	0	-0.00856298	-0.00848225	126.625	-668.167	0.0593171	6	3	3	3	0.290685	263	66.3059	0	0	0	0.263368	151.009	0.857631	574.899	1	1	1	1	1	1	1	0
12.10.2015 14:32:09.480000	0	-0.00856298	-0.00848225	126.617	-668.164	0.0482856	6	3	3	3	0.319942	263	66.3059	0	0	0	0.25544	150.956	0.862941	574.676	1	1	1	1	1	1	1	0
12.10.2015 14:32:09.580000	0	-0.00856298	-0.00848225	126.615	-668.167	0.0434028	6	3	3	3	0.327201	263	66.3059	0	0	0	0.253299	150.912	0.863369	574.505	1	1	1	1	1	1	1	0
12.10.2015 14:32:09.680000	0	-0.00856298	-0.00848225	126.617	-668.172	0.0406901	6	3	3	3	0.316162	263	66.3059	0	0	0	0.2489	150.86	0.86404	574.305	1	1	1	1	1	1	1	0
12.10.2015 14:32:09.780000	0	-0.00856298	-0.00848225	126.617	-668.167	0.0350839	6	3	3	3	0.302778	263	66.3059	0	0	0	0.248032	150.814	0.864895	574.126	1	1	1	1	1	1	1	0
12.10.2015 14:32:09.880000	0	-0.00856298	-0.00848225	126.617	-668.164	0.031467	6	3	3	3	0.286184	263	66.3059	0	0	0	0.24838	150.766	0.863857	573.945	1	1	1	1	1	1	1	0
12.10.2015 14:32:09.980000	0	-0.00856298	-0.00848225	126.617	-668.164	0.0271267	6	3	3	3	0.294154	263	66.3059	0	0	0	0.258796	150.718	0.866176	573.753	1	1	1	1	1	1	1	0
12.10.2015 14:32:10.080000	0	-0.00856298	-0.00848225	126.617	-668.164	0.0217014	6	3	3	3	0.289534	263	66.3059	0	0	0	0.270949	150.671	0.865749	573.575	1	1	1	1	1	1	1	0
12.10.2015 14:32:10.180000	0	-0.00856298	-0.00848225	126.617	-668.164	0.0169994	6	3	3	3	0.311875	263	66.3059	0	0	0	0.28614	150.627	0.867336	573.401	1	1	1	1	1	1	1	0
12.10.2015 14:32:10.280000	0	-0.00856298	-0.00848225	126.617	-668.164	0.0135634	6	3	3	3	0.296437	263	66.3059	0	0	0	0.298293	150.581	0.8652	573.23	1	1	1	1	1	1	1	0
12.10.2015 14:32:10.380000	0	-0.00856298	-0.00848225	126.617	-668.164	0.0130208	6	3	3	3	0.311414	263	66.3059	0	0	0	0.306308	150.534	0.86758	573.042	1	1	1	1	1	1	1	0
12.10.2015 14:32:10.480000	0	-0.00856298	-0.00848225	126.617	-668.164	0.0135634	6	3	3	3	0.308493	263	66.3059	0	0	0	0.314873	150.492	0.868435	572.88	1	1	1	1	1	1	1	0
12.10.2015 14:32:10.580000	0	-0.00856298	-0.00848225	126.617	-668.164	0.0130208	6	3	3	3	0.287056	263	66.3059	0	0	0	0.323466	150.445	0.87289	572.682	1	1	1	1	1	1	1	0
12.10.2015 14:32:10.680000	0	-0.00856298	-0.00848225	126.617	-668.164	0.0130208	6	3	3	3	0.288233	263	66.3059	0	0	0	0.329948	150.403	0.875942	572.508	1	1	1	1	1	1	1	0
12.10.2015 14:32:10.780000	0	-0.00856298	-0.00848225	126.615	-668.164	0.0130208	6	3	3	3	0.290007	263	66.3059	0	0	0	0.337326	150.356	0.878201	572.32	1	1	1	1	1	1	1	0
12.10.2015 14:32:10.880000	0	-0.00856298	-0.00848225	126.609	-668.164	0.0146484	6	3	3	3	0.317017	263	66.3059	0	0	0	0.351852	150.314	0.881741	572.147	1	1	1	1	1	1	1	0
12.10.2015 14:32:10.980000	0	-0.00856298	-0.00848225	126.609	-668.164	0.0159144	6	3	3	3	0.314038	263	66.3059	0	0	0	0.365133	150.274	0.889187	571.963	1	1	1	1	1	1	1	0
12.10.2015 14:32:11.080000	0	-0.00856298	-0.00848225	126.609	-668.164	0.015191	6	3	3	3	0.297029	263	66.3059	0	0	0	0.374392	150.232	0.881985	571.832	1	1	1	1	1	1	1	0
12.10.2015 14:32:11.180000	0	-0.00856298	-0.00848225	126.609	-668.138	0.0126591	6	3	3	3	0.286516	263	66.3059	0	0	0	0.381597	150.194	0.872951	571.721	1	1	1	1	1	1	1	0
12.10.2015 14:32:11.280000	0	-0.00856298	-0.00848225	126.609	-667.844	0.00705295	6	3	3	3	0.287018	263	66.3059	0	0	0	0.389236	150.153	0.871059	571.571	1	1	1	1	1	1	1	0
12.10.2015 14:32:11.380000	0	-0.00856298	-0.00848225	126.609	-661.628	0.00651042	6	3	3	3	0.282376	263	66.3059	0	0	0	0.395168	150.113	0.868618	571.426	1	1	1	1	1	1	1	0
12.10.2015 14:32:11.480000	0	-0.00856298	-0.00848225	126.605	-642.711	0.00651042	6	3	3	3	0.270574	263	66.3059	0	0	0	0.398582	150.072	0.869106	571.27	1	1	1	1	1	1	1	0
12.10.2015 14:32:11.580000	0	-0.00856298	-0.00848225	126.609	-621.859	0.00687211	6	3	3	3	0.272806	263	66.3059	0	0	0	0.402633	150.036	0.868191	571.134	1	1	1	1	1	1	1	0
12.10.2015 14:32:11.680000	0	-0.00856298	-0.00848225	126.609	-599.902	0.00596788	6	3	3	3	0.288829	263	66.3059	0	0	0	0.405179	149.994	0.870988	570.961	1	1	1	1	1	1	1	0
12.10.2015 14:32:11.780000	0	-0.00856298	-0.00848225	126.609	-562.182	0.00506366	6	3	3	3	0.30226	263	66.3059	0	0	0	0.408247	149.959	0.873562	570.816	1	1	1	1	1	1	1	0
12.10.2015 14:32:11.880000	0	-0.00856298	-0.00848225	126.609	-524.398	0.00325521	6	3	3	3	0.319214	263	66.3059	0	0	0	0.409773	149.914	0.870022	570.662	1	1	1	1	1	1	1	0
12.10.2015 14:32:11.980000	0	-0.00856298	-0.00848225	126.609	-487.695	0.00325521	6	3	3	3	0.277867	263	66.3059	0	0	0	0.411379	149.879	0.872646	570.517	1	1	1	1	1	1	1	0
12.10.2015 14:32:12.080000	0	-0.00856298	-0.00848225	126.609	-447.309	0.00434028	6	3	3	3	0.277599	263	66.3059	0	0	0	0.412601	149.84	0.871592	570.375	1	1	1	1	1	1	1	0
12.10.2015 14:32:12.180000	0	-0.00856298	-0.00848225	126.609	-389.602	0.0036169	6	3	3	3	0.288242	263	66.3059	0	0	0	0.41284	149.804	0.873789	570.222	1	1	1	1	1	1	1	0
12.10.2015 14:32:12.280000	0	-0.00856298	-0.00848225	126.609	-348.418	0.00217014	6	3	3	3	0.317048	263	66.3059	0	0	0	0.413035	149.768	0.877041	570.076	1	1	1	1	1	1	1	0
12.10.2015 14:32:12.380000	0	-0.00856298	-0.00848225	126.609	-307.19	0.00651042	6	3	3	3	0.307925	263	66.3059	0	0	0	0.412985	149.726	0.878018	569.91	1	1	1	1	1	1	1	0
12.10.2015 14:32:12.480000	0	-0.00856298	-0.00848225	126.609	-258.141	0.00813802	6	3	3	3	0.304037	263	66.3059	0	0	0	0.413628	149.688	0.875698	569.772	1	1	1	1	1	1	1	0
12.10.2015 14:32:12.580000	0	-0.00856298	-0.00848225	126.609	-209.807	0.0119358	6	3	3	3	0.295869	263	66.3059	0	0	0	0.41305	149.648	0.878445	569.609	1	1	1	1	1	1	1	0
12.10.2015 14:32:12.680000	0	-0.00856298	-0.00848225	126.609	-168.98	0.0135634	6	3	3	3	0.285901	263	66.3059	0	0	0	0.413404	149.612	0.878628	569.47	1	1	1	1	1	1	1	0
12.10.2015 14:32:12.780000	0	-0.00856298	-0.00848225	126.609	-128.617	0.0137442	6	3	3	3	0.300284	263	66.3059	0	0	0	0.414272	149.573	0.880032	569.316	1	1	1	1	1	1	1	0
12.10.2015 14:32:12.880000	0	-0.00856298	-0.00848225	126.609	-72.0703	0.0124783	6	3	3	3	0.302534	263	66.3059	0	0	0	0.415075	149.535	0.882717	569.161	1	1	1	1	1	1	1	0
12.10.2015 14:32:12.980000	0	-0.00856298	-0.00848225	126.609	-31.9167	0.0112124	6	3	3	3	0.314529	263	66.3059	0	0	0	0.414996	149.499	0.887539	569.003	1	1	1	1	1	1	1	0
12.10.2015 14:32:13.080000	0	-0.00856298	-0.00848225	126.609	8.36328	0.0108507	6	3	3	3	0.31306	263	66.3059	0	0	0	0.416218	149.459	0.894314	568.824	1	1	1	1	1	1	1	0
12.10.2015 14:32:13.180000	0	-0.00856298	-0.00848225	126.609	53.6979	0.0101273	6	3	3	3	0.300464	263	66.3059	0	0	0	0.417376	149.428	0.883694	568.748	1	1	1	1	1	1	1	0
12.10.2015 14:32:13.280000	0	-0.00856298	-0.00848225	126.609	104.898	0.00813802	6	3	3	3	0.276542	263	66.3059	0	0	0	0.418403	149.391	0.877957	568.627	1	1	1	1	1	1	1	0
12.10.2015 14:32:13.380000	0	-0.00856298	-0.00848225	126.609	145.234	0.00651042	6	3	3	3	0.293353	263	66.3059	0	0	0	0.418822	149.357	0.879849	568.489	1	1	1	1	1	1	1	0
12.10.2015 14:32:13.480000	0	-0.00856298	-0.00848225	126.609	184.82	0.00379774	6	3	3	3	0.292428	263	66.3059	0	0	0	0.418627	149.316	0.877834	568.341	1	1	1	1	1	1	1	0
12.10.2015 14:32:13.580000	0	-0.00856298	-0.00848225	126.612	230.563	0.00253183	6	3	3	3	0.279765	263	66.3059	0	0	0	0.419256	149.282	0.87637	568.215	1	1	1	1	1	1	1	0
12.10.2015 14:32:13.680000	0	-0.00856298	-0.00848225	126.609	281.227	0.00379774	6	3	3	3	0.293954	263	66.3059	0	0	0	0.41964	149.245	0.878445	568.066	1	1	1	1	1	1	1	0
12.10.2015 14:32:13.780000	0	-0.00856298	-0.00848225	126.612	321.542	0.00144676	6	3	3	3	0.295065	263	66.3059	0	0	0	0.420558	149.206	0.877895	567.92	1	1	1	1	1	1	1	0
12.10.2015 14:32:13.880000	0	-0.00856298	-0.00848225	126.609	361.82	-0.00379774	6	3	3	3	0.305754	263	66.3059	0	0	0	0.421137	149.174	0.878017	567.796	1	1	1	1	1	1	1	0
12.10.2015 14:32:13.980000	0	-0.00856298	-0.00848225	126.609	412.883	-0.00831887	6	3	3	3	0.271141	263	66.3059	0	0	0	0.422663	149.138	0.878567	567.655	1	1	1	1	1	1	1	0
12.10.2015 14:32:14.080000	0	-0.00856298	-0.00848225	126.609	458.371	-0.00813802	6	3	3	3	0.287742	263	66.3059	0	0	0	0.422598	149.103	0.877346	567.528	1	1	1	1	1	1	1	0
12.10.2015 14:32:14.180000	0	-0.00856298	-0.00848225	126.609	498.477	-0.0108507	6	3	3	3	0.294769	263	66.3059	0	0	0	0.423257	149.066	0.879543	567.376	1	1	1	1	1	1	1	0
12.10.2015 14:32:14.280000	0	-0.00856298	-0.00848225	126.609	538.727	-0.00596788	6	3	3	3	0.305818	263	66.3059	0	0	0	0.423163	149.036	0.878017	567.266	1	1	1	1	1	1	1	0
12.10.2015 14:32:14.380000	0	-0.00856298	-0.00848225	126.609	588.638	-0.00614873	6	3	3	3	0.302341	263	66.3059	0	0	0	0.423481	148.996	0.878079	567.114	1	1	1	1	1	1	1	0
12.10.2015 14:32:14.480000	0	-0.00856298	-0.00848225	126.609	617.746	-0.00271267	6	3	3	3	0.296727	263	66.3059	0	0	0	0.423806	148.964	0.878323	566.989	1	1	1	1	1	1	1	0
12.10.2015 14:32:14.580000	0	-0.00856298	-0.00848225	126.609	641.156	0.00108507	6	3	3	3	0.276448	263	66.3059	0	0	0	0.424125	148.928	0.880825	566.844	1	1	1	1	1	1	1	0
12.10.2015 14:32:14.680000	0	-0.00856298	-0.00848225	126.613	662.484	0.00108507	6	3	3	3	0.290574	263	66.3059	0	0	0	0.424834	148.891	0.881924	566.696	1	1	1	1	1	1	1	0
12.10.2015 14:32:14.780000	0	-0.00856298	-0.00848225	126.615	673.997	0.00253183	6	3	3	3	0.295467	263	66.3059	0	0	0	0.424125	148.86	0.885403	566.565	1	1	1	1	1	1	1	0
12.10.2015 14:32:14.880000	0	-0.00856298	-0.00848225	126.613	676.512	0.00325521	6	3	3	3	0.312455	263	66.3059	0	0	0	0.42419	148.819	0.88461	566.411	1	1	1	1	1	1	1	0
12.10.2015 14:32:14.980000	0	-0.00856298	-0.00848225	126.609	676.773	0.00397859	6	3	3	3	0.31942	263	66.3059	0	0	0	0.423192	148.79	0.892239	566.271	1	1	1	1	1	1	1	0
12.10.2015 14:32:15.080000	0	-0.00856298	-0.00848225	126.609	676.781	0.00596788	6	3	3	3	0.32106	263	66.3059	0	0	0	0.422967	148.755	0.893216	566.133	1	1	1	1	1	1	1	0
12.10.2015 14:32:15.180000	0	-0.00856298	-0.00848225	126.612	676.799	0.00614873	6	3	3	3	0.289149	263	66.3059	0	0	0	0.421441	148.728	0.891934	566.033	1	1	1	1	1	1	1	0
12.10.2015 14:32:15.280000	0	-0.00856298	-0.00848225	126.617	676.805	0.00868056	6	3	3	3	0.284196	263	66.3059	0	0	0	0.422309	148.695	0.87875	565.96	1	1	1	1	1	1	1	0
12.10.2015 14:32:15.380000	0	-0.00856298	-0.00848225	126.612	676.799	0.00795718	6	3	3	3	0.269463	263	66.3059	0	0	0	0.422229	148.652	0.88052	565.787	1	1	1	1	1	1	1	0
12.10.2015 14:32:15.480000	0	-0.00856298	-0.00848225	126.609	676.84	0.00759549	6	3	3	3	0.27488	263	66.3059	0	0	0	0.422099	148.637	0.881252	565.729	1	1	1	1	1	1	1	0
12.10.2015 14:32:15.580000	0	-0.00856298	-0.00848225	126.607	676.839	0.00940394	6	3	3	3	0.28427	263	66.3059	0	0	0	0.42173	148.595	0.881802	565.565	1	1	1	1	1	1	1	0
12.10.2015 14:32:15.680000	0	-0.00856298	-0.00848225	126.605	676.801	0.0124783	6	3	3	3	0.286097	263	66.3059	0	0	0	0.421441	148.565	0.8829	565.447	1	1	1	1	1	1	1	0
12.10.2015 14:32:15.780000	0	-0.00856298	-0.00848225	126.609	676.826	0.0133825	6	3	3	3	0.312832	263	66.3059	0	0	0	0.422229	148.529	0.88345	565.305	1	1	1	1	1	1	1	0
12.10.2015 14:32:15.880000	0	-0.00856298	-0.00848225	126.609	676.793	0.0141059	6	3	3	3	0.314244	263	66.3059	0	0	0	0.421745	148.5	0.880825	565.204	1	1	1	1	1	1	1	0
12.10.2015 14:32:15.980000	0	-0.00856298	-0.00848225	126.609	676.813	0.015191	6	3	3	3	0.279438	263	66.3059	0	0	0	0.421795	148.463	0.880215	565.065	1	1	1	1	1	1	1	0
12.10.2015 14:32:16.080000	0	-0.00856298	-0.00848225	126.609	676.832	0.015191	6	3	3	3	0.294832	263	66.3059	0	0	0	0.421087	148.434	0.880825	564.951	1	1	1	1	1	1	1	0
12.10.2015 14:32:16.180000	0	-0.00856298	-0.00848225	126.609	676.797	0.015191	6	3	3	3	0.280719	263	66.3059	0	0	0	0.421007	148.398	0.879238	564.818	1	1	1	1	1	1	1	0
12.10.2015 14:32:16.280000	0	-0.00856298	-0.00848225	126.602	676.816	0.0124783	6	3	3	3	0.312084	263	66.3059	0	0	0	0.420718	148.369	0.876797	564.719	1	1	1	1	1	1	1	0
12.10.2015 14:32:16.380000	0	-0.00856298	-0.00848225	126.581	676.865	0.0119358	6	3	3	3	0.304792	263	66.3059	0	0	0	0.421087	148.338	0.874966	564.607	1	1	1	1	1	1	1	0
12.10.2015 14:32:16.480000	0	-0.00856298	-0.00848225	126.59	676.883	0.00922309	6	3	3	3	0.311018	263	66.3059	0	0	0	0.420638	148.303	0.879727	564.455	1	1	1	1	1	1	1	0
12.10.2015 14:32:16.580000	0	-0.00856298	-0.00848225	126.578	676.786	0.0101273	6	3	3	3	0.271993	263	66.3059	0	0	0	0.420797	148.27	0.880947	564.324	1	1	1	1	1	1	1	0
12.10.2015 14:32:16.680000	0	-0.00856298	-0.00848225	126.578	676.863	0.00976563	6	3	3	3	0.288938	263	66.3059	0	0	0	0.420638	148.234	0.883755	564.173	1	1	1	1	1	1	1	0
12.10.2015 14:32:16.780000	0	-0.00856298	-0.00848225	126.578	676.854	0.0108507	6	3	3	3	0.286513	263	66.3059	0	0	0	0.420587	148.203	0.886685	564.046	1	1	1	1	1	1	1	0
12.10.2015 14:32:16.880000	0	-0.00856298	-0.00848225	126.578	676.793	0.00976563	6	3	3	3	0.304678	263	66.3059	0	0	0	0.420139	148.171	0.891568	563.902	1	1	1	1	1	1	1	0
12.10.2015 14:32:16.980000	0	-0.00856298	-0.00848225	126.578	676.807	0.00940394	6	3	3	3	0.317765	263	66.3059	0	0	0	0.41956	148.144	0.898648	563.772	1	1	1	1	1	1	1	0
12.10.2015 14:32:17.080000	0	-0.00856298	-0.00848225	126.578	676.781	0.00868056	6	3	3	3	0.302958	263	66.3059	0	0	0	0.41956	148.113	0.898709	563.654	1	1	1	1	1	1	1	0
12.10.2015 14:32:17.180000	0	-0.00856298	-0.00848225	126.578	676.786	0.0072338	6	3	3	3	0.305985	263	66.3059	0	0	0	0.419271	148.084	0.889248	563.579	1	1	1	1	1	1	1	0
12.10.2015 14:32:17.280000	0	-0.00856298	-0.00848225	126.578	676.773	0.00651042	6	3	3	3	0.296109	263	66.3059	0	0	0	0.41956	148.055	0.883328	563.492	1	1	1	1	1	1	1	0
12.10.2015 14:32:17.380000	0	-0.00856298	-0.00848225	126.578	676.766	0.00470197	6	3	3	3	0.289823	263	66.3059	0	0	0	0.41956	148.022	0.885525	563.356	1	1	1	1	1	1	1	0
12.10.2015 14:32:17.480000	0	-0.00856298	-0.00848225	126.578	676.766	0.00542535	6	3	3	3	0.276408	263	66.3059	0	0	0	0.420074	147.992	0.88229	563.252	1	1	1	1	1	1	1	0
12.10.2015 14:32:17.580000	0	-0.00856298	-0.00848225	126.578	676.766	0.00542535	6	3	3	3	0.296173	263	66.3059	0	0	0	0.419047	147.958	0.8829	563.122	1	1	1	1	1	1	1	0
12.10.2015 14:32:17.680000	0	-0.00856298	-0.00848225	126.578	676.758	0.00542535	6	3	3	3	0.306389	263	66.3059	0	0	0	0.418497	147.928	0.884426	563.002	1	1	1	1	1	1	1	0
12.10.2015 14:32:17.780000	0	-0.00856298	-0.00848225	126.578	676.76	0.00542535	6	3	3	3	0.315507	263	66.3059	0	0	0	0.417889	147.897	0.88406	562.884	1	1	1	1	1	1	1	0
12.10.2015 14:32:17.880000	0	-0.00856298	-0.00848225	126.578	676.766	0.00651042	6	3	3	3	0.29451	263	66.3059	0	0	0	0.41747	147.866	0.887051	562.752	1	1	1	1	1	1	1	0
12.10.2015 14:32:17.980000	0	-0.00856298	-0.00848225	126.578	676.76	0.00542535	6	3	3	3	0.294482	263	66.3059	0	0	0	0.41739	147.836	0.886685	562.639	1	1	1	1	1	1	1	0
12.10.2015 14:32:18.080000	0	-0.00856298	-0.00848225	126.578	676.766	0.00488281	6	3	3	3	0.28773	263	66.3059	0	0	0	0.417036	147.806	0.887356	562.521	1	1	1	1	1	1	1	0
12.10.2015 14:32:18.180000	0	-0.00856298	-0.00848225	126.578	676.745	0.00325521	6	3	3	3	0.280712	263	66.3059	0	0	0	0.417665	147.775	0.888394	562.399	1	1	1	1	1	1	1	0
12.10.2015 14:32:18.280000	0	-0.00856298	-0.00848225	126.578	676.742	0.00379774	6	3	3	3	0.315762	263	66.3059	0	0	0	0.419177	147.748	0.888638	562.294	1	1	1	1	1	1	1	0
12.10.2015 14:32:18.380000	0	-0.00856298	-0.00848225	126.578	676.747	0.00072338	6	3	3	3	0.310025	263	66.3059	0	0	0	0.420573	147.717	0.889676	562.172	1	1	1	1	1	1	1	0
12.10.2015 14:32:18.480000	0	-0.00856298	-0.00848225	126.578	676.746	0.00108507	6	3	3	3	0.296469	263	66.3059	0	0	0	0.420703	147.682	0.886685	562.05	1	1	1	1	1	1	1	0
12.10.2015 14:32:18.580000	0	-0.00856298	-0.00848225	126.578	676.745	0.00108507	6	3	3	3	0.277905	263	66.3059	0	0	0	0.421521	147.652	0.886929	561.935	1	1	1	1	1	1	1	0
12.10.2015 14:32:18.680000	0	-0.00856298	-0.00848225	126.582	676.742	0.00217014	6	3	3	3	0.29577	263	66.3059	0	0	0	0.42207	147.62	0.887783	561.808	1	1	1	1	1	1	1	0
12.10.2015 14:32:18.780000	0	-0.00856298	-0.00848225	126.578	676.742	0.00325521	6	3	3	3	0.291901	263	66.3059	0	0	0	0.423466	147.59	0.888821	561.689	1	1	1	1	1	1	1	0
12.10.2015 14:32:18.880000	0	-0.00856298	-0.00848225	126.578	676.742	0.00651042	6	3	3	3	0.287834	263	66.3059	0	0	0	0.423597	147.564	0.891079	561.582	1	1	1	1	1	1	1	0
12.10.2015 14:32:18.980000	0	-0.00856298	-0.00848225	126.578	676.742	0.00759549	6	3	3	3	0.297985	263	66.3059	0	0	0	0.424125	147.533	0.894253	561.452	1	1	1	1	1	1	1	0
12.10.2015 14:32:19.080000	0	-0.00856298	-0.00848225	126.578	676.742	0.00705295	6	3	3	3	0.319504	263	66.3059	0	0	0	0.424255	147.504	0.901761	561.312	1	1	1	1	1	1	1	0
12.10.2015 14:32:19.180000	0	-0.00856298	-0.00848225	126.578	676.742	0.00651042	6	3	3	3	0.29966	263	66.3059	0	0	0	0.424414	147.476	0.896207	561.224	1	1	1	1	1	1	1	0
12.10.2015 14:32:19.280000	0	-0.00856298	-0.00848225	126.578	676.742	0.00596788	6	3	3	3	0.303282	263	66.3059	0	0	0	0.424899	147.451	0.888699	561.157	1	1	1	1	1	1	1	0
12.10.2015 14:32:19.380000	0	-0.00856298	-0.00848225	126.578	676.742	0.00614873	6	3	3	3	0.288237	263	66.3059	0	0	0	0.425058	147.419	0.887722	561.04	1	1	1	1	1	1	1	0
12.10.2015 14:32:19.480000	0	-0.00856298	-0.00848225	126.578	676.742	0.00651042	6	3	3	3	0.278272	263	66.3059	0	0	0	0.425571	147.392	0.891079	560.922	1	1	1	1	1	1	1	0
12.10.2015 14:32:19.580000	0	-0.00856298	-0.00848225	126.578	676.74	0.00651042	6	3	3	3	0.289794	263	66.3059	0	0	0	0.424834	147.36	0.889492	560.807	1	1	1	1	1	1	1	0
12.10.2015 14:32:19.680000	0	-0.00856298	-0.00848225	126.578	676.734	0.00759549	6	3	3	3	0.307178	263	66.3059	0	0	0	0.425347	147.33	0.888211	560.696	1	1	1	1	1	1	1	0
12.10.2015 14:32:19.780000	0	-0.00856298	-0.00848225	126.578	676.734	0.00651042	6	3	3	3	0.305598	263	66.3059	0	0	0	0.425347	147.304	0.888394	560.597	1	1	1	1	1	1	1	0
12.10.2015 14:32:19.880000	0	-0.00856298	-0.00848225	126.578	676.73	0.00434028	6	3	3	3	0.294307	263	66.3059	0	0	0	0.424993	147.275	0.887417	560.488	1	1	1	1	1	1	1	0
12.10.2015 14:32:19.980000	0	-0.00856298	-0.00848225	126.581	676.732	0.00108507	6	3	3	3	0.295645	263	66.3059	0	0	0	0.424624	147.246	0.889431	560.372	1	1	1	1	1	1	1	0
12.10.2015 14:32:20.080000	0	-0.00856298	-0.00848225	126.582	676.734	0.000542535	6	3	3	3	0.289349	263	66.3059	0	0	0	0.424913	147.213	0.884182	560.264	1	1	1	1	1	1	1	0
12.10.2015 14:32:20.180000	0	-0.00856298	-0.00848225	126.578	676.758	-0.00036169	6	3	3	3	0.285292	263	66.3059	0	0	0	0.424624	147.188	0.889431	560.147	1	1	1	1	1	1	1	0
12.10.2015 14:32:20.280000	0	-0.00856298	-0.00848225	126.578	676.758	-0.00108507	6	3	3	3	0.296055	263	66.3059	0	0	0	0.42398	147.156	0.889187	560.028	1	1	1	1	1	1	1	0
12.10.2015 14:32:20.380000	0	-0.00856298	-0.00848225	126.578	676.747	-0.00217014	6	3	3	3	0.301785	263	66.3059	0	0	0	0.42411	147.127	0.892056	559.903	1	1	1	1	1	1	1	0
12.10.2015 14:32:20.480000	0	-0.00856298	-0.00848225	126.578	676.766	-0.00108507	6	3	3	3	0.307613	263	66.3059	0	0	0	0.423047	147.099	0.893094	559.792	1	1	1	1	1	1	1	0
12.10.2015 14:32:20.580000	0	-0.00856298	-0.00848225	126.578	676.766	0	6	3	3	3	0.308689	263	66.3059	0	0	0	0.423177	147.068	0.896023	559.665	1	1	1	1	1	1	1	0
12.10.2015 14:32:20.680000	0	-0.00856298	-0.00848225	126.578	676.766	0.00108507	6	3	3	3	0.30489	263	66.3059	0	0	0	0.422598	147.042	0.898038	559.556	1	1	1	1	1	1	1	0
12.10.2015 14:32:20.780000	0	-0.00856298	-0.00848225	126.578	676.766	0.00108507	6	3	3	3	0.2988	263	66.3059	0	0	0	0.422967	147.011	0.899625	559.43	1	1	1	1	1	1	1	0
12.10.2015 14:32:20.880000	0	-0.00856298	-0.00848225	126.578	676.766	0.00108507	6	3	3	3	0.299811	263	66.3059	0	0	0	0.42181	146.991	0.905545	559.332	1	1	1	1	1	1	1	0
12.10.2015 14:32:20.980000	0	-0.00856298	-0.00848225	126.578	676.766	0.00036169	6	3	3	3	0.294377	263	66.3059	0	0	0	0.42202	146.958	0.91171	559.183	1	1	1	1	1	1	1	0
12.10.2015 14:32:21.080000	0	-0.00856298	-0.00848225	126.578	676.766	-0.000542535	6	3	3	3	0.31603	263	66.3059	0	0	0	0.421152	146.934	0.923185	559.048	1	1	1	1	1	1	1	0
12.10.2015 14:32:21.180000	0	-0.00856298	-0.00848225	126.578	676.766	0	6	3	3	3	0.302868	263	66.3059	0	0	0	0.421021	146.906	0.943388	558.861	1	1	1	1	1	1	1	0
12.10.2015 14:32:21.280000	0	-0.00856298	-0.00848225	126.578	676.773	0.00108507	6	3	3	3	0.303854	263	66.3059	0	0	0	0.420862	146.877	0.975433	558.63	1	1	1	1	1	1	1	0
12.10.2015 14:32:21.380000	0	-0.00856298	-0.00848225	126.578	676.781	0.00108507	6	3	3	3	0.314826	263	66.3059	0	0	0	0.420074	146.852	1.00436	558.421	1	1	1	1	1	1	1	0
12.10.2015 14:32:21.480000	0	-0.00856298	-0.00848225	126.582	676.781	0.00108507	6	3	3	3	0.319584	263	66.3059	0	0	0	0.420139	146.826	1.01944	558.265	1	1	1	1	1	1	1	0
12.10.2015 14:32:21.580000	0	-0.00856298	-0.00848225	126.581	676.781	0.00325521	6	3	3	3	0.307066	263	66.3059	0	0	0	0.41977	146.802	1.04013	558.092	1	1	1	1	1	1	1	0
12.10.2015 14:32:21.680000	0	-0.00856298	-0.00848225	126.578	676.789	0.00271267	6	3	3	3	0.295304	263	66.3059	0	0	0	0.420284	146.774	1.05448	557.932	1	1	1	1	1	1	1	0
12.10.2015 14:32:21.780000	0	-0.00856298	-0.00848225	126.578	676.805	0.00325521	6	3	3	3	0.295702	263	66.3059	0	0	0	0.420001	146.749	1.06571	557.793	1	1	1	1	1	1	1	0
12.10.2015 14:32:21.880000	0	-0.00856298	-0.00848225	126.578	676.805	0.00271267	6	3	3	3	0.287625	263	66.3059	0	0	0	0.419994	146.721	1.06886	557.667	1	1	1	1	1	1	1	0
12.10.2015 14:32:21.980000	0	-0.00856298	-0.00848225	126.576	676.794	0.00397859	6	3	3	3	0.306114	263	66.3059	0	0	0	0.419994	146.699	1.06851	557.589	1	1	1	1	1	1	1	0
12.10.2015 14:32:22.080000	0	-0.00856298	-0.00848225	126.578	676.844	0.00271267	6	3	3	3	0.311775	263	66.3059	0	0	0	0.420645	146.669	1.06931	557.471	1	1	1	1	1	1	1	0
12.10.2015 14:32:22.180000	0	-0.00856298	-0.00848225	126.578	676.807	0.00397859	6	3	3	3	0.313952	263	66.3059	0	0	0	0.42092	146.641	1.06796	557.372	1	1	1	1	1	1	1	0
12.10.2015 14:32:22.280000	0	-0.00856298	-0.00848225	126.578	676.82	0.00434028	6	3	3	3	0.312098	263	66.3059	0	0	0	0.42173	146.617	1.06827	557.277	1	1	1	1	1	1	1	0
12.10.2015 14:32:22.380000	0	-0.00856298	-0.00848225	126.576	676.81	0.00542535	6	3	3	3	0.296663	263	66.3059	0	0	0	0.422229	146.58	1.0611	557.16	1	1	1	1	1	1	1	0
12.10.2015 14:32:22.480000	0	-0.00856298	-0.00848225	126.578	676.809	0.00271267	6	3	3	3	0.284813	263	66.3059	0	0	0	0.422454	146.554	1.06461	557.049	1	1	1	1	1	1	1	0
12.10.2015 14:32:22.580000	0	-0.00856298	-0.00848225	126.576	676.833	0.00036169	6	3	3	3	0.284553	263	66.3059	0	0	0	0.423177	146.529	1.06833	556.939	1	1	1	1	1	1	1	0
12.10.2015 14:32:22.680000	0	-0.00856298	-0.00848225	126.57	676.848	-0.00108507	6	3	3	3	0.297416	263	66.3059	0	0	0	0.423973	146.504	1.06705	556.851	1	1	1	1	1	1	1	0
12.10.2015 14:32:22.780000	0	-0.00856298	-0.00848225	126.573	676.807	-0.00434028	6	3	3	3	0.316321	263	66.3059	0	0	0	0.424841	146.481	1.06375	556.773	1	1	1	1	1	1	1	0
12.10.2015 14:32:22.880000	0	-0.00856298	-0.00848225	126.578	676.844	-0.00488281	6	3	3	3	0.302775	263	66.3059	0	0	0	0.424769	146.444	1.06485	556.628	1	1	1	1	1	1	1	0
12.10.2015 14:32:22.980000	0	-0.00856298	-0.00848225	126.578	676.841	-0.00253183	6	3	3	3	0.29827	263	66.3059	0	0	0	0.425564	146.421	1.06772	556.528	1	1	1	1	1	1	1	0
12.10.2015 14:32:23.080000	0	-0.00856298	-0.00848225	126.574	676.852	-0.00108507	6	3	3	3	0.29187	263	66.3059	0	0	0	0.42542	146.392	1.07053	556.405	1	1	1	1	1	1	1	0
12.10.2015 14:32:23.180000	0	-0.00856298	-0.00848225	126.578	676.831	0.00072338	6	3	3	3	0.317329	263	66.3059	0	0	0	0.425347	146.362	1.07218	556.287	1	1	1	1	1	1	1	0
12.10.2015 14:32:23.280000	0	-0.00856298	-0.00848225	126.578	676.813	-0.00108507	6	3	3	3	0.305506	263	66.3059	0	0	0	0.425058	146.331	1.0726	556.167	1	1	1	1	1	1	1	0
12.10.2015 14:32:23.380000	0	-0.00856298	-0.00848225	126.578	676.833	-0.00108507	6	3	3	3	0.306689	263	66.3059	0	0	0	0.42513	146.306	1.07297	556.068	1	1	1	1	1	1	1	0
12.10.2015 14:32:23.480000	0	-0.00856298	-0.00848225	126.578	676.82	-0.00108507	6	3	3	3	0.310682	263	66.3059	0	0	0	0.425347	146.274	1.0762	555.933	1	1	1	1	1	1	1	0
12.10.2015 14:32:23.580000	0	-0.00856298	-0.00848225	126.578	676.826	-0.00072338	6	3	3	3	0.320952	263	66.3059	0	0	0	0.425058	146.251	1.08206	555.822	1	1	1	1	1	1	1	0
12.10.2015 14:32:23.680000	0	-0.00856298	-0.00848225	126.578	676.82	0.000542535	6	3	3	3	0.304493	263	66.3059	0	0	0	0.424913	146.221	1.08707	555.69	1	1	1	1	1	1	1	0
12.10.2015 14:32:23.780000	0	-0.00856298	-0.00848225	126.578	676.818	0.00144676	6	3	3	3	0.298623	263	66.3059	0	0	0	0.424551	146.198	1.0784	555.636	1	1	1	1	1	1	1	0
12.10.2015 14:32:23.880000	0	-0.00856298	-0.00848225	126.578	676.82	0.00217014	6	3	3	3	0.298915	263	66.3059	0	0	0	0.425709	146.174	1.07138	555.57	1	1	1	1	1	1	1	0
12.10.2015 14:32:23.980000	0	-0.00856298	-0.00848225	126.578	676.82	0.00325521	6	3	3	3	0.328804	263	66.3059	0	0	0	0.426071	146.16	1.0701	555.52	1	1	1	1	1	1	1	0
