Time	[76:0]	[76:1]	[76:2]	[76:4]	[76:8]	[76:70]	[76:71]	[78:0]	[78:1]	[78:2]	[79:2]	[79:3]	[79:4]	[79:8]	[79:9]	[79:10]	[79:11]	[79:12]	[79:13]	[79:14]	[79.0]	[79.1]	[79.2]	[79.3]	[79.4]	[79.5]	[79.6]	[79.8]
time	Hoogteverstelling - Referentie positie (mm)	Hoogteverstelling - AZ gemeten positie (mm)	Hoogteverstelling - BZ gemeten positie (mm)	Transfert Ingang - Gemeten positie (mm)	Transfert Uitgang - Gemeten positie (mm)	Aardgas - actueel debiet	Stappenschakelaar - gemeten pos	Laspos Ing - positie discreet	Laspos Uitg - positie discreet	Schaafverstelling - positie discreet	Stuikraam - Totale Stroommeting RMS-waarde (A)	Stuikraam - Stroomreferentie (A)	Stuikraam - Positie AZ (mm, pulsgever)	Stuikraam - Referentie Servo-ventiel (%)	Stuikraam - Trim door I-regelaar (%)	Stuikraam - Gemeten snelheid (mm/s, pulsgever)	Secundaire lasspanning	Stuikraam - Druk stuikcilinder voorkamer (=laszijde)  (bar)	Stuikraam - Druk stuikcilinder terugloopkamer  (bar)	Stuikraam - Netto voorwaartse kracht op stuikraam (kN)	Stuikraam - P1	Stuikraam - P2	Stuikraam - P3	Stuikraam - P4	Stuikraam - P5	Stuikraam - P6	Stuikraam - P7	Stuikraam - Openen stuikventielen	

Lasparameter.Ingang - Coil ID	0303715S
Lasparameter.Ingang - Dikte (um)	3700
Lasparameter.Ingang - Breedte (mm)	1164
Lasparameter.Ingang - Materiaal	0002
Lasparameter.Uitgang - Coil ID	0303724S
Lasparameter.Uitgang - Dikte (um)	3520
Lasparameter.Uitgang - Breedte (mm)	1032
Lasparameter.Uitgang - Materiaal	0002
Lasparameter.P2 (mm)	32.0
Lasparameter.P3 (mm)	42.0
Lasparameter.P4 (mm)	50.0
Lasparameter.P5 (mm)	55.4
Lasparameter.P6 (mm)	60.6
Lasparameter.P7 (mm)	66.0
Lasparameter.Vonksnelheid (mm/s)	1.20
Lasparameter.Lassnelheid (mm/s)	0.48
Lasparameter.Stroom Referentie (A)	0223
Lasparameter.Stroomtoename (µA/s2)	74.5
Lasparameter.Stuikstroomtijd (per)	0008
Lasparameter.Afkoeltijd Stuik (per)	0150
Lasparameter.Stuikdruk (bar)	0099
Lasparameter.Stuiksnelheid (%)	90.0

03.08.2015 15:34:19.071000	-0.09	-0.0812878	-0.0850912	0	0	-0.0103082	6	3	3	3	0.366556	223	0	0	0	0	0.225405	3.39286	129.872	-484.263	1	0	0	0	0	0	0	0
03.08.2015 15:34:19.171000	-0.09	-0.0812878	-0.0850912	0.00390625	0	-0.00922309	6	3	3	3	0.360689	223	0	0	0	0	0.22696	5.91577	129.94	-474.864	1	0	0	0	0	0	0	0
03.08.2015 15:34:19.271000	-0.09	-0.0812878	-0.0850912	0.0078125	0	-0.00759549	6	3	3	3	0.370117	223	0	0	0	0	0.231554	4.81301	129.91	-478.971	1	0	0	0	0	0	0	0
03.08.2015 15:34:19.371000	-0.09	-0.0812878	-0.0850912	0.00390625	0	-0.00759549	6	3	3	3	0.387833	223	0	0	0	0	0.235243	5.22367	129.914	-477.414	1	0	0	0	0	0	0	0
03.08.2015 15:34:19.471000	-0.09	-0.0812878	-0.0850912	0.00260417	0.0104167	-0.00470197	6	3	3	3	0.359861	223	0	0	0	0	0.237486	6.81796	129.973	-471.537	1	0	0	0	0	0	0	0
03.08.2015 15:34:19.571000	-0.09	-0.0812878	-0.0850912	0.0078125	-0.0351563	-0.00542535	6	3	3	3	0.369862	223	0	0	0	0	0.240379	3.49602	129.87	-483.86	1	0	0	0	0	0	0	0
03.08.2015 15:34:19.671000	-0.09	-0.0812878	-0.0850912	-0.00260417	0.00260417	-0.00651042	6	3	3	3	0.354065	223	0	0	0	0	0.241102	2.5956	129.777	-486.951	1	0	0	0	0	0	0	0
03.08.2015 15:34:19.771000	-0.09	-0.0812878	-0.0850912	-0.0078125	0.0351563	-0.00488281	6	3	3	3	0.380814	223	0	0	0	0	0.241898	2.74111	129.77	-486.368	1	0	0	0	0	0	0	0
03.08.2015 15:34:19.871000	-0.09	-0.0812878	-0.0850912	0.0859375	-0.0208333	-0.00506366	6	3	3	3	0.391622	223	0	0	0	0	0.24009	3.83587	129.795	-482.271	1	0	0	0	0	0	0	0
03.08.2015 15:34:19.971000	-0.09	-0.0812878	-0.0850912	0.34375	0.0078125	-0.00651042	6	3	3	3	0.375604	223	0	0	0	0	0.240885	4.31269	129.809	-480.502	1	0	0	0	0	0	0	0
03.08.2015 15:34:20.071000	-0.09	-0.0812878	-0.0850912	2.14323	-0.0182292	-0.0072338	6	3	3	3	0.37615	223	0	0	0	0	0.238137	3.87024	129.789	-482.119	1	0	0	0	0	0	0	0
03.08.2015 15:34:20.171000	-0.09	-0.0812878	-0.0850912	12.4844	-0.00390625	-0.00759549	6	3	3	3	0.385225	223	0	0	0	0	0.238643	6.22205	129.858	-473.377	1	0	0	0	0	0	0	0
03.08.2015 15:34:20.271000	-0.09	-0.0812878	-0.0850912	38.7813	-0.0078125	-0.0072338	6	3	3	3	0.400931	223	0	0	0	0	0.238715	5.60717	129.841	-475.667	1	0	0	0	0	0	0	0
03.08.2015 15:34:20.371000	-0.09	-0.0812878	-0.0850912	59.6094	-0.0117188	-0.00922309	6	3	3	3	0.379988	223	0	0	0	0	0.239077	5.06864	129.822	-477.657	1	0	0	0	0	0	0	0
03.08.2015 15:34:20.471000	-0.09	-0.0812878	-0.0850912	85.3333	-0.0182292	-0.00904225	6	3	3	3	0.364827	223	0	0	0	0	0.240705	5.61248	129.833	-475.616	1	0	0	0	0	0	0	0
03.08.2015 15:34:20.571000	-0.09	-0.0812878	-0.0850912	122.965	-0.015625	-0.00922309	6	3	3	3	0.365843	223	0	0	0	0	0.240451	5.32847	129.816	-476.637	1	0	0	0	0	0	0	0
03.08.2015 15:34:20.671000	-0.09	-0.0812878	-0.0850912	166.586	0.015625	-0.00976563	6	3	3	3	0.383764	223	0	0	0	0	0.242911	3.16074	129.74	-484.648	1	0	0	0	0	0	0	0
03.08.2015 15:34:20.771000	-0.09	-0.0812878	-0.0850912	206.688	0.0390625	-0.00976563	6	3	3	3	0.378638	223	0	0	0	0	0.243417	2.96414	129.721	-485.325	1	0	0	0	0	0	0	0
03.08.2015 15:34:20.871000	-0.09	-0.0812878	-0.0850912	248.794	-0.158854	-0.00795718	6	3	3	3	0.375919	223	0	0	0	0	0.245732	4.82943	129.765	-478.352	1	0	0	0	0	0	0	0
03.08.2015 15:34:20.971000	-0.09	-0.0812878	-0.0850912	307.859	-1.07422	-0.00705295	6	3	3	3	0.379758	223	0	0	0	0	0.244213	4.94333	129.772	-477.943	1	0	0	0	0	0	0	0
03.08.2015 15:34:21.071000	-0.09	-0.0812878	-0.0850912	349.76	-4.21094	-0.00542535	6	3	3	3	0.369155	223	0	0	0	0	0.247685	4.52754	129.747	-479.441	1	0	0	0	0	0	0	0
03.08.2015 15:34:21.171000	-0.09	-0.0812878	-0.0850912	391.836	-16.5195	-0.00434028	6	3	3	3	0.359049	223	0	0	0	0	0.249421	5.05747	129.749	-477.421	1	0	0	0	0	0	0	0
03.08.2015 15:34:21.271000	-0.09	-0.0812878	-0.0850912	436.982	-40.1849	-0.00542535	6	3	3	3	0.388703	223	0	0	0	0	0.252025	5.07431	129.747	-477.346	1	0	0	0	0	0	0	0
03.08.2015 15:34:21.371000	-0.09	-0.0812878	-0.0850912	476.09	-70.2148	-0.00488281	6	3	3	3	0.377986	223	0	0	0	0	0.253545	4.40419	129.723	-479.821	1	0	0	0	0	0	0	0
03.08.2015 15:34:21.471000	-0.09	-0.0812878	-0.0850912	495.557	-98.4557	-0.00759549	6	3	3	3	0.374375	223	0	0	0	0	0.255859	4.58412	129.718	-479.114	1	0	0	0	0	0	0	0
03.08.2015 15:34:21.571000	-0.09	-0.0812878	-0.0850912	510.105	-130.551	-0.00759549	6	3	3	3	0.385154	223	0	0	0	0	0.25774	5.11063	129.721	-477.109	1	0	0	0	0	0	0	0
03.08.2015 15:34:21.671000	-0.09	-0.0812878	-0.0850912	529.565	-177.513	-0.00759549	6	3	3	3	0.373295	223	0	0	0	0	0.258464	5.15372	129.715	-476.921	1	0	0	0	0	0	0	0
03.08.2015 15:34:21.771000	-0.09	-0.0812878	-0.0850912	547.445	-223.09	-0.00705295	6	3	3	3	0.370954	223	0	0	0	0	0.260829	4.65828	129.699	-478.754	1	0	0	0	0	0	0	0
03.08.2015 15:34:21.871000	-0.09	-0.0812878	-0.0850912	562.768	-264.031	-0.00506366	6	3	3	3	0.387102	223	0	0	0	0	0.260634	4.73763	129.689	-478.414	1	0	0	0	0	0	0	0
03.08.2015 15:34:21.971000	-0.09	-0.0812878	-0.0850912	578.34	-305.109	-0.00651042	6	3	3	3	0.359443	223	0	0	0	0	0.263238	4.77566	129.68	-478.234	1	0	0	0	0	0	0	0
03.08.2015 15:34:22.071000	-0.09	-0.0812878	-0.0850912	597.091	-356.917	-0.00651042	6	3	3	3	0.35459	223	0	0	0	0	0.262514	4.69741	129.675	-478.513	1	0	0	0	0	0	0	0
03.08.2015 15:34:22.171000	-0.09	-0.0812878	-0.0850912	613.57	-403.445	-0.00542535	6	3	3	3	0.343867	223	0	0	0	0	0.264829	4.80056	129.669	-478.096	1	0	0	0	0	0	0	0
03.08.2015 15:34:22.271000	-0.09	-0.0812878	-0.0850912	628.086	-444.289	-0.00542535	6	3	3	3	0.370914	223	0	0	0	0	0.264902	4.81594	129.661	-478.008	1	0	0	0	0	0	0	0
03.08.2015 15:34:22.371000	-0.09	-0.0812878	-0.0850912	641.988	-485.27	-0.00542535	6	3	3	3	0.362936	223	0	0	0	0	0.266493	4.76742	129.653	-478.163	1	0	0	0	0	0	0	0
03.08.2015 15:34:22.471000	-0.09	-0.0812878	-0.0850912	660.188	-542.461	-0.00542535	6	3	3	3	0.376778	223	0	0	0	0	0.266638	4.45637	129.642	-479.31	1	0	0	0	0	0	0	0
03.08.2015 15:34:22.571000	-0.09	-0.0812878	-0.0850912	672.168	-577.672	-0.00542535	6	3	3	3	0.395603	223	0	0	0	0	0.267867	4.3072	129.629	-479.832	1	0	0	0	0	0	0	0
03.08.2015 15:34:22.671000	-0.09	-0.0812878	-0.0850912	683.453	-604.966	-0.00542535	6	3	3	3	0.381305	223	0	0	0	0	0.26794	4.31538	129.619	-479.782	1	0	0	0	0	0	0	0
03.08.2015 15:34:22.771000	-0.09	-0.0812878	-0.0850912	694.684	-629.746	-0.00596788	6	3	3	3	0.389872	223	0	0	0	0	0.268084	4.31867	129.611	-479.718	1	0	0	0	0	0	0	0
03.08.2015 15:34:22.871000	-0.09	-0.0812878	-0.0850912	702.711	-648.224	-0.00542535	6	3	3	3	0.376921	223	0	0	0	0	0.26888	4.20185	129.6	-480.125	1	0	0	0	0	0	0	0
03.08.2015 15:34:22.971000	-0.09	-0.0812878	-0.0850912	705.848	-658.723	-0.00488281	6	3	3	3	0.377219	223	0	0	0	0	0.268808	4.27418	129.593	-479.821	1	0	0	0	0	0	0	0
03.08.2015 15:34:23.071000	-0.09	-0.0812878	-0.0850912	706.693	-664.25	-0.00578704	6	3	3	3	0.37638	223	0	0	0	0	0.26969	4.3332	129.587	-479.564	1	0	0	0	0	0	0	0
03.08.2015 15:34:23.171000	-0.09	-0.0812878	-0.0850912	707.078	-666.633	-0.00705295	6	3	3	3	0.374145	223	0	0	0	0	0.269321	4.42824	129.581	-479.187	1	0	0	0	0	0	0	0
03.08.2015 15:34:23.271000	-0.09	-0.0812878	-0.0850912	707.081	-667.508	-0.00614873	6	3	3	3	0.389071	223	0	0	0	0	0.271058	4.49709	129.577	-478.906	1	0	0	0	0	0	0	0
03.08.2015 15:34:23.371000	-0.09	-0.0812878	-0.0850912	707.086	-667.945	-0.00434028	6	3	3	3	0.36933	223	0	0	0	0	0.269821	5.08591	129.586	-476.686	1	0	0	0	0	0	0	0
03.08.2015 15:34:23.471000	-0.09	-0.0812878	-0.0850912	707.081	-667.958	-0.00434028	6	3	3	3	0.389862	223	0	0	0	0	0.271043	5.21488	129.581	-476.171	1	0	0	0	0	0	0	0
03.08.2015 15:34:23.571000	-0.09	-0.0812878	-0.0850912	707.086	-667.961	-0.00379774	6	3	3	3	0.378587	223	0	0	0	0	0.270703	5.04416	129.571	-476.787	1	0	0	0	0	0	0	0
03.08.2015 15:34:23.671000	-0.09	-0.0812878	-0.0850912	707.086	-667.961	-0.0036169	6	3	3	3	0.384215	223	0	0	0	0	0.271766	4.19391	129.539	-479.92	1	0	0	0	0	0	0	0
03.08.2015 15:34:23.771000	-0.09	-0.0812878	-0.0850912	707.086	-667.969	-0.00379774	6	3	3	3	0.354504	223	0	0	0	0	0.268605	3.90509	129.518	-480.947	1	0	0	0	0	0	0	0
03.08.2015 15:34:23.871000	-0.09	-0.0812878	-0.0850912	707.094	-667.969	-0.00542535	6	3	3	3	0.368706	223	0	0	0	0	0.262305	4.27619	129.517	-479.522	1	0	0	0	0	0	0	0
03.08.2015 15:34:23.971000	-0.09	-0.0812878	-0.0850912	707.094	-667.969	-0.00868056	6	3	3	3	0.365141	223	0	0	0	0	0.257784	4.44935	129.512	-478.838	1	0	0	0	0	0	0	0
03.08.2015 15:34:24.071000	-0.09	-0.0812878	-0.0850912	707.094	-667.969	-0.0072338	6	3	3	3	0.366767	223	0	0	0	0	0.253125	4.39137	129.507	-479.043	1	0	0	0	0	0	0	0
03.08.2015 15:34:24.171000	-0.09	-0.0812878	-0.0850912	707.094	-667.969	-0.00759549	6	3	3	3	0.366405	223	0	0	0	0	0.247996	4.40925	129.499	-478.945	1	0	0	0	0	0	0	0
03.08.2015 15:34:24.271000	-0.09	-0.0812878	-0.0850912	707.094	-667.969	-0.0072338	6	3	3	3	0.395525	223	0	0	0	0	0.242658	4.72152	129.497	-477.742	1	0	0	0	0	0	0	0
03.08.2015 15:34:24.371000	-0.09	-0.0812878	-0.0850912	707.094	-667.969	-0.00759549	6	3	3	3	0.366461	223	0	0	0	0	0.241211	4.48909	129.489	-478.601	1	0	0	0	0	0	0	0
03.08.2015 15:34:24.471000	-0.09	-0.0812878	-0.0850912	707.094	-667.969	-0.00687211	6	3	3	3	0.376422	223	0	0	0	0	0.235937	4.31861	129.475	-479.199	1	0	0	0	0	0	0	0
03.08.2015 15:34:24.571000	-0.09	-0.0812878	-0.0850912	707.094	-667.969	-0.00651042	6	3	3	3	0.375066	223	0	0	0	0	0.233304	4.48469	129.471	-478.548	1	0	0	0	0	0	0	0
03.08.2015 15:34:24.671000	-0.09	-0.0812878	-0.0850912	707.094	-667.971	-0.00759549	6	3	3	3	0.388027	223	0	0	0	0	0.229536	4.5909	129.465	-478.119	1	0	0	0	0	0	0	0
03.08.2015 15:34:24.771000	-0.09	-0.0812878	-0.0850912	707.094	-667.973	-0.00759549	6	3	3	3	0.38693	223	0	0	0	0	0.22853	4.57961	129.46	-478.14	1	0	0	0	0	0	0	0
03.08.2015 15:34:24.871000	-0.09	-0.0812878	-0.0850912	707.094	-667.974	-0.00759549	6	3	3	3	0.371584	223	0	0	0	0	0.22521	4.48415	129.451	-478.474	1	0	0	0	0	0	0	0
03.08.2015 15:34:24.971000	-0.09	-0.0812878	-0.0850912	707.094	-667.977	-0.00759549	6	3	3	3	0.359757	223	0	0	0	0	0.222309	4.4894	129.446	-478.433	1	0	0	0	0	0	0	0
03.08.2015 15:34:25.071000	-0.09	-0.0812878	-0.0850912	707.094	-667.977	-0.00687211	6	3	3	3	0.358344	223	0	0	0	0	0.221369	4.49348	129.436	-478.381	1	0	0	0	0	0	0	0
03.08.2015 15:34:25.171000	-0.09	-0.0812878	-0.0850912	707.094	-667.977	-0.00705295	6	3	3	3	0.3698	223	0	0	0	0	0.218547	4.48036	129.428	-478.4	1	0	0	0	0	0	0	0
03.08.2015 15:34:25.271000	-0.09	-0.0812878	-0.0850912	707.096	-667.977	-0.0072338	6	3	3	3	0.35706	223	0	0	0	0	0.217896	4.4825	129.419	-478.358	1	0	0	0	0	0	0	0
03.08.2015 15:34:25.371000	-0.09	-0.0812878	-0.0850912	707.094	-667.98	-0.00922309	6	3	3	3	0.349597	223	0	0	0	0	0.214316	4.50526	129.413	-478.246	1	0	0	0	0	0	0	0
03.08.2015 15:34:25.471000	-0.09	-0.0812878	-0.0850912	707.099	-667.979	-0.00976563	6	3	3	3	0.364067	223	0	0	0	0	0.216146	4.44624	129.403	-478.435	1	0	0	0	0	0	0	0
03.08.2015 15:34:25.571000	-0.09	-0.0812878	-0.0850912	707.102	-667.98	-0.00868056	6	3	3	3	0.380262	223	0	0	0	0	0.211733	4.62166	129.396	-477.736	1	0	0	0	0	0	0	0
03.08.2015 15:34:25.671000	-0.09	-0.0812878	-0.0850912	707.102	-667.982	-0.00940394	6	3	3	3	0.370077	223	0	0	0	0	0.212406	4.55275	129.384	-477.953	1	0	0	0	0	0	0	0
03.08.2015 15:34:25.771000	-0.09	-0.0812878	-0.0850912	707.098	-667.984	-0.00651042	6	3	3	3	0.358952	223	0	0	0	0	0.209729	4.57607	129.37	-477.811	1	0	0	0	0	0	0	0
03.08.2015 15:34:25.871000	-0.09	-0.0812878	-0.0850912	707.102	-667.984	-0.00759549	6	3	3	3	0.364181	223	0	0	0	0	0.210091	4.06207	129.324	-479.603	1	0	0	0	0	0	0	0
03.08.2015 15:34:25.971000	-0.09	-0.0812878	-0.0850912	707.109	-667.984	-0.00488281	6	3	3	3	0.387903	223	0	0	0	0	0.207993	4.20197	129.292	-478.945	1	0	0	0	0	0	0	0
03.08.2015 15:34:26.071000	-0.09	-0.0812878	-0.0850912	707.109	-667.984	-0.00470197	6	3	3	3	0.380285	223	0	0	0	0	0.20604	4.6324	125.268	-461.89	1	0	0	0	0	0	0	0
03.08.2015 15:34:26.171000	-0.09	-0.0812878	-0.0850912	707.109	-667.984	-0.0016276	6	3	3	3	0.385369	223	0	0	0	0	0.206785	4.53121	124.81	-460.525	1	0	0	0	0	0	0	0
03.08.2015 15:34:26.271000	-0.09	-0.0812878	-0.0850912	707.115	-667.984	-0.00180845	6	3	3	3	0.384301	223	0	0	0	0	0.205093	6.00281	130.189	-475.483	1	0	0	0	0	0	0	0
03.08.2015 15:34:26.371000	-0.09	-0.0812878	-0.0850912	707.125	-667.98	-0.0016276	6	3	3	3	0.309271	223	0	0	0	0	0.20531	4.97641	129.837	-478.066	1	0	0	0	0	0	0	0
03.08.2015 15:34:26.471000	-0.09	-0.0812878	-0.0850912	707.125	-667.984	-0.00217014	6	3	3	3	0.309155	223	0	0	0	0	0.202387	4.56532	129.319	-477.656	1	0	0	0	0	0	0	0
03.08.2015 15:34:26.571000	-0.09	-0.0812878	-0.0850912	707.125	-667.984	-0.00434028	6	3	3	3	0.271507	223	0	0	0	0	0.20515	5.1738	129.033	-474.234	1	0	0	0	0	0	0	0
03.08.2015 15:34:26.671000	-0.09	-0.0812878	-0.0850912	707.125	-667.984	-0.0036169	6	3	3	3	0.273304	223	0	0	0	0	0.201454	4.9913	128.914	-474.474	1	0	0	0	0	0	0	0
03.08.2015 15:34:26.771000	-0.09	-0.0812878	-0.0850912	707.125	-667.984	-0.00325521	6	3	3	3	0.298692	223	0	0	0	0	0.20332	4.88498	128.822	-474.529	1	0	0	0	0	0	0	0
03.08.2015 15:34:26.871000	-0.09	-0.0812878	-0.0850912	707.125	-667.984	-0.00325521	6	3	3	3	0.293884	223	0	0	0	0	0.201056	5.04343	128.75	-473.646	1	0	0	0	0	0	0	0
03.08.2015 15:34:26.971000	-0.09	-0.0812878	-0.0850912	707.125	-667.984	-0.00434028	6	3	3	3	0.27732	223	0	0	0	0	0.202713	5.09781	128.63	-472.979	1	0	0	0	0	0	0	0
03.08.2015 15:34:27.071000	-0.09	-0.0812878	-0.0850912	707.125	-667.984	-0.00397859	6	3	3	3	0.311139	223	0	0	0	0	0.199776	4.92355	128.329	-472.495	1	0	0	0	0	0	0	0
03.08.2015 15:34:27.171000	-0.09	-0.0812878	-0.0850912	707.125	-667.984	-0.00434028	6	3	3	3	0.260357	223	0	0	0	0	0.200029	4.80325	128.407	-473.255	1	0	0	0	0	0	0	0
03.08.2015 15:34:27.271000	-0.09	-0.0812878	-0.0850912	707.125	-667.984	-0.00434028	6	3	3	3	0.271048	223	0	0	0	0	0.200499	4.42433	128.431	-474.798	1	0	0	0	0	0	0	0
03.08.2015 15:34:27.371000	-0.09	-0.0812878	-0.0850912	707.125	-667.984	-0.00488281	6	3	3	3	0.277647	223	0	0	0	0	0.199674	9.20707	119.954	-424.03	1	0	0	0	0	0	0	0
03.08.2015 15:34:27.471000	-0.09	-0.0812878	-0.0850912	707.047	-667.984	-0.00470197	6	3	3	3	0.308316	223	0.269104	0	0	5.03723	0.200854	93.0742	98.5264	-20.8754	1	0	0	0	0	0	0	0
03.08.2015 15:34:27.571000	-0.09	-0.0812878	-0.0850912	704.402	-667.98	-0.00542535	6	3	3	3	0.29021	223	2.80942	0	0	34.4399	0.197454	110.847	82.9041	106.986	1	0	0	0	0	0	0	0
03.08.2015 15:34:27.671000	-0.09	-0.0812878	-0.0850912	689.977	-667.977	-0.00687211	6	3	3	3	0.306904	223	6.30478	0	0	35.2878	0.200984	109.737	83.3614	100.987	1	0	0	0	0	0	0	0
03.08.2015 15:34:27.771000	-0.09	-0.0812878	-0.0850912	674.566	-667.98	-0.00596788	6	3	3	3	0.32246	223	9.84989	0	0	35.9364	0.197164	112.236	85.8964	100.849	1	0	0	0	0	0	0	0
03.08.2015 15:34:27.871000	-0.09	-0.0812878	-0.0850912	655.456	-667.984	-0.00687211	6	3	3	3	0.299344	223	13.4199	0	0	36.0483	0.199349	116.217	89.9886	100.421	1	0	0	0	0	0	0	0
03.08.2015 15:34:27.971000	-0.09	-0.0812878	-0.0850912	624.918	-667.984	-0.00596788	6	3	3	3	0.300818	223	16.9769	0	0	35.3725	0.196933	119.179	93.2439	99.3013	1	0	0	0	0	0	0	0
03.08.2015 15:34:28.071000	-0.09	-0.0812878	-0.0850912	590.268	-667.984	-0.00759549	6	3	3	3	0.285046	223	20.4912	0	0	35.2233	0.199769	120.156	94.2994	98.9982	1	0	0	0	0	0	0	0
03.08.2015 15:34:28.171000	-0.09	-0.0812878	-0.0850912	557.816	-667.984	-0.00759549	6	3	3	3	0.287793	223	23.9811	0	0	34.7815	0.196463	120.006	94.3182	98.3544	1	0	0	0	0	0	0	0
03.08.2015 15:34:28.271000	-0.09	-0.0812878	-0.0850912	520.268	-667.984	-0.0072338	6	3	3	3	0.293881	223	27.4565	0	0	34.9153	0.197635	119.771	94.3194	97.4476	1	0	0	0	0	0	0	0
03.08.2015 15:34:28.371000	-0.09	-0.0812878	-0.0850912	464.531	-667.984	-0.00813802	6	3	3	3	0.297069	223	30.9449	6	0	35.0453	0.197541	119.978	94.2265	98.5984	1	0.19	0	0	0	0	0	0
03.08.2015 15:34:28.471000	-0.09	-0.0812878	-0.0850912	425.859	-667.987	-0.00542535	6	3	3	3	0.265803	223	35.2804	50	0	48.9093	0.19749	109.194	84.652	93.9664	1	1	0	0	0	0	0	0
03.08.2015 15:34:28.571000	-0.09	-0.0812878	-0.0850912	389.777	-667.988	-0.00542535	6	3	3	3	0.267183	223	38.4689	49.81	0	19.9551	0.197446	93.0305	71.4929	82.4631	1	1	0	0	0	0	0	0
03.08.2015 15:34:28.671000	-0.09	-0.0812878	-0.0850912	351.747	-668.003	-0.00434028	6	3	3	3	0.250726	223	39.7771	43.0501	0	12.0258	0.195587	65.4723	41.039	93.5502	1	1	0	0	0	0	0	0
03.08.2015 15:34:28.771000	-0.09	-0.0812878	-0.0850912	311.273	-668.016	-0.00434028	6	3	3	3	0.286481	223	40.7282	33.0502	0	8.79986	0.199009	53.4837	28.7735	94.6105	1	1	0	0	0	0	0	0
03.08.2015 15:34:28.871000	-0.09	-0.0812878	-0.0850912	281.396	-668.013	-0.00578704	6	3	3	3	0.279617	223	41.4146	23.0502	0	6.52709	0.195153	47.947	23.5792	93.2992	1	1	0	0	0	0	0	0
03.08.2015 15:34:28.971000	-0.09	-0.0812878	-0.0850912	254.645	-668.008	-0.00488281	6	3	3	3	0.263579	223	41.8473	13.0502	0	4.71001	0.197967	44.7505	20.0652	94.5149	1	1	0	0	0	0	0	0
03.08.2015 15:34:29.071000	-0.09	-0.0812878	-0.0850912	231.857	-668.01	-0.00687211	6	3	3	3	45.8388	223	42.0597	5.49676	0	3.1357	0.240365	43.373	18.5871	94.9003	1	1	1	0	0	0	0	0
03.08.2015 15:34:29.171000	-0.09	-0.0812878	-0.0850912	213.992	-668.016	-0.00976563	6	3	3	3	80.8898	223	42.1791	5.34802	0	2.05567	5.70949	43.4174	18.1674	96.6773	1	1	1	0	0	0	0	0
03.08.2015 15:34:29.271000	-0.09	-0.0812878	-0.0850912	195.326	-668.016	-0.0108507	6	3	3	3	81.0512	223	42.2965	5.34802	0	1.70642	10.2234	43.1913	17.8899	96.8741	1	1	1	0	0	0	0	0
03.08.2015 15:34:29.371000	-0.09	-0.0812878	-0.0850912	178.504	-668.016	-0.0108507	6	3	3	3	81.6437	223	42.4214	5.34802	0	1.24345	11.5029	42.9887	17.6434	97.0422	1	1	1	0	0	0	0	0
03.08.2015 15:34:29.471000	-0.09	-0.0812878	-0.0850912	155.302	-668.016	-0.0112124	6	3	3	3	79.7034	223	42.5358	5.34802	0	1.22832	11.7319	42.4996	17.4237	96.0106	1	1	1	0	0	0	0	0
03.08.2015 15:34:29.571000	-0.09	-0.0812878	-0.0850912	141.004	-668.016	-0.0103082	6	3	3	3	79.7704	223	42.6517	5.34802	0	1.2014	11.8376	42.7285	17.3003	97.3595	1	1	1	0	0	0	0	0
03.08.2015 15:34:29.671000	-0.09	-0.0812878	-0.0850912	133.31	-668.018	-0.0108507	6	3	3	3	79.8343	223	42.7671	5.34802	0	1.19141	11.9078	42.4713	17.1854	96.8148	1	1	1	0	0	0	0	0
03.08.2015 15:34:29.771000	-0.09	-0.0812878	-0.0850912	128.352	-668.023	-0.0119358	6	3	3	3	79.8112	223	42.881	5.34802	0	1.15146	11.9242	42.303	17.1413	96.3392	1	1	1	0	0	0	0	0
03.08.2015 15:34:29.871000	-0.09	-0.0812878	-0.0850912	123.328	-668.023	-0.0112124	6	3	3	3	79.8706	223	42.9964	5.34802	0	1.1513	11.9204	42.0483	17.314	94.7028	1	1	1	0	0	0	0	0
03.08.2015 15:34:29.971000	-0.09	-0.0812878	-0.0850912	123.73	-668.023	-0.00976563	6	3	3	3	80.1401	223	43.1138	5.34802	0	1.14611	11.924	42.0194	17.2094	94.9924	1	1	1	0	0	0	0	0
03.08.2015 15:34:30.071000	-0.09	-0.0812878	-0.0850912	125.659	-668.031	-0.0119358	6	3	3	3	81.9787	223	43.2287	5.34802	0	1.14611	11.908	42.2	17.1087	96.0697	1	1	1	0	0	0	0	0
03.08.2015 15:34:30.171000	-0.09	-0.0812878	-0.0850912	125.73	-668.031	-0.0113932	6	3	3	3	81.8783	223	43.3441	5.34802	0	1.15556	11.8931	41.7448	17.0617	94.5065	1	1	1	0	0	0	0	0
03.08.2015 15:34:30.271000	-0.09	-0.0812878	-0.0850912	125.813	-668.039	-0.0115741	6	3	3	3	81.9451	223	43.465	5.34802	0	1.15685	11.8804	41.6558	17.0692	94.1368	1	1	1	0	0	0	0	0
03.08.2015 15:34:30.371000	-0.09	-0.0812878	-0.0850912	125.828	-668.039	-0.0103082	6	3	3	3	81.3739	223	43.5784	5.34802	0	1.16074	11.8837	42.181	17.0306	96.2957	1	1	1	0	0	0	0	0
03.08.2015 15:34:30.471000	-0.09	-0.0812878	-0.0850912	125.836	-668.039	-0.0072338	6	3	3	3	81.8074	223	43.6963	5.34802	0	1.1621	11.8926	41.8026	17.0124	94.9167	1	1	1	0	0	0	0	0
03.08.2015 15:34:30.571000	-0.09	-0.0812878	-0.0850912	125.832	-668.039	-0.00651042	6	3	3	3	81.5612	223	43.8156	5.34802	0	1.17631	11.8938	42.1927	17.0066	96.4324	1	1	1	0	0	0	0	0
03.08.2015 15:34:30.671000	-0.09	-0.0812878	-0.0850912	125.836	-668.039	-0.00687211	6	3	3	3	81.4915	223	43.929	5.34802	0	1.18431	11.8919	41.7749	17.0094	94.8223	1	1	1	0	0	0	0	0
03.08.2015 15:34:30.771000	-0.09	-0.0812878	-0.0850912	125.836	-668.043	-0.00705295	6	3	3	3	81.5716	223	44.0484	5.34802	0	1.18136	11.8968	42.174	17.003	96.3745	1	1	1	0	0	0	0	0
03.08.2015 15:34:30.871000	-0.09	-0.0812878	-0.0850912	125.836	-668.047	-0.00687211	6	3	3	3	80.0724	223	44.1663	5.34802	0	1.17874	11.9055	42.0338	17	95.8491	1	1	1	0	0	0	0	0
03.08.2015 15:34:30.971000	-0.09	-0.0812878	-0.0850912	125.84	-668.047	-0.00325521	6	3	3	3	80.2507	223	44.2797	5.34802	0	1.16863	11.9316	41.8465	16.9986	95.1375	1	1	1	0	0	0	0	0
03.08.2015 15:34:31.071000	-0.09	-0.0812878	-0.0850912	125.836	-668.047	-0.00144676	6	3	3	3	81.3488	223	44.3991	5.34802	0	1.15142	11.9367	41.8319	17.007	95.0496	1	1	1	0	0	0	0	0
03.08.2015 15:34:31.171000	-0.09	-0.0812878	-0.0850912	125.84	-668.055	-0.00108507	6	3	3	3	81.991	223	44.5135	5.34802	0	1.15389	11.9178	41.9719	16.9953	95.6301	1	1	1	0	0	0	0	0
03.08.2015 15:34:31.271000	-0.09	-0.0812878	-0.0850912	125.839	-668.055	0.00036169	6	3	3	3	81.9194	223	44.6274	5.34802	0	1.16216	11.9035	41.9604	17.0042	95.5521	1	1	1	0	0	0	0	0
03.08.2015 15:34:31.371000	-0.09	-0.0812878	-0.0850912	125.844	-668.055	-0.00379774	6	3	3	3	81.9108	223	44.7438	5.34802	0	1.16215	11.8996	41.8773	17.0127	95.2013	1	1	1	0	0	0	0	0
03.08.2015 15:34:31.471000	-0.09	-0.0812878	-0.0850912	125.841	-668.055	-0.00289352	6	3	3	3	81.3765	223	44.8607	5.34802	0	1.16212	11.9078	41.2773	17.0066	92.9274	1	1	1	0	0	0	0	0
03.08.2015 15:34:31.571000	-0.09	-0.0812878	-0.0850912	125.844	-668.055	-0.00596788	6	3	3	3	80.4522	223	44.9751	5.34802	0	1.16212	11.9113	42.3549	17.015	97.0211	1	1	1	0	0	0	0	0
03.08.2015 15:34:31.671000	-0.09	-0.0812878	-0.0850912	125.839	-668.055	-0.00759549	6	3	3	3	82.1861	223	45.094	5.34802	0	1.16231	11.9318	41.9521	17.0243	95.4437	1	1	1	0	0	0	0	0
03.08.2015 15:34:31.771000	-0.09	-0.0812878	-0.0850912	125.844	-668.055	-0.0113932	6	3	3	3	82.1968	223	45.2124	5.34802	0	1.16232	11.91	42.0447	17.0243	95.7982	1	1	1	0	0	0	0	0
03.08.2015 15:34:31.871000	-0.09	-0.0812878	-0.0850912	125.839	-668.06	-0.0108507	6	3	3	3	80.5511	223	45.3258	5.34802	0	1.16661	11.9049	42.5284	17.0313	97.6234	1	1	1	0	0	0	0	0
03.08.2015 15:34:31.971000	-0.09	-0.0812878	-0.0850912	125.844	-668.059	-0.0113932	6	3	3	3	80.0676	223	45.4492	5.34802	0	1.16756	11.9373	41.8025	17.0428	94.8003	1	1	1	0	0	0	0	0
03.08.2015 15:34:32.071000	-0.09	-0.0812878	-0.0850912	125.841	-668.06	-0.0115741	6	3	3	3	80.1579	223	45.5651	5.34802	0	1.17549	11.9514	42.4406	17.0567	97.1901	1	1	1	0	0	0	0	0
03.08.2015 15:34:32.171000	-0.09	-0.0812878	-0.0850912	125.844	-668.059	-0.0124783	6	3	3	3	80.1473	223	45.6849	5.34802	0	1.17873	11.9563	42.043	17.073	95.6051	1	1	1	0	0	0	0	0
03.08.2015 15:34:32.271000	-0.09	-0.0812878	-0.0850912	125.841	-668.063	-0.00904225	6	3	3	3	80.076	223	45.8028	5.34802	0	1.18566	11.9623	42.0016	17.0743	95.4418	1	1	1	0	0	0	0	0
03.08.2015 15:34:32.371000	-0.09	-0.0812878	-0.0850912	125.844	-668.063	-0.00705295	6	3	3	3	79.965	223	45.9152	5.34802	0	1.18991	11.9639	41.9929	17.1082	95.2787	1	1	1	0	0	0	0	0
03.08.2015 15:34:32.471000	-0.09	-0.0812878	-0.0850912	125.844	-668.065	-0.00904225	6	3	3	3	79.9867	223	46.0326	5.34802	0	1.17901	11.9607	42.0253	17.1013	95.4289	1	1	1	0	0	0	0	0
03.08.2015 15:34:32.571000	-0.09	-0.0812878	-0.0850912	125.844	-668.063	-0.00759549	6	3	3	3	80.0306	223	46.15	5.34802	0	1.16767	11.9672	42.0497	17.0945	95.5486	1	1	1	0	0	0	0	0
03.08.2015 15:34:32.671000	-0.09	-0.0812878	-0.0850912	125.844	-668.065	-0.00795718	6	3	3	3	80.0084	223	46.2649	5.34802	0	1.16229	11.9612	42.0001	17.098	95.3453	1	1	1	0	0	0	0	0
03.08.2015 15:34:32.771000	-0.09	-0.0812878	-0.0850912	125.84	-668.066	-0.00542535	6	3	3	3	80.1649	223	46.3823	5.34802	0	1.15135	11.9564	42.0197	17.0881	95.4581	1	1	1	0	0	0	0	0
03.08.2015 15:34:32.871000	-0.09	-0.0812878	-0.0850912	125.844	-668.068	-0.00470197	6	3	3	3	80.1644	223	46.5007	5.34802	0	1.1546	11.9633	42.0034	17.0957	95.3668	1	1	1	0	0	0	0	0
03.08.2015 15:34:32.971000	-0.09	-0.0812878	-0.0850912	125.844	-668.07	-0.00271267	6	3	3	3	80.2791	223	46.6171	5.34802	0	1.1676	11.9713	42.1007	17.0949	95.7423	1	1	1	0	0	0	0	0
03.08.2015 15:34:33.071000	-0.09	-0.0812878	-0.0850912	125.844	-668.07	-0.00434028	6	3	3	3	80.1844	223	46.735	5.34802	0	1.16927	11.969	42.1631	17.09	95.9999	1	1	1	0	0	0	0	0
03.08.2015 15:34:33.171000	-0.09	-0.0812878	-0.0850912	125.844	-668.07	-0.00379774	6	3	3	3	80.2429	223	46.8529	5.34802	0	1.18431	11.9682	42.0216	17.0874	95.4818	1	1	1	0	0	0	0	0
03.08.2015 15:34:33.271000	-0.09	-0.0812878	-0.0850912	125.844	-668.07	-0.0072338	6	3	3	3	80.118	223	46.9678	5.34802	0	1.18431	11.9691	42.1149	17.0971	95.7884	1	1	1	0	0	0	0	0
03.08.2015 15:34:33.371000	-0.09	-0.0812878	-0.0850912	125.84	-668.07	-0.00759549	6	3	3	3	84.5082	223	47.0901	5.34802	0	1.17855	11.9546	42.3549	17.0967	96.7538	1	1	1	0	0	0	0	0
03.08.2015 15:34:33.471000	-0.09	-0.0812878	-0.0850912	125.844	-668.07	-0.0072338	6	3	3	3	113.174	223	47.206	5.34802	0	1.17849	11.9379	42.0692	17.0955	95.6192	1	1	1	0	0	0	0	0
03.08.2015 15:34:33.571000	-0.09	-0.0812878	-0.0850912	125.844	-668.07	-0.00651042	6	3	3	3	171.217	223	47.3175	5.34802	0	1.16924	11.8934	41.7417	17.0978	94.3539	1	1	1	0	0	0	0	0
03.08.2015 15:34:33.671000	-0.09	-0.0812878	-0.0850912	125.844	-668.07	-0.0036169	6	3	3	3	245.329	223	47.4403	5.34802	0	1.16773	11.678	42.2285	17.0872	95.5646	1	1	1	0	0	0	0	0
03.08.2015 15:34:33.771000	-0.09	-0.0812878	-0.0850912	125.844	-668.07	-0.00217014	6	3	3	3	306.98	223	47.5537	5.34802	0	1.15627	11.2049	42.3049	17.0852	95.0571	1	1	1	0	0	0	0	0
03.08.2015 15:34:33.871000	-0.09	-0.0812878	-0.0850912	125.844	-668.07	10.1114	6	3	3	3	315.305	223	47.6701	5.34802	0	1.15135	11.0869	42.1722	17.0936	95.9362	1	1	1	0	0	0	0	0
03.08.2015 15:34:33.971000	-0.09	-0.0812878	-0.0850912	125.844	-668.07	20.6727	6	3	3	3	324.911	223	47.7905	5.34802	0	1.16423	11.0562	42.1548	17.0875	95.9177	1	1	1	0	0	0	0	0
03.08.2015 15:34:34.071000	-0.09	-0.0812878	-0.0850912	125.844	-668.07	25.2843	6	3	3	3	329.31	223	47.9039	5.34802	0	1.17317	11.0343	42.2761	17.0859	96.4481	1	1	1	0	0	0	0	0
03.08.2015 15:34:34.171000	-0.09	-0.0812878	-0.0850912	125.844	-668.07	27.4995	6	3	3	3	486.908	223	48.0238	5.34802	0	1.17572	10.994	42.1079	17.0749	95.7685	1	1	1	0	0	0	0	0
03.08.2015 15:34:34.271000	-0.09	-0.0812878	-0.0850912	125.844	-668.07	28.4552	6	3	3	3	338.798	223	48.1422	5.34802	0	1.17848	10.9703	41.5799	17.0757	93.8216	1	1	1	0	0	0	0	0
03.08.2015 15:34:34.371000	-0.09	-0.0812878	-0.0850912	125.844	-668.07	28.731	6	3	3	3	437.272	223	48.2576	5.34802	0	1.17665	10.9855	42.5157	17.0777	97.3969	1	1	1	0	0	0	0	0
03.08.2015 15:34:34.471000	-0.09	-0.0812878	-0.0850912	125.844	-668.07	28.7876	6	3	3	3	554.298	223	48.3775	5.34802	0	1.17341	10.9488	42.1011	17.0645	95.8601	1	1	1	0	0	0	0	0
03.08.2015 15:34:34.571000	-0.09	-0.0812878	-0.0850912	125.844	-668.07	28.8292	6	3	3	3	517.45	223	48.4924	5.34802	0	1.17205	10.9124	42.1072	17.0701	95.862	1	1	1	0	0	0	0	0
03.08.2015 15:34:34.671000	-0.09	-0.0812878	-0.0850912	125.844	-668.07	29.1399	6	3	3	3	406.968	223	48.6088	5.34802	0	1.16751	10.9367	42.0599	17.0907	95.6021	1	1	1	0	0	0	0	0
03.08.2015 15:34:34.771000	-0.09	-0.0812878	-0.0850912	125.844	-668.07	29.1341	6	3	3	3	352.651	223	48.7286	5.34802	0	1.16969	11.0234	42.4993	17.1082	97.2177	1	1	1	0	0	0	0	0
03.08.2015 15:34:34.871000	-0.09	-0.0812878	-0.0850912	125.844	-668.07	28.8545	6	3	3	3	584.511	223	48.845	5.34802	0	1.18426	10.973	42.0558	17.1057	95.529	1	1	1	0	0	0	0	0
03.08.2015 15:34:34.971000	-0.09	-0.0812878	-0.0850912	125.844	-668.07	28.6594	6	3	3	3	544.859	223	48.9599	5.34802	0	1.18415	10.9668	42.5908	17.1006	97.5972	1	1	1	0	0	0	0	0
03.08.2015 15:34:35.071000	-0.09	-0.0812878	-0.0850912	125.844	-668.07	28.1706	6	3	3	3	523.802	223	49.0843	5.34802	0	1.17878	10.995	42.0996	17.1176	95.6509	1	1	1	0	0	0	0	0
03.08.2015 15:34:35.171000	-0.09	-0.0812878	-0.0850912	125.844	-668.07	27.6525	6	3	3	3	297.167	223	49.2017	5.34802	0	1.17878	11.0572	41.8724	17.118	94.7797	1	1	1	0	0	0	0	0
03.08.2015 15:34:35.271000	-0.09	-0.0812878	-0.0850912	125.844	-668.073	27.2801	6	3	3	3	462.108	223	49.3201	5.34802	0	1.18381	11.0585	42.6349	17.1166	97.7045	1	1	1	0	0	0	0	0
03.08.2015 15:34:35.371000	-0.09	-0.0812878	-0.0850912	125.844	-668.07	26.9602	6	3	3	3	429.132	223	49.4399	5.34802	0	1.18425	11.0267	41.7394	17.118	94.2707	1	1	1	0	0	0	0	0
03.08.2015 15:34:35.471000	-0.09	-0.0812878	-0.0850912	125.844	-668.07	26.6475	6	3	3	3	514.122	223	49.5544	5.34802	0	1.18427	11.0273	42.3133	17.1247	96.4422	1	1	1	0	0	0	0	0
03.08.2015 15:34:35.571000	-0.09	-0.0812878	-0.0850912	125.844	-668.07	26.499	6	3	3	3	393.099	223	49.6757	5.34802	0	1.18428	11.0271	42.4047	17.1353	96.7517	1	1	1	0	0	0	0	0
03.08.2015 15:34:35.671000	-0.09	-0.0812878	-0.0850912	125.844	-668.073	26.4207	6	3	3	3	481.409	223	49.7926	5.34802	0	1.18429	11.0605	42.1549	17.1277	95.8241	1	1	1	0	0	0	0	0
03.08.2015 15:34:35.771000	-0.09	-0.0812878	-0.0850912	125.844	-668.078	26.3829	6	3	3	3	466.786	223	49.906	5.34802	0	1.18429	11.0541	42.01	17.1253	95.2787	1	1	1	0	0	0	0	0
03.08.2015 15:34:35.871000	-0.09	-0.0812878	-0.0850912	125.844	-668.078	26.348	6	3	3	3	422.022	223	50.0199	3.33273	0	1.17442	11.0812	42.2445	17.272	95.6145	1	1	1	0.59	0	0	0	0
03.08.2015 15:34:35.971000	-0.09	-0.0812878	-0.0850912	125.844	-668.078	26.2961	6	3	3	3	52.8523	223	50.0642	2.20814	0.275875	1.16756	9.52818	42.3596	17.355	95.7376	1	1	1	1	0	0	0	0
03.08.2015 15:34:36.071000	-0.09	-0.0812878	-0.0850912	125.844	-668.076	26.2522	6	3	3	3	114.116	223	50.1179	2.64428	0.712016	1.16756	8.54589	42.7498	17.6001	96.2934	1	1	1	1	0	0	0	0
03.08.2015 15:34:36.171000	-0.09	-0.0812878	-0.0850912	125.844	-668.078	26.1876	6	3	3	3	157.881	223	50.1776	2.88502	0.952753	1.16756	8.1191	42.9504	17.8163	96.2333	1	1	1	1	0	0	0	0
03.08.2015 15:34:36.271000	-0.09	-0.0812878	-0.0850912	125.844	-668.078	26.144	6	3	3	3	264.149	223	50.2527	2.92622	0.993958	1.00775	7.86927	42.8924	17.9861	95.3614	1	1	1	1	0	0	0	0
03.08.2015 15:34:36.371000	-0.09	-0.0812878	-0.0850912	125.844	-668.078	26.0932	6	3	3	3	262.174	223	50.3129	2.79647	0.864203	0.575694	7.66548	43.1358	18.1265	95.7556	1	1	1	1	0	0	0	0
03.08.2015 15:34:36.471000	-0.09	-0.0812878	-0.0850912	125.844	-668.078	26.0749	6	3	3	3	280.285	223	50.3721	2.61879	0.686529	0.575694	7.634	43.2253	18.2547	95.6072	1	1	1	1	0	0	0	0
03.08.2015 15:34:36.571000	-0.09	-0.0812878	-0.0850912	125.844	-668.074	26.0368	6	3	3	3	271.08	223	50.4308	2.50396	0.571694	0.575694	7.63047	43.4407	18.3864	95.9276	1	1	1	1	0	0	0	0
03.08.2015 15:34:36.671000	-0.09	-0.0812878	-0.0850912	125.844	-668.076	26.0127	6	3	3	3	304.528	223	50.4895	2.23143	0.299166	0.57602	7.58047	43.5546	18.4978	95.9372	1	1	1	1	0	0	0	0
03.08.2015 15:34:36.771000	-0.09	-0.0812878	-0.0850912	125.844	-668.078	25.9983	6	3	3	3	278.419	223	50.5417	2.07568	0.143414	0.586572	7.55608	43.695	18.607	96.0569	1	1	1	1	0	0	0	0
03.08.2015 15:34:36.871000	-0.09	-0.0812878	-0.0850912	125.844	-668.078	25.9871	6	3	3	3	262.702	223	50.589	1.90539	-0.0268738	0.586572	7.56412	43.8097	18.6939	96.1632	1	1	1	1	0	0	0	0
03.08.2015 15:34:36.971000	-0.09	-0.0812878	-0.0850912	125.844	-668.078	25.9766	6	3	3	3	244.187	223	50.6372	1.85565	-0.0766151	0.586572	7.586	43.8475	18.7837	95.9641	1	1	1	1	0	0	0	0
03.08.2015 15:34:37.071000	-0.09	-0.0812878	-0.0850912	125.844	-668.078	25.965	6	3	3	3	223.474	223	50.684	1.79326	-0.139008	0.586572	7.60788	43.9695	18.8615	96.1335	1	1	1	1	0	0	0	0
03.08.2015 15:34:37.171000	-0.09	-0.0812878	-0.0850912	125.844	-668.074	25.9543	6	3	3	3	225.951	223	50.7293	1.80456	-0.127703	0.586572	7.60732	43.9796	18.935	95.8907	1	1	1	1	0	0	0	0
03.08.2015 15:34:37.271000	-0.09	-0.0812878	-0.0850912	125.844	-668.078	25.9476	6	3	3	3	218.29	223	50.7775	1.81367	-0.118597	0.497016	7.62179	44.1409	19.0066	96.2345	1	1	1	1	0	0	0	0
03.08.2015 15:34:37.371000	-0.09	-0.0812878	-0.0850912	125.844	-668.078	25.9446	6	3	3	3	179.97	223	50.8253	1.89504	-0.0372228	0.477357	7.64604	44.2213	19.0613	96.3326	1	1	1	1	0	0	0	0
03.08.2015 15:34:37.471000	-0.09	-0.0812878	-0.0850912	125.846	-668.078	25.9404	6	3	3	3	237.599	223	50.8725	1.92871	-0.0035538	0.477357	7.65165	44.2374	19.1186	96.1747	1	1	1	1	0	0	0	0
03.08.2015 15:34:37.571000	-0.09	-0.0812878	-0.0850912	125.848	-668.078	25.9402	6	3	3	3	226.342	223	50.9213	1.93646	0.00419743	0.477357	7.62784	44.2813	19.1621	96.1763	1	1	1	1	0	0	0	0
03.08.2015 15:34:37.671000	-0.09	-0.0812878	-0.0850912	125.844	-668.078	25.9368	6	3	3	3	241.924	223	50.9755	1.93423	0.00196606	0.477357	7.59907	44.2736	19.2052	95.9816	1	1	1	1	0	0	0	0
03.08.2015 15:34:37.771000	-0.09	-0.0812878	-0.0850912	125.844	-668.078	25.9342	6	3	3	3	240.643	223	51.0257	1.91265	-0.0196177	0.492778	7.60272	44.3457	19.2381	96.1319	1	1	1	1	0	0	0	0
03.08.2015 15:34:37.871000	-0.09	-0.0812878	-0.0850912	125.844	-668.078	25.9361	6	3	3	3	211.358	223	51.074	1.8824	-0.0498633	0.496395	7.61962	44.5163	19.2735	96.6493	1	1	1	1	0	0	0	0
03.08.2015 15:34:37.971000	-0.09	-0.0812878	-0.0850912	125.844	-668.078	25.9359	6	3	3	3	220.491	223	51.1217	1.86672	-0.065542	0.496395	7.63093	44.306	19.3034	95.7299	1	1	1	1	0	0	0	0
03.08.2015 15:34:38.071000	-0.09	-0.0812878	-0.0850912	125.844	-668.078	25.9371	6	3	3	3	210.641	223	51.172	1.86464	-0.0676217	0.496395	7.61942	44.5663	19.324	96.6477	1	1	1	1	0	0	0	0
03.08.2015 15:34:38.171000	-0.09	-0.0812878	-0.0850912	125.844	-668.078	25.9418	6	3	3	3	206.692	223	51.2212	1.87621	-0.056053	0.496395	7.62161	44.4108	19.3547	95.9347	1	1	1	1	0	0	0	0
03.08.2015 15:34:38.271000	-0.09	-0.0812878	-0.0850912	125.844	-668.078	25.9422	6	3	3	3	167.358	223	51.269	1.89894	-0.0333269	0.489607	7.6171	44.4699	19.3873	96.0361	1	1	1	1	0	0	0	0
03.08.2015 15:34:38.371000	-0.09	-0.0812878	-0.0850912	125.844	-668.078	25.9429	6	3	3	3	188.31	223	51.3182	1.96544	0.0331768	0.486698	7.6434	44.6132	19.4048	96.518	1	1	1	1	0	0	0	0
03.08.2015 15:34:38.471000	-0.09	-0.0812878	-0.0850912	125.844	-668.078	25.9386	6	3	3	3	230.316	223	51.3709	2.0279	0.0956316	0.486698	7.6478	44.4369	19.4295	95.7482	1	1	1	1	0	0	0	0
03.08.2015 15:34:38.571000	-0.09	-0.0812878	-0.0850912	125.844	-668.078	25.9386	6	3	3	3	238.93	223	51.4232	2.07296	0.140694	0.486698	7.65958	44.5998	19.4673	96.2275	1	1	1	1	0	0	0	0
03.08.2015 15:34:38.671000	-0.09	-0.0812878	-0.0850912	125.844	-668.078	25.9389	6	3	3	3	255.863	223	51.4749	2.09643	0.16416	0.486698	7.63504	44.4424	19.4681	95.6217	1	1	1	1	0	0	0	0
03.08.2015 15:34:38.771000	-0.09	-0.0812878	-0.0850912	125.844	-668.078	25.9375	6	3	3	3	217.158	223	51.5266	2.08035	0.148085	0.512432	7.59777	44.5294	19.4805	95.9073	1	1	1	1	0	0	0	0
03.08.2015 15:34:38.871000	-0.09	-0.0812878	-0.0850912	125.844	-668.078	25.9364	6	3	3	3	234.652	223	51.5843	2.07514	0.142878	0.515941	7.62208	44.5386	19.4753	95.9622	1	1	1	1	0	0	0	0
03.08.2015 15:34:38.971000	-0.09	-0.0812878	-0.0850912	125.844	-668.078	25.9364	6	3	3	3	196.486	223	51.6361	2.06754	0.135277	0.515941	7.63432	44.387	19.4902	95.3252	1	1	1	1	0	0	0	0
03.08.2015 15:34:39.071000	-0.09	-0.0812878	-0.0850912	125.844	-668.078	25.9364	6	3	3	3	243.992	223	51.6868	2.07251	0.140249	0.515941	7.63426	44.6077	19.4856	96.1878	1	1	1	1	0	0	0	0
03.08.2015 15:34:39.171000	-0.09	-0.0812878	-0.0850912	125.844	-668.078	25.9332	6	3	3	3	215.104	223	51.7405	2.06165	0.129386	0.518327	7.59795	44.3035	19.4997	94.9685	1	1	1	1	0	0	0	0
03.08.2015 15:34:39.271000	-0.09	-0.0812878	-0.0850912	125.844	-668.078	25.9346	6	3	3	3	212.041	223	51.7932	2.05159	0.119326	0.529197	7.6024	44.5849	19.4939	96.0683	1	1	1	1	0	0	0	0
03.08.2015 15:34:39.371000	-0.09	-0.0812878	-0.0850912	125.844	-668.078	25.9315	6	3	3	3	178.79	223	51.8445	2.07142	0.13915	0.529197	7.67242	44.4912	19.4864	95.7381	1	1	1	1	0	0	0	0
03.08.2015 15:34:39.471000	-0.09	-0.0812878	-0.0850912	125.844	-668.078	25.9317	6	3	3	3	254.804	223	51.8972	2.11364	0.181372	0.529197	7.65894	44.4954	19.4822	95.7706	1	1	1	1	0	0	0	0
03.08.2015 15:34:39.571000	-0.09	-0.0812878	-0.0850912	125.844	-668.078	25.9342	6	3	3	3	179.788	223	51.9534	2.13577	0.203503	0.529197	7.61681	44.5097	19.4887	95.8005	1	1	1	1	0	0	0	0
03.08.2015 15:34:39.671000	-0.09	-0.0812878	-0.0850912	125.844	-668.078	25.9368	6	3	3	3	188.432	223	52.0081	2.18557	0.253301	0.534296	7.66956	44.4779	19.4852	95.6923	1	1	1	1	0	0	0	0
03.08.2015 15:34:39.771000	-0.09	-0.0812878	-0.0850912	125.844	-668.078	25.937	6	3	3	3	238.663	223	52.0618	2.23023	0.297967	0.538302	7.65014	44.578	19.4786	96.1003	1	1	1	1	0	0	0	0
03.08.2015 15:34:39.871000	-0.09	-0.0812878	-0.0850912	125.844	-668.078	25.9368	6	3	3	3	229.211	223	52.1185	2.25779	0.32552	0.538302	7.65385	44.3737	19.4703	95.3502	1	1	1	1	0	0	0	0
03.08.2015 15:34:39.971000	-0.09	-0.0812878	-0.0850912	125.844	-668.078	25.9353	6	3	3	3	238.808	223	52.1772	2.26498	0.33271	0.538302	7.61458	44.5417	19.4711	95.9905	1	1	1	1	0	0	0	0
03.08.2015 15:34:40.071000	-0.09	-0.0812878	-0.0850912	125.844	-668.078	25.9335	6	3	3	3	247.03	223	52.2349	2.25251	0.320243	0.540922	7.60255	44.343	19.4642	95.2562	1	1	1	1	0	0	0	0
03.08.2015 15:34:40.171000	-0.09	-0.0812878	-0.0850912	125.844	-668.078	25.9332	6	3	3	3	173.197	223	52.2912	2.23912	0.306855	0.560134	7.61907	44.6183	19.4644	96.3093	1	1	1	1	0	0	0	0
03.08.2015 15:34:40.271000	-0.09	-0.0812878	-0.0850912	125.844	-668.078	25.935	6	3	3	3	257.326	223	52.3503	2.25549	0.323224	0.560134	7.64928	44.3864	19.4622	95.4299	1	1	1	1	0	0	0	0
03.08.2015 15:34:40.371000	-0.09	-0.0812878	-0.0850912	125.844	-668.078	25.9332	6	3	3	3	203.245	223	52.4056	2.24991	0.317647	0.560134	7.61565	44.5265	19.4544	95.9961	1	1	1	1	0	0	0	0
03.08.2015 15:34:40.471000	-0.09	-0.0812878	-0.0850912	125.844	-668.078	25.931	6	3	3	3	240.823	223	52.4598	2.25638	0.324115	0.560134	7.62057	44.4343	19.4618	95.6145	1	1	1	1	0	0	0	0
03.08.2015 15:34:40.571000	-0.09	-0.0812878	-0.0850912	125.848	-668.078	25.9288	6	3	3	3	230.669	223	52.5155	2.25099	0.318726	0.567945	7.59844	44.4413	19.4543	95.6703	1	1	1	1	0	0	0	0
03.08.2015 15:34:40.671000	-0.09	-0.0812878	-0.0850912	125.846	-668.078	25.9285	6	3	3	3	223.65	223	52.5767	2.24054	0.30827	0.570412	7.59178	44.509	19.4486	95.9512	1	1	1	1	0	0	0	0
03.08.2015 15:34:40.771000	-0.09	-0.0812878	-0.0850912	125.848	-668.078	25.9283	6	3	3	3	211.962	223	52.6344	2.23014	0.297879	0.570412	7.58906	44.3063	19.4461	95.1847	1	1	1	1	0	0	0	0
03.08.2015 15:34:40.871000	-0.09	-0.0812878	-0.0850912	125.846	-668.078	25.9263	6	3	3	3	203.425	223	52.6901	2.24012	0.307852	0.570412	7.65197	44.5337	19.4519	96.033	1	1	1	1	0	0	0	0
03.08.2015 15:34:40.971000	-0.09	-0.0812878	-0.0850912	125.848	-668.078	25.9294	6	3	3	3	210.85	223	52.7473	2.25774	0.325477	0.57152	7.65129	44.3236	19.4587	95.2027	1	1	1	1	0	0	0	0
03.08.2015 15:34:41.071000	-0.09	-0.0812878	-0.0850912	125.846	-668.078	25.9328	6	3	3	3	203.586	223	52.804	2.28372	0.351457	0.57305	7.63759	44.561	19.4379	96.1913	1	1	1	1	0	0	0	0
03.08.2015 15:34:41.171000	-0.09	-0.0812878	-0.0850912	125.852	-668.078	25.9375	6	3	3	3	205.301	223	52.8597	2.32234	0.390075	0.57305	7.64832	44.336	19.4373	95.3322	1	1	1	1	0	0	0	0
03.08.2015 15:34:41.271000	-0.09	-0.0812878	-0.0850912	125.849	-668.078	25.9426	6	3	3	3	205.074	223	52.9179	2.36361	0.431342	0.57305	7.64439	44.52	19.4328	96.0541	1	1	1	1	0	0	0	0
03.08.2015 15:34:41.371000	-0.09	-0.0812878	-0.0850912	125.844	-668.078	25.9467	6	3	3	3	206.88	223	52.9851	2.40503	0.472762	0.576311	7.64144	44.3123	19.4201	95.3072	1	1	1	1	0	0	0	0
03.08.2015 15:34:41.471000	-0.09	-0.0812878	-0.0850912	125.849	-668.078	25.9516	6	3	3	3	213.873	223	53.0418	2.45535	0.523088	0.589352	7.63576	44.4353	19.4013	95.8503	1	1	1	1	0	0	0	0
03.08.2015 15:34:41.571000	-0.09	-0.0812878	-0.0850912	125.848	-668.078	25.9532	6	3	3	3	207.615	223	53.1015	2.49883	0.566567	0.589352	7.62659	44.3286	19.3886	95.4902	1	1	1	1	0	0	0	0
03.08.2015 15:34:41.671000	-0.09	-0.0812878	-0.0850912	125.852	-668.078	25.9541	6	3	3	3	215.944	223	53.1616	2.53845	0.606187	0.589352	7.63111	44.3984	19.3752	95.8092	1	1	1	1	0	0	0	0
03.08.2015 15:34:41.771000	-0.09	-0.0812878	-0.0850912	125.844	-668.078	25.9559	6	3	3	3	192.233	223	53.2308	2.57663	0.644368	0.59407	7.61719	44.2806	19.3543	95.4378	1	1	1	1	0	0	0	0
03.08.2015 15:34:41.871000	-0.09	-0.0812878	-0.0850912	125.852	-668.078	25.9567	6	3	3	3	208.325	223	53.292	2.62626	0.693995	0.617103	7.64728	44.4198	19.332	96.0559	1	1	1	1	0	0	0	0
03.08.2015 15:34:41.971000	-0.09	-0.0812878	-0.0850912	125.844	-668.078	25.9559	6	3	3	3	253.567	223	53.3551	2.66544	0.73317	0.617103	7.65414	44.2554	19.3111	95.5068	1	1	1	1	0	0	0	0
03.08.2015 15:34:42.071000	-0.09	-0.0812878	-0.0850912	125.852	-668.078	25.9523	6	3	3	3	204.158	223	53.4208	2.6793	0.747029	0.617103	7.60333	44.3532	19.2982	95.9305	1	1	1	1	0	0	0	0
03.08.2015 15:34:42.171000	-0.09	-0.0812878	-0.0850912	125.852	-668.078	25.9456	6	3	3	3	216.186	223	53.4889	2.69599	0.763725	0.627183	7.60723	44.1847	19.2694	95.3957	1	1	1	1	0	0	0	0
03.08.2015 15:34:42.271000	-0.09	-0.0812878	-0.0850912	125.852	-668.078	25.9418	6	3	3	3	215.106	223	53.5531	2.71712	0.784854	0.647649	7.61212	44.3134	19.2499	95.9632	1	1	1	1	0	0	0	0
03.08.2015 15:34:42.371000	-0.09	-0.0812878	-0.0850912	125.852	-668.078	25.9429	6	3	3	3	210.816	223	53.6203	2.73847	0.806203	0.647649	7.60284	44.1603	19.2346	95.4357	1	1	1	1	0	0	0	0
03.08.2015 15:34:42.471000	-0.09	-0.0812878	-0.0850912	125.852	-668.078	25.9364	6	3	3	3	196.758	223	53.6889	2.77417	0.841903	0.647649	7.59821	44.1262	19.2129	95.388	1	1	1	1	0	0	0	0
03.08.2015 15:34:42.571000	-0.09	-0.0812878	-0.0850912	125.852	-668.078	25.9332	6	3	3	3	228.852	223	53.7541	2.81906	0.886798	0.667457	7.59311	44.1581	19.1971	95.5708	1	1	1	1	0	0	0	0
03.08.2015 15:34:42.671000	-0.09	-0.0812878	-0.0850912	125.852	-668.078	25.9292	6	3	3	3	210.89	223	53.8282	2.84336	0.911095	0.677662	7.59473	44.082	19.1772	95.3555	1	1	1	1	0	0	0	0
03.08.2015 15:34:42.771000	-0.09	-0.0812878	-0.0850912	125.852	-668.078	25.9261	6	3	3	3	211.785	223	53.8943	2.86707	0.934808	0.677662	7.59945	44.2138	19.1578	95.9342	1	1	1	1	0	0	0	0
03.08.2015 15:34:42.871000	-0.09	-0.0812878	-0.0850912	125.852	-668.078	25.9274	6	3	3	3	227.771	223	53.9645	2.89427	0.962006	0.679753	7.58597	43.9973	19.1347	95.1941	1	1	1	1	0	0	0	0
03.08.2015 15:34:42.971000	-0.09	-0.0812878	-0.0850912	125.852	-668.078	25.9288	6	3	3	3	210.336	223	54.0366	2.90835	0.976089	0.698577	7.57717	44.0297	19.1166	95.3873	1	1	1	1	0	0	0	0
03.08.2015 15:34:43.071000	-0.09	-0.0812878	-0.0850912	125.852	-668.078	25.9274	6	3	3	3	211.819	223	54.1008	2.9284	0.996134	0.698577	7.59933	44.1592	19.1251	95.8508	1	1	1	1	0	0	0	0
03.08.2015 15:34:43.171000	-0.09	-0.0812878	-0.0850912	125.852	-668.078	25.9261	6	3	3	3	180.995	223	54.1784	2.96301	1.03074	0.698577	7.6296	43.723	19.116	94.2151	1	1	1	1	0	0	0	0
03.08.2015 15:34:43.271000	-0.09	-0.0812878	-0.0850912	125.849	-668.078	25.9259	6	3	3	3	240.609	223	54.2465	3.01637	1.08411	0.700808	7.62248	44.1872	19.0858	96.1083	1	1	1	1	0	0	0	0
03.08.2015 15:34:43.371000	-0.09	-0.0812878	-0.0850912	125.852	-668.078	25.925	6	3	3	3	212.674	223	54.3211	3.04258	1.11031	0.702561	7.58559	43.7615	19.0716	94.5327	1	1	1	1	0	0	0	0
03.08.2015 15:34:43.471000	-0.09	-0.0812878	-0.0850912	125.852	-668.078	25.9274	6	3	3	3	212.613	223	54.3937	3.06906	1.1368	0.702561	7.60359	44.1258	19.0322	96.0784	1	1	1	1	0	0	0	0
03.08.2015 15:34:43.571000	-0.09	-0.0812878	-0.0850912	125.852	-668.078	25.9337	6	3	3	3	213.003	223	54.4649	3.09282	1.16056	0.706006	7.59948	43.7105	19.0119	94.5661	1	1	1	1	0	0	0	0
03.08.2015 15:34:43.671000	-0.09	-0.0812878	-0.0850912	125.852	-668.078	25.9317	6	3	3	3	204.55	223	54.541	3.1234	1.19113	0.727169	7.61858	43.5956	18.9949	94.3873	1	1	1	1	0	0	0	0
03.08.2015 15:34:43.771000	-0.09	-0.0812878	-0.0850912	125.852	-668.078	25.9353	6	3	3	3	222.029	223	54.6151	3.15789	1.22562	0.727169	7.61991	44.2403	18.9766	96.7297	1	1	1	1	0	0	0	0
03.08.2015 15:34:43.871000	-0.09	-0.0812878	-0.0850912	125.852	-668.078	25.9379	6	3	3	3	239.529	223	54.6902	3.185	1.25274	0.727169	7.639	43.5588	18.95	94.2219	1	1	1	1	0	0	0	0
03.08.2015 15:34:43.971000	-0.09	-0.0812878	-0.0850912	125.852	-668.078	25.938	6	3	3	3	243.66	223	54.7653	3.18841	1.25614	0.745155	7.62624	43.8597	18.9544	95.3572	1	1	1	1	0	0	0	0
03.08.2015 15:34:44.071000	-0.09	-0.0812878	-0.0850912	125.852	-668.078	25.9353	6	3	3	3	231.867	223	54.8389	3.16025	1.22798	0.749102	7.58811	44.0979	18.9391	96.2492	1	1	1	1	0	0	0	0
03.08.2015 15:34:44.171000	-0.09	-0.0812878	-0.0850912	125.852	-668.078	25.9353	6	3	3	3	196.674	223	54.9121	3.13587	1.2036	0.749102	7.59705	43.4256	18.9312	93.9112	1	1	1	1	0	0	0	0
03.08.2015 15:34:44.271000	-0.09	-0.0812878	-0.0850912	125.852	-668.078	25.9342	6	3	3	3	233.3	223	54.9892	3.13714	1.20488	0.746891	7.61236	43.9036	18.9318	95.1552	1	1	1	1	0	0	0	0
03.08.2015 15:34:44.371000	-0.09	-0.0812878	-0.0850912	125.852	-668.078	25.9315	6	3	3	3	182.651	223	55.0588	3.14822	1.21595	0.74459	7.61301	44.244	18.9157	97.0246	1	1	1	1	0	0	0	0
03.08.2015 15:34:44.471000	-0.09	-0.0812878	-0.0850912	125.854	-668.078	25.9285	6	3	3	3	279.705	223	55.1364	3.1726	1.24034	0.74459	7.62439	43.5207	18.9069	94.241	1	1	1	1	0	0	0	0
03.08.2015 15:34:44.571000	-0.09	-0.0812878	-0.0850912	125.852	-668.078	25.9294	6	3	3	3	233.038	223	55.207	3.14069	1.20843	0.743533	7.54507	43.647	18.9052	94.7313	1	1	1	1	0	0	0	0
03.08.2015 15:34:44.671000	-0.09	-0.0812878	-0.0850912	125.852	-668.078	25.9281	6	3	3	3	211.797	223	55.2826	3.12119	1.18892	0.731382	7.57901	44.0964	18.9005	96.4698	1	1	1	1	0	0	0	0
03.08.2015 15:34:44.771000	-0.09	-0.0812878	-0.0850912	125.852	-668.078	25.9299	6	3	3	3	223.666	223	55.3543	3.11504	1.18277	0.731382	7.58707	43.3974	18.8978	93.804	1	1	1	1	0.07	0	0	0
03.08.2015 15:34:44.871000	-0.09	-0.0812878	-0.0850912	125.852	-668.078	25.9292	6	3	3	3	213.656	223.309	55.4319	3.11355	1.18129	0.731382	7.59602	43.6474	18.883	94.8178	1	1	1	1	1	0	0	0
03.08.2015 15:34:44.971000	-0.09	-0.0812878	-0.0850912	125.855	-668.078	25.9277	6	3	3	3	210.18	224.911	55.5	3.15094	1.21867	0.731523	7.61174	43.9872	18.8792	96.1338	1	1	1	1	1	0	0	0
03.08.2015 15:34:45.071000	-0.09	-0.0812878	-0.0850912	125.852	-668.078	25.9263	6	3	3	3	224.705	228.004	55.5831	3.24525	1.31298	0.731586	7.61277	43.5837	18.8665	94.6372	1	1	1	1	1	0	0	0
03.08.2015 15:34:45.171000	-0.09	-0.0812878	-0.0850912	125.852	-668.078	25.9294	6	3	3	3	204.052	232.588	55.6572	3.35427	1.42201	0.731586	7.63817	43.3439	18.844	93.8052	1	1	1	1	1	0	0	0
03.08.2015 15:34:45.271000	-0.09	-0.0812878	-0.0850912	125.859	-668.078	25.9314	6	3	3	3	235.654	238.663	55.7393	3.54443	1.61216	0.768957	7.65449	43.9468	18.802	96.2747	1	1	1	1	1	0	0	0
03.08.2015 15:34:45.371000	-0.09	-0.0812878	-0.0850912	125.859	-668.078	25.937	6	3	3	3	240.285	246.23	55.8298	3.7722	1.83994	0.797148	7.62292	43.5525	18.7361	95.0169	1	1	1	1	1	0	0	0
03.08.2015 15:34:45.471000	-0.09	-0.0812878	-0.0850912	125.859	-668.078	25.9426	6	3	3	3	300.856	255.286	55.9193	3.97267	2.0404	0.797148	7.6038	43.4929	18.656	95.0957	1	1	1	1	1	0	0	0
03.08.2015 15:34:45.571000	-0.09	-0.0812878	-0.0850912	125.859	-668.078	25.9462	6	3	3	3	243.217	265.832	56.0138	4.08924	2.15697	0.885107	7.56787	43.4546	18.5736	95.2644	1	1	1	1	1	0	0	0
03.08.2015 15:34:45.671000	-0.09	-0.0812878	-0.0850912	125.859	-668.078	25.9487	6	3	3	3	266.16	277.871	56.1113	4.2991	2.36684	0.904414	7.58596	43.187	18.4626	94.665	1	1	1	1	1	0	0	0
03.08.2015 15:34:45.771000	-0.09	-0.0812878	-0.0850912	125.859	-668.078	25.9478	6	3	3	3	303.416	291.399	56.2143	4.5803	2.64804	0.931207	7.56391	42.7801	18.3278	93.6227	1	1	1	1	1	0	0	0
03.08.2015 15:34:45.871000	-0.09	-0.0812878	-0.0850912	125.859	-668.078	25.9436	6	3	3	3	265.831	306.42	56.3197	4.86647	2.9342	0.990843	7.53784	42.9298	18.176	94.7771	1	1	1	1	1	0	0	0
03.08.2015 15:34:45.971000	-0.09	-0.0812878	-0.0850912	125.859	-668.078	25.9391	6	3	3	3	367.715	322.93	56.4391	5.23784	3.30557	1.01035	7.5738	42.6623	17.985	94.4843	1	1	1	1	1	0	0	0
03.08.2015 15:34:46.071000	-0.09	-0.0812878	-0.0850912	125.859	-668.078	25.9386	6	3	3	3	280.107	340.928	56.5615	5.5726	3.64034	1.14087	7.55744	42.3392	17.8108	93.9143	1	1	1	1	1	0	0	0
03.08.2015 15:34:46.171000	-0.09	-0.0812878	-0.0850912	125.859	-668.078	25.9364	6	3	3	3	365.438	360.422	56.6978	6.08361	4.15135	1.19003	7.58376	42.1617	17.5613	94.1903	1	1	1	1	1	0	0	0
03.08.2015 15:34:46.271000	-0.09	-0.0812878	-0.0850912	125.859	-668.078	25.9346	6	3	3	3	371.738	381.403	56.844	6.57996	4.6477	1.32997	7.52276	41.9039	17.2594	94.3588	1	1	1	1	1	0	0	0
03.08.2015 15:34:46.371000	-0.09	-0.0812878	-0.0850912	125.859	-668.078	25.9304	6	3	3	3	329.608	403.878	57.0037	7.12974	5.19747	1.46961	7.55727	41.8235	16.9488	95.2403	1	1	1	1	1	0	0	0
03.08.2015 15:34:46.471000	-0.09	-0.0812878	-0.0850912	125.859	-668.078	25.9332	6	3	3	3	367.874	427.842	57.1768	7.91625	5.98398	1.58303	7.64066	41.1749	16.5602	94.2448	1	1	1	1	1	0	0	0
03.08.2015 15:34:46.571000	-0.09	-0.0812878	-0.0850912	125.859	-668.078	25.9315	6	3	3	3	399.527	453.294	57.3673	8.83673	6.90446	1.72682	7.63013	40.7018	16.0938	94.2191	1	1	1	1	1	0	0	0
03.08.2015 15:34:46.671000	-0.09	-0.0812878	-0.0850912	125.859	-668.078	25.9285	6	3	3	3	420.052	480.241	57.5797	9.82634	7.89407	1.99801	7.54848	40.1999	15.6116	94.1438	1	1	1	1	1	0	0	0
03.08.2015 15:34:46.771000	-0.09	-0.0812878	-0.0850912	125.859	-668.078	25.9272	6	3	3	3	465.312	508.677	57.8095	10.9317	8.99945	2.18837	7.5537	39.6912	15.1133	94.1039	1	1	1	1	1	0	0	0
03.08.2015 15:34:46.871000	-0.09	-0.0812878	-0.0850912	125.859	-668.078	25.9277	6	3	3	3	441.123	538.607	58.0622	12.133	10.2007	2.40133	7.56294	39.1675	14.6333	93.9365	1	1	1	1	1	0	0	0
03.08.2015 15:34:46.971000	-0.09	-0.0812878	-0.0850912	125.859	-668.078	25.931	6	3	3	3	503.125	570.026	58.3383	13.4321	11.4998	2.64333	7.54013	38.706	14.1752	93.9234	1	1	1	1	1	0	0	0
03.08.2015 15:34:47.071000	-0.09	-0.0812878	-0.0850912	125.859	-668.078	25.9321	6	3	3	3	500.916	602.932	58.6462	14.7883	12.8561	3.03827	7.48899	38.2582	13.7922	93.6757	1	1	1	1	1	0	0	0
03.08.2015 15:34:47.171000	-0.09	-0.0812878	-0.0850912	125.859	-668.078	25.9321	6	3	3	3	539.624	637.33	58.9785	16.2793	14.3471	3.26125	7.49795	37.9059	13.4721	93.5521	1	1	1	1	1	0	0	0
03.08.2015 15:34:47.271000	-0.09	-0.0812878	-0.0850912	125.859	-668.078	25.9321	6	3	3	3	538.585	673.22	59.3406	17.9267	15.9945	3.54587	7.51466	37.6606	13.2276	93.5491	1	1	1	1	1	0	0	0
03.08.2015 15:34:47.371000	-0.09	-0.0812878	-0.0850912	125.859	-668.078	25.931	6	3	3	3	552.139	710.604	59.7286	19.77	17.8377	3.83668	7.53628	37.5174	13.1062	93.4654	1	1	1	1	1	0	0	0
03.08.2015 15:34:47.471000	-0.09	-0.0812878	-0.0850912	125.859	-668.078	25.9342	6	3	3	3	665.135	749.476	60.1524	21.7952	19.863	4.20922	7.54569	37.5457	13.1455	93.4233	1	1	1	1	1	0	0	0
03.08.2015 15:34:47.571000	-0.09	-0.0812878	-0.0850912	125.859	-668.078	25.9342	6	3	3	3	653.327	506.949	60.609	23.7036	10.9106	4.56739	7.48324	37.7267	13.3711	93.253	1	1	1	1	1	0.49	0	0.49
03.08.2015 15:34:47.671000	-0.09	-0.0812878	-0.0850912	125.859	-668.078	25.9328	6	3	3	3	1745.46	223	63.2075	24.0969	0	62.4126	7.45155	82.8512	19.3376	243.181	1	1	1	1	1	1	0.18	1
03.08.2015 15:34:47.771000	-0.09	-0.0812878	-0.0829598	125.871	-668.078	25.9342	6	3	3	3	912.532	223	66.0279	24.0969	0	99.4506	5.58322	99.747	0.756493	379.015	1	1	1	1	1	1	1	1
03.08.2015 15:34:47.871000	-0.09	-0.0812878	-0.0808284	125.844	-668.078	25.6695	6	3	3	3	11.2512	223	66.0075	24.0969	0	99.4506	3.74427	111.462	0.381787	425.305	1	1	1	1	1	1	1	1
03.08.2015 15:34:47.971000	-0.09	-0.0812878	-0.0808284	125.805	-668.102	21.2972	6	3	3	3	1.84406	223	66.0075	24.0969	0	99.4506	2.54249	128.918	0.388806	492.113	1	1	1	1	1	1	1	1
03.08.2015 15:34:48.071000	-0.09	-0.0812878	-0.0808284	125.805	-668.094	16.9839	6	3	3	3	0.533532	223	66.0075	24.0969	0	99.4506	1.79876	142.765	0.350108	545.278	1	1	1	1	1	1	1	1
03.08.2015 15:34:48.171000	-0.09	-0.0812878	-0.0808284	125.805	-668.094	13.7733	6	3	3	3	0.307657	223	66.0075	24.0969	0	99.4506	1.29496	148.168	0.307138	566.131	1	1	1	1	1	1	1	1
03.08.2015 15:34:48.271000	-0.09	-0.0812878	-0.0808284	125.805	-668.102	10.527	6	3	3	3	0.277974	223	66.0075	24.0969	0	99.4506	1.05966	149.979	0.305734	573.07	1	1	1	1	1	1	1	1
03.08.2015 15:34:48.371000	-0.09	-0.0812878	-0.0808284	125.805	-668.094	7.86187	6	3	3	3	0.272203	223	66.0075	24.0969	0	99.4506	0.88946	150.594	0.30726	575.417	1	1	1	1	1	1	1	1
03.08.2015 15:34:48.471000	-0.09	-0.0812878	-0.0808284	125.805	-668.104	6.47859	6	3	3	3	0.273499	223	66.0075	24.0969	0	99.4506	0.741479	150.616	0.30549	575.509	1	1	1	1	1	1	1	1
03.08.2015 15:34:48.571000	-0.09	-0.0812878	-0.0808284	125.805	-668.102	5.68522	6	3	3	3	0.2855	223	66.0075	24.0969	0	99.4506	0.645696	150.611	0.303842	575.498	1	1	1	1	1	1	1	1
03.08.2015 15:34:48.671000	-0.09	-0.0812878	-0.0808284	125.807	-668.099	4.48966	6	3	3	3	0.294094	223	66.0075	24.0969	0	83.5385	0.581655	150.609	0.305246	575.484	1	1	1	1	1	1	1	1
03.08.2015 15:34:48.771000	-0.09	-0.0812878	-0.0808284	125.809	-668.102	3.7538	6	3	3	3	0.299135	223	66.0075	24.0969	0	0	0.529217	150.593	0.304636	575.424	1	1	1	1	1	1	1	1
03.08.2015 15:34:48.871000	-0.09	-0.0812878	-0.0808284	125.81	-668.102	3.2534	6	3	3	3	0.280805	223	66.0075	24.0969	0	0	0.477242	150.552	0.303781	575.27	1	1	1	1	1	1	1	1
03.08.2015 15:34:48.971000	-0.09	-0.0812878	-0.0808284	125.813	-668.098	2.83691	6	3	3	3	0.303808	223	66.0075	24.0969	0	0	0.439692	150.523	0.305124	575.154	1	1	1	1	1	1	1	1
03.08.2015 15:34:49.071000	-0.09	-0.0812878	-0.0808284	125.813	-668.102	1.53212	6	3	3	3	0.294001	223	66.0075	24.0969	0	0	0.412637	150.497	0.305551	575.052	1	1	1	1	1	1	1	1
03.08.2015 15:34:49.171000	-0.09	-0.0812878	-0.0808284	125.813	-668.098	0.172526	6	3	3	3	0.292103	223	66.0075	24.0969	0	0	0.387507	150.469	0.309214	574.931	1	1	1	1	1	1	1	1
03.08.2015 15:34:49.271000	-0.09	-0.0812878	-0.0808284	125.813	-668.102	0.135634	6	3	3	3	0.280067	223	66.0075	24.0969	0	0	0.360728	150.45	0.314097	574.841	1	1	1	1	1	1	1	1
03.08.2015 15:34:49.371000	-0.09	-0.0812878	-0.0808284	125.813	-668.102	0.11122	6	3	3	3	0.292764	223	66.0075	24.0969	0	0	0.344148	150.433	0.322214	574.744	1	1	1	1	1	1	1	1
03.08.2015 15:34:49.471000	-0.09	-0.0812878	-0.0808284	125.813	-668.102	0.0907841	6	3	3	3	0.292726	223	66.0075	24.0969	0	0	0.328986	150.432	0.334422	574.695	1	1	1	1	1	1	1	1
03.08.2015 15:34:49.571000	-0.09	-0.0812878	-0.0808284	125.809	-668.102	0.0775825	6	3	3	3	0.262217	223	66.0075	24.0969	0	0	0.313578	150.417	0.341929	574.607	1	1	1	1	1	1	1	1
03.08.2015 15:34:49.671000	-0.09	-0.0812878	-0.0808284	125.81	-668.102	0.0661892	6	3	3	3	0.291353	223	66.0075	24.0969	0	0	0.299457	150.46	0.340831	574.777	1	1	1	1	1	1	1	1
03.08.2015 15:34:49.771000	-0.09	-0.0812878	-0.0808284	125.813	-668.102	0.0526259	6	3	3	3	0.261772	223	66.0075	24.0969	0	0	0.290213	150.638	0.349132	575.425	1	1	1	1	1	1	1	1
03.08.2015 15:34:49.871000	-0.09	-0.0812878	-0.0808284	125.813	-668.102	0.0405093	6	3	3	3	0.274497	223	66.0075	24.0969	0	0	0.280208	150.656	0.353587	575.479	1	1	1	1	1	1	1	1
03.08.2015 15:34:49.971000	-0.09	-0.0812878	-0.0808284	125.813	-668.102	0.0298394	6	3	3	3	0.257551	223	66.0075	24.0969	0	0	0.269336	150.645	0.356883	575.422	1	1	1	1	1	1	1	1
03.08.2015 15:34:50.071000	-0.09	-0.0812878	-0.0808284	125.813	-668.102	0.0231481	6	3	3	3	0.268916	223	66.0075	24.0969	0	0	0.261683	150.633	0.3614	575.359	1	1	1	1	1	1	1	1
03.08.2015 15:34:50.171000	-0.09	-0.0812878	-0.0808284	125.813	-668.102	0.0141059	6	3	3	3	0.269558	223	66.0075	24.0969	0	0	0.255339	150.619	0.368236	575.28	1	1	1	1	1	1	1	1
03.08.2015 15:34:50.271000	-0.09	-0.0812878	-0.0808284	125.813	-668.102	0.00795718	6	3	3	3	0.303046	223	66.0075	24.0969	0	0	0.248705	150.613	0.37318	575.238	1	1	1	1	1	1	1	1
03.08.2015 15:34:50.371000	-0.09	-0.0812878	-0.0808284	125.809	-668.102	0.00325521	6	3	3	3	0.295145	223	66.0075	24.0969	0	0	0.240726	150.622	0.37318	575.273	1	1	1	1	1	1	1	1
03.08.2015 15:34:50.471000	-0.09	-0.0812878	-0.0808284	125.81	-668.102	0.00036169	6	3	3	3	0.285181	223	66.0075	24.0969	0	0	0.236986	150.638	0.37843	575.314	1	1	1	1	1	1	1	1
03.08.2015 15:34:50.571000	-0.09	-0.0812878	-0.0808284	125.813	-668.102	-0.00108507	6	3	3	3	0.285111	223	66.0075	24.0969	0	0	0.230447	150.656	0.384777	575.359	1	1	1	1	1	1	1	1
03.08.2015 15:34:50.671000	-0.09	-0.0812878	-0.0808284	125.813	-668.102	-0.00289352	6	3	3	3	0.265443	223	66.0075	24.0969	0	0	0.226194	150.697	0.391247	575.489	1	1	1	1	1	1	1	1
03.08.2015 15:34:50.771000	-0.09	-0.0812878	-0.0808284	125.805	-668.102	-0.00434028	6	3	3	3	0.277446	223	66.0075	2.65066	0	0	0.219821	150.975	0.397168	576.532	1	1	1	1	1	1	1	0.11
03.08.2015 15:34:50.871000	-0.09	-0.0812878	-0.0808284	125.805	-668.102	-0.00470197	6	3	3	3	0.278158	223	66.0075	0	0	0	0.218714	150.54	0.400403	574.854	1	1	1	1	1	1	1	0
03.08.2015 15:34:50.971000	-0.09	-0.0812878	-0.0808284	125.809	-668.102	-0.00434028	6	3	3	3	0.261167	223	66.0075	0	0	0	0.212731	150.614	0.424696	575.046	1	1	1	1	1	1	1	0
03.08.2015 15:34:51.071000	-0.09	-0.0812878	-0.0808284	125.807	-668.102	-0.00506366	6	3	3	3	0.297972	223	66.0229	0	0	0	0.209324	150.524	0.418287	574.727	1	1	1	1	1	1	1	0
03.08.2015 15:34:51.171000	-0.09	-0.0812878	-0.0808284	125.785	-668.098	-0.00542535	6	3	3	3	0.289144	223	66.0572	0	0	0	0.206301	150.46	0.428663	574.44	1	1	1	1	1	1	1	0
03.08.2015 15:34:51.271000	-0.09	-0.0812878	-0.0808284	125.721	-668.094	-0.00470197	6	3	3	3	0.281927	223	66.0572	0	0	0	0.206843	150.427	0.431471	574.303	1	1	1	1	1	1	1	0
03.08.2015 15:34:51.371000	-0.09	-0.0812878	-0.0808284	125.707	-668.094	-0.00488281	6	3	3	3	0.27372	223	66.0572	0	0	0	0.209129	150.4	0.429579	574.208	1	1	1	1	1	1	1	0
03.08.2015 15:34:51.471000	-0.09	-0.0812878	-0.0808284	125.661	-668.102	-0.00470197	6	3	3	3	0.275969	223	66.0572	0	0	0	0.212818	150.378	0.428053	574.127	1	1	1	1	1	1	1	0
03.08.2015 15:34:51.571000	-0.09	-0.0812878	-0.0808284	125.648	-668.094	-0.00488281	6	3	3	3	0.273929	223	66.0572	0	0	0	0.217716	150.352	0.425611	574.038	1	1	1	1	1	1	1	0
03.08.2015 15:34:51.671000	-0.09	-0.0812878	-0.0808284	125.648	-668.096	-0.00470197	6	3	3	3	0.289213	223	66.0572	0	0	0.00646074	0.218851	150.324	0.425916	573.931	1	1	1	1	1	1	1	0
03.08.2015 15:34:51.771000	-0.09	-0.0812878	-0.0808284	125.648	-668.102	-0.00434028	6	3	3	3	0.25013	223	66.0572	0	0	0.049698	0.222208	150.301	0.42378	573.848	1	1	1	1	1	1	1	0
03.08.2015 15:34:51.871000	-0.09	-0.0812878	-0.0808284	125.648	-668.094	-0.00434028	6	3	3	3	0.261135	223	66.0572	0	0	0.049698	0.22275	150.278	0.42555	573.754	1	1	1	1	1	1	1	0
03.08.2015 15:34:51.971000	-0.09	-0.0812878	-0.0808284	125.648	-668.094	-0.00596788	6	3	3	3	0.268654	223	66.0572	0	0	0.049698	0.225644	150.253	0.422254	573.672	1	1	1	1	1	1	1	0
03.08.2015 15:34:52.071000	-0.09	-0.0812878	-0.0808284	125.648	-668.094	-0.00651042	6	3	3	3	0.284213	223	66.0572	0	0	0.049698	0.224436	150.23	0.42262	573.581	1	1	1	1	1	1	1	0
03.08.2015 15:34:52.171000	-0.09	-0.0812878	-0.0808284	125.648	-668.094	-0.00813802	6	3	3	3	0.282155	223	66.0572	0	0	0.049698	0.226468	150.209	0.422742	573.501	1	1	1	1	1	1	1	0
03.08.2015 15:34:52.271000	-0.09	-0.0812878	-0.0808284	125.648	-668.094	-0.0112124	6	3	3	3	0.277343	223	66.0572	0	0	0.049698	0.226505	150.186	0.422071	573.415	1	1	1	1	1	1	1	0
03.08.2015 15:34:52.371000	-0.09	-0.0812878	-0.0808284	125.648	-668.094	-0.00922309	6	3	3	3	0.272472	223	66.0572	0	0	0.049698	0.228255	150.163	0.421583	573.329	1	1	1	1	1	1	1	0
03.08.2015 15:34:52.471000	-0.09	-0.0812878	-0.0808284	125.648	-668.094	-0.0108507	6	3	3	3	0.283873	223	66.0572	0	0	0.049698	0.227373	150.144	0.420972	573.26	1	1	1	1	1	1	1	0
03.08.2015 15:34:52.571000	-0.09	-0.0812878	-0.0808284	125.648	-668.094	-0.0108507	6	3	3	3	0.290409	223	66.0572	0	0	0.049698	0.228928	150.124	0.420179	573.184	1	1	1	1	1	1	1	0
03.08.2015 15:34:52.671000	-0.09	-0.0812878	-0.0808284	125.646	-668.094	-0.00904225	6	3	3	3	0.279156	223	66.0572	0	0	0.0437342	0.231655	150.101	0.420362	573.098	1	1	1	1	1	1	1	0
03.08.2015 15:34:52.771000	-0.09	-0.0812878	-0.0808284	125.641	-668.094	-0.00759549	6	3	3	3	0.255548	223	66.0572	0	0	0	0.233413	150.084	0.387707	573.156	1	1	1	1	1	1	1	0
03.08.2015 15:34:52.871000	-0.09	-0.0812878	-0.0808284	125.641	-668.094	-0.00578704	6	3	3	3	0.290165	223	66.0572	0	0	0	0.237008	150.057	0.401624	572.999	1	1	1	1	1	1	1	0
03.08.2015 15:34:52.971000	-0.09	-0.0812878	-0.0808284	125.641	-668.066	-0.00488281	6	3	3	3	0.295639	223	66.0572	0	0	0	0.239048	150.039	0.412488	572.891	1	1	1	1	1	1	1	0
03.08.2015 15:34:53.071000	-0.09	-0.0812878	-0.0808284	125.667	-667.068	-0.00397859	6	3	3	3	0.307081	223	66.0572	0	0	0	0.242947	150.029	0.425367	572.804	1	1	1	1	1	1	1	0
03.08.2015 15:34:53.171000	-0.09	-0.0812878	-0.0808284	125.789	-660.785	-0.0016276	6	3	3	3	0.300484	223	66.0572	0	0	0	0.243728	149.996	0.419324	572.699	1	1	1	1	1	1	1	0
03.08.2015 15:34:53.271000	-0.09	-0.0812878	-0.0808284	125.786	-640.914	0	6	3	3	3	0.295816	223	66.0572	0	0	0	0.247099	149.983	0.422315	572.638	1	1	1	1	1	1	1	0
03.08.2015 15:34:53.371000	-0.09	-0.0812878	-0.0808284	125.789	-612.656	0	6	3	3	3	0.28064	223	66.0572	0	0	0	0.248061	149.966	0.421583	572.576	1	1	1	1	1	1	1	0
03.08.2015 15:34:53.471000	-0.09	-0.0812878	-0.0808284	125.789	-580.695	0.00036169	6	3	3	3	0.282075	223	66.0572	0	0	0	0.251107	149.942	0.418836	572.495	1	1	1	1	1	1	1	0
03.08.2015 15:34:53.571000	-0.09	-0.0812878	-0.0808284	125.789	-549.191	0.00108507	6	3	3	3	0.272938	223	66.0572	0	0	0	0.2511	149.926	0.420118	572.429	1	1	1	1	1	1	1	0
03.08.2015 15:34:53.671000	-0.09	-0.0812878	-0.0808284	125.789	-513.898	-0.00108507	6	3	3	3	0.290533	223	66.0572	0	0	0	0.253668	149.907	0.415845	572.373	1	1	1	1	1	1	1	0
03.08.2015 15:34:53.771000	-0.09	-0.0812878	-0.0808284	125.789	-465.961	-0.00217014	6	3	3	3	0.297284	223	66.0572	0	0	0	0.25481	149.89	0.417005	572.302	1	1	1	1	1	1	1	0
03.08.2015 15:34:53.871000	-0.09	-0.0812878	-0.0808284	125.789	-414.263	-0.00506366	6	3	3	3	0.315142	223	66.0572	0	0	0	0.256322	149.878	0.420301	572.244	1	1	1	1	1	1	1	0
03.08.2015 15:34:53.971000	-0.09	-0.0812878	-0.0808284	125.789	-371.656	-0.00759549	6	3	3	3	0.287967	223	66.0572	0	0	0	0.256214	149.889	0.420545	572.286	1	1	1	1	1	1	1	0
03.08.2015 15:34:54.071000	-0.09	-0.0812878	-0.0808284	125.786	-328.148	-0.00759549	6	3	3	3	0.295138	223	66.0572	0	0	0	0.257284	149.836	0.417249	572.093	1	1	1	1	1	1	1	0
03.08.2015 15:34:54.171000	-0.09	-0.0812878	-0.0808284	125.789	-268.086	-0.00596788	6	3	3	3	0.288234	223	66.0572	0	0	0	0.258623	149.815	0.419813	572.002	1	1	1	1	1	1	1	0
03.08.2015 15:34:54.271000	-0.09	-0.0812878	-0.0808284	125.789	-225.797	-0.00687211	6	3	3	3	0.258205	223	66.0572	0	0	0	0.258398	149.797	0.417493	571.944	1	1	1	1	1	1	1	0
03.08.2015 15:34:54.371000	-0.09	-0.0812878	-0.0808284	125.789	-183.164	-0.00651042	6	3	3	3	0.313037	223	66.0572	0	0	0	0.259158	149.781	0.417493	571.884	1	1	1	1	1	1	1	0
03.08.2015 15:34:54.471000	-0.09	-0.0812878	-0.0808284	125.789	-135.185	-0.00397859	6	3	3	3	0.313012	223	66.0572	0	0	0	0.258681	149.763	0.420667	571.8	1	1	1	1	1	1	1	0
03.08.2015 15:34:54.571000	-0.09	-0.0812878	-0.0808284	125.789	-81.5664	-0.00542535	6	3	3	3	0.31369	223	66.0572	0	0	0	0.260417	149.747	0.421155	571.738	1	1	1	1	1	1	1	0
03.08.2015 15:34:54.671000	-0.09	-0.0812878	-0.0808284	125.789	-39.4036	-0.0036169	6	3	3	3	0.304637	223	66.0572	0	0	0	0.258681	149.724	0.419263	571.659	1	1	1	1	1	1	1	0
03.08.2015 15:34:54.771000	-0.09	-0.0812878	-0.0808284	125.789	2.89844	-0.00379774	6	3	3	3	0.295935	223	66.0572	0	0	0	0.260417	149.709	0.419075	571.605	1	1	1	1	1	1	1	0
03.08.2015 15:34:54.871000	-0.09	-0.0812878	-0.0808284	125.789	56.3906	-0.00506366	6	3	3	3	0.321589	223	66.0572	0	0	0	0.260214	149.691	0.420052	571.531	1	1	1	1	1	1	1	0
03.08.2015 15:34:54.971000	-0.09	-0.0812878	-0.0808284	125.785	104.254	-0.00542535	6	3	3	3	0.291244	223	66.0572	0	0	0	0.261372	149.672	0.420789	571.452	1	1	1	1	1	1	1	0
03.08.2015 15:34:55.071000	-0.09	-0.0812878	-0.0808284	125.789	146.107	-0.00470197	6	3	3	3	0.312387	223	66.0572	0	0	0	0.261198	149.65	0.422437	571.364	1	1	1	1	1	1	1	0
03.08.2015 15:34:55.171000	-0.09	-0.0812878	-0.0808284	125.789	188.133	-0.00488281	6	3	3	3	0.314701	223	66.0572	0	0	0	0.261082	149.634	0.420545	571.308	1	1	1	1	1	1	1	0
03.08.2015 15:34:55.271000	-0.09	-0.0812878	-0.0808284	125.789	241.19	-0.00470197	6	3	3	3	0.297967	223	66.0572	0	0	0	0.261979	149.616	0.423353	571.229	1	1	1	1	1	1	1	0
03.08.2015 15:34:55.371000	-0.09	-0.0812878	-0.0808284	125.789	288.707	-0.00271267	6	3	3	3	0.317555	223	66.0572	0	0	0	0.262138	149.598	0.420911	571.168	1	1	1	1	1	1	1	0
03.08.2015 15:34:55.471000	-0.09	-0.0812878	-0.0808284	125.789	330.578	-0.00180845	6	3	3	3	0.291431	223	66.0572	0	0	0	0.261921	149.585	0.422559	571.112	1	1	1	1	1	1	1	0
03.08.2015 15:34:55.571000	-0.09	-0.0812878	-0.0808284	125.789	372.105	-0.0016276	6	3	3	3	0.315142	223	66.0572	0	0	0	0.261719	149.563	0.429273	571.004	1	1	1	1	1	1	1	0
03.08.2015 15:34:55.671000	-0.09	-0.0812878	-0.0808284	125.789	430.615	0	6	3	3	3	0.301733	223	66.0572	0	0	0	0.263411	149.546	0.423841	570.96	1	1	1	1	1	1	1	0
03.08.2015 15:34:55.771000	-0.09	-0.0812878	-0.0808284	125.789	472.195	0.000542535	6	3	3	3	0.305946	223	66.0572	0	0	0	0.261762	149.531	0.426527	570.89	1	1	1	1	1	1	1	0
03.08.2015 15:34:55.871000	-0.09	-0.0812878	-0.0808284	125.789	513.938	0.00072338	6	3	3	3	0.296544	223	66.0572	0	0	0	0.262876	149.513	0.427198	570.82	1	1	1	1	1	1	1	0
03.08.2015 15:34:55.971000	-0.09	-0.0812878	-0.0808284	125.789	562.402	0	6	3	3	3	0.32406	223	66.0572	0	0	0	0.262789	149.495	0.426771	570.754	1	1	1	1	1	1	1	0
03.08.2015 15:34:56.071000	-0.09	-0.0812878	-0.0808284	125.789	601.75	-0.00144676	6	3	3	3	0.304569	223	66.0572	0	0	0	0.263542	149.478	0.425123	570.693	1	1	1	1	1	1	1	0
03.08.2015 15:34:56.171000	-0.09	-0.0812878	-0.0808284	125.789	628.891	-0.0016276	6	3	3	3	0.311096	223	66.0572	0	0	0	0.262789	149.462	0.422864	570.64	1	1	1	1	1	1	1	0
03.08.2015 15:34:56.271000	-0.09	-0.0812878	-0.0808284	125.789	650.117	-0.00180845	6	3	3	3	0.31784	223	66.0572	0	0	0	0.262717	149.444	0.424451	570.567	1	1	1	1	1	1	1	0
03.08.2015 15:34:56.371000	-0.09	-0.0812878	-0.0808284	125.789	669.898	-0.0016276	6	3	3	3	0.301632	223	66.0572	0	0	0	0.263325	149.43	0.423963	570.513	1	1	1	1	1	1	1	0
03.08.2015 15:34:56.471000	-0.09	-0.0812878	-0.0808284	125.789	674.701	-0.0036169	6	3	3	3	0.29872	223	66.0572	0	0	0	0.262717	149.412	0.42201	570.452	1	1	1	1	1	1	1	0
03.08.2015 15:34:56.571000	-0.09	-0.0812878	-0.0808284	125.789	676.438	-0.00651042	6	3	3	3	0.321987	223	66.0572	0	0	0	0.263122	149.393	0.425306	570.368	1	1	1	1	1	1	1	0
03.08.2015 15:34:56.671000	-0.09	-0.0812878	-0.0808284	125.789	676.766	-0.00470197	6	3	3	3	0.297106	223	66.0572	0	0	0	0.262297	149.377	0.422315	570.319	1	1	1	1	1	1	1	0
03.08.2015 15:34:56.771000	-0.09	-0.0812878	-0.0808284	125.789	676.781	-0.00651042	6	3	3	3	0.287521	223	66.0572	0	0	0	0.263744	149.362	0.428358	570.238	1	1	1	1	1	1	1	0
03.08.2015 15:34:56.871000	-0.09	-0.0812878	-0.0808284	125.789	676.781	-0.00759549	6	3	3	3	0.303688	223	66.0572	0	0	0	0.262052	149.331	0.428236	570.117	1	1	1	1	1	1	1	0
03.08.2015 15:34:56.971000	-0.09	-0.0812878	-0.0808284	125.785	676.773	-0.00813802	6	3	3	3	0.290767	223	66.0572	0	0	0	0.263021	149.336	0.428114	570.14	1	1	1	1	1	1	1	0
03.08.2015 15:34:57.071000	-0.09	-0.0812878	-0.0808284	125.617	676.797	-0.00831887	6	3	3	3	0.300856	223	66.0572	0	0	0	0.262355	149.323	0.430494	570.081	1	1	1	1	1	1	1	0
03.08.2015 15:34:57.171000	-0.09	-0.0812878	-0.0808284	125.684	676.82	-0.00868056	6	3	3	3	0.300908	223	66.0572	0	0	0	0.263108	149.301	0.42732	570.007	1	1	1	1	1	1	1	0
03.08.2015 15:34:57.271000	-0.09	-0.0812878	-0.0808284	125.701	676.805	-0.00868056	6	3	3	3	0.284248	223	66.0572	0	0	0	0.262109	149.284	0.424635	569.952	1	1	1	1	1	1	1	0
03.08.2015 15:34:57.371000	-0.09	-0.0812878	-0.0808284	125.617	676.805	-0.00813802	6	3	3	3	0.292203	223	66.0572	0	0	0	0.262095	149.267	0.425733	569.885	1	1	1	1	1	1	1	0
03.08.2015 15:34:57.471000	-0.09	-0.0812878	-0.0808284	125.641	676.802	-0.0072338	6	3	3	3	0.288767	223	66.0572	0	0	0	0.262703	149.253	0.428602	569.819	1	1	1	1	1	1	1	0
03.08.2015 15:34:57.571000	-0.09	-0.0812878	-0.0808284	125.641	676.801	-0.00813802	6	3	3	3	0.323359	223	66.0572	0	0	0	0.262471	149.236	0.43263	569.74	1	1	1	1	1	1	1	0
03.08.2015 15:34:57.671000	-0.09	-0.0812878	-0.0808284	125.643	676.799	-0.00868056	6	3	3	3	0.275907	223	66.0572	0	0	0	0.262457	149.22	0.432508	569.679	1	1	1	1	1	1	1	0
03.08.2015 15:34:57.771000	-0.09	-0.0812878	-0.0808284	125.648	676.789	-0.0108507	6	3	3	3	0.306801	223	66.0572	0	0	0	0.261661	149.205	0.429945	569.628	1	1	1	1	1	1	1	0
03.08.2015 15:34:57.871000	-0.09	-0.0812878	-0.0808284	125.648	676.792	-0.0112124	6	3	3	3	0.307285	223	66.0572	0	0	0	0.262934	149.186	0.429212	569.561	1	1	1	1	1	1	1	0
03.08.2015 15:34:57.971000	-0.09	-0.0812878	-0.0808284	125.648	676.797	-0.0113932	6	3	3	3	0.314232	223	66.0572	0	0	0	0.261661	149.168	0.433973	569.472	1	1	1	1	1	1	1	0
03.08.2015 15:34:58.071000	-0.09	-0.0812878	-0.0808284	125.648	676.797	-0.0112124	6	3	3	3	0.322448	223	66.0572	0	0	0	0.262442	149.154	0.431715	569.428	1	1	1	1	1	1	1	0
03.08.2015 15:34:58.171000	-0.09	-0.0812878	-0.0808284	125.648	676.797	-0.0108507	6	3	3	3	0.299317	223	66.0572	0	0	0	0.261675	149.142	0.430799	569.384	1	1	1	1	1	1	1	0
03.08.2015 15:34:58.271000	-0.09	-0.0812878	-0.0808284	125.648	676.797	-0.0119358	6	3	3	3	0.302035	223	66.0572	0	0	0	0.26263	149.123	0.431593	569.309	1	1	1	1	1	1	1	0
03.08.2015 15:34:58.371000	-0.09	-0.0812878	-0.0808284	125.648	676.797	-0.0124783	6	3	3	3	0.283487	223	66.0572	0	0	0	0.261589	149.11	0.433546	569.252	1	1	1	1	1	1	1	0
03.08.2015 15:34:58.471000	-0.09	-0.0812878	-0.0808284	125.648	676.799	-0.0115741	6	3	3	3	0.301567	223	66.0572	0	0	0	0.262471	149.095	0.436964	569.181	1	1	1	1	1	1	1	0
03.08.2015 15:34:58.571000	-0.09	-0.0812878	-0.0808284	125.648	676.805	-0.0108507	6	3	3	3	0.306055	223	66.0572	0	0	0	0.262312	149.08	0.442335	569.103	1	1	1	1	1	1	1	0
03.08.2015 15:34:58.671000	-0.09	-0.0812878	-0.0808284	125.648	676.802	-0.0112124	6	3	3	3	0.288354	223	66.0572	0	0	0	0.262572	149.062	0.445326	569.024	1	1	1	1	1	1	1	0
03.08.2015 15:34:58.771000	-0.09	-0.0812878	-0.0808284	125.648	676.805	-0.0108507	6	3	3	3	0.309568	223	66.0572	0	0	0	0.261921	149.046	0.449538	568.945	1	1	1	1	1	1	1	0
03.08.2015 15:34:58.871000	-0.09	-0.0812878	-0.0808284	125.648	676.805	-0.010489	6	3	3	3	0.29314	223	66.0572	0	0	0	0.261516	149.03	0.447218	568.892	1	1	1	1	1	1	1	0
03.08.2015 15:34:58.971000	-0.09	-0.0812878	-0.0808284	125.648	676.801	-0.00922309	6	3	3	3	0.308642	223	66.0572	0	0	0	0.2625	149.011	0.447523	568.822	1	1	1	1	1	1	1	0
03.08.2015 15:34:59.071000	-0.09	-0.0812878	-0.0808284	125.648	676.805	-0.00904225	6	3	3	3	0.30799	223	66.0572	0	0	0	0.26127	148.999	0.447096	568.775	1	1	1	1	1	1	1	0
03.08.2015 15:34:59.171000	-0.09	-0.0812878	-0.0808284	125.648	676.805	-0.00976563	6	3	3	3	0.294092	223	66.0572	0	0	0	0.262645	148.983	0.447523	568.714	1	1	1	1	1	1	1	0
03.08.2015 15:34:59.271000	-0.09	-0.0812878	-0.0808284	125.648	676.805	-0.0108507	6	3	3	3	0.278496	223	66.0572	0	0	0	0.261574	148.97	0.443739	568.679	1	1	1	1	1	1	1	0
03.08.2015 15:34:59.371000	-0.09	-0.0812878	-0.0808284	125.648	676.805	-0.0108507	6	3	3	3	0.297545	223	66.0572	0	0	0	0.262731	148.952	0.444899	568.602	1	1	1	1	1	1	1	0
03.08.2015 15:34:59.471000	-0.09	-0.0812878	-0.0808284	125.648	676.805	-0.0112124	6	3	3	3	0.302987	223	66.0572	0	0	0	0.261574	148.936	0.443068	568.55	1	1	1	1	1	1	1	0
03.08.2015 15:34:59.571000	-0.09	-0.0812878	-0.0808284	125.648	676.805	-0.015191	6	3	3	3	0.295149	223	66.0572	0	0	0	0.26224	148.923	0.443434	568.498	1	1	1	1	1	1	1	0
03.08.2015 15:34:59.671000	-0.09	-0.0812878	-0.0808284	125.648	676.805	-0.0133825	6	3	3	3	0.297429	223	66.0572	0	0	0	0.261733	148.906	0.440809	568.444	1	1	1	1	1	1	1	0
03.08.2015 15:34:59.771000	-0.09	-0.0812878	-0.0808284	125.648	676.805	-0.0124783	6	3	3	3	0.305538	223	66.0572	0	0	0	0.262384	148.892	0.441786	568.385	1	1	1	1	1	1	1	0
03.08.2015 15:34:59.871000	-0.09	-0.0812878	-0.0808284	125.648	676.805	-0.0119358	6	3	3	3	0.295327	223	66.0572	0	0	0	0.261878	148.879	0.442091	568.336	1	1	1	1	1	1	1	0
03.08.2015 15:34:59.971000	-0.09	-0.0812878	-0.0808284	125.648	676.805	-0.0108507	6	3	3	3	0.304001	223	66.0572	0	0	0	0.26156	148.864	0.441664	568.278	1	1	1	1	1	1	1	0
03.08.2015 15:35:00.071000	-0.09	-0.0812878	-0.0808284	125.648	676.805	-0.0101273	6	3	3	3	0.305336	223	66.0572	0	0	0	0.261921	148.851	0.444105	568.22	1	1	1	1	1	1	1	0
03.08.2015 15:35:00.171000	-0.09	-0.0812878	-0.0808284	125.648	676.805	-0.00922309	6	3	3	3	0.312542	223	66.0572	0	0	0	0.261126	148.84	0.442091	568.184	1	1	1	1	1	1	1	0
03.08.2015 15:35:00.271000	-0.09	-0.0812878	-0.0808284	125.648	676.805	-0.00868056	6	3	3	3	0.320368	223	66.0572	0	0	0	0.261487	148.826	0.441176	568.136	1	1	1	1	1	1	1	0
03.08.2015 15:35:00.371000	-0.09	-0.0812878	-0.0808284	125.648	676.805	-0.00922309	6	3	3	3	0.315254	223	66.0572	0	0	0	0.260807	148.811	0.438612	568.089	1	1	1	1	1	1	1	0
03.08.2015 15:35:00.471000	-0.09	-0.0812878	-0.0808284	125.648	676.805	-0.00976563	6	3	3	3	0.316082	223	66.0572	0	0	0	0.262587	148.798	0.439894	568.032	1	1	1	1	1	1	1	0
03.08.2015 15:35:00.571000	-0.09	-0.0812878	-0.0808284	125.648	676.805	-0.00813802	6	3	3	3	0.294293	223	66.0572	0	0	0	0.261328	148.783	0.437208	567.987	1	1	1	1	1	1	1	0
03.08.2015 15:35:00.671000	-0.09	-0.0812878	-0.0808284	125.648	676.805	-0.0112124	6	3	3	3	0.309661	223	66.0572	0	0	0	0.261907	148.77	0.440687	567.925	1	1	1	1	1	1	1	0
03.08.2015 15:35:00.771000	-0.09	-0.0812878	-0.0808284	125.648	676.805	-0.00922309	6	3	3	3	0.334717	223	66.0572	0	0	0	0.261343	148.759	0.440687	567.88	1	1	1	1	1	1	1	0
03.08.2015 15:35:00.871000	-0.09	-0.0812878	-0.0808284	125.648	676.805	-0.0108507	6	3	3	3	0.308508	223	66.0572	0	0	0	0.262095	148.745	0.442946	567.817	1	1	1	1	1	1	1	0
03.08.2015 15:35:00.971000	-0.09	-0.0812878	-0.0808284	125.648	676.805	-0.0108507	6	3	3	3	0.307109	223	66.0572	0	0	0	0.261343	148.73	0.438673	567.777	1	1	1	1	1	1	1	0
03.08.2015 15:35:01.071000	-0.09	-0.0812878	-0.0808284	125.648	676.805	-0.00868056	6	3	3	3	0.308837	223	66.0572	0	0	0	0.260981	148.716	0.439528	567.719	1	1	1	1	1	1	1	0
03.08.2015 15:35:01.171000	-0.09	-0.0812878	-0.0808284	125.648	676.805	-0.00759549	6	3	3	3	0.296585	223	66.0572	0	0	0	0.261878	148.7	0.442518	567.65	1	1	1	1	1	1	1	0
03.08.2015 15:35:01.271000	-0.09	-0.0812878	-0.0808284	125.648	676.805	-0.00470197	6	3	3	3	0.282505	223	66.0572	0	0	0	0.26127	148.69	0.438002	567.628	1	1	1	1	1	1	1	0
03.08.2015 15:35:01.371000	-0.09	-0.0812878	-0.0808284	125.648	676.805	-0.00542535	6	3	3	3	0.300203	223	66.0572	0	0	0	0.261487	148.671	0.436293	567.563	1	1	1	1	1	1	1	0
03.08.2015 15:35:01.471000	-0.09	-0.0812878	-0.0808284	125.648	676.805	-0.00397859	6	3	3	3	0.299054	223	66.0572	0	0	0	0.260793	148.659	0.438429	567.508	1	1	1	1	1	1	1	0
03.08.2015 15:35:01.571000	-0.09	-0.0812878	-0.0808284	125.648	676.805	-0.00434028	6	3	3	3	0.303558	223	66.0572	0	0	0	0.262066	148.646	0.436842	567.463	1	1	1	1	1	1	1	0
03.08.2015 15:35:01.671000	-0.09	-0.0812878	-0.0808284	125.648	676.805	-0.00397859	6	3	3	3	0.287062	223	66.0572	0	0	0	0.260503	148.634	0.43788	567.414	1	1	1	1	1	1	1	0
03.08.2015 15:35:01.771000	-0.09	-0.0812878	-0.0808284	125.648	676.805	-0.00596788	6	3	3	3	0.326624	223	66.0572	0	0	0	0.261574	148.622	0.44087	567.355	1	1	1	1	1	1	1	0
03.08.2015 15:35:01.871000	-0.09	-0.0812878	-0.0808284	125.648	676.81	-0.00506366	6	3	3	3	0.323536	223	66.0572	0	0	0	0.260909	148.605	0.435316	567.311	1	1	1	1	1	1	1	0
03.08.2015 15:35:01.971000	-0.09	-0.0812878	-0.0808284	125.648	676.809	-0.00488281	6	3	3	3	0.316268	223	66.0572	0	0	0	0.26127	148.594	0.435499	567.269	1	1	1	1	1	1	1	0
03.08.2015 15:35:02.071000	-0.09	-0.0812878	-0.0808284	125.648	676.813	-0.00470197	6	3	3	3	0.309593	223	66.0572	0	0	0	0.260185	148.582	0.435804	567.223	1	1	1	1	1	1	1	0
03.08.2015 15:35:02.171000	-0.09	-0.0812878	-0.0808284	125.648	676.809	-0.00488281	6	3	3	3	0.285686	223	66.0572	0	0	0	0.260648	148.568	0.435621	567.17	1	1	1	1	1	1	1	0
03.08.2015 15:35:02.271000	-0.09	-0.0812878	-0.0808284	125.648	676.813	-0.00470197	6	3	3	3	0.290372	223	66.0572	0	0	0	0.26072	148.56	0.435682	567.138	1	1	1	1	1	1	1	0
03.08.2015 15:35:02.371000	-0.09	-0.0812878	-0.0808284	125.648	676.813	-0.00488281	6	3	3	3	0.305641	223	66.0572	0	0	0	0.260981	148.548	0.43788	567.085	1	1	1	1	1	1	1	0
03.08.2015 15:35:02.471000	-0.09	-0.0812878	-0.0808284	125.648	676.82	-0.00506366	6	3	3	3	0.311485	223	66.0572	0	0	0	0.26072	148.531	0.438063	567.018	1	1	1	1	1	1	1	0
03.08.2015 15:35:02.571000	-0.09	-0.0812878	-0.0808284	125.648	676.82	-0.00705295	6	3	3	3	0.29259	223	66.0572	0	0	0	0.260214	148.517	0.438917	566.962	1	1	1	1	1	1	1	0
03.08.2015 15:35:02.671000	-0.09	-0.0812878	-0.0808284	125.648	676.815	-0.0072338	6	3	3	3	0.291582	223	66.0572	0	0	0	0.261733	148.506	0.436964	566.926	1	1	1	1	1	1	1	0
03.08.2015 15:35:02.771000	-0.09	-0.0812878	-0.0808284	125.648	676.813	-0.00813802	6	3	3	3	0.288075	223	66.0572	0	0	0	0.260547	148.491	0.438124	566.865	1	1	1	1	1	1	1	0
03.08.2015 15:35:02.871000	-0.09	-0.0812878	-0.0808284	125.648	676.813	-0.00940394	6	3	3	3	0.272419	223	66.0572	0	0	0	0.261531	148.482	0.436415	566.838	1	1	1	1	1	1	1	0
03.08.2015 15:35:02.971000	-0.09	-0.0812878	-0.0808284	125.648	676.813	-0.0108507	6	3	3	3	0.297883	223	66.0572	0	0	0	0.260373	148.467	0.437941	566.773	1	1	1	1	1	1	1	0
03.08.2015 15:35:03.071000	-0.09	-0.0812878	-0.0808284	125.648	676.818	-0.0108507	6	3	3	3	0.301259	223	66.0572	0	0	0	0.261907	148.451	0.43849	566.711	1	1	1	1	1	1	1	0
03.08.2015 15:35:03.171000	-0.09	-0.0812878	-0.0808284	125.648	676.813	-0.0113932	6	3	3	3	0.274278	223	66.0572	0	0	0	0.260475	148.437	0.440809	566.648	1	1	1	1	1	1	1	0
03.08.2015 15:35:03.271000	-0.09	-0.0812878	-0.0808284	125.648	676.813	-0.0108507	6	3	3	3	0.288662	223	66.0572	0	0	0	0.26156	148.427	0.437635	566.62	1	1	1	1	1	1	1	0
03.08.2015 15:35:03.371000	-0.09	-0.0812878	-0.0808284	125.648	676.813	-0.0113932	6	3	3	3	0.295346	223	66.0572	0	0	0	0.261198	148.415	0.439406	566.569	1	1	1	1	1	1	1	0
03.08.2015 15:35:03.471000	-0.09	-0.0812878	-0.0808284	125.648	676.813	-0.0119358	6	3	3	3	0.29285	223	66.0572	0	0	0	0.261126	148.401	0.443739	566.499	1	1	1	1	1	1	1	0
03.08.2015 15:35:03.571000	-0.09	-0.0812878	-0.0808284	125.648	676.813	-0.00922309	6	3	3	3	0.295823	223	66.0572	0	0	0	0.260576	148.387	0.445021	566.439	1	1	1	1	1	1	1	0
03.08.2015 15:35:03.671000	-0.09	-0.0812878	-0.0808284	125.648	676.813	-0.00831887	6	3	3	3	0.28657	223	66.0572	0	0	0	0.260547	148.376	0.444411	566.399	1	1	1	1	1	1	1	0
03.08.2015 15:35:03.771000	-0.09	-0.0812878	-0.0808284	125.648	676.813	-0.00705295	6	3	3	3	0.303316	223	66.0572	0	0	0	0.261545	148.36	0.442701	566.347	1	1	1	1	1	1	1	0
03.08.2015 15:35:03.871000	-0.09	-0.0812878	-0.0808284	125.648	676.813	-0.00542535	6	3	3	3	0.294928	223	66.0572	0	0	0	0.261024	148.346	0.442396	566.293	1	1	1	1	1	1	1	0
03.08.2015 15:35:03.971000	-0.09	-0.0812878	-0.0808284	125.648	676.816	-0.00488281	6	3	3	3	0.323438	223	66.0572	0	0	0	0.261632	148.337	0.440748	566.266	1	1	1	1	1	1	1	0
03.08.2015 15:35:04.071000	-0.09	-0.0812878	-0.0808284	125.648	676.818	-0.00470197	6	3	3	3	0.301692	223	66.0572	0	0	0	0.260605	148.323	0.439894	566.217	1	1	1	1	1	1	1	0
03.08.2015 15:35:04.171000	-0.09	-0.0812878	-0.0808284	125.648	676.816	-0.0016276	6	3	3	3	0.258807	223	66.0572	0	0	0	0.261965	148.31	0.437574	566.176	1	1	1	1	1	1	1	0
03.08.2015 15:35:04.271000	-0.09	-0.0812878	-0.0808284	125.648	676.818	-0.00217014	6	3	3	3	0.285772	223	66.0572	0	0	0	0.260851	148.298	0.43965	566.12	1	1	1	1	1	1	1	0
03.08.2015 15:35:04.371000	-0.09	-0.0812878	-0.0808284	125.648	676.813	-0.0016276	6	3	3	3	0.266132	223	66.0572	0	0	0	0.261907	148.29	0.440992	566.084	1	1	1	1	1	1	1	0
03.08.2015 15:35:04.471000	-0.09	-0.0812878	-0.0808284	125.648	676.815	-0.00144676	6	3	3	3	0.292642	223	66.0572	0	0	0	0.261155	148.276	0.442213	566.024	1	1	1	1	1	1	1	0
03.08.2015 15:35:04.571000	-0.09	-0.0812878	-0.0808284	125.648	676.813	-0.00271267	6	3	3	3	0.298307	223	66.0572	0	0	0	0.261994	148.263	0.444533	565.966	1	1	1	1	1	1	1	0
03.08.2015 15:35:04.671000	-0.09	-0.0812878	-0.0808284	125.648	676.813	-0.0036169	6	3	3	3	0.278597	223	66.0572	0	0	0	0.261444	148.249	0.446669	565.905	1	1	1	1	1	1	1	0
03.08.2015 15:35:04.771000	-0.09	-0.0812878	-0.0808284	125.648	676.82	-0.00488281	6	3	3	3	0.301103	223	66.0572	0	0	0	0.261126	148.234	0.445875	565.851	1	1	1	1	1	1	1	0
03.08.2015 15:35:04.871000	-0.09	-0.0812878	-0.0808284	125.648	676.818	-0.00542535	6	3	3	3	0.306931	223	66.0572	0	0	0	0.261733	148.224	0.445143	565.814	1	1	1	1	1	1	1	0
03.08.2015 15:35:04.971000	-0.09	-0.0812878	-0.0808284	125.648	676.816	-0.00651042	6	3	3	3	0.273238	223	66.0572	0	0	0	0.261126	148.213	0.445692	565.768	1	1	1	1	1	1	1	0
03.08.2015 15:35:05.071000	-0.09	-0.0812878	-0.0808284	125.648	676.815	-0.00397859	6	3	3	3	0.305131	223	66.0572	0	0	0	0.262023	148.201	0.44612	565.722	1	1	1	1	1	1	1	0
03.08.2015 15:35:05.171000	-0.09	-0.0812878	-0.0808284	125.648	676.816	-0.00488281	6	3	3	3	0.277785	223	66.0572	0	0	0	0.261039	148.188	0.445692	565.675	1	1	1	1	1	1	1	0
03.08.2015 15:35:05.271000	-0.09	-0.0812878	-0.0808284	125.648	676.818	-0.00325521	6	3	3	3	0.309745	223	66.0572	0	0	0	0.262399	148.176	0.441969	565.645	1	1	1	1	1	1	1	0
03.08.2015 15:35:05.371000	-0.09	-0.0812878	-0.0808284	125.648	676.82	-0.0016276	6	3	3	3	0.298183	223	66.0572	0	0	0	0.261531	148.161	0.443334	565.583	1	1	1	1	1	1	1	0
03.08.2015 15:35:05.471000	-0.09	-0.0812878	-0.0808284	125.648	676.82	-0.00217014	6	3	3	3	0.299594	223	66.0572	0	0	0	0.261986	148.155	0.443983	565.558	1	1	1	1	1	1	1	0
03.08.2015 15:35:05.571000	-0.09	-0.0812878	-0.0808284	125.648	676.82	-0.0016276	6	3	3	3	0.298997	223	66.0572	0	0	0	0.261921	148.141	0.44496	565.497	1	1	1	1	1	1	1	0
03.08.2015 15:35:05.671000	-0.09	-0.0812878	-0.0808284	125.648	676.82	-0.00180845	6	3	3	3	0.290151	223	66.0572	0	0	0	0.26208	148.126	0.442946	565.45	1	1	1	1	1	1	1	0
03.08.2015 15:35:05.771000	-0.09	-0.0812878	-0.0808284	125.648	676.82	-0.00217014	6	3	3	3	0.281549	223	66.0572	0	0	0	0.26114	148.121	0.447235	565.412	1	1	1	1	1	1	1	0
