Time	[76:0]	[76:1]	[76:2]	[76:4]	[76:8]	[76:70]	[76:71]	[78:0]	[78:1]	[78:2]	[79:2]	[79:3]	[79:4]	[79:8]	[79:9]	[79:10]	[79:11]	[79:12]	[79:13]	[79:14]	[79.0]	[79.1]	[79.2]	[79.3]	[79.4]	[79.5]	[79.6]	[79.8]
time	Hoogteverstelling - Referentie positie (mm)	Hoogteverstelling - AZ gemeten positie (mm)	Hoogteverstelling - BZ gemeten positie (mm)	Transfert Ingang - Gemeten positie (mm)	Transfert Uitgang - Gemeten positie (mm)	Aardgas - actueel debiet	Stappenschakelaar - gemeten pos	Laspos Ing - positie discreet	Laspos Uitg - positie discreet	Schaafverstelling - positie discreet	Stuikraam - Totale Stroommeting RMS-waarde (A)	Stuikraam - Stroomreferentie (A)	Stuikraam - Positie AZ (mm, pulsgever)	Stuikraam - Referentie Servo-ventiel (%)	Stuikraam - Trim door I-regelaar (%)	Stuikraam - Gemeten snelheid (mm/s, pulsgever)	Secundaire lasspanning	Stuikraam - Druk stuikcilinder voorkamer (=laszijde)  (bar)	Stuikraam - Druk stuikcilinder terugloopkamer  (bar)	Stuikraam - Netto voorwaartse kracht op stuikraam (kN)	Stuikraam - P1	Stuikraam - P2	Stuikraam - P3	Stuikraam - P4	Stuikraam - P5	Stuikraam - P6	Stuikraam - P7	Stuikraam - Openen stuikventielen	

Lasparameter.Ingang - Coil ID	0350994S
Lasparameter.Ingang - Dikte (um)	3730
Lasparameter.Ingang - Breedte (mm)	1635
Lasparameter.Ingang - Materiaal	0001
Lasparameter.Uitgang - Coil ID	0360063S
Lasparameter.Uitgang - Dikte (um)	3670
Lasparameter.Uitgang - Breedte (mm)	1649
Lasparameter.Uitgang - Materiaal	0001
Lasparameter.P2 (mm)	24.0
Lasparameter.P3 (mm)	34.0
Lasparameter.P4 (mm)	42.2
Lasparameter.P5 (mm)	51.4
Lasparameter.P6 (mm)	58.3
Lasparameter.P7 (mm)	62.2
Lasparameter.Vonksnelheid (mm/s)	1.20
Lasparameter.Lassnelheid (mm/s)	0.48
Lasparameter.Stroom Referentie (A)	0388
Lasparameter.Stroomtoename (µA/s2)	43.2
Lasparameter.Stuikstroomtijd (per)	0008
Lasparameter.Afkoeltijd Stuik (per)	0010
Lasparameter.Stuikdruk (bar)	0108
Lasparameter.Stuiksnelheid (%)	90.0

04.09.2015 02:54:14.309000	-0.03	-0.0299609	-0.025459	0.00390625	0.0390625	0.0016276	5	4	4	4	0.271114	388	0	0	0	0	0.400145	2.64852	124.204	-465.411	1	0	0	0	0	0	0	0
04.09.2015 02:54:14.409000	-0.03	-0.0299609	-0.025459	0	-0.0195313	0.00108507	5	4	4	4	0.2905	388	0	0	0	0	0.401591	5.91784	124.31	-453.3	1	0	0	0	0	0	0	0
04.09.2015 02:54:14.509000	-0.03	-0.0299609	-0.025459	0.00520833	0.0442708	0.0036169	5	4	4	4	0.28842	388	0	0	0	0	0.401071	2.97031	124.201	-464.169	1	0	0	0	0	0	0	0
04.09.2015 02:54:14.609000	-0.03	-0.0299609	-0.025459	0.0078125	-0.015625	0.00379774	5	4	4	4	0.287705	388	0	0	0	0	0.399783	6.91842	124.309	-449.464	1	0	0	0	0	0	0	0
04.09.2015 02:54:14.709000	-0.03	-0.0299609	-0.025459	0.00260417	0.00260417	0.00325521	5	4	4	4	0.325487	388	0	0	0	0	0.394372	5.44591	124.265	-454.933	1	0	0	0	0	0	0	0
04.09.2015 02:54:14.809000	-0.03	-0.0299609	-0.025459	0.0078125	-0.0195313	0.00108507	5	4	4	4	0.30222	388	0	0	0	0	0.390263	7.46068	124.299	-447.351	1	0	0	0	0	0	0	0
04.09.2015 02:54:14.909000	-0.03	-0.0299609	-0.025459	0.015625	-0.0130208	0.00108507	5	4	4	4	0.327234	388	0	0	0	0	0.387051	4.10535	124.134	-459.565	1	0	0	0	0	0	0	0
04.09.2015 02:54:15.009000	-0.03	-0.0299609	-0.025459	0.015625	-0.0234375	0.00108507	5	4	4	4	0.333737	388	0	0	0	0	0.385475	6.35749	124.189	-451.153	1	0	0	0	0	0	0	0
04.09.2015 02:54:15.109000	-0.03	-0.0299609	-0.025459	0.015625	-0.0234375	0.00180845	5	4	4	4	0.334309	388	0	0	0	0	0.383116	5.53697	124.139	-454.104	1	0	0	0	0	0	0	0
04.09.2015 02:54:15.209000	-0.03	-0.0299609	-0.025459	0.015625	0.015625	0.00108507	5	4	4	4	0.358376	388	0	0	0	0	0.382407	2.79012	123.999	-464.086	1	0	0	0	0	0	0	0
04.09.2015 02:54:15.309000	-0.03	-0.0299609	-0.025459	0.0104167	0.0104167	0.00108507	5	4	4	4	0.343927	388	0	0	0	0	0.380657	3.04501	123.974	-463.011	1	0	0	0	0	0	0	0
04.09.2015 02:54:15.409000	-0.03	-0.0299609	-0.025459	0.00390625	-0.222656	0.000542535	5	4	4	4	0.353697	388	0	0	0	0	0.379818	3.66485	123.968	-460.617	1	0	0	0	0	0	0	0
04.09.2015 02:54:15.509000	-0.03	-0.0299609	-0.025459	0.0078125	-1	0.00108507	5	4	4	4	0.3794	388	0	0	0	0	0.378602	3.41629	123.924	-461.376	1	0	0	0	0	0	0	0
04.09.2015 02:54:15.609000	-0.03	-0.0299609	-0.025459	0.0117188	-8.1875	0.00108507	5	4	4	4	0.347776	388	0	0	0	0	0.377628	7.47474	124.067	-446.391	1	0	0	0	0	0	0	0
04.09.2015 02:54:15.709000	-0.03	-0.0299609	-0.025459	0.0130208	-24.6094	0.00144676	5	4	4	4	0.326503	388	0	0	0	0	0.37644	6.37672	124.069	-450.628	1	0	0	0	0	0	0	0
04.09.2015 02:54:15.809000	-0.03	-0.0299609	-0.025459	0.015625	-44.2813	0	5	4	4	4	0.294237	388	0	0	0	0	0.375311	4.69167	123.961	-456.662	1	0	0	0	0	0	0	0
04.09.2015 02:54:15.909000	-0.03	-0.0299609	-0.025459	0.015625	-71.1563	0.00072338	5	4	4	4	0.298247	388	0	0	0	0	0.376136	5.29093	123.928	-454.237	1	0	0	0	0	0	0	0
04.09.2015 02:54:16.009000	-0.03	-0.0299609	-0.025459	0.015625	-107.242	0.0016276	5	4	4	4	0.336988	388	0	0	0	0	0.378436	6.20343	123.929	-450.75	1	0	0	0	0	0	0	0
04.09.2015 02:54:16.109000	-0.03	-0.0299609	-0.025459	0.0130208	-139.872	0.00144676	5	4	4	4	0.311268	388	0	0	0	0	0.382205	5.85803	123.904	-451.975	1	0	0	0	0	0	0	0
04.09.2015 02:54:16.209000	-0.03	-0.0299609	-0.025459	0.015625	-175.656	0.0016276	5	4	4	4	0.288768	388	0	0	0	0	0.385952	5.93921	123.87	-451.534	1	0	0	0	0	0	0	0
04.09.2015 02:54:16.309000	-0.03	-0.0299609	-0.025459	0.015625	-225.018	0.00108507	5	4	4	4	0.320495	388	0	0	0	0	0.389157	5.38304	123.83	-453.511	1	0	0	0	0	0	0	0
04.09.2015 02:54:16.409000	-0.03	-0.0299609	-0.025459	0.015625	-269.906	-0.00108507	5	4	4	4	0.293668	388	0	0	0	0	0.391319	5.02322	123.8	-454.773	1	0	0	0	0	0	0	0
04.09.2015 02:54:16.509000	-0.03	-0.0299609	-0.025459	0.00520833	-308.938	0.00108507	5	4	4	4	0.296961	388	0	0	0	0	0.393367	2.84903	123.664	-462.576	1	0	0	0	0	0	0	0
04.09.2015 02:54:16.609000	-0.03	-0.0299609	-0.025459	0.0195313	-348.484	0.00108507	5	4	4	4	0.313141	388	0	0	0	0	0.394799	4.80654	123.682	-455.152	1	0	0	0	0	0	0	0
04.09.2015 02:54:16.709000	-0.03	-0.0299609	-0.025459	0.401042	-404.221	0.00108507	5	4	4	4	0.291774	388	0	0	0	0	0.395978	5.23661	123.679	-453.494	1	0	0	0	0	0	0	0
04.09.2015 02:54:16.809000	-0.03	-0.0299609	-0.025459	1.72656	-444.367	0.00217014	5	4	4	4	0.305665	388	0	0	0	0	0.396969	4.48152	123.642	-456.24	1	0	0	0	0	0	0	0
04.09.2015 02:54:16.909000	-0.03	-0.0299609	-0.025459	11.9714	-484.076	0.00144676	5	4	4	4	0.304512	388	0	0	0	0	0.397859	5.19407	123.631	-453.47	1	0	0	0	0	0	0	0
04.09.2015 02:54:17.009000	-0.03	-0.0299609	-0.025459	33.3281	-531.813	0.0016276	5	4	4	4	0.307826	388	0	0	0	0	0.399132	4.9855	123.605	-454.17	1	0	0	0	0	0	0	0
04.09.2015 02:54:17.109000	-0.03	-0.0299609	-0.025459	59.0391	-575.581	0.00144676	5	4	4	4	0.302975	388	0	0	0	0	0.399175	4.57717	123.568	-455.592	1	0	0	0	0	0	0	0
04.09.2015 02:54:17.209000	-0.03	-0.0299609	-0.025459	84.3125	-603.672	0.00108507	5	4	4	4	0.287627	388	0	0	0	0	0.400579	4.19745	123.528	-456.895	1	0	0	0	0	0	0	0
04.09.2015 02:54:17.309000	-0.03	-0.0299609	-0.025459	114.44	-625.604	0.00108507	5	4	4	4	0.280614	388	0	0	0	0	0.400904	4.37086	123.506	-456.143	1	0	0	0	0	0	0	0
04.09.2015 02:54:17.409000	-0.03	-0.0299609	-0.025459	157.156	-645.578	0.00108507	5	4	4	4	0.303382	388	0	0	0	0	0.401758	5.06644	123.496	-453.443	1	0	0	0	0	0	0	0
04.09.2015 02:54:17.509000	-0.03	-0.0299609	-0.025459	205.315	-659.846	-0.00072338	5	4	4	4	0.262141	388	0	0	0	0	0.401186	4.24537	123.455	-456.43	1	0	0	0	0	0	0	0
04.09.2015 02:54:17.609000	-0.03	-0.0299609	-0.025459	247.211	-667.164	0	5	4	4	4	0.284691	388	0	0	0	0	0.40178	4.32795	123.428	-456.009	1	0	0	0	0	0	0	0
04.09.2015 02:54:17.709000	-0.03	-0.0299609	-0.025459	288.581	-671.107	-0.00072338	5	4	4	4	0.253194	388	0	0	0	0	0.400311	4.85714	123.416	-453.938	1	0	0	0	0	0	0	0
04.09.2015 02:54:17.809000	-0.03	-0.0299609	-0.025459	346.328	-671.863	-0.000542535	5	4	4	4	0.272624	388	0	0	0	0	0.400615	4.54884	123.383	-454.994	1	0	0	0	0	0	0	0
04.09.2015 02:54:17.909000	-0.03	-0.0299609	-0.025459	387.737	-671.862	-0.00144676	5	4	4	4	0.289954	388	0	0	0	0	0.4006	4.47481	123.355	-455.168	1	0	0	0	0	0	0	0
04.09.2015 02:54:18.009000	-0.03	-0.0299609	-0.025459	427.047	-671.875	-0.00108507	5	4	4	4	0.294075	388	0	0	0	0	0.401468	4.62716	123.332	-454.496	1	0	0	0	0	0	0	0
04.09.2015 02:54:18.109000	-0.03	-0.0299609	-0.025459	458.914	-671.875	-0.00072338	5	4	4	4	0.303954	388	0	0	0	0	0.402619	5.13248	123.316	-452.499	1	0	0	0	0	0	0	0
04.09.2015 02:54:18.209000	-0.03	-0.0299609	-0.025459	479.684	-671.875	0.0016276	5	4	4	4	0.303974	388	0	0	0	0	0.403212	4.53554	123.278	-454.64	1	0	0	0	0	0	0	0
04.09.2015 02:54:18.309000	-0.03	-0.0299609	-0.025459	493.865	-671.875	0.00144676	5	4	4	4	0.303477	388	0	0	0	0	0.403494	4.41713	123.247	-454.977	1	0	0	0	0	0	0	0
04.09.2015 02:54:18.409000	-0.03	-0.0299609	-0.025459	509.5	-671.875	0.00108507	5	4	4	4	0.310926	388	0	0	0	0	0.403783	4.78353	123.227	-453.495	1	0	0	0	0	0	0	0
04.09.2015 02:54:18.509000	-0.03	-0.0299609	-0.025459	528.607	-671.875	0.00253183	5	4	4	4	0.30523	388	0	0	0	0	0.404651	4.51485	123.2	-454.422	1	0	0	0	0	0	0	0
04.09.2015 02:54:18.609000	-0.03	-0.0299609	-0.025459	545.691	-671.875	0.00108507	5	4	4	4	0.308146	388	0	0	0	0	0.404087	4.42512	123.171	-454.656	1	0	0	0	0	0	0	0
04.09.2015 02:54:18.709000	-0.03	-0.0299609	-0.025459	560.833	-671.875	0.00144676	5	4	4	4	0.333525	388	0	0	0	0	0.404941	4.69753	123.15	-453.531	1	0	0	0	0	0	0	0
04.09.2015 02:54:18.809000	-0.03	-0.0299609	-0.025459	575.895	-671.875	0.0016276	5	4	4	4	0.296002	388	0	0	0	0	0.403798	4.67898	123.124	-453.504	1	0	0	0	0	0	0	0
04.09.2015 02:54:18.909000	-0.03	-0.0299609	-0.025459	596.531	-671.88	0.00144676	5	4	4	4	0.291667	388	0	0	0	0	0.403516	4.51161	123.096	-454.037	1	0	0	0	0	0	0	0
04.09.2015 02:54:19.009000	-0.03	-0.0299609	-0.025459	610.523	-671.883	0.00108507	5	4	4	4	0.341201	388	0	0	0	0	0.40306	4.58889	123.078	-453.672	1	0	0	0	0	0	0	0
04.09.2015 02:54:19.109000	-0.03	-0.0299609	-0.025459	624.716	-671.888	0.00144676	5	4	4	4	0.315696	388	0	0	0	0	0.403364	4.63509	123.198	-453.955	1	0	0	0	0	0	0	0
04.09.2015 02:54:19.209000	-0.03	-0.0299609	-0.025459	638.512	-671.883	0.0016276	5	4	4	4	0.31128	388	0	0	0	0	0.403639	4.56398	123.388	-454.952	1	0	0	0	0	0	0	0
04.09.2015 02:54:19.309000	-0.03	-0.0299609	-0.025459	656.68	-671.891	0.00180845	5	4	4	4	0.315063	388	0	0	0	0	0.403364	4.55599	123.579	-455.715	1	0	0	0	0	0	0	0
04.09.2015 02:54:19.409000	-0.03	-0.0299609	-0.025459	669.105	-671.891	0.000542535	5	4	4	4	0.316859	388	0	0	0	0	0.40306	4.58895	124.126	-457.682	1	0	0	0	0	0	0	0
04.09.2015 02:54:19.509000	-0.03	-0.0299609	-0.025459	680.328	-671.891	0.00144676	5	4	4	4	0.327602	388	0	0	0	0	0.403074	4.06201	125.077	-463.341	1	0	0	0	0	0	0	0
04.09.2015 02:54:19.609000	-0.03	-0.0299609	-0.025459	692.684	-671.895	0.00108507	5	4	4	4	0.312527	388	0	0	0	0	0.403074	3.9762	125.179	-464.06	1	0	0	0	0	0	0	0
04.09.2015 02:54:19.709000	-0.03	-0.0299609	-0.025459	702.534	-671.898	0.00144676	5	4	4	4	0.297918	388	0	0	0	0	0.40191	4.65194	125.548	-462.886	1	0	0	0	0	0	0	0
04.09.2015 02:54:19.809000	-0.03	-0.0299609	-0.025459	708.059	-671.891	0.0016276	5	4	4	4	0.298369	388	0	0	0	0	0.401635	4.45149	125.794	-464.597	1	0	0	0	0	0	0	0
04.09.2015 02:54:19.909000	-0.03	-0.0299609	-0.025459	710.005	-671.893	0.00144676	5	4	4	4	0.318099	388	0	0	0	0	0.401034	4.09095	126.027	-466.871	1	0	0	0	0	0	0	0
04.09.2015 02:54:20.009000	-0.03	-0.0299609	-0.025459	711.023	-671.895	0.00108507	5	4	4	4	0.309438	388	0	0	0	0	0.400485	4.545	126.286	-466.123	1	0	0	0	0	0	0	0
04.09.2015 02:54:20.109000	-0.03	-0.0299609	-0.025459	711.078	-671.898	0.00144676	5	4	4	4	0.28902	388	0	0	0	0	0.398734	4.63613	126.437	-466.351	1	0	0	0	0	0	0	0
04.09.2015 02:54:20.209000	-0.03	-0.0299609	-0.025459	711.078	-671.898	0.00108507	5	4	4	4	0.294388	388	0	0	0	0	0.398018	4.70565	126.574	-466.611	1	0	0	0	0	0	0	0
04.09.2015 02:54:20.309000	-0.03	-0.0299609	-0.025459	711.078	-671.898	0.00180845	5	4	4	4	0.293102	388	0	0	0	0	0.396564	4.53859	127.184	-469.586	1	0	0	0	0	0	0	0
04.09.2015 02:54:20.409000	-0.03	-0.0299609	-0.025459	711.078	-671.895	0.00108507	5	4	4	4	0.298117	388	0	0	0	0	0.391291	4.69332	127.35	-469.627	1	0	0	0	0	0	0	0
04.09.2015 02:54:20.509000	-0.03	-0.0299609	-0.025459	711.078	-671.898	0.00108507	5	4	4	4	0.29532	388	0	0	0	0	0.385742	4.57057	127.392	-470.259	1	0	0	0	0	0	0	0
04.09.2015 02:54:20.609000	-0.03	-0.0299609	-0.025459	711.078	-671.898	0.00434028	5	4	4	4	0.325412	388	0	0	0	0	0.377988	4.32978	127.503	-471.606	1	0	0	0	0	0	0	0
04.09.2015 02:54:20.709000	-0.03	-0.0299609	-0.025459	711.078	-671.898	0.00180845	5	4	4	4	0.307476	388	0	0	0	0	0.373003	4.51979	127.705	-471.653	1	0	0	0	0	0	0	0
04.09.2015 02:54:20.809000	-0.03	-0.0299609	-0.025459	711.078	-671.898	0.00379774	5	4	4	4	0.288344	388	0	0	0	0	0.367853	4.56771	127.988	-472.552	1	0	0	0	0	0	0	0
04.09.2015 02:54:20.909000	-0.03	-0.0299609	-0.025459	711.078	-671.901	0.00144676	5	4	4	4	0.301175	388	0	0	0	0	0.365176	4.53005	128.204	-473.524	1	0	0	0	0	0	0	0
04.09.2015 02:54:21.009000	-0.03	-0.0299609	-0.025459	711.078	-671.898	0.00217014	5	4	4	4	0.287919	388	0	0	0	0	0.360865	4.5356	128.357	-474.088	1	0	0	0	0	0	0	0
04.09.2015 02:54:21.109000	-0.03	-0.0299609	-0.025459	711.078	-671.904	0.00325521	5	4	4	4	0.252117	388	0	0	0	0	0.359679	4.55794	128.472	-474.441	1	0	0	0	0	0	0	0
04.09.2015 02:54:21.209000	-0.03	-0.0299609	-0.025459	711.078	-671.902	0.00325521	5	4	4	4	0.290051	388	0	0	0	0	0.357227	4.52583	128.6	-475.055	1	0	0	0	0	0	0	0
04.09.2015 02:54:21.309000	-0.03	-0.0299609	-0.025459	711.081	-671.906	0.00253183	5	4	4	4	0.286457	388	0	0	0	0	0.356351	4.52126	128.762	-475.693	1	0	0	0	0	0	0	0
04.09.2015 02:54:21.409000	-0.03	-0.0299609	-0.025459	711.078	-671.906	0.000542535	5	4	4	4	0.260427	388	0	0	0	0	0.353747	4.54732	128.812	-475.785	1	0	0	0	0	0	0	0
04.09.2015 02:54:21.509000	-0.03	-0.0299609	-0.025459	711.086	-671.906	0.00108507	5	4	4	4	0.314813	388	0	0	0	0	0.352597	4.51137	128.908	-476.292	1	0	0	0	0	0	0	0
04.09.2015 02:54:21.609000	-0.03	-0.0299609	-0.025459	711.09	-671.906	0.0016276	5	4	4	4	0.318931	388	0	0	0	0	0.351136	3.75842	129.427	-481.16	1	0	0	0	0	0	0	0
04.09.2015 02:54:21.709000	-0.03	-0.0299609	-0.025459	711.094	-671.914	0.00108507	5	4	4	4	0.304704	388	0	0	0	0	0.349993	4.42628	127.542	-471.386	1	0	0	0	0	0	0	0
04.09.2015 02:54:21.809000	-0.03	-0.0299609	-0.025459	711.098	-671.914	0.00108507	5	4	4	4	0.303233	388	0	0	0	0	0.349096	4.80679	129.624	-477.901	1	0	0	0	0	0	0	0
04.09.2015 02:54:21.909000	-0.03	-0.0299609	-0.025459	711.102	-671.911	0.00036169	5	4	4	4	0.30505	388	0	0	0	0	0.348539	6.08295	130.15	-475.03	1	0	0	0	0	0	0	0
04.09.2015 02:54:22.009000	-0.03	-0.0299609	-0.025459	711.098	-671.91	-0.00108507	5	4	4	4	0.312592	388	0	0	0	0	0.348372	4.74612	129.646	-478.219	1	0	0	0	0	0	0	0
04.09.2015 02:54:22.109000	-0.03	-0.0299609	-0.025459	711.102	-671.911	-0.00108507	5	4	4	4	0.298919	388	0	0	0	0	0.34754	4.652	129.002	-476.111	1	0	0	0	0	0	0	0
04.09.2015 02:54:22.209000	-0.03	-0.0299609	-0.025459	711.102	-671.914	-0.00325521	5	4	4	4	0.314877	388	0	0	0	0	0.348076	5.25401	128.804	-473.047	1	0	0	0	0	0	0	0
04.09.2015 02:54:22.309000	-0.03	-0.0299609	-0.025459	711.102	-671.909	-0.00289352	5	4	4	4	0.322159	388	0	0	0	0	0.347526	4.88949	128.827	-474.531	1	0	0	0	0	0	0	0
04.09.2015 02:54:22.409000	-0.03	-0.0299609	-0.025459	711.102	-671.914	-0.00217014	5	4	4	4	0.295961	388	0	0	0	0	0.34809	4.88943	128.786	-474.375	1	0	0	0	0	0	0	0
04.09.2015 02:54:22.509000	-0.03	-0.0299609	-0.025459	711.102	-671.914	-0.00108507	5	4	4	4	0.31546	388	0	0	0	0	0.346933	5.05472	128.724	-473.505	1	0	0	0	0	0	0	0
04.09.2015 02:54:22.609000	-0.03	-0.0299609	-0.025459	711.102	-671.91	-0.00108507	5	4	4	4	0.322264	388	0	0	0	0	0.347512	5.04904	128.614	-473.105	1	0	0	0	0	0	0	0
04.09.2015 02:54:22.709000	-0.03	-0.0299609	-0.025459	711.102	-671.914	0.00180845	5	4	4	4	0.312222	388	0	0	0	0	0.346651	4.84634	128.291	-472.645	1	0	0	0	0	0	0	0
04.09.2015 02:54:22.809000	-0.03	-0.0299609	-0.025459	711.102	-671.914	-0.000542535	5	4	4	4	0.295092	388	0	0	0	0	0.346361	4.85147	128.31	-472.699	1	0	0	0	0	0	0	0
04.09.2015 02:54:22.909000	-0.03	-0.0299609	-0.025459	711.102	-671.914	-0.00217014	5	4	4	4	0.297332	388	0	0	0	0	0.346347	4.46309	128.425	-474.625	1	0	0	0	0	0	0	0
04.09.2015 02:54:23.009000	-0.03	-0.0299609	-0.025459	711.105	-671.914	0.00108507	5	4	4	4	0.311937	388	0	0	0	0	0.345645	5.36692	124.632	-456.643	1	0	0	0	0	0	0	0
04.09.2015 02:54:23.109000	-0.03	-0.0299609	-0.025459	711.089	-671.914	0.00108507	5	4	4	4	0.284064	388	0.0452651	0	0	0.0135916	0.345906	55.4403	110.543	-210.977	1	0	0	0	0	0	0	0
04.09.2015 02:54:23.209000	-0.03	-0.0299609	-0.025459	710.637	-671.91	0.00217014	5	4	4	4	0.303329	388	1.68476	0	0	27.6187	0.345204	114.011	83.1694	118.085	1	0	0	0	0	0	0	0
04.09.2015 02:54:23.309000	-0.03	-0.0299609	-0.025459	701.065	-671.906	0.00253183	5	4	4	4	0.279254	388	5.08909	0	0	34.7777	0.346065	109.557	83.2046	100.898	1	0	0	0	0	0	0	0
04.09.2015 02:54:23.409000	-0.03	-0.0299609	-0.025459	684.691	-671.906	0.00108507	5	4	4	4	0.302759	388	8.60087	0	0	35.6395	0.345204	111.02	84.5241	101.447	1	0	0	0	0	0	0	0
04.09.2015 02:54:23.509000	-0.03	-0.0299609	-0.025459	668.313	-671.914	0.00180845	5	4	4	4	0.310533	388	12.1534	0	0	35.5336	0.345493	115.169	88.6576	101.507	1	0	0	0	0	0	0	0
04.09.2015 02:54:23.609000	-0.03	-0.0299609	-0.025459	645.555	-671.914	0.00108507	5	4	4	4	0.325196	388	15.713	0	0	35.224	0.3449	118.536	92.6092	99.2674	1	0	0	0	0	0	0	0
04.09.2015 02:54:23.709000	-0.03	-0.0299609	-0.025459	607.141	-671.914	0.00144676	5	4	4	4	0.328641	388	19.2203	0	0	35.223	0.344922	120.038	94.1688	99.0487	1	0	0	0	0	0	0	0
04.09.2015 02:54:23.809000	-0.03	-0.0299609	-0.025459	575.824	-671.914	0.0016276	5	4	4	4	0.326062	388	22.6927	0	0	34.6046	0.343034	120.011	94.2332	98.6984	1	0.12	0	0	0	0	0	0
04.09.2015 02:54:23.909000	-0.03	-0.0299609	-0.025459	540.76	-671.914	0.00072338	5	4	4	4	0.316935	388	26.5104	40	0	44.9088	0.342752	113.397	85.4541	106.988	1	1	0	0	0	0	0	0
04.09.2015 02:54:24.009000	-0.03	-0.0299609	-0.025459	493.914	-671.914	-0.000542535	5	4	4	4	0.321983	388	30.6793	49.922	0	33.654	0.342433	103.051	82.6812	77.9911	1	1	0	0	0	0	0	0
04.09.2015 02:54:24.109000	-0.03	-0.0299609	-0.025459	446.799	-671.924	-0.00108507	5	4	4	4	0.285973	388	32.5804	43.7501	0	13.3711	0.343034	78.2436	54.5639	90.665	1	1	0	0	0	0	0	0
04.09.2015 02:54:24.209000	-0.03	-0.0299609	-0.025459	409.398	-671.941	-0.00108507	5	4	4	4	0.308243	388	33.5987	33.7502	0	9.85949	0.34273	59.3462	34.7252	94.2689	1	1	0	0	0	0	0	0
04.09.2015 02:54:24.309000	-0.03	-0.0299609	-0.025459	374.435	-671.964	-0.00180845	5	4	4	4	55.6653	388	34.297	16.3338	0	6.70606	0.499891	51.8976	27.3306	94.062	1	1	1	0	0	0	0	0
04.09.2015 02:54:24.409000	-0.03	-0.0299609	-0.025459	334.797	-671.957	-0.0016276	5	4	4	4	99.204	388	34.5437	5.48589	0	4.38498	6.37402	48.9693	23.8843	96.0454	1	1	1	0	0	0	0	0
04.09.2015 02:54:24.509000	-0.03	-0.0299609	-0.025459	297.63	-671.953	-0.00036169	5	4	4	4	98.7212	388	34.6984	5.48589	0	2.39098	9.90116	46.9496	22.149	94.9564	1	1	1	0	0	0	0	0
04.09.2015 02:54:24.609000	-0.03	-0.0299609	-0.025459	268.652	-671.953	-0.000542535	5	4	4	4	98.6613	388	34.8377	5.48589	0	1.63013	10.9692	45.8539	20.6246	96.5981	1	1	1	0	0	0	0	0
04.09.2015 02:54:24.709000	-0.03	-0.0299609	-0.025459	245.734	-671.956	0.00144676	5	4	4	4	98.9121	388	34.9735	5.48589	0	1.46312	11.2914	44.9511	19.6623	96.8257	1	1	1	0	0	0	0	0
04.09.2015 02:54:24.809000	-0.03	-0.0299609	-0.025459	224.59	-671.965	-0.0016276	5	4	4	4	99.0124	388	35.1073	5.48589	0	1.34205	11.3635	44.1575	18.9448	96.5343	1	1	1	0	0	0	0	0
04.09.2015 02:54:24.909000	-0.03	-0.0299609	-0.025459	206.268	-671.961	0.00108507	5	4	4	4	98.8455	388	35.2327	5.48589	0	1.33532	11.3878	43.5984	18.3743	96.578	1	1	1	0	0	0	0	0
04.09.2015 02:54:25.009000	-0.03	-0.0299609	-0.025459	188.785	-671.965	0.0016276	5	4	4	4	99.0173	388	35.36	5.48589	0	1.30891	11.4033	43.2217	17.9413	96.7937	1	1	1	0	0	0	0	0
04.09.2015 02:54:25.109000	-0.03	-0.0299609	-0.025459	170.255	-671.966	0.00036169	5	4	4	4	99.002	388	35.4809	5.48589	0	1.3064	11.4021	42.9439	17.6714	96.7631	1	1	1	0	0	0	0	0
04.09.2015 02:54:25.209000	-0.03	-0.0299609	-0.025459	149.617	-671.969	-0.00108507	5	4	4	4	99.0451	388	35.6052	5.48589	0	1.22521	11.4066	42.707	17.4754	96.6065	1	1	1	0	0	0	0	0
04.09.2015 02:54:25.309000	-0.03	-0.0299609	-0.025459	137.857	-671.969	0.00108507	5	4	4	4	98.9995	388	35.7241	5.48589	0	1.22521	11.4093	42.5397	17.3007	96.6353	1	1	1	0	0	0	0	0
04.09.2015 02:54:25.409000	-0.03	-0.0299609	-0.025459	131.371	-671.969	0.0016276	5	4	4	4	99.1303	388	35.845	5.48589	0	1.19202	11.4122	42.3676	17.1531	96.5411	1	1	1	0	0	0	0	0
04.09.2015 02:54:25.509000	-0.03	-0.0299609	-0.025459	126.794	-671.974	0.00108507	5	4	4	4	99.2076	388	35.9624	5.48589	0	1.18991	11.4139	42.3994	17.0926	96.8804	1	1	1	0	0	0	0	0
04.09.2015 02:54:25.609000	-0.03	-0.0299609	-0.025459	122.07	-671.977	0.00108507	5	4	4	4	98.9887	388	36.0813	5.48589	0	1.222	11.4155	42.2108	17.161	95.9106	1	1	1	0	0	0	0	0
04.09.2015 02:54:25.709000	-0.03	-0.0299609	-0.025459	124.125	-671.982	0.00108507	5	4	4	4	99.1099	388	36.2006	5.48589	0	1.22517	11.4135	42.1992	17.0769	96.1882	1	1	1	0	0	0	0	0
04.09.2015 02:54:25.809000	-0.03	-0.0299609	-0.025459	125.559	-671.984	0.00108507	5	4	4	4	99.0668	388	36.3185	5.48589	0	1.18405	11.4149	42.0895	17.0205	95.984	1	1	1	0	0	0	0	0
04.09.2015 02:54:25.909000	-0.03	-0.0299609	-0.025459	125.164	-671.984	0.00108507	5	4	4	4	99.0915	388	36.4354	5.48589	0	1.17311	11.4108	42.1586	16.974	96.4287	1	1	1	0	0	0	0	0
04.09.2015 02:54:26.009000	-0.03	-0.0299609	-0.025459	125.453	-671.984	0.0016276	5	4	4	4	99.1712	388	36.5548	5.48589	0	1.16948	11.4158	42.1336	16.9626	96.3747	1	1	1	0	0	0	0	0
04.09.2015 02:54:26.109000	-0.03	-0.0299609	-0.025459	125.432	-671.984	-0.00072338	5	4	4	4	99.2527	388	36.6702	5.48589	0	1.16761	11.4182	42.2348	16.9278	96.7666	1	1	1	0	0	0	0	0
04.09.2015 02:54:26.209000	-0.03	-0.0299609	-0.025459	125.418	-671.988	0	5	4	4	4	99.0899	388	36.7916	5.48589	0	1.17697	11.4069	42.0968	16.9163	96.4058	1	1	1	0	0	0	0	0
04.09.2015 02:54:26.309000	-0.03	-0.0299609	-0.025459	125.422	-671.992	-0.00144676	5	4	4	4	99.2973	388	36.91	5.48589	0	1.18432	11.4054	42.1453	16.9129	96.6138	1	1	1	0	0	0	0	0
04.09.2015 02:54:26.409000	-0.03	-0.0299609	-0.025459	125.422	-671.992	-0.00217014	5	4	4	4	99.2492	388	37.0254	5.48589	0	1.17927	11.4022	42.12	16.9125	96.5145	1	1	1	0	0	0	0	0
04.09.2015 02:54:26.509000	-0.03	-0.0299609	-0.025459	125.427	-671.997	-0.00108507	5	4	4	4	99.3362	388	37.1482	5.48589	0	1.17309	11.406	42.2355	16.9088	96.9709	1	1	1	0	0	0	0	0
04.09.2015 02:54:26.609000	-0.03	-0.0299609	-0.025459	125.426	-672	-0.000542535	5	4	4	4	99.3683	388	37.2621	5.48589	0	1.17701	11.4022	42.1633	16.9057	96.7063	1	1	1	0	0	0	0	0
04.09.2015 02:54:26.709000	-0.03	-0.0299609	-0.025459	125.427	-672	7.76102e-011	5	4	4	4	99.3835	388	37.3815	5.48589	0	1.18428	11.4048	42.2849	16.9104	97.1539	1	1	1	0	0	0	0	0
04.09.2015 02:54:26.809000	-0.03	-0.0299609	-0.025459	125.43	-672	0.0016276	5	4	4	4	116.683	388	37.5014	5.48589	0	1.18293	11.4012	42.2625	16.9121	97.0615	1	1	1	0	0	0	0	0
04.09.2015 02:54:26.909000	-0.03	-0.0299609	-0.025459	125.427	-672	0.00108507	5	4	4	4	176.664	388	37.6153	5.48589	0	1.17865	11.1975	42.1563	16.9129	96.6521	1	1	1	0	0	0	0	0
04.09.2015 02:54:27.009000	-0.03	-0.0299609	-0.025459	125.43	-672	0.00108507	5	4	4	4	134.664	388	37.7382	5.48589	0	1.17864	10.8934	42.2468	16.94	96.8947	1	1	1	0	0	0	0	0
04.09.2015 02:54:27.109000	-0.03	-0.0299609	-0.025459	125.43	-672	0.016276	5	4	4	4	508.372	388	37.8546	5.48589	0	1.17859	11.0557	42.2783	16.9191	97.0954	1	1	1	0	0	0	0	0
04.09.2015 02:54:27.209000	-0.03	-0.0299609	-0.025459	125.43	-672	10.6304	5	4	4	4	1384.12	388	37.967	5.48589	0	1.17876	10.5842	42.4648	16.8701	97.997	1	1	1	0	0	0	0	0
04.09.2015 02:54:27.309000	-0.03	-0.0299609	-0.025459	125.43	-672.003	19.4285	5	4	4	4	342.171	388	38.0913	5.48589	0	1.18434	10.182	42.3037	16.9546	97.0566	1	1	1	0	0	0	0	0
04.09.2015 02:54:27.409000	-0.03	-0.0299609	-0.025459	125.43	-672.008	24.713	5	4	4	4	999.728	388	38.2052	5.48589	0	1.18434	10.343	42.4176	16.9007	97.6993	1	1	1	0	0	0	0	0
04.09.2015 02:54:27.509000	-0.03	-0.0299609	-0.025459	125.43	-672.008	27.1922	5	4	4	4	445.075	388	38.3266	5.48589	0	1.20072	10.2643	42.3729	16.9749	97.2436	1	1	1	0	0	0	0	0
04.09.2015 02:54:27.609000	-0.03	-0.0299609	-0.025459	125.43	-672.008	28.5509	5	4	4	4	477.674	388	38.4425	5.48589	0	1.20141	10.4666	42.3145	16.9726	97.0293	1	1	1	0	0	0	0	0
04.09.2015 02:54:27.709000	-0.03	-0.0299609	-0.025459	125.43	-672.01	28.8661	5	4	4	4	597.507	388	38.5574	5.48589	0	1.15774	10.4837	42.403	16.976	97.3551	1	1	1	0	0	0	0	0
04.09.2015 02:54:27.809000	-0.03	-0.0299609	-0.025459	125.43	-672.008	29.0055	5	4	4	4	544.812	388	38.6798	5.48589	0	1.14613	10.4512	42.4975	16.9798	97.7019	1	1	1	0	0	0	0	0
04.09.2015 02:54:27.909000	-0.03	-0.0299609	-0.025459	125.43	-672.016	29.1486	5	4	4	4	672.744	388	38.7977	5.48589	0	1.17681	10.4527	42.5199	16.9808	97.7839	1	1	1	0	0	0	0	0
04.09.2015 02:54:28.009000	-0.03	-0.0299609	-0.025459	125.43	-672.012	29.2649	5	4	4	4	636.132	388	38.9185	5.48589	0	1.18996	10.4881	42.4514	16.9911	97.4824	1	1	1	0	0	0	0	0
04.09.2015 02:54:28.109000	-0.03	-0.0299609	-0.025459	125.432	-672.016	29.2748	5	4	4	4	728.699	388	39.0394	5.48589	0	1.19347	10.4696	42.3573	17.0083	97.0564	1	1	1	0	0	0	0	0
04.09.2015 02:54:28.209000	-0.03	-0.0299609	-0.025459	125.43	-672.016	29.2985	5	4	4	4	823.253	388	39.1548	5.48589	0	1.19563	10.4216	42.5288	17.0038	97.7304	1	1	1	0	0	0	0	0
04.09.2015 02:54:28.309000	-0.03	-0.0299609	-0.025459	125.435	-672.016	29.3377	5	4	4	4	667.497	388	39.2772	5.48589	0	1.19884	10.4178	42.5114	17.0211	97.597	1	1	1	0	0	0	0	0
04.09.2015 02:54:28.409000	-0.03	-0.0299609	-0.025459	125.43	-672.016	29.3658	5	4	4	4	651.825	388	39.3951	5.48589	0	1.20147	10.5269	42.5664	17.0343	97.7575	1	1	1	0	0	0	0	0
04.09.2015 02:54:28.509000	-0.03	-0.0299609	-0.025459	125.435	-672.016	29.3703	5	4	4	4	872.09	388	39.5145	5.48589	0	1.19619	10.5231	42.5425	17.028	97.69	1	1	1	0	0	0	0	0
04.09.2015 02:54:28.609000	-0.03	-0.0299609	-0.025459	125.43	-672.016	29.3723	5	4	4	4	570.388	388	39.6353	5.48589	0	1.18999	10.547	42.5402	17.0586	97.564	1	1	1	0	0	0	0	0
04.09.2015 02:54:28.709000	-0.03	-0.0299609	-0.025459	125.432	-672.016	29.3095	5	4	4	4	732.159	388	39.7512	5.48589	0	1.18604	10.6092	42.4663	17.0567	97.2882	1	1	1	0	0	0	0	0
04.09.2015 02:54:28.809000	-0.03	-0.0299609	-0.025459	125.434	-672.016	29.2573	5	4	4	4	744.894	388	39.8711	5.48589	0	1.17871	10.5499	42.4831	17.0665	97.3151	1	1	1	0	0	0	0	0
04.09.2015 02:54:28.909000	-0.03	-0.0299609	-0.025459	125.435	-672.016	29.1927	5	4	4	4	627.544	388	39.9885	5.48589	0	1.18162	10.5794	42.4252	17.0848	97.0232	1	1	1	0	0	0	0	0
04.09.2015 02:54:29.009000	-0.03	-0.0299609	-0.025459	125.434	-672.016	29.164	5	4	4	4	644.941	388	40.1049	5.48589	0	1.18989	10.6263	42.5274	17.0904	97.3932	1	1	1	0	0	0	0	0
04.09.2015 02:54:29.109000	-0.03	-0.0299609	-0.025459	125.435	-672.016	29.1193	5	4	4	4	727.854	388	40.2307	5.48589	0	1.19337	10.5977	42.5969	17.1294	97.51	1	1	1	0	0	0	0	0
04.09.2015 02:54:29.209000	-0.03	-0.0299609	-0.025459	125.434	-672.016	29.0875	5	4	4	4	753.877	388	40.3476	5.48589	0	1.20728	10.5618	42.537	17.1515	97.1959	1	1	1	0	0	0	0	0
04.09.2015 02:54:29.309000	-0.03	-0.0299609	-0.025459	125.432	-672.016	29.0412	5	4	4	4	634.863	388	40.473	5.48589	0	1.20916	10.6202	42.6617	17.1686	97.6079	1	1	1	0	0	0	0	0
04.09.2015 02:54:29.409000	-0.03	-0.0299609	-0.025459	125.438	-672.016	29.0034	5	4	4	4	710.922	388	40.5919	5.48589	0	1.21904	10.6897	42.483	17.1516	96.9889	1	1	1	0	0	0	0	0
04.09.2015 02:54:29.509000	-0.03	-0.0299609	-0.025459	125.432	-672.016	28.9652	5	4	4	4	651.592	388	40.7122	5.48589	0	1.21701	10.6706	42.5577	17.1544	97.2642	1	1	1	0	0	0	0	0
04.09.2015 02:54:29.609000	-0.03	-0.0299609	-0.025459	125.438	-672.016	28.9128	5	4	4	4	679.564	388	40.8336	5.48589	0	1.18993	10.6648	42.5035	17.1489	97.0777	1	1	1	0	0	0	0	0
04.09.2015 02:54:29.709000	-0.03	-0.0299609	-0.025459	125.432	-672.016	28.86	5	4	4	4	727.551	388	40.9525	5.48589	0	1.1904	10.6567	42.5351	17.1433	97.2202	1	1	1	0	0	0	0	0
04.09.2015 02:54:29.809000	-0.03	-0.0299609	-0.025459	125.438	-672.016	28.7598	5	4	4	4	601.217	388	41.0773	5.48589	0	1.21323	10.6979	42.4572	17.1522	96.8879	1	1	1	0	0	0	0	0
04.09.2015 02:54:29.909000	-0.03	-0.0299609	-0.025459	125.432	-672.016	28.6986	5	4	4	4	660.746	388	41.1942	5.48589	0	1.21323	10.7199	42.5311	17.1394	97.22	1	1	1	0	0	0	0	0
04.09.2015 02:54:30.009000	-0.03	-0.0299609	-0.025459	125.438	-672.016	28.6621	5	4	4	4	585.933	388	41.3181	5.48589	0	1.20725	10.6869	42.4924	17.128	97.1155	1	1	1	0	0	0	0	0
04.09.2015 02:54:30.109000	-0.03	-0.0299609	-0.025459	125.432	-672.021	28.6357	5	4	4	4	697.626	388	41.436	5.48589	0	1.207	10.6811	42.3829	17.1216	96.7206	1	1	1	0	0	0	0	0
04.09.2015 02:54:30.209000	-0.03	-0.0299609	-0.025459	125.438	-672.02	28.6176	5	4	4	4	570.62	388	41.5539	5.48589	0	1.20739	10.6691	42.5068	17.1254	97.1803	1	1	1	0	0	0	0	0
04.09.2015 02:54:30.309000	-0.03	-0.0299609	-0.025459	125.438	-672.018	28.6071	5	4	4	4	638.632	388	41.6752	5.48589	0	1.20744	10.694	42.4568	17.1192	97.0127	1	1	1	0	0	0	0	0
04.09.2015 02:54:30.409000	-0.03	-0.0299609	-0.025459	125.438	-672.016	28.5916	5	4	4	4	701.576	388	41.7906	5.48589	0	1.18474	10.6777	42.5333	17.1209	97.299	1	1	1	0	0	0	0	0
04.09.2015 02:54:30.509000	-0.03	-0.0299609	-0.025459	125.435	-672.021	28.5663	5	4	4	4	565.234	388	41.915	5.48589	0	1.17871	10.6739	42.4937	17.1336	97.0985	1	1	1	0	0	0	0	0
04.09.2015 02:54:30.609000	-0.03	-0.0299609	-0.025459	125.438	-672.016	28.5428	5	4	4	4	482.108	388	42.0339	5.48589	0	1.19507	10.7254	42.4845	17.1477	97.0092	1	1	1	0	0	0	0	0
04.09.2015 02:54:30.709000	-0.03	-0.0299609	-0.025459	125.435	-672.023	28.5315	5	4	4	4	447.11	388	42.1513	3.84494	0	1.20142	10.7303	42.5396	17.2883	96.682	1	1	1	0.48	0	0	0	0
04.09.2015 02:54:30.809000	-0.03	-0.0299609	-0.025459	125.438	-672.023	28.5221	5	4	4	4	177.063	388	42.204	2.38631	0.319074	1.20142	9.91855	42.794	17.3788	97.3097	1	1	1	1	0	0	0	0
04.09.2015 02:54:30.909000	-0.03	-0.0299609	-0.025459	125.438	-672.023	28.5142	5	4	4	4	318.938	388	42.2632	2.87002	0.802784	0.947082	7.88469	43.0693	17.6521	97.3172	1	1	1	1	0	0	0	0
04.09.2015 02:54:31.009000	-0.03	-0.0299609	-0.025459	125.438	-672.02	28.5129	5	4	4	4	422.049	388	42.3308	2.85009	0.782848	0.810128	6.84571	43.3026	17.8801	97.3378	1	1	1	1	0	0	0	0
04.09.2015 02:54:31.109000	-0.03	-0.0299609	-0.025459	125.443	-672.023	28.5026	5	4	4	4	414.338	388	42.394	2.76224	0.694998	0.810128	6.5638	43.5154	18.0663	97.4397	1	1	1	1	0	0	0	0
04.09.2015 02:54:31.209000	-0.03	-0.0299609	-0.025459	125.441	-672.023	28.4869	5	4	4	4	414.684	388	42.4547	2.63655	0.569314	0.810128	6.46716	43.6922	18.2404	97.4497	1	1	1	1	0	0	0	0
04.09.2015 02:54:31.309000	-0.03	-0.0299609	-0.025459	125.445	-672.023	28.4762	5	4	4	4	388.076	388	42.5129	2.62663	0.559394	0.686009	6.46687	43.8498	18.3848	97.5004	1	1	1	1	0	0	0	0
04.09.2015 02:54:31.409000	-0.03	-0.0299609	-0.025459	125.441	-672.023	28.4706	5	4	4	4	459.556	388	42.5701	2.50518	0.437937	0.624876	6.48452	43.9981	18.5168	97.5628	1	1	1	1	0	0	0	0
04.09.2015 02:54:31.509000	-0.03	-0.0299609	-0.025459	125.445	-672.023	28.4701	5	4	4	4	414.874	388	42.6323	2.38116	0.313918	0.624876	6.46224	44.1247	18.634	97.5988	1	1	1	1	0	0	0	0
04.09.2015 02:54:31.609000	-0.03	-0.0299609	-0.025459	125.445	-672.023	28.4684	5	4	4	4	459.427	388	42.687	2.19986	0.132624	0.624876	6.44227	44.2473	18.7343	97.6844	1	1	1	1	0	0	0	0
04.09.2015 02:54:31.709000	-0.03	-0.0299609	-0.025459	125.445	-672.023	28.4668	5	4	4	4	427.553	388	42.7367	2.07562	0.00837893	0.612603	6.45472	44.3701	18.8389	97.7538	1	1	1	1	0	0	0	0
04.09.2015 02:54:31.809000	-0.03	-0.0299609	-0.025459	125.445	-672.023	28.4668	5	4	4	4	398.591	388	42.785	1.98323	-0.0840097	0.55268	6.46455	44.476	18.9383	97.7788	1	1	1	1	0	0	0	0
04.09.2015 02:54:31.909000	-0.03	-0.0299609	-0.025459	125.445	-672.023	28.4686	5	4	4	4	372.598	388	42.8337	1.99424	-0.0730052	0.55268	6.50304	44.5581	19.0343	97.7253	1	1	1	1	0	0	0	0
04.09.2015 02:54:32.009000	-0.03	-0.0299609	-0.025459	125.445	-672.023	28.4717	5	4	4	4	372.284	388	42.882	1.9683	-0.0989404	0.55268	6.51895	44.6407	19.1192	97.7168	1	1	1	1	0	0	0	0
04.09.2015 02:54:32.109000	-0.03	-0.0299609	-0.025459	125.445	-672.023	28.4744	5	4	4	4	371.978	388	42.9327	2.11349	0.0462483	0.55268	6.55281	44.7122	19.1946	97.7019	1	1	1	1	0	0	0	0
04.09.2015 02:54:32.209000	-0.03	-0.0299609	-0.025459	125.445	-672.023	28.4782	5	4	4	4	486.659	388	42.981	1.96787	-0.0993674	0.547551	6.51968	44.7721	19.2386	97.7624	1	1	1	1	0	0	0	0
04.09.2015 02:54:32.309000	-0.03	-0.0299609	-0.025459	125.445	-672.023	28.4805	5	4	4	4	399.437	388	43.0267	1.84873	-0.218506	0.488569	6.44042	44.8293	19.3069	97.7199	1	1	1	1	0	0	0	0
04.09.2015 02:54:32.409000	-0.03	-0.0299609	-0.025459	125.445	-672.023	28.4863	5	4	4	4	365.91	388	43.076	1.77868	-0.288562	0.488569	6.43461	44.8894	19.3631	97.7351	1	1	1	1	0	0	0	0
04.09.2015 02:54:32.509000	-0.03	-0.0299609	-0.025459	125.448	-672.023	28.4881	5	4	4	4	312.33	388	43.1227	1.76079	-0.306451	0.488569	6.46123	44.9388	19.4169	97.7182	1	1	1	1	0	0	0	0
04.09.2015 02:54:32.609000	-0.03	-0.0299609	-0.025459	125.445	-672.023	28.4939	5	4	4	4	349.458	388	43.165	1.8113	-0.25594	0.488569	6.52879	44.9857	19.4549	97.7524	1	1	1	1	0	0	0	0
04.09.2015 02:54:32.709000	-0.03	-0.0299609	-0.025459	125.451	-672.023	28.4957	5	4	4	4	359.248	388	43.2113	1.89699	-0.170247	0.488569	6.55975	45.0285	19.4896	97.7834	1	1	1	1	0	0	0	0
04.09.2015 02:54:32.809000	-0.03	-0.0299609	-0.025459	125.449	-672.023	28.4993	5	4	4	4	385.775	388	43.2615	1.97236	-0.0948841	0.470913	6.51649	45.0657	19.5267	97.7837	1	1	1	1	0	0	0	0
04.09.2015 02:54:32.909000	-0.03	-0.0299609	-0.025459	125.451	-672.023	28.4983	5	4	4	4	368.87	388	43.3117	2.03874	-0.0284953	0.464047	6.52141	45.0869	19.5599	97.7376	1	1	1	1	0	0	0	0
04.09.2015 02:54:33.009000	-0.03	-0.0299609	-0.025459	125.453	-672.023	28.495	5	4	4	4	388.041	388	43.3625	2.08946	0.0222208	0.464047	6.49334	45.0954	19.5823	97.6846	1	1	1	1	0	0	0	0
04.09.2015 02:54:33.109000	-0.03	-0.0299609	-0.025459	125.453	-672.023	28.4907	5	4	4	4	430.229	388	43.4152	2.11732	0.0500781	0.464047	6.47946	45.1144	19.6015	97.6834	1	1	1	1	0	0	0	0
04.09.2015 02:54:33.209000	-0.03	-0.0299609	-0.025459	125.453	-672.023	28.4901	5	4	4	4	408.786	388	43.4694	2.1013	0.0340611	0.464047	6.48481	45.1283	19.6196	97.6675	1	1	1	1	0	0	0	0
04.09.2015 02:54:33.309000	-0.03	-0.0299609	-0.025459	125.453	-672.023	28.4874	5	4	4	4	416.071	388	43.5232	2.06696	-0.000284522	0.523488	6.45992	45.1438	19.6257	97.7035	1	1	1	1	0	0	0	0
04.09.2015 02:54:33.409000	-0.03	-0.0299609	-0.025459	125.453	-672.023	28.488	5	4	4	4	426.244	388	43.5744	2.01037	-0.056872	0.524701	6.4388	45.1496	19.6544	97.6159	1	1	1	1	0	0	0	0
04.09.2015 02:54:33.509000	-0.03	-0.0299609	-0.025459	125.453	-672.023	28.4914	5	4	4	4	333.614	388	43.6281	1.95656	-0.110685	0.524701	6.4715	45.1664	19.6778	97.5909	1	1	1	1	0	0	0	0
04.09.2015 02:54:33.609000	-0.03	-0.0299609	-0.025459	125.453	-672.023	28.4928	5	4	4	4	338.489	388	43.6793	1.96703	-0.10021	0.524701	6.53508	45.1836	19.6828	97.6376	1	1	1	1	0	0	0	0
04.09.2015 02:54:33.709000	-0.03	-0.0299609	-0.025459	125.453	-672.023	28.4957	5	4	4	4	378.064	388	43.7281	2.01401	-0.0532257	0.523197	6.54818	45.1964	19.6957	97.6374	1	1	1	1	0	0	0	0
04.09.2015 02:54:33.809000	-0.03	-0.0299609	-0.025459	125.453	-672.023	28.4988	5	4	4	4	382.747	388	43.7813	2.05737	-0.00987117	0.50966	6.48987	45.2035	19.7184	97.5776	1	1	1	1	0	0	0	0
04.09.2015 02:54:33.909000	-0.03	-0.0299609	-0.025459	125.453	-672.023	28.5015	5	4	4	4	377.866	388	43.8355	2.09605	0.0288125	0.50966	6.47193	45.2212	19.7144	97.6605	1	1	1	1	0	0	0	0
04.09.2015 02:54:34.009000	-0.03	-0.0299609	-0.025459	125.453	-672.023	28.5021	5	4	4	4	378.325	388	43.8898	2.12491	0.0576682	0.50966	6.44922	45.2118	19.7281	97.5719	1	1	1	1	0	0	0	0
04.09.2015 02:54:34.109000	-0.03	-0.0299609	-0.025459	125.453	-672.023	28.5051	5	4	4	4	380.312	388	43.9435	2.15534	0.0881043	0.50966	6.47497	45.2079	19.7335	97.5362	1	1	1	1	0	0	0	0
04.09.2015 02:54:34.209000	-0.03	-0.0299609	-0.025459	125.453	-672.023	28.5064	5	4	4	4	357.438	388	43.9972	2.19107	0.123833	0.526081	6.4498	45.2086	19.736	97.5296	1	1	1	1	0	0	0	0
04.09.2015 02:54:34.309000	-0.03	-0.0299609	-0.025459	125.453	-672.023	28.5033	5	4	4	4	353.727	388	44.0529	2.2326	0.16536	0.541859	6.46311	45.2057	19.7386	97.5084	1	1	1	1	0	0	0	0
04.09.2015 02:54:34.409000	-0.03	-0.0299609	-0.025459	125.461	-672.023	28.5015	5	4	4	4	394.872	388	44.1116	2.2983	0.231058	0.541859	6.51794	45.1943	19.7247	97.5177	1	1	1	1	0	0	0	0
04.09.2015 02:54:34.509000	-0.03	-0.0299609	-0.025459	125.453	-672.023	28.503	5	4	4	4	409.846	388	44.1703	2.34003	0.272791	0.541859	6.48351	45.1823	19.713	97.5168	1	1	1	1	0	0	0	0
04.09.2015 02:54:34.609000	-0.03	-0.0299609	-0.025459	125.461	-672.023	28.5059	5	4	4	4	404.836	388	44.2335	2.33552	0.26828	0.553122	6.4333	45.1817	19.7076	97.5353	1	1	1	1	0	0	0	0
04.09.2015 02:54:34.709000	-0.03	-0.0299609	-0.025459	125.456	-672.023	28.5062	5	4	4	4	401.996	388	44.2902	2.31918	0.25194	0.585178	6.42781	45.1668	19.7122	97.4607	1	1	1	1	0	0	0	0
04.09.2015 02:54:34.809000	-0.03	-0.0299609	-0.025459	125.461	-672.023	28.5113	5	4	4	4	320.481	388	44.3444	2.32029	0.253045	0.585178	6.44936	45.1604	19.7114	97.439	1	1	1	1	0	0	0	0
04.09.2015 02:54:34.909000	-0.03	-0.0299609	-0.025459	125.461	-672.023	28.5138	5	4	4	4	396.784	388	44.3996	2.3625	0.295257	0.585178	6.46757	45.1671	19.7001	97.5079	1	1	1	1	0	0	0	0
04.09.2015 02:54:35.009000	-0.03	-0.0299609	-0.025459	125.461	-672.023	28.5162	5	4	4	4	315.482	388	44.4583	2.40926	0.342016	0.585178	6.44039	45.1516	19.7038	97.4345	1	1	1	1	0	0	0	0
04.09.2015 02:54:35.109000	-0.03	-0.0299609	-0.025459	125.461	-672.023	28.521	5	4	4	4	387.899	388	44.523	2.48956	0.422317	0.579913	6.46904	45.1393	19.6931	97.4285	1	1	1	1	0	0	0	0
04.09.2015 02:54:35.209000	-0.03	-0.0299609	-0.025459	125.465	-672.023	28.5238	5	4	4	4	387.023	388	44.5832	2.54352	0.476275	0.57975	6.46325	45.1245	19.6849	97.4032	1	1	1	1	0	0	0	0
04.09.2015 02:54:35.309000	-0.03	-0.0299609	-0.025459	125.466	-672.023	28.5265	5	4	4	4	388.938	388	44.6443	2.58323	0.515993	0.57975	6.43692	45.1066	19.6684	97.3976	1	1	1	1	0	0	0	0
04.09.2015 02:54:35.409000	-0.03	-0.0299609	-0.025459	125.465	-672.023	28.5303	5	4	4	4	402.493	388	44.704	2.60136	0.534122	0.57975	6.42998	45.081	19.6498	97.3712	1	1	1	1	0	0	0	0
04.09.2015 02:54:35.509000	-0.03	-0.0299609	-0.025459	125.469	-672.023	28.5305	5	4	4	4	385.846	388	44.7667	2.60448	0.537237	0.606279	6.4375	45.0669	19.634	97.3775	1	1	1	1	0	0	0	0
04.09.2015 02:54:35.609000	-0.03	-0.0299609	-0.025459	125.461	-672.023	28.5341	5	4	4	4	406.806	388	44.8329	2.61004	0.542801	0.609558	6.45732	45.044	19.6428	97.2562	1	1	1	1	0	0	0	0
04.09.2015 02:54:35.709000	-0.03	-0.0299609	-0.025459	125.469	-672.023	28.533	5	4	4	4	372.718	388	44.8935	2.59104	0.523801	0.609558	6.42896	45.0127	19.6401	97.1466	1	1	1	1	0	0	0	0
04.09.2015 02:54:35.809000	-0.03	-0.0299609	-0.025459	125.469	-672.023	28.5335	5	4	4	4	338.864	388	44.9527	2.6093	0.542059	0.609558	6.46889	45.0075	19.6182	97.2104	1	1	1	1	0	0	0	0
04.09.2015 02:54:35.909000	-0.03	-0.0299609	-0.025459	125.469	-672.023	28.5344	5	4	4	4	418.913	388	45.0219	2.65158	0.584342	0.626764	6.4822	44.9937	19.6012	97.2228	1	1	1	1	0	0	0	0
04.09.2015 02:54:36.009000	-0.03	-0.0299609	-0.025459	125.469	-672.023	28.5346	5	4	4	4	339.409	388	45.087	2.66178	0.59454	0.628059	6.43475	44.964	19.6047	97.0957	1	1	1	1	0	0	0	0
04.09.2015 02:54:36.109000	-0.03	-0.0299609	-0.025459	125.469	-672.023	28.5283	5	4	4	4	352.343	388	45.1487	2.70816	0.640924	0.628059	6.48394	44.955	19.5921	97.1092	1	1	1	1	0	0	0	0
04.09.2015 02:54:36.209000	-0.03	-0.0299609	-0.025459	125.469	-672.023	28.5243	5	4	4	4	340.193	388	45.2198	2.7862	0.718964	0.635073	6.4702	44.9296	19.5743	97.0805	1	1	1	1	0	0	0	0
04.09.2015 02:54:36.309000	-0.03	-0.0299609	-0.025459	125.469	-672.023	28.5218	5	4	4	4	351.229	388	45.2895	2.88575	0.818508	0.664977	6.49465	44.8985	19.5337	97.1169	1	1	1	1	0	0	0	0
04.09.2015 02:54:36.409000	-0.03	-0.0299609	-0.025459	125.469	-672.023	28.5205	5	4	4	4	426.748	388	45.3556	2.97294	0.905703	0.664977	6.49204	44.8709	19.4994	97.1422	1	1	1	1	0	0	0	0
04.09.2015 02:54:36.509000	-0.03	-0.0299609	-0.025459	125.469	-672.023	28.521	5	4	4	4	398.409	388	45.4332	3.00724	0.939995	0.664977	6.44256	44.8227	19.4713	97.0653	1	1	1	1	0	0	0	0
04.09.2015 02:54:36.609000	-0.03	-0.0299609	-0.025459	125.469	-672.023	28.5189	5	4	4	4	418.696	388	45.4999	3.00415	0.936912	0.698334	6.42072	44.788	19.4366	97.0655	1	1	1	1	0	0	0	0
04.09.2015 02:54:36.709000	-0.03	-0.0299609	-0.025459	125.469	-672.023	28.5192	5	4	4	4	378.246	388	45.579	2.97823	0.91099	0.71263	6.41667	44.758	19.4107	97.0553	1	1	1	1	0	0	0	0
04.09.2015 02:54:36.809000	-0.03	-0.0299609	-0.025459	125.469	-672.023	28.5216	5	4	4	4	314.295	388	45.6461	2.98482	0.917725	0.71263	6.45938	44.7441	19.3945	97.0616	1	1	1	1	0	0	0	0
04.09.2015 02:54:36.909000	-0.03	-0.0299609	-0.025459	125.469	-672.023	28.5185	5	4	4	4	372.841	388	45.7252	3.04594	0.978703	0.716694	6.49916	44.7251	19.3794	97.0459	1	1	1	1	0	0	0	0
04.09.2015 02:54:37.009000	-0.03	-0.0299609	-0.025459	125.469	-672.023	28.5178	5	4	4	4	354.837	388	45.7919	3.11174	1.0445	0.727142	6.49991	44.6898	19.3565	96.9961	1	1	1	1	0	0	0	0
04.09.2015 02:54:37.109000	-0.03	-0.0299609	-0.025459	125.469	-672.023	28.5131	5	4	4	4	394.753	388	45.871	3.18327	1.11603	0.727142	6.50156	44.6636	19.324	97.0203	1	1	1	1	0	0	0	0
04.09.2015 02:54:37.209000	-0.03	-0.0299609	-0.025459	125.469	-672.023	28.5118	5	4	4	4	454.574	388	45.9406	3.21678	1.14954	0.727142	6.42473	44.6234	19.2817	97.0443	1	1	1	1	0	0	0	0
04.09.2015 02:54:37.309000	-0.03	-0.0299609	-0.025459	125.469	-672.023	28.5088	5	4	4	4	455.973	388	46.0207	3.17339	1.10615	0.737221	6.34316	44.6065	19.2743	96.9921	1	1	1	1	0	0	0	0
04.09.2015 02:54:37.409000	-0.03	-0.0299609	-0.025459	125.469	-672.023	28.508	5	4	4	4	370.092	388	46.0898	3.09109	1.02385	0.738097	6.3282	44.5929	19.2566	97.0073	1	1	1	1	0	0	0	0
04.09.2015 02:54:37.509000	-0.03	-0.0299609	-0.025459	125.469	-672.023	28.5062	5	4	4	4	331.93	388	46.162	3.05259	0.985353	0.738097	6.39488	44.6025	19.2513	97.0646	1	1	1	1	0	0	0	0
04.09.2015 02:54:37.609000	-0.03	-0.0299609	-0.025459	125.473	-672.023	28.5086	5	4	4	4	344.929	388	46.2341	3.07658	1.00934	0.730855	6.44353	44.5913	19.2535	97.0134	1	1	1	1	0	0	0	0
04.09.2015 02:54:37.709000	-0.03	-0.0299609	-0.025459	125.471	-672.023	28.5088	5	4	4	4	343.448	388	46.3032	3.14125	1.07401	0.723009	6.43487	44.5837	19.2621	96.9515	1	1	1	1	0	0	0	0
04.09.2015 02:54:37.809000	-0.03	-0.0299609	-0.025459	125.473	-672.023	28.508	5	4	4	4	366.534	388	46.3808	3.22766	1.16042	0.723009	6.41412	44.5629	19.2495	96.9199	1	1	1	1	0	0	0	0
04.09.2015 02:54:37.909000	-0.03	-0.0299609	-0.025459	125.474	-672.023	28.512	5	4	4	4	340.715	388	46.4564	3.3116	1.24436	0.727188	6.42289	44.5312	19.2293	96.876	1	1	1	1	0	0	0	0
04.09.2015 02:54:38.009000	-0.03	-0.0299609	-0.025459	125.473	-672.023	28.514	5	4	4	4	368.924	388	46.5345	3.40081	1.33357	0.749125	6.4615	44.4949	19.1931	96.8758	1	1	1	1	0	0	0	0
04.09.2015 02:54:38.109000	-0.03	-0.0299609	-0.025459	125.477	-672.023	28.5127	5	4	4	4	415.662	388	46.6181	3.4769	1.40966	0.749125	6.43247	44.4628	19.1513	96.9124	1	1	1	1	0	0	0	0
04.09.2015 02:54:38.209000	-0.03	-0.0299609	-0.025459	125.473	-672.023	28.514	5	4	4	4	425.935	388	46.6977	3.4945	1.42726	0.755494	6.36843	44.4086	19.1094	96.8655	1	1	1	1	0	0	0	0
04.09.2015 02:54:38.309000	-0.03	-0.0299609	-0.025459	125.477	-672.023	28.5131	5	4	4	4	379.865	388	46.7803	3.47854	1.4113	0.812813	6.41321	44.3836	19.0761	96.8973	1	1	1	1	0	0	0	0
04.09.2015 02:54:38.409000	-0.03	-0.0299609	-0.025459	125.477	-672.023	28.5151	5	4	4	4	392.987	388	46.8633	3.47355	1.40631	0.812813	6.45294	44.3443	19.0507	96.8442	1	1	1	1	0	0	0	0
04.09.2015 02:54:38.509000	-0.03	-0.0299609	-0.025459	125.474	-672.023	28.5142	5	4	4	4	383.128	388	46.9389	3.46708	1.39984	0.812735	6.43993	44.3244	19.0304	96.8456	1	1	1	1	0	0	0	0
04.09.2015 02:54:38.609000	-0.03	-0.0299609	-0.025459	125.473	-672.023	28.5124	5	4	4	4	405.893	388	47.027	3.47267	1.40543	0.804955	6.4272	44.303	19.0056	96.8587	1	1	1	1	0	0	0	0
04.09.2015 02:54:38.709000	-0.03	-0.0299609	-0.025459	125.479	-672.023	28.5135	5	4	4	4	404.669	388	47.1031	3.46282	1.39558	0.804955	6.36781	44.286	18.9911	96.8489	1	1	1	1	0	0	0	0
04.09.2015 02:54:38.809000	-0.03	-0.0299609	-0.025459	125.48	-672.023	28.5113	5	4	4	4	341.401	388	47.1817	3.44424	1.377	0.804955	6.36774	44.2827	18.9862	96.8554	1	1	1	1	0	0	0	0
04.09.2015 02:54:38.909000	-0.03	-0.0299609	-0.025459	125.482	-672.023	28.508	5	4	4	4	401.556	388	47.2672	3.45731	1.39007	0.809801	6.44329	44.2695	18.9803	96.8274	1	1	1	1	0	0	0	0
04.09.2015 02:54:39.009000	-0.03	-0.0299609	-0.025459	125.48	-672.023	28.508	5	4	4	4	369.661	388	47.3398	3.46438	1.39714	0.81011	6.41144	44.2753	18.9909	96.8089	1	1	1	1	0	0	0	0
04.09.2015 02:54:39.109000	-0.03	-0.0299609	-0.025459	125.484	-672.023	28.5069	5	4	4	4	340.522	388	47.4244	3.49305	1.42581	0.81011	6.42977	44.2548	18.985	96.7533	1	1	1	1	0	0	0	0
04.09.2015 02:54:39.209000	-0.03	-0.0299609	-0.025459	125.484	-672.023	28.5069	5	4	4	4	385.803	388	47.5025	3.54804	1.4808	0.795705	6.44585	44.2491	18.9677	96.7975	1	1	1	1	0	0	0	0
04.09.2015 02:54:39.309000	-0.03	-0.0299609	-0.025459	125.484	-672.023	28.5098	5	4	4	4	385.404	388	47.5816	3.58868	1.52144	0.792103	6.41542	44.2311	18.9471	96.8078	1	1	1	1	0	0	0	0
04.09.2015 02:54:39.409000	-0.03	-0.0299609	-0.025459	125.484	-672.023	28.5118	5	4	4	4	397.929	388	47.6716	3.61839	1.55115	0.792103	6.40566	44.2038	18.9241	96.7909	1	1	1	1	0	0	0	0
04.09.2015 02:54:39.509000	-0.03	-0.0299609	-0.025459	125.484	-672.023	28.5178	5	4	4	4	341.792	388	47.7492	3.64826	1.58102	0.81664	6.42424	44.189	18.906	96.8038	1	1	1	1	0	0	0	0
04.09.2015 02:54:39.609000	-0.03	-0.0299609	-0.025459	125.484	-672.023	28.52	5	4	4	4	416.975	388	47.8313	3.68909	1.62185	0.82356	6.46558	44.1569	18.8975	96.7131	1	1	1	1	0	0	0	0
04.09.2015 02:54:39.709000	-0.03	-0.0299609	-0.025459	125.484	-672.023	28.5221	5	4	4	4	366.669	388	47.9223	3.70297	1.63573	0.82356	6.43484	44.1332	18.8766	96.7026	1	1	1	1	0	0	0	0
04.09.2015 02:54:39.809000	-0.03	-0.0299609	-0.025459	125.484	-672.023	28.5232	5	4	4	4	379.133	388	48.0054	3.72724	1.66	0.837219	6.42947	44.1141	18.8521	96.7232	1	1	1	1	0	0	0	0
04.09.2015 02:54:39.909000	-0.03	-0.0299609	-0.025459	125.484	-672.023	28.521	5	4	4	4	388.443	388	48.0895	3.75131	1.68407	0.840217	6.42648	44.0928	18.8293	96.729	1	1	1	1	0	0	0	0
04.09.2015 02:54:40.009000	-0.03	-0.0299609	-0.025459	125.484	-672.023	28.5162	5	4	4	4	369.199	388	48.176	3.77054	1.7033	0.840217	6.45766	44.0684	18.8132	96.6972	1	1	1	1	0	0	0	0
04.09.2015 02:54:40.109000	-0.03	-0.0299609	-0.025459	125.484	-672.023	28.5185	5	4	4	4	404.227	388	48.2665	3.79831	1.73107	0.865259	6.44991	44.0513	18.7929	96.7094	1	1	1	1	0	0	0	0
04.09.2015 02:54:40.209000	-0.03	-0.0299609	-0.025459	125.484	-672.023	28.5232	5	4	4	4	353.65	388	48.3501	3.80374	1.7365	0.866577	6.39532	44.0242	18.8098	96.5301	1	1	1	1	0	0	0	0
04.09.2015 02:54:40.309000	-0.03	-0.0299609	-0.025459	125.484	-672.023	28.525	5	4	4	4	364.85	388	48.4377	3.8417	1.77446	0.866852	6.46699	43.9923	18.7913	96.4897	1	1	1	1	0	0	0	0
04.09.2015 02:54:40.409000	-0.03	-0.0299609	-0.025459	125.484	-672.023	28.5276	5	4	4	4	354.601	388	48.5252	3.89212	1.82488	0.869631	6.46904	43.9651	18.7744	96.4502	1	1	1	1	0	0	0	0
04.09.2015 02:54:40.509000	-0.03	-0.0299609	-0.025459	125.484	-672.023	28.5305	5	4	4	4	496.548	388	48.6172	3.93343	1.86619	0.869631	6.46662	43.9479	18.7359	96.5315	1	1	1	1	0	0	0	0
04.09.2015 02:54:40.609000	-0.03	-0.0299609	-0.025459	125.484	-672.023	28.5308	5	4	4	4	399.512	388	48.7073	3.87177	1.80453	0.878652	6.36345	43.9175	18.7321	96.4299	1	1	1	1	0	0	0	0
04.09.2015 02:54:40.709000	-0.03	-0.0299609	-0.025459	125.484	-672.023	28.5297	5	4	4	4	359.062	388	48.7923	3.82284	1.7556	0.897822	6.38281	43.9131	18.7219	96.4518	1	1	1	1	0	0	0	0
04.09.2015 02:54:40.809000	-0.03	-0.0299609	-0.025459	125.484	-672.023	28.5265	5	4	4	4	417.695	388	48.8779	3.80634	1.7391	0.897822	6.42227	43.914	18.7213	96.4579	1	1	1	1	0	0	0	0
04.09.2015 02:54:40.909000	-0.03	-0.0299609	-0.025459	125.484	-672.023	28.5272	5	4	4	4	326.353	388	48.9674	3.78134	1.7141	0.881807	6.40786	43.9127	18.7359	96.3969	1	1	1	1	0	0	0	0
04.09.2015 02:54:41.009000	-0.03	-0.0299609	-0.025459	125.484	-672.023	28.5238	5	4	4	4	347.367	388	49.054	3.81692	1.74968	0.860577	6.44646	43.9218	18.731	96.4507	1	1	1	1	0	0	0	0
04.09.2015 02:54:41.109000	-0.03	-0.0299609	-0.025459	125.484	-672.023	28.5214	5	4	4	4	339.926	388	49.141	3.89242	1.82518	0.860577	6.45752	43.9075	18.7204	96.4366	1	1	1	1	0	0	0	0
04.09.2015 02:54:41.209000	-0.03	-0.0299609	-0.025459	125.484	-672.023	28.5178	5	4	4	4	345.372	388	49.233	3.99447	1.92723	0.882709	6.45598	43.8918	18.7047	96.4364	1	1	1	1	0	0	0	0
04.09.2015 02:54:41.309000	-0.03	-0.0299609	-0.025459	125.49	-672.023	28.5178	5	4	4	4	396.909	388	49.3236	4.09059	2.02335	0.894626	6.44676	43.8658	18.679	96.4352	1	1	1	1	0	0	0	0
04.09.2015 02:54:41.409000	-0.03	-0.0299609	-0.025459	125.492	-672.023	28.5227	5	4	4	4	377.834	388	49.4186	4.1555	2.08826	0.894626	6.4229	43.8324	18.6464	96.432	1	1	1	1	0	0	0	0
04.09.2015 02:54:41.509000	-0.03	-0.0299609	-0.025459	125.487	-672.023	28.5232	5	4	4	4	421.831	388	49.5146	4.19094	2.1237	0.930738	6.46043	43.7916	18.6076	96.4245	1	1	1	1	0	0	0	0
04.09.2015 02:54:41.609000	-0.03	-0.0299609	-0.025459	125.492	-672.023	28.5248	5	4	4	4	359.669	388	49.6091	4.19793	2.13069	0.931475	6.41259	43.7482	18.5875	96.3352	1	1	1	1	0	0	0	0
04.09.2015 02:54:41.709000	-0.03	-0.0299609	-0.025459	125.492	-672.023	28.5254	5	4	4	4	390.97	388	49.7046	4.21438	2.14714	0.939376	6.43673	43.7239	18.5596	96.349	1	1	1	1	0	0	0	0
04.09.2015 02:54:41.809000	-0.03	-0.0299609	-0.025459	125.492	-672.023	28.5286	5	4	4	4	365.427	388	49.7996	4.24374	2.1765	0.952829	6.5054	43.704	18.5296	96.3878	1	1	1	1	0	0	0	0
04.09.2015 02:54:41.909000	-0.03	-0.0299609	-0.025459	125.492	-672.023	28.5265	5	4	4	4	410.649	388	49.8976	4.27652	2.20928	0.952829	6.51159	43.6652	18.5134	96.3013	1	1	1	1	0	0	0	0
04.09.2015 02:54:42.009000	-0.03	-0.0299609	-0.025459	125.5	-672.023	28.5286	5	4	4	4	436.459	388	49.9951	4.26019	2.19295	0.968083	6.40618	43.6402	18.4948	96.2766	1	1	1	1	0	0	0	0
04.09.2015 02:54:42.109000	-0.03	-0.0299609	-0.025459	125.497	-672.023	28.5305	5	4	4	4	342.553	388	50.0901	4.21929	2.15205	0.971661	6.39646	43.6278	18.4921	96.2396	1	1	1	1	0	0	0	0
04.09.2015 02:54:42.209000	-0.03	-0.0299609	-0.025459	125.5	-672.023	28.5308	5	4	4	4	343.216	388	50.1841	4.23946	2.17222	0.967397	6.49395	43.6299	18.4821	96.2859	1	1	1	1	0	0	0	0
04.09.2015 02:54:42.309000	-0.03	-0.0299609	-0.025459	125.5	-672.023	28.529	5	4	4	4	408.727	388	50.2796	4.28405	2.21681	0.949218	6.47422	43.6203	18.4685	96.3013	1	1	1	1	0	0	0	0
04.09.2015 02:54:42.409000	-0.03	-0.0299609	-0.025459	125.5	-672.023	28.5254	5	4	4	4	348.661	388	50.3761	4.30933	2.24209	0.949218	6.48754	43.6058	18.4649	96.2595	1	1	1	1	0	0	0	0
04.09.2015 02:54:42.509000	-0.03	-0.0299609	-0.025459	125.5	-672.023	28.5182	5	4	4	4	379.761	388	50.4721	4.35624	2.289	0.955848	6.47784	43.5854	18.446	96.2537	1	1	1	1	0	0	0	0
04.09.2015 02:54:42.609000	-0.03	-0.0299609	-0.025459	125.5	-672.023	28.5124	5	4	4	4	433.557	388	50.5701	4.39179	2.32455	0.960268	6.46431	43.5622	18.432	96.2186	1	1	1	1	0	0	0	0
04.09.2015 02:54:42.709000	-0.03	-0.0299609	-0.025459	125.5	-672.023	28.5102	5	4	4	4	395.118	388	50.6681	4.37781	2.31057	0.961399	6.39247	43.5571	18.4198	96.2457	1	1	1	1	0	0	0	0
04.09.2015 02:54:42.809000	-0.03	-0.0299609	-0.025459	125.5	-672.023	28.5069	5	4	4	4	332.853	388	50.7646	4.36908	2.30184	0.979129	6.4218	43.5611	18.4371	96.1948	1	1	1	1	0	0	0	0
04.09.2015 02:54:42.909000	-0.03	-0.0299609	-0.025459	125.5	-672.023	28.5073	5	4	4	4	381.911	388	50.8631	4.39887	2.33163	0.979129	6.46358	43.5639	18.455	96.1373	1	1	1	1	0	0	0	0
04.09.2015 02:54:43.009000	-0.03	-0.0299609	-0.025459	125.5	-672.023	28.5064	5	4	4	4	402.655	388	50.9626	4.43127	2.36403	0.97718	6.51246	43.5326	18.4292	96.116	1	1	1	1	0	0	0	0
04.09.2015 02:54:43.109000	-0.03	-0.0299609	-0.025459	125.5	-672.023	28.5066	5	4	4	4	423.614	388	51.063	4.43489	2.36765	0.975308	6.4749	43.5064	18.4059	96.1048	1	1	1	1	0	0	0	0
04.09.2015 02:54:43.209000	-0.03	-0.0299609	-0.025459	125.5	-672.023	28.5075	5	4	4	4	408.307	388	51.1625	4.40422	2.33698	0.976573	6.44487	43.4939	18.398	96.0873	1	1	1	1	0	0	0	0
04.09.2015 02:54:43.309000	-0.03	-0.0299609	-0.025459	125.5	-672.023	28.5088	5	4	4	4	375.061	388	51.262	4.36584	2.2986	1.00692	6.43144	43.4769	18.401	96.0106	1	1	1	1	0	0	0	0
04.09.2015 02:54:43.409000	-0.03	-0.0299609	-0.025459	125.5	-672.023	28.5107	5	4	4	4	352.568	388.02	51.36	4.36376	2.29652	1.00692	6.4409	43.47	18.4055	95.9671	1	1	1	1	0.51	0	0	0
04.09.2015 02:54:43.509000	-0.03	-0.0299609	-0.025459	125.5	-672.023	28.516	5	4	4	4	344.193	388.481	51.459	4.47452	2.40728	0.994738	6.48512	43.4416	18.3908	95.9146	1	1	1	1	1	0	0	0
04.09.2015 02:54:43.609000	-0.03	-0.0299609	-0.025459	125.5	-672.023	28.5194	5	4	4	4	369.825	389.79	51.5614	4.67265	2.60541	0.983033	6.47384	43.4347	18.3496	96.0459	1	1	1	1	1	0	0	0
04.09.2015 02:54:43.709000	-0.03	-0.0299609	-0.025459	125.505	-672.023	28.5221	5	4	4	4	448.079	391.962	51.6699	4.85638	2.78914	0.995084	6.4654	43.3534	18.2882	95.9695	1	1	1	1	1	0	0	0
04.09.2015 02:54:43.809000	-0.03	-0.0299609	-0.025459	125.504	-672.023	28.5238	5	4	4	4	379.986	394.998	51.7793	4.89081	2.82357	1.05835	6.42451	43.3104	18.2377	95.9985	1	1	1	1	1	0	0	0
04.09.2015 02:54:43.909000	-0.03	-0.0299609	-0.025459	125.505	-672.023	28.525	5	4	4	4	418.489	398.898	51.8892	4.94217	2.87493	1.05835	6.4634	43.2461	18.1848	95.955	1	1	1	1	1	0	0	0
04.09.2015 02:54:44.009000	-0.03	-0.0299609	-0.025459	125.504	-672.023	28.5265	5	4	4	4	357.555	403.662	52.0012	4.99356	2.92632	1.10615	6.45978	43.1779	18.1339	95.8884	1	1	1	1	1	0	0	0
04.09.2015 02:54:44.109000	-0.03	-0.0299609	-0.025459	125.503	-672.023	28.5272	5	4	4	4	487.769	409.289	52.1156	5.11622	3.04898	1.11031	6.48747	43.1218	18.075	95.8991	1	1	1	1	1	0	0	0
04.09.2015 02:54:44.209000	-0.03	-0.0299609	-0.025459	125.508	-672.023	28.5248	5	4	4	4	484.24	415.78	52.228	5.05462	2.98738	1.12106	6.36603	43.0693	18.0167	95.9213	1	1	1	1	1	0	0	0
04.09.2015 02:54:44.309000	-0.03	-0.0299609	-0.025459	125.508	-672.023	28.525	5	4	4	4	351.902	423.135	52.3354	4.91222	2.84498	1.12545	6.33746	43.0343	18.017	95.7865	1	1	1	1	1	0	0	0
04.09.2015 02:54:44.409000	-0.03	-0.0299609	-0.025459	125.508	-672.023	28.5221	5	4	4	4	352.81	431.352	52.4434	5.04818	2.98094	1.1106	6.37921	43.0448	18.0081	95.8606	1	1	1	1	1	0	0	0
04.09.2015 02:54:44.509000	-0.03	-0.0299609	-0.025459	125.505	-672.023	28.5203	5	4	4	4	424.679	440.434	52.5627	5.44763	3.38039	1.0909	6.43105	42.9996	17.9504	95.9082	1	1	1	1	1	0	0	0
04.09.2015 02:54:44.609000	-0.03	-0.0299609	-0.025459	125.508	-672.023	28.5216	5	4	4	4	460.646	450.38	52.6876	5.86399	3.79675	1.14463	6.46298	42.8396	17.8298	95.7573	1	1	1	1	1	0	0	0
04.09.2015 02:54:44.709000	-0.03	-0.0299609	-0.025459	125.508	-672.023	28.5229	5	4	4	4	498.303	461.189	52.8254	6.18231	4.11507	1.22523	6.4241	42.6878	17.648	95.8725	1	1	1	1	1	0	0	0
04.09.2015 02:54:44.809000	-0.03	-0.0299609	-0.025459	125.508	-672.023	28.5232	5	4	4	4	465.687	472.863	52.9671	6.39132	4.32408	1.32543	6.39224	42.4705	17.4831	95.6715	1	1	1	1	1	0	0	0
04.09.2015 02:54:44.909000	-0.03	-0.0299609	-0.025459	125.508	-672.023	28.5272	5	4	4	4	419.465	485.4	53.1129	6.68715	4.61991	1.38948	6.39784	42.2837	17.3307	95.5402	1	1	1	1	1	0	0	0
04.09.2015 02:54:45.009000	-0.03	-0.0299609	-0.025459	125.508	-672.023	28.5276	5	4	4	4	577.983	498.8	53.2656	7.0631	4.99586	1.46517	6.36358	42.0254	17.1087	95.4009	1	1	1	1	1	0	0	0
04.09.2015 02:54:45.109000	-0.03	-0.0299609	-0.025459	125.508	-672.023	28.5297	5	4	4	4	532.072	513.065	53.4273	7.25347	5.18623	1.52075	6.34135	41.8228	16.9043	95.4077	1	1	1	1	1	0	0	0
04.09.2015 02:54:45.209000	-0.03	-0.0299609	-0.025459	125.508	-672.023	28.5368	5	4	4	4	539.981	528.192	53.5909	7.4284	5.36116	1.60418	6.32326	41.6297	16.7357	95.3144	1	1	1	1	1	0	0	0
04.09.2015 02:54:45.309000	-0.03	-0.0299609	-0.025459	125.51	-672.023	28.5373	5	4	4	4	558.927	544.184	53.7556	7.60444	5.5372	1.6415	6.27118	41.4631	16.5788	95.277	1	1	1	1	1	0	0	0
04.09.2015 02:54:45.409000	-0.03	-0.0299609	-0.025459	125.512	-672.023	28.5379	5	4	4	4	532.441	561.039	53.9277	7.8306	5.76336	1.66496	6.25736	41.3105	16.4277	95.2712	1	1	1	1	1	0	0	0
04.09.2015 02:54:45.509000	-0.03	-0.0299609	-0.025459	125.516	-672.023	28.5388	5	4	4	4	535.701	578.757	54.0993	8.25158	6.18434	1.69214	6.29078	41.1443	16.2788	95.205	1	1	1	1	1	0	0	0
04.09.2015 02:54:45.609000	-0.03	-0.0299609	-0.025459	125.508	-672.023	28.5379	5	4	4	4	563.121	597.34	54.2883	8.79811	6.73087	1.78946	6.29601	40.9416	16.0713	95.2233	1	1	1	1	1	0	0	0
04.09.2015 02:54:45.709000	-0.03	-0.0299609	-0.025459	125.516	-672.023	28.5388	5	4	4	4	568.17	616.786	54.4883	9.44475	7.37751	1.91268	6.3182	40.6898	15.8293	95.1859	1	1	1	1	1	0	0	0
04.09.2015 02:54:45.809000	-0.03	-0.0299609	-0.025459	125.512	-672.023	28.5373	5	4	4	4	625.348	637.097	54.7046	10.1618	8.09459	2.04047	6.29559	40.3927	15.5785	95.0085	1	1	1	1	1	0	0	0
04.09.2015 02:54:45.909000	-0.03	-0.0299609	-0.025459	125.516	-672.023	28.5341	5	4	4	4	689.997	658.271	54.93	10.8151	8.74788	2.17677	6.29321	40.078	15.2981	94.8774	1	1	1	1	1	0	0	0
04.09.2015 02:54:46.009000	-0.03	-0.0299609	-0.025459	125.512	-672.023	28.533	5	4	4	4	691.766	680.308	55.1717	11.3855	9.31827	2.33738	6.16585	39.7664	15.0118	94.7807	1	1	1	1	1	0	0	0
04.09.2015 02:54:46.109000	-0.03	-0.0299609	-0.025459	125.516	-672.023	28.5305	5	4	4	4	621.959	703.209	55.4219	11.9489	9.88169	2.47101	6.02193	39.5065	14.7811	94.6685	1	1	1	1	1	0	0	0
04.09.2015 02:54:46.209000	-0.03	-0.0299609	-0.025459	125.516	-672.023	28.5308	5	4	4	4	644.909	726.973	55.686	12.7298	10.6625	2.57927	6.04442	39.2554	14.5412	94.6257	1	1	1	1	1	0	0	0
04.09.2015 02:54:46.309000	-0.03	-0.0299609	-0.025459	125.516	-672.023	28.5312	5	4	4	4	740.399	751.599	55.9716	13.6881	11.6208	2.75809	6.06076	38.9918	14.2743	94.6383	1	1	1	1	1	0	0	0
04.09.2015 02:54:46.409000	-0.03	-0.0299609	-0.025459	125.516	-672.023	28.533	5	4	4	4	768.821	777.092	56.274	14.6079	12.5407	2.96288	5.9491	38.7425	14.0308	94.6161	1	1	1	1	1	0	0	0
04.09.2015 02:54:46.509000	-0.03	-0.0299609	-0.025459	125.516	-672.023	28.5326	5	4	4	4	765.26	803.448	56.5958	15.4579	13.3907	3.19855	5.87696	38.5064	13.8469	94.4163	1	1	1	1	1	0	0	0
04.09.2015 02:54:46.609000	-0.03	-0.0299609	-0.025459	125.516	-672.023	28.5352	5	4	4	4	807.234	830.67	56.9331	16.3517	14.2845	3.32036	5.88717	38.3048	13.6595	94.3619	1	1	1	1	1	0	0	0
04.09.2015 02:54:46.709000	-0.03	-0.0299609	-0.025459	125.516	-672.023	28.5384	5	4	4	4	819.843	858.754	57.2887	17.2671	15.1998	3.51084	5.85614	38.1427	13.5171	94.2864	1	1	1	1	1	0	0	0
04.09.2015 02:54:46.809000	-0.03	-0.0299609	-0.025459	125.516	-672.023	28.5422	5	4	4	4	888.582	887.704	57.6623	18.188	16.1208	3.71199	5.82992	38.0143	13.4037	94.2291	1	1	1	1	1	0	0	0
04.09.2015 02:54:46.909000	-0.03	-0.0299609	-0.025459	125.516	-672.023	28.5438	5	4	4	4	970.952	917.514	58.0443	19.0396	16.9724	3.81494	5.73519	37.9378	13.3193	94.2593	1	1	1	1	1	0	0	0
04.09.2015 02:54:47.009000	-0.03	-0.0299609	-0.025459	125.516	-672.023	28.5433	5	4	4	4	996.466	431.675	58.5049	19.6777	1.38888	7.92359	5.57601	44.4841	13.4639	118.771	1	1	1	1	1	0.92	0	0.92
04.09.2015 02:54:47.109000	-0.03	-0.0299609	-0.025459	125.516	-672.023	28.5456	5	4	4	4	2042.04	388	61.8426	19.6994	0	87.097	5.19321	107.68	12.0067	366.314	1	1	1	1	1	1	0.75	1
04.09.2015 02:54:47.209000	-0.03	-0.0320998	-0.025459	125.539	-672.02	28.5411	5	4	4	4	43.1054	388	62.2271	19.6994	0	83.9101	3.62606	111.305	0.680575	423.538	1	1	1	1	1	1	1	1
04.09.2015 02:54:47.309000	-0.03	-0.0342388	-0.025459	125.487	-672.036	27.402	5	4	4	4	5.36812	388	62.2271	13.1986	0	83.9101	2.53884	125.066	0.669393	476.29	1	1	1	1	1	1	1	0.67
04.09.2015 02:54:47.409000	-0.03	-0.0342388	-0.025459	125.465	-672.043	23.1619	5	4	4	4	1.27189	388	62.2271	0	0	83.9101	1.81956	128.539	0.567024	489.8	1	1	1	1	1	1	1	0
04.09.2015 02:54:47.509000	-0.03	-0.0342388	-0.025459	125.438	-672.039	18.9569	5	4	4	4	0.82419	388	62.2271	0	0	83.9101	1.31526	129.581	0.579363	493.934	1	1	1	1	1	1	1	0
04.09.2015 02:54:47.609000	-0.03	-0.0342388	-0.025459	125.445	-672.047	15.357	5	4	4	4	0.360502	388	62.2271	0	0	83.9101	1.04366	129.258	0.577471	492.76	1	1	1	1	1	1	1	0
04.09.2015 02:54:47.709000	-0.03	-0.0342388	-0.025459	125.438	-672.042	12.8682	5	4	4	4	0.400929	388	62.2271	0	0	83.9101	0.884939	129.136	0.563555	492.279	1	1	1	1	1	1	1	0
04.09.2015 02:54:47.809000	-0.03	-0.0342388	-0.025459	125.426	-672.031	10.5496	5	4	4	4	0.382594	388	62.2271	0	0	83.9101	0.759809	129.103	0.565142	492.147	1	1	1	1	1	1	1	0
04.09.2015 02:54:47.909000	-0.03	-0.0342388	-0.025459	125.385	-672.036	8.40061	5	4	4	4	0.378997	388	62.2271	0	0	83.9101	0.648249	129.036	0.561174	491.904	1	1	1	1	1	1	1	0
04.09.2015 02:54:48.009000	-0.03	-0.0342388	-0.025459	125.324	-672.027	7.05187	5	4	4	4	0.388503	388	62.2271	0	0	83.9101	0.576649	128.985	0.562334	491.705	1	1	1	1	1	1	1	0
04.09.2015 02:54:48.109000	-0.03	-0.0342388	-0.025459	125.323	-672.042	6.28472	5	4	4	4	0.3615	388	62.2271	0	0	21.9637	0.527546	128.937	0.561602	491.525	1	1	1	1	1	1	1	0
04.09.2015 02:54:48.209000	-0.03	-0.0342388	-0.025459	125.32	-672.039	5.3201	5	4	4	4	0.351394	388	62.2271	0	0	0.198788	0.480932	128.889	0.568133	491.317	1	1	1	1	1	1	1	0
04.09.2015 02:54:48.309000	-0.03	-0.0342388	-0.025459	125.326	-672.039	4.48098	5	4	4	4	0.386288	388	62.2271	0	0	0.198788	0.438817	128.847	0.568499	491.152	1	1	1	1	1	1	1	0
04.09.2015 02:54:48.409000	-0.03	-0.0342388	-0.025459	125.324	-672.039	3.96159	5	4	4	4	0.373033	388	62.2271	0	0	0.198788	0.410937	128.808	0.575884	490.977	1	1	1	1	1	1	1	0
04.09.2015 02:54:48.509000	-0.03	-0.0342388	-0.025459	125.328	-672.039	3.57675	5	4	4	4	0.394837	388	62.2271	0	0	0.198788	0.389381	128.766	0.579547	490.802	1	1	1	1	1	1	1	0
04.09.2015 02:54:48.609000	-0.03	-0.0342388	-0.025459	125.328	-672.039	3.11252	5	4	4	4	0.385229	388	62.2271	0	0	0.198788	0.364323	128.727	0.578509	490.655	1	1	1	1	1	1	1	0
04.09.2015 02:54:48.709000	-0.03	-0.0342388	-0.025459	125.326	-672.039	2.62189	5	4	4	4	0.385862	388	62.2271	0	0	0.198788	0.345544	128.689	0.578997	490.507	1	1	1	1	1	1	1	0
04.09.2015 02:54:48.809000	-0.03	-0.0342388	-0.025459	125.328	-672.039	1.5446	5	4	4	4	0.37945	388	62.2271	0	0	0.198788	0.33112	128.652	0.576617	490.376	1	1	1	1	1	1	1	0
04.09.2015 02:54:48.909000	-0.03	-0.0342388	-0.025459	125.326	-672.039	0.23112	5	4	4	4	0.361743	388	62.2271	0	0	0.198788	0.318562	128.621	0.573565	490.268	1	1	1	1	1	1	1	0
04.09.2015 02:54:49.009000	-0.03	-0.0342388	-0.025459	125.328	-672.039	0.137804	5	4	4	4	0.402305	388	62.2271	0	0	0.198788	0.302792	128.587	0.577532	490.124	1	1	1	1	1	1	1	0
04.09.2015 02:54:49.109000	-0.03	-0.0342388	-0.025459	125.328	-672.039	0.121166	5	4	4	4	0.393978	388	62.2271	0	0	0.0536727	0.292318	128.554	0.575762	490.004	1	1	1	1	1	1	1	0
04.09.2015 02:54:49.209000	-0.03	-0.0342388	-0.025459	125.328	-672.039	0.110135	5	4	4	4	0.352369	388	62.2271	0	0	0	0.284433	128.522	0.57448	489.885	1	1	1	1	1	1	1	0
04.09.2015 02:54:49.309000	-0.03	-0.0342388	-0.025459	125.328	-672.039	0.0929543	5	4	4	4	0.367052	388	62.2271	0	0	0	0.275101	128.489	0.572588	489.766	1	1	1	1	1	1	1	0
04.09.2015 02:54:49.409000	-0.03	-0.0342388	-0.025459	125.32	-672.039	0.0786675	5	4	4	4	0.374622	388	62.2271	0	0	0	0.266667	128.456	0.563494	489.676	1	1	1	1	1	1	1	0
04.09.2015 02:54:49.509000	-0.03	-0.0342388	-0.025459	125.32	-672.039	0.0651042	5	4	4	4	0.376104	388	62.2271	0	0	0	0.261531	128.421	0.564531	489.537	1	1	1	1	1	1	1	0
04.09.2015 02:54:49.609000	-0.03	-0.0342388	-0.025459	125.32	-672	0.054796	5	4	4	4	0.365026	388	62.2271	0	0	0	0.259925	128.392	0.571307	489.401	1	1	1	1	1	1	1	0
04.09.2015 02:54:49.709000	-0.03	-0.0342388	-0.025459	125.32	-671.487	0.0455729	5	4	4	4	0.38117	388	62.2271	0	0	0	0.258565	128.36	0.565813	489.299	1	1	1	1	1	1	1	0
04.09.2015 02:54:49.809000	-0.03	-0.0342388	-0.025459	125.426	-668.203	0.0352648	5	4	4	4	0.378018	388	62.2271	0	0	0	0.258189	128.33	0.568133	489.173	1	1	1	1	1	1	1	0
04.09.2015 02:54:49.909000	-0.03	-0.0342388	-0.025459	125.453	-642.346	0.0296586	5	4	4	4	0.368205	388	62.2271	0	0	0	0.258001	128.302	0.569292	489.062	1	1	1	1	1	1	1	0
04.09.2015 02:54:50.009000	-0.03	-0.0342388	-0.025459	125.453	-620.652	0.0254991	5	4	4	4	0.392838	388	62.2271	0	0	0	0.257306	128.273	0.57326	488.937	1	1	1	1	1	1	1	0
04.09.2015 02:54:50.109000	-0.03	-0.0342388	-0.025459	125.453	-597.711	0.0202546	5	4	4	4	0.355018	388	62.2271	0	0	0	0.257393	128.242	0.57387	488.816	1	1	1	1	1	1	1	0
04.09.2015 02:54:50.209000	-0.03	-0.0342388	-0.025459	125.453	-561.824	0.016276	5	4	4	4	0.382646	388	62.2271	0	0	0	0.25638	128.216	0.571856	488.723	1	1	1	1	1	1	1	0
04.09.2015 02:54:50.309000	-0.03	-0.0342388	-0.025459	125.453	-520.823	0.0141059	5	4	4	4	0.392576	388	62.2271	0	0	0	0.258391	128.184	0.573809	488.594	1	1	1	1	1	1	1	0
04.09.2015 02:54:50.409000	-0.03	-0.0342388	-0.025459	125.453	-483.855	0.0119358	5	4	4	4	0.386053	388	62.2271	0	0	0	0.258319	128.159	0.570757	488.51	1	1	1	1	1	1	1	0
04.09.2015 02:54:50.509000	-0.03	-0.0342388	-0.025459	125.453	-443.523	0.00831887	5	4	4	4	0.390614	388	62.2271	0	0	0	0.261126	128.132	0.571551	488.403	1	1	1	1	1	1	1	0
04.09.2015 02:54:50.609000	-0.03	-0.0342388	-0.025459	125.453	-386.164	0.00705295	5	4	4	4	0.384473	388	62.2271	0	0	0	0.261791	128.11	0.574847	488.305	1	1	1	1	1	1	1	0
04.09.2015 02:54:50.709000	-0.03	-0.0342388	-0.025459	125.453	-344.714	0.00542535	5	4	4	4	0.377277	388	62.2271	0	0	0	0.264034	128.073	0.574358	488.165	1	1	1	1	1	1	1	0
04.09.2015 02:54:50.809000	-0.03	-0.0342388	-0.025459	125.449	-303.625	0.00488281	5	4	4	4	0.388263	388	62.2271	0	0	0	0.265828	128.05	0.574725	488.078	1	1	1	1	1	1	1	0
04.09.2015 02:54:50.909000	-0.03	-0.0342388	-0.025459	125.451	-257.25	0.00289352	5	4	4	4	0.382512	388	62.2271	0	0	0	0.266059	128.023	0.578875	487.957	1	1	1	1	1	1	1	0
04.09.2015 02:54:51.009000	-0.03	-0.0342388	-0.025459	125.453	-205.848	0.00217014	5	4	4	4	0.420885	388	62.2271	0	0	0	0.267983	127.991	0.578265	487.837	1	1	1	1	1	1	1	0
04.09.2015 02:54:51.109000	-0.03	-0.0342388	-0.025459	125.451	-165.648	0.00144676	5	4	4	4	0.416342	388	62.2271	0	0	0	0.267361	127.964	0.579485	487.728	1	1	1	1	1	1	1	0
04.09.2015 02:54:51.209000	-0.03	-0.0342388	-0.025459	125.449	-126.172	0.0016276	5	4	4	4	0.398447	388	62.2271	0	0	0	0.268938	127.935	0.584674	487.598	1	1	1	1	1	1	1	0
04.09.2015 02:54:51.309000	-0.03	-0.0342388	-0.025459	125.453	-75.2734	-0.00253183	5	4	4	4	0.386505	388	62.2271	0	0	0	0.266913	127.903	0.586871	487.47	1	1	1	1	1	1	1	0
04.09.2015 02:54:51.409000	-0.03	-0.0342388	-0.025459	125.453	-30.3711	-0.000542535	5	4	4	4	0.400672	388	62.2271	0	0	0	0.267491	127.877	0.58327	487.381	1	1	1	1	1	1	1	0
04.09.2015 02:54:51.509000	-0.03	-0.0342388	-0.025459	125.453	9.57031	0.00036169	5	4	4	4	0.395228	388	62.2271	0	0	0	0.265177	127.85	0.582049	487.283	1	1	1	1	1	1	1	0
04.09.2015 02:54:51.609000	-0.03	-0.0342388	-0.025459	125.453	49.3047	0.00217014	5	4	4	4	0.402553	388	62.2271	0	0	0	0.264988	127.823	0.580157	487.187	1	1	1	1	1	1	1	0
04.09.2015 02:54:51.709000	-0.03	-0.0342388	-0.025459	125.453	100.18	0.00217014	5	4	4	4	0.411388	388	62.2271	0	0	0	0.263339	127.794	0.579852	487.079	1	1	1	1	1	1	1	0
04.09.2015 02:54:51.809000	-0.03	-0.0342388	-0.025459	125.453	145.449	0.00108507	5	4	4	4	0.416373	388	62.2271	0	0	0	0.263831	127.769	0.579852	486.982	1	1	1	1	1	1	1	0
04.09.2015 02:54:51.909000	-0.03	-0.0342388	-0.025459	125.453	185.271	0.00108507	5	4	4	4	0.402288	388	62.2271	0	0	0	0.262167	127.742	0.578448	486.885	1	1	1	1	1	1	1	0
04.09.2015 02:54:52.009000	-0.03	-0.0342388	-0.025459	125.453	225.234	0.0016276	5	4	4	4	0.390039	388	62.2271	0	0	0	0.261082	127.715	0.57918	486.777	1	1	1	1	1	1	1	0
04.09.2015 02:54:52.109000	-0.03	-0.0342388	-0.025459	125.453	281.448	0.00217014	5	4	4	4	0.391646	388	62.2271	0	0	0	0.26059	127.693	0.578814	486.694	1	1	1	1	1	1	1	0
04.09.2015 02:54:52.209000	-0.03	-0.0342388	-0.025459	125.453	321.582	0.00325521	5	4	4	4	0.413425	388	62.2271	0	0	0	0.260084	127.664	0.577654	486.589	1	1	1	1	1	1	1	0
04.09.2015 02:54:52.309000	-0.03	-0.0342388	-0.025459	125.451	361.828	0.00325521	5	4	4	4	0.392386	388	62.2271	0	0	0	0.260127	127.636	0.579424	486.473	1	1	1	1	1	1	1	0
04.09.2015 02:54:52.409000	-0.03	-0.0342388	-0.025459	125.449	410.27	0.00379774	5	4	4	4	0.415445	388	62.2271	0	0	0	0.258232	127.612	0.57973	486.381	1	1	1	1	1	1	1	0
04.09.2015 02:54:52.509000	-0.03	-0.0342388	-0.025459	125.464	458.776	0.00434028	5	4	4	4	0.374861	388	62.2271	0	0	0	0.2591	127.587	0.58272	486.273	1	1	1	1	1	1	1	0
04.09.2015 02:54:52.609000	-0.03	-0.0342388	-0.025459	125.469	498.594	0.00434028	5	4	4	4	0.402773	388	62.2271	0	0	0	0.257552	127.561	0.578387	486.19	1	1	1	1	1	1	1	0
04.09.2015 02:54:52.709000	-0.03	-0.0342388	-0.025459	125.474	538.734	0.00325521	5	4	4	4	0.40406	388	62.2271	0	0	0	0.258044	127.538	0.579913	486.096	1	1	1	1	1	1	1	0
04.09.2015 02:54:52.809000	-0.03	-0.0342388	-0.025459	125.48	588.164	0.00271267	5	4	4	4	0.395303	388	62.2271	0	0	0	0.256395	127.515	0.580157	486.008	1	1	1	1	1	1	1	0
04.09.2015 02:54:52.909000	-0.03	-0.0342388	-0.025459	125.487	616.445	0.00144676	5	4	4	4	0.403554	388	62.2271	0	0	0	0.25748	127.489	0.580584	485.907	1	1	1	1	1	1	1	0
04.09.2015 02:54:53.009000	-0.03	-0.0342388	-0.025459	125.492	639.914	0.00108507	5	4	4	4	0.385677	388	62.2271	0	0	0	0.256568	127.464	0.581988	485.806	1	1	1	1	1	1	1	0
04.09.2015 02:54:53.109000	-0.03	-0.0342388	-0.025459	125.487	659.503	0.00144676	5	4	4	4	0.379401	388	62.2271	0	0	0	0.256742	127.442	0.583331	485.718	1	1	1	1	1	1	1	0
04.09.2015 02:54:53.209000	-0.03	-0.0342388	-0.025459	125.492	672.883	0.00271267	5	4	4	4	0.377884	388	62.2271	0	0	0	0.256409	127.417	0.581866	485.628	1	1	1	1	1	1	1	0
04.09.2015 02:54:53.309000	-0.03	-0.0342388	-0.025459	125.484	674.909	0.00144676	5	4	4	4	0.380417	388	62.2271	0	0	0	0.256901	127.393	0.581805	485.535	1	1	1	1	1	1	1	0
04.09.2015 02:54:53.409000	-0.03	-0.0342388	-0.025459	125.484	675.004	0.0016276	5	4	4	4	0.388303	388	62.2271	0	0	0	0.256539	127.37	0.580462	485.453	1	1	1	1	1	1	1	0
04.09.2015 02:54:53.509000	-0.03	-0.0342388	-0.025459	125.484	675.005	0.00144676	5	4	4	4	0.404405	388	62.2271	0	0	0	0.255613	127.345	0.582904	485.347	1	1	1	1	1	1	1	0
04.09.2015 02:54:53.609000	-0.03	-0.0342388	-0.025459	125.484	675	0.000542535	5	4	4	4	0.403558	388	62.2271	0	0	0	0.255801	127.322	0.582049	485.262	1	1	1	1	1	1	1	0
04.09.2015 02:54:53.709000	-0.03	-0.0342388	-0.025459	125.484	675	-0.00108507	5	4	4	4	0.377527	388	62.2271	0	0	0	0.254615	127.306	0.58211	485.201	1	1	1	1	1	1	1	0
04.09.2015 02:54:53.809000	-0.03	-0.0342388	-0.025459	125.465	675.004	-0.00108507	5	4	4	4	0.352373	388	62.2271	0	0	0	0.255194	127.306	0.5815	485.202	1	1	1	1	1	1	1	0
04.09.2015 02:54:53.909000	-0.03	-0.0342388	-0.025459	125.44	675.047	0.00180845	5	4	4	4	0.363123	388	62.2271	0	0	0	0.253776	127.256	0.585284	484.998	1	1	1	1	1	1	1	0
04.09.2015 02:54:54.009000	-0.03	-0.0342388	-0.025459	125.41	675.066	0.0016276	5	4	4	4	0.388052	388	62.2271	0	0	0	0.255324	127.228	0.583087	484.897	1	1	1	1	1	1	1	0
04.09.2015 02:54:54.109000	-0.03	-0.0342388	-0.025459	125.414	675.034	0.00180845	5	4	4	4	0.391875	388	62.2271	0	0	0	0.254225	127.208	0.575579	484.849	1	1	1	1	1	1	1	0
04.09.2015 02:54:54.209000	-0.03	-0.0342388	-0.025459	125.414	675.051	0.0016276	5	4	4	4	0.398262	388	62.2271	0	0	0	0.254745	127.186	0.58449	484.731	1	1	1	1	1	1	1	0
04.09.2015 02:54:54.309000	-0.03	-0.0342388	-0.025459	125.411	675.021	0.00144676	5	4	4	4	0.397664	388	62.2271	0	0	0	0.254528	127.166	0.587542	484.642	1	1	1	1	1	1	1	0
04.09.2015 02:54:54.409000	-0.03	-0.0342388	-0.025459	125.406	675.023	0.00542535	5	4	4	4	0.405993	388	62.2271	0	0	0	0.255758	127.141	0.59273	484.529	1	1	1	1	1	1	1	0
04.09.2015 02:54:54.509000	-0.03	-0.0342388	-0.025459	125.404	675.026	0.00144676	5	4	4	4	0.379203	388	62.2271	0	0	0	0.256105	127.116	0.591327	484.439	1	1	1	1	1	1	1	0
04.09.2015 02:54:54.609000	-0.03	-0.0342388	-0.025459	125.402	675.008	0.0016276	5	4	4	4	0.411903	388	62.2271	0	0	0	0.255339	127.092	0.589923	484.35	1	1	1	1	1	1	1	0
04.09.2015 02:54:54.709000	-0.03	-0.0342388	-0.025459	125.401	675.013	0.00180845	5	4	4	4	0.405338	388	62.2271	0	0	0	0.256843	127.073	0.586993	484.288	1	1	1	1	1	1	1	0
04.09.2015 02:54:54.809000	-0.03	-0.0342388	-0.025459	125.398	675.074	0.0016276	5	4	4	4	0.387841	388	62.2271	0	0	0	0.256626	127.05	0.588031	484.199	1	1	1	1	1	1	1	0
04.09.2015 02:54:54.909000	-0.03	-0.0342388	-0.025459	125.398	675.06	0.00144676	5	4	4	4	0.407396	388	62.2271	0	0	0	0.25842	127.027	0.586871	484.115	1	1	1	1	1	1	1	0
04.09.2015 02:54:55.009000	-0.03	-0.0342388	-0.025459	125.402	675.02	0	5	4	4	4	0.382469	388	62.2271	0	0	0	0.257393	127.006	0.587786	484.032	1	1	1	1	1	1	1	0
04.09.2015 02:54:55.109000	-0.03	-0.0342388	-0.025459	125.406	675.086	-0.00036169	5	4	4	4	0.381977	388	62.2271	0	0	0	0.259997	126.982	0.585406	483.948	1	1	1	1	1	1	1	0
04.09.2015 02:54:55.209000	-0.03	-0.0342388	-0.025459	125.41	675.066	-0.000542535	5	4	4	4	0.386296	388	62.2271	0	0	0	0.259606	126.961	0.587054	483.861	1	1	1	1	1	1	1	0
04.09.2015 02:54:55.309000	-0.03	-0.0342388	-0.025459	125.406	675.044	0.00217014	5	4	4	4	0.406989	388	62.2271	0	0	0	0.261545	126.941	0.587848	483.781	1	1	1	1	1	1	1	0
04.09.2015 02:54:55.409000	-0.03	-0.0342388	-0.025459	125.406	675.027	0.0016276	5	4	4	4	0.401912	388	62.2271	0	0	0	0.261024	126.917	0.584735	483.701	1	1	1	1	1	1	1	0
04.09.2015 02:54:55.509000	-0.03	-0.0342388	-0.025459	125.406	675.016	0.00253183	5	4	4	4	0.416358	388	62.2271	0	0	0	0.261835	126.895	0.584735	483.616	1	1	1	1	1	1	1	0
04.09.2015 02:54:55.609000	-0.03	-0.0342388	-0.025459	125.406	675.02	0.0016276	5	4	4	4	0.421462	388	62.2271	0	0	0	0.261762	126.872	0.585162	483.529	1	1	1	1	1	1	1	0
04.09.2015 02:54:55.709000	-0.03	-0.0342388	-0.025459	125.411	675	0.00108507	5	4	4	4	0.405536	388	62.2271	0	0	0	0.261994	126.849	0.587542	483.431	1	1	1	1	1	1	1	0
04.09.2015 02:54:55.809000	-0.03	-0.0342388	-0.025459	125.414	674.996	0.0016276	5	4	4	4	0.378835	388	62.2271	0	0	0	0.26292	126.827	0.59273	483.327	1	1	1	1	1	1	1	0
04.09.2015 02:54:55.909000	-0.03	-0.0342388	-0.025459	125.414	674.995	0.00144676	5	4	4	4	0.393053	388	62.2271	0	0	0	0.262269	126.805	0.590594	483.251	1	1	1	1	1	1	1	0
04.09.2015 02:54:56.009000	-0.03	-0.0342388	-0.025459	125.414	674.984	0.00108507	5	4	4	4	0.38152	388	62.2271	0	0	0	0.262876	126.787	0.597613	483.154	1	1	1	1	1	1	1	0
04.09.2015 02:54:56.109000	-0.03	-0.0342388	-0.025459	125.414	674.987	0.00217014	5	4	4	4	0.391185	388	62.2271	0	0	0	0.262023	126.766	0.602069	483.058	1	1	1	1	1	1	1	0
04.09.2015 02:54:56.209000	-0.03	-0.0342388	-0.025459	125.41	674.992	0.0016276	5	4	4	4	0.416516	388	62.2271	0	0	0	0.2636	126.74	0.602863	482.955	1	1	1	1	1	1	1	0
04.09.2015 02:54:56.309000	-0.03	-0.0342388	-0.025459	125.411	674.984	0.00180845	5	4	4	4	0.412543	388	62.2271	0	0	0	0.262442	126.719	0.610309	482.844	1	1	1	1	1	1	1	0
04.09.2015 02:54:56.409000	-0.03	-0.0342388	-0.025459	125.414	674.984	0.00325521	5	4	4	4	0.387611	388	62.2271	0	0	0	0.262992	126.701	0.609272	482.78	1	1	1	1	1	1	1	0
04.09.2015 02:54:56.509000	-0.03	-0.0342388	-0.025459	125.414	674.984	0.00325521	5	4	4	4	0.376463	388	62.2271	0	0	0	0.261603	126.682	0.611469	482.699	1	1	1	1	1	1	1	0
04.09.2015 02:54:56.609000	-0.03	-0.0342388	-0.025459	125.414	674.984	0.00325521	5	4	4	4	0.371218	388	62.2271	0	0	0	0.262543	126.664	0.613605	482.62	1	1	1	1	1	1	1	0
04.09.2015 02:54:56.709000	-0.03	-0.0342388	-0.025459	125.414	674.987	0.00397859	5	4	4	4	0.3981	388	62.2271	0	0	0	0.262066	126.64	0.61745	482.515	1	1	1	1	1	1	1	0
04.09.2015 02:54:56.809000	-0.03	-0.0342388	-0.025459	125.414	674.984	0.00325521	5	4	4	4	0.395964	388	62.2271	0	0	0	0.263585	126.619	0.617512	482.433	1	1	1	1	1	1	1	0
04.09.2015 02:54:56.909000	-0.03	-0.0342388	-0.025459	125.414	674.971	0.0036169	5	4	4	4	0.404489	388	62.2271	0	0	0	0.264829	126.6	0.620563	482.351	1	1	1	1	1	1	1	0
04.09.2015 02:54:57.009000	-0.03	-0.0342388	-0.025459	125.414	674.961	0.00325521	5	4	4	4	0.401131	388	62.2271	0	0	0	0.266479	126.579	0.62331	482.258	1	1	1	1	1	1	1	0
04.09.2015 02:54:57.109000	-0.03	-0.0342388	-0.025459	125.414	674.961	0.00397859	5	4	4	4	0.385035	388	62.2271	0	0	0	0.26888	126.558	0.624775	482.175	1	1	1	1	1	1	1	0
04.09.2015 02:54:57.209000	-0.03	-0.0342388	-0.025459	125.414	674.961	0.00379774	5	4	4	4	0.379842	388	62.2271	0	0	0	0.269083	126.54	0.626911	482.095	1	1	1	1	1	1	1	0
04.09.2015 02:54:57.309000	-0.03	-0.0342388	-0.025459	125.414	674.961	0.0036169	5	4	4	4	0.39222	388	62.2271	0	0	0	0.270906	126.516	0.632588	481.981	1	1	1	1	1	1	1	0
04.09.2015 02:54:57.409000	-0.03	-0.0342388	-0.025459	125.414	674.961	0.00217014	5	4	4	4	0.402028	388	62.2271	0	0	0	0.273192	126.496	0.640156	481.879	1	1	1	1	1	1	1	0
04.09.2015 02:54:57.509000	-0.03	-0.0342388	-0.025459	125.414	674.961	0.00180845	5	4	4	4	0.393632	388	62.2271	0	0	0	0.27636	126.48	0.642698	481.805	1	1	1	1	1	1	1	0
04.09.2015 02:54:57.609000	-0.03	-0.0342388	-0.025459	125.414	674.961	0.00217014	5	4	4	4	0.410959	388	62.2271	0	0	0	0.276649	126.456	0.644307	481.707	1	1	1	1	1	1	1	0
04.09.2015 02:54:57.709000	-0.03	-0.0342388	-0.025459	125.414	674.958	0.00108507	5	4	4	4	0.397189	388	62.2271	0	0	0	0.279847	126.434	0.641438	481.634	1	1	1	1	1	1	1	0
04.09.2015 02:54:57.809000	-0.03	-0.0342388	-0.025459	125.414	674.953	0.00108507	5	4	4	4	0.405328	388	62.2271	0	0	0	0.280425	126.416	0.644002	481.554	1	1	1	1	1	1	1	0
04.09.2015 02:54:57.909000	-0.03	-0.0342388	-0.025459	125.414	674.953	0.00180845	5	4	4	4	0.401619	388	62.2271	0	0	0	0.282986	126.396	0.645603	481.465	1	1	1	1	1	1	1	0
04.09.2015 02:54:58.009000	-0.03	-0.0342388	-0.025459	125.414	674.953	0.0016276	5	4	4	4	0.403622	388	62.2271	0	0	0	0.282907	126.377	0.652498	481.376	1	1	1	1	1	1	1	0
04.09.2015 02:54:58.109000	-0.03	-0.0342388	-0.025459	125.414	674.948	0.00144676	5	4	4	4	0.405203	388	62.2271	0	0	0	0.284578	126.363	0.656453	481.305	1	1	1	1	1	1	1	0
04.09.2015 02:54:58.209000	-0.03	-0.0342388	-0.025459	125.414	674.953	0.0016276	5	4	4	4	0.414523	388	62.2271	0	0	0	0.285532	126.339	0.659261	481.204	1	1	1	1	1	1	1	0
04.09.2015 02:54:58.309000	-0.03	-0.0342388	-0.025459	125.414	674.945	0.00144676	5	4	4	4	0.441064	388	62.2271	0	0	0	0.286871	126.32	0.666158	481.103	1	1	1	1	1	1	1	0
04.09.2015 02:54:58.409000	-0.03	-0.0342388	-0.025459	125.414	674.945	0.00108507	5	4	4	4	0.407612	388	62.2271	0	0	0	0.287703	126.302	0.67098	481.017	1	1	1	1	1	1	1	0
04.09.2015 02:54:58.509000	-0.03	-0.0342388	-0.025459	125.414	674.945	0.00144676	5	4	4	4	0.413581	388	62.2271	0	0	0	0.288462	126.281	0.677084	480.911	1	1	1	1	1	1	1	0
04.09.2015 02:54:58.609000	-0.03	-0.0342388	-0.025459	125.414	674.953	0.00217014	5	4	4	4	0.404167	388	62.2271	0	0	0	0.289084	126.264	0.687521	480.806	1	1	1	1	1	1	1	0
04.09.2015 02:54:58.709000	-0.03	-0.0342388	-0.025459	125.414	674.974	0.00072338	5	4	4	4	0.396974	388	62.2271	0	0	0	0.287883	126.242	0.699911	480.675	1	1	1	1	1	1	1	0
04.09.2015 02:54:58.809000	-0.03	-0.0342388	-0.025459	125.414	674.973	0.00217014	5	4	4	4	0.380666	388	62.2271	0	0	0	0.288918	126.227	0.71041	480.579	1	1	1	1	1	1	1	0
04.09.2015 02:54:58.909000	-0.03	-0.0342388	-0.025459	125.414	674.961	0.00108507	5	4	4	4	0.393848	388	62.2271	0	0	0	0.28805	126.206	0.719382	480.464	1	1	1	1	1	1	1	0
04.09.2015 02:54:59.009000	-0.03	-0.0342388	-0.025459	125.414	674.973	0.00108507	5	4	4	4	0.378935	388	62.2271	0	0	0	0.288296	126.188	0.726707	480.366	1	1	1	1	1	1	1	0
04.09.2015 02:54:59.109000	-0.03	-0.0342388	-0.025459	125.414	674.984	0.00144676	5	4	4	4	0.412818	388	62.2271	0	0	0	0.287514	126.167	0.73513	480.253	1	1	1	1	1	1	1	0
04.09.2015 02:54:59.209000	-0.03	-0.0342388	-0.025459	125.414	674.98	0.0016276	5	4	4	4	0.404331	388	62.2271	0	0	0	0.288296	126.149	0.739525	480.168	1	1	1	1	1	1	1	0
04.09.2015 02:54:59.309000	-0.03	-0.0342388	-0.025459	125.414	674.984	-0.00072338	5	4	4	4	0.41884	388	62.2271	0	0	0	0.287804	126.127	0.745933	480.061	1	1	1	1	1	1	1	0
04.09.2015 02:54:59.409000	-0.03	-0.0342388	-0.025459	125.414	674.984	0.0016276	5	4	4	4	0.397299	388	62.2271	0	0	0	0.287551	126.108	0.751976	479.964	1	1	1	1	1	1	1	0
04.09.2015 02:54:59.509000	-0.03	-0.0342388	-0.025459	125.414	674.982	0.00397859	5	4	4	4	0.322047	388	62.2271	0	0	0	0.28737	126.093	0.757958	479.883	1	1	1	1	1	1	1	0
04.09.2015 02:54:59.609000	-0.03	-0.0342388	-0.025459	125.414	674.984	0.00434028	5	4	4	4	0.353898	388	62.2271	0	0	0	0.286994	126.072	0.762719	479.784	1	1	1	1	1	1	1	0
04.09.2015 02:54:59.709000	-0.03	-0.0342388	-0.025459	125.414	674.984	0.00289352	5	4	4	4	0.392611	388	62.2271	0	0	0	0.286415	126.053	0.771752	479.677	1	1	1	1	1	1	1	0
04.09.2015 02:54:59.809000	-0.03	-0.0342388	-0.025459	125.414	674.988	0.00325521	5	4	4	4	0.392142	388	62.2271	0	0	0	0.284556	126.039	0.777001	479.605	1	1	1	1	1	1	1	0
04.09.2015 02:54:59.909000	-0.03	-0.0342388	-0.025459	125.414	674.995	0.00325521	5	4	4	4	0.405732	388	62.2271	0	0	0	0.284845	126.022	0.784326	479.509	1	1	1	1	1	1	1	0
04.09.2015 02:55:00.009000	-0.03	-0.0342388	-0.025459	125.414	675	0.00379774	5	4	4	4	0.388627	388	62.2271	0	0	0	0.283442	126.003	0.79458	479.398	1	1	1	1	1	1	1	0
04.09.2015 02:55:00.109000	-0.03	-0.0342388	-0.025459	125.414	675	0.00397859	5	4	4	4	0.393655	388	62.2271	0	0	0	0.284245	125.983	0.805811	479.278	1	1	1	1	1	1	1	0
04.09.2015 02:55:00.209000	-0.03	-0.0342388	-0.025459	125.414	675.008	0.00325521	5	4	4	4	0.415731	388	62.2271	0	0	0	0.283464	125.967	0.817225	479.175	1	1	1	1	1	1	1	0
04.09.2015 02:55:00.309000	-0.03	-0.0342388	-0.025459	125.414	675.016	0.00289352	5	4	4	4	0.419286	388	62.2271	0	0	0	0.284845	125.944	0.828089	479.043	1	1	1	1	1	1	1	0
04.09.2015 02:55:00.409000	-0.03	-0.0342388	-0.025459	125.41	674.988	0.00271267	5	4	4	4	0.407909	388	62.2271	0	0	0	0.284643	125.928	0.827845	478.982	1	1	1	1	1	1	1	0
04.09.2015 02:55:00.509000	-0.03	-0.0342388	-0.025459	125.375	675.031	0.0036169	5	4	4	4	0.400176	388	62.2271	0	0	0	0.284447	125.909	0.826014	478.919	1	1	1	1	1	1	1	0
04.09.2015 02:55:00.609000	-0.03	-0.0342388	-0.025459	125.324	675.031	0.00434028	5	4	4	4	0.407908	388	62.2271	0	0	0	0.281105	125.887	0.826136	478.834	1	1	1	1	1	1	1	0
04.09.2015 02:55:00.709000	-0.03	-0.0342388	-0.025459	125.305	675.013	0.00506366	5	4	4	4	0.385581	388	62.2271	0	0	0	0.280129	125.875	0.824366	478.795	1	1	1	1	1	1	1	0
04.09.2015 02:55:00.809000	-0.03	-0.0342388	-0.025459	125.305	675.027	0.00596788	5	4	4	4	0.390646	388	62.2271	0	0	0	0.277322	125.855	0.823573	478.721	1	1	1	1	1	1	1	0
04.09.2015 02:55:00.909000	-0.03	-0.0342388	-0.025459	125.305	675.013	0.00542535	5	4	4	4	0.36629	388	62.2271	0	0	0	0.275564	125.836	0.825709	478.639	1	1	1	1	1	1	1	0
04.09.2015 02:55:01.009000	-0.03	-0.0342388	-0.025459	125.305	675.008	0.00542535	5	4	4	4	0.385635	388	62.2271	0	0	0	0.275897	125.825	0.82577	478.598	1	1	1	1	1	1	1	0
04.09.2015 02:55:01.109000	-0.03	-0.0342388	-0.025459	125.297	675.057	0.00470197	5	4	4	4	0.364514	388	62.2271	0	0	0	0.273806	125.807	0.823878	478.534	1	1	1	1	1	1	1	0
04.09.2015 02:55:01.209000	-0.03	-0.0342388	-0.025459	125.297	675.055	0.00325521	5	4	4	4	0.382389	388	62.2271	0	0	0	0.272772	125.806	0.827174	478.518	1	1	1	1	1	1	1	0
04.09.2015 02:55:01.309000	-0.03	-0.0342388	-0.025459	125.299	675.052	0.00325521	5	4	4	4	0.393315	388	62.2271	0	0	0	0.269365	125.776	0.828272	478.401	1	1	1	1	1	1	1	0
04.09.2015 02:55:01.409000	-0.03	-0.0342388	-0.025459	125.293	675.047	0.00325521	5	4	4	4	0.405184	388	62.2271	0	0	0	0.269488	125.755	0.827845	478.321	1	1	1	1	1	1	1	0
04.09.2015 02:55:01.509000	-0.03	-0.0342388	-0.025459	125.299	675.06	0.00506366	5	4	4	4	0.377838	388	62.2271	0	0	0	0.267795	125.721	0.828639	478.189	1	1	1	1	1	1	1	0
04.09.2015 02:55:01.609000	-0.03	-0.0342388	-0.025459	125.266	675.059	0.00108507	5	4	4	4	0.381558	388	62.2271	0	0	0	0.26713	125.715	0.826563	478.174	1	1	1	1	1	1	1	0
04.09.2015 02:55:01.709000	-0.03	-0.0342388	-0.025459	125.268	675.042	0.00144676	5	4	4	4	0.356886	388	62.2271	0	0	0	0.265502	125.701	0.828394	478.113	1	1	1	1	1	1	1	0
04.09.2015 02:55:01.809000	-0.03	-0.0342388	-0.025459	125.266	675.047	0.0016276	5	4	4	4	0.369457	388	62.2271	0	0	0	0.265415	125.683	0.828944	478.042	1	1	1	1	1	1	1	0
04.09.2015 02:55:01.909000	-0.03	-0.0342388	-0.025459	125.26	675.042	0.00108507	5	4	4	4	0.374983	388	62.2271	0	0	0	0.264323	125.666	0.826441	477.985	1	1	1	1	1	1	1	0
04.09.2015 02:55:02.009000	-0.03	-0.0342388	-0.025459	125.262	675.051	0.00108507	5	4	4	4	0.366869	388	62.2271	0	0	0	0.2625	125.65	0.82577	477.927	1	1	1	1	1	1	1	0
04.09.2015 02:55:02.109000	-0.03	-0.0342388	-0.025459	125.263	675.042	0.00180845	5	4	4	4	0.370393	388	62.2271	0	0	0	0.26203	125.629	0.828822	477.836	1	1	1	1	1	1	1	0
04.09.2015 02:55:02.209000	-0.03	-0.0342388	-0.025459	125.266	675.039	0.00108507	5	4	4	4	0.400826	388	62.2271	0	0	0	0.260663	125.61	0.828333	477.763	1	1	1	1	1	1	1	0
04.09.2015 02:55:02.309000	-0.03	-0.0342388	-0.025459	125.263	675.042	0.00144676	5	4	4	4	0.385607	388	62.2271	0	0	0	0.261064	125.596	0.827279	477.716	1	1	1	1	1	1	1	0
